200
-0.999 -0.999
0.39232 0.999
-0.96824 -0.69766
-0.17489 -0.28498
0.60696 0.5865
0.33804 -0.37378
-0.90345 0.50254
0.14562 -0.81212
0.93878 0.25464
0.54004 -0.28614
-0.17526 0.18362
0.96617 0.77
-0.10095 0.62505
0.15588 0.48681
-0.93608 0.0027248
-0.57751 -0.35381
0.41845 -0.83348
0.13304 0.46067
0.52815 0.72301
-0.34124 0.063225
-0.22473 0.37152
0.57742 0.60055
-0.70437 -0.92921
-0.20641 0.71029
0.387 0.2046
-0.91857 0.078026
-0.54919 0.3209
0.71472 -0.19499
0.82699 0.47345
-0.228 -0.48538
-0.65748 -0.68931
0.074596 0.40368
-0.56783 -0.64794
0.096022 0.19688
0.75324 -0.32448
0.47064 0.018504
0.44149 0.98292
0.41893 0.64758
-0.17496 -0.70258
-0.47272 0.96735
-0.46973 0.79118
0.017269 0.73102
-0.036055 0.62114
0.010119 -0.83632
0.17328 -0.9908
0.0086493 -0.20394
-0.59048 0.74277
0.7838 -0.39132
0.78199 0.51832
0.3042 0.13022
0.88471 -0.093003
-0.64762 -0.87791
-0.99388 0.5518
-0.36639 -0.60959
-0.84161 -0.42833
-0.47841 -0.53529
0.2638 -0.87462
-0.34818 0.86794
0.76883 -0.47131
0.41566 0.33677
-0.91734 -0.94447
-0.43026 0.89072
0.3886 -0.89149
0.36592 -0.66077
0.60899 0.29734
-0.13374 -0.23936
0.12935 0.99014
-0.60893 -0.49945
-0.44548 0.36537
-0.55767 0.59872
0.38545 -0.80358
-0.66317 -0.82738
0.11503 0.86635
0.60476 0.41645
0.12204 0.10317
0.97892 -0.64896
-0.14549 -0.27694
0.58217 0.30261
-0.31054 0.031277
0.10494 -0.7807
-0.65596 -0.023495
0.53461 -0.057003
-0.49891 0.9083
-0.59571 -0.92003
0.71022 0.89194
-0.34449 0.36601
-0.8974 -0.095586
-0.029849 -0.013945
0.42298 0.08366
0.89377 -0.79615
0.97513 -0.22996
-0.62641 -0.78315
0.999 -0.72752
-0.94803 -0.56307
0.59728 0.52956
-0.055341 0.5361
-0.087994 0.078754
-0.68882 0.8854
0.10821 0.41047
-0.46342 0.065763
0.0089422 0.76346
0.3367 0.58964
0.8928 0.039446
0.59883 -0.66889
-0.0021737 -0.55226
-0.55997 -0.50802
-0.42236 -0.81178
0.62261 -0.14914
-0.9067 0.9426
-0.15701 0.75353
-0.5588 -0.5261
0.41599 -0.29952
0.091122 -0.076849
0.23091 -0.14335
-0.66676 -0.24361
0.69329 0.65025
-0.56529 0.51979
-0.77095 -0.86609
0.26988 -0.29413
0.30144 0.069241
-0.30397 0.65931
0.60943 -0.98826
-0.72862 -0.25452
0.43039 0.70544
-0.86982 -0.95677
0.3808 -0.71445
-0.5365 0.76665
-0.62368 -0.043083
-0.70243 0.22792
-0.71983 0.56008
-0.91337 0.028921
0.046817 0.4186
0.13447 -0.52563
-0.94447 -0.18198
0.79206 0.47622
-0.25936 0.32787
-0.31698 0.30094
0.42436 -0.28982
-0.080315 0.91253
-0.74045 0.023633
0.74352 0.19571
0.34723 -0.87664
0.44186 0.043973
0.75982 -0.28331
-0.2305 -0.7875
-0.54172 -0.79655
-0.98546 0.51882
-0.999 -0.55829
-0.39307 -0.21295
0.46443 0.13568
-0.30408 -0.95221
-0.20496 0.91673
-0.13488 -0.26554
-0.66264 0.77186
-0.88897 -0.40535
0.50785 -0.69792
0.65329 0.90388
-0.34625 -0.53359
-0.17217 -0.4409
-0.29753 -0.69033
-0.72649 0.26622
0.67184 0.60008
-0.99681 0.68144
0.4354 -0.067212
0.742 0.9554
-0.24828 -0.54675
-0.26927 0.43511
-0.25561 0.12218
0.90037 0.25167
0.2318 0.75603
0.6778 0.75957
-0.94559 0.56407
-0.1503 0.24302
-0.38769 0.36359
-0.23395 -0.83079
0.67114 -0.78595
0.47398 -0.31637
0.73237 0.98292
0.45778 -0.57171
-0.40229 -0.34241
0.87176 0.45863
-0.06599 0.28698
-0.277 -0.854
0.58271 0.80064
0.54015 -0.32658
0.27794 0.036943
-0.71605 0.19202
-0.095277 0.64698
0.14667 0.25108
0.57097 0.12026
0.91319 -0.70611
0.88068 0.020281
-0.39225 -0.999
0.22106 0.15564
0.78693 0.99197
-0.85516 -0.52299
-0.26559 0.022067
-0.72693 -0.63615
-0.3418 0.42836
-0.033535 0.12198
