102
0.801 0.082 0.415 
0.595 0.167 0.585
0.362 0.234 0.56 
0.44 0.195 0.611 
0.089 0.242 0.067 
0.968 0.711 0.537 
0.55 0.953 0.764 
0.324 0.244 0.531 
0.418 0.959 0.333 
0.321 0.481 0.121 
0.039 0.202 0.502 
0.596 0.303 0.117 
0.418 0.754 0.957 
0.338 0.916 0.29 
0.992 0.338 0.073 
0.392 0.258 0.84 
0.184 0.173 0.159 
0.303 0.35 0.594 
0.84 0.451 0.992 
0.736 0.337 0.628 
0.785 0.759 0.217 
0.045 0.598 0.783 
0.009 0.466 0.089 
0.859 0.57 0.552 
0.502 0.521 0.299 
0.836 0.804 0.158 
0.832 0.894 0.201 
0.268 0.553 0.797 
0.704 0.493 0.645 
0.707 0.206 0.995 
0.403 0.566 0.164 
0.767 0.774 0.172 
0.656 0.017 0.768
0.636 0.78 0.157 
0.28 0.579 0.215 
0.861 0.332 0.075 
0.306 0.486 0.532 
0.559 0.573 0.275 
0.663 0.731 0.926 
0.737 0.242 0.135 
0.297 0.064 0.056 
0.772 0.738 0.329 
0.057 0.606 0.768 
0.681 0.889 0.335 
0.568 0.279 0.15 
0.156 0.963 0.1 
0.048 0.752 0.558 
0.167 0.641 0.379 
0.081 0.669 0.239 
0.007 0.193 0.373 
0.302 0.556 0.694 
0.648 0.246 0.295 
0.175 0.004 0.636 
0.846 0.43 0.245 
0.207 0.72 0.317 
0.291 0.997 0.317 
0.714 0.763 0.771 
0.693 0.553 0.226 
0.122 0.103 0.828 
0.045 0.607 0.694 
0.494 0.028 0.658 
0.892 0.546 0.668 
0.948 0.003 0.647 
0.971 0.267 0.054 
0.358 0.495 0.336 
0.931 0.26 0.728
0.304 0.931 0.208 
0.649 0.186 0.915 
0.102 0.72 0.594 
0.066 0.674 0.148 
0.278 0.07 0.306 
0.627 0.068 0.296 
0.631 0.219 0.495 
0.492 0.777 0.37
0.262 0.146 0.948 
0.222 0.607 0.53 
0.974 0.32 0.024 
0.983 0.87 0.367 
0.478 0.624 0.293 
0.335 0.613 0.613 
0.105 0.253 0.612 
0.919 0.451 0.5 
0.699 0.947 0.45 
0.809 0.496 0.316
0.921 0.279 0.887 
0.064 0.46 0.787 
0.191 0.251 0.372 
0.481 0.89 0.424 
0.734 0.134 0.879 
0.403 0.564 0.113
0.707 0.821 0.353 
0.051 0.134 0.366 
0.113 0.524 0.035 
0.65 0.899 0.125 
0.369 0.019 0.438 
0.888 0.548 0.38 
0.095 0.909 0.253 
0.348 0.866 0.252 
0.325 0.764 0.686
1.00 1.0 0.01
1.01 1.0 0.01
1.05 1.0 0.01
