MFEM mesh v1.0

#
# MFEM Geometry Types (see mesh/geom.hpp):
#
# POINT       = 0
# SEGMENT     = 1
# TRIANGLE    = 2
# SQUARE      = 3
# TETRAHEDRON = 4
# CUBE        = 5
#

dimension
3

elements
6
1 5 2 8 7 3 11 18 19 10
1 5 3 7 1 0 10 19 9 4
1 5 5 12 20 16 6 13 21 17
1 5 6 13 21 17 0 1 9 4
1 5 15 14 23 22 2 3 10 11
1 5 14 6 17 23 3 0 4 10

boundary
22
10 3 2 8 18 11
10 3 3 7 8 2
10 3 8 7 19 18
10 3 11 18 19 10
10 3 0 1 7 3
10 3 7 1 9 19
10 3 10 19 9 4
10 3 5 12 13 6
10 3 15 14 3 2
10 3 6 13 1 0
10 3 14 6 0 3
10 3 16 20 12 5
10 3 12 20 21 13
10 3 20 16 17 21
10 3 16 5 6 17
10 3 13 21 9 1
10 3 21 17 4 9
10 3 22 23 14 15
10 3 23 17 6 14
10 3 22 15 2 11
10 3 23 22 11 10
10 3 17 23 10 4

vertices
24

nodes
FiniteElementSpace
FiniteElementCollection: H1_3D_P4
VDim: 3
Ordering: 0

-0.28867513
-0.14433757
-0.28867513
-0.28867513
-0.28867513
-0.4330127
-0.36084392
-0.14433757
-0.14433757
-0.14433757
-0.28867513
-0.28867513
-0.22368927
-0.18319635
-0.37864925
-0.38463884
-0.47240707
-0.37864925
-0.14433757
-0.14433757
-0.24775119
-0.19368993
-0.42041877
-0.40974402
-0.26375191
-0.21650635
-0.16926079
-0.14433757
-0.14433757
-0.14433757
-0.26375191
-0.21650635
-0.16926079
-0.28867513
-0.28867513
-0.28867513
-0.26375191
-0.21650635
-0.16926079
-0.14433757
-0.14433757
-0.14433757
-0.26375191
-0.21650635
-0.16926079
-0.28867513
-0.28867513
-0.28867513
-0.28867513
-0.28867513
-0.28867513
-0.14433757
-0.14433757
-0.14433757
-0.14433757
-0.14433757
-0.14433757
-0.28867513
-0.28867513
-0.28867513
-0.14433757
-0.14433757
-0.14433757
-0.26375191
-0.21650635
-0.16926079
-0.28867513
-0.28867513
-0.28867513
-0.14433757
-0.14433757
-0.14433757
-0.26375191
-0.21650635
-0.16926079
-0.28867513
-0.28867513
-0.28867513
-0.14433757
-0.14433757
-0.14433757
-0.28867513
-0.28867513
-0.28867513
-0.39845788
-0.33097257
-0.26123552
-0.22879749
-0.23744835
-0.24461567
-0.43609876
-0.3642077
-0.28876571
-0.44150297
-0.45572427
-0.46735889
-0.3308016
-0.27305464
-0.21442052
-0.1854698
-0.18926312
-0.19235298
-0.34768534
-0.28777162
-0.22648244
-0.36474496
-0.3712003
-0.37640913
-0.42055109
-0.39692831
-0.37330553
-0.21657604
-0.20323217
-0.19006884
-0.23805083
-0.22009081
-0.20267041
-0.455937
-0.42504043
-0.39456189
-0.30113675
-0.32475953
-0.34838231
-0.15093503
-0.16356894
-0.17637257
-0.15255002
-0.16846444
-0.18484957
-0.30395098
-0.33320369
-0.36284937
-0.38053624
-0.38313893
-0.38445987
-0.38538234
-0.39662121
-0.40577998
-0.42009818
-0.41773515
-0.41309509
-0.39236521
-0.40528814
-0.4158435
-0.30487629
-0.33600514
-0.36769266
-0.30395098
-0.33320369
-0.36284937
-0.30882153
-0.34786205
-0.38805727
-0.3104492
-0.35281214
-0.39666146
-0.36474496
-0.3712003
-0.37640913
-0.38538234
-0.39662121
-0.40577998
-0.26375191
-0.21650635
-0.16926079
-0.26375191
-0.21650635
-0.16926079
-0.26375191
-0.21650635
-0.16926079
-0.26375191
-0.21650635
-0.16926079
-0.26375191
-0.21650635
-0.16926079
-0.26375191
-0.21650635
-0.16926079
-0.14433757
-0.14433757
-0.14433757
-0.14433757
-0.14433757
-0.14433757
-0.14433757
-0.14433757
-0.14433757
-0.16926079
-0.21650635
-0.26375191
-0.16926079
-0.21650635
-0.26375191
-0.16926079
-0.21650635
-0.26375191
-0.28867513
-0.28867513
-0.28867513
-0.28867513
-0.28867513
-0.28867513
-0.28867513
-0.28867513
-0.28867513
-0.26375191
-0.21650635
-0.16926079
-0.26375191
-0.21650635
-0.16926079
-0.26375191
-0.21650635
-0.16926079
-0.26375191
-0.21650635
-0.16926079
-0.26375191
-0.21650635
-0.16926079
-0.26375191
-0.21650635
-0.16926079
-0.14433757
-0.14433757
-0.14433757
-0.14433757
-0.14433757
-0.14433757
-0.14433757
-0.14433757
-0.14433757
-0.16926079
-0.21650635
-0.26375191
-0.16926079
-0.21650635
-0.26375191
-0.16926079
-0.21650635
-0.26375191
-0.28867513
-0.28867513
-0.28867513
-0.28867513
-0.28867513
-0.28867513
-0.28867513
-0.28867513
-0.28867513
-0.26375191
-0.21650635
-0.16926079
-0.26375191
-0.21650635
-0.16926079
-0.26375191
-0.21650635
-0.16926079
-0.43125656
-0.35990592
-0.28518538
-0.42011781
-0.3500401
-0.27699329
-0.4065422
-0.33807137
-0.26709061
-0.38673177
-0.32087171
-0.25302965
-0.36455341
-0.30183931
-0.23761548
-0.34244047
-0.28295631
-0.22238348
-0.22115153
-0.22887988
-0.23526359
-0.20684838
-0.2129265
-0.21791895
-0.19278971
-0.19734097
-0.20105879
-0.27762052
-0.35061557
-0.42049661
-0.2569503
-0.32530876
-0.39130993
-0.23685745
-0.30058548
-0.36262217
-0.45141694
-0.44098333
-0.42819936
-0.42147109
-0.41320792
-0.40303736
-0.39187915
-0.38565054
-0.37794959
-0.33449086
-0.27625716
-0.21703712
-0.34060781
-0.28158332
-0.22139884
-0.34555474
-0.28590578
-0.22494787
-0.31918082
-0.26319381
-0.2065069
-0.29720144
-0.24461235
-0.19163929
-0.27528662
-0.22617501
-0.17694426
-0.17821531
-0.18128235
-0.18377359
-0.16463982
-0.16641391
-0.1678474
-0.15129047
-0.15187665
-0.15234785
-0.21625808
-0.27511175
-0.332882
-0.19727828
-0.25152599
-0.30518018
-0.17880693
-0.22846557
-0.27793984
-0.36103496
-0.35680964
-0.35156084
-0.33215092
-0.32969232
-0.3266246
-0.30360219
-0.30278533
-0.3017616
-0.41554142
-0.41331449
-0.40894024
-0.4050283
-0.40311217
-0.39934527
-0.39215625
-0.3906146
-0.38758001
-0.36754811
-0.3664809
-0.3643765
-0.33592171
-0.33530543
-0.33408838
-0.3048488
-0.30464557
-0.30424364
-0.36832609
-0.3774452
-0.38485569
-0.33640835
-0.34171966
-0.34601328
-0.30502232
-0.30678986
-0.30821142
-0.39076106
-0.39450076
-0.39640343
-0.34942046
-0.35157158
-0.35266408
-0.30933488
-0.31004209
-0.31040064
-0.39297184
-0.3844433
-0.37397058
-0.35068725
-0.3457581
-0.33967163
-0.30974969
-0.30812138
-0.30609989
-0.4020404
-0.39339497
-0.38277607
-0.39339497
-0.38592468
-0.3767269
-0.38277607
-0.3767269
-0.36925134
-0.36103496
-0.35680964
-0.35156084
-0.33215092
-0.32969232
-0.3266246
-0.30360219
-0.30278533
-0.3017616
-0.36832609
-0.3774452
-0.38485569
-0.33640835
-0.34171966
-0.34601328
-0.30502232
-0.30678986
-0.30821142
-0.26375191
-0.21650635
-0.16926079
-0.26375191
-0.21650635
-0.16926079
-0.26375191
-0.21650635
-0.16926079
-0.26375191
-0.21650635
-0.16926079
-0.26375191
-0.21650635
-0.16926079
-0.26375191
-0.21650635
-0.16926079
-0.26375191
-0.21650635
-0.16926079
-0.26375191
-0.21650635
-0.16926079
-0.26375191
-0.21650635
-0.16926079
-0.26375191
-0.21650635
-0.16926079
-0.26375191
-0.21650635
-0.16926079
-0.26375191
-0.21650635
-0.16926079
-0.26375191
-0.21650635
-0.16926079
-0.26375191
-0.21650635
-0.16926079
-0.26375191
-0.21650635
-0.16926079
-0.26375191
-0.21650635
-0.16926079
-0.26375191
-0.21650635
-0.16926079
-0.26375191
-0.21650635
-0.16926079
-0.39400554
-0.32724569
-0.25827801
-0.40619302
-0.33796663
-0.26713186
-0.41616758
-0.34677967
-0.27443485
-0.37035021
-0.30689972
-0.24176916
-0.38002253
-0.31537299
-0.24874288
-0.38790106
-0.32230263
-0.25446366
-0.34683744
-0.28678049
-0.2255129
-0.35414369
-0.29315536
-0.23074228
-0.36006702
-0.29834256
-0.23500918
-0.32218341
-0.26579534
-0.2086292
-0.32715104
-0.27011199
-0.21215835
-0.33115866
-0.27360603
-0.21502204
-0.29895959
-0.24613034
-0.19287413
-0.30185647
-0.2486382
-0.19491823
-0.30418278
-0.25065821
-0.19656837
-0.27587445
-0.22668083
-0.17735461
-0.27683908
-0.22751292
-0.17803085
-0.27761019
-0.22817991
-0.17857401
-0.37380188
-0.37255684
-0.37010408
-0.38423377
-0.38268809
-0.37964677
-0.39272855
-0.39093439
-0.38740692
-0.33957432
-0.33885573
-0.33743792
-0.34563748
-0.34474712
-0.34299233
-0.35054751
-0.34951624
-0.34748517
-0.30606783
-0.30583094
-0.30536283
-0.30808171
-0.30778866
-0.30721018
-0.30970381
-0.30936503
-0.30869669
-0.3662157
-0.36130984
-0.35523236
-0.37483534
-0.36878219
-0.36130984
-0.38183383
-0.37483534
-0.3662157
-0.33518431
-0.33233052
-0.32877894
-0.34020838
-0.33669224
-0.33233052
-0.34426669
-0.34020838
-0.33518431
-0.30461684
-0.30366876
-0.30248349
-0.30628989
-0.3051231
-0.30366876
-0.30763456
-0.30628989
-0.30461684
0.28867513
0.28867513
0
0.14433757
0.28867513
0.4330127
0.36084392
0.14433757
7.5894152e-19
0.28867513
0.14433757
-2.1684043e-18
0.47240707
0.37864925
0.18319635
-1.3010426e-18
0.47240707
0.37864925
-5.6242988e-19
0.14433757
0.54236453
0.40974402
-3.2526065e-19
0.19368993
3.8219715e-18
2.6766241e-18
7.5894152e-19
0.11941434
0.072168784
0.024923225
0.14433757
0.14433757
0.14433757
0.024923225
0.072168784
0.11941434
2.7362738e-18
-1.3925222e-18
3.933621e-18
0.024923225
0.072168784
0.11941434
0.14433757
0.14433757
0.14433757
0.11941434
0.072168784
0.024923225
9.6895275e-19
4.37069e-19
8.1315163e-19
5.9303589e-18
1.0206747e-18
5.861468e-19
0.14433757
0.14433757
0.14433757
0.14433757
0.14433757
0.14433757
0.26375191
0.21650635
0.16926079
0.28867513
0.28867513
0.28867513
0.26375191
0.21650635
0.16926079
0.26375191
0.21650635
0.16926079
0.28867513
0.28867513
0.28867513
0.26375191
0.21650635
0.16926079
0.28867513
0.28867513
0.28867513
0.28867513
0.28867513
0.28867513
0.44150297
0.45572427
0.46735889
0.48725134
0.51239955
0.5332435
0.48725134
0.51239955
0.5332435
0.44150297
0.45572427
0.46735889
0.36474496
0.3712003
0.37640913
0.38538234
0.39662121
0.40577998
0.38538234
0.39662121
0.40577998
0.36474496
0.3712003
0.37640913
0.42055109
0.39692831
0.37330553
0.455937
0.42504043
0.39456189
0.51856807
0.4745094
0.4317745
0.455937
0.42504043
0.39456189
0.30113675
0.32475953
0.34838231
0.30395098
0.33320369
0.36284937
0.30882153
0.34786205
0.38805727
0.30395098
0.33320369
0.36284937
0.15180621
0.091947467
0.031789198
0.1854698
0.18926312
0.19235298
0.033696021
0.097405832
0.16063405
1.5958564e-18
1.8698252e-18
4.9466724e-19
-2.6020852e-18
-1.8431437e-18
1.3027367e-18
0.15093503
0.16356894
0.17637257
0.15255002
0.16846444
0.18484957
1.3281477e-18
-2.2022857e-19
1.2613379e-18
0.3308016
0.27305464
0.21442052
0.34768534
0.28777162
0.22648244
0.11941434
0.11941434
0.11941434
0.072168784
0.072168784
0.072168784
0.024923225
0.024923225
0.024923225
2.524136e-19
-6.2826828e-19
-3.1852244e-18
-1.3777961e-18
3.7609851e-18
1.6018452e-18
5.5502165e-19
-7.4644778e-20
-2.9358162e-18
0.024923225
0.072168784
0.11941434
0.024923225
0.072168784
0.11941434
0.024923225
0.072168784
0.11941434
0.14433757
0.14433757
0.14433757
0.14433757
0.14433757
0.14433757
0.14433757
0.14433757
0.14433757
0.11941434
0.072168784
0.024923225
0.11941434
0.072168784
0.024923225
0.11941434
0.072168784
0.024923225
0.024923225
0.024923225
0.024923225
0.072168784
0.072168784
0.072168784
0.11941434
0.11941434
0.11941434
0.26375191
0.26375191
0.26375191
0.21650635
0.21650635
0.21650635
0.16926079
0.16926079
0.16926079
0.16926079
0.21650635
0.26375191
0.16926079
0.21650635
0.26375191
0.16926079
0.21650635
0.26375191
0.28867513
0.28867513
0.28867513
0.28867513
0.28867513
0.28867513
0.28867513
0.28867513
0.28867513
0.26375191
0.21650635
0.16926079
0.26375191
0.21650635
0.16926079
0.26375191
0.21650635
0.16926079
0.16926079
0.16926079
0.16926079
0.21650635
0.21650635
0.21650635
0.26375191
0.26375191
0.26375191
0.48136214
0.50505703
0.52466922
0.46781941
0.48822494
0.50505703
0.45132243
0.46781941
0.48136214
0.42819936
0.44098333
0.45141694
0.40303736
0.41320792
0.42147109
0.37794959
0.38565054
0.39187915
0.4692747
0.49181143
0.51043472
0.43564612
0.45347902
0.46813286
0.40259239
0.41603046
0.42701259
0.51043472
0.49181143
0.4692747
0.46813286
0.45347902
0.43564612
0.42701259
0.41603046
0.40259239
0.45141694
0.44098333
0.42819936
0.42147109
0.41320792
0.40303736
0.39187915
0.38565054
0.37794959
0.36925134
0.3767269
0.38277607
0.3767269
0.38592468
0.39339497
0.38277607
0.39339497
0.4020404
0.35156084
0.35680964
0.36103496
0.3266246
0.32969232
0.33215092
0.3017616
0.30278533
0.30360219
0.36832609
0.3774452
0.38485569
0.33640835
0.34171966
0.34601328
0.30502232
0.30678986
0.30821142
0.38485569
0.3774452
0.36832609
0.34601328
0.34171966
0.33640835
0.30821142
0.30678986
0.30502232
0.36103496
0.35680964
0.35156084
0.33215092
0.32969232
0.3266246
0.30360219
0.30278533
0.3017616
0.033452217
0.09670848
0.15950801
0.032889719
0.095098959
0.15690705
0.032200999
0.093127102
0.15371676
0.030576941
0.088459636
0.14610799
0.02830992
0.081932164
0.13542786
0.026082573
0.075512649
0.12490408
0.17821531
0.18128235
0.18377359
0.16463982
0.16641391
0.1678474
0.15129047
0.15187665
0.15234785
0.1532349
0.092862461
0.032114341
0.13953897
0.084467873
0.029194637
0.12625881
0.076346986
0.026373453
-2.9309987e-19
2.7099793e-18
8.6673298e-19
-1.4365679e-18
3.2665826e-18
9.0844284e-19
-1.0706496e-18
2.5478751e-18
2.2260555e-18
0.22494787
0.28590578
0.34555474
0.22139884
0.28158332
0.34060781
0.21703712
0.27625716
0.33449086
0.2065069
0.26319381
0.31918082
0.19163929
0.24461235
0.29720144
0.17694426
0.22617501
0.27528662
0.332882
0.27511175
0.21625808
0.30518018
0.25152599
0.19727828
0.27793984
0.22846557
0.17880693
0.024923225
0.024923225
0.024923225
0.072168784
0.072168784
0.072168784
0.11941434
0.11941434
0.11941434
0.024923225
0.024923225
0.024923225
0.072168784
0.072168784
0.072168784
0.11941434
0.11941434
0.11941434
0.024923225
0.024923225
0.024923225
0.072168784
0.072168784
0.072168784
0.11941434
0.11941434
0.11941434
0.16926079
0.16926079
0.16926079
0.21650635
0.21650635
0.21650635
0.26375191
0.26375191
0.26375191
0.16926079
0.16926079
0.16926079
0.21650635
0.21650635
0.21650635
0.26375191
0.26375191
0.26375191
0.16926079
0.16926079
0.16926079
0.21650635
0.21650635
0.21650635
0.26375191
0.26375191
0.26375191
0.43704237
0.45186615
0.46400471
0.45186615
0.47018262
0.48525025
0.46400471
0.48525025
0.50278377
0.41009744
0.42188331
0.43148865
0.42188331
0.43641919
0.44831578
0.43148865
0.44831578
0.46212732
0.38331489
0.3922346
0.39947009
0.3922346
0.40321767
0.41216138
0.39947009
0.41216138
0.42252275
0.35523236
0.36130984
0.3662157
0.36130984
0.36878219
0.37483534
0.3662157
0.37483534
0.38183383
0.32877894
0.33233052
0.33518431
0.33233052
0.33669224
0.34020838
0.33518431
0.34020838
0.34426669
0.30248349
0.30366876
0.30461684
0.30366876
0.3051231
0.30628989
0.30461684
0.30628989
0.30763456
0.030910145
0.089414503
0.14765571
0.031465955
0.091006511
0.15023361
0.031918549
0.092302161
0.15232928
0.028502938
0.0824857
0.13632636
0.028823335
0.083404136
0.13781586
0.029082793
0.084147523
0.13902028
0.026146444
0.075695943
0.12520201
0.026251958
0.075998632
0.12569362
0.026336944
0.076242327
0.12608908
0.2086292
0.26579534
0.32218341
0.21215835
0.27011199
0.32715104
0.21502204
0.27360603
0.33115866
0.19287413
0.24613034
0.29895959
0.19491823
0.2486382
0.30185647
0.19656837
0.25065821
0.30418278
0.17735461
0.22668083
0.27587445
0.17803085
0.22751292
0.27683908
0.17857401
0.22817991
0.27761019
-0.28867513
-0.28867513
-0.28867513
-0.28867513
-0.14433757
-0.4330127
-0.36084392
-0.28867513
-0.28867513
-0.14433757
-0.14433757
-0.14433757
-0.47240707
-0.37864925
-0.37864925
-0.38463884
-0.22368927
-0.18319635
-0.14433757
-0.14433757
-0.24775119
-0.19368993
-0.19728907
-0.19368993
-0.28867513
-0.28867513
-0.28867513
-0.28867513
-0.28867513
-0.28867513
-0.28867513
-0.28867513
-0.28867513
-0.28867513
-0.28867513
-0.28867513
-0.14433757
-0.14433757
-0.14433757
-0.14433757
-0.14433757
-0.14433757
-0.14433757
-0.14433757
-0.14433757
-0.14433757
-0.14433757
-0.14433757
-0.26375191
-0.21650635
-0.16926079
-0.26375191
-0.21650635
-0.16926079
-0.26375191
-0.21650635
-0.16926079
-0.26375191
-0.21650635
-0.16926079
-0.28867513
-0.28867513
-0.28867513
-0.28867513
-0.28867513
-0.28867513
-0.28867513
-0.28867513
-0.28867513
-0.14433757
-0.14433757
-0.14433757
-0.14433757
-0.14433757
-0.14433757
-0.14433757
-0.14433757
-0.14433757
-0.26375191
-0.21650635
-0.16926079
-0.26375191
-0.21650635
-0.16926079
-0.44150297
-0.45572427
-0.46735889
-0.43609876
-0.3642077
-0.28876571
-0.22879749
-0.23744835
-0.24461567
-0.39845788
-0.33097257
-0.26123552
-0.36474496
-0.3712003
-0.37640913
-0.34768534
-0.28777162
-0.22648244
-0.1854698
-0.18926312
-0.19235298
-0.3308016
-0.27305464
-0.21442052
-0.42055109
-0.39692831
-0.37330553
-0.455937
-0.42504043
-0.39456189
-0.23805083
-0.22009081
-0.20267041
-0.21657604
-0.20323217
-0.19006884
-0.30113675
-0.32475953
-0.34838231
-0.30395098
-0.33320369
-0.36284937
-0.15255002
-0.16846444
-0.18484957
-0.15093503
-0.16356894
-0.17637257
-0.38053624
-0.38313893
-0.38445987
-0.34768534
-0.28777162
-0.22648244
-0.19718101
-0.19638441
-0.19481997
-0.35339144
-0.29278126
-0.23061039
-0.30487629
-0.33600514
-0.36769266
-0.30395098
-0.33320369
-0.36284937
-0.15255002
-0.16846444
-0.18484957
-0.15308918
-0.17011605
-0.18774034
-0.36474496
-0.3712003
-0.37640913
-0.1854698
-0.18926312
-0.19235298
-0.28867513
-0.28867513
-0.28867513
-0.28867513
-0.28867513
-0.28867513
-0.28867513
-0.28867513
-0.28867513
-0.26375191
-0.26375191
-0.26375191
-0.21650635
-0.21650635
-0.21650635
-0.16926079
-0.16926079
-0.16926079
-0.26375191
-0.26375191
-0.26375191
-0.21650635
-0.21650635
-0.21650635
-0.16926079
-0.16926079
-0.16926079
-0.26375191
-0.26375191
-0.26375191
-0.21650635
-0.21650635
-0.21650635
-0.16926079
-0.16926079
-0.16926079
-0.26375191
-0.26375191
-0.26375191
-0.21650635
-0.21650635
-0.21650635
-0.16926079
-0.16926079
-0.16926079
-0.14433757
-0.14433757
-0.14433757
-0.14433757
-0.14433757
-0.14433757
-0.14433757
-0.14433757
-0.14433757
-0.28867513
-0.28867513
-0.28867513
-0.28867513
-0.28867513
-0.28867513
-0.28867513
-0.28867513
-0.28867513
-0.26375191
-0.26375191
-0.26375191
-0.21650635
-0.21650635
-0.21650635
-0.16926079
-0.16926079
-0.16926079
-0.26375191
-0.26375191
-0.26375191
-0.21650635
-0.21650635
-0.21650635
-0.16926079
-0.16926079
-0.16926079
-0.26375191
-0.26375191
-0.26375191
-0.21650635
-0.21650635
-0.21650635
-0.16926079
-0.16926079
-0.16926079
-0.14433757
-0.14433757
-0.14433757
-0.14433757
-0.14433757
-0.14433757
-0.14433757
-0.14433757
-0.14433757
-0.26709061
-0.27699329
-0.28518538
-0.33807137
-0.3500401
-0.35990592
-0.4065422
-0.42011781
-0.43125656
-0.42819936
-0.44098333
-0.45141694
-0.40303736
-0.41320792
-0.42147109
-0.37794959
-0.38565054
-0.39187915
-0.42049661
-0.35061557
-0.27762052
-0.39130993
-0.32530876
-0.2569503
-0.36262217
-0.30058548
-0.23685745
-0.23526359
-0.22887988
-0.22115153
-0.21791895
-0.2129265
-0.20684838
-0.20105879
-0.19734097
-0.19278971
-0.25302965
-0.32087171
-0.38673177
-0.23761548
-0.30183931
-0.36455341
-0.22238348
-0.28295631
-0.34244047
-0.33449086
-0.34060781
-0.34555474
-0.27625716
-0.28158332
-0.28590578
-0.21703712
-0.22139884
-0.22494787
-0.35156084
-0.35680964
-0.36103496
-0.3266246
-0.32969232
-0.33215092
-0.3017616
-0.30278533
-0.30360219
-0.332882
-0.27511175
-0.21625808
-0.30518018
-0.25152599
-0.19727828
-0.27793984
-0.22846557
-0.17880693
-0.18377359
-0.18128235
-0.17821531
-0.1678474
-0.16641391
-0.16463982
-0.15234785
-0.15187665
-0.15129047
-0.2065069
-0.26319381
-0.31918082
-0.19163929
-0.24461235
-0.29720144
-0.17694426
-0.22617501
-0.27528662
-0.23048651
-0.22957324
-0.22777901
-0.29263112
-0.29152388
-0.2893466
-0.35322074
-0.35196124
-0.34948155
-0.36754811
-0.3664809
-0.3643765
-0.33592171
-0.33530543
-0.33408838
-0.3048488
-0.30464557
-0.30424364
-0.332882
-0.27511175
-0.21625808
-0.30518018
-0.25152599
-0.19727828
-0.27793984
-0.22846557
-0.17880693
-0.18575811
-0.18701453
-0.18765367
-0.1689845
-0.16970221
-0.17006666
-0.1527201
-0.15295435
-0.1530731
-0.21957645
-0.27914694
-0.33748938
-0.19917718
-0.25384351
-0.30783811
-0.17942775
-0.22922586
-0.27881552
-0.22494787
-0.22139884
-0.21703712
-0.28590578
-0.28158332
-0.27625716
-0.34555474
-0.34060781
-0.33449086
-0.36103496
-0.35680964
-0.35156084
-0.33215092
-0.32969232
-0.3266246
-0.30360219
-0.30278533
-0.3017616
-0.17821531
-0.18128235
-0.18377359
-0.16463982
-0.16641391
-0.1678474
-0.15129047
-0.15187665
-0.15234785
-0.26375191
-0.26375191
-0.26375191
-0.26375191
-0.26375191
-0.26375191
-0.26375191
-0.26375191
-0.26375191
-0.21650635
-0.21650635
-0.21650635
-0.21650635
-0.21650635
-0.21650635
-0.21650635
-0.21650635
-0.21650635
-0.16926079
-0.16926079
-0.16926079
-0.16926079
-0.16926079
-0.16926079
-0.16926079
-0.16926079
-0.16926079
-0.26375191
-0.26375191
-0.26375191
-0.26375191
-0.26375191
-0.26375191
-0.26375191
-0.26375191
-0.26375191
-0.21650635
-0.21650635
-0.21650635
-0.21650635
-0.21650635
-0.21650635
-0.21650635
-0.21650635
-0.21650635
-0.16926079
-0.16926079
-0.16926079
-0.16926079
-0.16926079
-0.16926079
-0.16926079
-0.16926079
-0.16926079
-0.39400554
-0.40619302
-0.41616758
-0.32724569
-0.33796663
-0.34677967
-0.25827801
-0.26713186
-0.27443485
-0.37035021
-0.38002253
-0.38790106
-0.30689972
-0.31537299
-0.32230263
-0.24176916
-0.24874288
-0.25446366
-0.34683744
-0.35414369
-0.36006702
-0.28678049
-0.29315536
-0.29834256
-0.2255129
-0.23074228
-0.23500918
-0.32218341
-0.32715104
-0.33115866
-0.26579534
-0.27011199
-0.27360603
-0.2086292
-0.21215835
-0.21502204
-0.29895959
-0.30185647
-0.30418278
-0.24613034
-0.2486382
-0.25065821
-0.19287413
-0.19491823
-0.19656837
-0.27587445
-0.27683908
-0.27761019
-0.22668083
-0.22751292
-0.22817991
-0.17735461
-0.17803085
-0.17857401
-0.33735172
-0.33633566
-0.33433361
-0.27902617
-0.27813518
-0.27638156
-0.21947701
-0.21874361
-0.21730139
-0.30775888
-0.30717373
-0.30601895
-0.25377431
-0.25326352
-0.25225654
-0.19912042
-0.19870155
-0.19787639
-0.27878947
-0.27859701
-0.27821662
-0.22920322
-0.22903594
-0.22870564
-0.17940924
-0.17927255
-0.17900282
-0.33115866
-0.32715104
-0.32218341
-0.27360603
-0.27011199
-0.26579534
-0.21502204
-0.21215835
-0.2086292
-0.30418278
-0.30185647
-0.29895959
-0.25065821
-0.2486382
-0.24613034
-0.19656837
-0.19491823
-0.19287413
-0.27761019
-0.27683908
-0.27587445
-0.22817991
-0.22751292
-0.22668083
-0.17857401
-0.17803085
-0.17735461
