MFEM mesh v1.0

#
# MFEM Geometry Types (see mesh/geom.hpp):
#
# POINT       = 0
# SEGMENT     = 1
# TRIANGLE    = 2
# SQUARE      = 3
# TETRAHEDRON = 4
# CUBE        = 5
#

dimension
3

elements
7
1 5 2 3 1 0 12 13 15 14
1 5 12 13 15 14 18 19 21 20
1 5 14 15 17 16 20 21 23 22
1 5 16 17 8 9 22 23 10 11
1 5 18 19 21 20 24 25 27 26
1 5 19 4 5 21 25 6 7 27
1 5 20 21 23 22 26 27 29 28

boundary
28
48 3 2 3 13 12
48 3 0 2 12 14
48 3 0 1 3 2
48 3 3 1 15 13
48 3 1 0 14 15
48 3 16 17 15 14
48 3 9 8 17 16
48 3 12 13 19 18
48 3 14 12 18 20
48 3 13 15 21 19
48 3 21 5 4 19
48 3 16 14 20 22
48 3 15 17 23 21
48 3 9 16 22 11
48 3 17 8 10 23
48 3 8 9 11 10
48 3 22 23 10 11
48 3 18 19 25 24
48 3 19 4 6 25
48 3 20 18 24 26
48 3 24 25 27 26
48 3 4 5 7 6
48 3 5 21 27 7
48 3 25 6 7 27
48 3 22 20 26 28
48 3 21 23 29 27
48 3 23 22 28 29
48 3 26 27 29 28

vertices
30

nodes
FiniteElementSpace
FiniteElementCollection: H1_3D_P4
VDim: 3
Ordering: 0

-1.9515639e-18
0.093042196
-2.1684043e-18
0.11052157
0.1716001
0.11108439
0.1716001
0.11108439
0.13464912
-2.1684043e-18
0.13464912
-1.9515639e-18
-1.9651164e-19
0.11052157
6.2002812e-19
0.093042196
9.486769e-20
0.11052157
-2.5072175e-19
0.11052157
9.8933448e-19
0.093042196
-2.3039296e-19
0.11052157
2.1006417e-19
0.11052157
8.6736174e-19
0.093042196
2.981556e-19
0.11052157
0.024923225
0.072168784
0.099974952
0.093675514
0.098116585
0.10577027
0.024923225
0.072168784
0.089926793
9.2157185e-19
-8.8091427e-19
1.5179889e-18
0.024923225
0.072168784
0.099974952
0.10577027
0.098116585
0.093675514
0.024923225
0.072168784
0.089926793
-1.1180802e-18
-8.264924e-19
-1.6263033e-19
-5.7241229e-19
1.8173092e-18
3.3711911e-19
0.11052157
0.11052157
0.11052157
0.093042196
0.093042196
0.093042196
-4.3555691e-19
-3.8116483e-21
-2.5580395e-19
0.024923225
0.072168784
0.099974952
0.10577027
0.098116585
0.093675514
0.024923225
0.072168784
0.089926793
-2.7111672e-20
4.2351647e-22
2.4563955e-19
-6.3697539e-19
8.4682119e-19
-1.0706496e-18
0.11052157
0.11052157
0.11052157
0.093042196
0.093042196
0.093042196
5.5568339e-19
-2.3632219e-19
2.3208703e-19
0.093675514
0.098116585
0.10577027
0.024923225
0.072168784
0.099974952
1.172287e-18
-1.0431211e-18
1.2129512e-18
0.093675514
0.098116585
0.10577027
0.024923225
0.072168784
0.099974952
-2.0328791e-20
4.8704394e-19
6.7762636e-21
0.11052157
0.11052157
0.11052157
1.0570574e-18
5.3363076e-20
-6.505213e-19
0.13157777
0.12425001
0.11541517
0.11384486
0.072168784
0.024923225
-7.0473141e-19
-1.4433441e-18
-4.7439139e-19
0.13157777
0.12425001
0.11541517
0.11384486
0.072168784
0.024923225
-1.4636729e-18
-2.3039296e-19
1.4635671e-18
0.13464912
0.13464912
0.13464912
1.5179889e-18
-8.8091427e-19
9.2157185e-19
0.024923225
0.072168784
0.099974952
0.10577027
0.098116585
0.093675514
0.024923225
0.072168784
0.089926793
5.2854856e-19
-5.4379515e-19
-6.505213e-19
8.0628272e-19
5.7894702e-19
-1.1993987e-18
0.11052157
0.11052157
0.11052157
0.093042196
0.093042196
0.093042196
-6.0867258e-20
4.8026768e-19
4.3368087e-19
0.16105348
0.14106084
0.1210682
0.1551505
0.12865254
0.11327701
0.10796899
0.10206329
0.096157599
0.16105348
0.14106084
0.1210682
0.1551505
0.12865254
0.11327701
0.10796899
0.10206329
0.096157599
0.1716001
0.1716001
0.1716001
0.11108439
0.11108439
0.11108439
0.093675514
0.098116585
0.10577027
0.024923225
0.072168784
0.099974952
2.9818207e-19
-1.0842022e-19
-5.2854856e-19
0.11052157
0.11052157
0.11052157
1.1384388e-18
1.619527e-18
-1.7618285e-19
0.024923225
0.072168784
0.090290861
0.024923225
0.072168784
0.092843846
0.024923225
0.072168784
0.097243624
0.024923225
0.072168784
0.099974952
0.024923225
0.072168784
0.099974952
0.024923225
0.072168784
0.099974952
0.10577027
0.098116585
0.093675514
0.10577027
0.098116585
0.093675514
0.10577027
0.098116585
0.093675514
0.089926793
0.072168784
0.024923225
0.089926793
0.072168784
0.024923225
0.089926793
0.072168784
0.024923225
1.033271e-18
-7.0048343e-19
2.3929243e-18
7.8615245e-19
-2.7361811e-19
-7.1362505e-19
-2.4479252e-19
-5.9641707e-19
-8.8091427e-20
0.024923225
0.072168784
0.097243624
0.024923225
0.072168784
0.092843846
0.024923225
0.072168784
0.090290861
0.024923225
0.072168784
0.099974952
0.024923225
0.072168784
0.099974952
0.024923225
0.072168784
0.099974952
0.10577027
0.098116585
0.093675514
0.10577027
0.098116585
0.093675514
0.10577027
0.098116585
0.093675514
0.089926793
0.072168784
0.024923225
0.089926793
0.072168784
0.024923225
0.089926793
0.072168784
0.024923225
6.4369375e-19
5.4290841e-19
-3.2517462e-19
8.6566767e-19
6.4800667e-19
5.4972438e-19
-6.7762636e-19
1.0774259e-18
-1.6127507e-18
0.024923225
0.072168784
0.097243624
0.024923225
0.072168784
0.092843846
0.024923225
0.072168784
0.090290861
0.024923225
0.072168784
0.097243624
0.024923225
0.072168784
0.092843846
0.024923225
0.072168784
0.090290861
0.093675514
0.098116585
0.10577027
0.093675514
0.098116585
0.10577027
0.093675514
0.098116585
0.10577027
0.099974952
0.072168784
0.024923225
0.099974952
0.072168784
0.024923225
0.099974952
0.072168784
0.024923225
-1.5589046e-19
2.1506779e-19
-2.5073697e-18
-2.1302879e-19
-5.3532482e-19
8.4449102e-19
1.1011428e-18
1.3556762e-18
1.0875903e-18
0.024923225
0.072168784
0.090290861
0.024923225
0.072168784
0.092843846
0.024923225
0.072168784
0.097243624
0.024923225
0.072168784
0.11207927
0.024923225
0.072168784
0.10786685
0.024923225
0.072168784
0.10278808
0.11541517
0.12425001
0.13157777
0.11541517
0.12425001
0.13157777
0.11541517
0.12425001
0.13157777
0.11384486
0.072168784
0.024923225
0.11384486
0.072168784
0.024923225
0.11384486
0.072168784
0.024923225
-8.6746762e-19
-6.723324e-21
-1.8952357e-19
-1.1858461e-19
1.8888835e-19
1.0672615e-19
-2.3852448e-18
8.4703295e-19
4.3362793e-19
0.024923225
0.072168784
0.10278808
0.024923225
0.072168784
0.10786685
0.024923225
0.072168784
0.11207927
0.024923225
0.072168784
0.099974952
0.024923225
0.072168784
0.099974952
0.024923225
0.072168784
0.099974952
0.10577027
0.098116585
0.093675514
0.10577027
0.098116585
0.093675514
0.10577027
0.098116585
0.093675514
0.089926793
0.072168784
0.024923225
0.089926793
0.072168784
0.024923225
0.089926793
0.072168784
0.024923225
1.0331684e-18
1.951961e-18
5.4227313e-19
5.4930087e-19
1.3043778e-18
4.6671515e-19
5.4210109e-19
3.1170812e-19
-8.8090765e-19
0.024923225
0.072168784
0.097243624
0.024923225
0.072168784
0.092843846
0.024923225
0.072168784
0.090290861
0.097060167
0.10347626
0.10989236
0.10338932
0.11338456
0.1233798
0.11429691
0.13046038
0.14662386
0.1210682
0.14106084
0.16105348
0.1210682
0.14106084
0.16105348
0.1210682
0.14106084
0.16105348
0.1551505
0.12865254
0.11327701
0.1551505
0.12865254
0.11327701
0.1551505
0.12865254
0.11327701
0.10796899
0.10206329
0.096157599
0.10796899
0.10206329
0.096157599
0.10796899
0.10206329
0.096157599
0.11429691
0.13046038
0.14662386
0.10338932
0.11338456
0.1233798
0.097060167
0.10347626
0.10989236
0.093675514
0.098116585
0.10577027
0.093675514
0.098116585
0.10577027
0.093675514
0.098116585
0.10577027
0.099974952
0.072168784
0.024923225
0.099974952
0.072168784
0.024923225
0.099974952
0.072168784
0.024923225
1.070557e-18
5.945129e-19
3.390382e-19
-1.6093626e-19
8.7763201e-19
9.3851085e-19
-1.3010426e-18
-8.4110372e-19
5.0146997e-19
0.024923225
0.072168784
0.090290861
0.024923225
0.072168784
0.092843846
0.024923225
0.072168784
0.097243624
0.024923225
0.072168784
0.097243624
0.024923225
0.072168784
0.092843846
0.024923225
0.072168784
0.090290861
0.024923225
0.072168784
0.097243624
0.024923225
0.072168784
0.092843846
0.024923225
0.072168784
0.090290861
0.024923225
0.072168784
0.097243624
0.024923225
0.072168784
0.092843846
0.024923225
0.072168784
0.090290861
0.024923225
0.072168784
0.097243624
0.024923225
0.072168784
0.092843846
0.024923225
0.072168784
0.090290861
0.024923225
0.072168784
0.097243624
0.024923225
0.072168784
0.092843846
0.024923225
0.072168784
0.090290861
0.024923225
0.072168784
0.097243624
0.024923225
0.072168784
0.092843846
0.024923225
0.072168784
0.090290861
0.024923225
0.072168784
0.090290861
0.024923225
0.072168784
0.092843846
0.024923225
0.072168784
0.097243624
0.024923225
0.072168784
0.090290861
0.024923225
0.072168784
0.092843846
0.024923225
0.072168784
0.097243624
0.024923225
0.072168784
0.090290861
0.024923225
0.072168784
0.092843846
0.024923225
0.072168784
0.097243624
0.024923225
0.072168784
0.10278808
0.024923225
0.072168784
0.10786685
0.024923225
0.072168784
0.11207927
0.024923225
0.072168784
0.10278808
0.024923225
0.072168784
0.10786685
0.024923225
0.072168784
0.11207927
0.024923225
0.072168784
0.10278808
0.024923225
0.072168784
0.10786685
0.024923225
0.072168784
0.11207927
0.024923225
0.072168784
0.097243624
0.024923225
0.072168784
0.092843846
0.024923225
0.072168784
0.090290861
0.024923225
0.072168784
0.097243624
0.024923225
0.072168784
0.092843846
0.024923225
0.072168784
0.090290861
0.024923225
0.072168784
0.097243624
0.024923225
0.072168784
0.092843846
0.024923225
0.072168784
0.090290861
0.11429691
0.13046038
0.14662386
0.10338932
0.11338456
0.1233798
0.097060167
0.10347626
0.10989236
0.11429691
0.13046038
0.14662386
0.10338932
0.11338456
0.1233798
0.097060167
0.10347626
0.10989236
0.11429691
0.13046038
0.14662386
0.10338932
0.11338456
0.1233798
0.097060167
0.10347626
0.10989236
0.024923225
0.072168784
0.090290861
0.024923225
0.072168784
0.092843846
0.024923225
0.072168784
0.097243624
0.024923225
0.072168784
0.090290861
0.024923225
0.072168784
0.092843846
0.024923225
0.072168784
0.097243624
0.024923225
0.072168784
0.090290861
0.024923225
0.072168784
0.092843846
0.024923225
0.072168784
0.097243624
-2.1684043e-19
-5.8546917e-18
-0.14433757
-0.14433757
-0.14433757
-1.9515639e-18
-0.14433757
1.0842022e-18
0.28867513
0.28867513
0.28867513
0.28867513
-0.14433757
-0.14433757
-3.6930637e-19
-1.6805134e-18
0.14433757
0.14433757
-0.14433757
-0.14433757
0
1.0164395e-18
0.14433757
0.14433757
-0.14433757
-0.14433757
-4.8789098e-19
-1.5449881e-18
0.14433757
0.14433757
-0.14433757
-0.14433757
-0.14433757
-0.024923225
-0.072168784
-0.11941434
-3.8307065e-19
-3.8895753e-18
-4.8789098e-18
-0.024923225
-0.072168784
-0.11941434
-0.14433757
-0.14433757
-0.14433757
-0.11941434
-0.072168784
-0.024923225
1.8814058e-18
-5.5882999e-18
2.4055736e-18
-0.11941434
-0.072168784
-0.024923225
-0.14433757
-0.14433757
-0.14433757
-0.14433757
-0.14433757
-0.14433757
-7.800333e-18
-4.3732311e-18
-8.8769053e-19
2.9330931e-18
4.0856634e-18
1.2824079e-18
-0.14433757
-0.14433757
-0.14433757
-0.11941434
-0.072168784
-0.024923225
-3.9176333e-18
1.1858461e-20
-1.4568967e-18
-0.11941434
-0.072168784
-0.024923225
-0.14433757
-0.14433757
-0.14433757
-0.14433757
-0.14433757
-0.14433757
-5.6906056e-19
-2.1048769e-18
1.3484765e-18
1.7480808e-18
4.6078592e-19
-2.0650663e-18
0.024923225
0.072168784
0.11941434
0.14433757
0.14433757
0.14433757
0.024923225
0.072168784
0.11941434
0.024923225
0.072168784
0.11941434
0.14433757
0.14433757
0.14433757
0.024923225
0.072168784
0.11941434
0.14433757
0.14433757
0.14433757
0.14433757
0.14433757
0.14433757
0.26375191
0.21650635
0.16926079
0.28867513
0.28867513
0.28867513
0.26375191
0.21650635
0.16926079
0.26375191
0.21650635
0.16926079
0.28867513
0.28867513
0.28867513
0.26375191
0.21650635
0.16926079
0.28867513
0.28867513
0.28867513
0.28867513
0.28867513
0.28867513
-0.14433757
-0.14433757
-0.14433757
-0.11941434
-0.072168784
-0.024923225
-5.8754176e-18
-6.505213e-18
3.1035287e-18
-0.11941434
-0.072168784
-0.024923225
-0.14433757
-0.14433757
-0.14433757
-0.14433757
-0.14433757
-0.14433757
3.5505768e-18
-2.1311349e-18
-1.5043305e-18
8.0667977e-19
-1.8168857e-18
8.1315163e-19
-0.14433757
-0.14433757
-0.14433757
-0.11941434
-0.072168784
-0.024923225
5.4210109e-18
1.5043305e-18
-3.4228601e-18
-0.14433757
-0.14433757
-0.14433757
-0.11941434
-0.072168784
-0.024923225
-2.1684043e-18
-1.9109063e-18
-6.1831288e-18
-0.14433757
-0.14433757
-0.14433757
6.5073306e-19
1.3145951e-18
9.7578196e-19
0.024923225
0.072168784
0.11941434
0.14433757
0.14433757
0.14433757
0.024923225
0.072168784
0.11941434
0.14433757
0.14433757
0.14433757
0.14433757
0.14433757
0.14433757
-0.024923225
-0.024923225
-0.024923225
-0.072168784
-0.072168784
-0.072168784
-0.11941434
-0.11941434
-0.11941434
-0.14433757
-0.14433757
-0.14433757
-0.14433757
-0.14433757
-0.14433757
-0.14433757
-0.14433757
-0.14433757
-0.11941434
-0.072168784
-0.024923225
-0.11941434
-0.072168784
-0.024923225
-0.11941434
-0.072168784
-0.024923225
2.9643639e-18
3.8975559e-18
6.2372586e-19
3.945056e-18
-1.5461792e-18
-3.969859e-19
1.4331797e-18
-1.8037567e-18
-1.5119869e-18
-0.024923225
-0.072168784
-0.11941434
-0.024923225
-0.072168784
-0.11941434
-0.024923225
-0.072168784
-0.11941434
-0.11941434
-0.11941434
-0.11941434
-0.072168784
-0.072168784
-0.072168784
-0.024923225
-0.024923225
-0.024923225
-0.14433757
-0.14433757
-0.14433757
-0.14433757
-0.14433757
-0.14433757
-0.14433757
-0.14433757
-0.14433757
-0.11941434
-0.072168784
-0.024923225
-0.11941434
-0.072168784
-0.024923225
-0.11941434
-0.072168784
-0.024923225
3.9097486e-18
6.3205789e-18
-8.3669601e-19
-1.9850217e-18
1.0645087e-18
1.625821e-18
3.5541502e-18
-2.8938881e-18
-5.466969e-19
-0.024923225
-0.072168784
-0.11941434
-0.024923225
-0.072168784
-0.11941434
-0.024923225
-0.072168784
-0.11941434
-0.11941434
-0.11941434
-0.11941434
-0.072168784
-0.072168784
-0.072168784
-0.024923225
-0.024923225
-0.024923225
0.11941434
0.11941434
0.11941434
0.072168784
0.072168784
0.072168784
0.024923225
0.024923225
0.024923225
0.024923225
0.072168784
0.11941434
0.024923225
0.072168784
0.11941434
0.024923225
0.072168784
0.11941434
0.14433757
0.14433757
0.14433757
0.14433757
0.14433757
0.14433757
0.14433757
0.14433757
0.14433757
0.11941434
0.072168784
0.024923225
0.11941434
0.072168784
0.024923225
0.11941434
0.072168784
0.024923225
0.024923225
0.024923225
0.024923225
0.072168784
0.072168784
0.072168784
0.11941434
0.11941434
0.11941434
0.26375191
0.26375191
0.26375191
0.21650635
0.21650635
0.21650635
0.16926079
0.16926079
0.16926079
0.16926079
0.21650635
0.26375191
0.16926079
0.21650635
0.26375191
0.16926079
0.21650635
0.26375191
0.28867513
0.28867513
0.28867513
0.28867513
0.28867513
0.28867513
0.28867513
0.28867513
0.28867513
0.26375191
0.21650635
0.16926079
0.26375191
0.21650635
0.16926079
0.26375191
0.21650635
0.16926079
0.16926079
0.16926079
0.16926079
0.21650635
0.21650635
0.21650635
0.26375191
0.26375191
0.26375191
-0.14433757
-0.14433757
-0.14433757
-0.14433757
-0.14433757
-0.14433757
-0.14433757
-0.14433757
-0.14433757
-0.11941434
-0.072168784
-0.024923225
-0.11941434
-0.072168784
-0.024923225
-0.11941434
-0.072168784
-0.024923225
3.781883e-18
-1.9864759e-18
4.6673726e-18
2.9358162e-18
-3.0387307e-20
1.0422492e-18
1.8092624e-18
-4.7679485e-18
2.7867384e-19
-0.024923225
-0.072168784
-0.11941434
-0.024923225
-0.072168784
-0.11941434
-0.024923225
-0.072168784
-0.11941434
-0.11941434
-0.11941434
-0.11941434
-0.072168784
-0.072168784
-0.072168784
-0.024923225
-0.024923225
-0.024923225
-0.024923225
-0.024923225
-0.024923225
-0.072168784
-0.072168784
-0.072168784
-0.11941434
-0.11941434
-0.11941434
-0.14433757
-0.14433757
-0.14433757
-0.14433757
-0.14433757
-0.14433757
-0.14433757
-0.14433757
-0.14433757
-0.11941434
-0.072168784
-0.024923225
-0.11941434
-0.072168784
-0.024923225
-0.11941434
-0.072168784
-0.024923225
-2.4934532e-18
-1.8166607e-18
3.2152428e-19
1.0706496e-18
9.486769e-19
1.4770269e-18
2.1684043e-19
-3.2932641e-18
-2.9209931e-18
-0.11941434
-0.11941434
-0.11941434
-0.072168784
-0.072168784
-0.072168784
-0.024923225
-0.024923225
-0.024923225
0.024923225
0.072168784
0.11941434
0.024923225
0.072168784
0.11941434
0.024923225
0.072168784
0.11941434
0.14433757
0.14433757
0.14433757
0.14433757
0.14433757
0.14433757
0.14433757
0.14433757
0.14433757
0.11941434
0.072168784
0.024923225
0.11941434
0.072168784
0.024923225
0.11941434
0.072168784
0.024923225
0.024923225
0.024923225
0.024923225
0.072168784
0.072168784
0.072168784
0.11941434
0.11941434
0.11941434
-0.11941434
-0.11941434
-0.11941434
-0.072168784
-0.072168784
-0.072168784
-0.024923225
-0.024923225
-0.024923225
-0.11941434
-0.11941434
-0.11941434
-0.072168784
-0.072168784
-0.072168784
-0.024923225
-0.024923225
-0.024923225
-0.11941434
-0.11941434
-0.11941434
-0.072168784
-0.072168784
-0.072168784
-0.024923225
-0.024923225
-0.024923225
-0.11941434
-0.11941434
-0.11941434
-0.072168784
-0.072168784
-0.072168784
-0.024923225
-0.024923225
-0.024923225
-0.11941434
-0.11941434
-0.11941434
-0.072168784
-0.072168784
-0.072168784
-0.024923225
-0.024923225
-0.024923225
-0.11941434
-0.11941434
-0.11941434
-0.072168784
-0.072168784
-0.072168784
-0.024923225
-0.024923225
-0.024923225
0.024923225
0.024923225
0.024923225
0.072168784
0.072168784
0.072168784
0.11941434
0.11941434
0.11941434
0.024923225
0.024923225
0.024923225
0.072168784
0.072168784
0.072168784
0.11941434
0.11941434
0.11941434
0.024923225
0.024923225
0.024923225
0.072168784
0.072168784
0.072168784
0.11941434
0.11941434
0.11941434
0.16926079
0.16926079
0.16926079
0.21650635
0.21650635
0.21650635
0.26375191
0.26375191
0.26375191
0.16926079
0.16926079
0.16926079
0.21650635
0.21650635
0.21650635
0.26375191
0.26375191
0.26375191
0.16926079
0.16926079
0.16926079
0.21650635
0.21650635
0.21650635
0.26375191
0.26375191
0.26375191
-0.11941434
-0.11941434
-0.11941434
-0.072168784
-0.072168784
-0.072168784
-0.024923225
-0.024923225
-0.024923225
-0.11941434
-0.11941434
-0.11941434
-0.072168784
-0.072168784
-0.072168784
-0.024923225
-0.024923225
-0.024923225
-0.11941434
-0.11941434
-0.11941434
-0.072168784
-0.072168784
-0.072168784
-0.024923225
-0.024923225
-0.024923225
-0.11941434
-0.11941434
-0.11941434
-0.072168784
-0.072168784
-0.072168784
-0.024923225
-0.024923225
-0.024923225
-0.11941434
-0.11941434
-0.11941434
-0.072168784
-0.072168784
-0.072168784
-0.024923225
-0.024923225
-0.024923225
-0.11941434
-0.11941434
-0.11941434
-0.072168784
-0.072168784
-0.072168784
-0.024923225
-0.024923225
-0.024923225
0.024923225
0.024923225
0.024923225
0.072168784
0.072168784
0.072168784
0.11941434
0.11941434
0.11941434
0.024923225
0.024923225
0.024923225
0.072168784
0.072168784
0.072168784
0.11941434
0.11941434
0.11941434
0.024923225
0.024923225
0.024923225
0.072168784
0.072168784
0.072168784
0.11941434
0.11941434
0.11941434
-0.28867513
-0.28867513
-0.28867513
-0.28867513
7.5894152e-19
-2.1684043e-19
0.14433757
0.14433757
-0.14433757
-0.14433757
-5.8546917e-18
-2.1684043e-19
-0.14433757
-0.14433757
-0.14433757
-0.14433757
-0.14433757
-0.14433757
7.5216526e-19
-1.5321132e-17
-5.2041704e-18
2.8595832e-18
-1.5314356e-18
1.8973538e-19
0.14433757
0.14433757
0.14433757
0.14433757
0.14433757
0.14433757
-0.28867513
-0.28867513
-0.28867513
-0.28867513
-0.28867513
-0.28867513
-0.28867513
-0.28867513
-0.28867513
-0.28867513
-0.28867513
-0.28867513
-0.14433757
-0.14433757
-0.14433757
-0.14433757
-0.14433757
-0.14433757
-0.14433757
-0.14433757
-0.14433757
-0.14433757
-0.14433757
-0.14433757
-0.26375191
-0.21650635
-0.16926079
-0.26375191
-0.21650635
-0.16926079
-0.26375191
-0.21650635
-0.16926079
-0.26375191
-0.21650635
-0.16926079
-1.479621e-18
2.9231107e-18
-1.0062751e-17
-8.8848462e-19
-9.4478055e-18
-1.7211709e-18
2.1538989e-18
-1.9397054e-18
-6.7694873e-18
-1.1364833e-17
5.7390717e-18
-1.4967072e-17
-0.11941434
-0.072168784
-0.024923225
-0.11941434
-0.072168784
-0.024923225
-0.11941434
-0.072168784
-0.024923225
-0.11941434
-0.072168784
-0.024923225
-0.14433757
-0.14433757
-0.14433757
-0.14433757
-0.14433757
-0.14433757
-0.14433757
-0.14433757
-0.14433757
3.8186628e-18
2.9473358e-17
-2.2090619e-18
4.885289e-18
-4.2317766e-18
4.8382522e-18
1.3555809e-17
-1.3106141e-17
-8.2873704e-18
-0.11941434
-0.072168784
-0.024923225
-0.11941434
-0.072168784
-0.024923225
-0.14433757
-0.14433757
-0.14433757
-0.14433757
-0.14433757
-0.14433757
-0.14433757
-0.14433757
-0.14433757
-1.1058862e-17
2.0464316e-18
-9.0761698e-18
-4.8789098e-18
-3.8895753e-18
-3.8307065e-19
-1.8268807e-17
-7.6029677e-18
1.0707449e-17
-0.11941434
-0.072168784
-0.024923225
-0.11941434
-0.072168784
-0.024923225
0.14433757
0.14433757
0.14433757
0.14433757
0.14433757
0.14433757
0.14433757
0.14433757
0.14433757
0.14433757
0.14433757
0.14433757
0.024923225
0.072168784
0.11941434
0.024923225
0.072168784
0.11941434
0.024923225
0.072168784
0.11941434
0.024923225
0.072168784
0.11941434
-6.8846838e-18
5.2854856e-19
-1.433058e-17
1.0021141e-17
8.7684851e-18
-9.2157185e-19
-9.7578196e-19
5.2854856e-19
2.648672e-18
0.14433757
0.14433757
0.14433757
0.14433757
0.14433757
0.14433757
0.14433757
0.14433757
0.14433757
0.024923225
0.072168784
0.11941434
0.024923225
0.072168784
0.11941434
0.14433757
0.14433757
0.14433757
0.14433757
0.14433757
0.14433757
0.14433757
0.14433757
0.14433757
0.024923225
0.072168784
0.11941434
0.024923225
0.072168784
0.11941434
-0.28867513
-0.28867513
-0.28867513
-0.28867513
-0.28867513
-0.28867513
-0.28867513
-0.28867513
-0.28867513
-0.26375191
-0.26375191
-0.26375191
-0.21650635
-0.21650635
-0.21650635
-0.16926079
-0.16926079
-0.16926079
-0.26375191
-0.26375191
-0.26375191
-0.21650635
-0.21650635
-0.21650635
-0.16926079
-0.16926079
-0.16926079
-0.26375191
-0.26375191
-0.26375191
-0.21650635
-0.21650635
-0.21650635
-0.16926079
-0.16926079
-0.16926079
-0.26375191
-0.26375191
-0.26375191
-0.21650635
-0.21650635
-0.21650635
-0.16926079
-0.16926079
-0.16926079
-0.14433757
-0.14433757
-0.14433757
-0.14433757
-0.14433757
-0.14433757
-0.14433757
-0.14433757
-0.14433757
-0.11941434
-0.11941434
-0.11941434
-0.072168784
-0.072168784
-0.072168784
-0.024923225
-0.024923225
-0.024923225
-0.11941434
-0.11941434
-0.11941434
-0.072168784
-0.072168784
-0.072168784
-0.024923225
-0.024923225
-0.024923225
-0.11941434
-0.11941434
-0.11941434
-0.072168784
-0.072168784
-0.072168784
-0.024923225
-0.024923225
-0.024923225
-0.11941434
-0.11941434
-0.11941434
-0.072168784
-0.072168784
-0.072168784
-0.024923225
-0.024923225
-0.024923225
9.7670315e-18
4.8346308e-19
1.7270969e-18
-1.0862833e-17
-6.6467734e-18
-7.4975121e-18
-1.1246407e-17
5.0889739e-18
-7.738493e-18
-0.14433757
-0.14433757
-0.14433757
-0.14433757
-0.14433757
-0.14433757
-0.14433757
-0.14433757
-0.14433757
-0.11941434
-0.11941434
-0.11941434
-0.072168784
-0.072168784
-0.072168784
-0.024923225
-0.024923225
-0.024923225
-0.11941434
-0.11941434
-0.11941434
-0.072168784
-0.072168784
-0.072168784
-0.024923225
-0.024923225
-0.024923225
-0.11941434
-0.11941434
-0.11941434
-0.072168784
-0.072168784
-0.072168784
-0.024923225
-0.024923225
-0.024923225
-2.8981536e-18
-5.4072714e-18
9.9575076e-18
-4.9479678e-18
6.8099331e-18
3.2297366e-18
-1.5659098e-17
1.6077532e-17
1.0340578e-17
-0.14433757
-0.14433757
-0.14433757
-0.14433757
-0.14433757
-0.14433757
-0.14433757
-0.14433757
-0.14433757
-0.11941434
-0.11941434
-0.11941434
-0.072168784
-0.072168784
-0.072168784
-0.024923225
-0.024923225
-0.024923225
-0.11941434
-0.11941434
-0.11941434
-0.072168784
-0.072168784
-0.072168784
-0.024923225
-0.024923225
-0.024923225
-0.11941434
-0.11941434
-0.11941434
-0.072168784
-0.072168784
-0.072168784
-0.024923225
-0.024923225
-0.024923225
2.4179709e-19
5.2467206e-18
2.4357491e-18
-9.1838224e-19
-3.3872848e-18
1.8993867e-17
-6.6624435e-18
-3.9437854e-18
-1.6805134e-18
0.024923225
0.024923225
0.024923225
0.072168784
0.072168784
0.072168784
0.11941434
0.11941434
0.11941434
0.024923225
0.024923225
0.024923225
0.072168784
0.072168784
0.072168784
0.11941434
0.11941434
0.11941434
0.024923225
0.024923225
0.024923225
0.072168784
0.072168784
0.072168784
0.11941434
0.11941434
0.11941434
0.024923225
0.024923225
0.024923225
0.072168784
0.072168784
0.072168784
0.11941434
0.11941434
0.11941434
0.14433757
0.14433757
0.14433757
0.14433757
0.14433757
0.14433757
0.14433757
0.14433757
0.14433757
4.6254616e-18
1.917005e-17
-1.4934885e-17
-1.5948413e-17
1.4765055e-17
-1.106225e-17
7.6891572e-18
7.9544864e-18
-9.4943658e-18
0.024923225
0.024923225
0.024923225
0.072168784
0.072168784
0.072168784
0.11941434
0.11941434
0.11941434
0.024923225
0.024923225
0.024923225
0.072168784
0.072168784
0.072168784
0.11941434
0.11941434
0.11941434
0.024923225
0.024923225
0.024923225
0.072168784
0.072168784
0.072168784
0.11941434
0.11941434
0.11941434
0.14433757
0.14433757
0.14433757
0.14433757
0.14433757
0.14433757
0.14433757
0.14433757
0.14433757
0.024923225
0.024923225
0.024923225
0.072168784
0.072168784
0.072168784
0.11941434
0.11941434
0.11941434
0.024923225
0.024923225
0.024923225
0.072168784
0.072168784
0.072168784
0.11941434
0.11941434
0.11941434
0.024923225
0.024923225
0.024923225
0.072168784
0.072168784
0.072168784
0.11941434
0.11941434
0.11941434
0.14433757
0.14433757
0.14433757
0.14433757
0.14433757
0.14433757
0.14433757
0.14433757
0.14433757
-0.26375191
-0.26375191
-0.26375191
-0.26375191
-0.26375191
-0.26375191
-0.26375191
-0.26375191
-0.26375191
-0.21650635
-0.21650635
-0.21650635
-0.21650635
-0.21650635
-0.21650635
-0.21650635
-0.21650635
-0.21650635
-0.16926079
-0.16926079
-0.16926079
-0.16926079
-0.16926079
-0.16926079
-0.16926079
-0.16926079
-0.16926079
-0.11941434
-0.11941434
-0.11941434
-0.11941434
-0.11941434
-0.11941434
-0.11941434
-0.11941434
-0.11941434
-0.072168784
-0.072168784
-0.072168784
-0.072168784
-0.072168784
-0.072168784
-0.072168784
-0.072168784
-0.072168784
-0.024923225
-0.024923225
-0.024923225
-0.024923225
-0.024923225
-0.024923225
-0.024923225
-0.024923225
-0.024923225
-0.11941434
-0.11941434
-0.11941434
-0.11941434
-0.11941434
-0.11941434
-0.11941434
-0.11941434
-0.11941434
-0.072168784
-0.072168784
-0.072168784
-0.072168784
-0.072168784
-0.072168784
-0.072168784
-0.072168784
-0.072168784
-0.024923225
-0.024923225
-0.024923225
-0.024923225
-0.024923225
-0.024923225
-0.024923225
-0.024923225
-0.024923225
-0.11941434
-0.11941434
-0.11941434
-0.11941434
-0.11941434
-0.11941434
-0.11941434
-0.11941434
-0.11941434
-0.072168784
-0.072168784
-0.072168784
-0.072168784
-0.072168784
-0.072168784
-0.072168784
-0.072168784
-0.072168784
-0.024923225
-0.024923225
-0.024923225
-0.024923225
-0.024923225
-0.024923225
-0.024923225
-0.024923225
-0.024923225
0.024923225
0.024923225
0.024923225
0.024923225
0.024923225
0.024923225
0.024923225
0.024923225
0.024923225
0.072168784
0.072168784
0.072168784
0.072168784
0.072168784
0.072168784
0.072168784
0.072168784
0.072168784
0.11941434
0.11941434
0.11941434
0.11941434
0.11941434
0.11941434
0.11941434
0.11941434
0.11941434
0.024923225
0.024923225
0.024923225
0.024923225
0.024923225
0.024923225
0.024923225
0.024923225
0.024923225
0.072168784
0.072168784
0.072168784
0.072168784
0.072168784
0.072168784
0.072168784
0.072168784
0.072168784
0.11941434
0.11941434
0.11941434
0.11941434
0.11941434
0.11941434
0.11941434
0.11941434
0.11941434
0.024923225
0.024923225
0.024923225
0.024923225
0.024923225
0.024923225
0.024923225
0.024923225
0.024923225
0.072168784
0.072168784
0.072168784
0.072168784
0.072168784
0.072168784
0.072168784
0.072168784
0.072168784
0.11941434
0.11941434
0.11941434
0.11941434
0.11941434
0.11941434
0.11941434
0.11941434
0.11941434
