MFEM mesh v1.0

#
# MFEM Geometry Types (see mesh/geom.hpp):
#
# POINT       = 0
# SEGMENT     = 1
# TRIANGLE    = 2
# SQUARE      = 3
# TETRAHEDRON = 4
# CUBE        = 5
#

dimension
3

elements
4
1 5 7 8 18 17 9 10 20 19
1 5 12 11 22 21 14 13 25 24
1 5 4 15 23 16 0 1 6 3
1 5 15 14 24 23 1 2 5 6

boundary
22
5 3 0 1 6 3
5 3 1 2 5 6
5 3 17 18 8 7
5 3 17 7 9 19
5 3 7 8 10 9
5 3 8 18 20 10
5 3 18 17 19 20
5 3 9 10 20 19
5 3 12 11 13 14
5 3 4 15 1 0
5 3 15 14 2 1
5 3 16 4 0 3
5 3 21 22 11 12
5 3 16 23 15 4
5 3 21 12 14 24
5 3 23 24 14 15
5 3 11 22 25 13
5 3 22 21 24 25
5 3 14 13 25 24
5 3 23 16 3 6
5 3 14 24 5 2
5 3 24 23 6 5

vertices
26

nodes
FiniteElementSpace
FiniteElementCollection: H1_3D_P4
VDim: 3
Ordering: 0

-0.28867513
-0.28867513
-0.28867513
-0.28867513
-0.36084392
-0.28867513
-0.28867513
-0.22368927
5.0957502e-18
-0.18319635
-1.3010426e-18
-0.47240707
-0.48603889
-0.37864925
-0.38463884
-0.37864925
-0.37864925
-0.24775119
-5.3329194e-18
-0.19368993
-3.2526065e-19
-0.56723152
-0.54236453
-0.40974402
-0.42041877
-0.40974402
-0.18570841
-0.11277388
-0.03904111
1.4781387e-19
4.679857e-19
1.2688554e-18
-0.20603062
-0.12540839
-0.043467228
-0.22879749
-0.23744835
-0.24461567
-0.15180621
-0.091947467
-0.031789198
1.5958564e-18
1.8698252e-18
4.9466724e-19
-0.16063405
-0.097405832
-0.033696021
-0.1854698
-0.18926312
-0.19235298
-0.21657604
-0.20323217
-0.19006884
-4.3389263e-19
-1.3552527e-20
3.5778672e-18
-1.7212371e-18
1.1142718e-18
-9.7578196e-19
-0.23805083
-0.22009081
-0.20267041
-0.47668054
-0.48260673
-0.4856287
-0.48725134
-0.51239955
-0.5332435
-0.56647815
-0.56093773
-0.55012271
-0.50319416
-0.53234703
-0.55659596
-0.38053624
-0.38313893
-0.38445987
-0.38538234
-0.39662121
-0.40577998
-0.42009818
-0.41773515
-0.41309509
-0.39236521
-0.40528814
-0.4158435
-0.46812151
-0.43463085
-0.40174699
-0.455937
-0.42504043
-0.39456189
-0.51856807
-0.4745094
-0.4317745
-0.54069314
-0.49178441
-0.4446241
-0.36474496
-0.3712003
-0.37640913
-0.38538234
-0.39662121
-0.40577998
-0.38538234
-0.39662121
-0.40577998
-0.36474496
-0.3712003
-0.37640913
-0.28867513
-0.28867513
-0.28867513
-0.28867513
-0.28867513
-0.28867513
-0.28867513
-0.28867513
-0.28867513
-0.28867513
-0.28867513
-0.28867513
-0.30113675
-0.32475953
-0.34838231
-0.30395098
-0.33320369
-0.36284937
-0.30882153
-0.34786205
-0.38805727
-0.30395098
-0.33320369
-0.36284937
-0.38445987
-0.38313893
-0.38053624
-0.41309509
-0.41773515
-0.42009818
-0.28867513
-0.28867513
-0.28867513
-0.28867513
-0.28867513
-0.28867513
-0.28867513
-0.28867513
-0.28867513
-0.30487629
-0.33600514
-0.36769266
-0.3104492
-0.35281214
-0.39666146
-0.20337802
-0.12375551
-0.042887532
-0.19731955
-0.11998457
-0.041565734
-0.19001621
-0.11544658
-0.03997644
-0.17974195
-0.10909928
-0.037759923
-0.16856199
-0.10222457
-0.035364906
-0.15754944
-0.095466518
-0.033012953
1.9778087e-18
1.531687e-18
-5.0416493e-18
1.1737238e-18
6.2593088e-19
-1.3345004e-18
5.5396286e-19
2.0261028e-18
-1.3078189e-18
-0.041701345
-0.12035597
-0.19786612
-0.038446466
-0.11103377
-0.18277153
-0.035307387
-0.10203144
-0.16815746
-0.23526359
-0.22887988
-0.22115153
-0.21791895
-0.2129265
-0.20684838
-0.20105879
-0.19734097
-0.19278971
-0.15371676
-0.093127102
-0.032200999
-0.15690705
-0.095098959
-0.032889719
-0.15950801
-0.09670848
-0.033452217
-0.55588899
-0.5506888
-0.54053292
-0.53174422
-0.52730812
-0.518634
-0.50271358
-0.49917463
-0.492243
-0.46775532
-0.46505666
-0.45976008
-0.43434329
-0.4322228
-0.42805449
-0.40153204
-0.39994606
-0.39682364
-0.4692747
-0.49181143
-0.51043472
-0.43564612
-0.45347902
-0.46813286
-0.40259239
-0.41603046
-0.42701259
-0.52547852
-0.53510011
-0.5400239
-0.47991613
-0.48742721
-0.49126339
-0.43580418
-0.44139012
-0.44423764
-0.53122766
-0.50960064
-0.48351517
-0.48438922
-0.46742605
-0.44684203
-0.43911919
-0.42644387
-0.41097246
-0.39215625
-0.3906146
-0.38758001
-0.4050283
-0.40311217
-0.39934527
-0.41554142
-0.41331449
-0.40894024
-0.38277607
-0.39339497
-0.4020404
-0.3767269
-0.38592468
-0.39339497
-0.36925134
-0.3767269
-0.38277607
-0.35156084
-0.35680964
-0.36103496
-0.3266246
-0.32969232
-0.33215092
-0.3017616
-0.30278533
-0.30360219
-0.36832609
-0.3774452
-0.38485569
-0.33640835
-0.34171966
-0.34601328
-0.30502232
-0.30678986
-0.30821142
-0.38485569
-0.3774452
-0.36832609
-0.34601328
-0.34171966
-0.33640835
-0.30821142
-0.30678986
-0.30502232
-0.36103496
-0.35680964
-0.35156084
-0.33215092
-0.32969232
-0.3266246
-0.30360219
-0.30278533
-0.3017616
-0.28867513
-0.28867513
-0.28867513
-0.28867513
-0.28867513
-0.28867513
-0.28867513
-0.28867513
-0.28867513
-0.40894024
-0.41331449
-0.41554142
-0.39934527
-0.40311217
-0.4050283
-0.38758001
-0.3906146
-0.39215625
-0.3643765
-0.3664809
-0.36754811
-0.33408838
-0.33530543
-0.33592171
-0.30424364
-0.30464557
-0.3048488
-0.37397058
-0.3844433
-0.39297184
-0.33967163
-0.3457581
-0.35068725
-0.30609989
-0.30812138
-0.30974969
-0.39640343
-0.39450076
-0.39076106
-0.35266408
-0.35157158
-0.34942046
-0.31040064
-0.31004209
-0.30933488
-0.28867513
-0.28867513
-0.28867513
-0.28867513
-0.28867513
-0.28867513
-0.28867513
-0.28867513
-0.28867513
-0.18359808
-0.11148964
-0.038596074
-0.19011809
-0.11553701
-0.040012847
-0.19551008
-0.11888954
-0.041187341
-0.17160611
-0.10410854
-0.036023374
-0.17672741
-0.10728203
-0.037133242
-0.18093839
-0.10989516
-0.038047789
-0.1598373
-0.096880245
-0.033506675
-0.16366742
-0.099249616
-0.034334602
-0.1667991
-0.10118939
-0.035012842
-0.48308646
-0.47992842
-0.47373745
-0.50906381
-0.50511183
-0.49737691
-0.53059914
-0.52597413
-0.51693222
-0.44650579
-0.44402738
-0.43916077
-0.46700627
-0.46391388
-0.45785059
-0.48389922
-0.48029083
-0.47322291
-0.41072138
-0.40886957
-0.4052275
-0.42613126
-0.42382674
-0.41930038
-0.43875526
-0.43607342
-0.43081065
-0.35523236
-0.36130984
-0.3662157
-0.36130984
-0.36878219
-0.37483534
-0.3662157
-0.37483534
-0.38183383
-0.32877894
-0.33233052
-0.33518431
-0.33233052
-0.33669224
-0.34020838
-0.33518431
-0.34020838
-0.34426669
-0.30248349
-0.30366876
-0.30461684
-0.30366876
-0.3051231
-0.30628989
-0.30461684
-0.30628989
-0.30763456
-0.37010408
-0.37255684
-0.37380188
-0.37964677
-0.38268809
-0.38423377
-0.38740692
-0.39093439
-0.39272855
-0.33743792
-0.33885573
-0.33957432
-0.34299233
-0.34474712
-0.34563748
-0.34748517
-0.34951624
-0.35054751
-0.30536283
-0.30583094
-0.30606783
-0.30721018
-0.30778866
-0.30808171
-0.30869669
-0.30936503
-0.30970381
-0.28867513
-0.14433757
0
-0.28867513
-0.36084392
-2.1684043e-18
-0.14433757
-0.47240707
-0.48603889
-0.37864925
-0.38463884
0.22368927
5.0957502e-18
0.18319635
-1.3010426e-18
-0.18319635
-0.37864925
-0.24775119
-0.25629728
-0.19368993
-0.19728907
-5.3329194e-18
0.24775119
-0.19368993
-3.2526065e-19
0.19368993
-0.47668054
-0.48260673
-0.4856287
-0.4492025
-0.37588867
-0.29851333
-0.25041783
-0.25413461
-0.25603842
-0.43609876
-0.3642077
-0.28876571
-0.38053624
-0.38313893
-0.38445987
-0.35339144
-0.29278126
-0.23061039
-0.19481997
-0.19638441
-0.19718101
-0.34768534
-0.28777162
-0.22648244
-0.455937
-0.42504043
-0.39456189
-0.46812151
-0.43463085
-0.40174699
-0.24563076
-0.22597295
-0.20701788
-0.23805083
-0.22009081
-0.20267041
0.18570841
0.11277388
0.03904111
0.22879749
0.23744835
0.24461567
0.043467228
0.12540839
0.20603062
1.4781387e-19
4.679857e-19
1.2688554e-18
0.15180621
0.091947467
0.031789198
0.1854698
0.18926312
0.19235298
0.033696021
0.097405832
0.16063405
1.5958564e-18
1.8698252e-18
4.9466724e-19
-4.3389263e-19
-1.3552527e-20
3.5778672e-18
0.21657604
0.20323217
0.19006884
0.23805083
0.22009081
0.20267041
-1.7212371e-18
1.1142718e-18
-9.7578196e-19
-0.3308016
-0.27305464
-0.21442052
-0.1854698
-0.18926312
-0.19235298
-0.34768534
-0.28777162
-0.22648244
-0.36474496
-0.3712003
-0.37640913
-0.26375191
-0.21650635
-0.16926079
-0.14433757
-0.14433757
-0.14433757
-0.26375191
-0.21650635
-0.16926079
-0.28867513
-0.28867513
-0.28867513
-0.30113675
-0.32475953
-0.34838231
-0.15093503
-0.16356894
-0.17637257
-0.15255002
-0.16846444
-0.18484957
-0.30395098
-0.33320369
-0.36284937
-0.031789198
-0.091947467
-0.15180621
-0.16063405
-0.097405832
-0.033696021
-0.11941434
-0.072168784
-0.024923225
9.6895275e-19
4.37069e-19
8.1315163e-19
-0.024923225
-0.072168784
-0.11941434
-2.6020852e-18
-1.8431437e-18
1.3027367e-18
1.3281477e-18
-2.2022857e-19
1.2613379e-18
-0.29180896
-0.29604809
-0.29821831
-0.36785939
-0.37293873
-0.3755358
-0.44020226
-0.44589941
-0.4488076
-0.45976008
-0.46505666
-0.46775532
-0.42805449
-0.4322228
-0.43434329
-0.39682364
-0.39994606
-0.40153204
-0.43219011
-0.36101058
-0.28627495
-0.40048637
-0.33342478
-0.26367877
-0.36947731
-0.30661892
-0.24183923
-0.24540153
-0.24371491
-0.24041864
-0.22579558
-0.22448956
-0.22193207
-0.20688716
-0.2059239
-0.204034
-0.27762052
-0.35061557
-0.42049661
-0.2569503
-0.32530876
-0.39130993
-0.23685745
-0.30058548
-0.36262217
-0.34948155
-0.35196124
-0.35322074
-0.2893466
-0.29152388
-0.29263112
-0.22777901
-0.22957324
-0.23048651
0.042887532
0.12375551
0.20337802
0.041565734
0.11998457
0.19731955
0.03997644
0.11544658
0.19001621
0.037759923
0.10909928
0.17974195
0.035364906
0.10222457
0.16856199
0.033012953
0.095466518
0.15754944
0.22115153
0.22887988
0.23526359
0.20684838
0.2129265
0.21791895
0.19278971
0.19734097
0.20105879
0.19786612
0.12035597
0.041701345
0.18277153
0.11103377
0.038446466
0.16815746
0.10203144
0.035307387
-5.0416493e-18
1.531687e-18
1.9778087e-18
-1.3345004e-18
6.2593088e-19
1.1737238e-18
-1.3078189e-18
2.0261028e-18
5.5396286e-19
0.032200999
0.093127102
0.15371676
0.032889719
0.095098959
0.15690705
0.033452217
0.09670848
0.15950801
-0.34555474
-0.28590578
-0.22494787
-0.34060781
-0.28158332
-0.22139884
-0.33449086
-0.27625716
-0.21703712
-0.31918082
-0.26319381
-0.2065069
-0.29720144
-0.24461235
-0.19163929
-0.27528662
-0.22617501
-0.17694426
-0.17821531
-0.18128235
-0.18377359
-0.16463982
-0.16641391
-0.1678474
-0.15129047
-0.15187665
-0.15234785
-0.21625808
-0.27511175
-0.332882
-0.19727828
-0.25152599
-0.30518018
-0.17880693
-0.22846557
-0.27793984
-0.36103496
-0.35680964
-0.35156084
-0.33215092
-0.32969232
-0.3266246
-0.30360219
-0.30278533
-0.3017616
-0.26375191
-0.21650635
-0.16926079
-0.26375191
-0.21650635
-0.16926079
-0.26375191
-0.21650635
-0.16926079
-0.15950801
-0.09670848
-0.033452217
-0.15690705
-0.095098959
-0.032889719
-0.15371676
-0.093127102
-0.032200999
-0.14610799
-0.088459636
-0.030576941
-0.13542786
-0.081932164
-0.02830992
-0.12490408
-0.075512649
-0.026082573
8.6673298e-19
2.7099793e-18
-2.9309987e-19
9.0844284e-19
3.2665826e-18
-1.4365679e-18
2.2260555e-18
2.5478751e-18
-1.0706496e-18
-0.032114341
-0.092862461
-0.1532349
-0.029194637
-0.084467873
-0.13953897
-0.026373453
-0.076346986
-0.12625881
-0.11941434
-0.072168784
-0.024923225
-0.11941434
-0.072168784
-0.024923225
-0.11941434
-0.072168784
-0.024923225
-0.42416185
-0.42924546
-0.43183817
-0.35386852
-0.35838828
-0.360697
-0.2803254
-0.28408876
-0.28601342
-0.39419117
-0.39817989
-0.40021085
-0.32785331
-0.33138156
-0.33318059
-0.25905747
-0.26198281
-0.26347602
-0.36477819
-0.36775746
-0.36927198
-0.30248055
-0.30510302
-0.30643786
-0.23842064
-0.24058619
-0.24168952
0.038596074
0.11148964
0.18359808
0.040012847
0.11553701
0.19011809
0.041187341
0.11888954
0.19551008
0.036023374
0.10410854
0.17160611
0.037133242
0.10728203
0.17672741
0.038047789
0.10989516
0.18093839
0.033506675
0.096880245
0.1598373
0.034334602
0.099249616
0.16366742
0.035012842
0.10118939
0.1667991
-0.32218341
-0.26579534
-0.2086292
-0.32715104
-0.27011199
-0.21215835
-0.33115866
-0.27360603
-0.21502204
-0.29895959
-0.24613034
-0.19287413
-0.30185647
-0.2486382
-0.19491823
-0.30418278
-0.25065821
-0.19656837
-0.27587445
-0.22668083
-0.17735461
-0.27683908
-0.22751292
-0.17803085
-0.27761019
-0.22817991
-0.17857401
-0.14765571
-0.089414503
-0.030910145
-0.15023361
-0.091006511
-0.031465955
-0.15232928
-0.092302161
-0.031918549
-0.13632636
-0.0824857
-0.028502938
-0.13781586
-0.083404136
-0.028823335
-0.13902028
-0.084147523
-0.029082793
-0.12520201
-0.075695943
-0.026146444
-0.12569362
-0.075998632
-0.026251958
-0.12608908
-0.076242327
-0.026336944
-0.28867513
-0.28867513
-0.28867513
-0.14433757
-0.36084392
-0.14433757
-0.14433757
-0.47240707
-0.48603889
-0.37864925
-0.38463884
-0.47240707
-0.48603889
-0.37864925
-0.38463884
-0.37864925
-0.18319635
-0.54236453
-0.56723152
-0.40974402
-0.42041877
-0.25629728
-0.24775119
-0.19368993
-0.19728907
-0.19368993
-0.47668054
-0.48260673
-0.4856287
-0.50319416
-0.53234703
-0.55659596
-0.55012271
-0.56093773
-0.56647815
-0.48725134
-0.51239955
-0.5332435
-0.38053624
-0.38313893
-0.38445987
-0.39236521
-0.40528814
-0.4158435
-0.41309509
-0.41773515
-0.42009818
-0.38538234
-0.39662121
-0.40577998
-0.455937
-0.42504043
-0.39456189
-0.46812151
-0.43463085
-0.40174699
-0.54069314
-0.49178441
-0.4446241
-0.51856807
-0.4745094
-0.4317745
-0.47668054
-0.48260673
-0.4856287
-0.43609876
-0.3642077
-0.28876571
-0.25603842
-0.25413461
-0.25041783
-0.4492025
-0.37588867
-0.29851333
-0.38053624
-0.38313893
-0.38445987
-0.34768534
-0.28777162
-0.22648244
-0.19718101
-0.19638441
-0.19481997
-0.35339144
-0.29278126
-0.23061039
-0.46812151
-0.43463085
-0.40174699
-0.455937
-0.42504043
-0.39456189
-0.23805083
-0.22009081
-0.20267041
-0.24563076
-0.22597295
-0.20701788
-0.36474496
-0.3712003
-0.37640913
-0.34768534
-0.28777162
-0.22648244
-0.1854698
-0.18926312
-0.19235298
-0.3308016
-0.27305464
-0.21442052
-0.28867513
-0.28867513
-0.28867513
-0.26375191
-0.21650635
-0.16926079
-0.14433757
-0.14433757
-0.14433757
-0.26375191
-0.21650635
-0.16926079
-0.30113675
-0.32475953
-0.34838231
-0.30395098
-0.33320369
-0.36284937
-0.15255002
-0.16846444
-0.18484957
-0.15093503
-0.16356894
-0.17637257
-0.38445987
-0.38313893
-0.38053624
-0.19481997
-0.19638441
-0.19718101
-0.28867513
-0.28867513
-0.28867513
-0.26375191
-0.21650635
-0.16926079
-0.14433757
-0.14433757
-0.14433757
-0.30487629
-0.33600514
-0.36769266
-0.15308918
-0.17011605
-0.18774034
-0.54053292
-0.5506888
-0.55588899
-0.518634
-0.52730812
-0.53174422
-0.492243
-0.49917463
-0.50271358
-0.45976008
-0.46505666
-0.46775532
-0.42805449
-0.4322228
-0.43434329
-0.39682364
-0.39994606
-0.40153204
-0.48351517
-0.50960064
-0.53122766
-0.44684203
-0.46742605
-0.48438922
-0.41097246
-0.42644387
-0.43911919
-0.5400239
-0.53510011
-0.52547852
-0.49126339
-0.48742721
-0.47991613
-0.44423764
-0.44139012
-0.43580418
-0.51043472
-0.49181143
-0.4692747
-0.46813286
-0.45347902
-0.43564612
-0.42701259
-0.41603046
-0.40259239
-0.38758001
-0.3906146
-0.39215625
-0.39934527
-0.40311217
-0.4050283
-0.40894024
-0.41331449
-0.41554142
-0.29821831
-0.29604809
-0.29180896
-0.3755358
-0.37293873
-0.36785939
-0.4488076
-0.44589941
-0.44020226
-0.46775532
-0.46505666
-0.45976008
-0.43434329
-0.4322228
-0.42805449
-0.40153204
-0.39994606
-0.39682364
-0.42049661
-0.35061557
-0.27762052
-0.39130993
-0.32530876
-0.2569503
-0.36262217
-0.30058548
-0.23685745
-0.24041864
-0.24371491
-0.24540153
-0.22193207
-0.22448956
-0.22579558
-0.204034
-0.2059239
-0.20688716
-0.28627495
-0.36101058
-0.43219011
-0.26367877
-0.33342478
-0.40048637
-0.24183923
-0.30661892
-0.36947731
-0.35322074
-0.35196124
-0.34948155
-0.29263112
-0.29152388
-0.2893466
-0.23048651
-0.22957324
-0.22777901
-0.21703712
-0.22139884
-0.22494787
-0.27625716
-0.28158332
-0.28590578
-0.33449086
-0.34060781
-0.34555474
-0.35156084
-0.35680964
-0.36103496
-0.3266246
-0.32969232
-0.33215092
-0.3017616
-0.30278533
-0.30360219
-0.332882
-0.27511175
-0.21625808
-0.30518018
-0.25152599
-0.19727828
-0.27793984
-0.22846557
-0.17880693
-0.18377359
-0.18128235
-0.17821531
-0.1678474
-0.16641391
-0.16463982
-0.15234785
-0.15187665
-0.15129047
-0.2065069
-0.26319381
-0.31918082
-0.19163929
-0.24461235
-0.29720144
-0.17694426
-0.22617501
-0.27528662
-0.26375191
-0.26375191
-0.26375191
-0.21650635
-0.21650635
-0.21650635
-0.16926079
-0.16926079
-0.16926079
-0.22777901
-0.22957324
-0.23048651
-0.2893466
-0.29152388
-0.29263112
-0.34948155
-0.35196124
-0.35322074
-0.3643765
-0.3664809
-0.36754811
-0.33408838
-0.33530543
-0.33592171
-0.30424364
-0.30464557
-0.3048488
-0.33748938
-0.27914694
-0.21957645
-0.30783811
-0.25384351
-0.19917718
-0.27881552
-0.22922586
-0.17942775
-0.18765367
-0.18701453
-0.18575811
-0.17006666
-0.16970221
-0.1689845
-0.1530731
-0.15295435
-0.1527201
-0.26375191
-0.26375191
-0.26375191
-0.21650635
-0.21650635
-0.21650635
-0.16926079
-0.16926079
-0.16926079
-0.47373745
-0.47992842
-0.48308646
-0.49737691
-0.50511183
-0.50906381
-0.51693222
-0.52597413
-0.53059914
-0.43916077
-0.44402738
-0.44650579
-0.45785059
-0.46391388
-0.46700627
-0.47322291
-0.48029083
-0.48389922
-0.4052275
-0.40886957
-0.41072138
-0.41930038
-0.42382674
-0.42613126
-0.43081065
-0.43607342
-0.43875526
-0.43183817
-0.42924546
-0.42416185
-0.360697
-0.35838828
-0.35386852
-0.28601342
-0.28408876
-0.2803254
-0.40021085
-0.39817989
-0.39419117
-0.33318059
-0.33138156
-0.32785331
-0.26347602
-0.26198281
-0.25905747
-0.36927198
-0.36775746
-0.36477819
-0.30643786
-0.30510302
-0.30248055
-0.24168952
-0.24058619
-0.23842064
-0.32218341
-0.32715104
-0.33115866
-0.26579534
-0.27011199
-0.27360603
-0.2086292
-0.21215835
-0.21502204
-0.29895959
-0.30185647
-0.30418278
-0.24613034
-0.2486382
-0.25065821
-0.19287413
-0.19491823
-0.19656837
-0.27587445
-0.27683908
-0.27761019
-0.22668083
-0.22751292
-0.22817991
-0.17735461
-0.17803085
-0.17857401
-0.33433361
-0.33633566
-0.33735172
-0.27638156
-0.27813518
-0.27902617
-0.21730139
-0.21874361
-0.21947701
-0.30601895
-0.30717373
-0.30775888
-0.25225654
-0.25326352
-0.25377431
-0.19787639
-0.19870155
-0.19912042
-0.27821662
-0.27859701
-0.27878947
-0.22870564
-0.22903594
-0.22920322
-0.17900282
-0.17927255
-0.17940924
