MFEM mesh v1.0

#
# MFEM Geometry Types (see mesh/geom.hpp):
#
# POINT       = 0
# SEGMENT     = 1
# TRIANGLE    = 2
# SQUARE      = 3
# TETRAHEDRON = 4
# CUBE        = 5
#

dimension
3

elements
6
1 5 1 9 10 0 4 11 12 3
1 5 13 2 1 14 17 5 4 19
1 5 14 1 0 15 19 4 3 20
1 5 16 17 19 18 21 22 24 23
1 5 17 5 4 19 22 8 7 24
1 5 19 4 3 20 24 7 6 25

boundary
24
15 3 0 10 9 1
15 3 1 9 11 4
15 3 2 1 4 5
15 3 9 10 12 11
15 3 10 0 3 12
15 3 4 11 12 3
15 3 5 4 7 8
15 3 4 3 6 7
15 3 14 1 2 13
15 3 15 0 1 14
15 3 13 2 5 17
15 3 14 13 17 19
15 3 18 19 17 16
15 3 15 14 19 20
15 3 0 15 20 3
15 3 16 17 22 21
15 3 17 5 8 22
15 3 18 16 21 23
15 3 19 18 23 24
15 3 21 22 24 23
15 3 22 8 7 24
15 3 20 19 24 25
15 3 3 20 25 6
15 3 24 7 6 25

vertices
26

nodes
FiniteElementSpace
FiniteElementCollection: H1_3D_P4
VDim: 3
Ordering: 0

-0.57019239
-0.59335069
-0.57019239
-0.47240707
-0.48603889
-0.47240707
-0.37864925
-0.38463884
-0.37864925
-0.3224644
-0.30722904
-0.25629728
-0.24775119
-0.68827279
-0.73185567
-0.68827279
-0.56723152
-0.54236453
-0.59630391
-0.56723152
-0.54236453
-0.42041877
-0.40974402
-0.43275991
-0.42041877
-0.40974402
-0.55184515
-0.4667897
-0.37407891
-0.32199842
-0.31857997
-0.31195018
-0.52936069
-0.44639856
-0.35681328
-0.57741475
-0.58748697
-0.59264872
-0.4492025
-0.37588867
-0.29851333
-0.25603842
-0.25413461
-0.25041783
-0.43609876
-0.3642077
-0.28876571
-0.47668054
-0.48260673
-0.4856287
-0.57437618
-0.53892397
-0.50413239
-0.31047167
-0.28840695
-0.26717658
-0.2965368
-0.2767634
-0.25761269
-0.55300856
-0.52078024
-0.48899717
-0.59470673
-0.6368947
-0.67250374
-0.59264872
-0.58748697
-0.57741475
-0.62192553
-0.67132121
-0.71323188
-0.70177661
-0.72074224
-0.73052242
-0.48725134
-0.51239955
-0.5332435
-0.4856287
-0.48260673
-0.47668054
-0.50319416
-0.53234703
-0.55659596
-0.55012271
-0.56093773
-0.56647815
-0.66204309
-0.61353593
-0.56655631
-0.55300856
-0.52078024
-0.48899717
-0.70201769
-0.64712055
-0.59429927
-0.59470673
-0.6368947
-0.67250374
-0.73052242
-0.72074224
-0.70177661
-0.48725134
-0.51239955
-0.5332435
-0.56647815
-0.56093773
-0.55012271
-0.66204309
-0.61353593
-0.56655631
-0.56647815
-0.56093773
-0.55012271
-0.5954215
-0.58893516
-0.57628973
-0.57628973
-0.58893516
-0.5954215
-0.42009818
-0.41773515
-0.41309509
-0.41309509
-0.41773515
-0.42009818
-0.43238884
-0.42965456
-0.42428975
-0.42428975
-0.42965456
-0.43238884
-0.54069314
-0.49178441
-0.4446241
-0.51856807
-0.4745094
-0.4317745
-0.54069314
-0.49178441
-0.4446241
-0.56650477
-0.51186117
-0.45950538
-0.38538234
-0.39662121
-0.40577998
-0.38445987
-0.38313893
-0.38053624
-0.39236521
-0.40528814
-0.4158435
-0.455937
-0.42504043
-0.39456189
-0.46812151
-0.43463085
-0.40174699
-0.38053624
-0.38313893
-0.38445987
-0.38538234
-0.39662121
-0.40577998
-0.42009818
-0.41773515
-0.41309509
-0.455937
-0.42504043
-0.39456189
-0.51856807
-0.4745094
-0.4317745
-0.53636295
-0.45273421
-0.36216784
-0.54614326
-0.46160566
-0.36968063
-0.55116224
-0.46616835
-0.37355141
-0.53360195
-0.45048953
-0.36042754
-0.49962501
-0.42029804
-0.33525945
-0.46641834
-0.39099869
-0.31097955
-0.31004621
-0.30692361
-0.30086034
-0.2880526
-0.28544967
-0.28038435
-0.26688643
-0.26475334
-0.26059351
-0.34461701
-0.43176726
-0.51289327
-0.32202007
-0.40454392
-0.48209907
-0.30008244
-0.37797121
-0.45184539
-0.55967856
-0.56897123
-0.57372932
-0.52645361
-0.53434305
-0.53837604
-0.49373779
-0.50031807
-0.5036764
-0.4488076
-0.3755358
-0.29821831
-0.44589941
-0.37293873
-0.29604809
-0.44020226
-0.36785939
-0.29180896
-0.71198729
-0.67027185
-0.62109864
-0.70285493
-0.66256691
-0.61502184
-0.68513266
-0.64758889
-0.60318202
-0.64754393
-0.61473255
-0.57573314
-0.60129899
-0.57349714
-0.5402524
-0.55640335
-0.53324724
-0.50539442
-0.55967856
-0.56897123
-0.57372932
-0.52645361
-0.53434305
-0.53837604
-0.49373779
-0.50031807
-0.5036764
-0.6008228
-0.64640067
-0.68493468
-0.56152014
-0.60024236
-0.63276506
-0.5231085
-0.555448
-0.58243653
-0.70079696
-0.69183807
-0.67444436
-0.64609826
-0.63858938
-0.62397882
-0.59345743
-0.5872689
-0.57520191
-0.54053292
-0.518634
-0.492243
-0.5506888
-0.52730812
-0.49917463
-0.55588899
-0.53174422
-0.50271358
-0.68513266
-0.64758889
-0.60318202
-0.70285493
-0.66256691
-0.61502184
-0.71198729
-0.67027185
-0.62109864
-0.57573314
-0.61473255
-0.64754393
-0.5402524
-0.57349714
-0.60129899
-0.50539442
-0.53324724
-0.55640335
-0.67444436
-0.69183807
-0.70079696
-0.62397882
-0.63858938
-0.64609826
-0.57520191
-0.5872689
-0.59345743
-0.55588899
-0.53174422
-0.50271358
-0.5506888
-0.52730812
-0.49917463
-0.54053292
-0.518634
-0.492243
-0.59454305
-0.58808576
-0.5754965
-0.58808576
-0.58184138
-0.56966385
-0.5754965
-0.56966385
-0.55828301
-0.5400239
-0.53510011
-0.52547852
-0.49126339
-0.48742721
-0.47991613
-0.44423764
-0.44139012
-0.43580418
-0.52547852
-0.53510011
-0.5400239
-0.47991613
-0.48742721
-0.49126339
-0.43580418
-0.44139012
-0.44423764
-0.54874516
-0.55997112
-0.56572267
-0.49806141
-0.50679149
-0.51125475
-0.44928672
-0.45575639
-0.45905725
-0.56572267
-0.55997112
-0.54874516
-0.51125475
-0.50679149
-0.49806141
-0.45905725
-0.45575639
-0.44928672
-0.42395342
-0.4214746
-0.41660841
-0.42929628
-0.42665598
-0.4214746
-0.43201931
-0.42929628
-0.42395342
-0.51043472
-0.49181143
-0.4692747
-0.46813286
-0.45347902
-0.43564612
-0.42701259
-0.41603046
-0.40259239
-0.45976008
-0.46505666
-0.46775532
-0.42805449
-0.4322228
-0.43434329
-0.39682364
-0.39994606
-0.40153204
-0.48351517
-0.50960064
-0.53122766
-0.44684203
-0.46742605
-0.48438922
-0.41097246
-0.42644387
-0.43911919
-0.40894024
-0.39934527
-0.38758001
-0.41331449
-0.40311217
-0.3906146
-0.41554142
-0.4050283
-0.39215625
-0.46775532
-0.46505666
-0.45976008
-0.43434329
-0.4322228
-0.42805449
-0.40153204
-0.39994606
-0.39682364
-0.4692747
-0.49181143
-0.51043472
-0.43564612
-0.45347902
-0.46813286
-0.40259239
-0.41603046
-0.42701259
-0.52547852
-0.53510011
-0.5400239
-0.47991613
-0.48742721
-0.49126339
-0.43580418
-0.44139012
-0.44423764
-0.41554142
-0.4050283
-0.39215625
-0.41331449
-0.40311217
-0.3906146
-0.40894024
-0.39934527
-0.38758001
-0.53297384
-0.44991991
-0.35994532
-0.52835597
-0.44573542
-0.35640517
-0.51934883
-0.43759077
-0.34952621
-0.4990948
-0.41982009
-0.33485691
-0.4951941
-0.41630644
-0.33189929
-0.48757248
-0.40945418
-0.32614005
-0.46597858
-0.39060457
-0.31064922
-0.46274118
-0.38770503
-0.30822029
-0.45640473
-0.38203968
-0.30348081
-0.6591519
-0.62458064
-0.5835531
-0.67542038
-0.63835733
-0.59446589
-0.683794
-0.64543687
-0.60006164
-0.61108928
-0.5818312
-0.54689324
-0.62477749
-0.59346429
-0.55614224
-0.6318081
-0.59943071
-0.56087659
-0.56452061
-0.54017886
-0.51093552
-0.57584339
-0.54983367
-0.51863789
-0.58164718
-0.55477613
-0.52257383
-0.683794
-0.64543687
-0.60006164
-0.67542038
-0.63835733
-0.59446589
-0.6591519
-0.62458064
-0.5835531
-0.6318081
-0.59943071
-0.56087659
-0.62477749
-0.59346429
-0.55614224
-0.61108928
-0.5818312
-0.54689324
-0.58164718
-0.55477613
-0.52257383
-0.57584339
-0.54983367
-0.51863789
-0.56452061
-0.54017886
-0.51093552
-0.548041
-0.54286103
-0.53274265
-0.55921784
-0.55367762
-0.54286103
-0.56494402
-0.55921784
-0.548041
-0.49751388
-0.493483
-0.4855933
-0.5062068
-0.50190308
-0.493483
-0.51065093
-0.5062068
-0.49751388
-0.44888105
-0.44589236
-0.44003111
-0.4553239
-0.452138
-0.44589236
-0.45861099
-0.4553239
-0.44888105
-0.51693222
-0.49737691
-0.47373745
-0.52597413
-0.50511183
-0.47992842
-0.53059914
-0.50906381
-0.48308646
-0.47322291
-0.45785059
-0.43916077
-0.48029083
-0.46391388
-0.44402738
-0.48389922
-0.46700627
-0.44650579
-0.43081065
-0.41930038
-0.4052275
-0.43607342
-0.42382674
-0.40886957
-0.43875526
-0.42613126
-0.41072138
-0.53059914
-0.50906381
-0.48308646
-0.52597413
-0.50511183
-0.47992842
-0.51693222
-0.49737691
-0.47373745
-0.48389922
-0.46700627
-0.44650579
-0.48029083
-0.46391388
-0.44402738
-0.47322291
-0.45785059
-0.43916077
-0.43875526
-0.42613126
-0.41072138
-0.43607342
-0.42382674
-0.40886957
-0.43081065
-0.41930038
-0.4052275
0.57019239
0.59335069
0.57019239
0.47240707
0.48603889
0.47240707
0.37864925
0.38463884
0.37864925
0.73185567
0.68827279
0.56723152
0.54236453
0.30722904
0.3224644
0.30722904
-5.3329194e-18
0.24775119
-5.5429836e-18
0.25629728
0.24775119
-3.2526065e-19
0.19368993
-1.8295912e-18
0.19728907
0.19368993
0.62192553
0.67132121
0.71323188
0.73052242
0.72074224
0.70177661
0.59470673
0.6368947
0.67250374
0.57741475
0.58748697
0.59264872
0.50319416
0.53234703
0.55659596
0.56647815
0.56093773
0.55012271
0.48725134
0.51239955
0.5332435
0.47668054
0.48260673
0.4856287
0.57437618
0.53892397
0.50413239
0.70201769
0.64712055
0.59429927
0.66204309
0.61353593
0.56655631
0.55300856
0.52078024
0.48899717
0.52936069
0.44639856
0.35681328
0.59264872
0.58748697
0.57741475
0.55184515
0.4667897
0.37407891
0.31195018
0.31857997
0.32199842
0.43609876
0.3642077
0.28876571
0.4856287
0.48260673
0.47668054
0.4492025
0.37588867
0.29851333
0.25041783
0.25413461
0.25603842
0.2965368
0.2767634
0.25761269
0.55300856
0.52078024
0.48899717
0.31047167
0.28840695
0.26717658
0.52936069
0.44639856
0.35681328
0.32199842
0.31857997
0.31195018
0.43609876
0.3642077
0.28876571
0.25603842
0.25413461
0.25041783
0.2965368
0.2767634
0.25761269
0.043467228
0.12540839
0.20603062
0.045051695
0.1299233
0.21326717
-2.4326852e-18
-7.9684625e-18
-4.8348641e-18
0.033696021
0.097405832
0.16063405
0.19481997
0.19638441
0.19718101
0.034353612
0.099285939
0.16366737
-3.0222136e-18
-4.6087063e-18
-4.1267445e-18
-1.7212371e-18
1.1142718e-18
-9.7578196e-19
0.23805083
0.22009081
0.20267041
0.24563076
0.22597295
0.20701788
-6.7623802e-18
-4.0513586e-18
-2.7172817e-18
0.34768534
0.28777162
0.22648244
0.38445987
0.38313893
0.38053624
0.35339144
0.29278126
0.23061039
0.455937
0.42504043
0.39456189
0.46812151
0.43463085
0.40174699
0.38053624
0.38313893
0.38445987
0.34768534
0.28777162
0.22648244
0.19718101
0.19638441
0.19481997
0.455937
0.42504043
0.39456189
0.23805083
0.22009081
0.20267041
0.60318202
0.64758889
0.68513266
0.61502184
0.66256691
0.70285493
0.62109864
0.67027185
0.71198729
0.6008228
0.64640067
0.68493468
0.56152014
0.60024236
0.63276506
0.5231085
0.555448
0.58243653
0.70079696
0.69183807
0.67444436
0.64609826
0.63858938
0.62397882
0.59345743
0.5872689
0.57520191
0.64754393
0.61473255
0.57573314
0.60129899
0.57349714
0.5402524
0.55640335
0.53324724
0.50539442
0.55967856
0.56897123
0.57372932
0.52645361
0.53434305
0.53837604
0.49373779
0.50031807
0.5036764
0.50271358
0.53174422
0.55588899
0.49917463
0.52730812
0.5506888
0.492243
0.518634
0.54053292
0.37355141
0.46616835
0.55116224
0.36968063
0.46160566
0.54614326
0.36216784
0.45273421
0.53636295
0.34461701
0.43176726
0.51289327
0.32202007
0.40454392
0.48209907
0.30008244
0.37797121
0.45184539
0.55967856
0.56897123
0.57372932
0.52645361
0.53434305
0.53837604
0.49373779
0.50031807
0.5036764
0.53360195
0.45048953
0.36042754
0.49962501
0.42029804
0.33525945
0.46641834
0.39099869
0.31097955
0.31004621
0.30692361
0.30086034
0.2880526
0.28544967
0.28038435
0.26688643
0.26475334
0.26059351
0.29180896
0.36785939
0.44020226
0.29604809
0.37293873
0.44589941
0.29821831
0.3755358
0.4488076
0.36216784
0.45273421
0.53636295
0.36968063
0.46160566
0.54614326
0.37355141
0.46616835
0.55116224
0.51289327
0.43176726
0.34461701
0.48209907
0.40454392
0.32202007
0.45184539
0.37797121
0.30008244
0.30086034
0.30692361
0.31004621
0.28038435
0.28544967
0.2880526
0.26059351
0.26475334
0.26688643
0.29821831
0.3755358
0.4488076
0.29604809
0.37293873
0.44589941
0.29180896
0.36785939
0.44020226
0.045003606
0.12978633
0.21304783
0.044650111
0.12877939
0.21143496
0.043960928
0.12681563
0.20828759
0.041701345
0.12035597
0.19786612
0.038446466
0.11103377
0.18277153
0.035307387
0.10203144
0.16815746
0.24041864
0.24371491
0.24540153
0.22193207
0.22448956
0.22579558
0.204034
0.2059239
0.20688716
0.20427898
0.12435211
0.04310288
0.18774013
0.1141231
0.039528735
0.17182424
0.10430658
0.036103573
-2.5005405e-18
-3.3088292e-18
-4.8798097e-18
-5.0347638e-18
-2.8427485e-18
-4.396948e-18
-4.7095032e-18
-3.4431889e-18
-2.6901833e-18
0.033902291
0.097995698
0.16158613
0.034188151
0.09881298
0.16290466
0.034333841
0.099229429
0.16357625
0.27762052
0.35061557
0.42049661
0.2569503
0.32530876
0.39130993
0.23685745
0.30058548
0.36262217
0.45976008
0.46505666
0.46775532
0.42805449
0.4322228
0.43434329
0.39682364
0.39994606
0.40153204
0.43219011
0.36101058
0.28627495
0.40048637
0.33342478
0.26367877
0.36947731
0.30661892
0.24183923
0.22777901
0.2893466
0.34948155
0.22957324
0.29152388
0.35196124
0.23048651
0.29263112
0.35322074
0.46775532
0.46505666
0.45976008
0.43434329
0.4322228
0.42805449
0.40153204
0.39994606
0.39682364
0.42049661
0.35061557
0.27762052
0.39130993
0.32530876
0.2569503
0.36262217
0.30058548
0.23685745
0.24041864
0.24371491
0.24540153
0.22193207
0.22448956
0.22579558
0.204034
0.2059239
0.20688716
0.23048651
0.29263112
0.35322074
0.22957324
0.29152388
0.35196124
0.22777901
0.2893466
0.34948155
0.60006164
0.64543687
0.683794
0.59446589
0.63835733
0.67542038
0.5835531
0.62458064
0.6591519
0.56087659
0.59943071
0.6318081
0.55614224
0.59346429
0.62477749
0.54689324
0.5818312
0.61108928
0.52257383
0.55477613
0.58164718
0.51863789
0.54983367
0.57584339
0.51093552
0.54017886
0.56452061
0.34952621
0.43759077
0.51934883
0.35640517
0.44573542
0.52835597
0.35994532
0.44991991
0.53297384
0.32614005
0.40945418
0.48757248
0.33189929
0.41630644
0.4951941
0.33485691
0.41982009
0.4990948
0.30348081
0.38203968
0.45640473
0.30822029
0.38770503
0.46274118
0.31064922
0.39060457
0.46597858
0.35994532
0.44991991
0.53297384
0.35640517
0.44573542
0.52835597
0.34952621
0.43759077
0.51934883
0.33485691
0.41982009
0.4990948
0.33189929
0.41630644
0.4951941
0.32614005
0.40945418
0.48757248
0.31064922
0.39060457
0.46597858
0.30822029
0.38770503
0.46274118
0.30348081
0.38203968
0.45640473
0.042138575
0.121603
0.1998685
0.042748127
0.12334095
0.20265734
0.043060415
0.12423108
0.20408492
0.038784849
0.11199993
0.18432623
0.039255456
0.11334325
0.1864866
0.039496047
0.11402982
0.18759023
0.035556856
0.10274448
0.16930716
0.035902999
0.10373358
0.1709012
0.036079598
0.10423809
0.17171393
0.2803254
0.35386852
0.42416185
0.28408876
0.35838828
0.42924546
0.28601342
0.360697
0.43183817
0.25905747
0.32785331
0.39419117
0.26198281
0.33138156
0.39817989
0.26347602
0.33318059
0.40021085
0.23842064
0.30248055
0.36477819
0.24058619
0.30510302
0.36775746
0.24168952
0.30643786
0.36927198
0.28601342
0.360697
0.43183817
0.28408876
0.35838828
0.42924546
0.2803254
0.35386852
0.42416185
0.26347602
0.33318059
0.40021085
0.26198281
0.33138156
0.39817989
0.25905747
0.32785331
0.39419117
0.24168952
0.30643786
0.36927198
0.24058619
0.30510302
0.36775746
0.23842064
0.30248055
0.36477819
0.26592163
2.9273459e-18
-0.26592163
0.22368927
5.0957502e-18
-0.22368927
0.18319635
-1.3010426e-18
-0.18319635
6.0986372e-18
0.30722904
-7.3251409e-18
0.24775119
-0.30722904
-6.7762636e-19
0.30722904
-0.25629728
-0.24775119
1.9380114e-18
8.4432244e-18
0.24775119
-0.19728907
-0.19368993
3.3203692e-18
7.0473141e-18
0.19368993
2.4821639e-18
3.1539272e-18
5.3600245e-18
0.054417567
0.15665737
0.25627281
0.27450123
0.28926139
0.30171525
0.22122909
0.13473355
0.046712443
-5.6670475e-18
-5.1067616e-18
4.9009326e-18
0.043467228
0.12540839
0.20603062
0.22879749
0.23744835
0.24461567
0.18570841
0.11277388
0.03904111
2.602297e-18
3.9166803e-18
-1.6805134e-18
-9.0196204e-18
-5.91229e-19
-1.8465318e-19
0.2965368
0.2767634
0.25761269
0.25850013
0.24458109
0.23085435
-0.27450123
-0.28926139
-0.30171525
-0.046712443
-0.13473355
-0.22122909
1.0462551e-17
2.5682039e-18
5.1804535e-18
-0.25627281
-0.15665737
-0.054417567
-0.22879749
-0.23744835
-0.24461567
-0.03904111
-0.11277388
-0.18570841
4.4452289e-18
4.8246997e-18
7.7246228e-18
-0.20603062
-0.12540839
-0.043467228
-0.2965368
-0.2767634
-0.25761269
-0.25850013
-0.24458109
-0.23085435
7.3723498e-18
1.2384469e-17
8.9446679e-18
0.27450123
0.28926139
0.30171525
0.054417567
0.15665737
0.25627281
0.22879749
0.23744835
0.24461567
0.043467228
0.12540839
0.20603062
0.2965368
0.2767634
0.25761269
-0.25603842
-0.25413461
-0.25041783
1.2734293e-17
5.3337665e-18
1.5327908e-17
-0.21326717
-0.1299233
-0.045051695
-0.19718101
-0.19638441
-0.19481997
-0.16063405
-0.097405832
-0.033696021
1.1903142e-17
1.6347736e-18
2.3581397e-18
-0.16366737
-0.099285939
-0.034353612
-0.24563076
-0.22597295
-0.20701788
-0.23805083
-0.22009081
-0.20267041
6.4236067e-18
2.0074681e-18
1.5043305e-18
6.7893529e-18
-1.8965068e-18
1.5111068e-18
-0.1854698
-0.18926312
-0.19235298
-0.031789198
-0.091947467
-0.15180621
8.2399365e-18
7.0337616e-18
4.2199181e-18
-0.21657604
-0.20323217
-0.19006884
-4.3389263e-19
-1.3552527e-20
3.5778672e-18
0.15180621
0.091947467
0.031789198
0.1854698
0.18926312
0.19235298
0.033696021
0.097405832
0.16063405
0.21657604
0.20323217
0.19006884
0.23805083
0.22009081
0.20267041
0.22849233
0.24100674
0.2515843
0.13926427
0.14708688
0.15371483
0.048302401
0.051050476
0.05338174
1.3722545e-17
1.0566667e-17
6.4479457e-18
7.1343463e-18
4.5672811e-18
-3.0250723e-18
1.0066676e-17
5.3470014e-18
1.8931186e-18
0.052433323
0.1510053
0.24721777
0.048782057
0.14059278
0.23049878
0.045268158
0.13055732
0.21433924
0.29148121
0.28003783
0.26643124
0.27251983
0.26287626
0.25134031
0.25411168
0.24612485
0.23651425
0.21497499
0.13085675
0.045356276
0.20325928
0.12360635
0.042822107
0.1917231
0.11648226
0.040334793
0.03997644
0.041565734
0.042887532
0.11544658
0.11998457
0.12375551
0.19001621
0.19731955
0.20337802
-0.05338174
-0.051050476
-0.048302401
-0.15371483
-0.14708688
-0.13926427
-0.2515843
-0.24100674
-0.22849233
-0.29148121
-0.28003783
-0.26643124
-0.27251983
-0.26287626
-0.25134031
-0.25411168
-0.24612485
-0.23651425
-0.21497499
-0.13085675
-0.045356276
-0.20325928
-0.12360635
-0.042822107
-0.1917231
-0.11648226
-0.040334793
-4.3373381e-19
1.3850617e-17
5.4873047e-18
4.8043709e-18
1.2183722e-17
2.7257653e-18
4.7975946e-18
1.2231156e-18
1.8010038e-17
-0.052433323
-0.1510053
-0.24721777
-0.048782057
-0.14059278
-0.23049878
-0.045268158
-0.13055732
-0.21433924
-0.20337802
-0.19731955
-0.19001621
-0.12375551
-0.11998457
-0.11544658
-0.042887532
-0.041565734
-0.03997644
0.2515843
0.24100674
0.22849233
0.15371483
0.14708688
0.13926427
0.05338174
0.051050476
0.048302401
0.26643124
0.28003783
0.29148121
0.25134031
0.26287626
0.27251983
0.23651425
0.24612485
0.25411168
0.24721777
0.1510053
0.052433323
0.23049878
0.14059278
0.048782057
0.21433924
0.13055732
0.045268158
0.042887532
0.041565734
0.03997644
0.12375551
0.11998457
0.11544658
0.20337802
0.19731955
0.19001621
-0.045003606
-0.044650111
-0.043960928
-0.12978633
-0.12877939
-0.12681563
-0.21304783
-0.21143496
-0.20828759
-0.24540153
-0.24371491
-0.24041864
-0.22579558
-0.22448956
-0.22193207
-0.20688716
-0.2059239
-0.204034
-0.19786612
-0.12035597
-0.041701345
-0.18277153
-0.11103377
-0.038446466
-0.16815746
-0.10203144
-0.035307387
-1.5713388e-18
6.3925775e-18
7.0012311e-19
-8.7329097e-19
5.4704564e-18
1.2634193e-17
-8.1315163e-20
4.9212614e-19
3.3024756e-18
-0.04310288
-0.12435211
-0.20427898
-0.039528735
-0.1141231
-0.18774013
-0.036103573
-0.10430658
-0.17182424
-0.16357625
-0.16290466
-0.16158613
-0.099229429
-0.09881298
-0.097995698
-0.034333841
-0.034188151
-0.033902291
-0.23526359
-0.22887988
-0.22115153
-0.21791895
-0.2129265
-0.20684838
-0.20105879
-0.19734097
-0.19278971
-0.17974195
-0.10909928
-0.037759923
-0.16856199
-0.10222457
-0.035364906
-0.15754944
-0.095466518
-0.033012953
9.5411909e-18
5.2991837e-18
8.2498155e-19
-3.9031278e-18
1.2841019e-18
1.1222962e-17
5.4210109e-20
-1.1858461e-18
5.4497041e-18
-0.15950801
-0.15690705
-0.15371676
-0.09670848
-0.095098959
-0.093127102
-0.033452217
-0.032889719
-0.032200999
0.037759923
0.10909928
0.17974195
0.035364906
0.10222457
0.16856199
0.033012953
0.095466518
0.15754944
0.22115153
0.22887988
0.23526359
0.20684838
0.2129265
0.21791895
0.19278971
0.19734097
0.20105879
0.19786612
0.12035597
0.041701345
0.18277153
0.11103377
0.038446466
0.16815746
0.10203144
0.035307387
0.033452217
0.032889719
0.032200999
0.09670848
0.095098959
0.093127102
0.15950801
0.15690705
0.15371676
0.04682288
0.049350069
0.051486356
0.13503806
0.14223591
0.14831336
0.22168459
0.23321203
0.2429229
0.044067015
0.046200108
0.047991438
0.12715888
0.13324053
0.1383425
0.20897014
0.21872942
0.22689992
0.041373201
0.043142689
0.044619209
0.11944814
0.1244981
0.12870808
0.1964992
0.20461849
0.21137498
-0.2429229
-0.23321203
-0.22168459
-0.14831336
-0.14223591
-0.13503806
-0.051486356
-0.049350069
-0.04682288
-0.22689992
-0.21872942
-0.20897014
-0.1383425
-0.13324053
-0.12715888
-0.047991438
-0.046200108
-0.044067015
-0.21137498
-0.20461849
-0.1964992
-0.12870808
-0.1244981
-0.11944814
-0.044619209
-0.043142689
-0.041373201
0.051486356
0.049350069
0.04682288
0.14831336
0.14223591
0.13503806
0.2429229
0.23321203
0.22168459
0.047991438
0.046200108
0.044067015
0.1383425
0.13324053
0.12715888
0.22689992
0.21872942
0.20897014
0.044619209
0.043142689
0.041373201
0.12870808
0.1244981
0.11944814
0.21137498
0.20461849
0.1964992
-0.20408492
-0.20265734
-0.1998685
-0.12423108
-0.12334095
-0.121603
-0.043060415
-0.042748127
-0.042138575
-0.18759023
-0.1864866
-0.18432623
-0.11402982
-0.11334325
-0.11199993
-0.039496047
-0.039255456
-0.038784849
-0.17171393
-0.1709012
-0.16930716
-0.10423809
-0.10373358
-0.10274448
-0.036079598
-0.035902999
-0.035556856
-0.19551008
-0.19011809
-0.18359808
-0.11888954
-0.11553701
-0.11148964
-0.041187341
-0.040012847
-0.038596074
-0.18093839
-0.17672741
-0.17160611
-0.10989516
-0.10728203
-0.10410854
-0.038047789
-0.037133242
-0.036023374
-0.1667991
-0.16366742
-0.1598373
-0.10118939
-0.099249616
-0.096880245
-0.035012842
-0.034334602
-0.033506675
0.041187341
0.040012847
0.038596074
0.11888954
0.11553701
0.11148964
0.19551008
0.19011809
0.18359808
0.038047789
0.037133242
0.036023374
0.10989516
0.10728203
0.10410854
0.18093839
0.17672741
0.17160611
0.035012842
0.034334602
0.033506675
0.10118939
0.099249616
0.096880245
0.1667991
0.16366742
0.1598373
