MFEM mesh v1.0

#
# MFEM Geometry Types (see mesh/geom.hpp):
#
# POINT       = 0
# SEGMENT     = 1
# TRIANGLE    = 2
# SQUARE      = 3
# TETRAHEDRON = 4
# CUBE        = 5
#

dimension
3

elements
7
1 5 1 5 18 8 2 6 19 9
1 5 14 20 5 1 16 21 6 2
1 5 3 10 22 13 4 11 25 12
1 5 13 22 23 15 12 25 26 14
1 5 15 23 24 17 14 26 27 16
1 5 12 25 26 14 0 7 8 1
1 5 14 26 27 16 1 8 9 2

boundary
26
28 3 0 7 8 1
28 3 8 18 5 1
28 3 5 18 19 6
28 3 18 8 9 19
28 3 2 6 19 9
28 3 3 10 11 4
28 3 13 3 4 12
28 3 15 13 12 14
28 3 14 12 0 1
28 3 1 5 20 14
28 3 14 20 21 16
28 3 17 15 14 16
28 3 20 5 6 21
28 3 16 21 6 2
28 3 13 22 10 3
28 3 15 23 22 13
28 3 17 24 23 15
28 3 10 22 25 11
28 3 4 11 25 12
28 3 22 23 26 25
28 3 23 24 27 26
28 3 24 17 16 27
28 3 12 25 7 0
28 3 25 26 8 7
28 3 26 27 9 8
28 3 27 16 2 9

vertices
28

nodes
FiniteElementSpace
FiniteElementCollection: H1_3D_P4
VDim: 3
Ordering: 0

-0.28867513
-0.28867513
-0.28867513
-0.4330127
-0.36084392
-0.14433757
-0.14433757
-0.28867513
-0.28867513
-0.28867513
-0.47240707
-0.37864925
-0.37864925
-0.47240707
-0.38463884
-0.48603889
-0.37864925
-0.47240707
-0.14433757
-0.14433757
-0.19728907
-0.19368993
-0.54236453
-0.56723152
-0.54236453
-0.40974402
-0.42041877
-0.40974402
-0.26375191
-0.21650635
-0.16926079
-0.14433757
-0.14433757
-0.14433757
-0.26375191
-0.21650635
-0.16926079
-0.28867513
-0.28867513
-0.28867513
-0.26375191
-0.21650635
-0.16926079
-0.14433757
-0.14433757
-0.14433757
-0.26375191
-0.21650635
-0.16926079
-0.28867513
-0.28867513
-0.28867513
-0.28867513
-0.28867513
-0.28867513
-0.14433757
-0.14433757
-0.14433757
-0.14433757
-0.14433757
-0.14433757
-0.28867513
-0.28867513
-0.28867513
-0.35339144
-0.29278126
-0.23061039
-0.15308918
-0.17011605
-0.18774034
-0.30487629
-0.33600514
-0.36769266
-0.34768534
-0.28777162
-0.22648244
-0.15255002
-0.16846444
-0.18484957
-0.30395098
-0.33320369
-0.36284937
-0.38445987
-0.38313893
-0.38053624
-0.19718101
-0.19638441
-0.19481997
-0.44150297
-0.45572427
-0.46735889
-0.48725134
-0.51239955
-0.5332435
-0.48725134
-0.51239955
-0.5332435
-0.44150297
-0.45572427
-0.46735889
-0.36474496
-0.3712003
-0.37640913
-0.38538234
-0.39662121
-0.40577998
-0.38538234
-0.39662121
-0.40577998
-0.36474496
-0.3712003
-0.37640913
-0.42055109
-0.39692831
-0.37330553
-0.455937
-0.42504043
-0.39456189
-0.51856807
-0.4745094
-0.4317745
-0.39456189
-0.42504043
-0.455937
-0.55012271
-0.56093773
-0.56647815
-0.50319416
-0.53234703
-0.55659596
-0.47668054
-0.48260673
-0.4856287
-0.41309509
-0.41773515
-0.42009818
-0.39236521
-0.40528814
-0.4158435
-0.38053624
-0.38313893
-0.38445987
-0.54069314
-0.49178441
-0.4446241
-0.40174699
-0.43463085
-0.46812151
-0.56647815
-0.56093773
-0.55012271
-0.48725134
-0.51239955
-0.5332435
-0.4856287
-0.48260673
-0.47668054
-0.42009818
-0.41773515
-0.41309509
-0.38538234
-0.39662121
-0.40577998
-0.51856807
-0.4745094
-0.4317745
-0.39456189
-0.42504043
-0.455937
-0.28867513
-0.28867513
-0.28867513
-0.28867513
-0.28867513
-0.28867513
-0.28867513
-0.28867513
-0.28867513
-0.30395098
-0.33320369
-0.36284937
-0.30882153
-0.34786205
-0.38805727
-0.3104492
-0.35281214
-0.39666146
-0.30882153
-0.34786205
-0.38805727
-0.26375191
-0.21650635
-0.16926079
-0.26375191
-0.21650635
-0.16926079
-0.26375191
-0.21650635
-0.16926079
-0.26375191
-0.21650635
-0.16926079
-0.26375191
-0.21650635
-0.16926079
-0.26375191
-0.21650635
-0.16926079
-0.14433757
-0.14433757
-0.14433757
-0.14433757
-0.14433757
-0.14433757
-0.14433757
-0.14433757
-0.14433757
-0.16926079
-0.21650635
-0.26375191
-0.16926079
-0.21650635
-0.26375191
-0.16926079
-0.21650635
-0.26375191
-0.28867513
-0.28867513
-0.28867513
-0.28867513
-0.28867513
-0.28867513
-0.28867513
-0.28867513
-0.28867513
-0.26375191
-0.21650635
-0.16926079
-0.26375191
-0.21650635
-0.16926079
-0.26375191
-0.21650635
-0.16926079
-0.27881552
-0.22922586
-0.17942775
-0.30783811
-0.25384351
-0.19917718
-0.33748938
-0.27914694
-0.21957645
-0.35322074
-0.29263112
-0.23048651
-0.35196124
-0.29152388
-0.22957324
-0.34948155
-0.2893466
-0.22777901
-0.18765367
-0.17006666
-0.1530731
-0.18701453
-0.16970221
-0.15295435
-0.18575811
-0.1689845
-0.1527201
-0.3048488
-0.33592171
-0.36754811
-0.30464557
-0.33530543
-0.3664809
-0.30424364
-0.33408838
-0.3643765
-0.332882
-0.27511175
-0.21625808
-0.30518018
-0.25152599
-0.19727828
-0.27793984
-0.22846557
-0.17880693
-0.48136214
-0.50505703
-0.52466922
-0.46781941
-0.48822494
-0.50505703
-0.45132243
-0.46781941
-0.48136214
-0.42819936
-0.44098333
-0.45141694
-0.40303736
-0.41320792
-0.42147109
-0.37794959
-0.38565054
-0.39187915
-0.4692747
-0.49181143
-0.51043472
-0.43564612
-0.45347902
-0.46813286
-0.40259239
-0.41603046
-0.42701259
-0.51043472
-0.49181143
-0.4692747
-0.46813286
-0.45347902
-0.43564612
-0.42701259
-0.41603046
-0.40259239
-0.45141694
-0.44098333
-0.42819936
-0.42147109
-0.41320792
-0.40303736
-0.39187915
-0.38565054
-0.37794959
-0.36925134
-0.3767269
-0.38277607
-0.3767269
-0.38592468
-0.39339497
-0.38277607
-0.39339497
-0.4020404
-0.50271358
-0.53174422
-0.55588899
-0.49917463
-0.52730812
-0.5506888
-0.492243
-0.518634
-0.54053292
-0.52547852
-0.53510011
-0.5400239
-0.47991613
-0.48742721
-0.49126339
-0.43580418
-0.44139012
-0.44423764
-0.53122766
-0.50960064
-0.48351517
-0.48438922
-0.46742605
-0.44684203
-0.43911919
-0.42644387
-0.41097246
-0.46775532
-0.46505666
-0.45976008
-0.43434329
-0.4322228
-0.42805449
-0.40153204
-0.39994606
-0.39682364
-0.38758001
-0.39934527
-0.40894024
-0.3906146
-0.40311217
-0.41331449
-0.39215625
-0.4050283
-0.41554142
-0.492243
-0.518634
-0.54053292
-0.49917463
-0.52730812
-0.5506888
-0.50271358
-0.53174422
-0.55588899
-0.5400239
-0.53510011
-0.52547852
-0.49126339
-0.48742721
-0.47991613
-0.44423764
-0.44139012
-0.43580418
-0.51043472
-0.49181143
-0.4692747
-0.46813286
-0.45347902
-0.43564612
-0.42701259
-0.41603046
-0.40259239
-0.45976008
-0.46505666
-0.46775532
-0.42805449
-0.4322228
-0.43434329
-0.39682364
-0.39994606
-0.40153204
-0.39215625
-0.4050283
-0.41554142
-0.3906146
-0.40311217
-0.41331449
-0.38758001
-0.39934527
-0.40894024
-0.36832609
-0.3774452
-0.38485569
-0.33640835
-0.34171966
-0.34601328
-0.30502232
-0.30678986
-0.30821142
-0.39076106
-0.39450076
-0.39640343
-0.34942046
-0.35157158
-0.35266408
-0.30933488
-0.31004209
-0.31040064
-0.39297184
-0.3844433
-0.37397058
-0.35068725
-0.3457581
-0.33967163
-0.30974969
-0.30812138
-0.30609989
-0.36754811
-0.3664809
-0.3643765
-0.33592171
-0.33530543
-0.33408838
-0.3048488
-0.30464557
-0.30424364
-0.28867513
-0.28867513
-0.28867513
-0.28867513
-0.28867513
-0.28867513
-0.28867513
-0.28867513
-0.28867513
-0.39640343
-0.39450076
-0.39076106
-0.35266408
-0.35157158
-0.34942046
-0.31040064
-0.31004209
-0.30933488
-0.38485569
-0.3774452
-0.36832609
-0.34601328
-0.34171966
-0.33640835
-0.30821142
-0.30678986
-0.30502232
-0.26375191
-0.21650635
-0.16926079
-0.26375191
-0.21650635
-0.16926079
-0.26375191
-0.21650635
-0.16926079
-0.26375191
-0.21650635
-0.16926079
-0.26375191
-0.21650635
-0.16926079
-0.26375191
-0.21650635
-0.16926079
-0.26375191
-0.21650635
-0.16926079
-0.26375191
-0.21650635
-0.16926079
-0.26375191
-0.21650635
-0.16926079
-0.33735172
-0.27902617
-0.21947701
-0.30775888
-0.25377431
-0.19912042
-0.27878947
-0.22920322
-0.17940924
-0.33633566
-0.27813518
-0.21874361
-0.30717373
-0.25326352
-0.19870155
-0.27859701
-0.22903594
-0.17927255
-0.33433361
-0.27638156
-0.21730139
-0.30601895
-0.25225654
-0.19787639
-0.27821662
-0.22870564
-0.17900282
-0.43704237
-0.45186615
-0.46400471
-0.45186615
-0.47018262
-0.48525025
-0.46400471
-0.48525025
-0.50278377
-0.41009744
-0.42188331
-0.43148865
-0.42188331
-0.43641919
-0.44831578
-0.43148865
-0.44831578
-0.46212732
-0.38331489
-0.3922346
-0.39947009
-0.3922346
-0.40321767
-0.41216138
-0.39947009
-0.41216138
-0.42252275
-0.47373745
-0.49737691
-0.51693222
-0.47992842
-0.50511183
-0.52597413
-0.48308646
-0.50906381
-0.53059914
-0.43916077
-0.45785059
-0.47322291
-0.44402738
-0.46391388
-0.48029083
-0.44650579
-0.46700627
-0.48389922
-0.4052275
-0.41930038
-0.43081065
-0.40886957
-0.42382674
-0.43607342
-0.41072138
-0.42613126
-0.43875526
-0.48308646
-0.50906381
-0.53059914
-0.47992842
-0.50511183
-0.52597413
-0.47373745
-0.49737691
-0.51693222
-0.44650579
-0.46700627
-0.48389922
-0.44402738
-0.46391388
-0.48029083
-0.43916077
-0.45785059
-0.47322291
-0.41072138
-0.42613126
-0.43875526
-0.40886957
-0.42382674
-0.43607342
-0.4052275
-0.41930038
-0.43081065
-0.37010408
-0.37964677
-0.38740692
-0.37255684
-0.38268809
-0.39093439
-0.37380188
-0.38423377
-0.39272855
-0.33743792
-0.34299233
-0.34748517
-0.33885573
-0.34474712
-0.34951624
-0.33957432
-0.34563748
-0.35054751
-0.30536283
-0.30721018
-0.30869669
-0.30583094
-0.30778866
-0.30936503
-0.30606783
-0.30808171
-0.30970381
-0.37380188
-0.38423377
-0.39272855
-0.37255684
-0.38268809
-0.39093439
-0.37010408
-0.37964677
-0.38740692
-0.33957432
-0.34563748
-0.35054751
-0.33885573
-0.34474712
-0.34951624
-0.33743792
-0.34299233
-0.34748517
-0.30606783
-0.30808171
-0.30970381
-0.30583094
-0.30778866
-0.30936503
-0.30536283
-0.30721018
-0.30869669
-0.28867513
-0.28867513
-0.28867513
-0.4330127
-0.36084392
-0.28867513
-0.28867513
-0.14433757
-0.14433757
-0.14433757
-0.22368927
-0.18319635
-0.37864925
-0.47240707
-0.38463884
-0.48603889
-0.37864925
-0.47240707
-0.14433757
-0.14433757
-0.42041877
-0.40974402
-0.24775119
-0.25629728
-0.24775119
-0.19368993
-0.19728907
-0.19368993
-0.28867513
-0.28867513
-0.28867513
-0.26375191
-0.21650635
-0.16926079
-0.14433757
-0.14433757
-0.14433757
-0.26375191
-0.21650635
-0.16926079
-0.28867513
-0.28867513
-0.28867513
-0.26375191
-0.21650635
-0.16926079
-0.14433757
-0.14433757
-0.14433757
-0.26375191
-0.21650635
-0.16926079
-0.28867513
-0.28867513
-0.28867513
-0.28867513
-0.28867513
-0.28867513
-0.14433757
-0.14433757
-0.14433757
-0.14433757
-0.14433757
-0.14433757
-0.39236521
-0.40528814
-0.4158435
-0.3104492
-0.35281214
-0.39666146
-0.30487629
-0.33600514
-0.36769266
-0.38538234
-0.39662121
-0.40577998
-0.30882153
-0.34786205
-0.38805727
-0.30395098
-0.33320369
-0.36284937
-0.38445987
-0.38313893
-0.38053624
-0.42009818
-0.41773515
-0.41309509
-0.39845788
-0.33097257
-0.26123552
-0.22879749
-0.23744835
-0.24461567
-0.43609876
-0.3642077
-0.28876571
-0.44150297
-0.45572427
-0.46735889
-0.3308016
-0.27305464
-0.21442052
-0.1854698
-0.18926312
-0.19235298
-0.34768534
-0.28777162
-0.22648244
-0.36474496
-0.3712003
-0.37640913
-0.42055109
-0.39692831
-0.37330553
-0.21657604
-0.20323217
-0.19006884
-0.23805083
-0.22009081
-0.20267041
-0.39456189
-0.42504043
-0.455937
-0.25041783
-0.25413461
-0.25603842
-0.4492025
-0.37588867
-0.29851333
-0.47668054
-0.48260673
-0.4856287
-0.19481997
-0.19638441
-0.19718101
-0.35339144
-0.29278126
-0.23061039
-0.38053624
-0.38313893
-0.38445987
-0.24563076
-0.22597295
-0.20701788
-0.40174699
-0.43463085
-0.46812151
-0.25603842
-0.25413461
-0.25041783
-0.43609876
-0.3642077
-0.28876571
-0.4856287
-0.48260673
-0.47668054
-0.19718101
-0.19638441
-0.19481997
-0.34768534
-0.28777162
-0.22648244
-0.23805083
-0.22009081
-0.20267041
-0.39456189
-0.42504043
-0.455937
-0.26375191
-0.21650635
-0.16926079
-0.14433757
-0.14433757
-0.14433757
-0.28867513
-0.28867513
-0.28867513
-0.30395098
-0.33320369
-0.36284937
-0.15255002
-0.16846444
-0.18484957
-0.15308918
-0.17011605
-0.18774034
-0.15255002
-0.16846444
-0.18484957
-0.16926079
-0.16926079
-0.16926079
-0.21650635
-0.21650635
-0.21650635
-0.26375191
-0.26375191
-0.26375191
-0.28867513
-0.28867513
-0.28867513
-0.28867513
-0.28867513
-0.28867513
-0.28867513
-0.28867513
-0.28867513
-0.26375191
-0.21650635
-0.16926079
-0.26375191
-0.21650635
-0.16926079
-0.26375191
-0.21650635
-0.16926079
-0.14433757
-0.14433757
-0.14433757
-0.14433757
-0.14433757
-0.14433757
-0.14433757
-0.14433757
-0.14433757
-0.16926079
-0.21650635
-0.26375191
-0.16926079
-0.21650635
-0.26375191
-0.16926079
-0.21650635
-0.26375191
-0.26375191
-0.26375191
-0.26375191
-0.21650635
-0.21650635
-0.21650635
-0.16926079
-0.16926079
-0.16926079
-0.30609989
-0.30812138
-0.30974969
-0.33967163
-0.3457581
-0.35068725
-0.37397058
-0.3844433
-0.39297184
-0.39215625
-0.4050283
-0.41554142
-0.3906146
-0.40311217
-0.41331449
-0.38758001
-0.39934527
-0.40894024
-0.39640343
-0.35266408
-0.31040064
-0.39450076
-0.35157158
-0.31004209
-0.39076106
-0.34942046
-0.30933488
-0.3048488
-0.33592171
-0.36754811
-0.30464557
-0.33530543
-0.3664809
-0.30424364
-0.33408838
-0.3643765
-0.36832609
-0.3774452
-0.38485569
-0.33640835
-0.34171966
-0.34601328
-0.30502232
-0.30678986
-0.30821142
-0.43125656
-0.35990592
-0.28518538
-0.42011781
-0.3500401
-0.27699329
-0.4065422
-0.33807137
-0.26709061
-0.38673177
-0.32087171
-0.25302965
-0.36455341
-0.30183931
-0.23761548
-0.34244047
-0.28295631
-0.22238348
-0.22115153
-0.22887988
-0.23526359
-0.20684838
-0.2129265
-0.21791895
-0.19278971
-0.19734097
-0.20105879
-0.27762052
-0.35061557
-0.42049661
-0.2569503
-0.32530876
-0.39130993
-0.23685745
-0.30058548
-0.36262217
-0.45141694
-0.44098333
-0.42819936
-0.42147109
-0.41320792
-0.40303736
-0.39187915
-0.38565054
-0.37794959
-0.33449086
-0.27625716
-0.21703712
-0.34060781
-0.28158332
-0.22139884
-0.34555474
-0.28590578
-0.22494787
-0.4488076
-0.3755358
-0.29821831
-0.44589941
-0.37293873
-0.29604809
-0.44020226
-0.36785939
-0.29180896
-0.24041864
-0.24371491
-0.24540153
-0.22193207
-0.22448956
-0.22579558
-0.204034
-0.2059239
-0.20688716
-0.28627495
-0.36101058
-0.43219011
-0.26367877
-0.33342478
-0.40048637
-0.24183923
-0.30661892
-0.36947731
-0.46775532
-0.46505666
-0.45976008
-0.43434329
-0.4322228
-0.42805449
-0.40153204
-0.39994606
-0.39682364
-0.34948155
-0.2893466
-0.22777901
-0.35196124
-0.29152388
-0.22957324
-0.35322074
-0.29263112
-0.23048651
-0.44020226
-0.36785939
-0.29180896
-0.44589941
-0.37293873
-0.29604809
-0.4488076
-0.3755358
-0.29821831
-0.24540153
-0.24371491
-0.24041864
-0.22579558
-0.22448956
-0.22193207
-0.20688716
-0.2059239
-0.204034
-0.27762052
-0.35061557
-0.42049661
-0.2569503
-0.32530876
-0.39130993
-0.23685745
-0.30058548
-0.36262217
-0.45976008
-0.46505666
-0.46775532
-0.42805449
-0.4322228
-0.43434329
-0.39682364
-0.39994606
-0.40153204
-0.35322074
-0.29263112
-0.23048651
-0.35196124
-0.29152388
-0.22957324
-0.34948155
-0.2893466
-0.22777901
-0.332882
-0.27511175
-0.21625808
-0.30518018
-0.25152599
-0.19727828
-0.27793984
-0.22846557
-0.17880693
-0.18575811
-0.18701453
-0.18765367
-0.1689845
-0.16970221
-0.17006666
-0.1527201
-0.15295435
-0.1530731
-0.21957645
-0.27914694
-0.33748938
-0.19917718
-0.25384351
-0.30783811
-0.17942775
-0.22922586
-0.27881552
-0.36754811
-0.3664809
-0.3643765
-0.33592171
-0.33530543
-0.33408838
-0.3048488
-0.30464557
-0.30424364
-0.26375191
-0.21650635
-0.16926079
-0.26375191
-0.21650635
-0.16926079
-0.26375191
-0.21650635
-0.16926079
-0.18765367
-0.18701453
-0.18575811
-0.17006666
-0.16970221
-0.1689845
-0.1530731
-0.15295435
-0.1527201
-0.21625808
-0.27511175
-0.332882
-0.19727828
-0.25152599
-0.30518018
-0.17880693
-0.22846557
-0.27793984
-0.26375191
-0.26375191
-0.26375191
-0.21650635
-0.21650635
-0.21650635
-0.16926079
-0.16926079
-0.16926079
-0.26375191
-0.26375191
-0.26375191
-0.21650635
-0.21650635
-0.21650635
-0.16926079
-0.16926079
-0.16926079
-0.26375191
-0.26375191
-0.26375191
-0.21650635
-0.21650635
-0.21650635
-0.16926079
-0.16926079
-0.16926079
-0.37380188
-0.38423377
-0.39272855
-0.33957432
-0.34563748
-0.35054751
-0.30606783
-0.30808171
-0.30970381
-0.37255684
-0.38268809
-0.39093439
-0.33885573
-0.34474712
-0.34951624
-0.30583094
-0.30778866
-0.30936503
-0.37010408
-0.37964677
-0.38740692
-0.33743792
-0.34299233
-0.34748517
-0.30536283
-0.30721018
-0.30869669
-0.39400554
-0.32724569
-0.25827801
-0.40619302
-0.33796663
-0.26713186
-0.41616758
-0.34677967
-0.27443485
-0.37035021
-0.30689972
-0.24176916
-0.38002253
-0.31537299
-0.24874288
-0.38790106
-0.32230263
-0.25446366
-0.34683744
-0.28678049
-0.2255129
-0.35414369
-0.29315536
-0.23074228
-0.36006702
-0.29834256
-0.23500918
-0.42416185
-0.35386852
-0.2803254
-0.42924546
-0.35838828
-0.28408876
-0.43183817
-0.360697
-0.28601342
-0.39419117
-0.32785331
-0.25905747
-0.39817989
-0.33138156
-0.26198281
-0.40021085
-0.33318059
-0.26347602
-0.36477819
-0.30248055
-0.23842064
-0.36775746
-0.30510302
-0.24058619
-0.36927198
-0.30643786
-0.24168952
-0.43183817
-0.360697
-0.28601342
-0.42924546
-0.35838828
-0.28408876
-0.42416185
-0.35386852
-0.2803254
-0.40021085
-0.33318059
-0.26347602
-0.39817989
-0.33138156
-0.26198281
-0.39419117
-0.32785331
-0.25905747
-0.36927198
-0.30643786
-0.24168952
-0.36775746
-0.30510302
-0.24058619
-0.36477819
-0.30248055
-0.23842064
-0.33433361
-0.27638156
-0.21730139
-0.33633566
-0.27813518
-0.21874361
-0.33735172
-0.27902617
-0.21947701
-0.30601895
-0.25225654
-0.19787639
-0.30717373
-0.25326352
-0.19870155
-0.30775888
-0.25377431
-0.19912042
-0.27821662
-0.22870564
-0.17900282
-0.27859701
-0.22903594
-0.17927255
-0.27878947
-0.22920322
-0.17940924
-0.33735172
-0.27902617
-0.21947701
-0.33633566
-0.27813518
-0.21874361
-0.33433361
-0.27638156
-0.21730139
-0.30775888
-0.25377431
-0.19912042
-0.30717373
-0.25326352
-0.19870155
-0.30601895
-0.25225654
-0.19787639
-0.27878947
-0.22920322
-0.17940924
-0.27859701
-0.22903594
-0.17927255
-0.27821662
-0.22870564
-0.17900282
-0.14433757
0
0.14433757
-0.4330127
-0.36084392
7.5894152e-19
0.14433757
-0.14433757
7.5894152e-19
0.14433757
-0.47240707
-0.37864925
-0.18319635
-0.22368927
-1.3010426e-18
5.0957502e-18
0.18319635
0.22368927
-5.2244992e-18
0.14433757
1.6744147e-17
0.19368993
-0.24775119
-7.3251409e-18
0.24775119
-0.19368993
-4.8246997e-18
0.19368993
3.8219715e-18
2.6766241e-18
7.5894152e-19
1.8460938e-17
2.8955821e-18
-6.8101449e-18
8.5947805e-18
6.6682669e-18
-9.7273264e-18
3.8219715e-18
2.6766241e-18
7.5894152e-19
0.14433757
0.14433757
0.14433757
0.14433757
0.14433757
0.14433757
0.14433757
0.14433757
0.14433757
0.14433757
0.14433757
0.14433757
0.024923225
0.072168784
0.11941434
0.024923225
0.072168784
0.11941434
0.024923225
0.072168784
0.11941434
0.024923225
0.072168784
0.11941434
-7.2734521e-18
1.2189228e-17
-9.256376e-18
-1.0760707e-17
2.4835006e-18
2.0779889e-17
-2.6020852e-18
-1.8431437e-18
1.3027367e-18
0.1854698
0.18926312
0.19235298
0.15255002
0.16846444
0.18484957
0.15093503
0.16356894
0.17637257
0.031789198
0.091947467
0.15180621
0.033696021
0.097405832
0.16063405
-0.44150297
-0.45572427
-0.46735889
-0.43609876
-0.3642077
-0.28876571
-0.22879749
-0.23744835
-0.24461567
-0.39845788
-0.33097257
-0.26123552
-0.36474496
-0.3712003
-0.37640913
-0.34768534
-0.28777162
-0.22648244
-0.1854698
-0.18926312
-0.19235298
-0.3308016
-0.27305464
-0.21442052
-0.42055109
-0.39692831
-0.37330553
-0.455937
-0.42504043
-0.39456189
-0.23805083
-0.22009081
-0.20267041
-0.19006884
-0.20323217
-0.21657604
-0.20603062
-0.12540839
-0.043467228
-5.6670475e-18
-5.1067616e-18
4.9009326e-18
-0.18570841
-0.11277388
-0.03904111
-0.16063405
-0.097405832
-0.033696021
-2.0540152e-18
1.5458351e-19
8.9582205e-18
-0.15180621
-0.091947467
-0.031789198
1.0568854e-18
-7.250602e-19
4.4079595e-18
3.5778672e-18
-1.3552527e-20
-4.3389263e-19
0.043467228
0.12540839
0.20603062
0.22879749
0.23744835
0.24461567
0.03904111
0.11277388
0.18570841
0.033696021
0.097405832
0.16063405
0.1854698
0.18926312
0.19235298
0.23805083
0.22009081
0.20267041
0.19006884
0.20323217
0.21657604
-0.14433757
-0.14433757
-0.14433757
-0.11941434
-0.072168784
-0.024923225
-0.11941434
-0.072168784
-0.024923225
-0.15093503
-0.16356894
-0.17637257
-0.15255002
-0.16846444
-0.18484957
7.8604658e-19
-4.5638135e-18
3.9578144e-18
0.15255002
0.16846444
0.18484957
2.4523754e-18
2.303432e-17
3.7260979e-18
1.0280765e-17
-7.3637074e-18
-3.7446268e-18
-4.6613876e-19
2.5590741e-18
5.3259744e-18
0.024923225
0.024923225
0.024923225
0.072168784
0.072168784
0.072168784
0.11941434
0.11941434
0.11941434
0.024923225
0.024923225
0.024923225
0.072168784
0.072168784
0.072168784
0.11941434
0.11941434
0.11941434
0.024923225
0.024923225
0.024923225
0.072168784
0.072168784
0.072168784
0.11941434
0.11941434
0.11941434
0.024923225
0.024923225
0.024923225
0.072168784
0.072168784
0.072168784
0.11941434
0.11941434
0.11941434
0.14433757
0.14433757
0.14433757
0.14433757
0.14433757
0.14433757
0.14433757
0.14433757
0.14433757
1.014187e-17
-4.9466724e-18
7.3861273e-18
5.6542096e-19
-1.509201e-17
4.8145353e-18
1.0304574e-17
2.494287e-18
-1.6218378e-17
0.032200999
0.032889719
0.033452217
0.093127102
0.095098959
0.09670848
0.15371676
0.15690705
0.15950801
0.032114341
0.029194637
0.026373453
0.092862461
0.084467873
0.076346986
0.1532349
0.13953897
0.12625881
0.026082573
0.02830992
0.030576941
0.075512649
0.081932164
0.088459636
0.12490408
0.13542786
0.14610799
0.17821531
0.18128235
0.18377359
0.16463982
0.16641391
0.1678474
0.15129047
0.15187665
0.15234785
-0.26709061
-0.27699329
-0.28518538
-0.33807137
-0.3500401
-0.35990592
-0.4065422
-0.42011781
-0.43125656
-0.42819936
-0.44098333
-0.45141694
-0.40303736
-0.41320792
-0.42147109
-0.37794959
-0.38565054
-0.39187915
-0.42049661
-0.35061557
-0.27762052
-0.39130993
-0.32530876
-0.2569503
-0.36262217
-0.30058548
-0.23685745
-0.23526359
-0.22887988
-0.22115153
-0.21791895
-0.2129265
-0.20684838
-0.20105879
-0.19734097
-0.19278971
-0.25302965
-0.32087171
-0.38673177
-0.23761548
-0.30183931
-0.36455341
-0.22238348
-0.28295631
-0.34244047
-0.33449086
-0.34060781
-0.34555474
-0.27625716
-0.28158332
-0.28590578
-0.21703712
-0.22139884
-0.22494787
-0.03997644
-0.041565734
-0.042887532
-0.11544658
-0.11998457
-0.12375551
-0.19001621
-0.19731955
-0.20337802
-0.19786612
-0.12035597
-0.041701345
-0.18277153
-0.11103377
-0.038446466
-0.16815746
-0.10203144
-0.035307387
4.8181484e-18
1.3493707e-17
-3.7300192e-18
-5.4599744e-18
3.0988171e-18
9.6971243e-18
-2.3225643e-18
-1.3806637e-19
-2.3587254e-18
-0.037759923
-0.10909928
-0.17974195
-0.035364906
-0.10222457
-0.16856199
-0.033012953
-0.095466518
-0.15754944
-0.15371676
-0.15690705
-0.15950801
-0.093127102
-0.095098959
-0.09670848
-0.032200999
-0.032889719
-0.033452217
0.19001621
0.19731955
0.20337802
0.11544658
0.11998457
0.12375551
0.03997644
0.041565734
0.042887532
0.041701345
0.12035597
0.19786612
0.038446466
0.11103377
0.18277153
0.035307387
0.10203144
0.16815746
0.23526359
0.22887988
0.22115153
0.21791895
0.2129265
0.20684838
0.20105879
0.19734097
0.19278971
0.17974195
0.10909928
0.037759923
0.16856199
0.10222457
0.035364906
0.15754944
0.095466518
0.033012953
0.032200999
0.032889719
0.033452217
0.093127102
0.095098959
0.09670848
0.15371676
0.15690705
0.15950801
-0.17821531
-0.18128235
-0.18377359
-0.16463982
-0.16641391
-0.1678474
-0.15129047
-0.15187665
-0.15234785
-0.1532349
-0.092862461
-0.032114341
-0.13953897
-0.084467873
-0.029194637
-0.12625881
-0.076346986
-0.026373453
-3.9559086e-18
-1.0013087e-18
3.538475e-18
-8.1992789e-19
2.5804859e-18
-2.5535727e-19
-2.1548518e-18
2.3683041e-18
-5.4706417e-18
-0.030576941
-0.088459636
-0.14610799
-0.02830992
-0.081932164
-0.13542786
-0.026082573
-0.075512649
-0.12490408
-0.11941434
-0.11941434
-0.11941434
-0.072168784
-0.072168784
-0.072168784
-0.024923225
-0.024923225
-0.024923225
0.032114341
0.092862461
0.1532349
0.029194637
0.084467873
0.13953897
0.026373453
0.076346986
0.12625881
0.18377359
0.18128235
0.17821531
0.1678474
0.16641391
0.16463982
0.15234785
0.15187665
0.15129047
0.024923225
0.024923225
0.024923225
0.024923225
0.024923225
0.024923225
0.024923225
0.024923225
0.024923225
0.072168784
0.072168784
0.072168784
0.072168784
0.072168784
0.072168784
0.072168784
0.072168784
0.072168784
0.11941434
0.11941434
0.11941434
0.11941434
0.11941434
0.11941434
0.11941434
0.11941434
0.11941434
0.030910145
0.031465955
0.031918549
0.028502938
0.028823335
0.029082793
0.026146444
0.026251958
0.026336944
0.089414503
0.091006511
0.092302161
0.0824857
0.083404136
0.084147523
0.075695943
0.075998632
0.076242327
0.14765571
0.15023361
0.15232928
0.13632636
0.13781586
0.13902028
0.12520201
0.12569362
0.12608908
-0.39400554
-0.40619302
-0.41616758
-0.32724569
-0.33796663
-0.34677967
-0.25827801
-0.26713186
-0.27443485
-0.37035021
-0.38002253
-0.38790106
-0.30689972
-0.31537299
-0.32230263
-0.24176916
-0.24874288
-0.25446366
-0.34683744
-0.35414369
-0.36006702
-0.28678049
-0.29315536
-0.29834256
-0.2255129
-0.23074228
-0.23500918
-0.18359808
-0.19011809
-0.19551008
-0.11148964
-0.11553701
-0.11888954
-0.038596074
-0.040012847
-0.041187341
-0.17160611
-0.17672741
-0.18093839
-0.10410854
-0.10728203
-0.10989516
-0.036023374
-0.037133242
-0.038047789
-0.1598373
-0.16366742
-0.1667991
-0.096880245
-0.099249616
-0.10118939
-0.033506675
-0.034334602
-0.035012842
0.038596074
0.040012847
0.041187341
0.11148964
0.11553701
0.11888954
0.18359808
0.19011809
0.19551008
0.036023374
0.037133242
0.038047789
0.10410854
0.10728203
0.10989516
0.17160611
0.17672741
0.18093839
0.033506675
0.034334602
0.035012842
0.096880245
0.099249616
0.10118939
0.1598373
0.16366742
0.1667991
-0.14765571
-0.15023361
-0.15232928
-0.089414503
-0.091006511
-0.092302161
-0.030910145
-0.031465955
-0.031918549
-0.13632636
-0.13781586
-0.13902028
-0.0824857
-0.083404136
-0.084147523
-0.028502938
-0.028823335
-0.029082793
-0.12520201
-0.12569362
-0.12608908
-0.075695943
-0.075998632
-0.076242327
-0.026146444
-0.026251958
-0.026336944
0.030910145
0.031465955
0.031918549
0.089414503
0.091006511
0.092302161
0.14765571
0.15023361
0.15232928
0.028502938
0.028823335
0.029082793
0.0824857
0.083404136
0.084147523
0.13632636
0.13781586
0.13902028
0.026146444
0.026251958
0.026336944
0.075695943
0.075998632
0.076242327
0.12520201
0.12569362
0.12608908
