MFEM mesh v1.0

#
# MFEM Geometry Types (see mesh/geom.hpp):
#
# POINT       = 0
# SEGMENT     = 1
# TRIANGLE    = 2
# SQUARE      = 3
# TETRAHEDRON = 4
# CUBE        = 5
#

dimension
3

elements
6
1 5 0 1 4 3 12 13 18 17
1 5 1 2 5 4 13 14 19 18
1 5 3 4 7 6 17 18 21 20
1 5 12 13 18 17 15 16 23 22
1 5 8 17 20 9 10 22 24 11
1 5 17 18 21 20 22 23 25 24

boundary
24
1 3 0 1 13 12
1 3 1 2 14 13
1 3 12 13 16 15
62 3 3 4 1 0
62 3 4 5 2 1
62 3 6 7 4 3
62 3 9 8 10 11
62 3 3 0 12 17
62 3 2 5 19 14
62 3 5 4 18 19
62 3 13 14 19 18
62 3 6 3 17 20
62 3 9 20 17 8
62 3 4 7 21 18
62 3 7 6 20 21
62 3 17 12 15 22
62 3 8 17 22 10
62 3 13 18 23 16
62 3 15 16 23 22
62 3 20 9 11 24
62 3 10 22 24 11
62 3 18 21 25 23
62 3 21 20 24 25
62 3 22 23 25 24

vertices
26

nodes
FiniteElementSpace
FiniteElementCollection: H1_3D_P4
VDim: 3
Ordering: 0

0.59718411
0.16338835
0.59718411
0.46713824
0.14916884
0.46713824
0.34802459
0.13575486
0.56955658
0.46850803
0.59296204
0.48293061
0.80820096
0.18971773
0.80820096
0.8867
0.2
0.60844596
0.16648196
0.60844596
0.42529438
0.14590394
0.66119981
0.17294184
0.45397621
0.14953799
0.54570526
0.37276546
0.19494147
0.16087234
0.15617343
0.15156465
0.41575527
0.28210809
0.16802253
0.57428987
0.53129287
0.48903764
0.77274387
0.5586051
0.25140841
0.18549355
0.17773645
0.17029067
0.55683924
0.38061935
0.19876044
0.77315948
0.70721261
0.64220229
0.64042801
0.71574907
0.77979086
0.16867947
0.17799615
0.18607508
0.15274069
0.15891515
0.16415398
0.49602663
0.54641841
0.58936649
0.19494147
0.37276546
0.54570526
0.57428987
0.53129287
0.48903764
0.16802253
0.28210809
0.41575527
0.25140841
0.5586051
0.77274387
0.77315948
0.70721261
0.64220229
0.19876044
0.38061935
0.55683924
0.64042801
0.71574907
0.77979086
0.49602663
0.54641841
0.58936649
0.14679702
0.1423655
0.13801655
0.30505112
0.21332047
0.14620981
0.4455633
0.40570709
0.36745852
0.16275221
0.15589007
0.14928741
0.37626093
0.25733852
0.16140939
0.5751685
0.51372603
0.45497859
0.13789927
0.14154338
0.14457449
0.36392887
0.39150957
0.4149139
0.86121767
0.64134625
0.27707719
0.19503002
0.18596265
0.17733059
0.61191658
0.42238068
0.21145137
0.84713093
0.7727204
0.69933787
0.83253318
0.86669473
0.88430061
0.19286957
0.19734762
0.19968068
0.16847945
0.17129099
0.17274366
0.62479563
0.6477558
0.65958757
0.59306714
0.62793177
0.6322654
0.47942006
0.48609952
0.4593594
0.55210638
0.51910204
0.48604145
0.62086334
0.66475941
0.679799
0.62357606
0.55405147
0.48755517
0.49673792
0.50918859
0.48726641
0.57379344
0.53773387
0.50186198
0.57686803
0.58704574
0.59225409
0.43418521
0.44666754
0.4530997
0.47304556
0.47931323
0.48249876
0.16866149
0.16083101
0.15335077
0.40344564
0.274777
0.16716943
0.14703622
0.1486169
0.14942769
0.4369776
0.29612912
0.17226802
0.47868835
0.32455002
0.18075728
0.52215091
0.35544693
0.18986734
0.59071611
0.40676336
0.20528689
0.67107281
0.47086369
0.22469643
0.7411781
0.53054223
0.24282382
0.16584363
0.16056544
0.15541121
0.1745684
0.16822661
0.16208107
0.18210455
0.17479634
0.16776074
0.17399471
0.30078483
0.44381006
0.18476138
0.33510739
0.49372592
0.19435621
0.36621949
0.53723283
0.52035307
0.56728773
0.61502393
0.57498198
0.63005682
0.68600427
0.62152976
0.68349535
0.74637681
0.73364088
0.5235767
0.24092196
0.66136912
0.46218968
0.22275192
0.59203104
0.40717302
0.20657715
0.17226802
0.29612912
0.4369776
0.18075728
0.32455002
0.47868835
0.18986734
0.35544693
0.52215091
0.20528689
0.40676336
0.59071611
0.22469643
0.47086369
0.67107281
0.24282382
0.53054223
0.7411781
0.61502393
0.56728773
0.52035307
0.68600427
0.63005682
0.57498198
0.74637681
0.68349535
0.62152976
0.44381006
0.30078483
0.17399471
0.49372592
0.33510739
0.18476138
0.53723283
0.36621949
0.19435621
0.24092196
0.5235767
0.73364088
0.22275192
0.46218968
0.66136912
0.20657715
0.40717302
0.59203104
0.32257099
0.22375756
0.1496677
0.35766695
0.24515021
0.15655993
0.39511191
0.26874169
0.1639286
0.15010285
0.14519002
0.14038856
0.15580008
0.15003029
0.144431
0.16061683
0.15409563
0.14780457
0.14931702
0.22204872
0.31946631
0.15472338
0.23758282
0.34476175
0.15934534
0.25118033
0.36652255
0.38543163
0.42782458
0.47206443
0.41665649
0.46634385
0.51827839
0.4431971
0.49915034
0.55766699
0.52271417
0.35570712
0.19139356
0.46122724
0.31279251
0.17855259
0.40431507
0.27518351
0.16702233
0.79998296
0.58343155
0.25904846
0.83851347
0.61953021
0.27024865
0.85848953
0.63870332
0.27624736
0.18842144
0.18026944
0.17246443
0.19257421
0.18385088
0.17552876
0.19473452
0.18570879
0.17711418
0.20261013
0.39325198
0.57377433
0.20814131
0.41146008
0.59776173
0.21105155
0.42106082
0.61021489
0.65991364
0.72752533
0.79609494
0.68478045
0.75603474
0.82828655
0.69759222
0.77071967
0.84487113
0.81617037
0.59791389
0.26373415
0.73277674
0.52214148
0.24092505
0.65262701
0.45471618
0.22097044
0.49920603
0.51075941
0.48839184
0.53644343
0.55732608
0.54459574
0.57350822
0.60360936
0.60182787
0.60174623
0.63943592
0.64707443
0.61383347
0.6554501
0.66775181
0.62002198
0.66364543
0.6783565
0.59016833
0.52621925
0.46507338
0.61123709
0.54377033
0.47925127
0.62209624
0.55281834
0.48655923
0.46805239
0.49333891
0.48486456
0.48019239
0.50337667
0.49239105
0.48641936
0.50849406
0.49621887
0.49101337
0.52494399
0.55888973
0.49788919
0.53304325
0.56831912
0.50138753
0.53717326
0.57313865
0.59930658
0.63792827
0.64592
0.55869382
0.58708857
0.58221155
0.51817336
0.53613004
0.51961272
0.16458198
0.15742389
0.15055188
0.16715361
0.15957367
0.15231948
0.16848056
0.16068026
0.15322722
0.1631854
0.2626769
0.3846442
0.16569292
0.27027322
0.39647988
0.16699201
0.27423467
0.40260887
0.57243735
0.39218996
0.20255713
0.5013521
0.34057106
0.18723863
0.43570836
0.29582042
0.17369113
0.56406596
0.38637159
0.19932134
0.51490317
0.35015029
0.18868772
0.46776512
0.31703746
0.17887032
0.63889825
0.44444958
0.21693203
0.57952044
0.39784466
0.20326564
0.52261235
0.35565039
0.19085182
0.70421584
0.49830782
0.23324149
0.63593741
0.44170914
0.21655732
0.57046128
0.39083576
0.20161234
0.19932134
0.38637159
0.56406596
0.18868772
0.35015029
0.51490317
0.17887032
0.31703746
0.46776512
0.21693203
0.44444958
0.63889825
0.20326564
0.39784466
0.57952044
0.19085182
0.35565039
0.52261235
0.23324149
0.49830782
0.70421584
0.21655732
0.44170914
0.63593741
0.20161234
0.39083576
0.57046128
0.42053458
0.28534792
0.16931512
0.37840189
0.25825238
0.1609476
0.33904814
0.23387049
0.1531866
0.46569587
0.31571001
0.17896333
0.41509231
0.281965
0.16871381
0.36805505
0.25197626
0.1593447
0.50500793
0.34308129
0.18749639
0.44691814
0.30310675
0.17548741
0.39309024
0.26792893
0.16464487
0.75904105
0.54590557
0.24773519
0.68333318
0.48024139
0.22821417
0.61066328
0.42153009
0.21092971
0.79498383
0.57833472
0.25768706
0.71443326
0.50638987
0.2361393
0.63705457
0.44226178
0.21720412
0.81362431
0.59554265
0.26300008
0.73057189
0.52023513
0.24034527
0.65075495
0.45321018
0.22051505
0.58157472
0.61434144
0.61556544
0.54341782
0.56664745
0.55631427
0.50516379
0.51871218
0.49811692
0.59279187
0.62926365
0.63474594
0.55309033
0.57958723
0.57267781
0.51340773
0.52974198
0.51169862
0.59852723
0.63689183
0.64458211
0.55802404
0.58619177
0.58107004
0.51760413
0.53536659
0.51866509
0.53800481
0.36676315
0.19479019
0.47357428
0.32124229
0.18120998
0.41398736
0.28148662
0.16907319
0.55965978
0.38266762
0.19965471
0.49104762
0.33334875
0.18499347
0.42765656
0.29047779
0.17197689
0.57090125
0.39103973
0.20220689
0.5001135
0.33969966
0.18696818
0.43474087
0.29517662
0.17348498
-0.31000795
-3.1225023e-17
0.31000795
-0.26592163
2.9273459e-18
0.26592163
-0.22368927
5.0957502e-18
-0.57019239
-0.47240707
-0.59335069
-0.48603889
-0.37298049
-4.7704896e-18
0.37298049
-0.39717735
1.0842022e-18
-0.30722904
6.169788e-18
0.30722904
-0.24775119
1.5517644e-18
-0.3224644
1.2624179e-17
-0.25629728
-5.4210109e-20
-0.25848698
-0.15792154
-0.054840668
6.4987544e-18
-1.5043305e-18
8.3483567e-18
-0.22122909
-0.13473355
-0.046712443
-0.30225771
-0.2877255
-0.27339838
-0.31218017
-0.19175207
-0.066774181
3.0620274e-18
5.0491634e-18
7.7266345e-18
-0.25627281
-0.15665737
-0.054417567
-0.36113607
-0.33926012
-0.31810788
-0.32278198
-0.34512795
-0.36435579
-8.6466182e-18
-1.5612511e-17
-9.5409791e-18
4.3821812e-18
2.469101e-19
4.936508e-18
-0.27450123
-0.28926139
-0.30171525
0.054840668
0.15792154
0.25848698
0.30225771
0.2877255
0.27339838
0.046712443
0.13473355
0.22122909
0.066774181
0.19175207
0.31218017
0.36113607
0.33926012
0.31810788
0.054417567
0.15665737
0.25627281
0.32278198
0.34512795
0.36435579
0.27450123
0.28926139
0.30171525
2.602297e-18
3.9166803e-18
-1.6805134e-18
-0.18570841
-0.11277388
-0.03904111
-0.25850013
-0.24458109
-0.23085435
7.4877547e-18
5.2028999e-18
-9.9102855e-19
-0.20603062
-0.12540839
-0.043467228
-0.2965368
-0.2767634
-0.25761269
2.0987756e-18
-8.1399866e-19
1.953258e-18
-0.22879749
-0.23744835
-0.24461567
-0.33291588
-0.20490947
-0.071432212
3.2288896e-18
1.1071991e-17
1.8048578e-17
-0.26924508
-0.16481389
-0.05729151
-0.38359477
-0.35865241
-0.33471103
-0.38042078
-0.39095644
-0.39642918
8.6672646e-19
4.2961511e-18
4.98733e-18
1.1384924e-17
1.6940659e-17
1.6418887e-17
-0.31195018
-0.31857997
-0.32199842
-0.52936069
-0.44639856
-0.35681328
-0.43609876
-0.3642077
-0.28876571
-0.55300856
-0.52078024
-0.48899717
-0.55184515
-0.4667897
-0.37407891
-0.31047167
-0.28840695
-0.26717658
-0.4492025
-0.37588867
-0.29851333
-0.57437618
-0.53892397
-0.50413239
-0.57741475
-0.58748697
-0.59264872
-0.25041783
-0.25413461
-0.25603842
-0.47668054
-0.48260673
-0.4856287
1.3918452e-17
1.311927e-17
-8.097635e-19
-0.21326717
-0.1299233
-0.045051695
1.1997626e-18
9.8764042e-19
2.2937652e-18
-0.22753495
-0.13864694
-0.048082222
-0.23963301
-0.14616765
-0.05071693
-0.25192393
-0.1538254
-0.053402739
-0.26934696
-0.16473627
-0.057239495
-0.28838346
-0.17671588
-0.061462548
-0.30480318
-0.18708359
-0.065123692
-1.317385e-17
-5.3635249e-18
1.8876907e-18
-1.2706315e-17
-3.2529639e-18
-3.3828378e-18
-1.449912e-18
2.6254845e-18
8.7549325e-18
-0.048302401
-0.13926427
-0.22849233
-0.051050476
-0.14708688
-0.24100674
-0.05338174
-0.15371483
-0.2515843
-0.282648
-0.29830605
-0.31425168
-0.29860564
-0.31665882
-0.3351712
-0.31211416
-0.33229368
-0.35310887
-0.30208053
-0.1853869
-0.064528421
-0.2834601
-0.17368096
-0.060403686
-0.26549629
-0.16242373
-0.056443593
0.048082222
0.13864694
0.22753495
0.05071693
0.14616765
0.23963301
0.053402739
0.1538254
0.25192393
0.057239495
0.16473627
0.26934696
0.061462548
0.17671588
0.28838346
0.065123692
0.18708359
0.30480318
0.31425168
0.29830605
0.282648
0.3351712
0.31665882
0.29860564
0.35310887
0.33229368
0.31211416
0.22849233
0.13926427
0.048302401
0.24100674
0.14708688
0.051050476
0.2515843
0.15371483
0.05338174
0.064528421
0.1853869
0.30208053
0.060403686
0.17368096
0.2834601
0.056443593
0.16242373
0.26549629
-0.1917231
-0.11648226
-0.040334793
-0.20325928
-0.12360635
-0.042822107
-0.21497499
-0.13085675
-0.045356276
-1.9072072e-18
1.5163991e-18
3.5060431e-18
1.1286702e-18
3.4336863e-18
2.0741719e-19
1.0218602e-17
4.4184415e-18
-8.8260833e-19
-0.03997644
-0.11544658
-0.19001621
-0.041565734
-0.11998457
-0.19731955
-0.042887532
-0.12375551
-0.20337802
-0.23651425
-0.25134031
-0.26643124
-0.24612485
-0.26287626
-0.28003783
-0.25411168
-0.27251983
-0.29148121
-0.24721777
-0.1510053
-0.052433323
-0.23049878
-0.14059278
-0.048782057
-0.21433924
-0.13055732
-0.045268158
-0.31855002
-0.19578843
-0.068202148
-0.32757928
-0.20151832
-0.070230762
-0.33227387
-0.20450132
-0.071287575
-3.495384e-18
6.1784308e-18
1.182096e-17
-2.6587045e-18
1.0513346e-17
1.7347235e-17
2.4605976e-19
8.7748378e-18
1.9473287e-17
-0.05530629
-0.15918085
-0.26028995
-0.056557115
-0.16273068
-0.26593524
-0.05720335
-0.16456385
-0.26884793
-0.32324632
-0.34524687
-0.36805159
-0.33047204
-0.35368804
-0.37782943
-0.33420229
-0.35805614
-0.38290171
-0.32130396
-0.19756423
-0.068835703
-0.30002305
-0.18414088
-0.064097608
-0.27964793
-0.17133491
-0.059585834
-0.45184539
-0.37797121
-0.30008244
-0.48209907
-0.40454392
-0.32202007
-0.51289327
-0.43176726
-0.34461701
-0.53636295
-0.45273421
-0.36216784
-0.54614326
-0.46160566
-0.36968063
-0.55116224
-0.46616835
-0.37355141
-0.30086034
-0.28038435
-0.26059351
-0.30692361
-0.28544967
-0.26475334
-0.31004621
-0.2880526
-0.26688643
-0.29180896
-0.36785939
-0.44020226
-0.29604809
-0.37293873
-0.44589941
-0.29821831
-0.3755358
-0.4488076
-0.49373779
-0.52645361
-0.55967856
-0.50031807
-0.53434305
-0.56897123
-0.5036764
-0.53837604
-0.57372932
-0.53360195
-0.45048953
-0.36042754
-0.49962501
-0.42029804
-0.33525945
-0.46641834
-0.39099869
-0.31097955
1.2346538e-17
3.5771785e-18
1.9211766e-18
3.4355648e-18
4.1520232e-18
-3.8730582e-19
7.3928969e-18
5.0807154e-18
7.6232965e-19
-0.043960928
-0.12681563
-0.20828759
-0.044650111
-0.12877939
-0.21143496
-0.045003606
-0.12978633
-0.21304783
-0.25907068
-0.15844734
-0.055053577
-0.24038436
-0.14678344
-0.050958781
-0.22244486
-0.13562078
-0.047046277
-0.26211302
-0.16021232
-0.055649738
-0.24860876
-0.15178289
-0.052690427
-0.23537093
-0.14353976
-0.049800122
-0.27991905
-0.17140402
-0.059592557
-0.2642053
-0.16156396
-0.056132298
-0.24891128
-0.15201303
-0.052778473
-0.29522195
-0.18105309
-0.062997464
-0.27751954
-0.16993766
-0.059083241
-0.2603948
-0.15921767
-0.055314214
0.055649738
0.16021232
0.26211302
0.052690427
0.15178289
0.24860876
0.049800122
0.14353976
0.23537093
0.059592557
0.17140402
0.27991905
0.056132298
0.16156396
0.2642053
0.052778473
0.15201303
0.24891128
0.062997464
0.18105309
0.29522195
0.059083241
0.16993766
0.27751954
0.055314214
0.15921767
0.2603948
-0.22168459
-0.13503806
-0.04682288
-0.20897014
-0.12715888
-0.044067015
-0.1964992
-0.11944814
-0.041373201
-0.23321203
-0.14223591
-0.049350069
-0.21872942
-0.13324053
-0.046200108
-0.20461849
-0.1244981
-0.043142689
-0.2429229
-0.14831336
-0.051486356
-0.22689992
-0.1383425
-0.047991438
-0.21137498
-0.12870808
-0.044619209
-0.30799445
-0.18912838
-0.065850962
-0.28856923
-0.17690387
-0.061541198
-0.26987288
-0.16517688
-0.057413909
-0.31636431
-0.19443086
-0.067726611
-0.29577929
-0.18145759
-0.063149413
-0.27603204
-0.16905556
-0.058781655
-0.32070999
-0.19718729
-0.068702254
-0.29951319
-0.18381839
-0.063983627
-0.27921387
-0.1710612
-0.059489253
-0.51934883
-0.43759077
-0.34952621
-0.48757248
-0.40945418
-0.32614005
-0.45640473
-0.38203968
-0.30348081
-0.52835597
-0.44573542
-0.35640517
-0.4951941
-0.41630644
-0.33189929
-0.46274118
-0.38770503
-0.30822029
-0.53297384
-0.44991991
-0.35994532
-0.4990948
-0.41982009
-0.33485691
-0.46597858
-0.39060457
-0.31064922
-0.25089302
-0.15331085
-0.053244717
-0.23357131
-0.14251541
-0.049457816
-0.2168643
-0.13213362
-0.045821512
-0.25605065
-0.15654938
-0.054385005
-0.23787206
-0.14520884
-0.050404895
-0.22039
-0.13433619
-0.046595007
-0.25870846
-0.15821964
-0.054973355
-0.24008327
-0.14659468
-0.050892374
-0.22219877
-0.1354669
-0.046992216
-0.67227043
-0.70710678
-0.67227043
-0.57019239
-0.59335069
-0.57019239
-0.47240707
-0.48603889
-0.26592163
-0.22368927
1.9515639e-18
2.9273459e-18
-0.37298049
-0.39717735
-0.37298049
-7.1557343e-18
4.5536491e-18
-0.30722904
-0.3224644
-0.30722904
-0.24775119
-0.25629728
2.0261028e-18
-2.6359665e-18
-2.6901766e-17
1.1492543e-17
-0.68307557
-0.69823377
-0.70604267
-0.68697873
-0.64938746
-0.6125172
-0.57741475
-0.58748697
-0.59264872
-0.65432542
-0.62067735
-0.58750416
-0.38042078
-0.39095644
-0.39642918
-0.38359477
-0.35865241
-0.33471103
-0.31195018
-0.31857997
-0.32199842
-0.36113607
-0.33926012
-0.31810788
-0.6278812
-0.53501952
-0.4314642
-0.66207707
-0.56663459
-0.45868172
-0.55184515
-0.4667897
-0.37407891
-0.52936069
-0.44639856
-0.35681328
-0.70604267
-0.69823377
-0.68307557
-0.65432542
-0.62067735
-0.58750416
-0.59264872
-0.58748697
-0.57741475
-0.39642918
-0.39095644
-0.38042078
-0.36113607
-0.33926012
-0.31810788
-0.32199842
-0.31857997
-0.31195018
-0.6278812
-0.53501952
-0.4314642
-0.52936069
-0.44639856
-0.35681328
-0.57437618
-0.53892397
-0.50413239
-0.47668054
-0.48260673
-0.4856287
-0.55300856
-0.52078024
-0.48899717
-0.31047167
-0.28840695
-0.26717658
-0.25041783
-0.25413461
-0.25603842
-0.2965368
-0.2767634
-0.25761269
-0.4492025
-0.37588867
-0.29851333
-0.43609876
-0.3642077
-0.28876571
1.3040072e-18
-4.472334e-18
-3.1441863e-18
3.2443135e-17
1.3429707e-18
3.1069169e-18
1.0842081e-17
6.6915603e-20
1.9722315e-17
-5.0880296e-17
-8.0696829e-18
-6.1155779e-18
-0.31218017
-0.19175207
-0.066774181
-0.33291588
-0.20490947
-0.071432212
-0.26924508
-0.16481389
-0.05729151
-0.25627281
-0.15665737
-0.054417567
-0.27450123
-0.28926139
-0.30171525
-0.22879749
-0.23744835
-0.24461567
-0.25850013
-0.24458109
-0.23085435
-1.2201999e-17
2.9933721e-17
-9.8289703e-18
-1.5687378e-17
-4.7383023e-18
-2.1021664e-17
-9.503445e-19
1.2425973e-18
1.747429e-17
-2.0778777e-17
-2.7985969e-18
-1.2088854e-17
-0.22122909
-0.13473355
-0.046712443
-0.20603062
-0.12540839
-0.043467228
-0.18570841
-0.11277388
-0.03904111
-1.9303345e-17
3.7413869e-17
1.1387511e-17
-2.3849437e-17
-2.4255635e-17
7.5419814e-18
-0.21326717
-0.1299233
-0.045051695
-0.59529774
-0.60617749
-0.61175802
-0.62960702
-0.64209671
-0.64851389
-0.66446322
-0.67867041
-0.68598265
-0.63846807
-0.65334976
-0.6610298
-0.54477698
-0.55853883
-0.56566212
-0.43984281
-0.45169272
-0.45784149
-0.6424645
-0.6059608
-0.57031435
-0.54869826
-0.51551365
-0.48335598
-0.44335776
-0.41515227
-0.38799889
-0.55116224
-0.54614326
-0.53636295
-0.46616835
-0.46160566
-0.45273421
-0.37355141
-0.36968063
-0.36216784
-0.54598479
-0.57793621
-0.61047448
-0.46122132
-0.48985902
-0.51922515
-0.36920602
-0.39325467
-0.41806085
-0.36805159
-0.37782943
-0.38290171
-0.34524687
-0.35368804
-0.35805614
-0.32324632
-0.33047204
-0.33420229
-0.61175802
-0.60617749
-0.59529774
-0.64851389
-0.64209671
-0.62960702
-0.68598265
-0.67867041
-0.66446322
-0.6610298
-0.65334976
-0.63846807
-0.56566212
-0.55853883
-0.54477698
-0.45784149
-0.45169272
-0.43984281
-0.61047448
-0.57793621
-0.54598479
-0.51922515
-0.48985902
-0.46122132
-0.41806085
-0.39325467
-0.36920602
-0.53636295
-0.54614326
-0.55116224
-0.45273421
-0.46160566
-0.46616835
-0.36216784
-0.36968063
-0.37355141
-0.38290171
-0.37782943
-0.36805159
-0.35805614
-0.35368804
-0.34524687
-0.33420229
-0.33047204
-0.32324632
-0.49373779
-0.50031807
-0.5036764
-0.52645361
-0.53434305
-0.53837604
-0.55967856
-0.56897123
-0.57372932
-0.53360195
-0.49962501
-0.46641834
-0.45048953
-0.42029804
-0.39099869
-0.36042754
-0.33525945
-0.31097955
-0.4488076
-0.44589941
-0.44020226
-0.3755358
-0.37293873
-0.36785939
-0.29821831
-0.29604809
-0.29180896
-0.45184539
-0.48209907
-0.51289327
-0.37797121
-0.40454392
-0.43176726
-0.30008244
-0.32202007
-0.34461701
-0.30086034
-0.30692361
-0.31004621
-0.28038435
-0.28544967
-0.2880526
-0.26059351
-0.26475334
-0.26688643
-0.31855002
-0.32757928
-0.33227387
-0.19578843
-0.20151832
-0.20450132
-0.068202148
-0.070230762
-0.071287575
-0.32130396
-0.30002305
-0.27964793
-0.19756423
-0.18414088
-0.17133491
-0.068835703
-0.064097608
-0.059585834
-0.26884793
-0.26593524
-0.26028995
-0.16456385
-0.16273068
-0.15918085
-0.05720335
-0.056557115
-0.05530629
-0.26549629
-0.2834601
-0.30208053
-0.16242373
-0.17368096
-0.1853869
-0.056443593
-0.060403686
-0.064528421
-5.6787552e-17
-4.4451834e-18
-2.5723143e-17
3.2455993e-17
4.6644781e-18
-1.0665415e-17
-2.6937904e-17
-2.2734364e-18
-3.7489678e-18
-0.23651425
-0.24612485
-0.25411168
-0.25134031
-0.26287626
-0.27251983
-0.26643124
-0.28003783
-0.29148121
-0.22849233
-0.24100674
-0.2515843
-0.13926427
-0.14708688
-0.15371483
-0.048302401
-0.051050476
-0.05338174
-0.24721777
-0.23049878
-0.21433924
-0.1510053
-0.14059278
-0.13055732
-0.052433323
-0.048782057
-0.045268158
-0.20337802
-0.19731955
-0.19001621
-0.12375551
-0.11998457
-0.11544658
-0.042887532
-0.041565734
-0.03997644
-0.1917231
-0.20325928
-0.21497499
-0.11648226
-0.12360635
-0.13085675
-0.040334793
-0.042822107
-0.045356276
-8.9299217e-18
-4.2702401e-18
6.4401338e-18
-2.4288936e-17
-9.0377092e-18
1.2398445e-19
-8.7169153e-18
-1.0347037e-17
-2.3393356e-17
-0.25907068
-0.24038436
-0.22244486
-0.15844734
-0.14678344
-0.13562078
-0.055053577
-0.050958781
-0.047046277
-0.21304783
-0.21143496
-0.20828759
-0.12978633
-0.12877939
-0.12681563
-0.045003606
-0.044650111
-0.043960928
-3.0962585e-17
-2.1043591e-17
1.5089859e-18
-5.5335004e-17
1.7190269e-18
1.1271891e-17
-6.9726561e-18
-3.367316e-17
-1.3854071e-17
-0.6203888
-0.63430937
-0.64148622
-0.58663853
-0.59883161
-0.60510614
-0.55355416
-0.56413793
-0.56957436
-0.52833245
-0.54116074
-0.5477932
-0.49780402
-0.50896837
-0.5147283
-0.46809103
-0.4777219
-0.48268043
-0.42585864
-0.43687127
-0.44257828
-0.4000213
-0.40955231
-0.41447987
-0.3750271
-0.38320524
-0.38742375
-0.64148622
-0.63430937
-0.6203888
-0.60510614
-0.59883161
-0.58663853
-0.56957436
-0.56413793
-0.55355416
-0.5477932
-0.54116074
-0.52833245
-0.5147283
-0.50896837
-0.49780402
-0.48268043
-0.4777219
-0.46809103
-0.44257828
-0.43687127
-0.42585864
-0.41447987
-0.40955231
-0.4000213
-0.38742375
-0.38320524
-0.3750271
-0.51934883
-0.52835597
-0.53297384
-0.48757248
-0.4951941
-0.4990948
-0.45640473
-0.46274118
-0.46597858
-0.43759077
-0.44573542
-0.44991991
-0.40945418
-0.41630644
-0.41982009
-0.38203968
-0.38770503
-0.39060457
-0.34952621
-0.35640517
-0.35994532
-0.32614005
-0.33189929
-0.33485691
-0.30348081
-0.30822029
-0.31064922
-0.30799445
-0.31636431
-0.32070999
-0.28856923
-0.29577929
-0.29951319
-0.26987288
-0.27603204
-0.27921387
-0.18912838
-0.19443086
-0.19718729
-0.17690387
-0.18145759
-0.18381839
-0.16517688
-0.16905556
-0.1710612
-0.065850962
-0.067726611
-0.068702254
-0.061541198
-0.063149413
-0.063983627
-0.057413909
-0.058781655
-0.059489253
-0.22168459
-0.23321203
-0.2429229
-0.20897014
-0.21872942
-0.22689992
-0.1964992
-0.20461849
-0.21137498
-0.13503806
-0.14223591
-0.14831336
-0.12715888
-0.13324053
-0.1383425
-0.11944814
-0.1244981
-0.12870808
-0.04682288
-0.049350069
-0.051486356
-0.044067015
-0.046200108
-0.047991438
-0.041373201
-0.043142689
-0.044619209
-0.25089302
-0.25605065
-0.25870846
-0.23357131
-0.23787206
-0.24008327
-0.2168643
-0.22039
-0.22219877
-0.15331085
-0.15654938
-0.15821964
-0.14251541
-0.14520884
-0.14659468
-0.13213362
-0.13433619
-0.1354669
-0.053244717
-0.054385005
-0.054973355
-0.049457816
-0.050404895
-0.050892374
-0.045821512
-0.046595007
-0.046992216
