MFEM mesh v1.0

#
# MFEM Geometry Types (see mesh/geom.hpp):
#
# POINT       = 0
# SEGMENT     = 1
# TRIANGLE    = 2
# SQUARE      = 3
# TETRAHEDRON = 4
# CUBE        = 5
#

dimension
3

elements
7
1 5 0 1 5 4 6 7 17 16
1 5 6 7 17 16 8 9 19 18
1 5 8 9 19 18 10 11 21 20
1 5 9 2 12 19 11 3 13 21
1 5 14 15 23 22 0 1 5 4
1 5 14 15 1 0 24 25 7 6
1 5 24 25 7 6 26 27 9 8

boundary
26
61 3 4 0 6 16
61 3 1 5 17 7
61 3 5 4 16 17
61 3 16 6 8 18
61 3 7 17 19 9
61 3 17 16 18 19
61 3 19 12 2 9
61 3 18 8 10 20
61 3 8 9 11 10
61 3 19 18 20 21
61 3 10 11 21 20
61 3 9 2 3 11
61 3 2 12 13 3
61 3 12 19 21 13
61 3 11 3 13 21
61 3 22 23 15 14
61 3 22 14 0 4
61 3 15 23 5 1
61 3 23 22 4 5
61 3 14 15 25 24
61 3 0 14 24 6
61 3 15 1 7 25
61 3 24 25 27 26
61 3 6 24 26 8
61 3 25 7 9 27
61 3 26 27 9 8

vertices
28

nodes
FiniteElementSpace
FiniteElementCollection: H1_3D_P4
VDim: 3
Ordering: 0

0
0.13464912
0.25513258
0.25513258
-2.1684043e-18
0.11052157
-2.1684043e-18
0.13464912
-1.9515639e-18
0.13464912
1.0842022e-18
0.13464912
0.1716001
0.1716001
-1.3010426e-18
0.17834803
-1.9651164e-19
0.11052157
-2.5072175e-19
0.11052157
2.1006417e-19
0.11052157
-3.2526065e-19
0.14907545
-5.502326e-18
0.19040097
0
0.19444247
0.024923225
0.072168784
0.11384486
0.13157777
0.12425001
0.11541517
0.024923225
0.072168784
0.099974952
9.6895275e-19
4.37069e-19
8.1315163e-19
0.024923225
0.072168784
0.11384486
0.13157777
0.12425001
0.11541517
0.024923225
0.072168784
0.099974952
8.6714998e-19
-7.5597691e-19
7.301424e-19
9.6895275e-19
4.37069e-19
8.1315163e-19
0.13464912
0.13464912
0.13464912
0.11052157
0.11052157
0.11052157
-5.7241229e-19
1.8173092e-18
3.3711911e-19
0.024923225
0.072168784
0.11384486
0.13157777
0.12425001
0.11541517
0.024923225
0.072168784
0.099974952
2.646978e-19
9.9589899e-19
-7.352246e-19
1.5179889e-18
-8.8091427e-19
9.2157185e-19
0.13464912
0.13464912
0.13464912
0.11052157
0.11052157
0.11052157
-6.3697539e-19
8.4682119e-19
-1.0706496e-18
0.024923225
0.072168784
0.11384486
0.13157777
0.12425001
0.11541517
0.024923225
0.072168784
0.099974952
3.1256177e-19
3.1086109e-19
1.7347235e-18
6.5073306e-19
1.3145951e-18
9.7578196e-19
0.13464912
0.13464912
0.13464912
0.11052157
0.11052157
0.11052157
8.0628272e-19
5.7894702e-19
-1.1993987e-18
0.23432832
0.19489085
0.15545338
0.24449919
0.2191296
0.18854233
0.16105348
0.14106084
0.1210682
0.23432832
0.19489085
0.15545338
0.24449919
0.2191296
0.18854233
0.16105348
0.14106084
0.1210682
0.25513258
0.25513258
0.25513258
0.1716001
0.1716001
0.1716001
0.031789198
0.091657954
0.14861194
0.17769033
0.17197081
0.15890374
0.033696021
0.092675488
0.12994856
1.5958564e-18
1.8698252e-18
4.9466724e-19
-2.6020852e-18
-1.8431437e-18
1.3027367e-18
0.14194135
0.15617383
0.1706731
0.11583168
0.12741862
0.14105251
1.3281477e-18
-2.2022857e-19
1.2613379e-18
0.033696021
0.097093822
0.15847443
0.14386767
0.16202698
0.1805814
3.5236571e-19
-2.6800122e-18
-3.1305279e-18
2.0258844e-18
3.1551977e-19
-6.505213e-19
0.18099349
0.18536559
0.18888779
0.034353612
0.098990003
0.16180446
0.14451147
0.16399013
0.18390257
2.7105054e-19
-6.2273862e-18
-7.2101562e-18
-1.7075258e-18
-4.0767696e-18
-3.5168808e-18
0.1916749
0.19343097
0.1943218
0.024923225
0.072168784
0.10278808
0.024923225
0.072168784
0.10786685
0.024923225
0.072168784
0.11207927
0.024923225
0.072168784
0.11384486
0.024923225
0.072168784
0.11384486
0.024923225
0.072168784
0.11384486
0.13157777
0.12425001
0.11541517
0.13157777
0.12425001
0.11541517
0.13157777
0.12425001
0.11541517
0.099974952
0.072168784
0.024923225
0.099974952
0.072168784
0.024923225
0.099974952
0.072168784
0.024923225
-2.0803625e-18
-1.0168926e-18
-1.232403e-18
-1.9303881e-18
-1.0482033e-19
1.1265671e-18
-2.7613274e-19
6.966846e-20
-1.3315325e-18
0.024923225
0.072168784
0.11207927
0.024923225
0.072168784
0.10786685
0.024923225
0.072168784
0.10278808
0.024923225
0.072168784
0.11384486
0.024923225
0.072168784
0.11384486
0.024923225
0.072168784
0.11384486
0.13157777
0.12425001
0.11541517
0.13157777
0.12425001
0.11541517
0.13157777
0.12425001
0.11541517
0.099974952
0.072168784
0.024923225
0.099974952
0.072168784
0.024923225
0.099974952
0.072168784
0.024923225
2.0394965e-20
6.1403064e-20
-4.2677846e-19
1.6601846e-19
-2.7273137e-19
-2.2361649e-19
-1.3129011e-18
-5.0821977e-19
-1.2175933e-19
0.024923225
0.072168784
0.11207927
0.024923225
0.072168784
0.10786685
0.024923225
0.072168784
0.10278808
0.024923225
0.072168784
0.11384486
0.024923225
0.072168784
0.11384486
0.024923225
0.072168784
0.11384486
0.13157777
0.12425001
0.11541517
0.13157777
0.12425001
0.11541517
0.13157777
0.12425001
0.11541517
0.099974952
0.072168784
0.024923225
0.099974952
0.072168784
0.024923225
0.099974952
0.072168784
0.024923225
-3.0159667e-19
9.4683229e-20
-4.0551744e-19
3.2208428e-19
3.9214978e-19
8.3353253e-19
1.8702487e-18
3.3860142e-19
-1.612754e-18
0.024923225
0.072168784
0.11207927
0.024923225
0.072168784
0.10786685
0.024923225
0.072168784
0.10278808
0.12804227
0.15197875
0.17591523
0.14063317
0.17168981
0.20274644
0.15107627
0.18803848
0.2250007
0.15545338
0.19489085
0.23432832
0.15545338
0.19489085
0.23432832
0.15545338
0.19489085
0.23432832
0.24449919
0.2191296
0.18854233
0.24449919
0.2191296
0.18854233
0.24449919
0.2191296
0.18854233
0.16105348
0.14106084
0.1210682
0.16105348
0.14106084
0.1210682
0.16105348
0.14106084
0.1210682
0.15107627
0.18803848
0.2250007
0.14063317
0.17168981
0.20274644
0.12804227
0.15197875
0.17591523
0.033452217
0.093355805
0.13663227
0.032889719
0.093598422
0.14523227
0.032200999
0.092582584
0.14854473
0.030576941
0.088295947
0.14239459
0.02830992
0.081932164
0.13076119
0.026082573
0.075512649
0.11951916
0.16939127
0.16287817
0.15010081
0.15391807
0.14649049
0.13484977
0.13905095
0.13149469
0.12158713
0.12360512
0.089754903
0.032114341
0.11293433
0.084467873
0.029194637
0.1040075
0.076346986
0.026373453
-2.9309987e-19
2.7099793e-18
8.6673298e-19
-1.4365679e-18
3.2665826e-18
9.0844284e-19
-1.0706496e-18
2.5478751e-18
2.2260555e-18
0.032200999
0.092820411
0.15076722
0.032889719
0.094780558
0.1543411
0.033452217
0.09639271
0.15723046
0.17284757
0.15745793
0.142365
0.17644189
0.15958097
0.14306407
0.17933755
0.16129188
0.14362635
2.9730062e-18
1.7825775e-18
2.7966116e-18
4.3029274e-19
4.2271179e-18
-4.7264438e-19
1.5314356e-18
1.6788193e-18
-5.9292571e-18
0.032114341
0.092584226
0.15044776
0.029194637
0.084467873
0.13544175
0.026373453
0.076346986
0.12102517
0.033902291
0.097687884
0.15952292
0.034188151
0.098512305
0.16097001
0.034333841
0.098932905
0.16170487
0.18162846
0.16264584
0.14407072
0.18307153
0.16349886
0.14435045
0.18380343
0.16393152
0.14449227
-4.8802333e-19
-4.3977884e-18
-6.5041537e-19
-9.8255822e-20
-2.3822802e-18
-2.3971099e-18
-2.2768246e-18
-2.7138936e-18
-3.7404975e-18
0.032641303
0.09408084
0.15316552
0.029494469
0.085326377
0.13702094
0.026470955
0.076626407
0.12153026
0.024923225
0.072168784
0.11207927
0.024923225
0.072168784
0.10786685
0.024923225
0.072168784
0.10278808
0.024923225
0.072168784
0.11207927
0.024923225
0.072168784
0.10786685
0.024923225
0.072168784
0.10278808
0.024923225
0.072168784
0.11207927
0.024923225
0.072168784
0.10786685
0.024923225
0.072168784
0.10278808
0.024923225
0.072168784
0.11207927
0.024923225
0.072168784
0.10786685
0.024923225
0.072168784
0.10278808
0.024923225
0.072168784
0.11207927
0.024923225
0.072168784
0.10786685
0.024923225
0.072168784
0.10278808
0.024923225
0.072168784
0.11207927
0.024923225
0.072168784
0.10786685
0.024923225
0.072168784
0.10278808
0.024923225
0.072168784
0.11207927
0.024923225
0.072168784
0.10786685
0.024923225
0.072168784
0.10278808
0.024923225
0.072168784
0.11207927
0.024923225
0.072168784
0.10786685
0.024923225
0.072168784
0.10278808
0.024923225
0.072168784
0.11207927
0.024923225
0.072168784
0.10786685
0.024923225
0.072168784
0.10278808
0.15107627
0.18803848
0.2250007
0.14063317
0.17168981
0.20274644
0.12804227
0.15197875
0.17591523
0.15107627
0.18803848
0.2250007
0.14063317
0.17168981
0.20274644
0.12804227
0.15197875
0.17591523
0.15107627
0.18803848
0.2250007
0.14063317
0.17168981
0.20274644
0.12804227
0.15197875
0.17591523
0.030910145
0.08907747
0.14186023
0.031465955
0.090020883
0.1379815
0.031918549
0.090088331
0.12966024
0.028502938
0.0824857
0.12952103
0.028823335
0.083404136
0.12504716
0.029082793
0.084147523
0.11770517
0.026146444
0.075695943
0.11785445
0.026251958
0.075998632
0.11340461
0.026336944
0.076242327
0.10747656
0.030910145
0.089212831
0.14415447
0.028502938
0.0824857
0.13178434
0.026146444
0.075695943
0.11984969
0.031465955
0.090758999
0.14707289
0.028823335
0.083404136
0.13348057
0.026251958
0.075998632
0.12039594
0.031918549
0.09203096
0.14943217
0.029082793
0.084147523
0.1348516
0.026336944
0.076242327
0.12083607
0.032279813
0.093053065
0.15130364
0.029288973
0.084738031
0.13593909
0.026404188
0.076435081
0.12118438
0.032508865
0.09370377
0.15248465
0.029419277
0.08511112
0.13662533
0.026446554
0.07655649
0.12140385
0.032625484
0.094035769
0.15308427
0.029485493
0.085300682
0.13697373
0.026468044
0.076618066
0.12151518
-0.28867513
-0.28867513
-0.28867513
-0.28867513
-0.14433757
-0.14433757
-0.28867513
-0.28867513
-0.28867513
-0.28867513
-0.28867513
-0.28867513
-0.14433757
-0.14433757
-0.38463884
-0.37864925
-0.14433757
-0.14433757
-0.14433757
-0.14433757
-0.14433757
-0.14433757
-0.19728907
-0.19368993
-0.42041877
-0.40974402
-0.43275991
-0.42041877
-0.28867513
-0.28867513
-0.28867513
-0.26375191
-0.21650635
-0.16926079
-0.14433757
-0.14433757
-0.14433757
-0.26375191
-0.21650635
-0.16926079
-0.28867513
-0.28867513
-0.28867513
-0.26375191
-0.21650635
-0.16926079
-0.14433757
-0.14433757
-0.14433757
-0.26375191
-0.21650635
-0.16926079
-0.28867513
-0.28867513
-0.28867513
-0.28867513
-0.28867513
-0.28867513
-0.14433757
-0.14433757
-0.14433757
-0.14433757
-0.14433757
-0.14433757
-0.28867513
-0.28867513
-0.28867513
-0.26375191
-0.21650635
-0.16926079
-0.14433757
-0.14433757
-0.14433757
-0.26375191
-0.21650635
-0.16926079
-0.28867513
-0.28867513
-0.28867513
-0.28867513
-0.28867513
-0.28867513
-0.14433757
-0.14433757
-0.14433757
-0.14433757
-0.14433757
-0.14433757
-0.28867513
-0.28867513
-0.28867513
-0.26375191
-0.21650635
-0.16926079
-0.14433757
-0.14433757
-0.14433757
-0.26375191
-0.21650635
-0.16926079
-0.28867513
-0.28867513
-0.28867513
-0.28867513
-0.28867513
-0.28867513
-0.14433757
-0.14433757
-0.14433757
-0.14433757
-0.14433757
-0.14433757
-0.28867513
-0.28867513
-0.28867513
-0.26375191
-0.21650635
-0.16926079
-0.14433757
-0.14433757
-0.14433757
-0.28867513
-0.28867513
-0.28867513
-0.26375191
-0.21650635
-0.16926079
-0.14433757
-0.14433757
-0.14433757
-0.28867513
-0.28867513
-0.28867513
-0.14433757
-0.14433757
-0.14433757
-0.38445987
-0.38313893
-0.38053624
-0.34768534
-0.28777162
-0.22648244
-0.19718101
-0.19638441
-0.19481997
-0.35339144
-0.29278126
-0.23061039
-0.30487629
-0.33600514
-0.36769266
-0.30395098
-0.33320369
-0.36284937
-0.15255002
-0.16846444
-0.18484957
-0.15308918
-0.17011605
-0.18774034
-0.42009818
-0.41773515
-0.41309509
-0.30882153
-0.34786205
-0.38805727
-0.3104492
-0.35281214
-0.39666146
-0.39236521
-0.40528814
-0.4158435
-0.38538234
-0.39662121
-0.40577998
-0.43238884
-0.42965456
-0.42428975
-0.3104492
-0.35281214
-0.39666146
-0.31231743
-0.35850883
-0.40659238
-0.42428975
-0.42965456
-0.43238884
-0.41309509
-0.41773515
-0.42009818
-0.16926079
-0.16926079
-0.16926079
-0.21650635
-0.21650635
-0.21650635
-0.26375191
-0.26375191
-0.26375191
-0.28867513
-0.28867513
-0.28867513
-0.28867513
-0.28867513
-0.28867513
-0.28867513
-0.28867513
-0.28867513
-0.26375191
-0.21650635
-0.16926079
-0.26375191
-0.21650635
-0.16926079
-0.26375191
-0.21650635
-0.16926079
-0.14433757
-0.14433757
-0.14433757
-0.14433757
-0.14433757
-0.14433757
-0.14433757
-0.14433757
-0.14433757
-0.16926079
-0.21650635
-0.26375191
-0.16926079
-0.21650635
-0.26375191
-0.16926079
-0.21650635
-0.26375191
-0.26375191
-0.26375191
-0.26375191
-0.21650635
-0.21650635
-0.21650635
-0.16926079
-0.16926079
-0.16926079
-0.28867513
-0.28867513
-0.28867513
-0.28867513
-0.28867513
-0.28867513
-0.28867513
-0.28867513
-0.28867513
-0.26375191
-0.21650635
-0.16926079
-0.26375191
-0.21650635
-0.16926079
-0.26375191
-0.21650635
-0.16926079
-0.14433757
-0.14433757
-0.14433757
-0.14433757
-0.14433757
-0.14433757
-0.14433757
-0.14433757
-0.14433757
-0.16926079
-0.21650635
-0.26375191
-0.16926079
-0.21650635
-0.26375191
-0.16926079
-0.21650635
-0.26375191
-0.26375191
-0.26375191
-0.26375191
-0.21650635
-0.21650635
-0.21650635
-0.16926079
-0.16926079
-0.16926079
-0.28867513
-0.28867513
-0.28867513
-0.28867513
-0.28867513
-0.28867513
-0.28867513
-0.28867513
-0.28867513
-0.26375191
-0.21650635
-0.16926079
-0.26375191
-0.21650635
-0.16926079
-0.26375191
-0.21650635
-0.16926079
-0.14433757
-0.14433757
-0.14433757
-0.14433757
-0.14433757
-0.14433757
-0.14433757
-0.14433757
-0.14433757
-0.16926079
-0.21650635
-0.26375191
-0.16926079
-0.21650635
-0.26375191
-0.16926079
-0.21650635
-0.26375191
-0.26375191
-0.26375191
-0.26375191
-0.21650635
-0.21650635
-0.21650635
-0.16926079
-0.16926079
-0.16926079
-0.16926079
-0.16926079
-0.16926079
-0.21650635
-0.21650635
-0.21650635
-0.26375191
-0.26375191
-0.26375191
-0.28867513
-0.28867513
-0.28867513
-0.28867513
-0.28867513
-0.28867513
-0.28867513
-0.28867513
-0.28867513
-0.26375191
-0.21650635
-0.16926079
-0.26375191
-0.21650635
-0.16926079
-0.26375191
-0.21650635
-0.16926079
-0.14433757
-0.14433757
-0.14433757
-0.14433757
-0.14433757
-0.14433757
-0.14433757
-0.14433757
-0.14433757
-0.26375191
-0.26375191
-0.26375191
-0.21650635
-0.21650635
-0.21650635
-0.16926079
-0.16926079
-0.16926079
-0.23048651
-0.22957324
-0.22777901
-0.29263112
-0.29152388
-0.2893466
-0.35322074
-0.35196124
-0.34948155
-0.36754811
-0.3664809
-0.3643765
-0.33592171
-0.33530543
-0.33408838
-0.3048488
-0.30464557
-0.30424364
-0.332882
-0.27511175
-0.21625808
-0.30518018
-0.25152599
-0.19727828
-0.27793984
-0.22846557
-0.17880693
-0.18575811
-0.18701453
-0.18765367
-0.1689845
-0.16970221
-0.17006666
-0.1527201
-0.15295435
-0.1530731
-0.21957645
-0.27914694
-0.33748938
-0.19917718
-0.25384351
-0.30783811
-0.17942775
-0.22922586
-0.27881552
-0.39215625
-0.3906146
-0.38758001
-0.4050283
-0.40311217
-0.39934527
-0.41554142
-0.41331449
-0.40894024
-0.36832609
-0.33640835
-0.30502232
-0.3774452
-0.34171966
-0.30678986
-0.38485569
-0.34601328
-0.30821142
-0.30609989
-0.33967163
-0.37397058
-0.30812138
-0.3457581
-0.3844433
-0.30974969
-0.35068725
-0.39297184
-0.39640343
-0.39450076
-0.39076106
-0.35266408
-0.35157158
-0.34942046
-0.31040064
-0.31004209
-0.30933488
-0.42395342
-0.4214746
-0.41660841
-0.42929628
-0.42665598
-0.4214746
-0.43201931
-0.42929628
-0.42395342
-0.39076106
-0.34942046
-0.30933488
-0.39450076
-0.35157158
-0.31004209
-0.39640343
-0.35266408
-0.31040064
-0.31103811
-0.35460445
-0.39977979
-0.31184988
-0.35708017
-0.40409643
-0.31226165
-0.35833829
-0.40629423
-0.40629423
-0.40409643
-0.39977979
-0.35833829
-0.35708017
-0.35460445
-0.31226165
-0.31184988
-0.31103811
-0.26375191
-0.26375191
-0.26375191
-0.21650635
-0.21650635
-0.21650635
-0.16926079
-0.16926079
-0.16926079
-0.26375191
-0.26375191
-0.26375191
-0.21650635
-0.21650635
-0.21650635
-0.16926079
-0.16926079
-0.16926079
-0.26375191
-0.26375191
-0.26375191
-0.21650635
-0.21650635
-0.21650635
-0.16926079
-0.16926079
-0.16926079
-0.26375191
-0.26375191
-0.26375191
-0.21650635
-0.21650635
-0.21650635
-0.16926079
-0.16926079
-0.16926079
-0.26375191
-0.26375191
-0.26375191
-0.21650635
-0.21650635
-0.21650635
-0.16926079
-0.16926079
-0.16926079
-0.26375191
-0.26375191
-0.26375191
-0.21650635
-0.21650635
-0.21650635
-0.16926079
-0.16926079
-0.16926079
-0.26375191
-0.26375191
-0.26375191
-0.21650635
-0.21650635
-0.21650635
-0.16926079
-0.16926079
-0.16926079
-0.26375191
-0.26375191
-0.26375191
-0.21650635
-0.21650635
-0.21650635
-0.16926079
-0.16926079
-0.16926079
-0.26375191
-0.26375191
-0.26375191
-0.21650635
-0.21650635
-0.21650635
-0.16926079
-0.16926079
-0.16926079
-0.26375191
-0.26375191
-0.26375191
-0.21650635
-0.21650635
-0.21650635
-0.16926079
-0.16926079
-0.16926079
-0.26375191
-0.26375191
-0.26375191
-0.21650635
-0.21650635
-0.21650635
-0.16926079
-0.16926079
-0.16926079
-0.26375191
-0.26375191
-0.26375191
-0.21650635
-0.21650635
-0.21650635
-0.16926079
-0.16926079
-0.16926079
-0.33735172
-0.33633566
-0.33433361
-0.27902617
-0.27813518
-0.27638156
-0.21947701
-0.21874361
-0.21730139
-0.30775888
-0.30717373
-0.30601895
-0.25377431
-0.25326352
-0.25225654
-0.19912042
-0.19870155
-0.19787639
-0.27878947
-0.27859701
-0.27821662
-0.22920322
-0.22903594
-0.22870564
-0.17940924
-0.17927255
-0.17900282
-0.37380188
-0.37255684
-0.37010408
-0.33957432
-0.33885573
-0.33743792
-0.30606783
-0.30583094
-0.30536283
-0.38423377
-0.38268809
-0.37964677
-0.34563748
-0.34474712
-0.34299233
-0.30808171
-0.30778866
-0.30721018
-0.39272855
-0.39093439
-0.38740692
-0.35054751
-0.34951624
-0.34748517
-0.30970381
-0.30936503
-0.30869669
-0.39950923
-0.39751436
-0.3935944
-0.35444935
-0.35330497
-0.35105216
-0.31098728
-0.31061202
-0.30987197
-0.40380843
-0.40168522
-0.39751436
-0.35691529
-0.3556989
-0.35330497
-0.31179591
-0.31139751
-0.31061202
-0.4059973
-0.40380843
-0.39950923
-0.35816842
-0.35691529
-0.35444935
-0.31220609
-0.31179591
-0.31098728
-0.28867513
-0.28867513
0
0.14433757
-0.28867513
-0.28867513
-0.14433757
-0.14433757
-2.1684043e-19
-5.8546917e-18
0.14433757
0.14433757
7.5894152e-19
0.14433757
-0.38463884
-0.37864925
-0.14433757
-0.14433757
7.5216526e-19
-1.5321132e-17
0.14433757
0.14433757
-0.42041877
-0.40974402
-0.19728907
-0.19368993
2.8785568e-17
5.3125906e-18
-0.28867513
-0.28867513
-0.28867513
-0.28867513
-0.28867513
-0.28867513
-0.28867513
-0.28867513
-0.28867513
-0.28867513
-0.28867513
-0.28867513
-0.14433757
-0.14433757
-0.14433757
-0.14433757
-0.14433757
-0.14433757
-0.14433757
-0.14433757
-0.14433757
-0.14433757
-0.14433757
-0.14433757
-0.26375191
-0.21650635
-0.16926079
-0.26375191
-0.21650635
-0.16926079
-0.26375191
-0.21650635
-0.16926079
-0.26375191
-0.21650635
-0.16926079
-3.8307065e-19
-3.8895753e-18
-4.8789098e-18
1.5201793e-17
-2.7138936e-18
-3.2797116e-18
-1.479621e-18
2.9231107e-18
-1.0062751e-17
1.7287717e-17
6.087414e-18
-9.8899567e-18
-0.11941434
-0.072168784
-0.024923225
-0.11941434
-0.072168784
-0.024923225
-0.11941434
-0.072168784
-0.024923225
-0.11941434
-0.072168784
-0.024923225
0.14433757
0.14433757
0.14433757
0.14433757
0.14433757
0.14433757
0.14433757
0.14433757
0.14433757
0.14433757
0.14433757
0.14433757
0.024923225
0.072168784
0.11941434
0.024923225
0.072168784
0.11941434
0.024923225
0.072168784
0.11941434
0.024923225
0.072168784
0.11941434
-1.7347235e-18
-3.3610267e-18
-7.8316666e-18
3.8219715e-18
2.6766241e-18
7.5894152e-19
-6.8846838e-18
5.2854856e-19
-1.433058e-17
0.14433757
0.14433757
0.14433757
0.14433757
0.14433757
0.14433757
0.14433757
0.14433757
0.14433757
0.024923225
0.072168784
0.11941434
0.024923225
0.072168784
0.11941434
-0.38445987
-0.38313893
-0.38053624
-0.38538234
-0.39662121
-0.40577998
-0.42009818
-0.41773515
-0.41309509
-0.39236521
-0.40528814
-0.4158435
-0.30487629
-0.33600514
-0.36769266
-0.30395098
-0.33320369
-0.36284937
-0.30882153
-0.34786205
-0.38805727
-0.3104492
-0.35281214
-0.39666146
-0.19718101
-0.19638441
-0.19481997
-0.15255002
-0.16846444
-0.18484957
-0.15308918
-0.17011605
-0.18774034
-0.35339144
-0.29278126
-0.23061039
-0.34768534
-0.28777162
-0.22648244
2.036876e-18
6.0308746e-19
1.753697e-17
-8.998878e-18
1.9109063e-18
1.4871993e-17
-4.8246997e-18
-4.858581e-18
9.9852479e-18
-0.16366737
-0.099285939
-0.034353612
-0.16063405
-0.097405832
-0.033696021
-0.28867513
-0.28867513
-0.28867513
-0.28867513
-0.28867513
-0.28867513
-0.28867513
-0.28867513
-0.28867513
-0.26375191
-0.26375191
-0.26375191
-0.21650635
-0.21650635
-0.21650635
-0.16926079
-0.16926079
-0.16926079
-0.26375191
-0.26375191
-0.26375191
-0.21650635
-0.21650635
-0.21650635
-0.16926079
-0.16926079
-0.16926079
-0.26375191
-0.26375191
-0.26375191
-0.21650635
-0.21650635
-0.21650635
-0.16926079
-0.16926079
-0.16926079
-0.26375191
-0.26375191
-0.26375191
-0.21650635
-0.21650635
-0.21650635
-0.16926079
-0.16926079
-0.16926079
-0.14433757
-0.14433757
-0.14433757
-0.14433757
-0.14433757
-0.14433757
-0.14433757
-0.14433757
-0.14433757
-0.11941434
-0.11941434
-0.11941434
-0.072168784
-0.072168784
-0.072168784
-0.024923225
-0.024923225
-0.024923225
-0.11941434
-0.11941434
-0.11941434
-0.072168784
-0.072168784
-0.072168784
-0.024923225
-0.024923225
-0.024923225
-0.11941434
-0.11941434
-0.11941434
-0.072168784
-0.072168784
-0.072168784
-0.024923225
-0.024923225
-0.024923225
-0.11941434
-0.11941434
-0.11941434
-0.072168784
-0.072168784
-0.072168784
-0.024923225
-0.024923225
-0.024923225
1.2811822e-18
-4.6098829e-18
1.0002202e-18
-4.970116e-18
4.2137772e-18
-2.0819223e-17
1.6428164e-17
1.0976065e-17
7.5555339e-19
0.024923225
0.024923225
0.024923225
0.072168784
0.072168784
0.072168784
0.11941434
0.11941434
0.11941434
0.024923225
0.024923225
0.024923225
0.072168784
0.072168784
0.072168784
0.11941434
0.11941434
0.11941434
0.024923225
0.024923225
0.024923225
0.072168784
0.072168784
0.072168784
0.11941434
0.11941434
0.11941434
0.024923225
0.024923225
0.024923225
0.072168784
0.072168784
0.072168784
0.11941434
0.11941434
0.11941434
0.14433757
0.14433757
0.14433757
0.14433757
0.14433757
0.14433757
0.14433757
0.14433757
0.14433757
-7.7456134e-18
1.5044999e-17
2.6291903e-18
-1.0490864e-17
-7.8547483e-18
9.1157686e-18
1.4950914e-17
-1.7288207e-18
-3.2658943e-18
0.024923225
0.024923225
0.024923225
0.072168784
0.072168784
0.072168784
0.11941434
0.11941434
0.11941434
0.024923225
0.024923225
0.024923225
0.072168784
0.072168784
0.072168784
0.11941434
0.11941434
0.11941434
0.024923225
0.024923225
0.024923225
0.072168784
0.072168784
0.072168784
0.11941434
0.11941434
0.11941434
0.14433757
0.14433757
0.14433757
0.14433757
0.14433757
0.14433757
0.14433757
0.14433757
0.14433757
-0.41554142
-0.41331449
-0.40894024
-0.4050283
-0.40311217
-0.39934527
-0.39215625
-0.3906146
-0.38758001
-0.36754811
-0.3664809
-0.3643765
-0.33592171
-0.33530543
-0.33408838
-0.3048488
-0.30464557
-0.30424364
-0.36832609
-0.3774452
-0.38485569
-0.33640835
-0.34171966
-0.34601328
-0.30502232
-0.30678986
-0.30821142
-0.39076106
-0.39450076
-0.39640343
-0.34942046
-0.35157158
-0.35266408
-0.30933488
-0.31004209
-0.31040064
-0.39297184
-0.3844433
-0.37397058
-0.35068725
-0.3457581
-0.33967163
-0.30974969
-0.30812138
-0.30609989
-0.35322074
-0.35196124
-0.34948155
-0.29263112
-0.29152388
-0.2893466
-0.23048651
-0.22957324
-0.22777901
-0.332882
-0.30518018
-0.27793984
-0.27511175
-0.25152599
-0.22846557
-0.21625808
-0.19727828
-0.17880693
-0.27881552
-0.30783811
-0.33748938
-0.22922586
-0.25384351
-0.27914694
-0.17942775
-0.19917718
-0.21957645
-0.18765367
-0.18701453
-0.18575811
-0.17006666
-0.16970221
-0.1689845
-0.1530731
-0.15295435
-0.1527201
-0.16357625
-0.16290466
-0.16158613
-0.099229429
-0.09881298
-0.097995698
-0.034333841
-0.034188151
-0.033902291
-0.1532349
-0.13953897
-0.12625881
-0.092862461
-0.084467873
-0.076346986
-0.032114341
-0.029194637
-0.026373453
-0.12671171
-0.14092804
-0.15566941
-0.076626407
-0.085326377
-0.094369876
-0.026470955
-0.029494469
-0.032641303
1.4875797e-17
-3.0033274e-18
-5.4264107e-18
1.0292946e-17
9.6688811e-18
-4.5333203e-18
-3.0466716e-18
2.0958983e-17
-1.1221492e-17
-0.26375191
-0.26375191
-0.26375191
-0.26375191
-0.26375191
-0.26375191
-0.26375191
-0.26375191
-0.26375191
-0.21650635
-0.21650635
-0.21650635
-0.21650635
-0.21650635
-0.21650635
-0.21650635
-0.21650635
-0.21650635
-0.16926079
-0.16926079
-0.16926079
-0.16926079
-0.16926079
-0.16926079
-0.16926079
-0.16926079
-0.16926079
-0.11941434
-0.11941434
-0.11941434
-0.11941434
-0.11941434
-0.11941434
-0.11941434
-0.11941434
-0.11941434
-0.072168784
-0.072168784
-0.072168784
-0.072168784
-0.072168784
-0.072168784
-0.072168784
-0.072168784
-0.072168784
-0.024923225
-0.024923225
-0.024923225
-0.024923225
-0.024923225
-0.024923225
-0.024923225
-0.024923225
-0.024923225
0.024923225
0.024923225
0.024923225
0.024923225
0.024923225
0.024923225
0.024923225
0.024923225
0.024923225
0.072168784
0.072168784
0.072168784
0.072168784
0.072168784
0.072168784
0.072168784
0.072168784
0.072168784
0.11941434
0.11941434
0.11941434
0.11941434
0.11941434
0.11941434
0.11941434
0.11941434
0.11941434
0.024923225
0.024923225
0.024923225
0.024923225
0.024923225
0.024923225
0.024923225
0.024923225
0.024923225
0.072168784
0.072168784
0.072168784
0.072168784
0.072168784
0.072168784
0.072168784
0.072168784
0.072168784
0.11941434
0.11941434
0.11941434
0.11941434
0.11941434
0.11941434
0.11941434
0.11941434
0.11941434
-0.37380188
-0.37255684
-0.37010408
-0.38423377
-0.38268809
-0.37964677
-0.39272855
-0.39093439
-0.38740692
-0.33957432
-0.33885573
-0.33743792
-0.34563748
-0.34474712
-0.34299233
-0.35054751
-0.34951624
-0.34748517
-0.30606783
-0.30583094
-0.30536283
-0.30808171
-0.30778866
-0.30721018
-0.30970381
-0.30936503
-0.30869669
-0.33735172
-0.33633566
-0.33433361
-0.30775888
-0.30717373
-0.30601895
-0.27878947
-0.27859701
-0.27821662
-0.27902617
-0.27813518
-0.27638156
-0.25377431
-0.25326352
-0.25225654
-0.22920322
-0.22903594
-0.22870564
-0.21947701
-0.21874361
-0.21730139
-0.19912042
-0.19870155
-0.19787639
-0.17940924
-0.17927255
-0.17900282
-0.15559639
-0.15505796
-0.15399982
-0.14088648
-0.14057988
-0.13997624
-0.12669819
-0.12659842
-0.12640165
-0.094324636
-0.093991109
-0.093335898
-0.085300682
-0.08511112
-0.084738031
-0.076618066
-0.07655649
-0.076435081
-0.032625484
-0.032508865
-0.032279813
-0.029485493
-0.029419277
-0.029288973
-0.026468044
-0.026446554
-0.026404188
