MFEM mesh v1.0

#
# MFEM Geometry Types (see mesh/geom.hpp):
#
# POINT       = 0
# SEGMENT     = 1
# TRIANGLE    = 2
# SQUARE      = 3
# TETRAHEDRON = 4
# CUBE        = 5
#

dimension
3

elements
6
1 5 14 0 1 15 16 2 3 17
1 5 4 5 7 6 18 19 21 20
1 5 8 9 19 18 10 11 23 22
1 5 18 19 21 20 22 23 25 24
1 5 10 11 23 22 12 13 27 26
1 5 22 23 25 24 26 27 29 28

boundary
26
1 3 8 9 11 10
1 3 10 11 13 12
11 3 15 1 0 14
11 3 14 0 2 16
11 3 15 14 16 17
11 3 0 1 3 2
11 3 1 15 17 3
11 3 16 2 3 17
11 3 6 7 5 4
11 3 4 5 19 18
11 3 18 19 9 8
11 3 6 4 18 20
11 3 5 7 21 19
11 3 7 6 20 21
11 3 18 8 10 22
11 3 9 19 23 11
11 3 20 18 22 24
11 3 19 21 25 23
11 3 21 20 24 25
11 3 22 10 12 26
11 3 11 23 27 13
11 3 12 13 27 26
11 3 24 22 26 28
11 3 23 25 29 27
11 3 25 24 28 29
11 3 26 27 29 28

vertices
30

nodes
FiniteElementSpace
FiniteElementCollection: H1_3D_P4
VDim: 3
Ordering: 0

0.11108439
0.1716001
0.11108439
0.1716001
0.14916884
0.46713824
0.13575486
0.34802459
0.18971773
0.80820096
0.2
0.8867
0.18971773
0.80820096
0.093042196
0.11052157
0.093042196
0.11052157
0.16648196
0.60844596
0.14590394
0.42529438
0.17294184
0.66119981
0.14953799
0.45397621
0.16648196
0.60844596
0.14590394
0.42529438
0.10796899
0.10206329
0.096157599
0.11327701
0.12865254
0.1551505
0.16105348
0.14106084
0.1210682
0.093675514
0.098116585
0.10577027
0.10796899
0.10206329
0.096157599
0.11327701
0.12865254
0.1551505
0.16105348
0.14106084
0.1210682
0.093675514
0.098116585
0.10577027
0.093042196
0.093042196
0.093042196
0.11108439
0.11108439
0.11108439
0.1716001
0.1716001
0.1716001
0.11052157
0.11052157
0.11052157
0.16802253
0.28210809
0.41575527
0.4455633
0.40570709
0.36745852
0.14620981
0.21332047
0.30505112
0.14679702
0.1423655
0.13801655
0.19876044
0.38061935
0.55683924
0.5751685
0.51372603
0.45497859
0.16140939
0.25733852
0.37626093
0.16275221
0.15589007
0.14928741
0.15274069
0.15891515
0.16415398
0.49602663
0.54641841
0.58936649
0.36392887
0.39150957
0.4149139
0.13789927
0.14154338
0.14457449
0.25140841
0.5586051
0.77274387
0.77315948
0.70721261
0.64220229
0.18549355
0.17773645
0.17029067
0.27707719
0.64134625
0.86121767
0.84713093
0.7727204
0.69933787
0.21145137
0.42238068
0.61191658
0.19503002
0.18596265
0.17733059
0.19286957
0.19734762
0.19968068
0.83253318
0.86669473
0.88430061
0.62479563
0.6477558
0.65958757
0.16847945
0.17129099
0.17274366
0.62357606
0.55405147
0.48755517
0.16716943
0.274777
0.40344564
0.16866149
0.16083101
0.15335077
0.43418521
0.44666754
0.4530997
0.14703622
0.1486169
0.14942769
0.25140841
0.5586051
0.77274387
0.77315948
0.70721261
0.64220229
0.19876044
0.38061935
0.55683924
0.18549355
0.17773645
0.17029067
0.19968068
0.19734762
0.19286957
0.88430061
0.86669473
0.83253318
0.65958757
0.6477558
0.62479563
0.17274366
0.17129099
0.16847945
0.5751685
0.51372603
0.45497859
0.16140939
0.25733852
0.37626093
0.16275221
0.15589007
0.14928741
0.4530997
0.44666754
0.43418521
0.14942769
0.1486169
0.14703622
0.11429691
0.13046038
0.14662386
0.10338932
0.11338456
0.1233798
0.097060167
0.10347626
0.10989236
0.096157599
0.10206329
0.10796899
0.096157599
0.10206329
0.10796899
0.096157599
0.10206329
0.10796899
0.11327701
0.12865254
0.1551505
0.11327701
0.12865254
0.1551505
0.11327701
0.12865254
0.1551505
0.16105348
0.14106084
0.1210682
0.16105348
0.14106084
0.1210682
0.16105348
0.14106084
0.1210682
0.10577027
0.098116585
0.093675514
0.10577027
0.098116585
0.093675514
0.10577027
0.098116585
0.093675514
0.097060167
0.10347626
0.10989236
0.10338932
0.11338456
0.1233798
0.11429691
0.13046038
0.14662386
0.1496677
0.22375756
0.32257099
0.15655993
0.24515021
0.35766695
0.1639286
0.26874169
0.39511191
0.17399471
0.30078483
0.44381006
0.18476138
0.33510739
0.49372592
0.19435621
0.36621949
0.53723283
0.47206443
0.42782458
0.38543163
0.51827839
0.46634385
0.41665649
0.55766699
0.49915034
0.4431971
0.31946631
0.22204872
0.14931702
0.34476175
0.23758282
0.15472338
0.36652255
0.25118033
0.15934534
0.14038856
0.14519002
0.15010285
0.144431
0.15003029
0.15580008
0.14780457
0.15409563
0.16061683
0.19139356
0.35570712
0.52271417
0.17855259
0.31279251
0.46122724
0.16702233
0.27518351
0.40431507
0.20657715
0.40717302
0.59203104
0.22275192
0.46218968
0.66136912
0.24092196
0.5235767
0.73364088
0.25904846
0.58343155
0.79998296
0.27024865
0.61953021
0.83851347
0.27624736
0.63870332
0.85848953
0.79609494
0.72752533
0.65991364
0.82828655
0.75603474
0.68478045
0.84487113
0.77071967
0.69759222
0.57377433
0.39325198
0.20261013
0.59776173
0.41146008
0.20814131
0.61021489
0.42106082
0.21105155
0.17246443
0.18026944
0.18842144
0.17552876
0.18385088
0.19257421
0.17711418
0.18570879
0.19473452
0.26373415
0.59791389
0.81617037
0.24092505
0.52214148
0.73277674
0.22097044
0.45471618
0.65262701
0.59016833
0.52621925
0.46507338
0.61123709
0.54377033
0.47925127
0.62209624
0.55281834
0.48655923
0.3846442
0.2626769
0.1631854
0.39647988
0.27027322
0.16569292
0.40260887
0.27423467
0.16699201
0.15055188
0.15742389
0.16458198
0.15231948
0.15957367
0.16715361
0.15322722
0.16068026
0.16848056
0.20255713
0.39218996
0.57243735
0.18723863
0.34057106
0.5013521
0.17369113
0.29582042
0.43570836
0.27624736
0.63870332
0.85848953
0.27024865
0.61953021
0.83851347
0.25904846
0.58343155
0.79998296
0.84487113
0.77071967
0.69759222
0.82828655
0.75603474
0.68478045
0.79609494
0.72752533
0.65991364
0.61021489
0.42106082
0.21105155
0.59776173
0.41146008
0.20814131
0.57377433
0.39325198
0.20261013
0.17711418
0.18570879
0.19473452
0.17552876
0.18385088
0.19257421
0.17246443
0.18026944
0.18842144
0.24092196
0.5235767
0.73364088
0.22275192
0.46218968
0.66136912
0.20657715
0.40717302
0.59203104
0.62209624
0.55281834
0.48655923
0.61123709
0.54377033
0.47925127
0.59016833
0.52621925
0.46507338
0.40260887
0.27423467
0.16699201
0.39647988
0.27027322
0.16569292
0.3846442
0.2626769
0.1631854
0.15322722
0.16068026
0.16848056
0.15231948
0.15957367
0.16715361
0.15055188
0.15742389
0.16458198
0.19139356
0.35570712
0.52271417
0.17855259
0.31279251
0.46122724
0.16702233
0.27518351
0.40431507
0.097060167
0.10347626
0.10989236
0.10338932
0.11338456
0.1233798
0.11429691
0.13046038
0.14662386
0.097060167
0.10347626
0.10989236
0.10338932
0.11338456
0.1233798
0.11429691
0.13046038
0.14662386
0.097060167
0.10347626
0.10989236
0.10338932
0.11338456
0.1233798
0.11429691
0.13046038
0.14662386
0.16931512
0.28534792
0.42053458
0.1609476
0.25825238
0.37840189
0.1531866
0.23387049
0.33904814
0.17896333
0.31571001
0.46569587
0.16871381
0.281965
0.41509231
0.1593447
0.25197626
0.36805505
0.18749639
0.34308129
0.50500793
0.17548741
0.30310675
0.44691814
0.16464487
0.26792893
0.39309024
0.24773519
0.54590557
0.75904105
0.22821417
0.48024139
0.68333318
0.21092971
0.42153009
0.61066328
0.25768706
0.57833472
0.79498383
0.2361393
0.50638987
0.71443326
0.21720412
0.44226178
0.63705457
0.26300008
0.59554265
0.81362431
0.24034527
0.52023513
0.73057189
0.22051505
0.45321018
0.65075495
0.19479019
0.36676315
0.53800481
0.18120998
0.32124229
0.47357428
0.16907319
0.28148662
0.41398736
0.19965471
0.38266762
0.55965978
0.18499347
0.33334875
0.49104762
0.17197689
0.29047779
0.42765656
0.20220689
0.39103973
0.57090125
0.18696818
0.33969966
0.5001135
0.17348498
0.29517662
0.43474087
0.26300008
0.59554265
0.81362431
0.24034527
0.52023513
0.73057189
0.22051505
0.45321018
0.65075495
0.25768706
0.57833472
0.79498383
0.2361393
0.50638987
0.71443326
0.21720412
0.44226178
0.63705457
0.24773519
0.54590557
0.75904105
0.22821417
0.48024139
0.68333318
0.21092971
0.42153009
0.61066328
0.20220689
0.39103973
0.57090125
0.18696818
0.33969966
0.5001135
0.17348498
0.29517662
0.43474087
0.19965471
0.38266762
0.55965978
0.18499347
0.33334875
0.49104762
0.17197689
0.29047779
0.42765656
0.19479019
0.36676315
0.53800481
0.18120998
0.32124229
0.47357428
0.16907319
0.28148662
0.41398736
-1.9515639e-18
0.14433757
1.0842022e-18
0.14433757
2.9273459e-18
0.26592163
5.0957502e-18
0.22368927
-4.7704896e-18
0.37298049
1.0842022e-18
0.39717735
-1.3010426e-18
0.37298049
1.0164395e-18
0.14433757
-1.5449881e-18
0.14433757
6.169788e-18
0.30722904
1.5517644e-18
0.24775119
1.2624179e-17
0.3224644
-5.4210109e-20
0.25629728
5.9089018e-18
0.30722904
-1.0842022e-19
0.24775119
5.4210109e-18
1.5043305e-18
-3.4228601e-18
0.024923225
0.072168784
0.11941434
0.14433757
0.14433757
0.14433757
0.024923225
0.072168784
0.11941434
-2.1684043e-18
-1.9109063e-18
-6.1831288e-18
0.024923225
0.072168784
0.11941434
0.14433757
0.14433757
0.14433757
0.024923225
0.072168784
0.11941434
3.5505768e-18
-2.1311349e-18
-1.5043305e-18
6.5073306e-19
1.3145951e-18
9.7578196e-19
0.14433757
0.14433757
0.14433757
0.14433757
0.14433757
0.14433757
0.046712443
0.13473355
0.22122909
0.25850013
0.24458109
0.23085435
0.03904111
0.11277388
0.18570841
2.602297e-18
3.9166803e-18
-1.6805134e-18
0.054417567
0.15665737
0.25627281
0.2965368
0.2767634
0.25761269
0.043467228
0.12540839
0.20603062
7.4877547e-18
5.2028999e-18
-9.9102855e-19
4.3821812e-18
2.469101e-19
4.936508e-18
0.27450123
0.28926139
0.30171525
0.22879749
0.23744835
0.24461567
2.0987756e-18
-8.1399866e-19
1.953258e-18
0.066774181
0.19175207
0.31218017
0.36113607
0.33926012
0.31810788
3.0620274e-18
5.0491634e-18
7.7266345e-18
0.071432212
0.20490947
0.33291588
0.38359477
0.35865241
0.33471103
0.05729151
0.16481389
0.26924508
3.2288896e-18
1.1071991e-17
1.8048578e-17
8.6672646e-19
4.2961511e-18
4.98733e-18
0.38042078
0.39095644
0.39642918
0.31195018
0.31857997
0.32199842
1.1384924e-17
1.6940659e-17
1.6418887e-17
0.31047167
0.28840695
0.26717658
0.045051695
0.1299233
0.21326717
1.3918452e-17
1.311927e-17
-8.097635e-19
0.25041783
0.25413461
0.25603842
1.1997626e-18
9.8764042e-19
2.2937652e-18
0.066774181
0.19175207
0.31218017
0.36113607
0.33926012
0.31810788
0.054417567
0.15665737
0.25627281
-5.6073316e-18
2.3877859e-18
1.2048197e-17
-2.5410988e-21
-1.9515639e-18
-1.9515639e-18
0.39642918
0.39095644
0.38042078
0.32199842
0.31857997
0.31195018
1.1127287e-17
1.520763e-17
1.4325021e-17
0.2965368
0.2767634
0.25761269
0.043467228
0.12540839
0.20603062
3.8759963e-18
8.8379418e-18
4.4587814e-18
0.25603842
0.25413461
0.25041783
1.1651997e-18
4.857734e-18
2.5546514e-18
0.11941434
0.11941434
0.11941434
0.072168784
0.072168784
0.072168784
0.024923225
0.024923225
0.024923225
3.2152428e-19
-1.8166607e-18
-2.4934532e-18
1.4770269e-18
9.486769e-19
1.0706496e-18
-2.9209931e-18
-3.2932641e-18
2.1684043e-19
0.024923225
0.072168784
0.11941434
0.024923225
0.072168784
0.11941434
0.024923225
0.072168784
0.11941434
0.14433757
0.14433757
0.14433757
0.14433757
0.14433757
0.14433757
0.14433757
0.14433757
0.14433757
0.11941434
0.072168784
0.024923225
0.11941434
0.072168784
0.024923225
0.11941434
0.072168784
0.024923225
0.024923225
0.024923225
0.024923225
0.072168784
0.072168784
0.072168784
0.11941434
0.11941434
0.11941434
0.040334793
0.11648226
0.1917231
0.042822107
0.12360635
0.20325928
0.045356276
0.13085675
0.21497499
0.048302401
0.13926427
0.22849233
0.051050476
0.14708688
0.24100674
0.05338174
0.15371483
0.2515843
0.26643124
0.25134031
0.23651425
0.28003783
0.26287626
0.24612485
0.29148121
0.27251983
0.25411168
0.19001621
0.11544658
0.03997644
0.19731955
0.11998457
0.041565734
0.20337802
0.12375551
0.042887532
3.5060431e-18
1.5163991e-18
-1.9072072e-18
2.0741719e-19
3.4336863e-18
1.1286702e-18
-8.8260833e-19
4.4184415e-18
1.0218602e-17
0.052433323
0.1510053
0.24721777
0.048782057
0.14059278
0.23049878
0.045268158
0.13055732
0.21433924
0.056443593
0.16242373
0.26549629
0.060403686
0.17368096
0.2834601
0.064528421
0.1853869
0.30208053
0.068202148
0.19578843
0.31855002
0.070230762
0.20151832
0.32757928
0.071287575
0.20450132
0.33227387
0.36805159
0.34524687
0.32324632
0.37782943
0.35368804
0.33047204
0.38290171
0.35805614
0.33420229
0.26028995
0.15918085
0.05530629
0.26593524
0.16273068
0.056557115
0.26884793
0.16456385
0.05720335
1.182096e-17
6.1784308e-18
-3.495384e-18
1.7347235e-17
1.0513346e-17
-2.6587045e-18
1.9473287e-17
8.7748378e-18
2.4605976e-19
0.068835703
0.19756423
0.32130396
0.064097608
0.18414088
0.30002305
0.059585834
0.17133491
0.27964793
0.30086034
0.28038435
0.26059351
0.30692361
0.28544967
0.26475334
0.31004621
0.2880526
0.26688643
0.20828759
0.12681563
0.043960928
0.21143496
0.12877939
0.044650111
0.21304783
0.12978633
0.045003606
1.9211766e-18
3.5771785e-18
1.2346538e-17
-3.8730582e-19
4.1520232e-18
3.4355648e-18
7.6232965e-19
5.0807154e-18
7.3928969e-18
0.055053577
0.15844734
0.25907068
0.050958781
0.14678344
0.24038436
0.047046277
0.13562078
0.22244486
0.071287575
0.20450132
0.33227387
0.070230762
0.20151832
0.32757928
0.068202148
0.19578843
0.31855002
0.38290171
0.35805614
0.33420229
0.37782943
0.35368804
0.33047204
0.36805159
0.34524687
0.32324632
0.26884793
0.16456385
0.05720335
0.26593524
0.16273068
0.056557115
0.26028995
0.15918085
0.05530629
1.6100098e-17
1.1246693e-17
-2.7065879e-18
8.3894378e-18
1.1047004e-17
1.1079207e-18
4.8280878e-18
3.4156604e-18
8.1444203e-19
0.064528421
0.1853869
0.30208053
0.060403686
0.17368096
0.2834601
0.056443593
0.16242373
0.26549629
0.31004621
0.2880526
0.26688643
0.30692361
0.28544967
0.26475334
0.30086034
0.28038435
0.26059351
0.21304783
0.12978633
0.045003606
0.21143496
0.12877939
0.044650111
0.20828759
0.12681563
0.043960928
1.5114112e-18
4.876104e-18
1.3552924e-17
4.1127685e-18
6.6204095e-18
1.0745461e-17
4.6654575e-18
1.371431e-17
1.317305e-17
0.052433323
0.1510053
0.24721777
0.048782057
0.14059278
0.23049878
0.045268158
0.13055732
0.21433924
0.024923225
0.024923225
0.024923225
0.072168784
0.072168784
0.072168784
0.11941434
0.11941434
0.11941434
0.024923225
0.024923225
0.024923225
0.072168784
0.072168784
0.072168784
0.11941434
0.11941434
0.11941434
0.024923225
0.024923225
0.024923225
0.072168784
0.072168784
0.072168784
0.11941434
0.11941434
0.11941434
0.04682288
0.13503806
0.22168459
0.044067015
0.12715888
0.20897014
0.041373201
0.11944814
0.1964992
0.049350069
0.14223591
0.23321203
0.046200108
0.13324053
0.21872942
0.043142689
0.1244981
0.20461849
0.051486356
0.14831336
0.2429229
0.047991438
0.1383425
0.22689992
0.044619209
0.12870808
0.21137498
0.065850962
0.18912838
0.30799445
0.061541198
0.17690387
0.28856923
0.057413909
0.16517688
0.26987288
0.067726611
0.19443086
0.31636431
0.063149413
0.18145759
0.29577929
0.058781655
0.16905556
0.27603204
0.068702254
0.19718729
0.32070999
0.063983627
0.18381839
0.29951319
0.059489253
0.1710612
0.27921387
0.053244717
0.15331085
0.25089302
0.049457816
0.14251541
0.23357131
0.045821512
0.13213362
0.2168643
0.054385005
0.15654938
0.25605065
0.050404895
0.14520884
0.23787206
0.046595007
0.13433619
0.22039
0.054973355
0.15821964
0.25870846
0.050892374
0.14659468
0.24008327
0.046992216
0.1354669
0.22219877
0.068702254
0.19718729
0.32070999
0.063983627
0.18381839
0.29951319
0.059489253
0.1710612
0.27921387
0.067726611
0.19443086
0.31636431
0.063149413
0.18145759
0.29577929
0.058781655
0.16905556
0.27603204
0.065850962
0.18912838
0.30799445
0.061541198
0.17690387
0.28856923
0.057413909
0.16517688
0.26987288
0.054973355
0.15821964
0.25870846
0.050892374
0.14659468
0.24008327
0.046992216
0.1354669
0.22219877
0.054385005
0.15654938
0.25605065
0.050404895
0.14520884
0.23787206
0.046595007
0.13433619
0.22039
0.053244717
0.15331085
0.25089302
0.049457816
0.14251541
0.23357131
0.045821512
0.13213362
0.2168643
-2.1684043e-19
-5.8546917e-18
0.14433757
0.14433757
-0.59335069
-0.57019239
-0.48603889
-0.47240707
-0.39717735
-0.37298049
4.5536491e-18
-2.4286129e-17
0.39717735
0.37298049
2.8595832e-18
1.8973538e-19
0.14433757
0.14433757
-0.3224644
-0.30722904
-0.25629728
-0.24775119
-2.6359665e-18
1.8566962e-18
1.1492543e-17
-2.1900884e-17
0.3224644
0.30722904
0.25629728
0.24775119
-9.7578196e-19
5.2854856e-19
2.648672e-18
-3.8307065e-19
-3.8895753e-18
-4.8789098e-18
-7.3725748e-18
-1.2319247e-17
2.1656515e-18
3.8186628e-18
2.9473358e-17
-2.2090619e-18
0.14433757
0.14433757
0.14433757
0.14433757
0.14433757
0.14433757
0.14433757
0.14433757
0.14433757
0.14433757
0.14433757
0.14433757
0.024923225
0.072168784
0.11941434
0.024923225
0.072168784
0.11941434
0.024923225
0.072168784
0.11941434
0.024923225
0.072168784
0.11941434
-0.59264872
-0.58748697
-0.57741475
-0.55300856
-0.52078024
-0.48899717
-0.4856287
-0.48260673
-0.47668054
-0.57437618
-0.53892397
-0.50413239
-0.32199842
-0.31857997
-0.31195018
-0.2965368
-0.2767634
-0.25761269
-0.25603842
-0.25413461
-0.25041783
-0.31047167
-0.28840695
-0.26717658
-0.55184515
-0.4667897
-0.37407891
-0.52936069
-0.44639856
-0.35681328
-0.43609876
-0.3642077
-0.28876571
-0.4492025
-0.37588867
-0.29851333
-0.39642918
-0.39095644
-0.38042078
-0.36113607
-0.33926012
-0.31810788
-0.38359477
-0.35865241
-0.33471103
-8.6037372e-18
-2.2795351e-17
-1.9515639e-18
-3.1232249e-17
1.5915749e-18
2.796564e-17
-1.2131524e-17
9.1310152e-18
7.7927031e-19
3.2443135e-17
1.3429707e-18
3.1069169e-18
-0.33291588
-0.20490947
-0.071432212
-0.31218017
-0.19175207
-0.066774181
-0.25627281
-0.15665737
-0.054417567
-0.26924508
-0.16481389
-0.05729151
-3.9648196e-17
-2.1848368e-17
-5.631075e-18
1.2842714e-17
6.1774113e-18
-2.236167e-18
-1.9303345e-17
3.7413869e-17
1.1387511e-17
-0.20603062
-0.12540839
-0.043467228
-0.21326717
-0.1299233
-0.045051695
0.39642918
0.39095644
0.38042078
0.36113607
0.33926012
0.31810788
0.32199842
0.31857997
0.31195018
0.38359477
0.35865241
0.33471103
0.071432212
0.20490947
0.33291588
0.066774181
0.19175207
0.31218017
0.054417567
0.15665737
0.25627281
0.05729151
0.16481389
0.26924508
0.2965368
0.2767634
0.25761269
0.25603842
0.25413461
0.25041783
0.31047167
0.28840695
0.26717658
0.043467228
0.12540839
0.20603062
0.045051695
0.1299233
0.21326717
2.2340494e-19
3.8150364e-18
-2.3256137e-17
1.2203826e-17
-1.9350468e-17
1.4772255e-17
-2.393852e-18
-1.8664993e-17
8.1818089e-18
0.024923225
0.024923225
0.024923225
0.072168784
0.072168784
0.072168784
0.11941434
0.11941434
0.11941434
0.024923225
0.024923225
0.024923225
0.072168784
0.072168784
0.072168784
0.11941434
0.11941434
0.11941434
0.024923225
0.024923225
0.024923225
0.072168784
0.072168784
0.072168784
0.11941434
0.11941434
0.11941434
0.024923225
0.024923225
0.024923225
0.072168784
0.072168784
0.072168784
0.11941434
0.11941434
0.11941434
0.14433757
0.14433757
0.14433757
0.14433757
0.14433757
0.14433757
0.14433757
0.14433757
0.14433757
-0.5036764
-0.50031807
-0.49373779
-0.53837604
-0.53434305
-0.52645361
-0.57372932
-0.56897123
-0.55967856
-0.55116224
-0.54614326
-0.53636295
-0.46616835
-0.46160566
-0.45273421
-0.37355141
-0.36968063
-0.36216784
-0.51289327
-0.48209907
-0.45184539
-0.43176726
-0.40454392
-0.37797121
-0.34461701
-0.32202007
-0.30008244
-0.44020226
-0.44589941
-0.4488076
-0.36785939
-0.37293873
-0.3755358
-0.29180896
-0.29604809
-0.29821831
-0.46641834
-0.49962501
-0.53360195
-0.39099869
-0.42029804
-0.45048953
-0.31097955
-0.33525945
-0.36042754
-0.31004621
-0.30692361
-0.30086034
-0.2880526
-0.28544967
-0.28038435
-0.26688643
-0.26475334
-0.26059351
-0.33420229
-0.33047204
-0.32324632
-0.35805614
-0.35368804
-0.34524687
-0.38290171
-0.37782943
-0.36805159
-0.33227387
-0.32757928
-0.31855002
-0.20450132
-0.20151832
-0.19578843
-0.071287575
-0.070230762
-0.068202148
-0.30208053
-0.2834601
-0.26549629
-0.1853869
-0.17368096
-0.16242373
-0.064528421
-0.060403686
-0.056443593
-0.26028995
-0.26593524
-0.26884793
-0.15918085
-0.16273068
-0.16456385
-0.05530629
-0.056557115
-0.05720335
-0.27964793
-0.30002305
-0.32130396
-0.17133491
-0.18414088
-0.19756423
-0.059585834
-0.064097608
-0.068835703
-5.4833698e-17
2.1087208e-17
-3.0301413e-18
1.1550127e-17
-1.9731844e-17
-1.2180757e-17
9.2732439e-18
-5.7996346e-18
4.7467726e-18
-0.24721777
-0.23049878
-0.21433924
-0.1510053
-0.14059278
-0.13055732
-0.052433323
-0.048782057
-0.045268158
-0.20828759
-0.21143496
-0.21304783
-0.12681563
-0.12877939
-0.12978633
-0.043960928
-0.044650111
-0.045003606
-0.22244486
-0.24038436
-0.25907068
-0.13562078
-0.14678344
-0.15844734
-0.047046277
-0.050958781
-0.055053577
-2.7654673e-17
-7.6510699e-18
-1.0701011e-17
-2.1951747e-17
-1.6099502e-17
-2.2597145e-17
-6.1590016e-18
-3.857388e-17
-1.3992984e-17
0.071287575
0.070230762
0.068202148
0.20450132
0.20151832
0.19578843
0.33227387
0.32757928
0.31855002
0.064528421
0.060403686
0.056443593
0.1853869
0.17368096
0.16242373
0.30208053
0.2834601
0.26549629
0.05530629
0.056557115
0.05720335
0.15918085
0.16273068
0.16456385
0.26028995
0.26593524
0.26884793
0.059585834
0.064097608
0.068835703
0.17133491
0.18414088
0.19756423
0.27964793
0.30002305
0.32130396
0.38290171
0.37782943
0.36805159
0.35805614
0.35368804
0.34524687
0.33420229
0.33047204
0.32324632
0.052433323
0.048782057
0.045268158
0.1510053
0.14059278
0.13055732
0.24721777
0.23049878
0.21433924
0.043960928
0.044650111
0.045003606
0.12681563
0.12877939
0.12978633
0.20828759
0.21143496
0.21304783
0.047046277
0.050958781
0.055053577
0.13562078
0.14678344
0.15844734
0.22244486
0.24038436
0.25907068
0.31004621
0.30692361
0.30086034
0.2880526
0.28544967
0.28038435
0.26688643
0.26475334
0.26059351
0.024923225
0.024923225
0.024923225
0.024923225
0.024923225
0.024923225
0.024923225
0.024923225
0.024923225
0.072168784
0.072168784
0.072168784
0.072168784
0.072168784
0.072168784
0.072168784
0.072168784
0.072168784
0.11941434
0.11941434
0.11941434
0.11941434
0.11941434
0.11941434
0.11941434
0.11941434
0.11941434
-0.53297384
-0.52835597
-0.51934883
-0.4990948
-0.4951941
-0.48757248
-0.46597858
-0.46274118
-0.45640473
-0.44991991
-0.44573542
-0.43759077
-0.41982009
-0.41630644
-0.40945418
-0.39060457
-0.38770503
-0.38203968
-0.35994532
-0.35640517
-0.34952621
-0.33485691
-0.33189929
-0.32614005
-0.31064922
-0.30822029
-0.30348081
-0.32070999
-0.31636431
-0.30799445
-0.29951319
-0.29577929
-0.28856923
-0.27921387
-0.27603204
-0.26987288
-0.19718729
-0.19443086
-0.18912838
-0.18381839
-0.18145759
-0.17690387
-0.1710612
-0.16905556
-0.16517688
-0.068702254
-0.067726611
-0.065850962
-0.063983627
-0.063149413
-0.061541198
-0.059489253
-0.058781655
-0.057413909
-0.25870846
-0.25605065
-0.25089302
-0.24008327
-0.23787206
-0.23357131
-0.22219877
-0.22039
-0.2168643
-0.15821964
-0.15654938
-0.15331085
-0.14659468
-0.14520884
-0.14251541
-0.1354669
-0.13433619
-0.13213362
-0.054973355
-0.054385005
-0.053244717
-0.050892374
-0.050404895
-0.049457816
-0.046992216
-0.046595007
-0.045821512
0.068702254
0.067726611
0.065850962
0.063983627
0.063149413
0.061541198
0.059489253
0.058781655
0.057413909
0.19718729
0.19443086
0.18912838
0.18381839
0.18145759
0.17690387
0.1710612
0.16905556
0.16517688
0.32070999
0.31636431
0.30799445
0.29951319
0.29577929
0.28856923
0.27921387
0.27603204
0.26987288
0.054973355
0.054385005
0.053244717
0.050892374
0.050404895
0.049457816
0.046992216
0.046595007
0.045821512
0.15821964
0.15654938
0.15331085
0.14659468
0.14520884
0.14251541
0.1354669
0.13433619
0.13213362
0.25870846
0.25605065
0.25089302
0.24008327
0.23787206
0.23357131
0.22219877
0.22039
0.2168643
