MFEM mesh v1.0

#
# MFEM Geometry Types (see mesh/geom.hpp):
#
# POINT       = 0
# SEGMENT     = 1
# TRIANGLE    = 2
# SQUARE      = 3
# TETRAHEDRON = 4
# CUBE        = 5
#

dimension
3

elements
8
1 5 2 10 8 3 14 19 20 13
1 5 3 8 6 4 13 20 22 12
1 5 8 9 7 6 20 21 23 22
1 5 4 6 1 0 12 22 11 5
1 5 13 20 22 12 16 24 26 15
1 5 20 21 23 22 24 25 27 26
1 5 16 24 26 15 18 28 30 17
1 5 24 25 27 26 28 29 31 30

boundary
30
1 3 3 8 10 2
1 3 4 6 8 3
1 3 6 7 9 8
1 3 0 1 6 4
9 3 2 10 19 14
9 3 10 8 20 19
9 3 3 2 14 13
9 3 14 19 20 13
9 3 8 9 21 20
9 3 4 3 13 12
9 3 9 7 23 21
9 3 7 6 22 23
9 3 6 1 11 22
9 3 1 0 5 11
9 3 0 4 12 5
9 3 12 22 11 5
9 3 13 20 24 16
9 3 20 21 25 24
9 3 22 12 15 26
9 3 12 13 16 15
9 3 21 23 27 25
9 3 23 22 26 27
9 3 16 24 28 18
9 3 24 25 29 28
9 3 26 15 17 30
9 3 15 16 18 17
9 3 18 28 30 17
9 3 25 27 31 29
9 3 27 26 30 31
9 3 28 29 31 30

vertices
32

nodes
FiniteElementSpace
FiniteElementCollection: H1_3D_P4
VDim: 3
Ordering: 0

-0.57735027
-0.31000795
-0.67227043
-0.70710678
-0.67227043
-0.50518149
-0.37298049
-1.3010426e-18
-0.39717735
1.0842022e-18
-0.37298049
-0.26592163
-0.57019239
-0.59335069
-0.57019239
-0.47240707
-0.48603889
-0.37864925
-0.38463884
-0.30722904
-0.3224644
-7.3725748e-18
-0.30722904
-1.1519648e-18
-0.25629728
-5.5429836e-18
-0.24775119
-3.496552e-18
-0.19728907
-1.8295912e-18
-0.19368993
-1.2739376e-18
-0.6278812
-0.53501952
-0.4314642
-0.39642918
-0.39095644
-0.38042078
-0.66207707
-0.56663459
-0.45868172
-0.68307557
-0.69823377
-0.70604267
-0.52936069
-0.44639856
-0.35681328
-0.31195018
-0.31857997
-0.32199842
-0.55184515
-0.4667897
-0.37407891
-0.59264872
-0.58748697
-0.57741475
-0.65432542
-0.62067735
-0.58750416
-0.36113607
-0.33926012
-0.31810788
-0.38359477
-0.35865241
-0.33471103
-0.68697873
-0.64938746
-0.6125172
-0.38042078
-0.39095644
-0.39642918
-0.6278812
-0.53501952
-0.4314642
-0.70604267
-0.69823377
-0.68307557
-0.32199842
-0.31857997
-0.31195018
-0.52936069
-0.44639856
-0.35681328
-0.57741475
-0.58748697
-0.59264872
-0.36113607
-0.33926012
-0.31810788
-0.65432542
-0.62067735
-0.58750416
-0.33291588
-0.20490947
-0.071432212
-1.9515639e-18
-1.9515639e-18
-2.5410988e-21
-0.31218017
-0.19175207
-0.066774181
-0.26924508
-0.16481389
-0.05729151
-6.1663999e-18
1.0842022e-19
2.2971534e-18
-0.25627281
-0.15665737
-0.054417567
5.014488e-18
2.6219905e-18
-4.3673019e-18
-4.4555654e-18
-2.3115529e-18
-1.3552527e-20
-0.32278198
-0.34512795
-0.36435579
-0.53562341
-0.45112133
-0.36020918
-0.59712124
-0.63106638
-0.65963981
-0.27450123
-0.28926139
-0.30171525
-0.46672901
-0.39031051
-0.30979848
-0.51895855
-0.54232058
-0.56170451
-0.30225771
-0.2877255
-0.27339838
-0.56488866
-0.54126588
-0.5176431
-0.4492025
-0.37588867
-0.29851333
-0.25603842
-0.25413461
-0.25041783
-0.43609876
-0.3642077
-0.28876571
-0.47668054
-0.48260673
-0.4856287
-0.57437618
-0.53892397
-0.50413239
-0.31047167
-0.28840695
-0.26717658
-0.2965368
-0.2767634
-0.25761269
-0.55300856
-0.52078024
-0.48899717
-0.21326717
-0.1299233
-0.045051695
-5.4345502e-18
-3.5575384e-19
-4.7772658e-18
-0.20603062
-0.12540839
-0.043467228
-7.4945409e-18
-6.8770605e-18
-7.7351049e-18
-1.5720799e-18
-1.3069718e-18
-2.0532079e-18
-0.35339144
-0.29278126
-0.23061039
-0.19718101
-0.19638441
-0.19481997
-0.34768534
-0.28777162
-0.22648244
-0.38053624
-0.38313893
-0.38445987
-0.46812151
-0.43463085
-0.40174699
-0.24563076
-0.22597295
-0.20701788
-0.23805083
-0.22009081
-0.20267041
-0.455937
-0.42504043
-0.39456189
-0.16366737
-0.099285939
-0.034353612
-2.0329055e-18
-4.2758223e-18
-2.1955094e-18
-0.16063405
-0.097405832
-0.033696021
-6.7623802e-18
-4.0513586e-18
-2.7172817e-18
-4.7430404e-18
-3.2797116e-18
-2.8866883e-18
-0.6610298
-0.56566212
-0.45784149
-0.65334976
-0.55853883
-0.45169272
-0.63846807
-0.54477698
-0.43984281
-0.61047448
-0.51922515
-0.41806085
-0.57793621
-0.48985902
-0.39325467
-0.54598479
-0.46122132
-0.36920602
-0.36805159
-0.37782943
-0.38290171
-0.34524687
-0.35368804
-0.35805614
-0.32324632
-0.33047204
-0.33420229
-0.44335776
-0.54869826
-0.6424645
-0.41515227
-0.51551365
-0.6059608
-0.38799889
-0.48335598
-0.57031435
-0.68598265
-0.67867041
-0.66446322
-0.64851389
-0.64209671
-0.62960702
-0.61175802
-0.60617749
-0.59529774
-0.53636295
-0.45273421
-0.36216784
-0.54614326
-0.46160566
-0.36968063
-0.55116224
-0.46616835
-0.37355141
-0.63846807
-0.54477698
-0.43984281
-0.65334976
-0.55853883
-0.45169272
-0.6610298
-0.56566212
-0.45784149
-0.38290171
-0.37782943
-0.36805159
-0.35805614
-0.35368804
-0.34524687
-0.33420229
-0.33047204
-0.32324632
-0.41806085
-0.51922515
-0.61047448
-0.39325467
-0.48985902
-0.57793621
-0.36920602
-0.46122132
-0.54598479
-0.66446322
-0.67867041
-0.68598265
-0.62960702
-0.64209671
-0.64851389
-0.59529774
-0.60617749
-0.61175802
-0.55116224
-0.46616835
-0.37355141
-0.54614326
-0.46160566
-0.36968063
-0.53636295
-0.45273421
-0.36216784
-0.31855002
-0.19578843
-0.068202148
-0.32757928
-0.20151832
-0.070230762
-0.33227387
-0.20450132
-0.071287575
-0.32130396
-0.19756423
-0.068835703
-0.30002305
-0.18414088
-0.064097608
-0.27964793
-0.17133491
-0.059585834
2.2815759e-18
1.9886216e-18
-2.3264819e-18
2.0701502e-18
7.9456984e-19
-1.8321323e-18
-3.1848439e-19
1.3018896e-18
1.0096633e-18
-0.064528421
-0.1853869
-0.30208053
-0.060403686
-0.17368096
-0.2834601
-0.056443593
-0.16242373
-0.26549629
-0.26884793
-0.16456385
-0.05720335
-0.26593524
-0.16273068
-0.056557115
-0.26028995
-0.15918085
-0.05530629
-0.55473086
-0.46833285
-0.37471292
-0.58766974
-0.49820397
-0.40002382
-0.61552794
-0.52366827
-0.42174123
-0.35310887
-0.3351712
-0.31425168
-0.33229368
-0.31665882
-0.29830605
-0.31211416
-0.29860564
-0.282648
-0.35136805
-0.44051335
-0.52368231
-0.33476634
-0.4205284
-0.50109777
-0.31836818
-0.40070419
-0.47858047
-0.58357371
-0.61558535
-0.64246372
-0.5579509
-0.58641982
-0.61021076
-0.53240437
-0.55748885
-0.57835327
-0.52114291
-0.43897996
-0.35055483
-0.50242182
-0.422147
-0.33639963
-0.47994278
-0.40205775
-0.31958805
-0.53360195
-0.45048953
-0.36042754
-0.49962501
-0.42029804
-0.33525945
-0.46641834
-0.39099869
-0.31097955
-0.31004621
-0.30692361
-0.30086034
-0.2880526
-0.28544967
-0.28038435
-0.26688643
-0.26475334
-0.26059351
-0.34461701
-0.43176726
-0.51289327
-0.32202007
-0.40454392
-0.48209907
-0.30008244
-0.37797121
-0.45184539
-0.55967856
-0.56897123
-0.57372932
-0.52645361
-0.53434305
-0.53837604
-0.49373779
-0.50031807
-0.5036764
-0.4488076
-0.3755358
-0.29821831
-0.44589941
-0.37293873
-0.29604809
-0.44020226
-0.36785939
-0.29180896
-0.25907068
-0.15844734
-0.055053577
-0.24038436
-0.14678344
-0.050958781
-0.22244486
-0.13562078
-0.047046277
-5.9904816e-18
-1.0251431e-18
1.4499748e-18
-7.6902146e-18
-6.0696793e-18
-2.1633221e-18
-9.3309149e-18
-9.1225448e-18
-2.0803129e-18
-0.052433323
-0.1510053
-0.24721777
-0.048782057
-0.14059278
-0.23049878
-0.045268158
-0.13055732
-0.21433924
-0.21304783
-0.12978633
-0.045003606
-0.21143496
-0.12877939
-0.044650111
-0.20828759
-0.12681563
-0.043960928
-0.43219011
-0.36101058
-0.28627495
-0.40048637
-0.33342478
-0.26367877
-0.36947731
-0.30661892
-0.24183923
-0.24540153
-0.24371491
-0.24041864
-0.22579558
-0.22448956
-0.22193207
-0.20688716
-0.2059239
-0.204034
-0.27762052
-0.35061557
-0.42049661
-0.2569503
-0.32530876
-0.39130993
-0.23685745
-0.30058548
-0.36262217
-0.45976008
-0.46505666
-0.46775532
-0.42805449
-0.4322228
-0.43434329
-0.39682364
-0.39994606
-0.40153204
-0.35322074
-0.29263112
-0.23048651
-0.35196124
-0.29152388
-0.22957324
-0.34948155
-0.2893466
-0.22777901
-0.20427898
-0.12435211
-0.04310288
-0.18774013
-0.1141231
-0.039528735
-0.17182424
-0.10430658
-0.036103573
-4.2823074e-18
-8.4499031e-18
-7.8575541e-19
-7.548756e-18
-2.8357604e-18
-2.2963063e-18
-6.871118e-18
-1.9769749e-18
-2.3852448e-18
-0.041701345
-0.12035597
-0.19786612
-0.038446466
-0.11103377
-0.18277153
-0.035307387
-0.10203144
-0.16815746
-0.16357625
-0.099229429
-0.034333841
-0.16290466
-0.09881298
-0.034188151
-0.16158613
-0.097995698
-0.033902291
-0.6203888
-0.52833245
-0.42585864
-0.63430937
-0.54116074
-0.43687127
-0.64148622
-0.5477932
-0.44257828
-0.58663853
-0.49780402
-0.4000213
-0.59883161
-0.50896837
-0.40955231
-0.60510614
-0.5147283
-0.41447987
-0.55355416
-0.46809103
-0.3750271
-0.56413793
-0.4777219
-0.38320524
-0.56957436
-0.48268043
-0.38742375
-0.64148622
-0.5477932
-0.44257828
-0.63430937
-0.54116074
-0.43687127
-0.6203888
-0.52833245
-0.42585864
-0.60510614
-0.5147283
-0.41447987
-0.59883161
-0.50896837
-0.40955231
-0.58663853
-0.49780402
-0.4000213
-0.56957436
-0.48268043
-0.38742375
-0.56413793
-0.4777219
-0.38320524
-0.55355416
-0.46809103
-0.3750271
-0.32070999
-0.19718729
-0.068702254
-0.31636431
-0.19443086
-0.067726611
-0.30799445
-0.18912838
-0.065850962
-0.29951319
-0.18381839
-0.063983627
-0.29577929
-0.18145759
-0.063149413
-0.28856923
-0.17690387
-0.061541198
-0.27921387
-0.1710612
-0.059489253
-0.27603204
-0.16905556
-0.058781655
-0.26987288
-0.16517688
-0.057413909
-0.59889421
-0.508618
-0.40900023
-0.57273258
-0.48477477
-0.38871693
-0.54171615
-0.45672011
-0.36499811
-0.56775224
-0.48058561
-0.38537344
-0.544668
-0.45966172
-0.36765691
-0.51716093
-0.43490161
-0.34680988
-0.53711009
-0.45318612
-0.36241041
-0.51692722
-0.43498899
-0.34707236
-0.49275648
-0.41333483
-0.32891357
-0.53297384
-0.44991991
-0.35994532
-0.52835597
-0.44573542
-0.35640517
-0.51934883
-0.43759077
-0.34952621
-0.4990948
-0.41982009
-0.33485691
-0.4951941
-0.41630644
-0.33189929
-0.48757248
-0.40945418
-0.32614005
-0.46597858
-0.39060457
-0.31064922
-0.46274118
-0.38770503
-0.30822029
-0.45640473
-0.38203968
-0.30348081
-0.25870846
-0.15821964
-0.054973355
-0.25605065
-0.15654938
-0.054385005
-0.25089302
-0.15331085
-0.053244717
-0.24008327
-0.14659468
-0.050892374
-0.23787206
-0.14520884
-0.050404895
-0.23357131
-0.14251541
-0.049457816
-0.22219877
-0.1354669
-0.046992216
-0.22039
-0.13433619
-0.046595007
-0.2168643
-0.13213362
-0.045821512
-0.43183817
-0.360697
-0.28601342
-0.42924546
-0.35838828
-0.28408876
-0.42416185
-0.35386852
-0.2803254
-0.40021085
-0.33318059
-0.26347602
-0.39817989
-0.33138156
-0.26198281
-0.39419117
-0.32785331
-0.25905747
-0.36927198
-0.30643786
-0.24168952
-0.36775746
-0.30510302
-0.24058619
-0.36477819
-0.30248055
-0.23842064
-0.20408492
-0.12423108
-0.043060415
-0.20265734
-0.12334095
-0.042748127
-0.1998685
-0.121603
-0.042138575
-0.18759023
-0.11402982
-0.039496047
-0.1864866
-0.11334325
-0.039255456
-0.18432623
-0.11199993
-0.038784849
-0.17171393
-0.10423809
-0.036079598
-0.1709012
-0.10373358
-0.035902999
-0.16930716
-0.10274448
-0.035556856
0.57735027
0.67227043
-0.31000795
-3.1225023e-17
0.31000795
0.50518149
0.37298049
0.39717735
-7.1557343e-18
4.5536491e-18
-0.37298049
0.57019239
0.26592163
2.9273459e-18
-0.26592163
0.22368927
5.0957502e-18
0.18319635
-1.3010426e-18
-0.30722904
6.0986372e-18
-6.9117888e-18
0.30722904
0.3224644
-7.3251409e-18
1.9380114e-18
0.24775119
0.25629728
-4.8246997e-18
3.3203692e-18
0.19368993
0.19728907
-0.32278198
-0.34512795
-0.36435579
-0.066774181
-0.19175207
-0.31218017
-8.8271421e-19
2.4123498e-18
1.0516761e-17
-0.25848698
-0.15792154
-0.054840668
-0.27450123
-0.28926139
-0.30171525
-0.25627281
-0.15665737
-0.054417567
2.4821639e-18
3.1539272e-18
5.3600245e-18
-0.046712443
-0.13473355
-0.22122909
-0.30225771
-0.2877255
-0.27339838
-0.36113607
-0.33926012
-0.31810788
-3.367942e-18
-1.6644197e-18
5.1533485e-18
6.4987544e-18
-1.5043305e-18
8.3483567e-18
0.31218017
0.19175207
0.066774181
0.32278198
0.34512795
0.36435579
0.054840668
0.15792154
0.25848698
0.054417567
0.15665737
0.25627281
0.27450123
0.28926139
0.30171525
0.22122909
0.13473355
0.046712443
0.36113607
0.33926012
0.31810788
0.30225771
0.2877255
0.27339838
1.3040072e-18
-4.472334e-18
-3.1441863e-18
0.33291588
0.20490947
0.071432212
0.38042078
0.39095644
0.39642918
1.6147882e-17
-5.6797794e-18
7.8503014e-18
0.05729151
0.16481389
0.26924508
0.31195018
0.31857997
0.32199842
5.2039322e-18
3.6718878e-19
3.1950083e-18
0.38359477
0.35865241
0.33471103
0.6278812
0.53501952
0.4314642
0.59712124
0.63106638
0.65963981
0.53562341
0.45112133
0.36020918
0.52936069
0.44639856
0.35681328
0.51895855
0.54232058
0.56170451
0.46672901
0.39031051
0.30979848
0.65432542
0.62067735
0.58750416
0.56488866
0.54126588
0.5176431
-5.6670475e-18
-5.1067616e-18
4.9009326e-18
0.043467228
0.12540839
0.20603062
0.22879749
0.23744835
0.24461567
0.18570841
0.11277388
0.03904111
2.602297e-18
3.9166803e-18
-1.6805134e-18
-9.0196204e-18
-5.91229e-19
-1.8465318e-19
0.2965368
0.2767634
0.25761269
0.25850013
0.24458109
0.23085435
5.7492825e-18
4.3939834e-18
4.5028271e-18
0.045051695
0.1299233
0.21326717
0.25041783
0.25413461
0.25603842
1.470434e-17
4.6730808e-18
4.2724342e-18
0.31047167
0.28840695
0.26717658
-2.0540152e-18
1.5458351e-19
8.9582205e-18
0.033696021
0.097405832
0.16063405
0.1854698
0.18926312
0.19235298
0.15180621
0.091947467
0.031789198
-4.3389263e-19
-1.3552527e-20
3.5778672e-18
1.0568854e-18
-7.250602e-19
4.4079595e-18
0.23805083
0.22009081
0.20267041
0.21657604
0.20323217
0.19006884
8.0513129e-18
-5.2261933e-19
-6.2612675e-18
0.034353612
0.099285939
0.16366737
0.19481997
0.19638441
0.19718101
6.7893529e-18
-1.8965068e-18
1.5111068e-18
0.24563076
0.22597295
0.20701788
-0.057239495
-0.061462548
-0.065123692
-0.16473627
-0.17671588
-0.18708359
-0.26934696
-0.28838346
-0.30480318
-0.31425168
-0.3351712
-0.35310887
-0.29830605
-0.31665882
-0.33229368
-0.282648
-0.29860564
-0.31211416
-0.30208053
-0.1853869
-0.064528421
-0.2834601
-0.17368096
-0.060403686
-0.26549629
-0.16242373
-0.056443593
6.5455116e-18
-7.2532753e-18
-1.5026537e-17
-2.1101708e-18
1.4228949e-17
4.9986454e-18
7.3429286e-18
7.8216081e-18
5.3311377e-18
-0.053402739
-0.1538254
-0.25192393
-0.05071693
-0.14616765
-0.23963301
-0.048082222
-0.13864694
-0.22753495
-0.22849233
-0.24100674
-0.2515843
-0.13926427
-0.14708688
-0.15371483
-0.048302401
-0.051050476
-0.05338174
0.26934696
0.28838346
0.30480318
0.16473627
0.17671588
0.18708359
0.057239495
0.061462548
0.065123692
0.064528421
0.1853869
0.30208053
0.060403686
0.17368096
0.2834601
0.056443593
0.16242373
0.26549629
0.35310887
0.3351712
0.31425168
0.33229368
0.31665882
0.29830605
0.31211416
0.29860564
0.282648
0.25192393
0.1538254
0.053402739
0.23963301
0.14616765
0.05071693
0.22753495
0.13864694
0.048082222
0.048302401
0.051050476
0.05338174
0.13926427
0.14708688
0.15371483
0.22849233
0.24100674
0.2515843
0.31855002
0.32757928
0.33227387
0.19578843
0.20151832
0.20450132
0.068202148
0.070230762
0.071287575
-1.8124058e-17
-1.850695e-18
-6.1331273e-18
1.559199e-17
-1.5969245e-17
-1.3934539e-17
-5.7146931e-19
-2.1243586e-18
7.5013238e-18
0.068835703
0.19756423
0.32130396
0.064097608
0.18414088
0.30002305
0.059585834
0.17133491
0.27964793
0.38290171
0.37782943
0.36805159
0.35805614
0.35368804
0.34524687
0.33420229
0.33047204
0.32324632
0.05530629
0.056557115
0.05720335
0.15918085
0.16273068
0.16456385
0.26028995
0.26593524
0.26884793
0.55473086
0.58766974
0.61552794
0.46833285
0.49820397
0.52366827
0.37471292
0.40002382
0.42174123
0.41806085
0.51922515
0.61047448
0.39325467
0.48985902
0.57793621
0.36920602
0.46122132
0.54598479
0.64246372
0.61558535
0.58357371
0.61021076
0.58641982
0.5579509
0.57835327
0.55748885
0.53240437
0.52368231
0.44051335
0.35136805
0.50109777
0.4205284
0.33476634
0.47858047
0.40070419
0.31836818
0.31958805
0.33639963
0.35055483
0.40205775
0.422147
0.43897996
0.47994278
0.50242182
0.52114291
1.3722545e-17
1.0566667e-17
6.4479457e-18
7.1343463e-18
4.5672811e-18
-3.0250723e-18
1.0066676e-17
5.3470014e-18
1.8931186e-18
0.052433323
0.1510053
0.24721777
0.048782057
0.14059278
0.23049878
0.045268158
0.13055732
0.21433924
0.29148121
0.28003783
0.26643124
0.27251983
0.26287626
0.25134031
0.25411168
0.24612485
0.23651425
0.21497499
0.13085675
0.045356276
0.20325928
0.12360635
0.042822107
0.1917231
0.11648226
0.040334793
0.03997644
0.041565734
0.042887532
0.11544658
0.11998457
0.12375551
0.19001621
0.19731955
0.20337802
-2.4264292e-18
2.2796713e-18
-3.523078e-18
-3.7600144e-18
6.1134338e-18
9.0081954e-19
5.4685671e-18
5.1141732e-18
-2.3344228e-18
0.055053577
0.15844734
0.25907068
0.050958781
0.14678344
0.24038436
0.047046277
0.13562078
0.22244486
0.31004621
0.30692361
0.30086034
0.2880526
0.28544967
0.28038435
0.26688643
0.26475334
0.26059351
0.043960928
0.044650111
0.045003606
0.12681563
0.12877939
0.12978633
0.20828759
0.21143496
0.21304783
-3.7300192e-18
1.3493707e-17
4.8181484e-18
9.6971243e-18
3.0988171e-18
-5.4599744e-18
-2.3587254e-18
-1.3806637e-19
-2.3225643e-18
0.041701345
0.12035597
0.19786612
0.038446466
0.11103377
0.18277153
0.035307387
0.10203144
0.16815746
0.23526359
0.22887988
0.22115153
0.21791895
0.2129265
0.20684838
0.20105879
0.19734097
0.19278971
0.17974195
0.10909928
0.037759923
0.16856199
0.10222457
0.035364906
0.15754944
0.095466518
0.033012953
0.032200999
0.032889719
0.033452217
0.093127102
0.095098959
0.09670848
0.15371676
0.15690705
0.15950801
3.616787e-18
8.8595998e-18
1.2936575e-18
1.1338725e-17
-7.2580136e-19
-6.1621647e-19
4.9440585e-18
4.2432115e-18
-2.7105054e-20
0.04310288
0.12435211
0.20427898
0.039528735
0.1141231
0.18774013
0.036103573
0.10430658
0.17182424
0.24540153
0.24371491
0.24041864
0.22579558
0.22448956
0.22193207
0.20688716
0.2059239
0.204034
0.033902291
0.034188151
0.034333841
0.097995698
0.09881298
0.099229429
0.16158613
0.16290466
0.16357625
-0.26211302
-0.27991905
-0.29522195
-0.16021232
-0.17140402
-0.18105309
-0.055649738
-0.059592557
-0.062997464
-0.24860876
-0.2642053
-0.27751954
-0.15178289
-0.16156396
-0.16993766
-0.052690427
-0.056132298
-0.059083241
-0.23537093
-0.24891128
-0.2603948
-0.14353976
-0.15201303
-0.15921767
-0.049800122
-0.052778473
-0.055314214
0.055649738
0.059592557
0.062997464
0.16021232
0.17140402
0.18105309
0.26211302
0.27991905
0.29522195
0.052690427
0.056132298
0.059083241
0.15178289
0.16156396
0.16993766
0.24860876
0.2642053
0.27751954
0.049800122
0.052778473
0.055314214
0.14353976
0.15201303
0.15921767
0.23537093
0.24891128
0.2603948
0.065850962
0.067726611
0.068702254
0.18912838
0.19443086
0.19718729
0.30799445
0.31636431
0.32070999
0.061541198
0.063149413
0.063983627
0.17690387
0.18145759
0.18381839
0.28856923
0.29577929
0.29951319
0.057413909
0.058781655
0.059489253
0.16517688
0.16905556
0.1710612
0.26987288
0.27603204
0.27921387
0.36499811
0.38871693
0.40900023
0.45672011
0.48477477
0.508618
0.54171615
0.57273258
0.59889421
0.34680988
0.36765691
0.38537344
0.43490161
0.45966172
0.48058561
0.51716093
0.544668
0.56775224
0.32891357
0.34707236
0.36241041
0.41333483
0.43498899
0.45318612
0.49275648
0.51692722
0.53711009
0.04682288
0.049350069
0.051486356
0.13503806
0.14223591
0.14831336
0.22168459
0.23321203
0.2429229
0.044067015
0.046200108
0.047991438
0.12715888
0.13324053
0.1383425
0.20897014
0.21872942
0.22689992
0.041373201
0.043142689
0.044619209
0.11944814
0.1244981
0.12870808
0.1964992
0.20461849
0.21137498
0.053244717
0.054385005
0.054973355
0.15331085
0.15654938
0.15821964
0.25089302
0.25605065
0.25870846
0.049457816
0.050404895
0.050892374
0.14251541
0.14520884
0.14659468
0.23357131
0.23787206
0.24008327
0.045821512
0.046595007
0.046992216
0.13213362
0.13433619
0.1354669
0.2168643
0.22039
0.22219877
0.038596074
0.040012847
0.041187341
0.11148964
0.11553701
0.11888954
0.18359808
0.19011809
0.19551008
0.036023374
0.037133242
0.038047789
0.10410854
0.10728203
0.10989516
0.17160611
0.17672741
0.18093839
0.033506675
0.034334602
0.035012842
0.096880245
0.099249616
0.10118939
0.1598373
0.16366742
0.1667991
0.042138575
0.042748127
0.043060415
0.121603
0.12334095
0.12423108
0.1998685
0.20265734
0.20408492
0.038784849
0.039255456
0.039496047
0.11199993
0.11334325
0.11402982
0.18432623
0.1864866
0.18759023
0.035556856
0.035902999
0.036079598
0.10274448
0.10373358
0.10423809
0.16930716
0.1709012
0.17171393
-0.57735027
-0.67227043
-0.67227043
-0.70710678
-0.67227043
-0.50518149
-0.84957113
-0.91774188
-0.91774188
-1
-0.84957113
-0.57019239
-0.57019239
-0.59335069
-0.57019239
-0.47240707
-0.48603889
-0.37864925
-0.38463884
-0.68827279
-0.73185567
-0.7835347
-0.68827279
-0.73185567
-0.56723152
-0.59630391
-0.54236453
-0.56723152
-0.42041877
-0.43275991
-0.40974402
-0.42041877
-0.70822101
-0.77112957
-0.82527783
-0.91563372
-0.90021342
-0.87053063
-0.74943575
-0.8239692
-0.88860063
-0.68307557
-0.69823377
-0.70604267
-0.59470673
-0.6368947
-0.67250374
-0.70177661
-0.72074224
-0.73052242
-0.62192553
-0.67132121
-0.71323188
-0.59264872
-0.58748697
-0.57741475
-0.65432542
-0.62067735
-0.58750416
-0.82051496
-0.76684993
-0.71496025
-0.88394836
-0.82189162
-0.76232533
-0.68697873
-0.64938746
-0.6125172
-0.87053063
-0.90021342
-0.91563372
-0.70822101
-0.77112957
-0.82527783
-0.70604267
-0.69823377
-0.68307557
-0.73052242
-0.72074224
-0.70177661
-0.59470673
-0.6368947
-0.67250374
-0.57741475
-0.58748697
-0.59264872
-0.82051496
-0.76684993
-0.71496025
-0.65432542
-0.62067735
-0.58750416
-0.94295653
-0.97878093
-0.99744546
-0.94295653
-0.97878093
-0.99744546
-0.87053063
-0.90021342
-0.91563372
-0.74783558
-0.77032793
-0.78194926
-0.78194926
-0.77032793
-0.74783558
-0.70177661
-0.72074224
-0.73052242
-0.96024013
-0.88770117
-0.81864469
-0.88394836
-0.82189162
-0.76232533
-0.70822101
-0.77112957
-0.82527783
-0.59712124
-0.63106638
-0.65963981
-0.59712124
-0.63106638
-0.65963981
-0.59470673
-0.6368947
-0.67250374
-0.51895855
-0.54232058
-0.56170451
-0.51895855
-0.54232058
-0.56170451
-0.65432542
-0.62067735
-0.58750416
-0.56488866
-0.54126588
-0.5176431
-0.50319416
-0.53234703
-0.55659596
-0.56647815
-0.56093773
-0.55012271
-0.48725134
-0.51239955
-0.5332435
-0.47668054
-0.48260673
-0.4856287
-0.57437618
-0.53892397
-0.50413239
-0.70201769
-0.64712055
-0.59429927
-0.66204309
-0.61353593
-0.56655631
-0.55300856
-0.52078024
-0.48899717
-0.57628973
-0.58893516
-0.5954215
-0.5954215
-0.58893516
-0.57628973
-0.55012271
-0.56093773
-0.56647815
-0.74929192
-0.68664807
-0.62680617
-0.70201769
-0.64712055
-0.59429927
-0.39236521
-0.40528814
-0.4158435
-0.42009818
-0.41773515
-0.41309509
-0.38538234
-0.39662121
-0.40577998
-0.38053624
-0.38313893
-0.38445987
-0.46812151
-0.43463085
-0.40174699
-0.54069314
-0.49178441
-0.4446241
-0.51856807
-0.4745094
-0.4317745
-0.455937
-0.42504043
-0.39456189
-0.42428975
-0.42965456
-0.43238884
-0.43238884
-0.42965456
-0.42428975
-0.41309509
-0.41773515
-0.42009818
-0.56650477
-0.51186117
-0.45950538
-0.54069314
-0.49178441
-0.4446241
-0.74817327
-0.82234343
-0.8866454
-0.73891546
-0.81043561
-0.8723379
-0.72097901
-0.78743445
-0.84476821
-0.68816517
-0.74720572
-0.7978477
-0.65067493
-0.70272461
-0.74708153
-0.61386084
-0.65934685
-0.69786565
-0.84004528
-0.86766251
-0.88199055
-0.7838403
-0.80779937
-0.82019894
-0.72961731
-0.75023088
-0.76087379
-0.85683638
-0.79654723
-0.72674901
-0.79837071
-0.74581288
-0.68452354
-0.74208589
-0.69664858
-0.64328968
-0.68598265
-0.67867041
-0.66446322
-0.64851389
-0.64209671
-0.62960702
-0.61175802
-0.60617749
-0.59529774
-0.60318202
-0.64758889
-0.68513266
-0.61502184
-0.66256691
-0.70285493
-0.62109864
-0.67027185
-0.71198729
-0.72097901
-0.78743445
-0.84476821
-0.73891546
-0.81043561
-0.8723379
-0.74817327
-0.82234343
-0.8866454
-0.88199055
-0.86766251
-0.84004528
-0.82019894
-0.80779937
-0.7838403
-0.76087379
-0.75023088
-0.72961731
-0.7978477
-0.74720572
-0.68816517
-0.74708153
-0.70272461
-0.65067493
-0.69786565
-0.65934685
-0.61386084
-0.66446322
-0.67867041
-0.68598265
-0.62960702
-0.64209671
-0.64851389
-0.59529774
-0.60617749
-0.61175802
-0.62109864
-0.67027185
-0.71198729
-0.61502184
-0.66256691
-0.70285493
-0.60318202
-0.64758889
-0.68513266
-0.89277756
-0.92431526
-0.94071385
-0.92431526
-0.95853051
-0.97634361
-0.94071385
-0.97634361
-0.9949051
-0.90737148
-0.94059372
-0.95787615
-0.84215552
-0.87080706
-0.8856703
-0.77971541
-0.80423006
-0.81691345
-0.95787615
-0.94059372
-0.90737148
-0.8856703
-0.87080706
-0.84215552
-0.81691345
-0.80423006
-0.77971541
-0.88199055
-0.86766251
-0.84004528
-0.82019894
-0.80779937
-0.7838403
-0.76087379
-0.75023088
-0.72961731
-0.74642532
-0.76880781
-0.7803717
-0.73608266
-0.75766307
-0.76880781
-0.71603851
-0.73608266
-0.74642532
-0.62011882
-0.65977922
-0.69333656
-0.65977922
-0.70963766
-0.7521652
-0.69333656
-0.7521652
-0.80266349
-0.7978477
-0.74720572
-0.68816517
-0.74708153
-0.70272461
-0.65067493
-0.69786565
-0.65934685
-0.61386084
-0.64246372
-0.61558535
-0.58357371
-0.61021076
-0.58641982
-0.5579509
-0.57835327
-0.55748885
-0.53240437
-0.58357371
-0.61558535
-0.64246372
-0.5579509
-0.58641982
-0.61021076
-0.53240437
-0.55748885
-0.57835327
-0.58476185
-0.62437531
-0.65774542
-0.56211294
-0.59597986
-0.62437531
-0.5349304
-0.56211294
-0.58476185
-0.6008228
-0.64640067
-0.68493468
-0.56152014
-0.60024236
-0.63276506
-0.5231085
-0.555448
-0.58243653
-0.70079696
-0.69183807
-0.67444436
-0.64609826
-0.63858938
-0.62397882
-0.59345743
-0.5872689
-0.57520191
-0.64754393
-0.61473255
-0.57573314
-0.60129899
-0.57349714
-0.5402524
-0.55640335
-0.53324724
-0.50539442
-0.55967856
-0.56897123
-0.57372932
-0.52645361
-0.53434305
-0.53837604
-0.49373779
-0.50031807
-0.5036764
-0.50271358
-0.53174422
-0.55588899
-0.49917463
-0.52730812
-0.5506888
-0.492243
-0.518634
-0.54053292
-0.71665585
-0.73722887
-0.74784444
-0.65939112
-0.67658939
-0.6854421
-0.60441501
-0.6185558
-0.62581778
-0.74784444
-0.73722887
-0.71665585
-0.6854421
-0.67658939
-0.65939112
-0.62581778
-0.6185558
-0.60441501
-0.70079696
-0.69183807
-0.67444436
-0.64609826
-0.63858938
-0.62397882
-0.59345743
-0.5872689
-0.57520191
-0.5754965
-0.58808576
-0.59454305
-0.56966385
-0.58184138
-0.58808576
-0.55828301
-0.56966385
-0.5754965
-0.48351517
-0.50960064
-0.53122766
-0.44684203
-0.46742605
-0.48438922
-0.41097246
-0.42644387
-0.43911919
-0.5400239
-0.53510011
-0.52547852
-0.49126339
-0.48742721
-0.47991613
-0.44423764
-0.44139012
-0.43580418
-0.51043472
-0.49181143
-0.4692747
-0.46813286
-0.45347902
-0.43564612
-0.42701259
-0.41603046
-0.40259239
-0.45976008
-0.46505666
-0.46775532
-0.42805449
-0.4322228
-0.43434329
-0.39682364
-0.39994606
-0.40153204
-0.39215625
-0.4050283
-0.41554142
-0.3906146
-0.40311217
-0.41331449
-0.38758001
-0.39934527
-0.40894024
-0.54874516
-0.55997112
-0.56572267
-0.49806141
-0.50679149
-0.51125475
-0.44928672
-0.45575639
-0.45905725
-0.56572267
-0.55997112
-0.54874516
-0.51125475
-0.50679149
-0.49806141
-0.45905725
-0.45575639
-0.44928672
-0.5400239
-0.53510011
-0.52547852
-0.49126339
-0.48742721
-0.47991613
-0.44423764
-0.44139012
-0.43580418
-0.42395342
-0.42929628
-0.43201931
-0.4214746
-0.42665598
-0.42929628
-0.41660841
-0.4214746
-0.42395342
-0.70012126
-0.76244938
-0.81602832
-0.71691136
-0.78392583
-0.84170847
-0.72556884
-0.79503163
-0.85501838
-0.66118413
-0.71606589
-0.7629281
-0.67591135
-0.73481732
-0.78525217
-0.68349104
-0.74449347
-0.79679546
-0.62301523
-0.67092134
-0.71156067
-0.63581745
-0.68715175
-0.73080435
-0.64239441
-0.6955098
-0.74073227
-0.72556884
-0.79503163
-0.85501838
-0.71691136
-0.78392583
-0.84170847
-0.70012126
-0.76244938
-0.81602832
-0.68349104
-0.74449347
-0.79679546
-0.67591135
-0.73481732
-0.78525217
-0.66118413
-0.71606589
-0.7629281
-0.64239441
-0.6955098
-0.74073227
-0.63581745
-0.68715175
-0.73080435
-0.62301523
-0.67092134
-0.71156067
-0.90529097
-0.93833613
-0.95552504
-0.8900699
-0.9218271
-0.93833613
-0.86075595
-0.8900699
-0.90529097
-0.84036022
-0.86886436
-0.88365008
-0.82721268
-0.8546431
-0.86886436
-0.80182719
-0.82721268
-0.84036022
-0.77817863
-0.80257142
-0.81519098
-0.76691366
-0.7904174
-0.80257142
-0.7451095
-0.76691366
-0.77817863
-0.67420215
-0.72945518
-0.77672593
-0.64266612
-0.68956937
-0.72945518
-0.60529423
-0.64266612
-0.67420215
-0.63837835
-0.6871559
-0.72862758
-0.61051328
-0.652041
-0.6871559
-0.57732426
-0.61051328
-0.63837835
-0.60312952
-0.6458116
-0.68188046
-0.57873139
-0.61517064
-0.6458116
-0.54952602
-0.57873139
-0.60312952
-0.60006164
-0.64543687
-0.683794
-0.59446589
-0.63835733
-0.67542038
-0.5835531
-0.62458064
-0.6591519
-0.56087659
-0.59943071
-0.6318081
-0.55614224
-0.59346429
-0.62477749
-0.54689324
-0.5818312
-0.61108928
-0.52257383
-0.55477613
-0.58164718
-0.51863789
-0.54983367
-0.57584339
-0.51093552
-0.54017886
-0.56452061
-0.71536573
-0.73583997
-0.74640402
-0.70589967
-0.7256523
-0.73583997
-0.68753177
-0.70589967
-0.71536573
-0.65831241
-0.67543069
-0.68424181
-0.65039059
-0.6669237
-0.67543069
-0.63498425
-0.65039059
-0.65831241
-0.60352799
-0.61760498
-0.62483391
-0.59700843
-0.61061811
-0.61760498
-0.5843015
-0.59700843
-0.60352799
-0.48308646
-0.50906381
-0.53059914
-0.47992842
-0.50511183
-0.52597413
-0.47373745
-0.49737691
-0.51693222
-0.44650579
-0.46700627
-0.48389922
-0.44402738
-0.46391388
-0.48029083
-0.43916077
-0.45785059
-0.47322291
-0.41072138
-0.42613126
-0.43875526
-0.40886957
-0.42382674
-0.43607342
-0.4052275
-0.41930038
-0.43081065
-0.548041
-0.55921784
-0.56494402
-0.54286103
-0.55367762
-0.55921784
-0.53274265
-0.54286103
-0.548041
-0.49751388
-0.5062068
-0.51065093
-0.493483
-0.50190308
-0.5062068
-0.4855933
-0.493483
-0.49751388
-0.44888105
-0.4553239
-0.45861099
-0.44589236
-0.452138
-0.4553239
-0.44003111
-0.44589236
-0.44888105
