MFEM mesh v1.0

#
# MFEM Geometry Types (see mesh/geom.hpp):
#
# POINT       = 0
# SEGMENT     = 1
# TRIANGLE    = 2
# SQUARE      = 3
# TETRAHEDRON = 4
# CUBE        = 5
#

dimension
3

elements
7
1 5 1 0 2 7 8 4 11 20
1 5 8 4 11 20 9 5 13 22
1 5 20 11 12 21 22 13 14 23
1 5 9 5 13 22 10 6 15 24
1 5 1 0 4 8 16 3 17 25
1 5 0 2 11 4 3 19 26 17
1 5 4 11 13 5 17 26 27 18

boundary
26
1 3 7 2 0 1
1 3 1 0 3 16
1 3 0 2 19 3
63 3 7 1 8 20
63 3 2 7 20 11
63 3 21 12 11 20
63 3 20 8 9 22
63 3 8 4 5 9
63 3 21 20 22 23
63 3 11 12 14 13
63 3 12 21 23 14
63 3 22 13 14 23
63 3 22 9 10 24
63 3 9 5 6 10
63 3 5 13 15 6
63 3 13 22 24 15
63 3 10 6 15 24
63 3 8 1 16 25
63 3 4 8 25 17
63 3 16 3 17 25
63 3 5 4 17 18
63 3 2 11 26 19
63 3 3 19 26 17
63 3 11 13 27 26
63 3 13 5 18 27
63 3 17 26 27 18

vertices
28

nodes
FiniteElementSpace
FiniteElementCollection: H1_3D_P4
VDim: 3
Ordering: 0

0.57680281
0.30998466
0.59718411
0.67220951
0.50295308
0.42586599
0.34303776
0.35742227
0.26568513
0.22229806
0.17834803
0.46713824
0.14916884
0.34802459
0.13575486
0.24764874
0.37298049
0.56955658
0.46850803
0.80820096
0.27788281
0.11530805
0.20621024
0.10703716
0.14907545
0.30721416
0.60844596
0.42529438
0.53530853
0.45101024
0.36016927
0.5956796
0.62291904
0.62215427
0.56883747
0.49871635
0.4101988
0.32270389
0.34438715
0.35846631
0.46520256
0.3895673
0.3094421
0.51409849
0.52333947
0.50061355
0.44334945
0.38719222
0.31840355
0.2738931
0.28595144
0.28690326
0.30222151
0.28764584
0.27323341
0.56417934
0.54012864
0.51586483
0.57428987
0.53129287
0.48903764
0.34338604
0.31706074
0.29123686
0.39291034
0.32760198
0.25928958
0.42849669
0.41952128
0.38206707
0.32848659
0.28530396
0.23507761
0.22600691
0.22809576
0.2183821
0.25816654
0.24396828
0.22979059
0.48994713
0.46498283
0.43952689
0.4455633
0.40570709
0.36745852
0.26475786
0.24063644
0.21772426
0.41575527
0.28210809
0.16802253
0.14398064
0.13334871
0.12175986
0.25872499
0.19385641
0.12713903
0.30505112
0.21332047
0.14620981
0.13115031
0.12198608
0.11231417
0.18875734
0.14653832
0.11253141
0.14679702
0.1423655
0.13801655
0.11380896
0.11105087
0.10839707
0.31581277
0.26263594
0.20779901
0.33738183
0.31496836
0.27499429
0.23247936
0.20140429
0.16771491
0.17769033
0.17197081
0.15890374
0.21478456
0.20045933
0.18601087
0.41202742
0.3852713
0.35780509
0.32915491
0.29506258
0.26335265
0.19513688
0.17546488
0.15766595
0.6278812
0.53501952
0.4314642
0.65423035
0.6204664
0.5870631
0.5290318
0.44630397
0.3567853
0.36113607
0.33926012
0.31810788
0.32278198
0.34512795
0.36435579
0.59676332
0.63090058
0.65955636
0.51722285
0.54120647
0.5609475
0.27436128
0.28920801
0.30169295
0.70801595
0.76917225
0.80964612
0.77315948
0.70721261
0.64220229
0.59306714
0.62793177
0.6322654
0.64042801
0.71574907
0.77979086
0.49602663
0.54641841
0.58936649
0.5751685
0.51372603
0.45497859
0.47942006
0.48609952
0.4593594
0.55210638
0.51910204
0.48604145
0.36392887
0.39150957
0.4149139
0.43519188
0.45063922
0.46312775
0.41335705
0.50805375
0.58756728
0.3988824
0.49568327
0.58220527
0.37458348
0.46799784
0.55385926
0.35130764
0.44035467
0.52326022
0.33463927
0.42022652
0.50037921
0.31811504
0.40015365
0.47739415
0.58176625
0.60602081
0.60122433
0.55522726
0.5736689
0.56142018
0.52839935
0.54085079
0.52157922
0.54676537
0.47911655
0.39403983
0.50528512
0.44226127
0.36368665
0.4644944
0.40599502
0.33385431
0.34601169
0.33417732
0.31413582
0.32250558
0.31499451
0.2980725
0.29914583
0.29596043
0.28220432
0.31869271
0.40028108
0.47649925
0.33175087
0.41380999
0.48804173
0.3307124
0.40683053
0.47173705
0.30078941
0.37896897
0.45294879
0.28440836
0.3588003
0.42949842
0.26799171
0.3384476
0.40566944
0.49967654
0.50569068
0.47972782
0.47195633
0.47187862
0.44049534
0.44366831
0.43767456
0.40198368
0.422519
0.36867256
0.30319986
0.3840552
0.33450529
0.27520271
0.34718923
0.30183278
0.24852438
0.27473796
0.27595196
0.2656107
0.25197522
0.25700296
0.24995238
0.22977935
0.23806447
0.23429063
0.26324321
0.33160035
0.39624531
0.26444535
0.33009288
0.39036356
0.2508724
0.30818873
0.35866594
0.13564647
0.1501782
0.16246278
0.21478379
0.24822498
0.27279779
0.293956
0.35222998
0.39757022
0.39511191
0.26874169
0.1639286
0.35766695
0.24515021
0.15655993
0.32257099
0.22375756
0.1496677
0.14170024
0.13131119
0.12005344
0.13745313
0.12753725
0.11690743
0.13330229
0.12387484
0.11387244
0.12425746
0.18425015
0.24541192
0.11923549
0.1677501
0.22152322
0.1147265
0.15334878
0.19954078
0.2129586
0.2545423
0.28954314
0.16056377
0.18449365
0.20448174
0.11899318
0.13055504
0.14109502
0.25054332
0.31666198
0.38000199
0.2338081
0.29562093
0.35508158
0.21683987
0.27414202
0.32953617
0.41314801
0.40133015
0.36249053
0.3835765
0.36687754
0.32649422
0.35344848
0.33273203
0.29224509
0.31035255
0.26931883
0.22211423
0.27767324
0.24064713
0.19899118
0.24740762
0.21430199
0.17793611
0.20725163
0.21816273
0.21770065
0.18703148
0.19951906
0.2018909
0.16819528
0.18130882
0.18603591
0.20648881
0.25987698
0.31126327
0.19824967
0.24648576
0.29213737
0.18066532
0.22018638
0.25692795
0.37469603
0.46827742
0.55454333
0.40002382
0.49820397
0.58759702
0.42174123
0.52366827
0.61549699
0.58309391
0.557134
0.53105553
0.61534838
0.58596837
0.55666429
0.6423371
0.60994316
0.57781726
0.47881484
0.40155924
0.31936883
0.50176514
0.42190504
0.33630947
0.52073476
0.43885292
0.35051435
0.28255611
0.29826695
0.31423628
0.29857444
0.31664844
0.3351712
0.31210249
0.33229368
0.35310887
0.41806085
0.51922515
0.61043912
0.39325467
0.48984085
0.57784569
0.36919142
0.4611663
0.54577003
0.6191257
0.65352974
0.66126959
0.65927659
0.70582491
0.728404
0.69306443
0.74974496
0.78477495
0.61502393
0.56728773
0.52035307
0.68600427
0.63005682
0.57498198
0.74637681
0.68349535
0.62152976
0.52813747
0.54567298
0.53100656
0.57535371
0.58333516
0.55943735
0.61488759
0.61438628
0.58285133
0.68785976
0.74457023
0.77894629
0.65005427
0.69827811
0.72082819
0.61267096
0.65221939
0.66280125
0.47206443
0.42782458
0.38543163
0.51827839
0.46634385
0.41665649
0.55766699
0.49915034
0.4431971
0.39824547
0.43382081
0.43958833
0.42596188
0.45784967
0.45802135
0.44916026
0.47754807
0.47296955
0.44967111
0.47671091
0.50331936
0.46650688
0.49626233
0.52572828
0.48015228
0.51219782
0.5441089
0.57350822
0.60360936
0.60182787
0.53644343
0.55732608
0.54459574
0.49920603
0.51075941
0.48839184
0.36481077
0.45626068
0.54058883
0.38721558
0.48159932
0.56616001
0.39903221
0.49059594
0.56762535
0.34644766
0.43409198
0.51536683
0.3652244
0.45487997
0.53552828
0.37192504
0.45744483
0.52970039
0.32824952
0.41196587
0.48998548
0.3433109
0.42804401
0.5045463
0.34490408
0.42428354
0.49172742
0.3091506
0.38856871
0.46292647
0.32017686
0.39951045
0.47142106
0.31659008
0.38944074
0.45181782
0.29105743
0.36623609
0.43690605
0.29817678
0.37221077
0.43960334
0.29010927
0.35677315
0.41439185
0.27288609
0.34364826
0.41042529
0.27610135
0.34468015
0.40743381
0.26420841
0.32473156
0.37765571
0.27861175
0.33383997
0.37735415
0.20385263
0.23554576
0.25940645
0.13238334
0.14639046
0.15841083
0.25101091
0.30064912
0.34075392
0.18499534
0.21349163
0.23589853
0.12667119
0.1396947
0.15116558
0.22551234
0.26980947
0.30656035
0.16843504
0.19389674
0.21474138
0.12151398
0.13357407
0.14444554
0.25355084
0.31944968
0.38191158
0.25280484
0.31549014
0.37325955
0.23782028
0.2919599
0.34001162
0.23503407
0.2961258
0.3543197
0.2308784
0.28788194
0.3408746
0.2140225
0.26224348
0.30575759
0.21636333
0.27245919
0.32623239
0.20934573
0.26061391
0.30880342
0.19172419
0.23419577
0.27325354
0.36497058
0.45663618
0.54145395
0.34674395
0.43472476
0.51668021
0.32876622
0.41298147
0.4919079
0.38871693
0.48474889
0.5726224
0.36763737
0.45959535
0.54443556
0.34701783
0.43483118
0.51646213
0.40900023
0.508618
0.59884361
0.38537344
0.48055825
0.56763052
0.36238826
0.45310946
0.53683661
0.60400974
0.63514975
0.63834466
0.57527998
0.60006229
0.59475131
0.54636856
0.56457595
0.55110934
0.64197642
0.6847643
0.70202215
0.60929648
0.64479925
0.6519094
0.57667133
0.60464292
0.60175855
0.67380738
0.72626551
0.75541966
0.63761163
0.68196686
0.69977427
0.60171672
0.6377507
0.64416154
0.5155459
0.52663791
0.50524946
0.48590596
0.49020095
0.46225153
0.45574123
0.45336523
0.42005452
0.54215844
0.56192239
0.54903706
0.50919664
0.5210206
0.4995781
0.47583152
0.47973882
0.45103653
0.56400058
0.59096076
0.58570744
0.52820343
0.54632561
0.53084648
0.49215326
0.50136725
0.47698249
-0.57735027
-0.67227043
-0.31000795
-0.67227043
-0.50518149
-0.4330127
-0.36084392
-0.37298049
-0.57019239
-0.47240707
-0.37864925
-0.26592163
2.9273459e-18
-0.22368927
5.0957502e-18
-0.18319635
-0.84957113
-0.57019239
-0.47240707
-0.37298049
-0.30722904
-6.7762636e-19
-0.24775119
8.4432244e-18
-0.19368993
-0.68827279
-0.30722904
-0.24775119
-0.59712124
-0.63106638
-0.65963981
-0.53562341
-0.45112133
-0.36020918
-0.32278198
-0.34512795
-0.36435579
-0.6278812
-0.53501952
-0.4314642
-0.51895855
-0.54232058
-0.56170451
-0.46672901
-0.39031051
-0.30979848
-0.27450123
-0.28926139
-0.30171525
-0.52936069
-0.44639856
-0.35681328
-0.65432542
-0.62067735
-0.58750416
-0.56488866
-0.54126588
-0.5176431
-0.30225771
-0.2877255
-0.27339838
-0.36113607
-0.33926012
-0.31810788
-0.44150297
-0.45572427
-0.46735889
-0.39845788
-0.33097257
-0.26123552
-0.22879749
-0.23744835
-0.24461567
-0.43609876
-0.3642077
-0.28876571
-0.55300856
-0.52078024
-0.48899717
-0.49271987
-0.46909709
-0.44547431
-0.25850013
-0.24458109
-0.23085435
-0.2965368
-0.2767634
-0.25761269
-0.22122909
-0.13473355
-0.046712443
1.0462551e-17
2.5682039e-18
5.1804535e-18
-0.25627281
-0.15665737
-0.054417567
-0.18570841
-0.11277388
-0.03904111
4.4452289e-18
4.8246997e-18
7.7246228e-18
-0.20603062
-0.12540839
-0.043467228
2.602297e-18
3.9166803e-18
-1.6805134e-18
7.3723498e-18
1.2384469e-17
8.9446679e-18
-0.36474496
-0.3712003
-0.37640913
-0.3308016
-0.27305464
-0.21442052
-0.1854698
-0.18926312
-0.19235298
-0.34768534
-0.28777162
-0.22648244
-0.455937
-0.42504043
-0.39456189
-0.42055109
-0.39692831
-0.37330553
-0.21657604
-0.20323217
-0.19006884
-0.23805083
-0.22009081
-0.20267041
-0.70822101
-0.77112957
-0.82527783
-0.65432542
-0.62067735
-0.58750416
-0.59470673
-0.6368947
-0.67250374
-0.82051496
-0.76684993
-0.71496025
-0.70822101
-0.77112957
-0.82527783
-0.59712124
-0.63106638
-0.65963981
-0.51895855
-0.54232058
-0.56170451
-0.59470673
-0.6368947
-0.67250374
-0.6278812
-0.53501952
-0.4314642
-0.36113607
-0.33926012
-0.31810788
-0.52936069
-0.44639856
-0.35681328
-0.32278198
-0.34512795
-0.36435579
-0.27450123
-0.28926139
-0.30171525
-0.2965368
-0.2767634
-0.25761269
-0.43609876
-0.3642077
-0.28876571
-0.55300856
-0.52078024
-0.48899717
-0.22879749
-0.23744835
-0.24461567
-0.44150297
-0.45572427
-0.46735889
-0.42174123
-0.40002382
-0.37471292
-0.52366827
-0.49820397
-0.46833285
-0.61552794
-0.58766974
-0.55473086
-0.64246372
-0.61558535
-0.58357371
-0.61021076
-0.58641982
-0.5579509
-0.57835327
-0.55748885
-0.53240437
-0.52368231
-0.44051335
-0.35136805
-0.50109777
-0.4205284
-0.33476634
-0.47858047
-0.40070419
-0.31836818
-0.31425168
-0.3351712
-0.35310887
-0.29830605
-0.31665882
-0.33229368
-0.282648
-0.29860564
-0.31211416
-0.41806085
-0.51922515
-0.61047448
-0.39325467
-0.48985902
-0.57793621
-0.36920602
-0.46122132
-0.54598479
-0.52114291
-0.50242182
-0.47994278
-0.43897996
-0.422147
-0.40205775
-0.35055483
-0.33639963
-0.31958805
-0.54516274
-0.52721639
-0.50553381
-0.51409544
-0.49875865
-0.48014297
-0.48340205
-0.470527
-0.45482738
-0.45489614
-0.37996074
-0.30128386
-0.43251607
-0.36046079
-0.28529244
-0.41020232
-0.34111577
-0.26949349
-0.26643124
-0.28003783
-0.29148121
-0.25134031
-0.26287626
-0.27251983
-0.23651425
-0.24612485
-0.25411168
-0.34461701
-0.43176726
-0.51289327
-0.32202007
-0.40454392
-0.48209907
-0.30008244
-0.37797121
-0.45184539
-0.43125656
-0.42011781
-0.4065422
-0.35990592
-0.3500401
-0.33807137
-0.28518538
-0.27699329
-0.26709061
-0.05338174
-0.051050476
-0.048302401
-0.15371483
-0.14708688
-0.13926427
-0.2515843
-0.24100674
-0.22849233
-0.21497499
-0.13085675
-0.045356276
-0.20325928
-0.12360635
-0.042822107
-0.1917231
-0.11648226
-0.040334793
-4.3373381e-19
1.3850617e-17
5.4873047e-18
4.8043709e-18
1.2183722e-17
2.7257653e-18
4.7975946e-18
1.2231156e-18
1.8010038e-17
-0.052433323
-0.1510053
-0.24721777
-0.048782057
-0.14059278
-0.23049878
-0.045268158
-0.13055732
-0.21433924
-0.20337802
-0.19731955
-0.19001621
-0.12375551
-0.11998457
-0.11544658
-0.042887532
-0.041565734
-0.03997644
-0.45141694
-0.44098333
-0.42819936
-0.42147109
-0.41320792
-0.40303736
-0.39187915
-0.38565054
-0.37794959
-0.38673177
-0.32087171
-0.25302965
-0.36455341
-0.30183931
-0.23761548
-0.34244047
-0.28295631
-0.22238348
-0.22115153
-0.22887988
-0.23526359
-0.20684838
-0.2129265
-0.21791895
-0.19278971
-0.19734097
-0.20105879
-0.27762052
-0.35061557
-0.42049661
-0.2569503
-0.32530876
-0.39130993
-0.23685745
-0.30058548
-0.36262217
-0.34555474
-0.34060781
-0.33449086
-0.28590578
-0.28158332
-0.27625716
-0.22494787
-0.22139884
-0.21703712
-0.69333656
-0.65977922
-0.62011882
-0.7521652
-0.70963766
-0.65977922
-0.80266349
-0.7521652
-0.69333656
-0.58357371
-0.5579509
-0.53240437
-0.61558535
-0.58641982
-0.55748885
-0.64246372
-0.61021076
-0.57835327
-0.5349304
-0.56211294
-0.58476185
-0.56211294
-0.59597986
-0.62437531
-0.58476185
-0.62437531
-0.65774542
-0.61386084
-0.65067493
-0.68816517
-0.65934685
-0.70272461
-0.74720572
-0.69786565
-0.74708153
-0.7978477
-0.7978477
-0.74720572
-0.68816517
-0.74708153
-0.70272461
-0.65067493
-0.69786565
-0.65934685
-0.61386084
-0.55473086
-0.46833285
-0.37471292
-0.58766974
-0.49820397
-0.40002382
-0.61552794
-0.52366827
-0.42174123
-0.31425168
-0.29830605
-0.282648
-0.3351712
-0.31665882
-0.29860564
-0.35310887
-0.33229368
-0.31211416
-0.31958805
-0.40205775
-0.47994278
-0.33639963
-0.422147
-0.50242182
-0.35055483
-0.43897996
-0.52114291
-0.61047448
-0.51922515
-0.41806085
-0.57793621
-0.48985902
-0.39325467
-0.54598479
-0.46122132
-0.36920602
-0.26643124
-0.25134031
-0.23651425
-0.28003783
-0.26287626
-0.24612485
-0.29148121
-0.27251983
-0.25411168
-0.26709061
-0.33807137
-0.4065422
-0.27699329
-0.3500401
-0.42011781
-0.28518538
-0.35990592
-0.43125656
-0.45482738
-0.48014297
-0.50553381
-0.470527
-0.49875865
-0.52721639
-0.48340205
-0.51409544
-0.54516274
-0.51289327
-0.43176726
-0.34461701
-0.48209907
-0.40454392
-0.32202007
-0.45184539
-0.37797121
-0.30008244
-0.59889421
-0.57273258
-0.54171615
-0.508618
-0.48477477
-0.45672011
-0.40900023
-0.38871693
-0.36499811
-0.56775224
-0.544668
-0.51716093
-0.48058561
-0.45966172
-0.43490161
-0.38537344
-0.36765691
-0.34680988
-0.53711009
-0.51692722
-0.49275648
-0.45318612
-0.43498899
-0.41333483
-0.36241041
-0.34707236
-0.32891357
-0.50530977
-0.48800416
-0.46717045
-0.42494101
-0.40942271
-0.3908489
-0.33887239
-0.32585251
-0.31034083
-0.47565774
-0.46091144
-0.44307148
-0.39877664
-0.38561928
-0.36978595
-0.31718848
-0.30619588
-0.29302279
-0.44647023
-0.43412588
-0.41911909
-0.3731833
-0.36222233
-0.3489618
-0.29608868
-0.28696825
-0.27597604
-0.2429229
-0.23321203
-0.22168459
-0.14831336
-0.14223591
-0.13503806
-0.051486356
-0.049350069
-0.04682288
-0.22689992
-0.21872942
-0.20897014
-0.1383425
-0.13324053
-0.12715888
-0.047991438
-0.046200108
-0.044067015
-0.21137498
-0.20461849
-0.1964992
-0.12870808
-0.1244981
-0.11944814
-0.044619209
-0.043142689
-0.041373201
-0.41616758
-0.40619302
-0.39400554
-0.34677967
-0.33796663
-0.32724569
-0.27443485
-0.26713186
-0.25827801
-0.38790106
-0.38002253
-0.37035021
-0.32230263
-0.31537299
-0.30689972
-0.25446366
-0.24874288
-0.24176916
-0.36006702
-0.35414369
-0.34683744
-0.29834256
-0.29315536
-0.28678049
-0.23500918
-0.23074228
-0.2255129
-0.67420215
-0.64266612
-0.60529423
-0.63837835
-0.61051328
-0.57732426
-0.60312952
-0.57873139
-0.54952602
-0.72945518
-0.68956937
-0.64266612
-0.6871559
-0.652041
-0.61051328
-0.6458116
-0.61517064
-0.57873139
-0.77672593
-0.72945518
-0.67420215
-0.72862758
-0.6871559
-0.63837835
-0.68188046
-0.6458116
-0.60312952
-0.54171615
-0.45672011
-0.36499811
-0.51716093
-0.43490161
-0.34680988
-0.49275648
-0.41333483
-0.32891357
-0.57273258
-0.48477477
-0.38871693
-0.544668
-0.45966172
-0.36765691
-0.51692722
-0.43498899
-0.34707236
-0.59889421
-0.508618
-0.40900023
-0.56775224
-0.48058561
-0.38537344
-0.53711009
-0.45318612
-0.36241041
-0.46717045
-0.3908489
-0.31034083
-0.44307148
-0.36978595
-0.29302279
-0.41911909
-0.3489618
-0.27597604
-0.48800416
-0.40942271
-0.32585251
-0.46091144
-0.38561928
-0.30619588
-0.43412588
-0.36222233
-0.28696825
-0.50530977
-0.42494101
-0.33887239
-0.47565774
-0.39877664
-0.31718848
-0.44647023
-0.3731833
-0.29608868
-0.57735027
-0.67227043
-0.67227043
-0.31000795
-0.50518149
-0.4330127
-0.36084392
-0.84957113
-0.57019239
-0.47240707
-0.37864925
-0.57019239
-0.59335069
-0.47240707
-0.48603889
-0.37864925
-0.37298049
-0.26592163
-0.22368927
-0.37298049
-0.68827279
-0.73185567
-0.54236453
-0.56723152
-0.40974402
-0.30722904
-0.30722904
-0.24775119
-0.59712124
-0.63106638
-0.65963981
-0.59712124
-0.63106638
-0.65963981
-0.70822101
-0.77112957
-0.82527783
-0.70822101
-0.77112957
-0.82527783
-0.51895855
-0.54232058
-0.56170451
-0.51895855
-0.54232058
-0.56170451
-0.59470673
-0.6368947
-0.67250374
-0.59470673
-0.6368947
-0.67250374
-0.65432542
-0.62067735
-0.58750416
-0.56488866
-0.54126588
-0.5176431
-0.65432542
-0.62067735
-0.58750416
-0.82051496
-0.76684993
-0.71496025
-0.44150297
-0.45572427
-0.46735889
-0.44150297
-0.45572427
-0.46735889
-0.48725134
-0.51239955
-0.5332435
-0.48725134
-0.51239955
-0.5332435
-0.55300856
-0.52078024
-0.48899717
-0.49271987
-0.46909709
-0.44547431
-0.55300856
-0.52078024
-0.48899717
-0.66204309
-0.61353593
-0.56655631
-0.57741475
-0.58748697
-0.59264872
-0.62192553
-0.67132121
-0.71323188
-0.70177661
-0.72074224
-0.73052242
-0.47668054
-0.48260673
-0.4856287
-0.50319416
-0.53234703
-0.55659596
-0.55012271
-0.56093773
-0.56647815
-0.57437618
-0.53892397
-0.50413239
-0.70201769
-0.64712055
-0.59429927
-0.36474496
-0.3712003
-0.37640913
-0.36474496
-0.3712003
-0.37640913
-0.38538234
-0.39662121
-0.40577998
-0.38538234
-0.39662121
-0.40577998
-0.455937
-0.42504043
-0.39456189
-0.42055109
-0.39692831
-0.37330553
-0.455937
-0.42504043
-0.39456189
-0.51856807
-0.4745094
-0.4317745
-0.32278198
-0.34512795
-0.36435579
-0.30225771
-0.2877255
-0.27339838
-0.27450123
-0.28926139
-0.30171525
-0.36113607
-0.33926012
-0.31810788
-0.6278812
-0.53501952
-0.4314642
-0.53562341
-0.45112133
-0.36020918
-0.46672901
-0.39031051
-0.30979848
-0.52936069
-0.44639856
-0.35681328
-0.32278198
-0.34512795
-0.36435579
-0.36113607
-0.33926012
-0.31810788
-0.27450123
-0.28926139
-0.30171525
-0.6278812
-0.53501952
-0.4314642
-0.52936069
-0.44639856
-0.35681328
-0.2965368
-0.2767634
-0.25761269
-0.22879749
-0.23744835
-0.24461567
-0.25850013
-0.24458109
-0.23085435
-0.43609876
-0.3642077
-0.28876571
-0.39845788
-0.33097257
-0.26123552
-0.80266349
-0.7521652
-0.69333656
-0.7521652
-0.70963766
-0.65977922
-0.69333656
-0.65977922
-0.62011882
-0.64246372
-0.61558535
-0.58357371
-0.61021076
-0.58641982
-0.5579509
-0.57835327
-0.55748885
-0.53240437
-0.58357371
-0.61558535
-0.64246372
-0.5579509
-0.58641982
-0.61021076
-0.53240437
-0.55748885
-0.57835327
-0.68816517
-0.74720572
-0.7978477
-0.65067493
-0.70272461
-0.74708153
-0.61386084
-0.65934685
-0.69786565
-0.7978477
-0.74720572
-0.68816517
-0.74708153
-0.70272461
-0.65067493
-0.69786565
-0.65934685
-0.61386084
-0.58476185
-0.56211294
-0.5349304
-0.62437531
-0.59597986
-0.56211294
-0.65774542
-0.62437531
-0.58476185
-0.54516274
-0.52721639
-0.50553381
-0.51409544
-0.49875865
-0.48014297
-0.48340205
-0.470527
-0.45482738
-0.50553381
-0.52721639
-0.54516274
-0.48014297
-0.49875865
-0.51409544
-0.45482738
-0.470527
-0.48340205
-0.57573314
-0.61473255
-0.64754393
-0.5402524
-0.57349714
-0.60129899
-0.50539442
-0.53324724
-0.55640335
-0.64754393
-0.61473255
-0.57573314
-0.60129899
-0.57349714
-0.5402524
-0.55640335
-0.53324724
-0.50539442
-0.48136214
-0.46781941
-0.45132243
-0.50505703
-0.48822494
-0.46781941
-0.52466922
-0.50505703
-0.48136214
-0.71198729
-0.67027185
-0.62109864
-0.70285493
-0.66256691
-0.61502184
-0.68513266
-0.64758889
-0.60318202
-0.55967856
-0.56897123
-0.57372932
-0.52645361
-0.53434305
-0.53837604
-0.49373779
-0.50031807
-0.5036764
-0.6008228
-0.64640067
-0.68493468
-0.56152014
-0.60024236
-0.63276506
-0.5231085
-0.555448
-0.58243653
-0.70079696
-0.69183807
-0.67444436
-0.64609826
-0.63858938
-0.62397882
-0.59345743
-0.5872689
-0.57520191
-0.54053292
-0.518634
-0.492243
-0.5506888
-0.52730812
-0.49917463
-0.55588899
-0.53174422
-0.50271358
-0.45141694
-0.44098333
-0.42819936
-0.42147109
-0.41320792
-0.40303736
-0.39187915
-0.38565054
-0.37794959
-0.42819936
-0.44098333
-0.45141694
-0.40303736
-0.41320792
-0.42147109
-0.37794959
-0.38565054
-0.39187915
-0.4692747
-0.49181143
-0.51043472
-0.43564612
-0.45347902
-0.46813286
-0.40259239
-0.41603046
-0.42701259
-0.51043472
-0.49181143
-0.4692747
-0.46813286
-0.45347902
-0.43564612
-0.42701259
-0.41603046
-0.40259239
-0.38277607
-0.3767269
-0.36925134
-0.39339497
-0.38592468
-0.3767269
-0.4020404
-0.39339497
-0.38277607
-0.61552794
-0.58766974
-0.55473086
-0.52366827
-0.49820397
-0.46833285
-0.42174123
-0.40002382
-0.37471292
-0.52368231
-0.50109777
-0.47858047
-0.44051335
-0.4205284
-0.40070419
-0.35136805
-0.33476634
-0.31836818
-0.47994278
-0.50242182
-0.52114291
-0.40205775
-0.422147
-0.43897996
-0.31958805
-0.33639963
-0.35055483
-0.54598479
-0.57793621
-0.61047448
-0.46122132
-0.48985902
-0.51922515
-0.36920602
-0.39325467
-0.41806085
-0.35310887
-0.3351712
-0.31425168
-0.33229368
-0.31665882
-0.29830605
-0.31211416
-0.29860564
-0.282648
-0.55473086
-0.58766974
-0.61552794
-0.46833285
-0.49820397
-0.52366827
-0.37471292
-0.40002382
-0.42174123
-0.61047448
-0.57793621
-0.54598479
-0.51922515
-0.48985902
-0.46122132
-0.41806085
-0.39325467
-0.36920602
-0.52114291
-0.50242182
-0.47994278
-0.43897996
-0.422147
-0.40205775
-0.35055483
-0.33639963
-0.31958805
-0.31425168
-0.3351712
-0.35310887
-0.29830605
-0.31665882
-0.33229368
-0.282648
-0.29860564
-0.31211416
-0.51289327
-0.48209907
-0.45184539
-0.43176726
-0.40454392
-0.37797121
-0.34461701
-0.32202007
-0.30008244
-0.43125656
-0.42011781
-0.4065422
-0.35990592
-0.3500401
-0.33807137
-0.28518538
-0.27699329
-0.26709061
-0.41020232
-0.43251607
-0.45489614
-0.34111577
-0.36046079
-0.37996074
-0.26949349
-0.28529244
-0.30128386
-0.26643124
-0.28003783
-0.29148121
-0.25134031
-0.26287626
-0.27251983
-0.23651425
-0.24612485
-0.25411168
-0.67420215
-0.64266612
-0.60529423
-0.72945518
-0.68956937
-0.64266612
-0.77672593
-0.72945518
-0.67420215
-0.63837835
-0.61051328
-0.57732426
-0.6871559
-0.652041
-0.61051328
-0.72862758
-0.6871559
-0.63837835
-0.60312952
-0.57873139
-0.54952602
-0.6458116
-0.61517064
-0.57873139
-0.68188046
-0.6458116
-0.60312952
-0.56654839
-0.54559501
-0.52038189
-0.60319131
-0.57696496
-0.54559501
-0.63396282
-0.60319131
-0.56654839
-0.53243852
-0.51455559
-0.49293162
-0.56371075
-0.54139366
-0.51455559
-0.58981969
-0.56371075
-0.53243852
-0.49886301
-0.48386809
-0.46564831
-0.52509184
-0.50642978
-0.48386809
-0.54686566
-0.52509184
-0.49886301
-0.6591519
-0.62458064
-0.5835531
-0.67542038
-0.63835733
-0.59446589
-0.683794
-0.64543687
-0.60006164
-0.61108928
-0.5818312
-0.54689324
-0.62477749
-0.59346429
-0.55614224
-0.6318081
-0.59943071
-0.56087659
-0.56452061
-0.54017886
-0.51093552
-0.57584339
-0.54983367
-0.51863789
-0.58164718
-0.55477613
-0.52257383
-0.46400471
-0.45186615
-0.43704237
-0.48525025
-0.47018262
-0.45186615
-0.50278377
-0.48525025
-0.46400471
-0.43148865
-0.42188331
-0.41009744
-0.44831578
-0.43641919
-0.42188331
-0.46212732
-0.44831578
-0.43148865
-0.39947009
-0.3922346
-0.38331489
-0.41216138
-0.40321767
-0.3922346
-0.42252275
-0.41216138
-0.39947009
-0.59889421
-0.57273258
-0.54171615
-0.56775224
-0.544668
-0.51716093
-0.53711009
-0.51692722
-0.49275648
-0.508618
-0.48477477
-0.45672011
-0.48058561
-0.45966172
-0.43490161
-0.45318612
-0.43498899
-0.41333483
-0.40900023
-0.38871693
-0.36499811
-0.38537344
-0.36765691
-0.34680988
-0.36241041
-0.34707236
-0.32891357
-0.54171615
-0.57273258
-0.59889421
-0.51716093
-0.544668
-0.56775224
-0.49275648
-0.51692722
-0.53711009
-0.45672011
-0.48477477
-0.508618
-0.43490161
-0.45966172
-0.48058561
-0.41333483
-0.43498899
-0.45318612
-0.36499811
-0.38871693
-0.40900023
-0.34680988
-0.36765691
-0.38537344
-0.32891357
-0.34707236
-0.36241041
-0.46717045
-0.48800416
-0.50530977
-0.44307148
-0.46091144
-0.47565774
-0.41911909
-0.43412588
-0.44647023
-0.3908489
-0.40942271
-0.42494101
-0.36978595
-0.38561928
-0.39877664
-0.3489618
-0.36222233
-0.3731833
-0.31034083
-0.32585251
-0.33887239
-0.29302279
-0.30619588
-0.31718848
-0.27597604
-0.28696825
-0.29608868
