MFEM mesh v1.0

#
# MFEM Geometry Types (see mesh/geom.hpp):
#
# POINT       = 0
# SEGMENT     = 1
# TRIANGLE    = 2
# SQUARE      = 3
# TETRAHEDRON = 4
# CUBE        = 5
#

dimension
3

elements
7
1 5 7 8 17 16 9 10 19 18
1 5 0 1 6 5 11 12 21 20
1 5 5 6 8 7 20 21 23 22
1 5 6 2 3 8 21 13 14 23
1 5 7 8 10 9 22 23 25 24
1 5 8 3 4 10 23 14 15 25
1 5 20 21 23 22 26 27 29 28

boundary
28
1 3 0 1 12 11
64 3 5 6 1 0
64 3 7 8 6 5
64 3 16 17 8 7
64 3 8 3 2 6
64 3 16 7 9 18
64 3 8 17 19 10
64 3 17 16 18 19
64 3 9 10 19 18
64 3 10 4 3 8
64 3 5 0 11 20
64 3 1 6 21 12
64 3 11 12 21 20
64 3 6 2 13 21
64 3 7 5 20 22
64 3 2 3 14 13
64 3 21 13 14 23
64 3 9 7 22 24
64 3 10 9 24 25
64 3 22 23 25 24
64 3 3 4 15 14
64 3 4 10 25 15
64 3 23 14 15 25
64 3 20 21 27 26
64 3 22 20 26 28
64 3 21 23 29 27
64 3 23 22 28 29
64 3 26 27 29 28

vertices
30

nodes
FiniteElementSpace
FiniteElementCollection: H1_3D_P4
VDim: 3
Ordering: 0

-3.1225023e-17
0.30998466
0.50295308
0.42586599
0.34303776
2.9273459e-18
0.26568513
5.0957502e-18
0.22229806
-1.3010426e-18
0.17834803
-4.7704896e-18
0.37298049
0.56955658
0.46850803
0.36407998
-5.3329194e-18
0.20621024
-3.2526065e-19
0.14907545
6.169788e-18
0.30721416
1.5517644e-18
0.2473562
-5.502326e-18
0.19040097
1.2624179e-17
0.3224644
-5.4210109e-20
0.25605782
0.03904111
0.11254934
0.18477872
0.22600691
0.22809576
0.2183821
0.043467228
0.11586371
0.17599419
1.4781387e-19
4.679857e-19
1.2688554e-18
0.031789198
0.091657954
0.14861194
0.17769033
0.17197081
0.15890374
0.033696021
0.092675488
0.12994856
1.5958564e-18
1.8698252e-18
4.9466724e-19
-4.3389263e-19
-1.3552527e-20
3.5778672e-18
0.21478456
0.20045933
0.18601087
0.19513688
0.17546488
0.15766595
-1.7212371e-18
1.1142718e-18
-9.7578196e-19
0.054840668
0.15791786
0.25847359
0.30222151
0.28764584
0.27323341
0.046712443
0.13469044
0.22107841
6.4987544e-18
-1.5043305e-18
8.3483567e-18
0.066774181
0.19175207
0.31218017
0.36113607
0.33926012
0.31810788
0.054417567
0.15665737
0.25626493
3.0620274e-18
5.0491634e-18
7.7266345e-18
-8.6466182e-18
-1.5612511e-17
-9.5409791e-18
0.32278198
0.34512795
0.36435579
0.27436128
0.28920801
0.30169295
4.3821812e-18
2.469101e-19
4.936508e-18
0.25816654
0.24396828
0.22979059
2.602297e-18
3.9166803e-18
-1.6805134e-18
0.29650803
0.27667355
0.25736765
0.043467228
0.12534416
0.20578306
7.4877547e-18
5.2028999e-18
-9.9102855e-19
0.22771245
0.2367524
0.24414435
2.0987756e-18
-8.1399866e-19
1.953258e-18
0.46520256
0.3895673
0.3094421
0.48994713
0.46498283
0.43952689
0.39291034
0.32760198
0.25928958
0.5290318
0.44630397
0.3567853
0.55210638
0.51910204
0.48604145
0.4334417
0.36293034
0.28816343
0.51722285
0.54120647
0.5609475
0.43519188
0.45063922
0.46312775
0.23743556
0.21878877
0.20021158
0.033696021
0.097093822
0.15847443
-4.3910585e-18
1.8414496e-18
-3.6524061e-18
0.18099349
0.18536559
0.18888779
2.0258844e-18
3.1551977e-19
-6.505213e-19
0.41202742
0.3852713
0.35780509
0.31581277
0.26263594
0.20779901
0.45086871
0.41703402
0.38255195
0.33592995
0.28016626
0.22190822
0.34768025
0.35532334
0.36145383
0.05729151
0.16481389
0.26924508
0.31046137
0.28836607
0.26704075
0.045051695
0.12988572
0.21312161
1.3918452e-17
1.311927e-17
-8.097635e-19
1.1384924e-17
1.6940659e-17
1.6418887e-17
0.31193974
0.31857997
0.32199842
0.25007894
0.2538621
0.2557952
1.1997626e-18
9.8764042e-19
2.2937652e-18
0.042887532
0.11798794
0.18462697
0.041565734
0.11812735
0.19079856
0.03997644
0.11495877
0.18812315
0.037759923
0.10882864
0.17854177
0.035364906
0.10188015
0.16670518
0.033012953
0.095118385
0.15485426
0.21770065
0.21816273
0.20725163
0.2018909
0.19951906
0.18703148
0.18603591
0.18130882
0.16819528
0.16698022
0.11111555
0.041701345
0.15105961
0.10294779
0.038446466
0.13678343
0.095917373
0.035307387
-5.0416493e-18
1.531687e-18
1.9778087e-18
-1.3345004e-18
6.2593088e-19
1.1737238e-18
-1.3078189e-18
2.0261028e-18
5.5396286e-19
0.032200999
0.092582584
0.14854473
0.032889719
0.093598422
0.14523227
0.033452217
0.093355805
0.13663227
0.048082222
0.13861715
0.22743128
0.05071693
0.14615377
0.23958446
0.053402739
0.15381944
0.25190266
0.057239495
0.16473627
0.26934696
0.061462548
0.17671588
0.28838346
0.065123692
0.18708359
0.30480318
0.31423628
0.29826695
0.28255611
0.3351712
0.31664844
0.29857444
0.35310887
0.33229368
0.31210249
0.22840594
0.13923999
0.048302401
0.2409758
0.14707862
0.051050476
0.25157215
0.15371179
0.05338174
1.8876907e-18
-5.3635249e-18
-1.317385e-17
-3.3828378e-18
-3.2529639e-18
-1.2706315e-17
8.7549325e-18
2.6254845e-18
-1.449912e-18
0.064528421
0.1853869
0.30208053
0.060403686
0.17368096
0.2834601
0.056443593
0.16242373
0.26549629
0.040334793
0.11630201
0.19101526
0.042822107
0.12349657
0.20285666
0.045356276
0.13079583
0.21475986
0.26622236
0.25091767
0.23571657
0.27994908
0.26266069
0.24564909
0.29144016
0.27240154
0.25381015
0.18929894
0.11526837
0.03997644
0.1968694
0.11986928
0.041565734
0.20307959
0.1236782
0.042887532
3.5060431e-18
1.5163991e-18
-1.9072072e-18
2.0741719e-19
3.4336863e-18
1.1286702e-18
-8.8260833e-19
4.4184415e-18
1.0218602e-17
0.052433323
0.15100133
0.24720195
0.048782057
0.140579
0.2304462
0.045268158
0.13051768
0.21418874
0.26799171
0.3384476
0.40566944
0.28440836
0.3588003
0.42949842
0.30078941
0.37896897
0.45294879
0.31936883
0.40155924
0.47881484
0.33630947
0.42190504
0.50176514
0.35051435
0.43885292
0.52073476
0.50331936
0.47671091
0.44967111
0.52572828
0.49626233
0.46650688
0.5441089
0.51219782
0.48015228
0.40176653
0.33529758
0.26554896
0.41644221
0.34807335
0.27597456
0.42831954
0.35844562
0.28447604
0.34456537
0.43160921
0.5123995
0.32187045
0.40415596
0.48108761
0.2996986
0.37710441
0.44990868
0.21970293
0.20446715
0.18912632
0.22788696
0.21110536
0.19427611
0.23454952
0.21647433
0.19842717
0.15076722
0.092820411
0.032200999
0.1543411
0.094780558
0.032889719
0.15723046
0.09639271
0.033452217
1.3539061e-18
-7.9859325e-20
1.2951597e-18
-1.138624e-18
5.9448478e-19
-1.9646929e-18
2.7952087e-19
-5.0006708e-18
4.6756219e-19
0.041701345
0.12025721
0.19747402
0.038446466
0.11084242
0.18192332
0.035307387
0.10174143
0.16654127
0.21683987
0.27414202
0.32953617
0.2338081
0.29562093
0.35508158
0.25054332
0.31666198
0.38000199
0.42054249
0.39225828
0.36326043
0.43462339
0.40378522
0.37224709
0.44598257
0.4130554
0.37946041
0.32025033
0.26650116
0.21090355
0.32755698
0.27286734
0.21602464
0.33341862
0.27797659
0.22014174
0.2767042
0.34877834
0.41691585
0.25507917
0.32187879
0.3853026
0.23340909
0.2946859
0.35314827
0.05530629
0.15918085
0.26028995
0.056557115
0.16273068
0.26593524
0.05720335
0.16456385
0.26884793
0.30083927
0.28031365
0.26038889
0.30691013
0.28539951
0.2645951
0.31003557
0.2880107
0.26674807
0.20807713
0.12676103
0.043960928
0.21126797
0.12873617
0.044650111
0.21289985
0.12974812
0.045003606
1.9211766e-18
3.5771785e-18
1.2346538e-17
-3.8730582e-19
4.1520232e-18
3.4355648e-18
7.6232965e-19
5.0807154e-18
7.3928969e-18
0.055053577
0.15844734
0.25907068
0.050958781
0.14677779
0.24036173
0.047046277
0.13560003
0.22236455
0.038596074
0.11092363
0.18125378
0.040012847
0.11353751
0.18265272
0.041187341
0.11311104
0.17555579
0.036023374
0.10343313
0.16824651
0.037133242
0.10518317
0.16744876
0.038047789
0.10453319
0.15916941
0.033506675
0.09622685
0.15530635
0.034334602
0.097409157
0.15272456
0.035012842
0.096934506
0.14403747
0.055649738
0.16021232
0.26210449
0.052690427
0.15177667
0.24858602
0.049800122
0.14352417
0.23531526
0.059592557
0.17140402
0.27991905
0.056132298
0.16156396
0.2642053
0.052778473
0.15200844
0.2488937
0.062997464
0.18105309
0.29522195
0.059083241
0.16993766
0.27751954
0.055314214
0.15921767
0.2603948
0.04682288
0.13500128
0.22155349
0.044067015
0.12708423
0.20869791
0.041373201
0.11931209
0.1959756
0.049350069
0.14222163
0.23315925
0.046200108
0.13320424
0.21859592
0.043142689
0.12441779
0.2043146
0.051486356
0.14830739
0.24289975
0.047991438
0.13832377
0.22682941
0.044619209
0.12865851
0.21118741
0.31002057
0.39015558
0.46568678
0.29239725
0.36853944
0.4406471
0.27482855
0.34682993
0.41530287
0.32570723
0.40905902
0.48709008
0.30586071
0.38487266
0.45926507
0.28625889
0.36079002
0.43130433
0.33880086
0.42473578
0.50471154
0.31699582
0.39830073
0.47448111
0.29562375
0.37217006
0.44429446
0.038596074
0.11126444
0.18263565
0.036023374
0.10379652
0.17001837
0.033506675
0.096535224
0.15740702
0.040012847
0.11537836
0.18946949
0.037133242
0.10702707
0.17552428
0.034334602
0.098923601
0.1616409
0.041187341
0.11877476
0.19505135
0.038047789
0.10968535
0.17999294
0.035012842
0.10088744
0.16506584
0.25624152
0.32368553
0.38809112
0.23847212
0.30139415
0.36173024
0.22048429
0.27867012
0.33474169
0.26570152
0.33531423
0.40146917
0.24618123
0.31091887
0.37269685
0.2264968
0.2861293
0.34331611
0.27338263
0.34472136
0.41226777
0.25240172
0.31858514
0.38151661
0.23133297
0.29211818
0.35019843
0.053244717
0.15330807
0.25088169
0.049457816
0.14250489
0.2335306
0.045821512
0.13210104
0.21674004
0.054385005
0.15654938
0.25604365
0.050404895
0.14520171
0.23784387
0.046595007
0.13431163
0.22029549
0.054973355
0.15821964
0.25870846
0.050892374
0.14658888
0.24006003
0.046992216
0.13544573
0.22211687
-0.70710678
-0.67227043
-0.50518149
-0.4330127
-0.36084392
-0.59335069
-0.57019239
-0.48603889
-0.47240707
-0.38463884
-0.37864925
-0.91774188
-0.84957113
-0.57019239
-0.47240707
-0.37864925
-0.25629728
-0.24775119
-0.19728907
-0.19368993
-0.73185567
-0.68827279
-0.56723152
-0.54236453
-0.42041877
-0.40974402
-0.7835347
-0.73185567
-0.59630391
-0.56723152
-0.4856287
-0.48260673
-0.47668054
-0.43609876
-0.3642077
-0.28876571
-0.25603842
-0.25413461
-0.25041783
-0.4492025
-0.37588867
-0.29851333
-0.38445987
-0.38313893
-0.38053624
-0.34768534
-0.28777162
-0.22648244
-0.19718101
-0.19638441
-0.19481997
-0.35339144
-0.29278126
-0.23061039
-0.46812151
-0.43463085
-0.40174699
-0.455937
-0.42504043
-0.39456189
-0.23805083
-0.22009081
-0.20267041
-0.24563076
-0.22597295
-0.20701788
-0.70604267
-0.69823377
-0.68307557
-0.65432542
-0.62067735
-0.58750416
-0.59264872
-0.58748697
-0.57741475
-0.68697873
-0.64938746
-0.6125172
-0.91563372
-0.90021342
-0.87053063
-0.82051496
-0.76684993
-0.71496025
-0.73052242
-0.72074224
-0.70177661
-0.88394836
-0.82189162
-0.76232533
-0.74943575
-0.8239692
-0.88860063
-0.70822101
-0.77112957
-0.82527783
-0.59470673
-0.6368947
-0.67250374
-0.62192553
-0.67132121
-0.71323188
-0.55300856
-0.52078024
-0.48899717
-0.57437618
-0.53892397
-0.50413239
-0.66204309
-0.61353593
-0.56655631
-0.56647815
-0.56093773
-0.55012271
-0.70201769
-0.64712055
-0.59429927
-0.48725134
-0.51239955
-0.5332435
-0.50319416
-0.53234703
-0.55659596
-0.51895855
-0.54232058
-0.56170451
-0.49271987
-0.46909709
-0.44547431
-0.44150297
-0.45572427
-0.46735889
-0.59470673
-0.6368947
-0.67250374
-0.55300856
-0.52078024
-0.48899717
-0.48725134
-0.51239955
-0.5332435
-0.51895855
-0.54232058
-0.56170451
-0.44150297
-0.45572427
-0.46735889
-0.51856807
-0.4745094
-0.4317745
-0.42009818
-0.41773515
-0.41309509
-0.54069314
-0.49178441
-0.4446241
-0.38538234
-0.39662121
-0.40577998
-0.39236521
-0.40528814
-0.4158435
-0.42055109
-0.39692831
-0.37330553
-0.36474496
-0.3712003
-0.37640913
-0.455937
-0.42504043
-0.39456189
-0.38538234
-0.39662121
-0.40577998
-0.36474496
-0.3712003
-0.37640913
-0.78194926
-0.77032793
-0.74783558
-0.70201769
-0.64712055
-0.59429927
-0.5954215
-0.58893516
-0.57628973
-0.74929192
-0.68664807
-0.62680617
-0.74783558
-0.77032793
-0.78194926
-0.70177661
-0.72074224
-0.73052242
-0.55012271
-0.56093773
-0.56647815
-0.57628973
-0.58893516
-0.5954215
-0.29821831
-0.29604809
-0.29180896
-0.3755358
-0.37293873
-0.36785939
-0.4488076
-0.44589941
-0.44020226
-0.46775532
-0.46505666
-0.45976008
-0.43434329
-0.4322228
-0.42805449
-0.40153204
-0.39994606
-0.39682364
-0.42049661
-0.35061557
-0.27762052
-0.39130993
-0.32530876
-0.2569503
-0.36262217
-0.30058548
-0.23685745
-0.24041864
-0.24371491
-0.24540153
-0.22193207
-0.22448956
-0.22579558
-0.204034
-0.2059239
-0.20688716
-0.28627495
-0.36101058
-0.43219011
-0.26367877
-0.33342478
-0.40048637
-0.24183923
-0.30661892
-0.36947731
-0.35322074
-0.35196124
-0.34948155
-0.29263112
-0.29152388
-0.2893466
-0.23048651
-0.22957324
-0.22777901
-0.61175802
-0.60617749
-0.59529774
-0.64851389
-0.64209671
-0.62960702
-0.68598265
-0.67867041
-0.66446322
-0.74817327
-0.73891546
-0.72097901
-0.82234343
-0.81043561
-0.78743445
-0.8866454
-0.8723379
-0.84476821
-0.68816517
-0.65067493
-0.61386084
-0.74720572
-0.70272461
-0.65934685
-0.7978477
-0.74708153
-0.69786565
-0.60318202
-0.61502184
-0.62109864
-0.64758889
-0.66256691
-0.67027185
-0.68513266
-0.70285493
-0.71198729
-0.64328968
-0.68452354
-0.72674901
-0.69664858
-0.74581288
-0.79654723
-0.74208589
-0.79837071
-0.85683638
-0.88199055
-0.86766251
-0.84004528
-0.82019894
-0.80779937
-0.7838403
-0.76087379
-0.75023088
-0.72961731
-0.5036764
-0.50031807
-0.49373779
-0.53837604
-0.53434305
-0.52645361
-0.57372932
-0.56897123
-0.55967856
-0.57573314
-0.5402524
-0.50539442
-0.61473255
-0.57349714
-0.53324724
-0.64754393
-0.60129899
-0.55640335
-0.492243
-0.49917463
-0.50271358
-0.518634
-0.52730812
-0.53174422
-0.54053292
-0.5506888
-0.55588899
-0.5231085
-0.56152014
-0.6008228
-0.555448
-0.60024236
-0.64640067
-0.58243653
-0.63276506
-0.68493468
-0.70079696
-0.69183807
-0.67444436
-0.64609826
-0.63858938
-0.62397882
-0.59345743
-0.5872689
-0.57520191
-0.48340205
-0.470527
-0.45482738
-0.51409544
-0.49875865
-0.48014297
-0.54516274
-0.52721639
-0.50553381
-0.58476185
-0.56211294
-0.5349304
-0.62437531
-0.59597986
-0.56211294
-0.65774542
-0.62437531
-0.58476185
-0.50553381
-0.48014297
-0.45482738
-0.52721639
-0.49875865
-0.470527
-0.54516274
-0.51409544
-0.48340205
-0.45132243
-0.46781941
-0.48136214
-0.46781941
-0.48822494
-0.50505703
-0.48136214
-0.50505703
-0.52466922
-0.64754393
-0.61473255
-0.57573314
-0.60129899
-0.57349714
-0.5402524
-0.55640335
-0.53324724
-0.50539442
-0.4692747
-0.43564612
-0.40259239
-0.49181143
-0.45347902
-0.41603046
-0.51043472
-0.46813286
-0.42701259
-0.38758001
-0.3906146
-0.39215625
-0.39934527
-0.40311217
-0.4050283
-0.40894024
-0.41331449
-0.41554142
-0.41097246
-0.44684203
-0.48351517
-0.42644387
-0.46742605
-0.50960064
-0.43911919
-0.48438922
-0.53122766
-0.5400239
-0.53510011
-0.52547852
-0.49126339
-0.48742721
-0.47991613
-0.44423764
-0.44139012
-0.43580418
-0.39187915
-0.38565054
-0.37794959
-0.42147109
-0.41320792
-0.40303736
-0.45141694
-0.44098333
-0.42819936
-0.42819936
-0.40303736
-0.37794959
-0.44098333
-0.41320792
-0.38565054
-0.45141694
-0.42147109
-0.39187915
-0.36925134
-0.3767269
-0.38277607
-0.3767269
-0.38592468
-0.39339497
-0.38277607
-0.39339497
-0.4020404
-0.51043472
-0.49181143
-0.4692747
-0.46813286
-0.45347902
-0.43564612
-0.42701259
-0.41603046
-0.40259239
-0.74642532
-0.73608266
-0.71603851
-0.76880781
-0.75766307
-0.73608266
-0.7803717
-0.76880781
-0.74642532
-0.67444436
-0.62397882
-0.57520191
-0.69183807
-0.63858938
-0.5872689
-0.70079696
-0.64609826
-0.59345743
-0.55828301
-0.56966385
-0.5754965
-0.56966385
-0.58184138
-0.58808576
-0.5754965
-0.58808576
-0.59454305
-0.60441501
-0.65939112
-0.71665585
-0.6185558
-0.67658939
-0.73722887
-0.62581778
-0.6854421
-0.74784444
-0.74784444
-0.73722887
-0.71665585
-0.6854421
-0.67658939
-0.65939112
-0.62581778
-0.6185558
-0.60441501
-0.43183817
-0.42924546
-0.42416185
-0.360697
-0.35838828
-0.35386852
-0.28601342
-0.28408876
-0.2803254
-0.40021085
-0.39817989
-0.39419117
-0.33318059
-0.33138156
-0.32785331
-0.26347602
-0.26198281
-0.25905747
-0.36927198
-0.36775746
-0.36477819
-0.30643786
-0.30510302
-0.30248055
-0.24168952
-0.24058619
-0.23842064
-0.72556884
-0.71691136
-0.70012126
-0.68349104
-0.67591135
-0.66118413
-0.64239441
-0.63581745
-0.62301523
-0.79503163
-0.78392583
-0.76244938
-0.74449347
-0.73481732
-0.71606589
-0.6955098
-0.68715175
-0.67092134
-0.85501838
-0.84170847
-0.81602832
-0.79679546
-0.78525217
-0.7629281
-0.74073227
-0.73080435
-0.71156067
-0.60006164
-0.59446589
-0.5835531
-0.56087659
-0.55614224
-0.54689324
-0.52257383
-0.51863789
-0.51093552
-0.64543687
-0.63835733
-0.62458064
-0.59943071
-0.59346429
-0.5818312
-0.55477613
-0.54983367
-0.54017886
-0.683794
-0.67542038
-0.6591519
-0.6318081
-0.62477749
-0.61108928
-0.58164718
-0.57584339
-0.56452061
-0.56654839
-0.54559501
-0.52038189
-0.53243852
-0.51455559
-0.49293162
-0.49886301
-0.48386809
-0.46564831
-0.60319131
-0.57696496
-0.54559501
-0.56371075
-0.54139366
-0.51455559
-0.52509184
-0.50642978
-0.48386809
-0.63396282
-0.60319131
-0.56654839
-0.58981969
-0.56371075
-0.53243852
-0.54686566
-0.52509184
-0.49886301
-0.48308646
-0.47992842
-0.47373745
-0.44650579
-0.44402738
-0.43916077
-0.41072138
-0.40886957
-0.4052275
-0.50906381
-0.50511183
-0.49737691
-0.46700627
-0.46391388
-0.45785059
-0.42613126
-0.42382674
-0.41930038
-0.53059914
-0.52597413
-0.51693222
-0.48389922
-0.48029083
-0.47322291
-0.43875526
-0.43607342
-0.43081065
-0.46400471
-0.45186615
-0.43704237
-0.43148865
-0.42188331
-0.41009744
-0.39947009
-0.3922346
-0.38331489
-0.48525025
-0.47018262
-0.45186615
-0.44831578
-0.43641919
-0.42188331
-0.41216138
-0.40321767
-0.3922346
-0.50278377
-0.48525025
-0.46400471
-0.46212732
-0.44831578
-0.43148865
-0.42252275
-0.41216138
-0.39947009
-0.71536573
-0.70589967
-0.68753177
-0.65831241
-0.65039059
-0.63498425
-0.60352799
-0.59700843
-0.5843015
-0.73583997
-0.7256523
-0.70589967
-0.67543069
-0.6669237
-0.65039059
-0.61760498
-0.61061811
-0.59700843
-0.74640402
-0.73583997
-0.71536573
-0.68424181
-0.67543069
-0.65831241
-0.62483391
-0.61760498
-0.60352799
-0.70710678
-0.67227043
-0.50518149
-0.4330127
-0.36084392
-0.59335069
-0.57019239
-0.48603889
-0.47240707
-0.38463884
-0.37864925
-0.39717735
-0.37298049
-0.26592163
-0.22368927
-0.18319635
-0.56723152
-0.54236453
-0.42041877
-0.40974402
-0.3224644
-0.30722904
-0.25629728
-0.24775119
-0.19728907
-0.19368993
-2.6359665e-18
1.8566962e-18
1.1492543e-17
-2.1900884e-17
-0.4856287
-0.48260673
-0.47668054
-0.48725134
-0.51239955
-0.5332435
-0.56647815
-0.56093773
-0.55012271
-0.50319416
-0.53234703
-0.55659596
-0.38445987
-0.38313893
-0.38053624
-0.38538234
-0.39662121
-0.40577998
-0.42009818
-0.41773515
-0.41309509
-0.39236521
-0.40528814
-0.4158435
-0.46812151
-0.43463085
-0.40174699
-0.455937
-0.42504043
-0.39456189
-0.51856807
-0.4745094
-0.4317745
-0.54069314
-0.49178441
-0.4446241
-0.70604267
-0.69823377
-0.68307557
-0.65432542
-0.62067735
-0.58750416
-0.59264872
-0.58748697
-0.57741475
-0.68697873
-0.64938746
-0.6125172
-0.39642918
-0.39095644
-0.38042078
-0.36113607
-0.33926012
-0.31810788
-0.32199842
-0.31857997
-0.31195018
-0.38359477
-0.35865241
-0.33471103
-0.66207707
-0.56663459
-0.45868172
-0.6278812
-0.53501952
-0.4314642
-0.52936069
-0.44639856
-0.35681328
-0.55184515
-0.4667897
-0.37407891
-0.55300856
-0.52078024
-0.48899717
-0.57437618
-0.53892397
-0.50413239
-0.2965368
-0.2767634
-0.25761269
-0.25603842
-0.25413461
-0.25041783
-0.31047167
-0.28840695
-0.26717658
-0.43609876
-0.3642077
-0.28876571
-0.4492025
-0.37588867
-0.29851333
-0.51895855
-0.54232058
-0.56170451
-0.49271987
-0.46909709
-0.44547431
-0.44150297
-0.45572427
-0.46735889
-0.27450123
-0.28926139
-0.30171525
-0.25850013
-0.24458109
-0.23085435
-0.22879749
-0.23744835
-0.24461567
-0.46672901
-0.39031051
-0.30979848
-0.39845788
-0.33097257
-0.26123552
-0.23805083
-0.22009081
-0.20267041
-0.19718101
-0.19638441
-0.19481997
-0.24563076
-0.22597295
-0.20701788
-0.34768534
-0.28777162
-0.22648244
-0.35339144
-0.29278126
-0.23061039
-0.42055109
-0.39692831
-0.37330553
-0.36474496
-0.3712003
-0.37640913
-0.21657604
-0.20323217
-0.19006884
-0.1854698
-0.18926312
-0.19235298
-0.3308016
-0.27305464
-0.21442052
-1.2131524e-17
9.1310152e-18
7.7927031e-19
-3.9648196e-17
-2.1848368e-17
-5.631075e-18
1.2842714e-17
6.1774113e-18
-2.236167e-18
-1.9303345e-17
3.7413869e-17
1.1387511e-17
-0.26924508
-0.16481389
-0.05729151
-0.25627281
-0.15665737
-0.054417567
-0.20603062
-0.12540839
-0.043467228
-0.21326717
-0.1299233
-0.045051695
-0.55588899
-0.5506888
-0.54053292
-0.53174422
-0.52730812
-0.518634
-0.50271358
-0.49917463
-0.492243
-0.46775532
-0.46505666
-0.45976008
-0.43434329
-0.4322228
-0.42805449
-0.40153204
-0.39994606
-0.39682364
-0.4692747
-0.49181143
-0.51043472
-0.43564612
-0.45347902
-0.46813286
-0.40259239
-0.41603046
-0.42701259
-0.52547852
-0.53510011
-0.5400239
-0.47991613
-0.48742721
-0.49126339
-0.43580418
-0.44139012
-0.44423764
-0.53122766
-0.50960064
-0.48351517
-0.48438922
-0.46742605
-0.44684203
-0.43911919
-0.42644387
-0.41097246
-0.39215625
-0.3906146
-0.38758001
-0.4050283
-0.40311217
-0.39934527
-0.41554142
-0.41331449
-0.40894024
-0.61175802
-0.60617749
-0.59529774
-0.64851389
-0.64209671
-0.62960702
-0.68598265
-0.67867041
-0.66446322
-0.6610298
-0.65334976
-0.63846807
-0.56566212
-0.55853883
-0.54477698
-0.45784149
-0.45169272
-0.43984281
-0.61047448
-0.57793621
-0.54598479
-0.51922515
-0.48985902
-0.46122132
-0.41806085
-0.39325467
-0.36920602
-0.53636295
-0.54614326
-0.55116224
-0.45273421
-0.46160566
-0.46616835
-0.36216784
-0.36968063
-0.37355141
-0.57031435
-0.6059608
-0.6424645
-0.48335598
-0.51551365
-0.54869826
-0.38799889
-0.41515227
-0.44335776
-0.38290171
-0.37782943
-0.36805159
-0.35805614
-0.35368804
-0.34524687
-0.33420229
-0.33047204
-0.32324632
-0.5036764
-0.50031807
-0.49373779
-0.53837604
-0.53434305
-0.52645361
-0.57372932
-0.56897123
-0.55967856
-0.51289327
-0.48209907
-0.45184539
-0.43176726
-0.40454392
-0.37797121
-0.34461701
-0.32202007
-0.30008244
-0.44020226
-0.44589941
-0.4488076
-0.36785939
-0.37293873
-0.3755358
-0.29180896
-0.29604809
-0.29821831
-0.46641834
-0.49962501
-0.53360195
-0.39099869
-0.42029804
-0.45048953
-0.31097955
-0.33525945
-0.36042754
-0.31004621
-0.30692361
-0.30086034
-0.2880526
-0.28544967
-0.28038435
-0.26688643
-0.26475334
-0.26059351
-0.48340205
-0.470527
-0.45482738
-0.51409544
-0.49875865
-0.48014297
-0.54516274
-0.52721639
-0.50553381
-0.52114291
-0.50242182
-0.47994278
-0.43897996
-0.422147
-0.40205775
-0.35055483
-0.33639963
-0.31958805
-0.45489614
-0.43251607
-0.41020232
-0.37996074
-0.36046079
-0.34111577
-0.30128386
-0.28529244
-0.26949349
-0.4065422
-0.42011781
-0.43125656
-0.33807137
-0.3500401
-0.35990592
-0.26709061
-0.27699329
-0.28518538
-0.29148121
-0.28003783
-0.26643124
-0.27251983
-0.26287626
-0.25134031
-0.25411168
-0.24612485
-0.23651425
-0.42049661
-0.39130993
-0.36262217
-0.35061557
-0.32530876
-0.30058548
-0.27762052
-0.2569503
-0.23685745
-0.34948155
-0.35196124
-0.35322074
-0.2893466
-0.29152388
-0.29263112
-0.22777901
-0.22957324
-0.23048651
-0.36947731
-0.40048637
-0.43219011
-0.30661892
-0.33342478
-0.36101058
-0.24183923
-0.26367877
-0.28627495
-0.24540153
-0.24371491
-0.24041864
-0.22579558
-0.22448956
-0.22193207
-0.20688716
-0.2059239
-0.204034
-0.39187915
-0.38565054
-0.37794959
-0.42147109
-0.41320792
-0.40303736
-0.45141694
-0.44098333
-0.42819936
-0.38673177
-0.36455341
-0.34244047
-0.32087171
-0.30183931
-0.28295631
-0.25302965
-0.23761548
-0.22238348
-0.33449086
-0.34060781
-0.34555474
-0.27625716
-0.28158332
-0.28590578
-0.21703712
-0.22139884
-0.22494787
-0.23526359
-0.22887988
-0.22115153
-0.21791895
-0.2129265
-0.20684838
-0.20105879
-0.19734097
-0.19278971
-0.26884793
-0.26593524
-0.26028995
-0.16456385
-0.16273068
-0.15918085
-0.05720335
-0.056557115
-0.05530629
-0.24721777
-0.23049878
-0.21433924
-0.1510053
-0.14059278
-0.13055732
-0.052433323
-0.048782057
-0.045268158
-0.20828759
-0.21143496
-0.21304783
-0.12681563
-0.12877939
-0.12978633
-0.043960928
-0.044650111
-0.045003606
-0.22244486
-0.24038436
-0.25907068
-0.13562078
-0.14678344
-0.15844734
-0.047046277
-0.050958781
-0.055053577
-2.7654673e-17
-7.6510699e-18
-1.0701011e-17
-2.1951747e-17
-1.6099502e-17
-2.2597145e-17
-6.1590016e-18
-3.857388e-17
-1.3992984e-17
-0.48308646
-0.47992842
-0.47373745
-0.50906381
-0.50511183
-0.49737691
-0.53059914
-0.52597413
-0.51693222
-0.44650579
-0.44402738
-0.43916077
-0.46700627
-0.46391388
-0.45785059
-0.48389922
-0.48029083
-0.47322291
-0.41072138
-0.40886957
-0.4052275
-0.42613126
-0.42382674
-0.41930038
-0.43875526
-0.43607342
-0.43081065
-0.64148622
-0.63430937
-0.6203888
-0.60510614
-0.59883161
-0.58663853
-0.56957436
-0.56413793
-0.55355416
-0.5477932
-0.54116074
-0.52833245
-0.5147283
-0.50896837
-0.49780402
-0.48268043
-0.4777219
-0.46809103
-0.44257828
-0.43687127
-0.42585864
-0.41447987
-0.40955231
-0.4000213
-0.38742375
-0.38320524
-0.3750271
-0.53297384
-0.52835597
-0.51934883
-0.4990948
-0.4951941
-0.48757248
-0.46597858
-0.46274118
-0.45640473
-0.44991991
-0.44573542
-0.43759077
-0.41982009
-0.41630644
-0.40945418
-0.39060457
-0.38770503
-0.38203968
-0.35994532
-0.35640517
-0.34952621
-0.33485691
-0.33189929
-0.32614005
-0.31064922
-0.30822029
-0.30348081
-0.50530977
-0.48800416
-0.46717045
-0.47565774
-0.46091144
-0.44307148
-0.44647023
-0.43412588
-0.41911909
-0.42494101
-0.40942271
-0.3908489
-0.39877664
-0.38561928
-0.36978595
-0.3731833
-0.36222233
-0.3489618
-0.33887239
-0.32585251
-0.31034083
-0.31718848
-0.30619588
-0.29302279
-0.29608868
-0.28696825
-0.27597604
-0.43183817
-0.42924546
-0.42416185
-0.40021085
-0.39817989
-0.39419117
-0.36927198
-0.36775746
-0.36477819
-0.360697
-0.35838828
-0.35386852
-0.33318059
-0.33138156
-0.32785331
-0.30643786
-0.30510302
-0.30248055
-0.28601342
-0.28408876
-0.2803254
-0.26347602
-0.26198281
-0.25905747
-0.24168952
-0.24058619
-0.23842064
-0.41616758
-0.40619302
-0.39400554
-0.38790106
-0.38002253
-0.37035021
-0.36006702
-0.35414369
-0.34683744
-0.34677967
-0.33796663
-0.32724569
-0.32230263
-0.31537299
-0.30689972
-0.29834256
-0.29315536
-0.28678049
-0.27443485
-0.26713186
-0.25827801
-0.25446366
-0.24874288
-0.24176916
-0.23500918
-0.23074228
-0.2255129
-0.25870846
-0.25605065
-0.25089302
-0.24008327
-0.23787206
-0.23357131
-0.22219877
-0.22039
-0.2168643
-0.15821964
-0.15654938
-0.15331085
-0.14659468
-0.14520884
-0.14251541
-0.1354669
-0.13433619
-0.13213362
-0.054973355
-0.054385005
-0.053244717
-0.050892374
-0.050404895
-0.049457816
-0.046992216
-0.046595007
-0.045821512
