MFEM mesh v1.0

#
# MFEM Geometry Types (see mesh/geom.hpp):
#
# POINT       = 0
# SEGMENT     = 1
# TRIANGLE    = 2
# SQUARE      = 3
# TETRAHEDRON = 4
# CUBE        = 5
#

dimension
3

elements
7
1 5 8 9 1 2 23 24 14 15
1 5 9 3 0 1 24 11 6 14
1 5 22 10 11 24 25 12 13 26
1 5 24 11 6 14 26 13 7 16
1 5 2 1 21 20 15 14 28 27
1 5 1 0 4 21 14 6 17 28
1 5 21 4 5 19 28 17 18 29

boundary
28
1 3 2 1 9 8
1 3 1 0 3 9
1 3 20 21 1 2
1 3 21 4 0 1
1 3 19 5 4 21
37 3 8 9 24 23
37 3 9 3 11 24
37 3 24 11 10 22
37 3 2 8 23 15
37 3 23 24 14 15
37 3 3 0 6 11
37 3 22 10 12 25
37 3 24 22 25 26
37 3 10 11 13 12
37 3 25 12 13 26
37 3 14 24 26 16
37 3 11 6 7 13
37 3 6 14 16 7
37 3 26 13 7 16
37 3 0 4 17 6
37 3 4 5 18 17
37 3 20 2 15 27
37 3 21 20 27 28
37 3 15 14 28 27
37 3 14 6 17 28
37 3 19 21 28 29
37 3 5 19 29 18
37 3 28 17 18 29

vertices
30

nodes
FiniteElementSpace
FiniteElementCollection: H1_3D_P4
VDim: 3
Ordering: 0

0.57680281
0.30998466
-3.1225023e-17
0.59718411
0.67220951
0.70710678
0.50295308
0.42586599
-1.3010426e-18
0.35742227
0.14916884
0.46713824
0.13575486
0.34802459
0.26568513
2.9273459e-18
0.22229806
0.56955658
0.59296204
0.39717735
-4.7704896e-18
0.37298049
0.11530805
-1.1519648e-18
0.27788281
0.10703716
0.20621024
2.4733362e-19
0.30721416
0.3224644
0.066774181
0.18738835
0.30121566
0.32270389
0.34438715
0.35846631
0.25847359
0.15791786
0.054840668
-2.2551405e-17
-1.6046192e-17
-1.2153229e-17
0.054417567
0.14850358
0.23496041
0.2738931
0.28595144
0.28690326
0.22107841
0.13469044
0.046712443
3.0357661e-18
2.9951085e-18
2.9544509e-18
-4.4555654e-18
-2.3115529e-18
-1.3552527e-20
0.34338604
0.31706074
0.29123686
0.30222151
0.28764584
0.27323341
6.4987544e-18
-1.5043305e-18
8.3483567e-18
0.56883747
0.49871635
0.4101988
0.5956796
0.62291904
0.62215427
0.53530853
0.45101024
0.36016927
0.44334945
0.38719222
0.31840355
0.51409849
0.52333947
0.50061355
0.46520256
0.3895673
0.3094421
0.57428987
0.53129287
0.48903764
0.56417934
0.54012864
0.51586483
0.14398064
0.13334871
0.12175986
0.16802253
0.28210809
0.41575527
0.12713903
0.19385641
0.25872499
0.13115031
0.12198608
0.11231417
0.14620981
0.21332047
0.30505112
0.32848659
0.28530396
0.23507761
0.11253141
0.14653832
0.18875734
0.11380896
0.11105087
0.10839707
0.14679702
0.1423655
0.13801655
0.4455633
0.40570709
0.36745852
0.26475786
0.24063644
0.21772426
0.42849669
0.41952128
0.38206707
0.39291034
0.32760198
0.25928958
0.22600691
0.22809576
0.2183821
0.48994713
0.46498283
0.43952689
0.25816654
0.24396828
0.22979059
0.32278198
0.34512795
0.36435579
0.066774181
0.19175207
0.31218017
-8.6466182e-18
-1.5612511e-17
-9.5409791e-18
0.27436128
0.28920801
0.30169295
0.054417567
0.15665737
0.25626493
3.3944845e-18
9.0124306e-19
2.5986971e-18
0.36113607
0.33926012
0.31810788
-1.0713643e-19
2.6935648e-19
1.9176826e-18
0.59676332
0.63090058
0.65955636
0.6278812
0.53501952
0.4314642
0.51722285
0.54120647
0.5609475
0.5290318
0.44630397
0.3567853
0.65423035
0.6204664
0.5870631
0.68302929
0.69820254
0.70601727
0.66207707
0.56663459
0.45868172
0.39642918
0.39095644
0.38042078
0.57686803
0.58704574
0.59225409
0.55166695
0.4667491
0.37407891
0.31193974
0.31857997
0.32199842
0.68693686
0.64928027
0.61226315
0.38359477
0.35865241
0.33471103
0.057239495
0.16472272
0.2693007
0.061462548
0.17656051
0.28791467
0.065123692
0.18558472
0.30080151
0.064528421
0.18036776
0.28947417
0.060403686
0.16737483
0.26750875
0.056443593
0.15486836
0.24603456
0.34601169
0.33417732
0.31413582
0.32250558
0.31499451
0.2980725
0.29914583
0.29596043
0.28220432
0.25190266
0.15381944
0.053402739
0.23958446
0.14615377
0.05071693
0.22743128
0.13861715
0.048082222
-1.4094364e-17
-1.3228372e-17
-3.8151155e-18
-3.7811551e-18
-3.227619e-18
3.7438195e-19
-2.5478751e-18
2.6529072e-18
1.4502263e-18
0.05338174
0.14984694
0.24105289
0.051050476
0.1463297
0.2387534
0.048302401
0.13914404
0.22809618
0.37458348
0.46799784
0.55385926
0.3988824
0.49568327
0.58220527
0.41335705
0.50805375
0.58756728
0.39403983
0.47911655
0.54676537
0.36368665
0.44226127
0.50528512
0.33385431
0.40599502
0.4644944
0.60122433
0.60602081
0.58176625
0.56142018
0.5736689
0.55522726
0.52157922
0.54085079
0.52839935
0.52326022
0.44035467
0.35130764
0.50037921
0.42022652
0.33463927
0.47739415
0.40015365
0.31811504
0.3307124
0.40683053
0.47173705
0.33175087
0.41380999
0.48804173
0.31869271
0.40028108
0.47649925
0.293956
0.35222998
0.39757022
0.21478379
0.24822498
0.27279779
0.13564647
0.1501782
0.16246278
0.12005344
0.13131119
0.14170024
0.11690743
0.12753725
0.13745313
0.11387244
0.12387484
0.13330229
0.1639286
0.26874169
0.39511191
0.15655993
0.24515021
0.35766695
0.1496677
0.22375756
0.32257099
0.422519
0.36867256
0.30319986
0.3840552
0.33450529
0.27520271
0.34718923
0.30183278
0.24852438
0.24541192
0.18425015
0.12425746
0.22152322
0.1677501
0.11923549
0.19954078
0.15334878
0.1147265
0.11899318
0.13055504
0.14109502
0.16056377
0.18449365
0.20448174
0.2129586
0.2545423
0.28954314
0.47972782
0.50569068
0.49967654
0.44049534
0.47187862
0.47195633
0.40198368
0.43767456
0.44366831
0.45294879
0.37896897
0.30078941
0.42949842
0.3588003
0.28440836
0.40566944
0.3384476
0.26799171
0.2656107
0.27595196
0.27473796
0.24995238
0.25700296
0.25197522
0.23429063
0.23806447
0.22977935
0.2508724
0.30818873
0.35866594
0.26444535
0.33009288
0.39036356
0.26324321
0.33160035
0.39624531
0.065123692
0.18708359
0.30480318
0.061462548
0.17671588
0.28838346
0.057239495
0.16473627
0.26934696
0.31423628
0.3351712
0.35310887
0.29826695
0.31664844
0.33229368
0.28255611
0.29857444
0.31210249
0.30208053
0.1853869
0.064528421
0.2834601
0.17368096
0.060403686
0.26549629
0.16242373
0.056443593
3.3623899e-19
-6.2665094e-18
-1.5183906e-17
1.0142161e-18
5.2693258e-18
-4.6514821e-18
-3.0925173e-18
-2.473548e-18
1.3825662e-18
0.048302401
0.13923999
0.22840594
0.051050476
0.14707862
0.2409758
0.05338174
0.15371179
0.25157215
0.42174123
0.52366827
0.61549699
0.40002382
0.49820397
0.58759702
0.37469603
0.46827742
0.55454333
0.58309391
0.61534838
0.6423371
0.557134
0.58596837
0.60994316
0.53105553
0.55666429
0.57781726
0.61043912
0.51922515
0.41806085
0.57784569
0.48984085
0.39325467
0.54577003
0.4611663
0.36919142
0.31936883
0.40155924
0.47881484
0.33630947
0.42190504
0.50176514
0.35051435
0.43885292
0.52073476
0.45784149
0.56566212
0.6610298
0.45169272
0.55853883
0.65334976
0.43984281
0.54477698
0.63846807
0.66438917
0.67861861
0.68593969
0.62943547
0.64196898
0.64840441
0.59492525
0.60588457
0.61149958
0.6424645
0.54869826
0.44335776
0.60592205
0.51551365
0.41515227
0.57020646
0.48333479
0.38799889
0.38290171
0.37782943
0.36805159
0.35805614
0.35368804
0.34524687
0.33420229
0.33047204
0.32324632
0.36214759
0.45266108
0.53609026
0.36966792
0.46155508
0.54593447
0.37355141
0.46612666
0.55098061
0.062997464
0.17921859
0.29034696
0.059592557
0.17118961
0.27927971
0.055649738
0.16019146
0.26204296
0.059083241
0.16736413
0.27068077
0.056132298
0.1611908
0.26310583
0.052690427
0.15173851
0.24846264
0.055314214
0.15580711
0.25121945
0.052778473
0.15140876
0.24712659
0.049800122
0.1434527
0.23508547
0.39903221
0.49059594
0.56762535
0.38721558
0.48159932
0.56616001
0.36481077
0.45626068
0.54058883
0.37192504
0.45744483
0.52970039
0.3652244
0.45487997
0.53552828
0.34644766
0.43409198
0.51536683
0.34490408
0.42428354
0.49172742
0.3433109
0.42804401
0.5045463
0.32824952
0.41196587
0.48998548
0.13238334
0.14639046
0.15841083
0.20385263
0.23554576
0.25940645
0.27861175
0.33383997
0.37735415
0.12667119
0.1396947
0.15116558
0.18499534
0.21349163
0.23589853
0.25101091
0.30064912
0.34075392
0.12151398
0.13357407
0.14444554
0.16843504
0.19389674
0.21474138
0.22551234
0.26980947
0.30656035
0.31659008
0.38944074
0.45181782
0.32017686
0.39951045
0.47142106
0.3091506
0.38856871
0.46292647
0.29010927
0.35677315
0.41439185
0.29817678
0.37221077
0.43960334
0.29105743
0.36623609
0.43690605
0.26420841
0.32473156
0.37765571
0.27610135
0.34468015
0.40743381
0.27288609
0.34364826
0.41042529
0.055649738
0.16021232
0.26210449
0.059592557
0.17140402
0.27991905
0.062997464
0.18105309
0.29522195
0.052690427
0.15177667
0.24858602
0.056132298
0.16156396
0.2642053
0.059083241
0.16993766
0.27751954
0.049800122
0.14352417
0.23531526
0.052778473
0.15200844
0.2488937
0.055314214
0.15921767
0.2603948
0.36497058
0.45663618
0.54145395
0.38871693
0.48474889
0.5726224
0.40900023
0.508618
0.59884361
0.34674395
0.43472476
0.51668021
0.36763737
0.45959535
0.54443556
0.38537344
0.48055825
0.56763052
0.32876622
0.41298147
0.4919079
0.34701783
0.43483118
0.51646213
0.36238826
0.45310946
0.53683661
0.42585864
0.52833245
0.62036295
0.43687127
0.54116074
0.63430937
0.44257828
0.5477932
0.64148622
0.4000213
0.49780402
0.58656861
0.40955231
0.50896837
0.59878331
0.41447987
0.5147283
0.60506634
0.3750271
0.46804985
0.5533801
0.38320524
0.47769473
0.56400897
0.38742375
0.4826586
0.56946413
0.57735027
0.67227043
0.70710678
0.31000795
0.67227043
0.70710678
0.50518149
0.4330127
0.39717735
0.37298049
2.9273459e-18
0.26592163
5.0957502e-18
0.22368927
0.57019239
0.59335069
0.47240707
0.57019239
0.59335069
0.91774188
0.91774188
0.84957113
-6.7762636e-19
0.3224644
0.30722904
8.4432244e-18
0.24775119
0.73185567
0.68827279
0.73185567
0.39642918
0.39095644
0.38042078
0.6278812
0.53501952
0.4314642
0.68307557
0.69823377
0.70604267
0.66207707
0.56663459
0.45868172
0.32199842
0.31857997
0.31195018
0.52936069
0.44639856
0.35681328
0.57741475
0.58748697
0.59264872
0.55184515
0.4667897
0.37407891
0.38359477
0.35865241
0.33471103
0.36113607
0.33926012
0.31810788
0.65432542
0.62067735
0.58750416
0.68697873
0.64938746
0.6125172
0.32278198
0.34512795
0.36435579
0.53562341
0.45112133
0.36020918
0.59712124
0.63106638
0.65963981
0.27450123
0.28926139
0.30171525
0.46672901
0.39031051
0.30979848
0.51895855
0.54232058
0.56170451
0.30225771
0.2877255
0.27339838
0.56488866
0.54126588
0.5176431
1.0462551e-17
2.5682039e-18
5.1804535e-18
0.046712443
0.13473355
0.22122909
0.054417567
0.15665737
0.25627281
4.4452289e-18
4.8246997e-18
7.7246228e-18
0.03904111
0.11277388
0.18570841
0.22879749
0.23744835
0.24461567
0.043467228
0.12540839
0.20603062
7.3723498e-18
1.2384469e-17
8.9446679e-18
2.602297e-18
3.9166803e-18
-1.6805134e-18
0.25850013
0.24458109
0.23085435
0.2965368
0.2767634
0.25761269
0.39845788
0.33097257
0.26123552
0.44150297
0.45572427
0.46735889
0.43609876
0.3642077
0.28876571
0.49271987
0.46909709
0.44547431
0.55300856
0.52078024
0.48899717
0.70822101
0.77112957
0.82527783
0.91563372
0.90021342
0.87053063
0.74943575
0.8239692
0.88860063
0.59470673
0.6368947
0.67250374
0.73052242
0.72074224
0.70177661
0.62192553
0.67132121
0.71323188
0.82051496
0.76684993
0.71496025
0.88394836
0.82189162
0.76232533
0.59712124
0.63106638
0.65963981
0.70822101
0.77112957
0.82527783
0.51895855
0.54232058
0.56170451
0.59470673
0.6368947
0.67250374
0.65432542
0.62067735
0.58750416
0.68307557
0.69823377
0.70604267
0.74943575
0.8239692
0.88860063
0.91563372
0.90021342
0.87053063
0.57741475
0.58748697
0.59264872
0.62192553
0.67132121
0.71323188
0.70177661
0.72074224
0.73052242
0.68697873
0.64938746
0.6125172
0.88394836
0.82189162
0.76232533
0.6610298
0.65334976
0.63846807
0.56566212
0.55853883
0.54477698
0.45784149
0.45169272
0.43984281
0.38290171
0.37782943
0.36805159
0.35805614
0.35368804
0.34524687
0.33420229
0.33047204
0.32324632
0.41806085
0.51922515
0.61047448
0.39325467
0.48985902
0.57793621
0.36920602
0.46122132
0.54598479
0.66446322
0.67867041
0.68598265
0.62960702
0.64209671
0.64851389
0.59529774
0.60617749
0.61175802
0.6424645
0.54869826
0.44335776
0.6059608
0.51551365
0.41515227
0.57031435
0.48335598
0.38799889
0.37355141
0.36968063
0.36216784
0.46616835
0.46160566
0.45273421
0.55116224
0.54614326
0.53636295
0.61552794
0.58766974
0.55473086
0.52366827
0.49820397
0.46833285
0.42174123
0.40002382
0.37471292
0.35310887
0.3351712
0.31425168
0.33229368
0.31665882
0.29830605
0.31211416
0.29860564
0.282648
0.35136805
0.44051335
0.52368231
0.33476634
0.4205284
0.50109777
0.31836818
0.40070419
0.47858047
0.58357371
0.61558535
0.64246372
0.5579509
0.58641982
0.61021076
0.53240437
0.55748885
0.57835327
0.35055483
0.33639963
0.31958805
0.43897996
0.422147
0.40205775
0.52114291
0.50242182
0.47994278
0.2515843
0.24100674
0.22849233
0.15371483
0.14708688
0.13926427
0.05338174
0.051050476
0.048302401
5.4873047e-18
1.3850617e-17
-4.3373381e-19
2.7257653e-18
1.2183722e-17
4.8043709e-18
1.8010038e-17
1.2231156e-18
4.7975946e-18
0.045356276
0.13085675
0.21497499
0.042822107
0.12360635
0.20325928
0.040334793
0.11648226
0.1917231
0.26643124
0.28003783
0.29148121
0.25134031
0.26287626
0.27251983
0.23651425
0.24612485
0.25411168
0.24721777
0.1510053
0.052433323
0.23049878
0.14059278
0.048782057
0.21433924
0.13055732
0.045268158
0.042887532
0.041565734
0.03997644
0.12375551
0.11998457
0.11544658
0.20337802
0.19731955
0.19001621
0.30128386
0.37996074
0.45489614
0.28529244
0.36046079
0.43251607
0.26949349
0.34111577
0.41020232
0.50553381
0.52721639
0.54516274
0.48014297
0.49875865
0.51409544
0.45482738
0.470527
0.48340205
0.51289327
0.43176726
0.34461701
0.48209907
0.40454392
0.32202007
0.45184539
0.37797121
0.30008244
0.28518538
0.27699329
0.26709061
0.35990592
0.3500401
0.33807137
0.43125656
0.42011781
0.4065422
0.8866454
0.8723379
0.84476821
0.82234343
0.81043561
0.78743445
0.74817327
0.73891546
0.72097901
0.68816517
0.74720572
0.7978477
0.65067493
0.70272461
0.74708153
0.61386084
0.65934685
0.69786565
0.84004528
0.86766251
0.88199055
0.7838403
0.80779937
0.82019894
0.72961731
0.75023088
0.76087379
0.85683638
0.79654723
0.72674901
0.79837071
0.74581288
0.68452354
0.74208589
0.69664858
0.64328968
0.62109864
0.61502184
0.60318202
0.67027185
0.66256691
0.64758889
0.71198729
0.70285493
0.68513266
0.80266349
0.7521652
0.69333656
0.7521652
0.70963766
0.65977922
0.69333656
0.65977922
0.62011882
0.58357371
0.61558535
0.64246372
0.5579509
0.58641982
0.61021076
0.53240437
0.55748885
0.57835327
0.68816517
0.74720572
0.7978477
0.65067493
0.70272461
0.74708153
0.61386084
0.65934685
0.69786565
0.58476185
0.56211294
0.5349304
0.62437531
0.59597986
0.56211294
0.65774542
0.62437531
0.58476185
0.8866454
0.82234343
0.74817327
0.8723379
0.81043561
0.73891546
0.84476821
0.78743445
0.72097901
0.66446322
0.67867041
0.68598265
0.62960702
0.64209671
0.64851389
0.59529774
0.60617749
0.61175802
0.72674901
0.79654723
0.85683638
0.68452354
0.74581288
0.79837071
0.64328968
0.69664858
0.74208589
0.88199055
0.86766251
0.84004528
0.82019894
0.80779937
0.7838403
0.76087379
0.75023088
0.72961731
0.68513266
0.64758889
0.60318202
0.70285493
0.66256691
0.61502184
0.71198729
0.67027185
0.62109864
0.44257828
0.43687127
0.42585864
0.5477932
0.54116074
0.52833245
0.64148622
0.63430937
0.6203888
0.41447987
0.40955231
0.4000213
0.5147283
0.50896837
0.49780402
0.60510614
0.59883161
0.58663853
0.38742375
0.38320524
0.3750271
0.48268043
0.4777219
0.46809103
0.56957436
0.56413793
0.55355416
0.40900023
0.38871693
0.36499811
0.508618
0.48477477
0.45672011
0.59889421
0.57273258
0.54171615
0.38537344
0.36765691
0.34680988
0.48058561
0.45966172
0.43490161
0.56775224
0.544668
0.51716093
0.36241041
0.34707236
0.32891357
0.45318612
0.43498899
0.41333483
0.53711009
0.51692722
0.49275648
0.051486356
0.049350069
0.04682288
0.14831336
0.14223591
0.13503806
0.2429229
0.23321203
0.22168459
0.047991438
0.046200108
0.044067015
0.1383425
0.13324053
0.12715888
0.22689992
0.21872942
0.20897014
0.044619209
0.043142689
0.041373201
0.12870808
0.1244981
0.11944814
0.21137498
0.20461849
0.1964992
0.33887239
0.32585251
0.31034083
0.42494101
0.40942271
0.3908489
0.50530977
0.48800416
0.46717045
0.31718848
0.30619588
0.29302279
0.39877664
0.38561928
0.36978595
0.47565774
0.46091144
0.44307148
0.29608868
0.28696825
0.27597604
0.3731833
0.36222233
0.3489618
0.44647023
0.43412588
0.41911909
0.72556884
0.71691136
0.70012126
0.79503163
0.78392583
0.76244938
0.85501838
0.84170847
0.81602832
0.68349104
0.67591135
0.66118413
0.74449347
0.73481732
0.71606589
0.79679546
0.78525217
0.7629281
0.64239441
0.63581745
0.62301523
0.6955098
0.68715175
0.67092134
0.74073227
0.73080435
0.71156067
0.67420215
0.64266612
0.60529423
0.72945518
0.68956937
0.64266612
0.77672593
0.72945518
0.67420215
0.63837835
0.61051328
0.57732426
0.6871559
0.652041
0.61051328
0.72862758
0.6871559
0.63837835
0.60312952
0.57873139
0.54952602
0.6458116
0.61517064
0.57873139
0.68188046
0.6458116
0.60312952
0.81602832
0.76244938
0.70012126
0.84170847
0.78392583
0.71691136
0.85501838
0.79503163
0.72556884
0.7629281
0.71606589
0.66118413
0.78525217
0.73481732
0.67591135
0.79679546
0.74449347
0.68349104
0.71156067
0.67092134
0.62301523
0.73080435
0.68715175
0.63581745
0.74073227
0.6955098
0.64239441
-0.57735027
-0.67227043
-0.70710678
-0.67227043
-0.31000795
-3.1225023e-17
-0.50518149
-0.4330127
-0.91774188
-0.84957113
-0.59335069
-0.57019239
-0.48603889
-0.47240707
-0.57019239
-0.59335069
-0.47240707
-0.26592163
2.9273459e-18
-2.4286129e-17
-0.39717735
-0.37298049
-0.73185567
-0.73185567
-0.68827279
-0.56723152
-0.54236453
-0.3224644
-0.30722904
-6.7762636e-19
-0.91563372
-0.90021342
-0.87053063
-0.70822101
-0.77112957
-0.82527783
-0.68307557
-0.69823377
-0.70604267
-0.74943575
-0.8239692
-0.88860063
-0.73052242
-0.72074224
-0.70177661
-0.59470673
-0.6368947
-0.67250374
-0.57741475
-0.58748697
-0.59264872
-0.62192553
-0.67132121
-0.71323188
-0.88394836
-0.82189162
-0.76232533
-0.82051496
-0.76684993
-0.71496025
-0.65432542
-0.62067735
-0.58750416
-0.68697873
-0.64938746
-0.6125172
-0.70822101
-0.77112957
-0.82527783
-0.59712124
-0.63106638
-0.65963981
-0.59712124
-0.63106638
-0.65963981
-0.59470673
-0.6368947
-0.67250374
-0.51895855
-0.54232058
-0.56170451
-0.51895855
-0.54232058
-0.56170451
-0.65432542
-0.62067735
-0.58750416
-0.56488866
-0.54126588
-0.5176431
-0.62192553
-0.67132121
-0.71323188
-0.59264872
-0.58748697
-0.57741475
-0.73052242
-0.72074224
-0.70177661
-0.50319416
-0.53234703
-0.55659596
-0.4856287
-0.48260673
-0.47668054
-0.48725134
-0.51239955
-0.5332435
-0.56647815
-0.56093773
-0.55012271
-0.70201769
-0.64712055
-0.59429927
-0.57437618
-0.53892397
-0.50413239
-0.55300856
-0.52078024
-0.48899717
-0.66204309
-0.61353593
-0.56655631
-0.44150297
-0.45572427
-0.46735889
-0.44150297
-0.45572427
-0.46735889
-0.48725134
-0.51239955
-0.5332435
-0.49271987
-0.46909709
-0.44547431
-0.55300856
-0.52078024
-0.48899717
-0.6278812
-0.53501952
-0.4314642
-0.39642918
-0.39095644
-0.38042078
-0.66207707
-0.56663459
-0.45868172
-0.52936069
-0.44639856
-0.35681328
-0.32199842
-0.31857997
-0.31195018
-0.55184515
-0.4667897
-0.37407891
-0.36113607
-0.33926012
-0.31810788
-0.38359477
-0.35865241
-0.33471103
-0.53562341
-0.45112133
-0.36020918
-0.32278198
-0.34512795
-0.36435579
-0.46672901
-0.39031051
-0.30979848
-0.27450123
-0.28926139
-0.30171525
-0.30225771
-0.2877255
-0.27339838
-0.25848698
-0.15792154
-0.054840668
-1.0408341e-17
8.2399365e-18
-1.7018586e-17
-0.066774181
-0.19175207
-0.31218017
-0.22122909
-0.13473355
-0.046712443
1.0462551e-17
2.5682039e-18
5.1804535e-18
-0.25627281
-0.15665737
-0.054417567
6.4987544e-18
-1.5043305e-18
8.3483567e-18
-4.9310949e-18
1.1402758e-17
-3.3813555e-18
-0.74817327
-0.73891546
-0.72097901
-0.82234343
-0.81043561
-0.78743445
-0.8866454
-0.8723379
-0.84476821
-0.88199055
-0.86766251
-0.84004528
-0.82019894
-0.80779937
-0.7838403
-0.76087379
-0.75023088
-0.72961731
-0.7978477
-0.74720572
-0.68816517
-0.74708153
-0.70272461
-0.65067493
-0.69786565
-0.65934685
-0.61386084
-0.66446322
-0.67867041
-0.68598265
-0.62960702
-0.64209671
-0.64851389
-0.59529774
-0.60617749
-0.61175802
-0.72674901
-0.79654723
-0.85683638
-0.68452354
-0.74581288
-0.79837071
-0.64328968
-0.69664858
-0.74208589
-0.71198729
-0.70285493
-0.68513266
-0.67027185
-0.66256691
-0.64758889
-0.62109864
-0.61502184
-0.60318202
-0.69333656
-0.65977922
-0.62011882
-0.7521652
-0.70963766
-0.65977922
-0.80266349
-0.7521652
-0.69333656
-0.7978477
-0.74720572
-0.68816517
-0.74708153
-0.70272461
-0.65067493
-0.69786565
-0.65934685
-0.61386084
-0.64246372
-0.61558535
-0.58357371
-0.61021076
-0.58641982
-0.5579509
-0.57835327
-0.55748885
-0.53240437
-0.58357371
-0.61558535
-0.64246372
-0.5579509
-0.58641982
-0.61021076
-0.53240437
-0.55748885
-0.57835327
-0.65774542
-0.62437531
-0.58476185
-0.62437531
-0.59597986
-0.56211294
-0.58476185
-0.56211294
-0.5349304
-0.68513266
-0.64758889
-0.60318202
-0.70285493
-0.66256691
-0.61502184
-0.71198729
-0.67027185
-0.62109864
-0.68493468
-0.64640067
-0.6008228
-0.63276506
-0.60024236
-0.56152014
-0.58243653
-0.555448
-0.5231085
-0.57372932
-0.56897123
-0.55967856
-0.53837604
-0.53434305
-0.52645361
-0.5036764
-0.50031807
-0.49373779
-0.57573314
-0.61473255
-0.64754393
-0.5402524
-0.57349714
-0.60129899
-0.50539442
-0.53324724
-0.55640335
-0.67444436
-0.69183807
-0.70079696
-0.62397882
-0.63858938
-0.64609826
-0.57520191
-0.5872689
-0.59345743
-0.55588899
-0.53174422
-0.50271358
-0.5506888
-0.52730812
-0.49917463
-0.54053292
-0.518634
-0.492243
-0.54516274
-0.52721639
-0.50553381
-0.51409544
-0.49875865
-0.48014297
-0.48340205
-0.470527
-0.45482738
-0.50553381
-0.52721639
-0.54516274
-0.48014297
-0.49875865
-0.51409544
-0.45482738
-0.470527
-0.48340205
-0.57573314
-0.61473255
-0.64754393
-0.5402524
-0.57349714
-0.60129899
-0.50539442
-0.53324724
-0.55640335
-0.52466922
-0.50505703
-0.48136214
-0.50505703
-0.48822494
-0.46781941
-0.48136214
-0.46781941
-0.45132243
-0.45784149
-0.45169272
-0.43984281
-0.56566212
-0.55853883
-0.54477698
-0.6610298
-0.65334976
-0.63846807
-0.61047448
-0.51922515
-0.41806085
-0.57793621
-0.48985902
-0.39325467
-0.54598479
-0.46122132
-0.36920602
-0.36805159
-0.37782943
-0.38290171
-0.34524687
-0.35368804
-0.35805614
-0.32324632
-0.33047204
-0.33420229
-0.44335776
-0.54869826
-0.6424645
-0.41515227
-0.51551365
-0.6059608
-0.38799889
-0.48335598
-0.57031435
-0.55116224
-0.54614326
-0.53636295
-0.46616835
-0.46160566
-0.45273421
-0.37355141
-0.36968063
-0.36216784
-0.42174123
-0.40002382
-0.37471292
-0.52366827
-0.49820397
-0.46833285
-0.61552794
-0.58766974
-0.55473086
-0.52368231
-0.44051335
-0.35136805
-0.50109777
-0.4205284
-0.33476634
-0.47858047
-0.40070419
-0.31836818
-0.31425168
-0.3351712
-0.35310887
-0.29830605
-0.31665882
-0.33229368
-0.282648
-0.29860564
-0.31211416
-0.52114291
-0.50242182
-0.47994278
-0.43897996
-0.422147
-0.40205775
-0.35055483
-0.33639963
-0.31958805
-0.065123692
-0.061462548
-0.057239495
-0.18708359
-0.17671588
-0.16473627
-0.30480318
-0.28838346
-0.26934696
-0.25192393
-0.1538254
-0.053402739
-0.23963301
-0.14616765
-0.05071693
-0.22753495
-0.13864694
-0.048082222
-4.3463378e-20
-1.2389445e-18
-7.2220634e-18
-1.0672615e-18
8.8938459e-18
1.2586188e-17
2.8189256e-18
1.0594688e-17
8.2790588e-18
-0.064528421
-0.1853869
-0.30208053
-0.060403686
-0.17368096
-0.2834601
-0.056443593
-0.16242373
-0.26549629
-0.2515843
-0.24100674
-0.22849233
-0.15371483
-0.14708688
-0.13926427
-0.05338174
-0.051050476
-0.048302401
-0.85501838
-0.84170847
-0.81602832
-0.79503163
-0.78392583
-0.76244938
-0.72556884
-0.71691136
-0.70012126
-0.79679546
-0.78525217
-0.7629281
-0.74449347
-0.73481732
-0.71606589
-0.68349104
-0.67591135
-0.66118413
-0.74073227
-0.73080435
-0.71156067
-0.6955098
-0.68715175
-0.67092134
-0.64239441
-0.63581745
-0.62301523
-0.77672593
-0.72945518
-0.67420215
-0.72945518
-0.68956937
-0.64266612
-0.67420215
-0.64266612
-0.60529423
-0.72862758
-0.6871559
-0.63837835
-0.6871559
-0.652041
-0.61051328
-0.63837835
-0.61051328
-0.57732426
-0.68188046
-0.6458116
-0.60312952
-0.6458116
-0.61517064
-0.57873139
-0.60312952
-0.57873139
-0.54952602
-0.683794
-0.64543687
-0.60006164
-0.67542038
-0.63835733
-0.59446589
-0.6591519
-0.62458064
-0.5835531
-0.6318081
-0.59943071
-0.56087659
-0.62477749
-0.59346429
-0.55614224
-0.61108928
-0.5818312
-0.54689324
-0.58164718
-0.55477613
-0.52257383
-0.57584339
-0.54983367
-0.51863789
-0.56452061
-0.54017886
-0.51093552
-0.63396282
-0.60319131
-0.56654839
-0.60319131
-0.57696496
-0.54559501
-0.56654839
-0.54559501
-0.52038189
-0.58981969
-0.56371075
-0.53243852
-0.56371075
-0.54139366
-0.51455559
-0.53243852
-0.51455559
-0.49293162
-0.54686566
-0.52509184
-0.49886301
-0.52509184
-0.50642978
-0.48386809
-0.49886301
-0.48386809
-0.46564831
-0.64148622
-0.63430937
-0.6203888
-0.5477932
-0.54116074
-0.52833245
-0.44257828
-0.43687127
-0.42585864
-0.60510614
-0.59883161
-0.58663853
-0.5147283
-0.50896837
-0.49780402
-0.41447987
-0.40955231
-0.4000213
-0.56957436
-0.56413793
-0.55355416
-0.48268043
-0.4777219
-0.46809103
-0.38742375
-0.38320524
-0.3750271
-0.59889421
-0.57273258
-0.54171615
-0.508618
-0.48477477
-0.45672011
-0.40900023
-0.38871693
-0.36499811
-0.56775224
-0.544668
-0.51716093
-0.48058561
-0.45966172
-0.43490161
-0.38537344
-0.36765691
-0.34680988
-0.53711009
-0.51692722
-0.49275648
-0.45318612
-0.43498899
-0.41333483
-0.36241041
-0.34707236
-0.32891357
-0.29522195
-0.27991905
-0.26211302
-0.18105309
-0.17140402
-0.16021232
-0.062997464
-0.059592557
-0.055649738
-0.27751954
-0.2642053
-0.24860876
-0.16993766
-0.16156396
-0.15178289
-0.059083241
-0.056132298
-0.052690427
-0.2603948
-0.24891128
-0.23537093
-0.15921767
-0.15201303
-0.14353976
-0.055314214
-0.052778473
-0.049800122
