MFEM mesh v1.0

#
# MFEM Geometry Types (see mesh/geom.hpp):
#
# POINT       = 0
# SEGMENT     = 1
# TRIANGLE    = 2
# SQUARE      = 3
# TETRAHEDRON = 4
# CUBE        = 5
#

dimension
3

elements
6
1 5 3 4 17 16 1 2 7 6
1 5 15 16 19 18 5 6 9 8
1 5 16 17 20 19 6 7 10 9
1 5 18 19 22 21 8 9 12 11
1 5 0 14 13 1 5 23 24 6
1 5 5 23 24 6 8 25 26 9

boundary
26
1 3 3 4 2 1
1 3 1 13 14 0
32 3 16 17 4 3
32 3 18 19 16 15
32 3 19 20 17 16
32 3 21 22 19 18
32 3 16 3 1 6
32 3 15 16 6 5
32 3 1 0 5 6
32 3 4 17 7 2
32 3 1 2 7 6
32 3 18 15 5 8
32 3 17 20 10 7
32 3 20 19 9 10
32 3 6 7 10 9
32 3 21 18 8 11
32 3 19 22 12 9
32 3 22 21 11 12
32 3 8 9 12 11
32 3 0 14 23 5
32 3 14 13 24 23
32 3 13 1 6 24
32 3 5 23 25 8
32 3 23 24 26 25
32 3 24 6 9 26
32 3 8 25 26 9

vertices
27

nodes
FiniteElementSpace
FiniteElementCollection: H1_3D_P4
VDim: 3
Ordering: 0

-0.31000795
-3.1225023e-17
0.30998466
-1.3010426e-18
0.37298049
-0.26592163
2.9273459e-18
0.26568513
-0.22368927
5.0957502e-18
0.22229806
-0.18319635
-1.3010426e-18
-7.1557343e-18
-0.37298049
-0.30722904
5.9089018e-18
0.30721416
-0.24775119
-1.0842022e-19
0.2473562
-0.19368993
-3.008661e-18
-0.30722904
6.0986372e-18
-0.24775119
-7.3251409e-18
0.066774181
0.19175207
0.31218017
0.36113607
0.33926012
0.31810788
0.054417567
0.15665737
0.25626493
-5.6073316e-18
2.3877859e-18
1.2048197e-17
0.054840668
0.15791786
0.25847359
0.30222151
0.28764584
0.27323341
0.046712443
0.13469044
0.22107841
6.4987544e-18
-1.5043305e-18
8.3483567e-18
-2.2551405e-17
-1.6046192e-17
-1.2153229e-17
0.32278198
0.34512795
0.36435579
0.27436128
0.28920801
0.30169295
4.8789098e-19
9.3512437e-19
4.5536491e-18
-0.25627281
-0.15665737
-0.054417567
3.8759963e-18
8.8379418e-18
4.4587814e-18
-0.20603062
-0.12540839
-0.043467228
-0.2965368
-0.2767634
-0.25761269
-0.22122909
-0.13473355
-0.046712443
2.602297e-18
3.9166803e-18
-1.6805134e-18
-0.18570841
-0.11277388
-0.03904111
-0.25850013
-0.24458109
-0.23085435
-0.27450123
-0.28926139
-0.30171525
9.2157185e-19
3.5710909e-18
2.4158438e-18
-0.22879749
-0.23744835
-0.24461567
0.29650803
0.27667355
0.25736765
0.043467228
0.12534416
0.20578306
0.25816654
0.24396828
0.22979059
0.03904111
0.11254934
0.18477872
0.22771245
0.2367524
0.24414435
2.5479545e-18
-8.6227954e-19
-2.6698478e-18
-0.16063405
-0.097405832
-0.033696021
-0.23805083
-0.22009081
-0.20267041
-4.3389263e-19
-1.3552527e-20
3.5778672e-18
-0.15180621
-0.091947467
-0.031789198
-0.21657604
-0.20323217
-0.19006884
2.0599841e-18
-7.5894152e-19
5.4210109e-20
-0.1854698
-0.18926312
-0.19235298
-0.32278198
-0.34512795
-0.36435579
-0.066774181
-0.19175207
-0.31218017
-8.8271421e-19
2.4123498e-18
1.0516761e-17
-0.25848698
-0.15792154
-0.054840668
-0.27450123
-0.28926139
-0.30171525
-0.25627281
-0.15665737
-0.054417567
2.4821639e-18
3.1539272e-18
5.3600245e-18
-0.30225771
-0.2877255
-0.27339838
-0.36113607
-0.33926012
-0.31810788
-3.367942e-18
-1.6644197e-18
5.1533485e-18
-0.22879749
-0.23744835
-0.24461567
-0.20603062
-0.12540839
-0.043467228
-5.6670475e-18
-5.1067616e-18
4.9009326e-18
-0.2965368
-0.2767634
-0.25761269
-9.0196204e-18
-5.91229e-19
-1.8465318e-19
0.056443593
0.16242373
0.26549629
0.060403686
0.17368096
0.2834601
0.064528421
0.1853869
0.30208053
0.065123692
0.18708359
0.30480318
0.061462548
0.17671588
0.28838346
0.057239495
0.16473627
0.26934696
0.35310887
0.33229368
0.31210249
0.3351712
0.31664844
0.29857444
0.31423628
0.29826695
0.28255611
0.25157215
0.15371179
0.05338174
0.2409758
0.14707862
0.051050476
0.22840594
0.13923999
0.048302401
9.1251918e-18
-4.946454e-18
-1.3451525e-17
-5.9631119e-19
-4.3215621e-18
-1.1385387e-17
-1.9244589e-18
-2.0599841e-18
-1.3118687e-17
0.053402739
0.15381944
0.25190266
0.05071693
0.14615377
0.23958446
0.048082222
0.13861715
0.22743128
-0.21433924
-0.13055732
-0.045268158
-0.23049878
-0.14059278
-0.048782057
-0.24721777
-0.1510053
-0.052433323
-0.2515843
-0.15371483
-0.05338174
-0.24100674
-0.14708688
-0.051050476
-0.22849233
-0.13926427
-0.048302401
4.3946185e-18
7.6910658e-18
8.0467601e-18
6.5865216e-18
2.9002408e-18
3.6828993e-18
3.6863403e-18
-1.2976545e-18
4.3368087e-18
-0.042887532
-0.12375551
-0.20337802
-0.041565734
-0.11998457
-0.19731955
-0.03997644
-0.11544658
-0.19001621
-0.25411168
-0.27251983
-0.29148121
-0.24612485
-0.26287626
-0.28003783
-0.23651425
-0.25134031
-0.26643124
-0.21497499
-0.13085675
-0.045356276
-0.20325928
-0.12360635
-0.042822107
-0.1917231
-0.11648226
-0.040334793
0.045268158
0.13051768
0.21418874
0.048782057
0.140579
0.2304462
0.052433323
0.15100133
0.24720195
0.29144016
0.27240154
0.25381015
0.27994908
0.26266069
0.24564909
0.26622236
0.25091767
0.23571657
0.20307959
0.1236782
0.042887532
0.1968694
0.11986928
0.041565734
0.18929894
0.11526837
0.03997644
0.045356276
0.13079583
0.21475986
0.042822107
0.12349657
0.20285666
0.040334793
0.11630201
0.19101526
-0.16815746
-0.10203144
-0.035307387
-0.18277153
-0.11103377
-0.038446466
-0.19786612
-0.12035597
-0.041701345
3.849341e-18
-2.1771394e-19
-2.3581397e-18
-2.7118289e-20
1.1655173e-18
7.6571778e-19
1.7347235e-18
2.3039296e-19
2.1141942e-18
-0.033452217
-0.09670848
-0.15950801
-0.032889719
-0.095098959
-0.15690705
-0.032200999
-0.093127102
-0.15371676
-0.20105879
-0.21791895
-0.23526359
-0.19734097
-0.2129265
-0.22887988
-0.19278971
-0.20684838
-0.22115153
-0.17974195
-0.10909928
-0.037759923
-0.16856199
-0.10222457
-0.035364906
-0.15754944
-0.095466518
-0.033012953
-0.057239495
-0.061462548
-0.065123692
-0.16473627
-0.17671588
-0.18708359
-0.26934696
-0.28838346
-0.30480318
-0.31425168
-0.3351712
-0.35310887
-0.29830605
-0.31665882
-0.33229368
-0.282648
-0.29860564
-0.31211416
-0.30208053
-0.1853869
-0.064528421
-0.2834601
-0.17368096
-0.060403686
-0.26549629
-0.16242373
-0.056443593
6.5455116e-18
-7.2532753e-18
-1.5026537e-17
-2.1101708e-18
1.4228949e-17
4.9986454e-18
7.3429286e-18
7.8216081e-18
5.3311377e-18
-0.053402739
-0.1538254
-0.25192393
-0.05071693
-0.14616765
-0.23963301
-0.048082222
-0.13864694
-0.22753495
-0.22849233
-0.24100674
-0.2515843
-0.13926427
-0.14708688
-0.15371483
-0.048302401
-0.051050476
-0.05338174
-0.26643124
-0.28003783
-0.29148121
-0.25134031
-0.26287626
-0.27251983
-0.23651425
-0.24612485
-0.25411168
-0.24721777
-0.1510053
-0.052433323
-0.23049878
-0.14059278
-0.048782057
-0.21433924
-0.13055732
-0.045268158
6.4479457e-18
1.0566667e-17
1.3722545e-17
-3.0250723e-18
4.5672811e-18
7.1343463e-18
1.8931186e-18
5.3470014e-18
1.0066676e-17
-0.19001621
-0.19731955
-0.20337802
-0.11544658
-0.11998457
-0.12375551
-0.03997644
-0.041565734
-0.042887532
0.062997464
0.18105309
0.29522195
0.059083241
0.16993766
0.27751954
0.055314214
0.15921767
0.2603948
0.059592557
0.17140402
0.27991905
0.056132298
0.16156396
0.2642053
0.052778473
0.15200844
0.2488937
0.055649738
0.16021232
0.26210449
0.052690427
0.15177667
0.24858602
0.049800122
0.14352417
0.23531526
-0.2429229
-0.14831336
-0.051486356
-0.22689992
-0.1383425
-0.047991438
-0.21137498
-0.12870808
-0.044619209
-0.23321203
-0.14223591
-0.049350069
-0.21872942
-0.13324053
-0.046200108
-0.20461849
-0.1244981
-0.043142689
-0.22168459
-0.13503806
-0.04682288
-0.20897014
-0.12715888
-0.044067015
-0.1964992
-0.11944814
-0.041373201
0.051486356
0.14830739
0.24289975
0.047991438
0.13832377
0.22682941
0.044619209
0.12865851
0.21118741
0.049350069
0.14222163
0.23315925
0.046200108
0.13320424
0.21859592
0.043142689
0.12441779
0.2043146
0.04682288
0.13500128
0.22155349
0.044067015
0.12708423
0.20869791
0.041373201
0.11931209
0.1959756
-0.19551008
-0.11888954
-0.041187341
-0.18093839
-0.10989516
-0.038047789
-0.1667991
-0.10118939
-0.035012842
-0.19011809
-0.11553701
-0.040012847
-0.17672741
-0.10728203
-0.037133242
-0.16366742
-0.099249616
-0.034334602
-0.18359808
-0.11148964
-0.038596074
-0.17160611
-0.10410854
-0.036023374
-0.1598373
-0.096880245
-0.033506675
-0.26211302
-0.27991905
-0.29522195
-0.16021232
-0.17140402
-0.18105309
-0.055649738
-0.059592557
-0.062997464
-0.24860876
-0.2642053
-0.27751954
-0.15178289
-0.16156396
-0.16993766
-0.052690427
-0.056132298
-0.059083241
-0.23537093
-0.24891128
-0.2603948
-0.14353976
-0.15201303
-0.15921767
-0.049800122
-0.052778473
-0.055314214
-0.22168459
-0.23321203
-0.2429229
-0.13503806
-0.14223591
-0.14831336
-0.04682288
-0.049350069
-0.051486356
-0.20897014
-0.21872942
-0.22689992
-0.12715888
-0.13324053
-0.1383425
-0.044067015
-0.046200108
-0.047991438
-0.1964992
-0.20461849
-0.21137498
-0.11944814
-0.1244981
-0.12870808
-0.041373201
-0.043142689
-0.044619209
-0.67227043
-0.70710678
-0.67227043
-0.91774188
-0.84957113
-0.57019239
-0.59335069
-0.57019239
-0.47240707
-0.48603889
-0.47240707
-0.37864925
-0.38463884
-0.39717735
-0.37298049
-0.68827279
-0.73185567
-0.68827279
-0.54236453
-0.56723152
-0.54236453
-0.40974402
-0.42041877
-0.30722904
-0.3224644
-0.24775119
-0.25629728
-0.91563372
-0.90021342
-0.87053063
-0.82051496
-0.76684993
-0.71496025
-0.73052242
-0.72074224
-0.70177661
-0.88394836
-0.82189162
-0.76232533
-0.70604267
-0.69823377
-0.68307557
-0.65432542
-0.62067735
-0.58750416
-0.59264872
-0.58748697
-0.57741475
-0.68697873
-0.64938746
-0.6125172
-0.74943575
-0.8239692
-0.88860063
-0.70822101
-0.77112957
-0.82527783
-0.59470673
-0.6368947
-0.67250374
-0.62192553
-0.67132121
-0.71323188
-0.70177661
-0.72074224
-0.73052242
-0.70201769
-0.64712055
-0.59429927
-0.55012271
-0.56093773
-0.56647815
-0.66204309
-0.61353593
-0.56655631
-0.57741475
-0.58748697
-0.59264872
-0.57437618
-0.53892397
-0.50413239
-0.47668054
-0.48260673
-0.4856287
-0.55300856
-0.52078024
-0.48899717
-0.59470673
-0.6368947
-0.67250374
-0.50319416
-0.53234703
-0.55659596
-0.48725134
-0.51239955
-0.5332435
-0.66204309
-0.61353593
-0.56655631
-0.56647815
-0.56093773
-0.55012271
-0.55300856
-0.52078024
-0.48899717
-0.4856287
-0.48260673
-0.47668054
-0.48725134
-0.51239955
-0.5332435
-0.54069314
-0.49178441
-0.4446241
-0.41309509
-0.41773515
-0.42009818
-0.51856807
-0.4745094
-0.4317745
-0.46812151
-0.43463085
-0.40174699
-0.38053624
-0.38313893
-0.38445987
-0.455937
-0.42504043
-0.39456189
-0.39236521
-0.40528814
-0.4158435
-0.38538234
-0.39662121
-0.40577998
-0.6278812
-0.53501952
-0.4314642
-0.39642918
-0.39095644
-0.38042078
-0.66207707
-0.56663459
-0.45868172
-0.68307557
-0.69823377
-0.70604267
-0.52936069
-0.44639856
-0.35681328
-0.31195018
-0.31857997
-0.32199842
-0.55184515
-0.4667897
-0.37407891
-0.65432542
-0.62067735
-0.58750416
-0.36113607
-0.33926012
-0.31810788
-0.38359477
-0.35865241
-0.33471103
-0.43609876
-0.3642077
-0.28876571
-0.25041783
-0.25413461
-0.25603842
-0.4492025
-0.37588867
-0.29851333
-0.2965368
-0.2767634
-0.25761269
-0.31047167
-0.28840695
-0.26717658
-0.76087379
-0.75023088
-0.72961731
-0.82019894
-0.80779937
-0.7838403
-0.88199055
-0.86766251
-0.84004528
-0.8866454
-0.8723379
-0.84476821
-0.82234343
-0.81043561
-0.78743445
-0.74817327
-0.73891546
-0.72097901
-0.7978477
-0.74708153
-0.69786565
-0.74720572
-0.70272461
-0.65934685
-0.68816517
-0.65067493
-0.61386084
-0.68513266
-0.70285493
-0.71198729
-0.64758889
-0.66256691
-0.67027185
-0.60318202
-0.61502184
-0.62109864
-0.74208589
-0.79837071
-0.85683638
-0.69664858
-0.74581288
-0.79654723
-0.64328968
-0.68452354
-0.72674901
-0.68598265
-0.67867041
-0.66446322
-0.64851389
-0.64209671
-0.62960702
-0.61175802
-0.60617749
-0.59529774
-0.57520191
-0.5872689
-0.59345743
-0.62397882
-0.63858938
-0.64609826
-0.67444436
-0.69183807
-0.70079696
-0.68513266
-0.70285493
-0.71198729
-0.64758889
-0.66256691
-0.67027185
-0.60318202
-0.61502184
-0.62109864
-0.68493468
-0.63276506
-0.58243653
-0.64640067
-0.60024236
-0.555448
-0.6008228
-0.56152014
-0.5231085
-0.55588899
-0.5506888
-0.54053292
-0.53174422
-0.52730812
-0.518634
-0.50271358
-0.49917463
-0.492243
-0.55640335
-0.60129899
-0.64754393
-0.53324724
-0.57349714
-0.61473255
-0.50539442
-0.5402524
-0.57573314
-0.55967856
-0.56897123
-0.57372932
-0.52645361
-0.53434305
-0.53837604
-0.49373779
-0.50031807
-0.5036764
-0.59345743
-0.5872689
-0.57520191
-0.64609826
-0.63858938
-0.62397882
-0.70079696
-0.69183807
-0.67444436
-0.64754393
-0.60129899
-0.55640335
-0.61473255
-0.57349714
-0.53324724
-0.57573314
-0.5402524
-0.50539442
-0.54053292
-0.5506888
-0.55588899
-0.518634
-0.52730812
-0.53174422
-0.492243
-0.49917463
-0.50271358
-0.57372932
-0.56897123
-0.55967856
-0.53837604
-0.53434305
-0.52645361
-0.5036764
-0.50031807
-0.49373779
-0.43580418
-0.44139012
-0.44423764
-0.47991613
-0.48742721
-0.49126339
-0.52547852
-0.53510011
-0.5400239
-0.53122766
-0.48438922
-0.43911919
-0.50960064
-0.46742605
-0.42644387
-0.48351517
-0.44684203
-0.41097246
-0.41554142
-0.41331449
-0.40894024
-0.4050283
-0.40311217
-0.39934527
-0.39215625
-0.3906146
-0.38758001
-0.42701259
-0.46813286
-0.51043472
-0.41603046
-0.45347902
-0.49181143
-0.40259239
-0.43564612
-0.4692747
-0.45976008
-0.46505666
-0.46775532
-0.42805449
-0.4322228
-0.43434329
-0.39682364
-0.39994606
-0.40153204
-0.6610298
-0.56566212
-0.45784149
-0.65334976
-0.55853883
-0.45169272
-0.63846807
-0.54477698
-0.43984281
-0.61047448
-0.51922515
-0.41806085
-0.57793621
-0.48985902
-0.39325467
-0.54598479
-0.46122132
-0.36920602
-0.36805159
-0.37782943
-0.38290171
-0.34524687
-0.35368804
-0.35805614
-0.32324632
-0.33047204
-0.33420229
-0.44335776
-0.54869826
-0.6424645
-0.41515227
-0.51551365
-0.6059608
-0.38799889
-0.48335598
-0.57031435
-0.68598265
-0.67867041
-0.66446322
-0.64851389
-0.64209671
-0.62960702
-0.61175802
-0.60617749
-0.59529774
-0.53636295
-0.45273421
-0.36216784
-0.54614326
-0.46160566
-0.36968063
-0.55116224
-0.46616835
-0.37355141
-0.51289327
-0.43176726
-0.34461701
-0.48209907
-0.40454392
-0.32202007
-0.45184539
-0.37797121
-0.30008244
-0.30086034
-0.30692361
-0.31004621
-0.28038435
-0.28544967
-0.2880526
-0.26059351
-0.26475334
-0.26688643
-0.36042754
-0.45048953
-0.53360195
-0.33525945
-0.42029804
-0.49962501
-0.31097955
-0.39099869
-0.46641834
-0.44020226
-0.36785939
-0.29180896
-0.44589941
-0.37293873
-0.29604809
-0.4488076
-0.3755358
-0.29821831
-0.85501838
-0.84170847
-0.81602832
-0.79679546
-0.78525217
-0.7629281
-0.74073227
-0.73080435
-0.71156067
-0.79503163
-0.78392583
-0.76244938
-0.74449347
-0.73481732
-0.71606589
-0.6955098
-0.68715175
-0.67092134
-0.72556884
-0.71691136
-0.70012126
-0.68349104
-0.67591135
-0.66118413
-0.64239441
-0.63581745
-0.62301523
-0.6591519
-0.67542038
-0.683794
-0.61108928
-0.62477749
-0.6318081
-0.56452061
-0.57584339
-0.58164718
-0.62458064
-0.63835733
-0.64543687
-0.5818312
-0.59346429
-0.59943071
-0.54017886
-0.54983367
-0.55477613
-0.5835531
-0.59446589
-0.60006164
-0.54689324
-0.55614224
-0.56087659
-0.51093552
-0.51863789
-0.52257383
-0.683794
-0.67542038
-0.6591519
-0.6318081
-0.62477749
-0.61108928
-0.58164718
-0.57584339
-0.56452061
-0.64543687
-0.63835733
-0.62458064
-0.59943071
-0.59346429
-0.5818312
-0.55477613
-0.54983367
-0.54017886
-0.60006164
-0.59446589
-0.5835531
-0.56087659
-0.55614224
-0.54689324
-0.52257383
-0.51863789
-0.51093552
-0.51693222
-0.52597413
-0.53059914
-0.47322291
-0.48029083
-0.48389922
-0.43081065
-0.43607342
-0.43875526
-0.49737691
-0.50511183
-0.50906381
-0.45785059
-0.46391388
-0.46700627
-0.41930038
-0.42382674
-0.42613126
-0.47373745
-0.47992842
-0.48308646
-0.43916077
-0.44402738
-0.44650579
-0.4052275
-0.40886957
-0.41072138
-0.6203888
-0.52833245
-0.42585864
-0.63430937
-0.54116074
-0.43687127
-0.64148622
-0.5477932
-0.44257828
-0.58663853
-0.49780402
-0.4000213
-0.59883161
-0.50896837
-0.40955231
-0.60510614
-0.5147283
-0.41447987
-0.55355416
-0.46809103
-0.3750271
-0.56413793
-0.4777219
-0.38320524
-0.56957436
-0.48268043
-0.38742375
-0.51934883
-0.43759077
-0.34952621
-0.52835597
-0.44573542
-0.35640517
-0.53297384
-0.44991991
-0.35994532
-0.48757248
-0.40945418
-0.32614005
-0.4951941
-0.41630644
-0.33189929
-0.4990948
-0.41982009
-0.33485691
-0.45640473
-0.38203968
-0.30348081
-0.46274118
-0.38770503
-0.30822029
-0.46597858
-0.39060457
-0.31064922
0.67227043
0.70710678
0.67227043
0.39717735
0.37298049
0.57019239
0.59335069
0.57019239
0.47240707
0.48603889
0.47240707
0.37864925
0.38463884
0.91774188
0.84957113
0.30722904
0.3224644
0.30722904
0.24775119
0.25629728
0.24775119
0.19368993
0.19728907
0.68827279
0.73185567
0.54236453
0.56723152
0.39642918
0.39095644
0.38042078
0.36113607
0.33926012
0.31810788
0.32199842
0.31857997
0.31195018
0.38359477
0.35865241
0.33471103
0.70604267
0.69823377
0.68307557
0.65432542
0.62067735
0.58750416
0.59264872
0.58748697
0.57741475
0.68697873
0.64938746
0.6125172
0.66207707
0.56663459
0.45868172
0.6278812
0.53501952
0.4314642
0.52936069
0.44639856
0.35681328
0.55184515
0.4667897
0.37407891
0.31195018
0.31857997
0.32199842
0.31047167
0.28840695
0.26717658
0.25041783
0.25413461
0.25603842
0.2965368
0.2767634
0.25761269
0.57741475
0.58748697
0.59264872
0.57437618
0.53892397
0.50413239
0.47668054
0.48260673
0.4856287
0.55300856
0.52078024
0.48899717
0.52936069
0.44639856
0.35681328
0.4492025
0.37588867
0.29851333
0.43609876
0.3642077
0.28876571
0.2965368
0.2767634
0.25761269
0.25603842
0.25413461
0.25041783
0.55300856
0.52078024
0.48899717
0.4856287
0.48260673
0.47668054
0.43609876
0.3642077
0.28876571
0.24563076
0.22597295
0.20701788
0.19481997
0.19638441
0.19718101
0.23805083
0.22009081
0.20267041
0.46812151
0.43463085
0.40174699
0.38053624
0.38313893
0.38445987
0.455937
0.42504043
0.39456189
0.35339144
0.29278126
0.23061039
0.34768534
0.28777162
0.22648244
0.70822101
0.77112957
0.82527783
0.91563372
0.90021342
0.87053063
0.74943575
0.8239692
0.88860063
0.68307557
0.69823377
0.70604267
0.59470673
0.6368947
0.67250374
0.70177661
0.72074224
0.73052242
0.62192553
0.67132121
0.71323188
0.65432542
0.62067735
0.58750416
0.82051496
0.76684993
0.71496025
0.88394836
0.82189162
0.76232533
0.48725134
0.51239955
0.5332435
0.55012271
0.56093773
0.56647815
0.50319416
0.53234703
0.55659596
0.66204309
0.61353593
0.56655631
0.70201769
0.64712055
0.59429927
0.33420229
0.33047204
0.32324632
0.35805614
0.35368804
0.34524687
0.38290171
0.37782943
0.36805159
0.45784149
0.45169272
0.43984281
0.56566212
0.55853883
0.54477698
0.6610298
0.65334976
0.63846807
0.41806085
0.39325467
0.36920602
0.51922515
0.48985902
0.46122132
0.61047448
0.57793621
0.54598479
0.36216784
0.36968063
0.37355141
0.45273421
0.46160566
0.46616835
0.53636295
0.54614326
0.55116224
0.38799889
0.41515227
0.44335776
0.48335598
0.51551365
0.54869826
0.57031435
0.6059608
0.6424645
0.68598265
0.67867041
0.66446322
0.64851389
0.64209671
0.62960702
0.61175802
0.60617749
0.59529774
0.26059351
0.26475334
0.26688643
0.28038435
0.28544967
0.2880526
0.30086034
0.30692361
0.31004621
0.36216784
0.36968063
0.37355141
0.45273421
0.46160566
0.46616835
0.53636295
0.54614326
0.55116224
0.36042754
0.33525945
0.31097955
0.45048953
0.42029804
0.39099869
0.53360195
0.49962501
0.46641834
0.29821831
0.29604809
0.29180896
0.3755358
0.37293873
0.36785939
0.4488076
0.44589941
0.44020226
0.30008244
0.32202007
0.34461701
0.37797121
0.40454392
0.43176726
0.45184539
0.48209907
0.51289327
0.55967856
0.56897123
0.57372932
0.52645361
0.53434305
0.53837604
0.49373779
0.50031807
0.5036764
0.26688643
0.26475334
0.26059351
0.2880526
0.28544967
0.28038435
0.31004621
0.30692361
0.30086034
0.34461701
0.32202007
0.30008244
0.43176726
0.40454392
0.37797121
0.51289327
0.48209907
0.45184539
0.29180896
0.29604809
0.29821831
0.36785939
0.37293873
0.3755358
0.44020226
0.44589941
0.4488076
0.57372932
0.56897123
0.55967856
0.53837604
0.53434305
0.52645361
0.5036764
0.50031807
0.49373779
0.204034
0.2059239
0.20688716
0.22193207
0.22448956
0.22579558
0.24041864
0.24371491
0.24540153
0.28627495
0.26367877
0.24183923
0.36101058
0.33342478
0.30661892
0.43219011
0.40048637
0.36947731
0.23048651
0.22957324
0.22777901
0.29263112
0.29152388
0.2893466
0.35322074
0.35196124
0.34948155
0.23685745
0.2569503
0.27762052
0.30058548
0.32530876
0.35061557
0.36262217
0.39130993
0.42049661
0.45976008
0.46505666
0.46775532
0.42805449
0.4322228
0.43434329
0.39682364
0.39994606
0.40153204
0.74817327
0.82234343
0.8866454
0.73891546
0.81043561
0.8723379
0.72097901
0.78743445
0.84476821
0.68816517
0.74720572
0.7978477
0.65067493
0.70272461
0.74708153
0.61386084
0.65934685
0.69786565
0.84004528
0.86766251
0.88199055
0.7838403
0.80779937
0.82019894
0.72961731
0.75023088
0.76087379
0.85683638
0.79654723
0.72674901
0.79837071
0.74581288
0.68452354
0.74208589
0.69664858
0.64328968
0.68598265
0.67867041
0.66446322
0.64851389
0.64209671
0.62960702
0.61175802
0.60617749
0.59529774
0.60318202
0.64758889
0.68513266
0.61502184
0.66256691
0.70285493
0.62109864
0.67027185
0.71198729
0.57573314
0.61473255
0.64754393
0.5402524
0.57349714
0.60129899
0.50539442
0.53324724
0.55640335
0.67444436
0.69183807
0.70079696
0.62397882
0.63858938
0.64609826
0.57520191
0.5872689
0.59345743
0.68493468
0.64640067
0.6008228
0.63276506
0.60024236
0.56152014
0.58243653
0.555448
0.5231085
0.492243
0.518634
0.54053292
0.49917463
0.52730812
0.5506888
0.50271358
0.53174422
0.55588899
0.44257828
0.43687127
0.42585864
0.41447987
0.40955231
0.4000213
0.38742375
0.38320524
0.3750271
0.5477932
0.54116074
0.52833245
0.5147283
0.50896837
0.49780402
0.48268043
0.4777219
0.46809103
0.64148622
0.63430937
0.6203888
0.60510614
0.59883161
0.58663853
0.56957436
0.56413793
0.55355416
0.34952621
0.35640517
0.35994532
0.32614005
0.33189929
0.33485691
0.30348081
0.30822029
0.31064922
0.43759077
0.44573542
0.44991991
0.40945418
0.41630644
0.41982009
0.38203968
0.38770503
0.39060457
0.51934883
0.52835597
0.53297384
0.48757248
0.4951941
0.4990948
0.45640473
0.46274118
0.46597858
0.35994532
0.35640517
0.34952621
0.33485691
0.33189929
0.32614005
0.31064922
0.30822029
0.30348081
0.44991991
0.44573542
0.43759077
0.41982009
0.41630644
0.40945418
0.39060457
0.38770503
0.38203968
0.53297384
0.52835597
0.51934883
0.4990948
0.4951941
0.48757248
0.46597858
0.46274118
0.45640473
0.2803254
0.28408876
0.28601342
0.25905747
0.26198281
0.26347602
0.23842064
0.24058619
0.24168952
0.35386852
0.35838828
0.360697
0.32785331
0.33138156
0.33318059
0.30248055
0.30510302
0.30643786
0.42416185
0.42924546
0.43183817
0.39419117
0.39817989
0.40021085
0.36477819
0.36775746
0.36927198
0.70012126
0.76244938
0.81602832
0.71691136
0.78392583
0.84170847
0.72556884
0.79503163
0.85501838
0.66118413
0.71606589
0.7629281
0.67591135
0.73481732
0.78525217
0.68349104
0.74449347
0.79679546
0.62301523
0.67092134
0.71156067
0.63581745
0.68715175
0.73080435
0.64239441
0.6955098
0.74073227
0.5835531
0.62458064
0.6591519
0.59446589
0.63835733
0.67542038
0.60006164
0.64543687
0.683794
0.54689324
0.5818312
0.61108928
0.55614224
0.59346429
0.62477749
0.56087659
0.59943071
0.6318081
0.51093552
0.54017886
0.56452061
0.51863789
0.54983367
0.57584339
0.52257383
0.55477613
0.58164718
