MFEM mesh v1.0

#
# MFEM Geometry Types (see mesh/geom.hpp):
#
# POINT       = 0
# SEGMENT     = 1
# TRIANGLE    = 2
# SQUARE      = 3
# TETRAHEDRON = 4
# CUBE        = 5
#

dimension
3

elements
7
1 5 6 12 4 0 8 24 15 7
1 5 12 13 5 4 24 25 14 15
1 5 24 25 14 15 26 27 16 17
1 5 22 23 21 20 28 29 31 30
1 5 23 3 2 21 29 11 10 31
1 5 20 21 19 18 30 31 33 32
1 5 21 2 1 19 31 10 9 33

boundary
30
1 3 0 4 12 6
1 3 4 5 13 12
1 3 20 21 23 22
1 3 21 2 3 23
1 3 18 19 21 20
1 3 19 1 2 21
23 3 0 6 8 7
23 3 3 2 10 11
23 3 2 1 9 10
23 3 6 12 24 8
23 3 12 13 25 24
23 3 4 0 7 15
23 3 8 24 15 7
23 3 13 5 14 25
23 3 5 4 15 14
23 3 24 25 27 26
23 3 15 24 26 17
23 3 25 14 16 27
23 3 14 15 17 16
23 3 26 27 16 17
23 3 22 23 29 28
23 3 23 3 11 29
23 3 20 22 28 30
23 3 28 29 31 30
23 3 29 11 10 31
23 3 18 20 30 32
23 3 19 18 32 33
23 3 30 31 33 32
23 3 1 19 33 9
23 3 31 10 9 33

vertices
34

nodes
FiniteElementSpace
FiniteElementCollection: H1_3D_P4
VDim: 3
Ordering: 0

-0.57735027
0.30998466
-3.1225023e-17
-0.31000795
-0.67227043
-0.70710678
-0.67227043
-0.50518149
-0.57019239
0.26568513
2.9273459e-18
-0.26592163
-0.84957113
-0.91774188
-0.59335069
-0.57019239
-0.48603889
-0.47240707
0.12464717
0.35742227
4.5536491e-18
-2.4286129e-17
-0.39717735
-0.37298049
-0.68827279
-0.73185567
-0.54236453
-0.56723152
-0.3224644
-0.30722904
-6.9117888e-18
-6.7762636e-19
0.11530805
0.27788281
-0.70822101
-0.77112957
-0.82527783
-0.70822101
-0.77112957
-0.82527783
-0.59712124
-0.63106638
-0.65963981
-0.59712124
-0.63106638
-0.65963981
-0.59470673
-0.6368947
-0.67250374
-0.59470673
-0.6368947
-0.67250374
-0.51895855
-0.54232058
-0.56170451
-0.51895855
-0.54232058
-0.56170451
-0.65432542
-0.62067735
-0.58750416
-0.82051496
-0.76684993
-0.71496025
-0.65432542
-0.62067735
-0.58750416
-0.56488866
-0.54126588
-0.5176431
-0.87053063
-0.90021342
-0.91563372
-0.74943575
-0.8239692
-0.88860063
-0.68307557
-0.69823377
-0.70604267
-0.70177661
-0.72074224
-0.73052242
-0.62192553
-0.67132121
-0.71323188
-0.59264872
-0.58748697
-0.57741475
-0.88394836
-0.82189162
-0.76232533
-0.68697873
-0.64938746
-0.6125172
-0.55012271
-0.56093773
-0.56647815
-0.50319416
-0.53234703
-0.55659596
-0.4856287
-0.48260673
-0.47668054
-0.48725134
-0.51239955
-0.5332435
-0.66204309
-0.61353593
-0.56655631
-0.70201769
-0.64712055
-0.59429927
-0.57437618
-0.53892397
-0.50413239
-0.55300856
-0.52078024
-0.48899717
-0.39642918
-0.39095644
-0.38042078
-0.066774181
-0.19175207
-0.31218017
-8.6037372e-18
-2.2795351e-17
-1.9515639e-18
-0.071432212
-0.20490947
-0.33291588
-0.32199842
-0.31857997
-0.31195018
-0.25627281
-0.15665737
-0.054417567
-3.814957e-19
8.9395857e-18
4.5943067e-18
-0.26924508
-0.16481389
-0.05729151
-0.38359477
-0.35865241
-0.33471103
-0.36113607
-0.33926012
-0.31810788
-4.9310949e-18
1.1402758e-17
-3.3813555e-18
5.2039322e-18
3.6718878e-19
3.1950083e-18
-0.32278198
-0.34512795
-0.36435579
-0.054840668
-0.15792154
-0.25848698
-1.0408341e-17
8.2399365e-18
-1.7018586e-17
-0.27450123
-0.28926139
-0.30171525
-0.046712443
-0.13473355
-0.22122909
1.0462551e-17
2.5682039e-18
5.1804535e-18
-0.30225771
-0.2877255
-0.27339838
6.4987544e-18
-1.5043305e-18
8.3483567e-18
0.30121566
0.18738835
0.066774181
0.14774878
0.26293511
0.34370086
0.11661449
0.10061368
0.071432212
0.054417567
0.14850358
0.23496041
0.12713903
0.19385641
0.25872499
0.05729151
0.095601736
0.10865563
0.34338604
0.31706074
0.29123686
0.12294935
0.11983155
0.11683888
0.25847359
0.15791786
0.054840668
0.32270389
0.34438715
0.35846631
0.22107841
0.13469044
0.046712443
0.2738931
0.28595144
0.28690326
0.30222151
0.28764584
0.27323341
-0.62011882
-0.65977922
-0.69333656
-0.65977922
-0.70963766
-0.7521652
-0.69333656
-0.7521652
-0.80266349
-0.68816517
-0.74720572
-0.7978477
-0.65067493
-0.70272461
-0.74708153
-0.61386084
-0.65934685
-0.69786565
-0.7978477
-0.74720572
-0.68816517
-0.74708153
-0.70272461
-0.65067493
-0.69786565
-0.65934685
-0.61386084
-0.64246372
-0.61558535
-0.58357371
-0.61021076
-0.58641982
-0.5579509
-0.57835327
-0.55748885
-0.53240437
-0.58357371
-0.61558535
-0.64246372
-0.5579509
-0.58641982
-0.61021076
-0.53240437
-0.55748885
-0.57835327
-0.58476185
-0.62437531
-0.65774542
-0.56211294
-0.59597986
-0.62437531
-0.5349304
-0.56211294
-0.58476185
-0.72097901
-0.73891546
-0.74817327
-0.78743445
-0.81043561
-0.82234343
-0.84476821
-0.8723379
-0.8866454
-0.84004528
-0.86766251
-0.88199055
-0.7838403
-0.80779937
-0.82019894
-0.72961731
-0.75023088
-0.76087379
-0.85683638
-0.79654723
-0.72674901
-0.79837071
-0.74581288
-0.68452354
-0.74208589
-0.69664858
-0.64328968
-0.68598265
-0.67867041
-0.66446322
-0.64851389
-0.64209671
-0.62960702
-0.61175802
-0.60617749
-0.59529774
-0.68513266
-0.70285493
-0.71198729
-0.64758889
-0.66256691
-0.67027185
-0.60318202
-0.61502184
-0.62109864
-0.67444436
-0.69183807
-0.70079696
-0.62397882
-0.63858938
-0.64609826
-0.57520191
-0.5872689
-0.59345743
-0.68493468
-0.64640067
-0.6008228
-0.63276506
-0.60024236
-0.56152014
-0.58243653
-0.555448
-0.5231085
-0.57372932
-0.56897123
-0.55967856
-0.53837604
-0.53434305
-0.52645361
-0.5036764
-0.50031807
-0.49373779
-0.57573314
-0.61473255
-0.64754393
-0.5402524
-0.57349714
-0.60129899
-0.50539442
-0.53324724
-0.55640335
-0.54053292
-0.5506888
-0.55588899
-0.518634
-0.52730812
-0.53174422
-0.492243
-0.49917463
-0.50271358
-0.071287575
-0.070230762
-0.068202148
-0.20450132
-0.20151832
-0.19578843
-0.33227387
-0.32757928
-0.31855002
-0.38290171
-0.37782943
-0.36805159
-0.35805614
-0.35368804
-0.34524687
-0.33420229
-0.33047204
-0.32324632
-0.30208053
-0.1853869
-0.064528421
-0.2834601
-0.17368096
-0.060403686
-0.26549629
-0.16242373
-0.056443593
-1.2334209e-17
-6.8155141e-18
-7.367626e-18
-3.8158834e-18
-5.6355749e-18
-9.1826958e-18
1.1350241e-18
6.6415853e-18
1.4398832e-18
-0.068835703
-0.19756423
-0.32130396
-0.064097608
-0.18414088
-0.30002305
-0.059585834
-0.17133491
-0.27964793
-0.26884793
-0.26593524
-0.26028995
-0.16456385
-0.16273068
-0.15918085
-0.05720335
-0.056557115
-0.05530629
-0.065123692
-0.061462548
-0.057239495
-0.18708359
-0.17671588
-0.16473627
-0.30480318
-0.28838346
-0.26934696
-0.35310887
-0.3351712
-0.31425168
-0.33229368
-0.31665882
-0.29830605
-0.31211416
-0.29860564
-0.282648
-0.25192393
-0.1538254
-0.053402739
-0.23963301
-0.14616765
-0.05071693
-0.22753495
-0.13864694
-0.048082222
-4.3463378e-20
-1.2389445e-18
-7.2220634e-18
-1.0672615e-18
8.8938459e-18
1.2586188e-17
2.8189256e-18
1.0594688e-17
8.2790588e-18
-0.2515843
-0.24100674
-0.22849233
-0.15371483
-0.14708688
-0.13926427
-0.05338174
-0.051050476
-0.048302401
0.13569934
0.22926335
0.29177901
0.11032642
0.15654023
0.18452615
0.071287575
0.070230762
0.068202148
0.064528421
0.18036776
0.28947417
0.060403686
0.16737483
0.26750875
0.056443593
0.15486836
0.24603456
0.32822566
0.24928808
0.14364113
0.29971746
0.22542847
0.1365269
0.27249156
0.20411542
0.13019707
0.115163
0.099695529
0.068835703
0.11250288
0.09801761
0.064097608
0.10995599
0.096416863
0.059585834
0.05720335
0.056557115
0.05530629
0.099846052
0.12305012
0.14355592
0.11811508
0.17093481
0.22088822
0.30080151
0.28791467
0.2693007
0.18558472
0.17656051
0.16472272
0.065123692
0.061462548
0.057239495
0.053402739
0.15381944
0.25190266
0.05071693
0.14615377
0.23958446
0.048082222
0.13861715
0.22743128
0.31413582
0.33417732
0.34601169
0.2980725
0.31499451
0.32250558
0.28220432
0.29596043
0.29914583
0.05338174
0.051050476
0.048302401
0.14984694
0.1463297
0.13914404
0.24105289
0.2387534
0.22809618
-0.67420215
-0.72945518
-0.77672593
-0.64266612
-0.68956937
-0.72945518
-0.60529423
-0.64266612
-0.67420215
-0.63837835
-0.6871559
-0.72862758
-0.61051328
-0.652041
-0.6871559
-0.57732426
-0.61051328
-0.63837835
-0.60312952
-0.6458116
-0.68188046
-0.57873139
-0.61517064
-0.6458116
-0.54952602
-0.57873139
-0.60312952
-0.81602832
-0.84170847
-0.85501838
-0.76244938
-0.78392583
-0.79503163
-0.70012126
-0.71691136
-0.72556884
-0.7629281
-0.78525217
-0.79679546
-0.71606589
-0.73481732
-0.74449347
-0.66118413
-0.67591135
-0.68349104
-0.71156067
-0.73080435
-0.74073227
-0.67092134
-0.68715175
-0.6955098
-0.62301523
-0.63581745
-0.64239441
-0.6591519
-0.67542038
-0.683794
-0.62458064
-0.63835733
-0.64543687
-0.5835531
-0.59446589
-0.60006164
-0.61108928
-0.62477749
-0.6318081
-0.5818312
-0.59346429
-0.59943071
-0.54689324
-0.55614224
-0.56087659
-0.56452061
-0.57584339
-0.58164718
-0.54017886
-0.54983367
-0.55477613
-0.51093552
-0.51863789
-0.52257383
-0.32070999
-0.31636431
-0.30799445
-0.19718729
-0.19443086
-0.18912838
-0.068702254
-0.067726611
-0.065850962
-0.29951319
-0.29577929
-0.28856923
-0.18381839
-0.18145759
-0.17690387
-0.063983627
-0.063149413
-0.061541198
-0.27921387
-0.27603204
-0.26987288
-0.1710612
-0.16905556
-0.16517688
-0.059489253
-0.058781655
-0.057413909
-0.29522195
-0.27991905
-0.26211302
-0.18105309
-0.17140402
-0.16021232
-0.062997464
-0.059592557
-0.055649738
-0.27751954
-0.2642053
-0.24860876
-0.16993766
-0.16156396
-0.15178289
-0.059083241
-0.056132298
-0.052690427
-0.2603948
-0.24891128
-0.23537093
-0.15921767
-0.15201303
-0.14353976
-0.055314214
-0.052778473
-0.049800122
0.068702254
0.067726611
0.065850962
0.10819825
0.14976785
0.17690339
0.13217024
0.21767474
0.27882285
0.063983627
0.063149413
0.061541198
0.10455781
0.13809478
0.16303424
0.12608596
0.19748302
0.25500316
0.059489253
0.058781655
0.057413909
0.10136908
0.12788115
0.15002869
0.12070401
0.17953661
0.23232419
0.062997464
0.059592557
0.055649738
0.17921859
0.17118961
0.16019146
0.29034696
0.27927971
0.26204296
0.059083241
0.056132298
0.052690427
0.16736413
0.1611908
0.15173851
0.27068077
0.26310583
0.24846264
0.055314214
0.052778473
0.049800122
0.15580711
0.15140876
0.1434527
0.25121945
0.24712659
0.23508547
-0.57735027
0.67227043
0.70710678
0.67227043
-0.31000795
-3.1225023e-17
-0.67227043
-0.50518149
-0.57019239
0.57019239
0.59335069
0.57019239
-0.37298049
-1.3010426e-18
2.9273459e-18
-0.26592163
5.0957502e-18
-0.22368927
-1.3010426e-18
0.37298049
1.0842022e-18
0.39717735
-4.7704896e-18
0.37298049
-0.30722904
-1.1519648e-18
-0.24775119
-3.496552e-18
2.4733362e-19
0.30722904
-7.3725748e-18
0.3224644
-1.1519648e-18
0.30722904
-0.6278812
-0.53501952
-0.4314642
-0.32278198
-0.34512795
-0.36435579
-0.53562341
-0.45112133
-0.36020918
-0.59712124
-0.63106638
-0.65963981
-0.52936069
-0.44639856
-0.35681328
-0.27450123
-0.28926139
-0.30171525
-0.46672901
-0.39031051
-0.30979848
-0.51895855
-0.54232058
-0.56170451
-0.65432542
-0.62067735
-0.58750416
-0.36113607
-0.33926012
-0.31810788
-0.30225771
-0.2877255
-0.27339838
-0.56488866
-0.54126588
-0.5176431
-0.31218017
-0.19175207
-0.066774181
-2.2551405e-17
-1.6046192e-17
-1.2153229e-17
-0.25848698
-0.15792154
-0.054840668
-0.25627281
-0.15665737
-0.054417567
3.0357661e-18
2.9951085e-18
2.9544509e-18
-0.046712443
-0.13473355
-0.22122909
-4.4555654e-18
-2.3115529e-18
-1.3552527e-20
6.4987544e-18
-1.5043305e-18
8.3483567e-18
-0.20603062
-0.12540839
-0.043467228
1.1384123e-18
1.2468325e-18
-1.0027811e-18
-0.03904111
-0.11277388
-0.18570841
-0.22879749
-0.23744835
-0.24461567
-0.2965368
-0.2767634
-0.25761269
-1.5720799e-18
-1.3069718e-18
-2.0532079e-18
2.602297e-18
3.9166803e-18
-1.6805134e-18
-0.25850013
-0.24458109
-0.23085435
0.066774181
0.19175207
0.31218017
0.39642918
0.39095644
0.38042078
0.071432212
0.20490947
0.33291588
4.98733e-18
4.2961511e-18
8.6672646e-19
0.054417567
0.15665737
0.25627281
0.31195018
0.31857997
0.32199842
0.05729151
0.16481389
0.26924508
3.7133991e-18
-4.4448054e-18
-2.107418e-18
-1.0713643e-19
2.6935648e-19
1.9176826e-18
0.36113607
0.33926012
0.31810788
0.38359477
0.35865241
0.33471103
5.014488e-18
2.6219905e-18
-4.3673019e-18
0.6278812
0.53501952
0.4314642
0.70604267
0.69823377
0.68307557
0.66207707
0.56663459
0.45868172
0.52936069
0.44639856
0.35681328
0.59264872
0.58748697
0.57741475
0.55184515
0.4667897
0.37407891
0.65432542
0.62067735
0.58750416
0.68697873
0.64938746
0.6125172
0.38042078
0.39095644
0.39642918
0.066774181
0.19175207
0.31218017
-1.9515639e-18
-1.9515639e-18
-2.5410988e-21
0.32199842
0.31857997
0.31195018
0.054417567
0.15665737
0.25627281
-6.1663999e-18
1.0842022e-19
2.2971534e-18
0.36113607
0.33926012
0.31810788
-4.4555654e-18
-2.3115529e-18
-1.3552527e-20
0.68307557
0.69823377
0.70604267
0.6278812
0.53501952
0.4314642
0.57741475
0.58748697
0.59264872
0.52936069
0.44639856
0.35681328
0.65432542
0.62067735
0.58750416
-0.55473086
-0.46833285
-0.37471292
-0.58766974
-0.49820397
-0.40002382
-0.61552794
-0.52366827
-0.42174123
-0.61047448
-0.51922515
-0.41806085
-0.57793621
-0.48985902
-0.39325467
-0.54598479
-0.46122132
-0.36920602
-0.35310887
-0.3351712
-0.31425168
-0.33229368
-0.31665882
-0.29830605
-0.31211416
-0.29860564
-0.282648
-0.35136805
-0.44051335
-0.52368231
-0.33476634
-0.4205284
-0.50109777
-0.31836818
-0.40070419
-0.47858047
-0.58357371
-0.61558535
-0.64246372
-0.5579509
-0.58641982
-0.61021076
-0.53240437
-0.55748885
-0.57835327
-0.52114291
-0.43897996
-0.35055483
-0.50242182
-0.422147
-0.33639963
-0.47994278
-0.40205775
-0.31958805
-0.26934696
-0.16473627
-0.057239495
-0.28838346
-0.17671588
-0.061462548
-0.30480318
-0.18708359
-0.065123692
-0.30208053
-0.1853869
-0.064528421
-0.2834601
-0.17368096
-0.060403686
-0.26549629
-0.16242373
-0.056443593
-3.8151155e-18
-1.3228372e-17
-1.4094364e-17
3.7438195e-19
-3.227619e-18
-3.7811551e-18
1.4502263e-18
2.6529072e-18
-2.5478751e-18
-0.053402739
-0.1538254
-0.25192393
-0.05071693
-0.14616765
-0.23963301
-0.048082222
-0.13864694
-0.22753495
-0.2515843
-0.15371483
-0.05338174
-0.24100674
-0.14708688
-0.051050476
-0.22849233
-0.13926427
-0.048302401
-0.24721777
-0.1510053
-0.052433323
-0.23049878
-0.14059278
-0.048782057
-0.21433924
-0.13055732
-0.045268158
-4.4451232e-18
6.3155438e-18
-5.4199521e-19
1.0332478e-19
-2.596156e-18
4.5739779e-19
-8.8086133e-19
8.4703295e-20
9.7578196e-19
-0.045356276
-0.13085675
-0.21497499
-0.042822107
-0.12360635
-0.20325928
-0.040334793
-0.11648226
-0.1917231
-0.26643124
-0.28003783
-0.29148121
-0.25134031
-0.26287626
-0.27251983
-0.23651425
-0.24612485
-0.25411168
-0.20337802
-0.12375551
-0.042887532
-0.19731955
-0.11998457
-0.041565734
-0.19001621
-0.11544658
-0.03997644
0.071287575
0.20450132
0.33227387
0.070230762
0.20151832
0.32757928
0.068202148
0.19578843
0.31855002
0.064528421
0.1853869
0.30208053
0.060403686
0.17368096
0.2834601
0.056443593
0.16242373
0.26549629
0.36805159
0.37782943
0.38290171
0.34524687
0.35368804
0.35805614
0.32324632
0.33047204
0.33420229
0.32130396
0.19756423
0.068835703
0.30002305
0.18414088
0.064097608
0.27964793
0.17133491
0.059585834
3.1520544e-19
4.1367236e-18
1.5871545e-18
1.5922102e-18
-6.1325185e-19
1.7279472e-19
-1.1943165e-18
1.0975429e-18
1.7957098e-19
0.05530629
0.15918085
0.26028995
0.056557115
0.16273068
0.26593524
0.05720335
0.16456385
0.26884793
0.45784149
0.56566212
0.6610298
0.45169272
0.55853883
0.65334976
0.43984281
0.54477698
0.63846807
0.41806085
0.51922515
0.61047448
0.39325467
0.48985902
0.57793621
0.36920602
0.46122132
0.54598479
0.66446322
0.67867041
0.68598265
0.62960702
0.64209671
0.64851389
0.59529774
0.60617749
0.61175802
0.6424645
0.54869826
0.44335776
0.6059608
0.51551365
0.41515227
0.57031435
0.48335598
0.38799889
0.36216784
0.45273421
0.53636295
0.36968063
0.46160566
0.54614326
0.37355141
0.46616835
0.55116224
0.068202148
0.19578843
0.31855002
0.070230762
0.20151832
0.32757928
0.071287575
0.20450132
0.33227387
0.38290171
0.37782943
0.36805159
0.35805614
0.35368804
0.34524687
0.33420229
0.33047204
0.32324632
0.30208053
0.1853869
0.064528421
0.2834601
0.17368096
0.060403686
0.26549629
0.16242373
0.056443593
-2.3264819e-18
1.9886216e-18
2.2815759e-18
-1.8321323e-18
7.9456984e-19
2.0701502e-18
1.0096633e-18
1.3018896e-18
-3.1848439e-19
0.05720335
0.16456385
0.26884793
0.056557115
0.16273068
0.26593524
0.05530629
0.15918085
0.26028995
0.43984281
0.54477698
0.63846807
0.45169272
0.55853883
0.65334976
0.45784149
0.56566212
0.6610298
0.68598265
0.67867041
0.66446322
0.64851389
0.64209671
0.62960702
0.61175802
0.60617749
0.59529774
0.61047448
0.51922515
0.41806085
0.57793621
0.48985902
0.39325467
0.54598479
0.46122132
0.36920602
0.37355141
0.46616835
0.55116224
0.36968063
0.46160566
0.54614326
0.36216784
0.45273421
0.53636295
-0.59889421
-0.508618
-0.40900023
-0.57273258
-0.48477477
-0.38871693
-0.54171615
-0.45672011
-0.36499811
-0.56775224
-0.48058561
-0.38537344
-0.544668
-0.45966172
-0.36765691
-0.51716093
-0.43490161
-0.34680988
-0.53711009
-0.45318612
-0.36241041
-0.51692722
-0.43498899
-0.34707236
-0.49275648
-0.41333483
-0.32891357
-0.29522195
-0.18105309
-0.062997464
-0.27991905
-0.17140402
-0.059592557
-0.26211302
-0.16021232
-0.055649738
-0.27751954
-0.16993766
-0.059083241
-0.2642053
-0.16156396
-0.056132298
-0.24860876
-0.15178289
-0.052690427
-0.2603948
-0.15921767
-0.055314214
-0.24891128
-0.15201303
-0.052778473
-0.23537093
-0.14353976
-0.049800122
-0.2429229
-0.14831336
-0.051486356
-0.23321203
-0.14223591
-0.049350069
-0.22168459
-0.13503806
-0.04682288
-0.22689992
-0.1383425
-0.047991438
-0.21872942
-0.13324053
-0.046200108
-0.20897014
-0.12715888
-0.044067015
-0.21137498
-0.12870808
-0.044619209
-0.20461849
-0.1244981
-0.043142689
-0.1964992
-0.11944814
-0.041373201
0.065850962
0.18912838
0.30799445
0.067726611
0.19443086
0.31636431
0.068702254
0.19718729
0.32070999
0.061541198
0.17690387
0.28856923
0.063149413
0.18145759
0.29577929
0.063983627
0.18381839
0.29951319
0.057413909
0.16517688
0.26987288
0.058781655
0.16905556
0.27603204
0.059489253
0.1710612
0.27921387
0.42585864
0.52833245
0.6203888
0.43687127
0.54116074
0.63430937
0.44257828
0.5477932
0.64148622
0.4000213
0.49780402
0.58663853
0.40955231
0.50896837
0.59883161
0.41447987
0.5147283
0.60510614
0.3750271
0.46809103
0.55355416
0.38320524
0.4777219
0.56413793
0.38742375
0.48268043
0.56957436
0.068702254
0.19718729
0.32070999
0.067726611
0.19443086
0.31636431
0.065850962
0.18912838
0.30799445
0.063983627
0.18381839
0.29951319
0.063149413
0.18145759
0.29577929
0.061541198
0.17690387
0.28856923
0.059489253
0.1710612
0.27921387
0.058781655
0.16905556
0.27603204
0.057413909
0.16517688
0.26987288
0.44257828
0.5477932
0.64148622
0.43687127
0.54116074
0.63430937
0.42585864
0.52833245
0.6203888
0.41447987
0.5147283
0.60510614
0.40955231
0.50896837
0.59883161
0.4000213
0.49780402
0.58663853
0.38742375
0.48268043
0.56957436
0.38320524
0.4777219
0.56413793
0.3750271
0.46809103
0.55355416
0.57735027
0.67227043
0.70710678
0.67227043
0.67227043
0.70710678
0.31000795
0.50518149
0.26592163
0.57019239
0.59335069
0.57019239
0.37298049
0.39717735
0.59335069
0.57019239
0.48603889
0.47240707
0.91774188
0.84957113
1
0.91774188
0.91774188
0.84957113
0.30722904
0.3224644
0.24775119
0.25629728
0.73185567
0.68827279
0.7835347
0.73185567
0.73185567
0.68827279
0.32278198
0.34512795
0.36435579
0.6278812
0.53501952
0.4314642
0.59712124
0.63106638
0.65963981
0.53562341
0.45112133
0.36020918
0.27450123
0.28926139
0.30171525
0.52936069
0.44639856
0.35681328
0.51895855
0.54232058
0.56170451
0.46672901
0.39031051
0.30979848
0.30225771
0.2877255
0.27339838
0.36113607
0.33926012
0.31810788
0.65432542
0.62067735
0.58750416
0.56488866
0.54126588
0.5176431
0.38042078
0.39095644
0.39642918
0.66207707
0.56663459
0.45868172
0.68307557
0.69823377
0.70604267
0.31195018
0.31857997
0.32199842
0.55184515
0.4667897
0.37407891
0.59264872
0.58748697
0.57741475
0.38359477
0.35865241
0.33471103
0.68697873
0.64938746
0.6125172
0.25041783
0.25413461
0.25603842
0.4492025
0.37588867
0.29851333
0.4856287
0.48260673
0.47668054
0.43609876
0.3642077
0.28876571
0.2965368
0.2767634
0.25761269
0.31047167
0.28840695
0.26717658
0.57437618
0.53892397
0.50413239
0.55300856
0.52078024
0.48899717
0.91563372
0.90021342
0.87053063
0.91563372
0.90021342
0.87053063
0.99744546
0.97878093
0.94295653
0.99744546
0.97878093
0.94295653
0.73052242
0.72074224
0.70177661
0.70177661
0.72074224
0.73052242
0.78194926
0.77032793
0.74783558
0.74783558
0.77032793
0.78194926
0.88394836
0.82189162
0.76232533
0.82051496
0.76684993
0.71496025
0.88394836
0.82189162
0.76232533
0.96024013
0.88770117
0.81864469
0.70822101
0.77112957
0.82527783
0.70604267
0.69823377
0.68307557
0.74943575
0.8239692
0.88860063
0.59470673
0.6368947
0.67250374
0.59264872
0.58748697
0.57741475
0.62192553
0.67132121
0.71323188
0.65432542
0.62067735
0.58750416
0.68697873
0.64938746
0.6125172
0.87053063
0.90021342
0.91563372
0.91563372
0.90021342
0.87053063
0.94295653
0.97878093
0.99744546
0.73052242
0.72074224
0.70177661
0.73052242
0.72074224
0.70177661
0.78194926
0.77032793
0.74783558
0.82051496
0.76684993
0.71496025
0.88394836
0.82189162
0.76232533
0.68307557
0.69823377
0.70604267
0.70822101
0.77112957
0.82527783
0.57741475
0.58748697
0.59264872
0.59470673
0.6368947
0.67250374
0.65432542
0.62067735
0.58750416
0.55473086
0.58766974
0.61552794
0.46833285
0.49820397
0.52366827
0.37471292
0.40002382
0.42174123
0.31425168
0.3351712
0.35310887
0.29830605
0.31665882
0.33229368
0.282648
0.29860564
0.31211416
0.41806085
0.51922515
0.61047448
0.39325467
0.48985902
0.57793621
0.36920602
0.46122132
0.54598479
0.64246372
0.61558535
0.58357371
0.61021076
0.58641982
0.5579509
0.57835327
0.55748885
0.53240437
0.52368231
0.44051335
0.35136805
0.50109777
0.4205284
0.33476634
0.47858047
0.40070419
0.31836818
0.31958805
0.33639963
0.35055483
0.40205775
0.422147
0.43897996
0.47994278
0.50242182
0.52114291
0.63846807
0.65334976
0.6610298
0.54477698
0.55853883
0.56566212
0.43984281
0.45169272
0.45784149
0.36805159
0.37782943
0.38290171
0.34524687
0.35368804
0.35805614
0.32324632
0.33047204
0.33420229
0.44335776
0.54869826
0.6424645
0.41515227
0.51551365
0.6059608
0.38799889
0.48335598
0.57031435
0.68598265
0.67867041
0.66446322
0.64851389
0.64209671
0.62960702
0.61175802
0.60617749
0.59529774
0.36216784
0.36968063
0.37355141
0.45273421
0.46160566
0.46616835
0.53636295
0.54614326
0.55116224
0.30086034
0.30692361
0.31004621
0.28038435
0.28544967
0.2880526
0.26059351
0.26475334
0.26688643
0.36042754
0.45048953
0.53360195
0.33525945
0.42029804
0.49962501
0.31097955
0.39099869
0.46641834
0.57372932
0.56897123
0.55967856
0.53837604
0.53434305
0.52645361
0.5036764
0.50031807
0.49373779
0.51289327
0.43176726
0.34461701
0.48209907
0.40454392
0.32202007
0.45184539
0.37797121
0.30008244
0.29180896
0.29604809
0.29821831
0.36785939
0.37293873
0.3755358
0.44020226
0.44589941
0.4488076
0.9949051
0.97634361
0.94071385
0.97634361
0.95853051
0.92431526
0.94071385
0.92431526
0.89277756
0.88199055
0.86766251
0.84004528
0.82019894
0.80779937
0.7838403
0.76087379
0.75023088
0.72961731
0.84004528
0.86766251
0.88199055
0.7838403
0.80779937
0.82019894
0.72961731
0.75023088
0.76087379
0.90737148
0.94059372
0.95787615
0.84215552
0.87080706
0.8856703
0.77971541
0.80423006
0.81691345
0.95787615
0.94059372
0.90737148
0.8856703
0.87080706
0.84215552
0.81691345
0.80423006
0.77971541
0.74642532
0.73608266
0.71603851
0.76880781
0.75766307
0.73608266
0.7803717
0.76880781
0.74642532
0.8866454
0.82234343
0.74817327
0.8723379
0.81043561
0.73891546
0.84476821
0.78743445
0.72097901
0.7978477
0.74720572
0.68816517
0.74708153
0.70272461
0.65067493
0.69786565
0.65934685
0.61386084
0.66446322
0.67867041
0.68598265
0.62960702
0.64209671
0.64851389
0.59529774
0.60617749
0.61175802
0.72674901
0.79654723
0.85683638
0.68452354
0.74581288
0.79837071
0.64328968
0.69664858
0.74208589
0.68513266
0.64758889
0.60318202
0.70285493
0.66256691
0.61502184
0.71198729
0.67027185
0.62109864
0.94071385
0.92431526
0.89277756
0.97634361
0.95853051
0.92431526
0.9949051
0.97634361
0.94071385
0.88199055
0.86766251
0.84004528
0.82019894
0.80779937
0.7838403
0.76087379
0.75023088
0.72961731
0.84004528
0.86766251
0.88199055
0.7838403
0.80779937
0.82019894
0.72961731
0.75023088
0.76087379
0.90737148
0.94059372
0.95787615
0.84215552
0.87080706
0.8856703
0.77971541
0.80423006
0.81691345
0.7803717
0.76880781
0.74642532
0.76880781
0.75766307
0.73608266
0.74642532
0.73608266
0.71603851
0.84476821
0.78743445
0.72097901
0.8723379
0.81043561
0.73891546
0.8866454
0.82234343
0.74817327
0.68598265
0.67867041
0.66446322
0.64851389
0.64209671
0.62960702
0.61175802
0.60617749
0.59529774
0.68816517
0.74720572
0.7978477
0.65067493
0.70272461
0.74708153
0.61386084
0.65934685
0.69786565
0.71198729
0.67027185
0.62109864
0.70285493
0.66256691
0.61502184
0.68513266
0.64758889
0.60318202
0.36499811
0.38871693
0.40900023
0.45672011
0.48477477
0.508618
0.54171615
0.57273258
0.59889421
0.34680988
0.36765691
0.38537344
0.43490161
0.45966172
0.48058561
0.51716093
0.544668
0.56775224
0.32891357
0.34707236
0.36241041
0.41333483
0.43498899
0.45318612
0.49275648
0.51692722
0.53711009
0.42585864
0.43687127
0.44257828
0.52833245
0.54116074
0.5477932
0.6203888
0.63430937
0.64148622
0.4000213
0.40955231
0.41447987
0.49780402
0.50896837
0.5147283
0.58663853
0.59883161
0.60510614
0.3750271
0.38320524
0.38742375
0.46809103
0.4777219
0.48268043
0.55355416
0.56413793
0.56957436
0.34952621
0.35640517
0.35994532
0.43759077
0.44573542
0.44991991
0.51934883
0.52835597
0.53297384
0.32614005
0.33189929
0.33485691
0.40945418
0.41630644
0.41982009
0.48757248
0.4951941
0.4990948
0.30348081
0.30822029
0.31064922
0.38203968
0.38770503
0.39060457
0.45640473
0.46274118
0.46597858
0.90529097
0.8900699
0.86075595
0.93833613
0.9218271
0.8900699
0.95552504
0.93833613
0.90529097
0.84036022
0.82721268
0.80182719
0.86886436
0.8546431
0.82721268
0.88365008
0.86886436
0.84036022
0.77817863
0.76691366
0.7451095
0.80257142
0.7904174
0.76691366
0.81519098
0.80257142
0.77817863
0.81602832
0.76244938
0.70012126
0.84170847
0.78392583
0.71691136
0.85501838
0.79503163
0.72556884
0.7629281
0.71606589
0.66118413
0.78525217
0.73481732
0.67591135
0.79679546
0.74449347
0.68349104
0.71156067
0.67092134
0.62301523
0.73080435
0.68715175
0.63581745
0.74073227
0.6955098
0.64239441
0.95552504
0.93833613
0.90529097
0.93833613
0.9218271
0.8900699
0.90529097
0.8900699
0.86075595
0.88365008
0.86886436
0.84036022
0.86886436
0.8546431
0.82721268
0.84036022
0.82721268
0.80182719
0.81519098
0.80257142
0.77817863
0.80257142
0.7904174
0.76691366
0.77817863
0.76691366
0.7451095
0.85501838
0.79503163
0.72556884
0.84170847
0.78392583
0.71691136
0.81602832
0.76244938
0.70012126
0.79679546
0.74449347
0.68349104
0.78525217
0.73481732
0.67591135
0.7629281
0.71606589
0.66118413
0.74073227
0.6955098
0.64239441
0.73080435
0.68715175
0.63581745
0.71156067
0.67092134
0.62301523
