MFEM mesh v1.0

#
# MFEM Geometry Types (see mesh/geom.hpp):
#
# POINT       = 0
# SEGMENT     = 1
# TRIANGLE    = 2
# SQUARE      = 3
# TETRAHEDRON = 4
# CUBE        = 5
#

dimension
3

elements
7
1 5 18 19 21 20 24 25 28 27
1 5 8 22 4 2 9 30 6 3
1 5 22 23 5 4 30 31 7 6
1 5 24 25 28 27 10 11 14 13
1 5 25 26 29 28 11 12 15 14
1 5 27 28 31 30 13 14 17 16
1 5 30 31 7 6 16 17 1 0

boundary
30
56 3 4 2 3 6
56 3 5 4 6 7
56 3 7 6 0 1
56 3 2 8 9 3
56 3 20 21 19 18
56 3 2 4 22 8
56 3 4 5 23 22
56 3 18 19 25 24
56 3 20 18 24 27
56 3 19 21 28 25
56 3 21 20 27 28
56 3 28 29 26 25
56 3 8 22 30 9
56 3 22 23 31 30
56 3 30 31 28 27
56 3 9 30 6 3
56 3 23 5 7 31
56 3 24 25 11 10
56 3 25 26 12 11
56 3 27 24 10 13
56 3 10 11 14 13
56 3 26 29 15 12
56 3 29 28 14 15
56 3 11 12 15 14
56 3 30 27 13 16
56 3 28 31 17 14
56 3 13 14 17 16
56 3 6 30 16 0
56 3 31 7 1 17
56 3 16 17 1 0

vertices
32

nodes
FiniteElementSpace
FiniteElementCollection: H1_3D_P4
VDim: 3
Ordering: 0

0.1716001
0.11108439
0.25513258
0.25513258
0.1716001
0.11108439
0.1716001
0.11108439
0.37107077
0.36407998
0.46713824
0.14916884
0.46713824
0.34802459
0.13575486
0.34802459
0.24764874
0.12307986
0.66119981
0.17294184
0.45397621
0.14953799
0.28596008
0.12909499
0.60844596
0.16648196
0.60844596
0.42529438
0.14590394
0.42529438
0.27585809
0.12755235
0.61191658
0.42238068
0.21145137
0.16866149
0.16083101
0.15335077
0.40344564
0.274777
0.16716943
0.62357606
0.55405147
0.48755517
0.55683924
0.38061935
0.19876044
0.16275221
0.15589007
0.14928741
0.37626093
0.25733852
0.16140939
0.5751685
0.51372603
0.45497859
0.65958757
0.6477558
0.62479563
0.17274366
0.17129099
0.16847945
0.14942769
0.1486169
0.14703622
0.4530997
0.44666754
0.43418521
0.37028971
0.35493607
0.31612715
0.18739017
0.22179943
0.26221542
0.24449919
0.2191296
0.18854233
0.27499332
0.31310591
0.35117647
0.3620126
0.34470079
0.30538533
0.18625046
0.21783122
0.2544849
0.24449919
0.2191296
0.18854233
0.27385701
0.30969565
0.34542656
0.37086254
0.3693244
0.36628729
0.2856537
0.28340109
0.27900709
0.1716001
0.1716001
0.1716001
0.25513258
0.25513258
0.25513258
0.25091153
0.18255714
0.13612463
0.11403968
0.1198136
0.12582405
0.1551505
0.12865254
0.11327701
0.2421185
0.17743026
0.13408157
0.11380615
0.11910152
0.12458268
0.1551505
0.12865254
0.11327701
0.12904861
0.12870682
0.12803622
0.11108439
0.11108439
0.11108439
0.41575527
0.28210809
0.16802253
0.14679702
0.1423655
0.13801655
0.30505112
0.21332047
0.14620981
0.4455633
0.40570709
0.36745852
0.49602663
0.54641841
0.58936649
0.15274069
0.15891515
0.16415398
0.13789927
0.14154338
0.14457449
0.36392887
0.39150957
0.4149139
0.19876044
0.38061935
0.55683924
0.5751685
0.51372603
0.45497859
0.16140939
0.25733852
0.37626093
0.16802253
0.28210809
0.41575527
0.4455633
0.40570709
0.36745852
0.14620981
0.21332047
0.30505112
0.49602663
0.54641841
0.58936649
0.36392887
0.39150957
0.4149139
0.14258664
0.13647305
0.13057801
0.39663105
0.34539203
0.29861129
0.13351519
0.12932886
0.12521837
0.21783141
0.16337745
0.12828767
0.32915491
0.29506258
0.26335265
0.12404565
0.12566102
0.12698044
0.2535985
0.26372723
0.27215977
0.11310954
0.11700064
0.12096158
0.1551505
0.12865254
0.11327701
0.18287465
0.20638728
0.2326811
0.11108439
0.11108439
0.11108439
0.1716001
0.1716001
0.1716001
0.43570836
0.29582042
0.17369113
0.5013521
0.34057106
0.18723863
0.57243735
0.39218996
0.20255713
0.61021489
0.42106082
0.21105155
0.59776173
0.41146008
0.20814131
0.57377433
0.39325198
0.20261013
0.16848056
0.16068026
0.15322722
0.16715361
0.15957367
0.15231948
0.16458198
0.15742389
0.15055188
0.16699201
0.27423467
0.40260887
0.16569292
0.27027322
0.39647988
0.1631854
0.2626769
0.3846442
0.48655923
0.55281834
0.62209624
0.47925127
0.54377033
0.61123709
0.46507338
0.52621925
0.59016833
0.52271417
0.35570712
0.19139356
0.46122724
0.31279251
0.17855259
0.40431507
0.27518351
0.16702233
0.26536497
0.2400819
0.20678497
0.30627854
0.28304388
0.24582313
0.3481199
0.32943164
0.29047022
0.37004251
0.35462865
0.31580244
0.36821777
0.35236269
0.31341295
0.36462116
0.34791347
0.30874159
0.26198151
0.22167999
0.18735608
0.26026066
0.22080009
0.18710456
0.25689869
0.21907492
0.18660929
0.18854233
0.2191296
0.24449919
0.18854233
0.2191296
0.24449919
0.18854233
0.2191296
0.24449919
0.27495955
0.31300444
0.35100526
0.27470998
0.31225469
0.34974046
0.2742164
0.31077322
0.3472425
0.34136663
0.32126463
0.28213292
0.30235246
0.27851611
0.24143612
0.26408939
0.23868539
0.20549782
0.16803161
0.13590491
0.11679136
0.19645233
0.15181045
0.12390673
0.23052404
0.1709638
0.1317009
0.2506441
0.18240087
0.13606286
0.24867931
0.18125342
0.13560833
0.24485402
0.17902277
0.13471988
0.12578678
0.11979229
0.11403271
0.12551205
0.11963502
0.11398123
0.12497247
0.11932556
0.11387976
0.11327701
0.12865254
0.1551505
0.11327701
0.12865254
0.1551505
0.11327701
0.12865254
0.1551505
0.22387438
0.16711456
0.1301004
0.19310414
0.14988158
0.12303101
0.1670838
0.1353544
0.11651609
0.53723283
0.36621949
0.19435621
0.49372592
0.33510739
0.18476138
0.44381006
0.30078483
0.17399471
0.16061683
0.15409563
0.14780457
0.15580008
0.15003029
0.144431
0.15010285
0.14519002
0.14038856
0.15934534
0.25118033
0.36652255
0.15472338
0.23758282
0.34476175
0.14931702
0.22204872
0.31946631
0.4431971
0.49915034
0.55766699
0.41665649
0.46634385
0.51827839
0.38543163
0.42782458
0.47206443
0.39511191
0.26874169
0.1639286
0.35766695
0.24515021
0.15655993
0.32257099
0.22375756
0.1496677
0.16702233
0.27518351
0.40431507
0.17855259
0.31279251
0.46122724
0.19139356
0.35570712
0.52271417
0.19435621
0.36621949
0.53723283
0.18476138
0.33510739
0.49372592
0.17399471
0.30078483
0.44381006
0.55766699
0.49915034
0.4431971
0.51827839
0.46634385
0.41665649
0.47206443
0.42782458
0.38543163
0.36652255
0.25118033
0.15934534
0.34476175
0.23758282
0.15472338
0.31946631
0.22204872
0.14931702
0.1639286
0.26874169
0.39511191
0.15655993
0.24515021
0.35766695
0.1496677
0.22375756
0.32257099
0.26179293
0.18867066
0.13825445
0.30308008
0.21273908
0.14674483
0.34961868
0.24078846
0.15609111
0.14140346
0.13554865
0.1298899
0.13870008
0.13342826
0.12830548
0.1354394
0.13085525
0.12637156
0.13333007
0.17556632
0.23891207
0.13160834
0.17134147
0.23162638
0.12952291
0.16631103
0.22292144
0.29396155
0.3386937
0.38759007
0.28338899
0.32352793
0.36718247
0.27074722
0.30552288
0.34308255
0.28823946
0.20344669
0.14286736
0.25835813
0.18621119
0.13682866
0.23112403
0.17080854
0.13114976
0.12412148
0.11883591
0.11371871
0.12305541
0.11821976
0.11351517
0.12174632
0.11745895
0.11326249
0.11327701
0.12865254
0.1551505
0.11327701
0.12865254
0.1551505
0.11327701
0.12865254
0.1551505
0.18582475
0.21636249
0.25164522
0.18483598
0.21297961
0.24515015
0.18361274
0.20884966
0.23730885
0.20527887
0.15640052
0.12551192
0.18349392
0.14435093
0.1204715
0.164282
0.13372767
0.11569729
0.57090125
0.39103973
0.20220689
0.5001135
0.33969966
0.18696818
0.43474087
0.29517662
0.17348498
0.55965978
0.38266762
0.19965471
0.49104762
0.33334875
0.18499347
0.42765656
0.29047779
0.17197689
0.53800481
0.36676315
0.19479019
0.47357428
0.32124229
0.18120998
0.41398736
0.28148662
0.16907319
0.34791828
0.32918653
0.29021862
0.30616145
0.2829083
0.24569129
0.26532701
0.24004024
0.2067465
0.34642986
0.32737946
0.28836635
0.3052968
0.28190816
0.24471966
0.26504651
0.23973261
0.20646259
0.34349546
0.3238295
0.28474108
0.30359099
0.27994039
0.24281262
0.26449237
0.23912584
0.20590328
0.2303224
0.17084692
0.13165264
0.19635143
0.1517523
0.12388045
0.16800325
0.13588843
0.11678313
0.22883976
0.16998781
0.1312973
0.19560835
0.15132411
0.12368671
0.16779401
0.13576689
0.11672243
0.22594746
0.16831344
0.13060142
0.19415263
0.15048547
0.12330608
0.16738211
0.13552765
0.11660282
0.50500793
0.34308129
0.18749639
0.44691814
0.30310675
0.17548741
0.39309024
0.26792893
0.16464487
0.46569587
0.31571001
0.17896333
0.41509231
0.281965
0.16871381
0.36805505
0.25197626
0.1593447
0.42053458
0.28534792
0.16931512
0.37840189
0.25825238
0.1609476
0.33904814
0.23387049
0.1531866
0.18749639
0.34308129
0.50500793
0.17548741
0.30310675
0.44691814
0.16464487
0.26792893
0.39309024
0.17896333
0.31571001
0.46569587
0.16871381
0.281965
0.41509231
0.1593447
0.25197626
0.36805505
0.16931512
0.28534792
0.42053458
0.1609476
0.25825238
0.37840189
0.1531866
0.23387049
0.33904814
0.34126378
0.23560899
0.15431063
0.29705586
0.20912167
0.14543023
0.25771341
0.18627819
0.13732618
0.32255375
0.22412386
0.15030649
0.28349841
0.20103273
0.14245079
0.24847718
0.18088117
0.13520711
0.30072413
0.21091425
0.14559211
0.26755024
0.19160494
0.13890119
0.23750547
0.17450312
0.1326545
0.22143923
0.16570757
0.1295094
0.19186698
0.14916919
0.12270544
0.16673001
0.13514894
0.11641312
0.21588448
0.16250293
0.12815075
0.18902172
0.14753134
0.12195242
0.16590882
0.1346721
0.11617365
0.20920614
0.15865804
0.12649637
0.18555608
0.14553721
0.12102683
0.16489388
0.13408286
0.11587677
-0.14433757
0
-0.28867513
-0.28867513
-0.14433757
-1.9515639e-18
-0.14433757
1.0842022e-18
-0.38463884
-0.37864925
-0.26592163
2.9273459e-18
0.26592163
-0.22368927
5.0957502e-18
0.22368927
-0.18319635
-1.3010426e-18
-0.3224644
1.2624179e-17
-0.25629728
-5.4210109e-20
-0.19728907
0
-0.30722904
5.9089018e-18
0.30722904
-0.24775119
-1.0842022e-19
0.24775119
-0.19368993
-3.008661e-18
-0.26924508
-0.16481389
-0.05729151
1.3918452e-17
1.311927e-17
-8.097635e-19
-0.21326717
-0.1299233
-0.045051695
-0.31047167
-0.28840695
-0.26717658
-0.25627281
-0.15665737
-0.054417567
3.8759963e-18
8.8379418e-18
4.4587814e-18
-0.20603062
-0.12540839
-0.043467228
-0.2965368
-0.2767634
-0.25761269
-0.32199842
-0.31857997
-0.31195018
1.1127287e-17
1.520763e-17
1.4325021e-17
1.1651997e-18
4.857734e-18
2.5546514e-18
-0.25603842
-0.25413461
-0.25041783
-0.35339144
-0.29278126
-0.23061039
-0.15308918
-0.17011605
-0.18774034
-0.26375191
-0.21650635
-0.16926079
-0.30487629
-0.33600514
-0.36769266
-0.34768534
-0.28777162
-0.22648244
-0.15255002
-0.16846444
-0.18484957
-0.26375191
-0.21650635
-0.16926079
-0.30395098
-0.33320369
-0.36284937
-0.38445987
-0.38313893
-0.38053624
-0.19718101
-0.19638441
-0.19481997
-0.14433757
-0.14433757
-0.14433757
-0.28867513
-0.28867513
-0.28867513
-0.16366737
-0.099285939
-0.034353612
2.7105054e-19
-6.2273862e-18
-7.2101562e-18
-0.11941434
-0.072168784
-0.024923225
-0.16063405
-0.097405832
-0.033696021
1.8431437e-18
-2.0735367e-18
-2.2768246e-18
-0.11941434
-0.072168784
-0.024923225
-3.6592088e-18
-1.9735868e-18
-3.8489177e-18
6.5073306e-19
1.3145951e-18
9.7578196e-19
-0.22122909
-0.13473355
-0.046712443
2.602297e-18
3.9166803e-18
-1.6805134e-18
-0.18570841
-0.11277388
-0.03904111
-0.25850013
-0.24458109
-0.23085435
-0.27450123
-0.28926139
-0.30171525
4.8789098e-19
9.3512437e-19
4.5536491e-18
9.2157185e-19
3.5710909e-18
2.4158438e-18
-0.22879749
-0.23744835
-0.24461567
0.054417567
0.15665737
0.25627281
0.2965368
0.2767634
0.25761269
0.043467228
0.12540839
0.20603062
0.046712443
0.13473355
0.22122909
0.25850013
0.24458109
0.23085435
0.03904111
0.11277388
0.18570841
0.27450123
0.28926139
0.30171525
0.22879749
0.23744835
0.24461567
2.5479545e-18
-8.6227954e-19
-2.6698478e-18
-0.23805083
-0.22009081
-0.20267041
-4.3389263e-19
-1.3552527e-20
3.5778672e-18
-0.15180621
-0.091947467
-0.031789198
-0.21657604
-0.20323217
-0.19006884
2.0599841e-18
-7.5894152e-19
5.4210109e-20
-0.1854698
-0.18926312
-0.19235298
-2.6020852e-18
-1.8431437e-18
1.3027367e-18
-0.11941434
-0.072168784
-0.024923225
-0.15093503
-0.16356894
-0.17637257
-1.7347235e-18
-1.6263033e-18
2.1667103e-18
-0.14433757
-0.14433757
-0.14433757
-0.22244486
-0.13562078
-0.047046277
-0.24038436
-0.14678344
-0.050958781
-0.25907068
-0.15844734
-0.055053577
-0.26884793
-0.16456385
-0.05720335
-0.26593524
-0.16273068
-0.056557115
-0.26028995
-0.15918085
-0.05530629
1.3552924e-17
4.876104e-18
1.5114112e-18
1.0745461e-17
6.6204095e-18
4.1127685e-18
1.317305e-17
1.371431e-17
4.6654575e-18
-0.045003606
-0.12978633
-0.21304783
-0.044650111
-0.12877939
-0.21143496
-0.043960928
-0.12681563
-0.20828759
-0.26688643
-0.2880526
-0.31004621
-0.26475334
-0.28544967
-0.30692361
-0.26059351
-0.28038435
-0.30086034
-0.24721777
-0.1510053
-0.052433323
-0.23049878
-0.14059278
-0.048782057
-0.21433924
-0.13055732
-0.045268158
-0.27881552
-0.22922586
-0.17942775
-0.30783811
-0.25384351
-0.19917718
-0.33748938
-0.27914694
-0.21957645
-0.35322074
-0.29263112
-0.23048651
-0.35196124
-0.29152388
-0.22957324
-0.34948155
-0.2893466
-0.22777901
-0.18765367
-0.17006666
-0.1530731
-0.18701453
-0.16970221
-0.15295435
-0.18575811
-0.1689845
-0.1527201
-0.16926079
-0.21650635
-0.26375191
-0.16926079
-0.21650635
-0.26375191
-0.16926079
-0.21650635
-0.26375191
-0.3048488
-0.33592171
-0.36754811
-0.30464557
-0.33530543
-0.3664809
-0.30424364
-0.33408838
-0.3643765
-0.332882
-0.27511175
-0.21625808
-0.30518018
-0.25152599
-0.19727828
-0.27793984
-0.22846557
-0.17880693
-0.12671171
-0.076626407
-0.026470955
-0.14092804
-0.085326377
-0.029494469
-0.15566941
-0.094369876
-0.032641303
-0.16357625
-0.099229429
-0.034333841
-0.16290466
-0.09881298
-0.034188151
-0.16158613
-0.097995698
-0.033902291
-3.1982901e-18
-5.4070348e-18
-7.5915328e-19
-9.6564403e-19
-4.1072628e-18
1.1180835e-18
-1.5720932e-18
-3.6591823e-19
1.8431437e-18
-0.024923225
-0.072168784
-0.11941434
-0.024923225
-0.072168784
-0.11941434
-0.024923225
-0.072168784
-0.11941434
-0.1532349
-0.092862461
-0.032114341
-0.13953897
-0.084467873
-0.029194637
-0.12625881
-0.076346986
-0.026373453
-0.2515843
-0.15371483
-0.05338174
-0.24100674
-0.14708688
-0.051050476
-0.22849233
-0.13926427
-0.048302401
4.3946185e-18
7.6910658e-18
8.0467601e-18
6.5865216e-18
2.9002408e-18
3.6828993e-18
3.6863403e-18
-1.2976545e-18
4.3368087e-18
-0.042887532
-0.12375551
-0.20337802
-0.041565734
-0.11998457
-0.19731955
-0.03997644
-0.11544658
-0.19001621
-0.25411168
-0.27251983
-0.29148121
-0.24612485
-0.26287626
-0.28003783
-0.23651425
-0.25134031
-0.26643124
-0.21497499
-0.13085675
-0.045356276
-0.20325928
-0.12360635
-0.042822107
-0.1917231
-0.11648226
-0.040334793
0.045268158
0.13055732
0.21433924
0.048782057
0.14059278
0.23049878
0.052433323
0.1510053
0.24721777
0.05338174
0.15371483
0.2515843
0.051050476
0.14708688
0.24100674
0.048302401
0.13926427
0.22849233
0.29148121
0.27251983
0.25411168
0.28003783
0.26287626
0.24612485
0.26643124
0.25134031
0.23651425
0.20337802
0.12375551
0.042887532
0.19731955
0.11998457
0.041565734
0.19001621
0.11544658
0.03997644
0.045356276
0.13085675
0.21497499
0.042822107
0.12360635
0.20325928
0.040334793
0.11648226
0.1917231
-0.16815746
-0.10203144
-0.035307387
-0.18277153
-0.11103377
-0.038446466
-0.19786612
-0.12035597
-0.041701345
3.849341e-18
-2.1771394e-19
-2.3581397e-18
-2.7118289e-20
1.1655173e-18
7.6571778e-19
1.7347235e-18
2.3039296e-19
2.1141942e-18
-0.033452217
-0.09670848
-0.15950801
-0.032889719
-0.095098959
-0.15690705
-0.032200999
-0.093127102
-0.15371676
-0.20105879
-0.21791895
-0.23526359
-0.19734097
-0.2129265
-0.22887988
-0.19278971
-0.20684838
-0.22115153
-0.17974195
-0.10909928
-0.037759923
-0.16856199
-0.10222457
-0.035364906
-0.15754944
-0.095466518
-0.033012953
2.1514802e-19
6.7868515e-19
1.7355705e-18
-1.5179889e-18
2.7037292e-18
4.8789098e-19
1.7338764e-18
1.6263033e-18
2.1684043e-18
-0.024923225
-0.072168784
-0.11941434
-0.024923225
-0.072168784
-0.11941434
-0.024923225
-0.072168784
-0.11941434
-0.15234785
-0.1678474
-0.18377359
-0.15187665
-0.16641391
-0.18128235
-0.15129047
-0.16463982
-0.17821531
-0.14610799
-0.088459636
-0.030576941
-0.13542786
-0.081932164
-0.02830992
-0.12490408
-0.075512649
-0.026082573
-0.25870846
-0.15821964
-0.054973355
-0.24008327
-0.14659468
-0.050892374
-0.22219877
-0.1354669
-0.046992216
-0.25605065
-0.15654938
-0.054385005
-0.23787206
-0.14520884
-0.050404895
-0.22039
-0.13433619
-0.046595007
-0.25089302
-0.15331085
-0.053244717
-0.23357131
-0.14251541
-0.049457816
-0.2168643
-0.13213362
-0.045821512
-0.33735172
-0.27902617
-0.21947701
-0.30775888
-0.25377431
-0.19912042
-0.27878947
-0.22920322
-0.17940924
-0.33633566
-0.27813518
-0.21874361
-0.30717373
-0.25326352
-0.19870155
-0.27859701
-0.22903594
-0.17927255
-0.33433361
-0.27638156
-0.21730139
-0.30601895
-0.25225654
-0.19787639
-0.27821662
-0.22870564
-0.17900282
-0.15559639
-0.094324636
-0.032625484
-0.14088648
-0.085300682
-0.029485493
-0.12669819
-0.076618066
-0.026468044
-0.15505796
-0.093991109
-0.032508865
-0.14057988
-0.08511112
-0.029419277
-0.12659842
-0.07655649
-0.026446554
-0.15399982
-0.093335898
-0.032279813
-0.13997624
-0.084738031
-0.029288973
-0.12640165
-0.076435081
-0.026404188
-0.2429229
-0.14831336
-0.051486356
-0.22689992
-0.1383425
-0.047991438
-0.21137498
-0.12870808
-0.044619209
-0.23321203
-0.14223591
-0.049350069
-0.21872942
-0.13324053
-0.046200108
-0.20461849
-0.1244981
-0.043142689
-0.22168459
-0.13503806
-0.04682288
-0.20897014
-0.12715888
-0.044067015
-0.1964992
-0.11944814
-0.041373201
0.051486356
0.14831336
0.2429229
0.047991438
0.1383425
0.22689992
0.044619209
0.12870808
0.21137498
0.049350069
0.14223591
0.23321203
0.046200108
0.13324053
0.21872942
0.043142689
0.1244981
0.20461849
0.04682288
0.13503806
0.22168459
0.044067015
0.12715888
0.20897014
0.041373201
0.11944814
0.1964992
-0.19551008
-0.11888954
-0.041187341
-0.18093839
-0.10989516
-0.038047789
-0.1667991
-0.10118939
-0.035012842
-0.19011809
-0.11553701
-0.040012847
-0.17672741
-0.10728203
-0.037133242
-0.16366742
-0.099249616
-0.034334602
-0.18359808
-0.11148964
-0.038596074
-0.17160611
-0.10410854
-0.036023374
-0.1598373
-0.096880245
-0.033506675
-0.15232928
-0.092302161
-0.031918549
-0.13902028
-0.084147523
-0.029082793
-0.12608908
-0.076242327
-0.026336944
-0.15023361
-0.091006511
-0.031465955
-0.13781586
-0.083404136
-0.028823335
-0.12569362
-0.075998632
-0.026251958
-0.14765571
-0.089414503
-0.030910145
-0.13632636
-0.0824857
-0.028502938
-0.12520201
-0.075695943
-0.026146444
0.28867513
0.28867513
0
0.14433757
7.5894152e-19
-2.1684043e-19
0.14433757
0.14433757
4.3368087e-19
0.18319635
0.57019239
0.59335069
0.57019239
0.47240707
0.48603889
0.47240707
0.37864925
0.38463884
2.0261028e-18
-2.6359665e-18
-2.6901766e-17
1.1492543e-17
1.6744147e-17
2.8785568e-17
0.30722904
0.3224644
0.30722904
0.24775119
0.25629728
0.24775119
0.19368993
0.19728907
1.0842081e-17
6.6915603e-20
1.9722315e-17
-1.9303345e-17
3.7413869e-17
1.1387511e-17
-2.3849437e-17
-2.4255635e-17
7.5419814e-18
-1.5687378e-17
-4.7383023e-18
-2.1021664e-17
0.31195018
0.31857997
0.32199842
0.31047167
0.28840695
0.26717658
0.25041783
0.25413461
0.25603842
0.2965368
0.2767634
0.25761269
0.054417567
0.15665737
0.25627281
0.05729151
0.16481389
0.26924508
0.045051695
0.1299233
0.21326717
0.043467228
0.12540839
0.20603062
-3.3455816e-19
1.2189228e-17
-9.256376e-18
-1.0760707e-17
2.4835006e-18
2.0779889e-17
3.8219715e-18
2.6766241e-18
7.5894152e-19
1.7347235e-18
4.1199683e-18
3.7455797e-18
0.1854698
0.18926312
0.19235298
0.15255002
0.16846444
0.18484957
0.14433757
0.14433757
0.14433757
0.15093503
0.16356894
0.17637257
0.031789198
0.091947467
0.15180621
0.033696021
0.097405832
0.16063405
0.024923225
0.072168784
0.11941434
0.024923225
0.072168784
0.11941434
7.3872258e-18
-3.1789147e-18
3.0804894e-17
-4.8246997e-18
-4.858581e-18
9.9852479e-18
1.0021141e-17
8.7684851e-18
-9.2157185e-19
0.19481997
0.19638441
0.19718101
0.15308918
0.17011605
0.18774034
0.14433757
0.14433757
0.14433757
0.034353612
0.099285939
0.16366737
0.024923225
0.072168784
0.11941434
0.57741475
0.58748697
0.59264872
0.57437618
0.53892397
0.50413239
0.47668054
0.48260673
0.4856287
0.55300856
0.52078024
0.48899717
0.52936069
0.44639856
0.35681328
0.55184515
0.4667897
0.37407891
0.4492025
0.37588867
0.29851333
0.43609876
0.3642077
0.28876571
0.32199842
0.31857997
0.31195018
0.2965368
0.2767634
0.25761269
0.25603842
0.25413461
0.25041783
0.59264872
0.58748697
0.57741475
0.55300856
0.52078024
0.48899717
0.4856287
0.48260673
0.47668054
0.52936069
0.44639856
0.35681328
0.43609876
0.3642077
0.28876571
0.24563076
0.22597295
0.20701788
0.23805083
0.22009081
0.20267041
0.46812151
0.43463085
0.40174699
0.38053624
0.38313893
0.38445987
0.455937
0.42504043
0.39456189
0.35339144
0.29278126
0.23061039
0.34768534
0.28777162
0.22648244
0.30487629
0.33600514
0.36769266
0.28867513
0.28867513
0.28867513
0.30395098
0.33320369
0.36284937
0.26375191
0.21650635
0.16926079
0.26375191
0.21650635
0.16926079
-6.9726561e-18
-3.367316e-17
-1.3854071e-17
-5.5335004e-17
1.7190269e-18
1.1271891e-17
-3.0962585e-17
-2.1043591e-17
1.5089859e-18
0.05530629
0.056557115
0.05720335
0.15918085
0.16273068
0.16456385
0.26028995
0.26593524
0.26884793
0.055053577
0.050958781
0.047046277
0.15844734
0.14678344
0.13562078
0.25907068
0.24038436
0.22244486
0.045003606
0.044650111
0.043960928
0.12978633
0.12877939
0.12681563
0.21304783
0.21143496
0.20828759
0.045268158
0.048782057
0.052433323
0.13055732
0.14059278
0.1510053
0.21433924
0.23049878
0.24721777
0.30086034
0.30692361
0.31004621
0.28038435
0.28544967
0.2880526
0.26059351
0.26475334
0.26688643
-3.7359182e-18
-4.9466724e-18
7.3861273e-18
-2.6406021e-18
-1.509201e-17
4.8145353e-18
-4.4405754e-18
2.494287e-18
-1.6218378e-17
0.032200999
0.032889719
0.033452217
0.093127102
0.095098959
0.09670848
0.15371676
0.15690705
0.15950801
0.032114341
0.029194637
0.026373453
0.092862461
0.084467873
0.076346986
0.1532349
0.13953897
0.12625881
0.024923225
0.024923225
0.024923225
0.072168784
0.072168784
0.072168784
0.11941434
0.11941434
0.11941434
0.026082573
0.02830992
0.030576941
0.075512649
0.081932164
0.088459636
0.12490408
0.13542786
0.14610799
0.17821531
0.18128235
0.18377359
0.16463982
0.16641391
0.1678474
0.15129047
0.15187665
0.15234785
3.9902399e-18
1.5521032e-17
-1.3118846e-17
-6.1410352e-18
1.7127006e-17
-6.6237976e-18
-1.0042175e-17
-2.2720534e-18
6.2347448e-18
0.033902291
0.034188151
0.034333841
0.097995698
0.09881298
0.099229429
0.16158613
0.16290466
0.16357625
0.032641303
0.029494469
0.026470955
0.094369876
0.085326377
0.076626407
0.15566941
0.14092804
0.12671171
0.024923225
0.024923225
0.024923225
0.072168784
0.072168784
0.072168784
0.11941434
0.11941434
0.11941434
0.18575811
0.18701453
0.18765367
0.1689845
0.16970221
0.17006666
0.1527201
0.15295435
0.1530731
0.36216784
0.36968063
0.37355141
0.45273421
0.46160566
0.46616835
0.53636295
0.54614326
0.55116224
0.36042754
0.33525945
0.31097955
0.45048953
0.42029804
0.39099869
0.53360195
0.49962501
0.46641834
0.29821831
0.29604809
0.29180896
0.3755358
0.37293873
0.36785939
0.4488076
0.44589941
0.44020226
0.30008244
0.32202007
0.34461701
0.37797121
0.40454392
0.43176726
0.45184539
0.48209907
0.51289327
0.55967856
0.56897123
0.57372932
0.52645361
0.53434305
0.53837604
0.49373779
0.50031807
0.5036764
0.26688643
0.26475334
0.26059351
0.2880526
0.28544967
0.28038435
0.31004621
0.30692361
0.30086034
0.37355141
0.36968063
0.36216784
0.46616835
0.46160566
0.45273421
0.55116224
0.54614326
0.53636295
0.34461701
0.32202007
0.30008244
0.43176726
0.40454392
0.37797121
0.51289327
0.48209907
0.45184539
0.29180896
0.29604809
0.29821831
0.36785939
0.37293873
0.3755358
0.44020226
0.44589941
0.4488076
0.57372932
0.56897123
0.55967856
0.53837604
0.53434305
0.52645361
0.5036764
0.50031807
0.49373779
0.204034
0.2059239
0.20688716
0.22193207
0.22448956
0.22579558
0.24041864
0.24371491
0.24540153
0.28627495
0.26367877
0.24183923
0.36101058
0.33342478
0.30661892
0.43219011
0.40048637
0.36947731
0.23048651
0.22957324
0.22777901
0.29263112
0.29152388
0.2893466
0.35322074
0.35196124
0.34948155
0.23685745
0.2569503
0.27762052
0.30058548
0.32530876
0.35061557
0.36262217
0.39130993
0.42049661
0.45976008
0.46505666
0.46775532
0.42805449
0.4322228
0.43434329
0.39682364
0.39994606
0.40153204
0.21957645
0.19917718
0.17942775
0.27914694
0.25384351
0.22922586
0.33748938
0.30783811
0.27881552
0.16926079
0.16926079
0.16926079
0.21650635
0.21650635
0.21650635
0.26375191
0.26375191
0.26375191
0.17880693
0.19727828
0.21625808
0.22846557
0.25152599
0.27511175
0.27793984
0.30518018
0.332882
0.3643765
0.3664809
0.36754811
0.33408838
0.33530543
0.33592171
0.30424364
0.30464557
0.3048488
0.053244717
0.054385005
0.054973355
0.049457816
0.050404895
0.050892374
0.045821512
0.046595007
0.046992216
0.15331085
0.15654938
0.15821964
0.14251541
0.14520884
0.14659468
0.13213362
0.13433619
0.1354669
0.25089302
0.25605065
0.25870846
0.23357131
0.23787206
0.24008327
0.2168643
0.22039
0.22219877
0.030910145
0.031465955
0.031918549
0.028502938
0.028823335
0.029082793
0.026146444
0.026251958
0.026336944
0.089414503
0.091006511
0.092302161
0.0824857
0.083404136
0.084147523
0.075695943
0.075998632
0.076242327
0.14765571
0.15023361
0.15232928
0.13632636
0.13781586
0.13902028
0.12520201
0.12569362
0.12608908
0.032279813
0.032508865
0.032625484
0.029288973
0.029419277
0.029485493
0.026404188
0.026446554
0.026468044
0.093335898
0.093991109
0.094324636
0.084738031
0.08511112
0.085300682
0.076435081
0.07655649
0.076618066
0.15399982
0.15505796
0.15559639
0.13997624
0.14057988
0.14088648
0.12640165
0.12659842
0.12669819
0.34952621
0.35640517
0.35994532
0.32614005
0.33189929
0.33485691
0.30348081
0.30822029
0.31064922
0.43759077
0.44573542
0.44991991
0.40945418
0.41630644
0.41982009
0.38203968
0.38770503
0.39060457
0.51934883
0.52835597
0.53297384
0.48757248
0.4951941
0.4990948
0.45640473
0.46274118
0.46597858
0.35994532
0.35640517
0.34952621
0.33485691
0.33189929
0.32614005
0.31064922
0.30822029
0.30348081
0.44991991
0.44573542
0.43759077
0.41982009
0.41630644
0.40945418
0.39060457
0.38770503
0.38203968
0.53297384
0.52835597
0.51934883
0.4990948
0.4951941
0.48757248
0.46597858
0.46274118
0.45640473
0.2803254
0.28408876
0.28601342
0.25905747
0.26198281
0.26347602
0.23842064
0.24058619
0.24168952
0.35386852
0.35838828
0.360697
0.32785331
0.33138156
0.33318059
0.30248055
0.30510302
0.30643786
0.42416185
0.42924546
0.43183817
0.39419117
0.39817989
0.40021085
0.36477819
0.36775746
0.36927198
0.21730139
0.21874361
0.21947701
0.19787639
0.19870155
0.19912042
0.17900282
0.17927255
0.17940924
0.27638156
0.27813518
0.27902617
0.25225654
0.25326352
0.25377431
0.22870564
0.22903594
0.22920322
0.33433361
0.33633566
0.33735172
0.30601895
0.30717373
0.30775888
0.27821662
0.27859701
0.27878947
