MFEM mesh v1.0

#
# MFEM Geometry Types (see mesh/geom.hpp):
#
# POINT       = 0
# SEGMENT     = 1
# TRIANGLE    = 2
# SQUARE      = 3
# TETRAHEDRON = 4
# CUBE        = 5
#

dimension
3

elements
9
1 5 19 7 8 20 21 10 11 22
1 5 6 3 10 21 1 0 4 13
1 5 21 10 11 22 13 4 5 14
1 5 7 23 24 8 10 26 27 11
1 5 8 24 25 9 11 27 28 12
1 5 3 15 26 10 0 2 16 4
1 5 10 26 27 11 4 16 17 5
1 5 1 18 2 0 13 29 16 4
1 5 13 29 16 4 14 30 17 5

boundary
28
1 3 6 3 0 1
1 3 3 15 2 0
1 3 0 2 18 1
55 3 20 8 7 19
55 3 19 7 10 21
55 3 21 10 3 6
55 3 20 19 21 22
55 3 8 20 22 11
55 3 9 8 11 12
55 3 21 6 1 13
55 3 22 21 13 14
55 3 11 22 14 5
55 3 8 24 23 7
55 3 9 25 24 8
55 3 7 23 26 10
55 3 10 26 15 3
55 3 23 24 27 26
55 3 24 25 28 27
55 3 25 9 12 28
55 3 11 27 28 12
55 3 15 26 16 2
55 3 26 27 17 16
55 3 27 11 5 17
55 3 1 18 29 13
55 3 18 2 16 29
55 3 13 29 30 14
55 3 29 16 17 30
55 3 14 30 17 5

vertices
31

nodes
FiniteElementSpace
FiniteElementCollection: H1_3D_P4
VDim: 3
Ordering: 0

0.57680281
0.30998466
0.59718411
0.67220951
0.50295308
0.42586599
0.37298049
0.59296204
0.48293061
0.37107077
0.56955658
0.46850803
0.36407998
0.26568513
0.22229806
0.80820096
0.46713824
0.34802459
0.35742227
0.3224644
0.25605782
0.30721416
0.2473562
0.66119981
0.45397621
0.28596008
0.60844596
0.42529438
0.27585809
0.27788281
0.20621024
0.55166695
0.4667491
0.37407891
0.57379344
0.53773387
0.50186198
0.44719251
0.37501138
0.29813393
0.31046137
0.28836607
0.26704075
0.5290318
0.44630397
0.3567853
0.55210638
0.51910204
0.48604145
0.4334417
0.36293034
0.28816343
0.29650803
0.27667355
0.25736765
0.32199842
0.31857997
0.31193974
0.59225409
0.58704574
0.57686803
0.48249876
0.47931323
0.47304556
0.2557952
0.2538621
0.25007894
0.6278812
0.53501952
0.4314642
0.65423035
0.6204664
0.5870631
0.36113607
0.33926012
0.31810788
0.53530853
0.45101024
0.36016927
0.56417934
0.54012864
0.51586483
0.46520256
0.3895673
0.3094421
0.30222151
0.28764584
0.27323341
0.32278198
0.34512795
0.36435579
0.59676332
0.63090058
0.65955636
0.51722285
0.54120647
0.5609475
0.27436128
0.28920801
0.30169295
0.48994713
0.46498283
0.43952689
0.39291034
0.32760198
0.25928958
0.25816654
0.24396828
0.22979059
0.43519188
0.45063922
0.46312775
0.22771245
0.2367524
0.24414435
0.62086334
0.66475941
0.679799
0.62357606
0.55405147
0.48755517
0.49673792
0.50918859
0.48726641
0.59306714
0.62793177
0.6322654
0.5751685
0.51372603
0.45497859
0.47942006
0.48609952
0.4593594
0.65958757
0.6477558
0.62479563
0.4530997
0.44666754
0.43418521
0.4215852
0.36382424
0.3113495
0.37028971
0.35493607
0.31612715
0.46394198
0.42764965
0.39078646
0.39663105
0.34539203
0.29861129
0.3620126
0.34470079
0.30538533
0.45086871
0.41703402
0.38255195
0.2856537
0.28340109
0.27900709
0.37086254
0.3693244
0.36628729
0.70801595
0.76917225
0.80964612
0.77315948
0.70721261
0.64220229
0.5956796
0.62291904
0.62215427
0.57428987
0.53129287
0.48903764
0.51409849
0.52333947
0.50061355
0.64042801
0.71574907
0.77979086
0.49602663
0.54641841
0.58936649
0.4455633
0.40570709
0.36745852
0.42849669
0.41952128
0.38206707
0.36392887
0.39150957
0.4149139
0.32270389
0.34438715
0.35846631
0.56883747
0.49871635
0.4101988
0.2738931
0.28595144
0.28690326
0.44334945
0.38719222
0.31840355
0.34338604
0.31706074
0.29123686
0.22600691
0.22809576
0.2183821
0.32848659
0.28530396
0.23507761
0.26475786
0.24063644
0.21772426
0.31075662
0.39044032
0.4650195
0.33518677
0.42008073
0.49896399
0.36040731
0.45041458
0.53331509
0.37355141
0.46612666
0.55098061
0.36966792
0.46155508
0.54593447
0.36214759
0.45266108
0.53609026
0.57313865
0.53717326
0.50138753
0.56831912
0.53304325
0.49788919
0.55888973
0.52494399
0.49101337
0.44678029
0.37464826
0.29783343
0.44374055
0.37197249
0.29562067
0.4377645
0.3667214
0.29128624
0.26674807
0.2880107
0.31003557
0.2645951
0.28539951
0.30691013
0.26038889
0.28031365
0.30083927
0.34456537
0.43160921
0.5123995
0.32187045
0.40415596
0.48108761
0.2996986
0.37710441
0.44990868
0.36919142
0.4611663
0.54577003
0.39325467
0.48984085
0.57784569
0.41806085
0.51922515
0.61043912
0.42174123
0.52366827
0.61549699
0.40002382
0.49820397
0.58759702
0.37469603
0.46827742
0.55454333
0.6423371
0.60994316
0.57781726
0.61534838
0.58596837
0.55666429
0.58309391
0.557134
0.53105553
0.52073476
0.43885292
0.35051435
0.50176514
0.42190504
0.33630947
0.47881484
0.40155924
0.31936883
0.31210249
0.33229368
0.35310887
0.29857444
0.31664844
0.3351712
0.28255611
0.29826695
0.31423628
0.35130764
0.44035467
0.52326022
0.33463927
0.42022652
0.50037921
0.31811504
0.40015365
0.47739415
0.5441089
0.51219782
0.48015228
0.52572828
0.49626233
0.46650688
0.50331936
0.47671091
0.44967111
0.42831954
0.35844562
0.28447604
0.41644221
0.34807335
0.27597456
0.40176653
0.33529758
0.26554896
0.25381015
0.27240154
0.29144016
0.24564909
0.26266069
0.27994908
0.23571657
0.25091767
0.26622236
0.30078941
0.37896897
0.45294879
0.28440836
0.3588003
0.42949842
0.26799171
0.3384476
0.40566944
0.51817336
0.53613004
0.51961272
0.55869382
0.58708857
0.58221155
0.59930658
0.63792827
0.64592
0.62002198
0.66364543
0.6783565
0.61383347
0.6554501
0.66775181
0.60174623
0.63943592
0.64707443
0.62209624
0.55281834
0.48655923
0.61123709
0.54377033
0.47925127
0.59016833
0.52621925
0.46507338
0.48641936
0.50849406
0.49621887
0.48019239
0.50337667
0.49239105
0.46805239
0.49333891
0.48486456
0.57350822
0.60360936
0.60182787
0.53644343
0.55732608
0.54459574
0.49920603
0.51075941
0.48839184
0.392416
0.3809647
0.34311817
0.43406161
0.43127548
0.39754768
0.47521186
0.482233
0.45553896
0.42082311
0.36326244
0.3109624
0.4152297
0.35913698
0.3081177
0.40437025
0.3511169
0.30257629
0.31580244
0.35462865
0.37004251
0.31341295
0.35236269
0.36821777
0.30874159
0.34791347
0.36462116
0.39054107
0.42733289
0.46355107
0.3887287
0.4249942
0.46066655
0.38515117
0.42038185
0.45498572
0.45950175
0.46141165
0.43088067
0.42132497
0.41471873
0.37878698
0.38260525
0.36858949
0.3297712
0.61267096
0.65221939
0.66280125
0.65005427
0.69827811
0.72082819
0.68785976
0.74457023
0.77894629
0.69306443
0.74974496
0.78477495
0.65927659
0.70582491
0.728404
0.6191257
0.65352974
0.66126959
0.74637681
0.68349535
0.62152976
0.68600427
0.63005682
0.57498198
0.61502393
0.56728773
0.52035307
0.61488759
0.61438628
0.58285133
0.57535371
0.58333516
0.55943735
0.52813747
0.54567298
0.53100656
0.58176625
0.60602081
0.60122433
0.55522726
0.5736689
0.56142018
0.52839935
0.54085079
0.52157922
0.55766699
0.49915034
0.4431971
0.51827839
0.46634385
0.41665649
0.47206443
0.42782458
0.38543163
0.44916026
0.47754807
0.47296955
0.42596188
0.45784967
0.45802135
0.39824547
0.43382081
0.43958833
0.49967654
0.50569068
0.47972782
0.47195633
0.47187862
0.44049534
0.44366831
0.43767456
0.40198368
0.55385926
0.58220527
0.58756728
0.46799784
0.49568327
0.50805375
0.37458348
0.3988824
0.41335705
0.31413582
0.33417732
0.34601169
0.2980725
0.31499451
0.32250558
0.28220432
0.29596043
0.29914583
0.39403983
0.47911655
0.54676537
0.36368665
0.44226127
0.50528512
0.33385431
0.40599502
0.4644944
0.31869271
0.33175087
0.3307124
0.40028108
0.41380999
0.40683053
0.47649925
0.48804173
0.47173705
0.2656107
0.27595196
0.27473796
0.24995238
0.25700296
0.25197522
0.23429063
0.23806447
0.22977935
0.30319986
0.36867256
0.422519
0.27520271
0.33450529
0.3840552
0.24852438
0.30183278
0.34718923
0.26324321
0.26444535
0.2508724
0.33160035
0.33009288
0.30818873
0.39624531
0.39036356
0.35866594
0.35992448
0.44984319
0.5326821
0.33478257
0.41959883
0.49842503
0.31042249
0.39003854
0.46456565
0.35637935
0.44564447
0.52802594
0.33181164
0.41605402
0.49445663
0.30796375
0.3870797
0.46122062
0.34948735
0.43746487
0.51893072
0.32601999
0.40912925
0.48668491
0.30315576
0.38128233
0.45465277
0.40900023
0.508618
0.59884361
0.38537344
0.48055825
0.56763052
0.36238826
0.45310946
0.53683661
0.38871693
0.48474889
0.5726224
0.36763737
0.45959535
0.54443556
0.34701783
0.43483118
0.51646213
0.36497058
0.45663618
0.54145395
0.34674395
0.43472476
0.51668021
0.32876622
0.41298147
0.4919079
0.33880086
0.42473578
0.50471154
0.31699582
0.39830073
0.47448111
0.29562375
0.37217006
0.44429446
0.32570723
0.40905902
0.48709008
0.30586071
0.38487266
0.45926507
0.28625889
0.36079002
0.43130433
0.31002057
0.39015558
0.46568678
0.29239725
0.36853944
0.4406471
0.27482855
0.34682993
0.41530287
0.59852723
0.63689183
0.64458211
0.55802404
0.58619177
0.58107004
0.51760413
0.53536659
0.51866509
0.59279187
0.62926365
0.63474594
0.55309033
0.57958723
0.57267781
0.51340773
0.52974198
0.51169862
0.58157472
0.61434144
0.61556544
0.54341782
0.56664745
0.55631427
0.50516379
0.51871218
0.49811692
0.4747415
0.48160684
0.45479063
0.43368081
0.43077771
0.3969788
0.39212291
0.38059283
0.34271416
0.47127176
0.47699285
0.4492892
0.43087067
0.42710954
0.3927958
0.38995957
0.37785209
0.33974215
0.46444439
0.46794104
0.43856266
0.42533592
0.41991184
0.38463537
0.38569647
0.37247245
0.33393731
0.67380738
0.72626551
0.75541966
0.63761163
0.68196686
0.69977427
0.60171672
0.6377507
0.64416154
0.64197642
0.6847643
0.70202215
0.60929648
0.64479925
0.6519094
0.57667133
0.60464292
0.60175855
0.60400974
0.63514975
0.63834466
0.57527998
0.60006229
0.59475131
0.54636856
0.56457595
0.55110934
0.56400058
0.59096076
0.58570744
0.52820343
0.54632561
0.53084648
0.49215326
0.50136725
0.47698249
0.54215844
0.56192239
0.54903706
0.50919664
0.5210206
0.4995781
0.47583152
0.47973882
0.45103653
0.5155459
0.52663791
0.50524946
0.48590596
0.49020095
0.46225153
0.45574123
0.45336523
0.42005452
0.36481077
0.38721558
0.39903221
0.45626068
0.48159932
0.49059594
0.54058883
0.56616001
0.56762535
0.34644766
0.3652244
0.37192504
0.43409198
0.45487997
0.45744483
0.51536683
0.53552828
0.52970039
0.32824952
0.3433109
0.34490408
0.41196587
0.42804401
0.42428354
0.48998548
0.5045463
0.49172742
0.3091506
0.32017686
0.31659008
0.38856871
0.39951045
0.38944074
0.46292647
0.47142106
0.45181782
0.29105743
0.29817678
0.29010927
0.36623609
0.37221077
0.35677315
0.43690605
0.43960334
0.41439185
0.27288609
0.27610135
0.26420841
0.34364826
0.34468015
0.32473156
0.41042529
0.40743381
0.37765571
-0.57735027
-0.67227043
-0.31000795
-0.67227043
-0.50518149
-0.4330127
-0.84957113
-0.59335069
-0.48603889
-0.38463884
-0.57019239
-0.47240707
-0.37864925
-0.57019239
-0.47240707
-0.37298049
-0.26592163
-0.22368927
-0.37298049
-0.73185567
-0.56723152
-0.68827279
-0.54236453
-0.3224644
-0.25629728
-0.19728907
-0.30722904
-0.24775119
-0.19368993
-0.30722904
-0.24775119
-0.62192553
-0.67132121
-0.71323188
-0.57437618
-0.53892397
-0.50413239
-0.50319416
-0.53234703
-0.55659596
-0.70201769
-0.64712055
-0.59429927
-0.59470673
-0.6368947
-0.67250374
-0.55300856
-0.52078024
-0.48899717
-0.48725134
-0.51239955
-0.5332435
-0.66204309
-0.61353593
-0.56655631
-0.73052242
-0.72074224
-0.70177661
-0.59264872
-0.58748697
-0.57741475
-0.4856287
-0.48260673
-0.47668054
-0.56647815
-0.56093773
-0.55012271
-0.70822101
-0.77112957
-0.82527783
-0.65432542
-0.62067735
-0.58750416
-0.82051496
-0.76684993
-0.71496025
-0.59712124
-0.63106638
-0.65963981
-0.56488866
-0.54126588
-0.5176431
-0.51895855
-0.54232058
-0.56170451
-0.65432542
-0.62067735
-0.58750416
-0.70822101
-0.77112957
-0.82527783
-0.59712124
-0.63106638
-0.65963981
-0.51895855
-0.54232058
-0.56170451
-0.59470673
-0.6368947
-0.67250374
-0.49271987
-0.46909709
-0.44547431
-0.44150297
-0.45572427
-0.46735889
-0.55300856
-0.52078024
-0.48899717
-0.44150297
-0.45572427
-0.46735889
-0.48725134
-0.51239955
-0.5332435
-0.55184515
-0.4667897
-0.37407891
-0.31047167
-0.28840695
-0.26717658
-0.4492025
-0.37588867
-0.29851333
-0.52936069
-0.44639856
-0.35681328
-0.2965368
-0.2767634
-0.25761269
-0.43609876
-0.3642077
-0.28876571
-0.32199842
-0.31857997
-0.31195018
-0.25603842
-0.25413461
-0.25041783
-0.24563076
-0.22597295
-0.20701788
-0.35339144
-0.29278126
-0.23061039
-0.46812151
-0.43463085
-0.40174699
-0.23805083
-0.22009081
-0.20267041
-0.34768534
-0.28777162
-0.22648244
-0.455937
-0.42504043
-0.39456189
-0.19718101
-0.19638441
-0.19481997
-0.38445987
-0.38313893
-0.38053624
-0.6278812
-0.53501952
-0.4314642
-0.36113607
-0.33926012
-0.31810788
-0.53562341
-0.45112133
-0.36020918
-0.30225771
-0.2877255
-0.27339838
-0.46672901
-0.39031051
-0.30979848
-0.32278198
-0.34512795
-0.36435579
-0.27450123
-0.28926139
-0.30171525
-0.25850013
-0.24458109
-0.23085435
-0.39845788
-0.33097257
-0.26123552
-0.22879749
-0.23744835
-0.24461567
-0.6278812
-0.53501952
-0.4314642
-0.32278198
-0.34512795
-0.36435579
-0.52936069
-0.44639856
-0.35681328
-0.27450123
-0.28926139
-0.30171525
-0.36113607
-0.33926012
-0.31810788
-0.43609876
-0.3642077
-0.28876571
-0.22879749
-0.23744835
-0.24461567
-0.2965368
-0.2767634
-0.25761269
-0.58243653
-0.555448
-0.5231085
-0.63276506
-0.60024236
-0.56152014
-0.68493468
-0.64640067
-0.6008228
-0.71198729
-0.67027185
-0.62109864
-0.70285493
-0.66256691
-0.61502184
-0.68513266
-0.64758889
-0.60318202
-0.57372932
-0.53837604
-0.5036764
-0.56897123
-0.53434305
-0.50031807
-0.55967856
-0.52645361
-0.49373779
-0.50271358
-0.53174422
-0.55588899
-0.49917463
-0.52730812
-0.5506888
-0.492243
-0.518634
-0.54053292
-0.59345743
-0.64609826
-0.70079696
-0.5872689
-0.63858938
-0.69183807
-0.57520191
-0.62397882
-0.67444436
-0.64754393
-0.61473255
-0.57573314
-0.60129899
-0.57349714
-0.5402524
-0.55640335
-0.53324724
-0.50539442
-0.69786565
-0.65934685
-0.61386084
-0.74708153
-0.70272461
-0.65067493
-0.7978477
-0.74720572
-0.68816517
-0.80266349
-0.7521652
-0.69333656
-0.7521652
-0.70963766
-0.65977922
-0.69333656
-0.65977922
-0.62011882
-0.64246372
-0.61021076
-0.57835327
-0.61558535
-0.58641982
-0.55748885
-0.58357371
-0.5579509
-0.53240437
-0.58476185
-0.62437531
-0.65774542
-0.56211294
-0.59597986
-0.62437531
-0.5349304
-0.56211294
-0.58476185
-0.69786565
-0.74708153
-0.7978477
-0.65934685
-0.70272461
-0.74720572
-0.61386084
-0.65067493
-0.68816517
-0.64246372
-0.61558535
-0.58357371
-0.61021076
-0.58641982
-0.5579509
-0.57835327
-0.55748885
-0.53240437
-0.54516274
-0.51409544
-0.48340205
-0.52721639
-0.49875865
-0.470527
-0.50553381
-0.48014297
-0.45482738
-0.48136214
-0.50505703
-0.52466922
-0.46781941
-0.48822494
-0.50505703
-0.45132243
-0.46781941
-0.48136214
-0.55640335
-0.60129899
-0.64754393
-0.53324724
-0.57349714
-0.61473255
-0.50539442
-0.5402524
-0.57573314
-0.54516274
-0.52721639
-0.50553381
-0.51409544
-0.49875865
-0.48014297
-0.48340205
-0.470527
-0.45482738
-0.46641834
-0.39099869
-0.31097955
-0.49962501
-0.42029804
-0.33525945
-0.53360195
-0.45048953
-0.36042754
-0.55116224
-0.46616835
-0.37355141
-0.54614326
-0.46160566
-0.36968063
-0.53636295
-0.45273421
-0.36216784
-0.31004621
-0.2880526
-0.26688643
-0.30692361
-0.28544967
-0.26475334
-0.30086034
-0.28038435
-0.26059351
-0.29821831
-0.3755358
-0.4488076
-0.29604809
-0.37293873
-0.44589941
-0.29180896
-0.36785939
-0.44020226
-0.51289327
-0.43176726
-0.34461701
-0.48209907
-0.40454392
-0.32202007
-0.45184539
-0.37797121
-0.30008244
-0.36947731
-0.30661892
-0.24183923
-0.40048637
-0.33342478
-0.26367877
-0.43219011
-0.36101058
-0.28627495
-0.24540153
-0.22579558
-0.20688716
-0.24371491
-0.22448956
-0.2059239
-0.24041864
-0.22193207
-0.204034
-0.23048651
-0.29263112
-0.35322074
-0.22957324
-0.29152388
-0.35196124
-0.22777901
-0.2893466
-0.34948155
-0.40153204
-0.43434329
-0.46775532
-0.39994606
-0.4322228
-0.46505666
-0.39682364
-0.42805449
-0.45976008
-0.42049661
-0.35061557
-0.27762052
-0.39130993
-0.32530876
-0.2569503
-0.36262217
-0.30058548
-0.23685745
-0.54598479
-0.46122132
-0.36920602
-0.57793621
-0.48985902
-0.39325467
-0.61047448
-0.51922515
-0.41806085
-0.61552794
-0.52366827
-0.42174123
-0.58766974
-0.49820397
-0.40002382
-0.55473086
-0.46833285
-0.37471292
-0.35310887
-0.33229368
-0.31211416
-0.3351712
-0.31665882
-0.29860564
-0.31425168
-0.29830605
-0.282648
-0.35055483
-0.43897996
-0.52114291
-0.33639963
-0.422147
-0.50242182
-0.31958805
-0.40205775
-0.47994278
-0.52368231
-0.44051335
-0.35136805
-0.50109777
-0.4205284
-0.33476634
-0.47858047
-0.40070419
-0.31836818
-0.29148121
-0.27251983
-0.25411168
-0.28003783
-0.26287626
-0.24612485
-0.26643124
-0.25134031
-0.23651425
-0.28518538
-0.35990592
-0.43125656
-0.27699329
-0.3500401
-0.42011781
-0.26709061
-0.33807137
-0.4065422
-0.45489614
-0.37996074
-0.30128386
-0.43251607
-0.36046079
-0.28529244
-0.41020232
-0.34111577
-0.26949349
-0.55473086
-0.46833285
-0.37471292
-0.58766974
-0.49820397
-0.40002382
-0.61552794
-0.52366827
-0.42174123
-0.61047448
-0.51922515
-0.41806085
-0.57793621
-0.48985902
-0.39325467
-0.54598479
-0.46122132
-0.36920602
-0.35310887
-0.3351712
-0.31425168
-0.33229368
-0.31665882
-0.29830605
-0.31211416
-0.29860564
-0.282648
-0.52114291
-0.43897996
-0.35055483
-0.50242182
-0.422147
-0.33639963
-0.47994278
-0.40205775
-0.31958805
-0.51289327
-0.43176726
-0.34461701
-0.48209907
-0.40454392
-0.32202007
-0.45184539
-0.37797121
-0.30008244
-0.29148121
-0.28003783
-0.26643124
-0.27251983
-0.26287626
-0.25134031
-0.25411168
-0.24612485
-0.23651425
-0.43125656
-0.35990592
-0.28518538
-0.42011781
-0.3500401
-0.27699329
-0.4065422
-0.33807137
-0.26709061
-0.683794
-0.64543687
-0.60006164
-0.6318081
-0.59943071
-0.56087659
-0.58164718
-0.55477613
-0.52257383
-0.67542038
-0.63835733
-0.59446589
-0.62477749
-0.59346429
-0.55614224
-0.57584339
-0.54983367
-0.51863789
-0.6591519
-0.62458064
-0.5835531
-0.61108928
-0.5818312
-0.54689324
-0.56452061
-0.54017886
-0.51093552
-0.77672593
-0.72945518
-0.67420215
-0.72862758
-0.6871559
-0.63837835
-0.68188046
-0.6458116
-0.60312952
-0.72945518
-0.68956937
-0.64266612
-0.6871559
-0.652041
-0.61051328
-0.6458116
-0.61517064
-0.57873139
-0.67420215
-0.64266612
-0.60529423
-0.63837835
-0.61051328
-0.57732426
-0.60312952
-0.57873139
-0.54952602
-0.63396282
-0.60319131
-0.56654839
-0.58981969
-0.56371075
-0.53243852
-0.54686566
-0.52509184
-0.49886301
-0.60319131
-0.57696496
-0.54559501
-0.56371075
-0.54139366
-0.51455559
-0.52509184
-0.50642978
-0.48386809
-0.56654839
-0.54559501
-0.52038189
-0.53243852
-0.51455559
-0.49293162
-0.49886301
-0.48386809
-0.46564831
-0.53297384
-0.44991991
-0.35994532
-0.4990948
-0.41982009
-0.33485691
-0.46597858
-0.39060457
-0.31064922
-0.52835597
-0.44573542
-0.35640517
-0.4951941
-0.41630644
-0.33189929
-0.46274118
-0.38770503
-0.30822029
-0.51934883
-0.43759077
-0.34952621
-0.48757248
-0.40945418
-0.32614005
-0.45640473
-0.38203968
-0.30348081
-0.43183817
-0.360697
-0.28601342
-0.40021085
-0.33318059
-0.26347602
-0.36927198
-0.30643786
-0.24168952
-0.42924546
-0.35838828
-0.28408876
-0.39817989
-0.33138156
-0.26198281
-0.36775746
-0.30510302
-0.24058619
-0.42416185
-0.35386852
-0.2803254
-0.39419117
-0.32785331
-0.25905747
-0.36477819
-0.30248055
-0.23842064
-0.59889421
-0.508618
-0.40900023
-0.56775224
-0.48058561
-0.38537344
-0.53711009
-0.45318612
-0.36241041
-0.57273258
-0.48477477
-0.38871693
-0.544668
-0.45966172
-0.36765691
-0.51692722
-0.43498899
-0.34707236
-0.54171615
-0.45672011
-0.36499811
-0.51716093
-0.43490161
-0.34680988
-0.49275648
-0.41333483
-0.32891357
-0.50530977
-0.42494101
-0.33887239
-0.47565774
-0.39877664
-0.31718848
-0.44647023
-0.3731833
-0.29608868
-0.48800416
-0.40942271
-0.32585251
-0.46091144
-0.38561928
-0.30619588
-0.43412588
-0.36222233
-0.28696825
-0.46717045
-0.3908489
-0.31034083
-0.44307148
-0.36978595
-0.29302279
-0.41911909
-0.3489618
-0.27597604
-0.59889421
-0.508618
-0.40900023
-0.57273258
-0.48477477
-0.38871693
-0.54171615
-0.45672011
-0.36499811
-0.56775224
-0.48058561
-0.38537344
-0.544668
-0.45966172
-0.36765691
-0.51716093
-0.43490161
-0.34680988
-0.53711009
-0.45318612
-0.36241041
-0.51692722
-0.43498899
-0.34707236
-0.49275648
-0.41333483
-0.32891357
-0.50530977
-0.42494101
-0.33887239
-0.48800416
-0.40942271
-0.32585251
-0.46717045
-0.3908489
-0.31034083
-0.47565774
-0.39877664
-0.31718848
-0.46091144
-0.38561928
-0.30619588
-0.44307148
-0.36978595
-0.29302279
-0.44647023
-0.3731833
-0.29608868
-0.43412588
-0.36222233
-0.28696825
-0.41911909
-0.3489618
-0.27597604
0.57735027
0.67227043
0.67227043
0.31000795
0.50518149
0.4330127
0.37298049
1.9515639e-18
2.9273459e-18
4.3368087e-19
0.26592163
0.22368927
0.18319635
0.57019239
0.47240707
0.37298049
0.57019239
0.47240707
0.84957113
1.8566962e-18
-2.1900884e-17
0.30722904
0.24775119
2.0261028e-18
-2.6901766e-17
1.6744147e-17
0.30722904
0.24775119
0.19368993
0.68827279
0.54236453
1.1709383e-17
2.9171815e-17
-2.2141759e-17
-2.0778777e-17
-2.7985969e-18
-1.2088854e-17
-4.1741784e-18
-1.4697716e-17
8.266618e-18
-3.9648196e-17
-2.1848368e-17
-5.631075e-18
0.27450123
0.28926139
0.30171525
0.25850013
0.24458109
0.23085435
0.22879749
0.23744835
0.24461567
0.2965368
0.2767634
0.25761269
0.054417567
0.15665737
0.25627281
0.046712443
0.13473355
0.22122909
0.03904111
0.11277388
0.18570841
0.043467228
0.12540839
0.20603062
0.32278198
0.34512795
0.36435579
0.30225771
0.2877255
0.27339838
0.36113607
0.33926012
0.31810788
0.59712124
0.63106638
0.65963981
0.56488866
0.54126588
0.5176431
0.51895855
0.54232058
0.56170451
0.65432542
0.62067735
0.58750416
0.6278812
0.53501952
0.4314642
0.53562341
0.45112133
0.36020918
0.46672901
0.39031051
0.30979848
0.52936069
0.44639856
0.35681328
0.49271987
0.46909709
0.44547431
0.44150297
0.45572427
0.46735889
0.55300856
0.52078024
0.48899717
0.39845788
0.33097257
0.26123552
0.43609876
0.3642077
0.28876571
-1.2201999e-17
2.9933721e-17
-9.8289703e-18
-1.5687378e-17
-4.7383023e-18
-2.1021664e-17
-9.503445e-19
1.2425973e-18
1.747429e-17
0.27450123
0.28926139
0.30171525
0.2965368
0.2767634
0.25761269
0.22879749
0.23744835
0.24461567
0.054417567
0.15665737
0.25627281
0.043467228
0.12540839
0.20603062
-2.4293553e-17
1.8139634e-17
-5.6649564e-18
-3.3455816e-19
1.2189228e-17
-9.256376e-18
-1.0286368e-17
-6.7898161e-18
-3.2526065e-18
0.23805083
0.22009081
0.20267041
0.1854698
0.18926312
0.19235298
0.21657604
0.20323217
0.19006884
0.033696021
0.097405832
0.16063405
0.031789198
0.091947467
0.15180621
0.32278198
0.34512795
0.36435579
0.36113607
0.33926012
0.31810788
0.59712124
0.63106638
0.65963981
0.65432542
0.62067735
0.58750416
0.51895855
0.54232058
0.56170451
0.6278812
0.53501952
0.4314642
0.52936069
0.44639856
0.35681328
0.55300856
0.52078024
0.48899717
0.44150297
0.45572427
0.46735889
0.43609876
0.3642077
0.28876571
0.70822101
0.77112957
0.82527783
0.70822101
0.77112957
0.82527783
0.59470673
0.6368947
0.67250374
0.59470673
0.6368947
0.67250374
0.82051496
0.76684993
0.71496025
0.48725134
0.51239955
0.5332435
0.48725134
0.51239955
0.5332435
0.66204309
0.61353593
0.56655631
-5.2981911e-19
-1.0621793e-17
-3.7296555e-17
-1.4811211e-17
-1.8558492e-18
3.1407982e-18
-1.0662952e-18
1.3747418e-17
-2.3084454e-17
0.05338174
0.051050476
0.048302401
0.15371483
0.14708688
0.13926427
0.2515843
0.24100674
0.22849233
0.045356276
0.042822107
0.040334793
0.13085675
0.12360635
0.11648226
0.21497499
0.20325928
0.1917231
0.03997644
0.041565734
0.042887532
0.11544658
0.11998457
0.12375551
0.19001621
0.19731955
0.20337802
0.045268158
0.048782057
0.052433323
0.13055732
0.14059278
0.1510053
0.21433924
0.23049878
0.24721777
0.29148121
0.28003783
0.26643124
0.27251983
0.26287626
0.25134031
0.25411168
0.24612485
0.23651425
0.31211416
0.29860564
0.282648
0.33229368
0.31665882
0.29830605
0.35310887
0.3351712
0.31425168
0.42174123
0.40002382
0.37471292
0.52366827
0.49820397
0.46833285
0.61552794
0.58766974
0.55473086
0.35136805
0.33476634
0.31836818
0.44051335
0.4205284
0.40070419
0.52368231
0.50109777
0.47858047
0.31958805
0.33639963
0.35055483
0.40205775
0.422147
0.43897996
0.47994278
0.50242182
0.52114291
0.36920602
0.39325467
0.41806085
0.46122132
0.48985902
0.51922515
0.54598479
0.57793621
0.61047448
0.64246372
0.61558535
0.58357371
0.61021076
0.58641982
0.5579509
0.57835327
0.55748885
0.53240437
0.30128386
0.28529244
0.26949349
0.37996074
0.36046079
0.34111577
0.45489614
0.43251607
0.41020232
0.26709061
0.27699329
0.28518538
0.33807137
0.3500401
0.35990592
0.4065422
0.42011781
0.43125656
0.30008244
0.32202007
0.34461701
0.37797121
0.40454392
0.43176726
0.45184539
0.48209907
0.51289327
0.54516274
0.52721639
0.50553381
0.51409544
0.49875865
0.48014297
0.48340205
0.470527
0.45482738
-8.7169153e-18
-1.0347037e-17
-2.3393356e-17
-2.4288936e-17
-9.0377092e-18
1.2398445e-19
-8.9299217e-18
-4.2702401e-18
6.4401338e-18
0.048302401
0.051050476
0.05338174
0.13926427
0.14708688
0.15371483
0.22849233
0.24100674
0.2515843
0.052433323
0.048782057
0.045268158
0.1510053
0.14059278
0.13055732
0.24721777
0.23049878
0.21433924
0.042887532
0.041565734
0.03997644
0.12375551
0.11998457
0.11544658
0.20337802
0.19731955
0.19001621
0.26643124
0.28003783
0.29148121
0.25134031
0.26287626
0.27251983
0.23651425
0.24612485
0.25411168
1.0976961e-17
-6.8400028e-18
3.5304333e-18
9.2431139e-18
2.4889798e-18
-2.6035463e-17
-2.4540055e-18
-1.5921907e-17
3.7067869e-17
0.041701345
0.038446466
0.035307387
0.12035597
0.11103377
0.10203144
0.19786612
0.18277153
0.16815746
0.033452217
0.032889719
0.032200999
0.09670848
0.095098959
0.093127102
0.15950801
0.15690705
0.15371676
0.033012953
0.035364906
0.037759923
0.095466518
0.10222457
0.10909928
0.15754944
0.16856199
0.17974195
0.22115153
0.22887988
0.23526359
0.20684838
0.2129265
0.21791895
0.19278971
0.19734097
0.20105879
0.282648
0.29860564
0.31211416
0.29830605
0.31665882
0.33229368
0.31425168
0.3351712
0.35310887
0.37471292
0.40002382
0.42174123
0.46833285
0.49820397
0.52366827
0.55473086
0.58766974
0.61552794
0.41806085
0.39325467
0.36920602
0.51922515
0.48985902
0.46122132
0.61047448
0.57793621
0.54598479
0.35055483
0.33639963
0.31958805
0.43897996
0.422147
0.40205775
0.52114291
0.50242182
0.47994278
0.58357371
0.61558535
0.64246372
0.5579509
0.58641982
0.61021076
0.53240437
0.55748885
0.57835327
0.34461701
0.32202007
0.30008244
0.43176726
0.40454392
0.37797121
0.51289327
0.48209907
0.45184539
0.28518538
0.27699329
0.26709061
0.35990592
0.3500401
0.33807137
0.43125656
0.42011781
0.4065422
0.50553381
0.52721639
0.54516274
0.48014297
0.49875865
0.51409544
0.45482738
0.470527
0.48340205
0.62011882
0.65977922
0.69333656
0.65977922
0.70963766
0.7521652
0.69333656
0.7521652
0.80266349
0.68816517
0.74720572
0.7978477
0.65067493
0.70272461
0.74708153
0.61386084
0.65934685
0.69786565
0.7978477
0.74720572
0.68816517
0.74708153
0.70272461
0.65067493
0.69786565
0.65934685
0.61386084
0.58476185
0.62437531
0.65774542
0.56211294
0.59597986
0.62437531
0.5349304
0.56211294
0.58476185
0.57573314
0.61473255
0.64754393
0.5402524
0.57349714
0.60129899
0.50539442
0.53324724
0.55640335
0.64754393
0.61473255
0.57573314
0.60129899
0.57349714
0.5402524
0.55640335
0.53324724
0.50539442
0.48136214
0.50505703
0.52466922
0.46781941
0.48822494
0.50505703
0.45132243
0.46781941
0.48136214
0.051486356
0.049350069
0.04682288
0.047991438
0.046200108
0.044067015
0.044619209
0.043142689
0.041373201
0.14831336
0.14223591
0.13503806
0.1383425
0.13324053
0.12715888
0.12870808
0.1244981
0.11944814
0.2429229
0.23321203
0.22168459
0.22689992
0.21872942
0.20897014
0.21137498
0.20461849
0.1964992
0.40900023
0.38871693
0.36499811
0.38537344
0.36765691
0.34680988
0.36241041
0.34707236
0.32891357
0.508618
0.48477477
0.45672011
0.48058561
0.45966172
0.43490161
0.45318612
0.43498899
0.41333483
0.59889421
0.57273258
0.54171615
0.56775224
0.544668
0.51716093
0.53711009
0.51692722
0.49275648
0.33887239
0.32585251
0.31034083
0.31718848
0.30619588
0.29302279
0.29608868
0.28696825
0.27597604
0.42494101
0.40942271
0.3908489
0.39877664
0.38561928
0.36978595
0.3731833
0.36222233
0.3489618
0.50530977
0.48800416
0.46717045
0.47565774
0.46091144
0.44307148
0.44647023
0.43412588
0.41911909
0.04682288
0.049350069
0.051486356
0.044067015
0.046200108
0.047991438
0.041373201
0.043142689
0.044619209
0.13503806
0.14223591
0.14831336
0.12715888
0.13324053
0.1383425
0.11944814
0.1244981
0.12870808
0.22168459
0.23321203
0.2429229
0.20897014
0.21872942
0.22689992
0.1964992
0.20461849
0.21137498
0.038596074
0.040012847
0.041187341
0.036023374
0.037133242
0.038047789
0.033506675
0.034334602
0.035012842
0.11148964
0.11553701
0.11888954
0.10410854
0.10728203
0.10989516
0.096880245
0.099249616
0.10118939
0.18359808
0.19011809
0.19551008
0.17160611
0.17672741
0.18093839
0.1598373
0.16366742
0.1667991
0.36499811
0.38871693
0.40900023
0.34680988
0.36765691
0.38537344
0.32891357
0.34707236
0.36241041
0.45672011
0.48477477
0.508618
0.43490161
0.45966172
0.48058561
0.41333483
0.43498899
0.45318612
0.54171615
0.57273258
0.59889421
0.51716093
0.544668
0.56775224
0.49275648
0.51692722
0.53711009
0.31034083
0.32585251
0.33887239
0.29302279
0.30619588
0.31718848
0.27597604
0.28696825
0.29608868
0.3908489
0.40942271
0.42494101
0.36978595
0.38561928
0.39877664
0.3489618
0.36222233
0.3731833
0.46717045
0.48800416
0.50530977
0.44307148
0.46091144
0.47565774
0.41911909
0.43412588
0.44647023
0.67420215
0.72945518
0.77672593
0.64266612
0.68956937
0.72945518
0.60529423
0.64266612
0.67420215
0.63837835
0.6871559
0.72862758
0.61051328
0.652041
0.6871559
0.57732426
0.61051328
0.63837835
0.60312952
0.6458116
0.68188046
0.57873139
0.61517064
0.6458116
0.54952602
0.57873139
0.60312952
0.56654839
0.60319131
0.63396282
0.54559501
0.57696496
0.60319131
0.52038189
0.54559501
0.56654839
0.53243852
0.56371075
0.58981969
0.51455559
0.54139366
0.56371075
0.49293162
0.51455559
0.53243852
0.49886301
0.52509184
0.54686566
0.48386809
0.50642978
0.52509184
0.46564831
0.48386809
0.49886301
