MFEM mesh v1.0

#
# MFEM Geometry Types (see mesh/geom.hpp):
#
# POINT       = 0
# SEGMENT     = 1
# TRIANGLE    = 2
# SQUARE      = 3
# TETRAHEDRON = 4
# CUBE        = 5
#

dimension
3

elements
8
1 5 18 19 21 20 24 25 27 26
1 5 20 21 23 22 26 27 29 28
1 5 22 23 14 15 28 29 16 17
1 5 23 12 4 14 29 13 5 16
1 5 24 25 27 26 7 6 8 9
1 5 26 27 29 28 9 8 10 11
1 5 28 29 16 17 11 10 1 2
1 5 29 13 5 16 10 3 0 1

boundary
28
46 3 7 6 8 9
46 3 9 8 10 11
46 3 11 10 1 2
46 3 10 3 0 1
46 3 12 4 5 13
46 3 13 5 0 3
46 3 20 21 19 18
46 3 22 23 21 20
46 3 15 14 23 22
46 3 14 4 12 23
46 3 18 19 25 24
46 3 20 18 24 26
46 3 19 21 27 25
46 3 22 20 26 28
46 3 21 23 29 27
46 3 23 12 13 29
46 3 15 22 28 17
46 3 14 15 17 16
46 3 4 14 16 5
46 3 24 25 6 7
46 3 26 24 7 9
46 3 25 27 8 6
46 3 28 26 9 11
46 3 27 29 10 8
46 3 29 13 3 10
46 3 17 28 11 2
46 3 16 17 2 1
46 3 5 16 1 0

vertices
30

nodes
FiniteElementSpace
FiniteElementCollection: H1_3D_P4
VDim: 3
Ordering: 0

0.25513258
0.13464912
0
0.25513258
0.42586599
0.34303776
0.13464912
-2.1684043e-18
0.13464912
-1.9515639e-18
0.13464912
1.0842022e-18
0.46850803
0.36407998
0.22229806
5.0957502e-18
0.17834803
-1.3010426e-18
-5.3329194e-18
0.2473562
-5.5429836e-18
0.25605782
-3.496552e-18
0.2473562
-3.2526065e-19
0.19040097
-1.8295912e-18
0.19444247
-1.2739376e-18
0.19040097
0.043467228
0.12534416
0.20578306
0.25007894
0.2538621
0.2557952
0.045051695
0.12988572
0.21312161
-2.4326852e-18
-7.9684625e-18
-4.8348641e-18
0.033696021
0.097093822
0.15847443
0.1916749
0.19343097
0.1943218
0.034353612
0.098990003
0.16180446
-3.0222136e-18
-4.6087063e-18
-4.1267445e-18
-1.7212371e-18
1.1142718e-18
-9.7578196e-19
0.23743556
0.21878877
0.20021158
0.24522656
0.22499967
0.20498195
-6.7623802e-18
-4.0513586e-18
-2.7172817e-18
0.2557952
0.2538621
0.25007894
0.043467228
0.12534416
0.20578306
-5.4345502e-18
-3.5575384e-19
-4.7772658e-18
0.1943218
0.19343097
0.1916749
0.033696021
0.097093822
0.15847443
-2.0329055e-18
-4.2758223e-18
-2.1955094e-18
0.23743556
0.21878877
0.20021158
-4.7430404e-18
-3.2797116e-18
-2.8866883e-18
0.22771245
0.2367524
0.24414435
0.18477872
0.11254934
0.03904111
1.1384123e-18
1.2468325e-18
-1.0027811e-18
0.18099349
0.18536559
0.18888779
0.14861194
0.091657954
0.031789198
2.0599841e-18
-9.8933448e-19
-5.9631119e-19
0.21478456
0.20045933
0.18601087
-4.3389263e-19
-1.3552527e-20
3.5778672e-18
0.4334417
0.36293034
0.28816343
0.43519188
0.45063922
0.46312775
0.39291034
0.32760198
0.25928958
0.33592995
0.28016626
0.22190822
0.34768025
0.35532334
0.36145383
0.31581277
0.26263594
0.20779901
0.45086871
0.41703402
0.38255195
0.41202742
0.3852713
0.35780509
0.11384486
0.072168784
0.024923225
0.13464912
0.13464912
0.13464912
0.11384486
0.072168784
0.024923225
1.5179889e-18
-8.8091427e-19
9.2157185e-19
1.3281477e-18
-2.2022857e-19
1.2613379e-18
0.14386767
0.16202698
0.1805814
0.14451147
0.16399013
0.18390257
0
1.5585406e-19
-3.6881932e-18
0.13464912
0.13464912
0.13464912
0.11384486
0.072168784
0.024923225
6.5073306e-19
1.3145951e-18
9.7578196e-19
0.14386767
0.16202698
0.1805814
7.5894152e-19
-1.7618285e-18
-8.1336339e-19
0.13464912
0.13464912
0.13464912
0.11384486
0.072168784
0.024923225
-1.7347235e-18
-1.6263033e-18
2.1667103e-18
0.14194135
0.15617383
0.1706731
-2.6020852e-18
-1.8431437e-18
1.3027367e-18
0.23432832
0.19489085
0.15545338
0.25513258
0.25513258
0.25513258
0.23432832
0.19489085
0.15545338
0.27385701
0.30969565
0.34542656
0.27040172
0.29938498
0.32809582
0.045003606
0.12974812
0.21289985
0.044650111
0.12873617
0.21126797
0.043960928
0.12676103
0.20807713
0.041701345
0.12025721
0.19747402
0.038446466
0.11084242
0.18192332
0.035307387
0.10174143
0.16654127
0.23987777
0.24326449
0.24499203
0.22074162
0.22344079
0.22481352
0.20171449
0.20378733
0.2048394
0.20402752
0.12428822
0.04310288
0.18711488
0.11397702
0.039528735
0.17049458
0.10405122
0.036103573
-2.5005405e-18
-3.3088292e-18
-4.8798097e-18
-5.0347638e-18
-2.8427485e-18
-4.396948e-18
-4.7095032e-18
-3.4431889e-18
-2.6901833e-18
0.033902291
0.097687884
0.15952292
0.034188151
0.098512305
0.16097001
0.034333841
0.098932905
0.16170487
0.043960928
0.12676103
0.20807713
0.044650111
0.12873617
0.21126797
0.045003606
0.12974812
0.21289985
0.24499203
0.24326449
0.23987777
0.22481352
0.22344079
0.22074162
0.2048394
0.20378733
0.20171449
0.19747402
0.12025721
0.041701345
0.18192332
0.11084242
0.038446466
0.16654127
0.10174143
0.035307387
-7.8575541e-19
-8.4499031e-18
-4.2823074e-18
-2.2963063e-18
-2.8357604e-18
-7.548756e-18
-2.3852448e-18
-1.9769749e-18
-6.871118e-18
0.034333841
0.098932905
0.16170487
0.034188151
0.098512305
0.16097001
0.033902291
0.097687884
0.15952292
0.03997644
0.11526837
0.18929894
0.041565734
0.11986928
0.1968694
0.042887532
0.1236782
0.20307959
0.23454952
0.22788696
0.21970293
0.21647433
0.21110536
0.20446715
0.19842717
0.19427611
0.18912632
0.17854177
0.10882864
0.037759923
0.16670518
0.10188015
0.035364906
0.15485426
0.095118385
0.033012953
1.7347235e-18
1.7210518e-18
4.3399851e-19
1.9718927e-18
2.2014386e-18
-1.6364809e-18
4.0657581e-18
2.4530074e-18
-5.1510191e-19
0.033452217
0.09639271
0.15723046
0.032889719
0.094780558
0.1543411
0.032200999
0.092820411
0.15076722
0.26554896
0.33529758
0.40176653
0.27597456
0.34807335
0.41644221
0.28447604
0.35844562
0.42831954
0.2767042
0.34877834
0.41691585
0.25507917
0.32187879
0.3853026
0.23340909
0.2946859
0.35314827
0.44598257
0.43462339
0.42054249
0.4130554
0.40378522
0.39225828
0.37946041
0.37224709
0.36326043
0.38000199
0.31666198
0.25054332
0.35508158
0.29562093
0.2338081
0.32953617
0.27414202
0.21683987
0.22014174
0.27797659
0.33341862
0.21602464
0.27286734
0.32755698
0.21090355
0.26650116
0.32025033
0.032114341
0.092584226
0.15044776
0.029194637
0.084467873
0.13544175
0.026373453
0.076346986
0.12102517
0.18162846
0.18307153
0.18380343
0.16264584
0.16349886
0.16393152
0.14407072
0.14435045
0.14449227
0.15316552
0.09408084
0.032641303
0.13702094
0.085326377
0.029494469
0.12153026
0.076626407
0.026470955
-3.8900517e-18
-9.8003035e-19
-1.7331351e-18
2.1379112e-18
5.4167757e-19
-8.7413138e-19
1.0842022e-18
-4.3368087e-19
-4.8781157e-19
0.024923225
0.072168784
0.11384486
0.024923225
0.072168784
0.11384486
0.024923225
0.072168784
0.11384486
0.18380343
0.18307153
0.18162846
0.16393152
0.16349886
0.16264584
0.14449227
0.14435045
0.14407072
0.15044776
0.092584226
0.032114341
0.13544175
0.084467873
0.029194637
0.12102517
0.076346986
0.026373453
-1.05805e-18
-2.7151906e-18
-3.3053339e-18
-4.0657581e-20
-9.2157185e-19
-3.2528712e-19
3.2526065e-19
-8.6058547e-19
-2.4938768e-18
0.024923225
0.072168784
0.11384486
0.024923225
0.072168784
0.11384486
0.024923225
0.072168784
0.11384486
0.17933755
0.17644189
0.17284757
0.16129188
0.15958097
0.15745793
0.14362635
0.14306407
0.142365
0.14239459
0.088295947
0.030576941
0.13076119
0.081932164
0.02830992
0.11951916
0.075512649
0.026082573
3.2534536e-18
2.4387137e-18
1.0842022e-19
3.469447e-18
-1.3688052e-18
0
8.6736174e-19
3.9573379e-18
1.7355705e-18
0.024923225
0.072168784
0.11384486
0.024923225
0.072168784
0.11384486
0.024923225
0.072168784
0.11384486
0.21035249
0.26551889
0.31853912
0.18837372
0.23748649
0.28520973
0.16662226
0.20945163
0.25177633
0.34326552
0.33821866
0.33192243
0.30841264
0.30541345
0.30166595
0.2734287
0.27242569
0.2711688
0.30193436
0.25102274
0.19871084
0.27529107
0.2288
0.18143594
0.24844274
0.20653012
0.16431058
0.15545338
0.19489085
0.23432832
0.15545338
0.19489085
0.23432832
0.15545338
0.19489085
0.23432832
0.042138575
0.12151645
0.19952627
0.042748127
0.12326937
0.20237533
0.043060415
0.12416632
0.20382997
0.038784849
0.11182354
0.18355391
0.039255456
0.11318645
0.18581034
0.039496047
0.11388249
0.18695905
0.035556856
0.10246503
0.16778539
0.035902999
0.10346927
0.16950338
0.036079598
0.10398166
0.17037626
0.043060415
0.12416632
0.20382997
0.042748127
0.12326937
0.20237533
0.042138575
0.12151645
0.19952627
0.039496047
0.11388249
0.18695905
0.039255456
0.11318645
0.18581034
0.038784849
0.11182354
0.18355391
0.036079598
0.10398166
0.17037626
0.035902999
0.10346927
0.16950338
0.035556856
0.10246503
0.16778539
0.041187341
0.11877476
0.19505135
0.040012847
0.11537836
0.18946949
0.038596074
0.11126444
0.18263565
0.038047789
0.10968535
0.17999294
0.037133242
0.10702707
0.17552428
0.036023374
0.10379652
0.17001837
0.035012842
0.10088744
0.16506584
0.034334602
0.098923601
0.1616409
0.033506675
0.096535224
0.15740702
0.27338263
0.34472136
0.41226777
0.26570152
0.33531423
0.40146917
0.25624152
0.32368553
0.38809112
0.25240172
0.31858514
0.38151661
0.24618123
0.31091887
0.37269685
0.23847212
0.30139415
0.36173024
0.23133297
0.29211818
0.35019843
0.2264968
0.2861293
0.34331611
0.22048429
0.27867012
0.33474169
0.032279813
0.093053065
0.15130364
0.032508865
0.09370377
0.15248465
0.032625484
0.094035769
0.15308427
0.029288973
0.084738031
0.13593909
0.029419277
0.08511112
0.13662533
0.029485493
0.085300682
0.13697373
0.026404188
0.076435081
0.12118438
0.026446554
0.07655649
0.12140385
0.026468044
0.076618066
0.12151518
0.032625484
0.094035769
0.15308427
0.032508865
0.09370377
0.15248465
0.032279813
0.093053065
0.15130364
0.029485493
0.085300682
0.13697373
0.029419277
0.08511112
0.13662533
0.029288973
0.084738031
0.13593909
0.026468044
0.076618066
0.12151518
0.026446554
0.07655649
0.12140385
0.026404188
0.076435081
0.12118438
0.031918549
0.09203096
0.14943217
0.031465955
0.090758999
0.14707289
0.030910145
0.089212831
0.14415447
0.029082793
0.084147523
0.1348516
0.028823335
0.083404136
0.13348057
0.028502938
0.0824857
0.13178434
0.026336944
0.076242327
0.12083607
0.026251958
0.075998632
0.12039594
0.026146444
0.075695943
0.11984969
0.20889493
0.26370832
0.31646729
0.20549756
0.2594833
0.31163025
0.20127198
0.25421881
0.30559863
0.18750454
0.23640134
0.28397353
0.18547922
0.23386937
0.28108598
0.1829614
0.23071493
0.27748222
0.16633316
0.20908734
0.2513621
0.16565902
0.20823666
0.25039319
0.16481978
0.20717533
0.24918122
0.28867513
0.28867513
0.28867513
0.28867513
0.4330127
0.36084392
0.28867513
0.28867513
0.28867513
0.28867513
0.28867513
0.28867513
0.47240707
0.37864925
0.47240707
0.48603889
0.37864925
0.38463884
0.56723152
0.54236453
0.59630391
0.56723152
0.56723152
0.54236453
0.42041877
0.40974402
0.43275991
0.42041877
0.42041877
0.40974402
0.56647815
0.56093773
0.55012271
0.55012271
0.56093773
0.56647815
0.5954215
0.58893516
0.57628973
0.57628973
0.58893516
0.5954215
0.42009818
0.41773515
0.41309509
0.41309509
0.41773515
0.42009818
0.43238884
0.42965456
0.42428975
0.42428975
0.42965456
0.43238884
0.54069314
0.49178441
0.4446241
0.51856807
0.4745094
0.4317745
0.54069314
0.49178441
0.4446241
0.56650477
0.51186117
0.45950538
0.56647815
0.56093773
0.55012271
0.56647815
0.56093773
0.55012271
0.5954215
0.58893516
0.57628973
0.42009818
0.41773515
0.41309509
0.42009818
0.41773515
0.41309509
0.43238884
0.42965456
0.42428975
0.51856807
0.4745094
0.4317745
0.54069314
0.49178441
0.4446241
0.48725134
0.51239955
0.5332435
0.47668054
0.48260673
0.4856287
0.50319416
0.53234703
0.55659596
0.38538234
0.39662121
0.40577998
0.38053624
0.38313893
0.38445987
0.39236521
0.40528814
0.4158435
0.455937
0.42504043
0.39456189
0.46812151
0.43463085
0.40174699
0.48725134
0.51239955
0.5332435
0.44150297
0.45572427
0.46735889
0.44150297
0.45572427
0.46735889
0.38538234
0.39662121
0.40577998
0.36474496
0.3712003
0.37640913
0.36474496
0.3712003
0.37640913
0.455937
0.42504043
0.39456189
0.42055109
0.39692831
0.37330553
0.28867513
0.28867513
0.28867513
0.28867513
0.28867513
0.28867513
0.28867513
0.28867513
0.28867513
0.28867513
0.28867513
0.28867513
0.3104492
0.35281214
0.39666146
0.30882153
0.34786205
0.38805727
0.3104492
0.35281214
0.39666146
0.31231743
0.35850883
0.40659238
0.28867513
0.28867513
0.28867513
0.28867513
0.28867513
0.28867513
0.28867513
0.28867513
0.28867513
0.30882153
0.34786205
0.38805727
0.3104492
0.35281214
0.39666146
0.28867513
0.28867513
0.28867513
0.28867513
0.28867513
0.28867513
0.28867513
0.28867513
0.28867513
0.30395098
0.33320369
0.36284937
0.30487629
0.33600514
0.36769266
0.28867513
0.28867513
0.28867513
0.28867513
0.28867513
0.28867513
0.28867513
0.28867513
0.28867513
0.30395098
0.33320369
0.36284937
0.30113675
0.32475953
0.34838231
0.59454305
0.58808576
0.5754965
0.58808576
0.58184138
0.56966385
0.5754965
0.56966385
0.55828301
0.5400239
0.53510011
0.52547852
0.49126339
0.48742721
0.47991613
0.44423764
0.44139012
0.43580418
0.52547852
0.53510011
0.5400239
0.47991613
0.48742721
0.49126339
0.43580418
0.44139012
0.44423764
0.54874516
0.55997112
0.56572267
0.49806141
0.50679149
0.51125475
0.44928672
0.45575639
0.45905725
0.56572267
0.55997112
0.54874516
0.51125475
0.50679149
0.49806141
0.45905725
0.45575639
0.44928672
0.42395342
0.4214746
0.41660841
0.42929628
0.42665598
0.4214746
0.43201931
0.42929628
0.42395342
0.5754965
0.56966385
0.55828301
0.58808576
0.58184138
0.56966385
0.59454305
0.58808576
0.5754965
0.5400239
0.53510011
0.52547852
0.49126339
0.48742721
0.47991613
0.44423764
0.44139012
0.43580418
0.52547852
0.53510011
0.5400239
0.47991613
0.48742721
0.49126339
0.43580418
0.44139012
0.44423764
0.54874516
0.55997112
0.56572267
0.49806141
0.50679149
0.51125475
0.44928672
0.45575639
0.45905725
0.43201931
0.42929628
0.42395342
0.42929628
0.42665598
0.4214746
0.42395342
0.4214746
0.41660841
0.50271358
0.49917463
0.492243
0.53174422
0.52730812
0.518634
0.55588899
0.5506888
0.54053292
0.51043472
0.49181143
0.4692747
0.46813286
0.45347902
0.43564612
0.42701259
0.41603046
0.40259239
0.45976008
0.46505666
0.46775532
0.42805449
0.4322228
0.43434329
0.39682364
0.39994606
0.40153204
0.48351517
0.50960064
0.53122766
0.44684203
0.46742605
0.48438922
0.41097246
0.42644387
0.43911919
0.41554142
0.41331449
0.40894024
0.4050283
0.40311217
0.39934527
0.39215625
0.3906146
0.38758001
0.48136214
0.46781941
0.45132243
0.50505703
0.48822494
0.46781941
0.52466922
0.50505703
0.48136214
0.51043472
0.49181143
0.4692747
0.46813286
0.45347902
0.43564612
0.42701259
0.41603046
0.40259239
0.45141694
0.44098333
0.42819936
0.42147109
0.41320792
0.40303736
0.39187915
0.38565054
0.37794959
0.42819936
0.44098333
0.45141694
0.40303736
0.41320792
0.42147109
0.37794959
0.38565054
0.39187915
0.4020404
0.39339497
0.38277607
0.39339497
0.38592468
0.3767269
0.38277607
0.3767269
0.36925134
0.39640343
0.39450076
0.39076106
0.35266408
0.35157158
0.34942046
0.31040064
0.31004209
0.30933488
0.39076106
0.39450076
0.39640343
0.34942046
0.35157158
0.35266408
0.30933488
0.31004209
0.31040064
0.39977979
0.40409643
0.40629423
0.35460445
0.35708017
0.35833829
0.31103811
0.31184988
0.31226165
0.40629423
0.40409643
0.39977979
0.35833829
0.35708017
0.35460445
0.31226165
0.31184988
0.31103811
0.28867513
0.28867513
0.28867513
0.28867513
0.28867513
0.28867513
0.28867513
0.28867513
0.28867513
0.39640343
0.39450076
0.39076106
0.35266408
0.35157158
0.34942046
0.31040064
0.31004209
0.30933488
0.39076106
0.39450076
0.39640343
0.34942046
0.35157158
0.35266408
0.30933488
0.31004209
0.31040064
0.39977979
0.40409643
0.40629423
0.35460445
0.35708017
0.35833829
0.31103811
0.31184988
0.31226165
0.28867513
0.28867513
0.28867513
0.28867513
0.28867513
0.28867513
0.28867513
0.28867513
0.28867513
0.38485569
0.3774452
0.36832609
0.34601328
0.34171966
0.33640835
0.30821142
0.30678986
0.30502232
0.3643765
0.3664809
0.36754811
0.33408838
0.33530543
0.33592171
0.30424364
0.30464557
0.3048488
0.37397058
0.3844433
0.39297184
0.33967163
0.3457581
0.35068725
0.30609989
0.30812138
0.30974969
0.28867513
0.28867513
0.28867513
0.28867513
0.28867513
0.28867513
0.28867513
0.28867513
0.28867513
0.38485569
0.3774452
0.36832609
0.34601328
0.34171966
0.33640835
0.30821142
0.30678986
0.30502232
0.36103496
0.35680964
0.35156084
0.33215092
0.32969232
0.3266246
0.30360219
0.30278533
0.3017616
0.35156084
0.35680964
0.36103496
0.3266246
0.32969232
0.33215092
0.3017616
0.30278533
0.30360219
0.28867513
0.28867513
0.28867513
0.28867513
0.28867513
0.28867513
0.28867513
0.28867513
0.28867513
0.548041
0.54286103
0.53274265
0.55921784
0.55367762
0.54286103
0.56494402
0.55921784
0.548041
0.49751388
0.493483
0.4855933
0.5062068
0.50190308
0.493483
0.51065093
0.5062068
0.49751388
0.44888105
0.44589236
0.44003111
0.4553239
0.452138
0.44589236
0.45861099
0.4553239
0.44888105
0.56494402
0.55921784
0.548041
0.55921784
0.55367762
0.54286103
0.548041
0.54286103
0.53274265
0.51065093
0.5062068
0.49751388
0.5062068
0.50190308
0.493483
0.49751388
0.493483
0.4855933
0.45861099
0.4553239
0.44888105
0.4553239
0.452138
0.44589236
0.44888105
0.44589236
0.44003111
0.53059914
0.52597413
0.51693222
0.50906381
0.50511183
0.49737691
0.48308646
0.47992842
0.47373745
0.48389922
0.48029083
0.47322291
0.46700627
0.46391388
0.45785059
0.44650579
0.44402738
0.43916077
0.43875526
0.43607342
0.43081065
0.42613126
0.42382674
0.41930038
0.41072138
0.40886957
0.4052275
0.50278377
0.48525025
0.46400471
0.48525025
0.47018262
0.45186615
0.46400471
0.45186615
0.43704237
0.46212732
0.44831578
0.43148865
0.44831578
0.43641919
0.42188331
0.43148865
0.42188331
0.41009744
0.42252275
0.41216138
0.39947009
0.41216138
0.40321767
0.3922346
0.39947009
0.3922346
0.38331489
0.39950923
0.39751436
0.3935944
0.40380843
0.40168522
0.39751436
0.4059973
0.40380843
0.39950923
0.35444935
0.35330497
0.35105216
0.35691529
0.3556989
0.35330497
0.35816842
0.35691529
0.35444935
0.31098728
0.31061202
0.30987197
0.31179591
0.31139751
0.31061202
0.31220609
0.31179591
0.31098728
0.4059973
0.40380843
0.39950923
0.40380843
0.40168522
0.39751436
0.39950923
0.39751436
0.3935944
0.35816842
0.35691529
0.35444935
0.35691529
0.3556989
0.35330497
0.35444935
0.35330497
0.35105216
0.31220609
0.31179591
0.31098728
0.31179591
0.31139751
0.31061202
0.31098728
0.31061202
0.30987197
0.39272855
0.39093439
0.38740692
0.38423377
0.38268809
0.37964677
0.37380188
0.37255684
0.37010408
0.35054751
0.34951624
0.34748517
0.34563748
0.34474712
0.34299233
0.33957432
0.33885573
0.33743792
0.30970381
0.30936503
0.30869669
0.30808171
0.30778866
0.30721018
0.30606783
0.30583094
0.30536283
0.38183383
0.37483534
0.3662157
0.37483534
0.36878219
0.36130984
0.3662157
0.36130984
0.35523236
0.34426669
0.34020838
0.33518431
0.34020838
0.33669224
0.33233052
0.33518431
0.33233052
0.32877894
0.30763456
0.30628989
0.30461684
0.30628989
0.3051231
0.30366876
0.30461684
0.30366876
0.30248349
0.28867513
0.28867513
0.28867513
0.14433757
0.4330127
0.36084392
-0.14433757
-0.14433757
-5.8546917e-18
-2.1684043e-19
0.14433757
0.14433757
0.22368927
0.18319635
0.47240707
0.48603889
0.37864925
0.38463884
-0.25629728
-0.24775119
1.9380114e-18
8.4432244e-18
0.25629728
0.24775119
-0.19728907
-0.19368993
3.3203692e-18
7.0473141e-18
0.19728907
0.19368993
-0.25603842
-0.25413461
-0.25041783
-0.20603062
-0.12540839
-0.043467228
1.2734293e-17
5.3337665e-18
1.5327908e-17
-0.21326717
-0.1299233
-0.045051695
-0.19718101
-0.19638441
-0.19481997
-0.16063405
-0.097405832
-0.033696021
1.1903142e-17
1.6347736e-18
2.3581397e-18
-0.16366737
-0.099285939
-0.034353612
-0.24563076
-0.22597295
-0.20701788
-0.23805083
-0.22009081
-0.20267041
6.4236067e-18
2.0074681e-18
1.5043305e-18
6.7893529e-18
-1.8965068e-18
1.5111068e-18
0.043467228
0.12540839
0.20603062
0.25603842
0.25413461
0.25041783
0.045051695
0.1299233
0.21326717
0.033696021
0.097405832
0.16063405
0.19718101
0.19638441
0.19481997
0.034353612
0.099285939
0.16366737
0.23805083
0.22009081
0.20267041
0.24563076
0.22597295
0.20701788
0.43609876
0.3642077
0.28876571
0.47668054
0.48260673
0.4856287
0.4492025
0.37588867
0.29851333
0.34768534
0.28777162
0.22648244
0.38053624
0.38313893
0.38445987
0.35339144
0.29278126
0.23061039
0.455937
0.42504043
0.39456189
0.46812151
0.43463085
0.40174699
0.22879749
0.23744835
0.24461567
0.39845788
0.33097257
0.26123552
0.44150297
0.45572427
0.46735889
0.1854698
0.18926312
0.19235298
0.3308016
0.27305464
0.21442052
0.36474496
0.3712003
0.37640913
0.21657604
0.20323217
0.19006884
0.42055109
0.39692831
0.37330553
-0.14433757
-0.14433757
-0.14433757
-0.11941434
-0.072168784
-0.024923225
-4.8789098e-18
-3.8895753e-18
-3.8307065e-19
-0.11941434
-0.072168784
-0.024923225
-0.15308918
-0.17011605
-0.18774034
-0.15255002
-0.16846444
-0.18484957
-7.2641546e-18
3.7811551e-18
1.567011e-19
-5.4210109e-19
1.2129512e-18
2.0621017e-18
0.024923225
0.072168784
0.11941434
0.14433757
0.14433757
0.14433757
0.024923225
0.072168784
0.11941434
0.15255002
0.16846444
0.18484957
0.15308918
0.17011605
0.18774034
0.26375191
0.21650635
0.16926079
0.28867513
0.28867513
0.28867513
0.26375191
0.21650635
0.16926079
0.30395098
0.33320369
0.36284937
0.30487629
0.33600514
0.36769266
0.14433757
0.14433757
0.14433757
0.26375191
0.21650635
0.16926079
0.28867513
0.28867513
0.28867513
0.15093503
0.16356894
0.17637257
0.30113675
0.32475953
0.34838231
-0.045003606
-0.044650111
-0.043960928
-0.12978633
-0.12877939
-0.12681563
-0.21304783
-0.21143496
-0.20828759
-0.24540153
-0.24371491
-0.24041864
-0.22579558
-0.22448956
-0.22193207
-0.20688716
-0.2059239
-0.204034
-0.19786612
-0.12035597
-0.041701345
-0.18277153
-0.11103377
-0.038446466
-0.16815746
-0.10203144
-0.035307387
-1.5713388e-18
6.3925775e-18
7.0012311e-19
-8.7329097e-19
5.4704564e-18
1.2634193e-17
-8.1315163e-20
4.9212614e-19
3.3024756e-18
-0.04310288
-0.12435211
-0.20427898
-0.039528735
-0.1141231
-0.18774013
-0.036103573
-0.10430658
-0.17182424
-0.16357625
-0.16290466
-0.16158613
-0.099229429
-0.09881298
-0.097995698
-0.034333841
-0.034188151
-0.033902291
0.21304783
0.21143496
0.20828759
0.12978633
0.12877939
0.12681563
0.045003606
0.044650111
0.043960928
0.041701345
0.12035597
0.19786612
0.038446466
0.11103377
0.18277153
0.035307387
0.10203144
0.16815746
0.24041864
0.24371491
0.24540153
0.22193207
0.22448956
0.22579558
0.204034
0.2059239
0.20688716
0.20427898
0.12435211
0.04310288
0.18774013
0.1141231
0.039528735
0.17182424
0.10430658
0.036103573
0.034333841
0.034188151
0.033902291
0.099229429
0.09881298
0.097995698
0.16357625
0.16290466
0.16158613
0.4488076
0.44589941
0.44020226
0.3755358
0.37293873
0.36785939
0.29821831
0.29604809
0.29180896
0.27762052
0.35061557
0.42049661
0.2569503
0.32530876
0.39130993
0.23685745
0.30058548
0.36262217
0.45976008
0.46505666
0.46775532
0.42805449
0.4322228
0.43434329
0.39682364
0.39994606
0.40153204
0.43219011
0.36101058
0.28627495
0.40048637
0.33342478
0.26367877
0.36947731
0.30661892
0.24183923
0.23048651
0.22957324
0.22777901
0.29263112
0.29152388
0.2893466
0.35322074
0.35196124
0.34948155
0.43125656
0.42011781
0.4065422
0.35990592
0.3500401
0.33807137
0.28518538
0.27699329
0.26709061
0.23526359
0.22887988
0.22115153
0.21791895
0.2129265
0.20684838
0.20105879
0.19734097
0.19278971
0.25302965
0.32087171
0.38673177
0.23761548
0.30183931
0.36455341
0.22238348
0.28295631
0.34244047
0.42819936
0.44098333
0.45141694
0.40303736
0.41320792
0.42147109
0.37794959
0.38565054
0.39187915
0.22494787
0.22139884
0.21703712
0.28590578
0.28158332
0.27625716
0.34555474
0.34060781
0.33449086
-0.18765367
-0.18701453
-0.18575811
-0.17006666
-0.16970221
-0.1689845
-0.1530731
-0.15295435
-0.1527201
-0.1532349
-0.092862461
-0.032114341
-0.13953897
-0.084467873
-0.029194637
-0.12625881
-0.076346986
-0.026373453
1.326136e-18
6.9357175e-18
4.5138307e-18
-4.9602249e-18
1.2790198e-19
-3.9914045e-18
4.2825986e-18
3.1916201e-18
-3.9140334e-18
-0.032641303
-0.094369876
-0.15566941
-0.029494469
-0.085326377
-0.14092804
-0.026470955
-0.076626407
-0.12671171
-0.11941434
-0.11941434
-0.11941434
-0.072168784
-0.072168784
-0.072168784
-0.024923225
-0.024923225
-0.024923225
0.032114341
0.092862461
0.1532349
0.029194637
0.084467873
0.13953897
0.026373453
0.076346986
0.12625881
0.18575811
0.18701453
0.18765367
0.1689845
0.16970221
0.17006666
0.1527201
0.15295435
0.1530731
0.15566941
0.094369876
0.032641303
0.14092804
0.085326377
0.029494469
0.12671171
0.076626407
0.026470955
0.024923225
0.024923225
0.024923225
0.072168784
0.072168784
0.072168784
0.11941434
0.11941434
0.11941434
0.21625808
0.27511175
0.332882
0.19727828
0.25152599
0.30518018
0.17880693
0.22846557
0.27793984
0.3643765
0.3664809
0.36754811
0.33408838
0.33530543
0.33592171
0.30424364
0.30464557
0.3048488
0.33748938
0.27914694
0.21957645
0.30783811
0.25384351
0.19917718
0.27881552
0.22922586
0.17942775
0.16926079
0.16926079
0.16926079
0.21650635
0.21650635
0.21650635
0.26375191
0.26375191
0.26375191
0.18377359
0.18128235
0.17821531
0.1678474
0.16641391
0.16463982
0.15234785
0.15187665
0.15129047
0.2065069
0.26319381
0.31918082
0.19163929
0.24461235
0.29720144
0.17694426
0.22617501
0.27528662
0.35156084
0.35680964
0.36103496
0.3266246
0.32969232
0.33215092
0.3017616
0.30278533
0.30360219
0.16926079
0.16926079
0.16926079
0.21650635
0.21650635
0.21650635
0.26375191
0.26375191
0.26375191
-0.20408492
-0.20265734
-0.1998685
-0.12423108
-0.12334095
-0.121603
-0.043060415
-0.042748127
-0.042138575
-0.18759023
-0.1864866
-0.18432623
-0.11402982
-0.11334325
-0.11199993
-0.039496047
-0.039255456
-0.038784849
-0.17171393
-0.1709012
-0.16930716
-0.10423809
-0.10373358
-0.10274448
-0.036079598
-0.035902999
-0.035556856
0.043060415
0.042748127
0.042138575
0.12423108
0.12334095
0.121603
0.20408492
0.20265734
0.1998685
0.039496047
0.039255456
0.038784849
0.11402982
0.11334325
0.11199993
0.18759023
0.1864866
0.18432623
0.036079598
0.035902999
0.035556856
0.10423809
0.10373358
0.10274448
0.17171393
0.1709012
0.16930716
0.28601342
0.28408876
0.2803254
0.360697
0.35838828
0.35386852
0.43183817
0.42924546
0.42416185
0.26347602
0.26198281
0.25905747
0.33318059
0.33138156
0.32785331
0.40021085
0.39817989
0.39419117
0.24168952
0.24058619
0.23842064
0.30643786
0.30510302
0.30248055
0.36927198
0.36775746
0.36477819
0.27443485
0.26713186
0.25827801
0.34677967
0.33796663
0.32724569
0.41616758
0.40619302
0.39400554
0.25446366
0.24874288
0.24176916
0.32230263
0.31537299
0.30689972
0.38790106
0.38002253
0.37035021
0.23500918
0.23074228
0.2255129
0.29834256
0.29315536
0.28678049
0.36006702
0.35414369
0.34683744
-0.15559639
-0.15505796
-0.15399982
-0.094324636
-0.093991109
-0.093335898
-0.032625484
-0.032508865
-0.032279813
-0.14088648
-0.14057988
-0.13997624
-0.085300682
-0.08511112
-0.084738031
-0.029485493
-0.029419277
-0.029288973
-0.12669819
-0.12659842
-0.12640165
-0.076618066
-0.07655649
-0.076435081
-0.026468044
-0.026446554
-0.026404188
0.032625484
0.032508865
0.032279813
0.094324636
0.093991109
0.093335898
0.15559639
0.15505796
0.15399982
0.029485493
0.029419277
0.029288973
0.085300682
0.08511112
0.084738031
0.14088648
0.14057988
0.13997624
0.026468044
0.026446554
0.026404188
0.076618066
0.07655649
0.076435081
0.12669819
0.12659842
0.12640165
0.21947701
0.21874361
0.21730139
0.27902617
0.27813518
0.27638156
0.33735172
0.33633566
0.33433361
0.19912042
0.19870155
0.19787639
0.25377431
0.25326352
0.25225654
0.30775888
0.30717373
0.30601895
0.17940924
0.17927255
0.17900282
0.22920322
0.22903594
0.22870564
0.27878947
0.27859701
0.27821662
0.21502204
0.21215835
0.2086292
0.27360603
0.27011199
0.26579534
0.33115866
0.32715104
0.32218341
0.19656837
0.19491823
0.19287413
0.25065821
0.2486382
0.24613034
0.30418278
0.30185647
0.29895959
0.17857401
0.17803085
0.17735461
0.22817991
0.22751292
0.22668083
0.27761019
0.27683908
0.27587445
