MFEM mesh v1.0

#
# MFEM Geometry Types (see mesh/geom.hpp):
#
# POINT       = 0
# SEGMENT     = 1
# TRIANGLE    = 2
# SQUARE      = 3
# TETRAHEDRON = 4
# CUBE        = 5
#

dimension
3

elements
11
1 5 17 18 21 20 23 24 27 26
1 5 18 19 22 21 24 25 28 27
1 5 20 21 4 3 26 27 6 5
1 5 23 24 27 26 29 30 33 32
1 5 24 25 28 27 30 31 34 33
1 5 26 27 6 5 32 33 9 8
1 5 27 28 7 6 33 34 10 9
1 5 32 33 9 8 14 15 1 0
1 5 33 34 10 9 15 16 2 1
1 5 14 35 36 15 0 11 12 1
1 5 15 36 37 16 1 12 13 2

boundary
36
26 3 4 3 5 6
26 3 6 5 8 9
26 3 7 6 9 10
26 3 9 8 0 1
26 3 0 11 12 1
26 3 10 9 1 2
26 3 1 12 13 2
26 3 20 21 18 17
26 3 21 22 19 18
26 3 3 4 21 20
26 3 17 18 24 23
26 3 18 19 25 24
26 3 20 17 23 26
26 3 19 22 28 25
26 3 22 21 27 28
26 3 3 20 26 5
26 3 21 4 6 27
26 3 6 7 28 27
26 3 23 24 30 29
26 3 24 25 31 30
26 3 26 23 29 32
26 3 29 30 33 32
26 3 25 28 34 31
26 3 30 31 34 33
26 3 5 26 32 8
26 3 28 7 10 34
26 3 32 33 15 14
26 3 33 34 16 15
26 3 8 32 14 0
26 3 34 10 2 16
26 3 15 36 35 14
26 3 16 37 36 15
26 3 14 35 11 0
26 3 35 36 12 11
26 3 36 37 13 12
26 3 37 16 2 13

vertices
38

nodes
FiniteElementSpace
FiniteElementCollection: H1_3D_P4
VDim: 3
Ordering: 0

-0.14433757
0
0.13464912
-0.14433757
-2.1684043e-18
-0.14433757
-1.9515639e-18
0.13464912
-0.14433757
1.0842022e-18
0.13464912
-0.14433757
7.5894152e-19
0.11052157
-0.18319635
-1.3010426e-18
0.17834803
-0.24775119
1.5517644e-18
0.2473562
-0.19368993
-5.502326e-18
0.19040097
-0.25629728
-5.4210109e-20
0.25605782
-0.19728907
0
0.19444247
-0.24775119
-1.0842022e-19
0.2473562
-0.19368993
-3.008661e-18
0.19040097
-0.19368993
-4.8246997e-18
0.14907545
-0.20603062
-0.12540839
-0.043467228
-4.3910585e-18
1.8414496e-18
-3.6524061e-18
-0.16063405
-0.097405832
-0.033696021
-0.23805083
-0.22009081
-0.20267041
-0.21326717
-0.1299233
-0.045051695
1.5721064e-18
-5.4743739e-18
-9.2834811e-19
-0.16366737
-0.099285939
-0.034353612
-0.24563076
-0.22597295
-0.20701788
-0.25041783
-0.25413461
-0.25603842
1.1997626e-18
9.8764042e-19
2.2937652e-18
-1.7075258e-18
-4.0767696e-18
-3.5168808e-18
-0.19481997
-0.19638441
-0.19718101
0.043467228
0.12534416
0.20578306
0.23743556
0.21878877
0.20021158
0.033696021
0.097093822
0.15847443
0.045051695
0.12988572
0.21312161
0.24522656
0.22499967
0.20498195
0.034353612
0.098990003
0.16180446
0.25007894
0.2538621
0.2557952
0.1916749
0.19343097
0.1943218
3.5236571e-19
-2.6800122e-18
-3.1305279e-18
-0.11941434
-0.072168784
-0.024923225
-0.15255002
-0.16846444
-0.18484957
2.7105054e-19
-6.2273862e-18
-7.2101562e-18
-0.11941434
-0.072168784
-0.024923225
-0.15308918
-0.17011605
-0.18774034
1.5179889e-18
-8.8091427e-19
9.2157185e-19
-0.14433757
-0.14433757
-0.14433757
-0.20603062
-0.12540839
-0.043467228
2.5479545e-18
-8.6227954e-19
-2.6698478e-18
-0.16063405
-0.097405832
-0.033696021
-0.23805083
-0.22009081
-0.20267041
-0.25603842
-0.25413461
-0.25041783
1.1651997e-18
4.857734e-18
2.5546514e-18
-3.6592088e-18
-1.9735868e-18
-3.8489177e-18
-0.19718101
-0.19638441
-0.19481997
0.043467228
0.12534416
0.20578306
0.23743556
0.21878877
0.20021158
0.033696021
0.097093822
0.15847443
0.2557952
0.2538621
0.25007894
0.1943218
0.19343097
0.1916749
1.8431437e-18
-2.0735367e-18
-2.2768246e-18
-0.11941434
-0.072168784
-0.024923225
-0.15255002
-0.16846444
-0.18484957
6.5073306e-19
1.3145951e-18
9.7578196e-19
-0.14433757
-0.14433757
-0.14433757
0.14451147
0.16399013
0.18390257
0.024923225
0.072168784
0.11384486
0.14386767
0.16202698
0.1805814
0.024923225
0.072168784
0.11384486
0.13464912
0.13464912
0.13464912
-0.15180621
-0.091947467
-0.031789198
-2.6020852e-18
-1.8431437e-18
1.3027367e-18
-0.11941434
-0.072168784
-0.024923225
-0.15093503
-0.16356894
-0.17637257
-0.1854698
-0.18926312
-0.19235298
2.0599841e-18
-7.5894152e-19
5.4210109e-20
-1.7347235e-18
-1.6263033e-18
2.1667103e-18
-0.14433757
-0.14433757
-0.14433757
0.031789198
0.091657954
0.14861194
0.14194135
0.15617383
0.1706731
0.024923225
0.072168784
0.11384486
0.18099349
0.18536559
0.18888779
0.13464912
0.13464912
0.13464912
-0.1854698
-0.18926312
-0.19235298
-0.16063405
-0.097405832
-0.033696021
-2.0540152e-18
1.5458351e-19
8.9582205e-18
-0.14433757
-0.14433757
-0.14433757
-0.11941434
-0.072168784
-0.024923225
3.8219715e-18
2.6766241e-18
7.5894152e-19
-0.15255002
-0.16846444
-0.18484957
7.8604658e-19
-4.5638135e-18
3.9578144e-18
0.033696021
0.092675488
0.12994856
0.17769033
0.17197081
0.15890374
0.024923225
0.072168784
0.099974952
0.13157777
0.12425001
0.11541517
0.11583168
0.12741862
0.14105251
-0.16815746
-0.10203144
-0.035307387
-0.18277153
-0.11103377
-0.038446466
-0.19786612
-0.12035597
-0.041701345
-0.20828759
-0.12681563
-0.043960928
-0.21143496
-0.12877939
-0.044650111
-0.21304783
-0.12978633
-0.045003606
-4.0525207e-20
-2.1694383e-19
-3.5780128e-18
-1.184995e-18
-4.401395e-19
-1.0261804e-18
1.0503209e-18
-1.7618285e-19
-5.5904175e-19
-0.033902291
-0.097995698
-0.16158613
-0.034188151
-0.09881298
-0.16290466
-0.034333841
-0.099229429
-0.16357625
-0.204034
-0.22193207
-0.24041864
-0.2059239
-0.22448956
-0.24371491
-0.20688716
-0.22579558
-0.24540153
-0.20427898
-0.12435211
-0.04310288
-0.18774013
-0.1141231
-0.039528735
-0.17182424
-0.10430658
-0.036103573
0.035307387
0.10174143
0.16654127
0.038446466
0.11084242
0.18192332
0.041701345
0.12025721
0.19747402
0.043960928
0.12676103
0.20807713
0.044650111
0.12873617
0.21126797
0.045003606
0.12974812
0.21289985
0.23987777
0.22074162
0.20171449
0.24326449
0.22344079
0.20378733
0.24499203
0.22481352
0.2048394
0.15952292
0.097687884
0.033902291
0.16097001
0.098512305
0.034188151
0.16170487
0.098932905
0.034333841
0.04310288
0.12428822
0.20402752
0.039528735
0.11397702
0.18711488
0.036103573
0.10405122
0.17049458
-0.12625881
-0.076346986
-0.026373453
-0.13953897
-0.084467873
-0.029194637
-0.1532349
-0.092862461
-0.032114341
-6.5041537e-19
-4.3977884e-18
-4.8802333e-19
-2.3971099e-18
-2.3822802e-18
-9.8255822e-20
-3.7404975e-18
-2.7138936e-18
-2.2768246e-18
-0.024923225
-0.072168784
-0.11941434
-0.024923225
-0.072168784
-0.11941434
-0.024923225
-0.072168784
-0.11941434
-0.1527201
-0.1689845
-0.18575811
-0.15295435
-0.16970221
-0.18701453
-0.1530731
-0.17006666
-0.18765367
-0.15566941
-0.094369876
-0.032641303
-0.14092804
-0.085326377
-0.029494469
-0.12671171
-0.076626407
-0.026470955
-0.21304783
-0.12978633
-0.045003606
-0.21143496
-0.12877939
-0.044650111
-0.20828759
-0.12681563
-0.043960928
-8.4020372e-19
-2.3238862e-18
-1.5042379e-18
2.9646153e-19
-5.607464e-18
-4.164014e-18
2.2361405e-18
-4.2292355e-18
-2.4462312e-18
-0.034333841
-0.099229429
-0.16357625
-0.034188151
-0.09881298
-0.16290466
-0.033902291
-0.097995698
-0.16158613
-0.20688716
-0.22579558
-0.24540153
-0.2059239
-0.22448956
-0.24371491
-0.204034
-0.22193207
-0.24041864
-0.19786612
-0.12035597
-0.041701345
-0.18277153
-0.11103377
-0.038446466
-0.16815746
-0.10203144
-0.035307387
0.045003606
0.12974812
0.21289985
0.044650111
0.12873617
0.21126797
0.043960928
0.12676103
0.20807713
0.24499203
0.22481352
0.2048394
0.24326449
0.22344079
0.20378733
0.23987777
0.22074162
0.20171449
0.16170487
0.098932905
0.034333841
0.16097001
0.098512305
0.034188151
0.15952292
0.097687884
0.033902291
0.041701345
0.12025721
0.19747402
0.038446466
0.11084242
0.18192332
0.035307387
0.10174143
0.16654127
-3.1982901e-18
-5.4070348e-18
-7.5915328e-19
-9.6564403e-19
-4.1072628e-18
1.1180835e-18
-1.5720932e-18
-3.6591823e-19
1.8431437e-18
-0.024923225
-0.072168784
-0.11941434
-0.024923225
-0.072168784
-0.11941434
-0.024923225
-0.072168784
-0.11941434
-0.1530731
-0.17006666
-0.18765367
-0.15295435
-0.16970221
-0.18701453
-0.1527201
-0.1689845
-0.18575811
-0.1532349
-0.092862461
-0.032114341
-0.13953897
-0.084467873
-0.029194637
-0.12625881
-0.076346986
-0.026373453
0.026470955
0.076626407
0.12153026
0.029494469
0.085326377
0.13702094
0.032641303
0.09408084
0.15316552
0.18380343
0.16393152
0.14449227
0.18307153
0.16349886
0.14435045
0.18162846
0.16264584
0.14407072
0.11384486
0.072168784
0.024923225
0.11384486
0.072168784
0.024923225
0.11384486
0.072168784
0.024923225
0.032114341
0.092584226
0.15044776
0.029194637
0.084467873
0.13544175
0.026373453
0.076346986
0.12102517
-0.15950801
-0.09670848
-0.033452217
-0.15690705
-0.095098959
-0.032889719
-0.15371676
-0.093127102
-0.032200999
2.1514802e-19
6.7868515e-19
1.7355705e-18
-1.5179889e-18
2.7037292e-18
4.8789098e-19
1.7338764e-18
1.6263033e-18
2.1684043e-18
-0.024923225
-0.072168784
-0.11941434
-0.024923225
-0.072168784
-0.11941434
-0.024923225
-0.072168784
-0.11941434
-0.15234785
-0.1678474
-0.18377359
-0.15187665
-0.16641391
-0.18128235
-0.15129047
-0.16463982
-0.17821531
-0.14610799
-0.088459636
-0.030576941
-0.13542786
-0.081932164
-0.02830992
-0.12490408
-0.075512649
-0.026082573
0.033452217
0.09639271
0.15723046
0.032889719
0.094780558
0.1543411
0.032200999
0.092820411
0.15076722
0.17933755
0.16129188
0.14362635
0.17644189
0.15958097
0.14306407
0.17284757
0.15745793
0.142365
0.11384486
0.072168784
0.024923225
0.11384486
0.072168784
0.024923225
0.11384486
0.072168784
0.024923225
0.030576941
0.088295947
0.14239459
0.02830992
0.081932164
0.13076119
0.026082573
0.075512649
0.11951916
-0.032200999
-0.032889719
-0.033452217
-0.093127102
-0.095098959
-0.09670848
-0.15371676
-0.15690705
-0.15950801
-0.17821531
-0.18128235
-0.18377359
-0.16463982
-0.16641391
-0.1678474
-0.15129047
-0.15187665
-0.15234785
-0.1532349
-0.092862461
-0.032114341
-0.13953897
-0.084467873
-0.029194637
-0.12625881
-0.076346986
-0.026373453
-3.9559086e-18
-1.0013087e-18
3.538475e-18
-8.1992789e-19
2.5804859e-18
-2.5535727e-19
-2.1548518e-18
2.3683041e-18
-5.4706417e-18
-0.11941434
-0.11941434
-0.11941434
-0.072168784
-0.072168784
-0.072168784
-0.024923225
-0.024923225
-0.024923225
0.14854473
0.14523227
0.13663227
0.092582584
0.093598422
0.093355805
0.032200999
0.032889719
0.033452217
0.032114341
0.089754903
0.12360512
0.029194637
0.084467873
0.11293433
0.026373453
0.076346986
0.1040075
0.15010081
0.16287817
0.16939127
0.13484977
0.14649049
0.15391807
0.12158713
0.13149469
0.13905095
0.024923225
0.024923225
0.024923225
0.072168784
0.072168784
0.072168784
0.11207927
0.10786685
0.10278808
-0.1998685
-0.121603
-0.042138575
-0.18432623
-0.11199993
-0.038784849
-0.16930716
-0.10274448
-0.035556856
-0.20265734
-0.12334095
-0.042748127
-0.1864866
-0.11334325
-0.039255456
-0.1709012
-0.10373358
-0.035902999
-0.20408492
-0.12423108
-0.043060415
-0.18759023
-0.11402982
-0.039496047
-0.17171393
-0.10423809
-0.036079598
0.042138575
0.12151645
0.19952627
0.038784849
0.11182354
0.18355391
0.035556856
0.10246503
0.16778539
0.042748127
0.12326937
0.20237533
0.039255456
0.11318645
0.18581034
0.035902999
0.10346927
0.16950338
0.043060415
0.12416632
0.20382997
0.039496047
0.11388249
0.18695905
0.036079598
0.10398166
0.17037626
-0.15399982
-0.093335898
-0.032279813
-0.13997624
-0.084738031
-0.029288973
-0.12640165
-0.076435081
-0.026404188
-0.15505796
-0.093991109
-0.032508865
-0.14057988
-0.08511112
-0.029419277
-0.12659842
-0.07655649
-0.026446554
-0.15559639
-0.094324636
-0.032625484
-0.14088648
-0.085300682
-0.029485493
-0.12669819
-0.076618066
-0.026468044
-0.20408492
-0.12423108
-0.043060415
-0.18759023
-0.11402982
-0.039496047
-0.17171393
-0.10423809
-0.036079598
-0.20265734
-0.12334095
-0.042748127
-0.1864866
-0.11334325
-0.039255456
-0.1709012
-0.10373358
-0.035902999
-0.1998685
-0.121603
-0.042138575
-0.18432623
-0.11199993
-0.038784849
-0.16930716
-0.10274448
-0.035556856
0.043060415
0.12416632
0.20382997
0.039496047
0.11388249
0.18695905
0.036079598
0.10398166
0.17037626
0.042748127
0.12326937
0.20237533
0.039255456
0.11318645
0.18581034
0.035902999
0.10346927
0.16950338
0.042138575
0.12151645
0.19952627
0.038784849
0.11182354
0.18355391
0.035556856
0.10246503
0.16778539
-0.15559639
-0.094324636
-0.032625484
-0.14088648
-0.085300682
-0.029485493
-0.12669819
-0.076618066
-0.026468044
-0.15505796
-0.093991109
-0.032508865
-0.14057988
-0.08511112
-0.029419277
-0.12659842
-0.07655649
-0.026446554
-0.15399982
-0.093335898
-0.032279813
-0.13997624
-0.084738031
-0.029288973
-0.12640165
-0.076435081
-0.026404188
0.032625484
0.094035769
0.15308427
0.029485493
0.085300682
0.13697373
0.026468044
0.076618066
0.12151518
0.032508865
0.09370377
0.15248465
0.029419277
0.08511112
0.13662533
0.026446554
0.07655649
0.12140385
0.032279813
0.093053065
0.15130364
0.029288973
0.084738031
0.13593909
0.026404188
0.076435081
0.12118438
-0.15232928
-0.092302161
-0.031918549
-0.13902028
-0.084147523
-0.029082793
-0.12608908
-0.076242327
-0.026336944
-0.15023361
-0.091006511
-0.031465955
-0.13781586
-0.083404136
-0.028823335
-0.12569362
-0.075998632
-0.026251958
-0.14765571
-0.089414503
-0.030910145
-0.13632636
-0.0824857
-0.028502938
-0.12520201
-0.075695943
-0.026146444
0.031918549
0.09203096
0.14943217
0.029082793
0.084147523
0.1348516
0.026336944
0.076242327
0.12083607
0.031465955
0.090758999
0.14707289
0.028823335
0.083404136
0.13348057
0.026251958
0.075998632
0.12039594
0.030910145
0.089212831
0.14415447
0.028502938
0.0824857
0.13178434
0.026146444
0.075695943
0.11984969
-0.14765571
-0.15023361
-0.15232928
-0.089414503
-0.091006511
-0.092302161
-0.030910145
-0.031465955
-0.031918549
-0.13632636
-0.13781586
-0.13902028
-0.0824857
-0.083404136
-0.084147523
-0.028502938
-0.028823335
-0.029082793
-0.12520201
-0.12569362
-0.12608908
-0.075695943
-0.075998632
-0.076242327
-0.026146444
-0.026251958
-0.026336944
0.030910145
0.031465955
0.031918549
0.08907747
0.090020883
0.090088331
0.14186023
0.1379815
0.12966024
0.028502938
0.028823335
0.029082793
0.0824857
0.083404136
0.084147523
0.12952103
0.12504716
0.11770517
0.026146444
0.026251958
0.026336944
0.075695943
0.075998632
0.076242327
0.11785445
0.11340461
0.10747656
-0.28867513
-0.28867513
-0.28867513
-0.28867513
-0.28867513
-0.28867513
-0.28867513
-0.28867513
-0.28867513
-0.28867513
-0.28867513
-0.14433757
-0.14433757
-0.14433757
-0.37864925
-0.38463884
-0.37864925
-0.54236453
-0.56723152
-0.54236453
-0.40974402
-0.42041877
-0.40974402
-0.56723152
-0.59630391
-0.56723152
-0.42041877
-0.43275991
-0.42041877
-0.54236453
-0.56723152
-0.54236453
-0.40974402
-0.42041877
-0.40974402
-0.19368993
-0.19728907
-0.19368993
-0.55012271
-0.56093773
-0.56647815
-0.54069314
-0.49178441
-0.4446241
-0.41309509
-0.41773515
-0.42009818
-0.51856807
-0.4745094
-0.4317745
-0.57628973
-0.58893516
-0.5954215
-0.56650477
-0.51186117
-0.45950538
-0.42428975
-0.42965456
-0.43238884
-0.54069314
-0.49178441
-0.4446241
-0.55012271
-0.56093773
-0.56647815
-0.57628973
-0.58893516
-0.5954215
-0.42428975
-0.42965456
-0.43238884
-0.41309509
-0.41773515
-0.42009818
-0.56647815
-0.56093773
-0.55012271
-0.51856807
-0.4745094
-0.4317745
-0.42009818
-0.41773515
-0.41309509
-0.5954215
-0.58893516
-0.57628973
-0.54069314
-0.49178441
-0.4446241
-0.43238884
-0.42965456
-0.42428975
-0.55012271
-0.56093773
-0.56647815
-0.41309509
-0.41773515
-0.42009818
-0.3104492
-0.35281214
-0.39666146
-0.28867513
-0.28867513
-0.28867513
-0.30882153
-0.34786205
-0.38805727
-0.31231743
-0.35850883
-0.40659238
-0.28867513
-0.28867513
-0.28867513
-0.3104492
-0.35281214
-0.39666146
-0.28867513
-0.28867513
-0.28867513
-0.28867513
-0.28867513
-0.28867513
-0.55012271
-0.56093773
-0.56647815
-0.54069314
-0.49178441
-0.4446241
-0.41309509
-0.41773515
-0.42009818
-0.51856807
-0.4745094
-0.4317745
-0.56647815
-0.56093773
-0.55012271
-0.5954215
-0.58893516
-0.57628973
-0.43238884
-0.42965456
-0.42428975
-0.42009818
-0.41773515
-0.41309509
-0.56647815
-0.56093773
-0.55012271
-0.51856807
-0.4745094
-0.4317745
-0.42009818
-0.41773515
-0.41309509
-0.56647815
-0.56093773
-0.55012271
-0.42009818
-0.41773515
-0.41309509
-0.3104492
-0.35281214
-0.39666146
-0.28867513
-0.28867513
-0.28867513
-0.30882153
-0.34786205
-0.38805727
-0.28867513
-0.28867513
-0.28867513
-0.28867513
-0.28867513
-0.28867513
-0.3104492
-0.35281214
-0.39666146
-0.28867513
-0.28867513
-0.28867513
-0.30882153
-0.34786205
-0.38805727
-0.28867513
-0.28867513
-0.28867513
-0.28867513
-0.28867513
-0.28867513
-0.38053624
-0.38313893
-0.38445987
-0.30487629
-0.33600514
-0.36769266
-0.28867513
-0.28867513
-0.28867513
-0.30395098
-0.33320369
-0.36284937
-0.38538234
-0.39662121
-0.40577998
-0.39236521
-0.40528814
-0.4158435
-0.28867513
-0.28867513
-0.28867513
-0.28867513
-0.28867513
-0.28867513
-0.38445987
-0.38313893
-0.38053624
-0.30395098
-0.33320369
-0.36284937
-0.28867513
-0.28867513
-0.28867513
-0.38538234
-0.39662121
-0.40577998
-0.28867513
-0.28867513
-0.28867513
-0.34768534
-0.28777162
-0.22648244
-0.19481997
-0.19638441
-0.19718101
-0.35339144
-0.29278126
-0.23061039
-0.26375191
-0.21650635
-0.16926079
-0.14433757
-0.14433757
-0.14433757
-0.26375191
-0.21650635
-0.16926079
-0.15255002
-0.16846444
-0.18484957
-0.15308918
-0.17011605
-0.18774034
-0.19718101
-0.19638441
-0.19481997
-0.34768534
-0.28777162
-0.22648244
-0.14433757
-0.14433757
-0.14433757
-0.26375191
-0.21650635
-0.16926079
-0.15255002
-0.16846444
-0.18484957
-0.43580418
-0.44139012
-0.44423764
-0.47991613
-0.48742721
-0.49126339
-0.52547852
-0.53510011
-0.5400239
-0.55828301
-0.56966385
-0.5754965
-0.56966385
-0.58184138
-0.58808576
-0.5754965
-0.58808576
-0.59454305
-0.54874516
-0.49806141
-0.44928672
-0.55997112
-0.50679149
-0.45575639
-0.56572267
-0.51125475
-0.45905725
-0.42395342
-0.4214746
-0.41660841
-0.42929628
-0.42665598
-0.4214746
-0.43201931
-0.42929628
-0.42395342
-0.43580418
-0.47991613
-0.52547852
-0.44139012
-0.48742721
-0.53510011
-0.44423764
-0.49126339
-0.5400239
-0.54874516
-0.55997112
-0.56572267
-0.49806141
-0.50679149
-0.51125475
-0.44928672
-0.45575639
-0.45905725
-0.44423764
-0.44139012
-0.43580418
-0.49126339
-0.48742721
-0.47991613
-0.5400239
-0.53510011
-0.52547852
-0.5754965
-0.56966385
-0.55828301
-0.58808576
-0.58184138
-0.56966385
-0.59454305
-0.58808576
-0.5754965
-0.52547852
-0.47991613
-0.43580418
-0.53510011
-0.48742721
-0.44139012
-0.5400239
-0.49126339
-0.44423764
-0.41660841
-0.4214746
-0.42395342
-0.4214746
-0.42665598
-0.42929628
-0.42395342
-0.42929628
-0.43201931
-0.56572267
-0.55997112
-0.54874516
-0.51125475
-0.50679149
-0.49806141
-0.45905725
-0.45575639
-0.44928672
-0.30933488
-0.31004209
-0.31040064
-0.34942046
-0.35157158
-0.35266408
-0.39076106
-0.39450076
-0.39640343
-0.39977979
-0.35460445
-0.31103811
-0.40409643
-0.35708017
-0.31184988
-0.40629423
-0.35833829
-0.31226165
-0.28867513
-0.28867513
-0.28867513
-0.28867513
-0.28867513
-0.28867513
-0.28867513
-0.28867513
-0.28867513
-0.30933488
-0.34942046
-0.39076106
-0.31004209
-0.35157158
-0.39450076
-0.31040064
-0.35266408
-0.39640343
-0.39977979
-0.40409643
-0.40629423
-0.35460445
-0.35708017
-0.35833829
-0.31103811
-0.31184988
-0.31226165
-0.5754965
-0.58808576
-0.59454305
-0.56966385
-0.58184138
-0.58808576
-0.55828301
-0.56966385
-0.5754965
-0.56572267
-0.51125475
-0.45905725
-0.55997112
-0.50679149
-0.45575639
-0.54874516
-0.49806141
-0.44928672
-0.43201931
-0.42929628
-0.42395342
-0.42929628
-0.42665598
-0.4214746
-0.42395342
-0.4214746
-0.41660841
-0.44423764
-0.49126339
-0.5400239
-0.44139012
-0.48742721
-0.53510011
-0.43580418
-0.47991613
-0.52547852
-0.52547852
-0.53510011
-0.5400239
-0.47991613
-0.48742721
-0.49126339
-0.43580418
-0.44139012
-0.44423764
-0.59454305
-0.58808576
-0.5754965
-0.58808576
-0.58184138
-0.56966385
-0.5754965
-0.56966385
-0.55828301
-0.5400239
-0.49126339
-0.44423764
-0.53510011
-0.48742721
-0.44139012
-0.52547852
-0.47991613
-0.43580418
-0.42395342
-0.42929628
-0.43201931
-0.4214746
-0.42665598
-0.42929628
-0.41660841
-0.4214746
-0.42395342
-0.5400239
-0.53510011
-0.52547852
-0.49126339
-0.48742721
-0.47991613
-0.44423764
-0.44139012
-0.43580418
-0.40629423
-0.35833829
-0.31226165
-0.40409643
-0.35708017
-0.31184988
-0.39977979
-0.35460445
-0.31103811
-0.28867513
-0.28867513
-0.28867513
-0.28867513
-0.28867513
-0.28867513
-0.28867513
-0.28867513
-0.28867513
-0.31040064
-0.35266408
-0.39640343
-0.31004209
-0.35157158
-0.39450076
-0.30933488
-0.34942046
-0.39076106
-0.39076106
-0.39450076
-0.39640343
-0.34942046
-0.35157158
-0.35266408
-0.30933488
-0.31004209
-0.31040064
-0.31226165
-0.31184988
-0.31103811
-0.35833829
-0.35708017
-0.35460445
-0.40629423
-0.40409643
-0.39977979
-0.39640343
-0.35266408
-0.31040064
-0.39450076
-0.35157158
-0.31004209
-0.39076106
-0.34942046
-0.30933488
-0.28867513
-0.28867513
-0.28867513
-0.28867513
-0.28867513
-0.28867513
-0.28867513
-0.28867513
-0.28867513
-0.39640343
-0.39450076
-0.39076106
-0.35266408
-0.35157158
-0.34942046
-0.31040064
-0.31004209
-0.30933488
-0.40894024
-0.41331449
-0.41554142
-0.39934527
-0.40311217
-0.4050283
-0.38758001
-0.3906146
-0.39215625
-0.39297184
-0.35068725
-0.30974969
-0.3844433
-0.3457581
-0.30812138
-0.37397058
-0.33967163
-0.30609989
-0.28867513
-0.28867513
-0.28867513
-0.28867513
-0.28867513
-0.28867513
-0.28867513
-0.28867513
-0.28867513
-0.30821142
-0.34601328
-0.38485569
-0.30678986
-0.34171966
-0.3774452
-0.30502232
-0.33640835
-0.36832609
-0.3643765
-0.3664809
-0.36754811
-0.33408838
-0.33530543
-0.33592171
-0.30424364
-0.30464557
-0.3048488
-0.41554142
-0.41331449
-0.40894024
-0.4050283
-0.40311217
-0.39934527
-0.39215625
-0.3906146
-0.38758001
-0.38485569
-0.34601328
-0.30821142
-0.3774452
-0.34171966
-0.30678986
-0.36832609
-0.33640835
-0.30502232
-0.28867513
-0.28867513
-0.28867513
-0.28867513
-0.28867513
-0.28867513
-0.28867513
-0.28867513
-0.28867513
-0.36754811
-0.3664809
-0.3643765
-0.33592171
-0.33530543
-0.33408838
-0.3048488
-0.30464557
-0.30424364
-0.35322074
-0.29263112
-0.23048651
-0.35196124
-0.29152388
-0.22957324
-0.34948155
-0.2893466
-0.22777901
-0.332882
-0.27511175
-0.21625808
-0.30518018
-0.25152599
-0.19727828
-0.27793984
-0.22846557
-0.17880693
-0.18575811
-0.18701453
-0.18765367
-0.1689845
-0.16970221
-0.17006666
-0.1527201
-0.15295435
-0.1530731
-0.21957645
-0.27914694
-0.33748938
-0.19917718
-0.25384351
-0.30783811
-0.17942775
-0.22922586
-0.27881552
-0.26375191
-0.21650635
-0.16926079
-0.26375191
-0.21650635
-0.16926079
-0.26375191
-0.21650635
-0.16926079
-0.34948155
-0.2893466
-0.22777901
-0.35196124
-0.29152388
-0.22957324
-0.35322074
-0.29263112
-0.23048651
-0.18765367
-0.18701453
-0.18575811
-0.17006666
-0.16970221
-0.1689845
-0.1530731
-0.15295435
-0.1527201
-0.21625808
-0.27511175
-0.332882
-0.19727828
-0.25152599
-0.30518018
-0.17880693
-0.22846557
-0.27793984
-0.26375191
-0.21650635
-0.16926079
-0.26375191
-0.21650635
-0.16926079
-0.26375191
-0.21650635
-0.16926079
-0.53274265
-0.54286103
-0.548041
-0.4855933
-0.493483
-0.49751388
-0.44003111
-0.44589236
-0.44888105
-0.54286103
-0.55367762
-0.55921784
-0.493483
-0.50190308
-0.5062068
-0.44589236
-0.452138
-0.4553239
-0.548041
-0.55921784
-0.56494402
-0.49751388
-0.5062068
-0.51065093
-0.44888105
-0.4553239
-0.45861099
-0.548041
-0.54286103
-0.53274265
-0.49751388
-0.493483
-0.4855933
-0.44888105
-0.44589236
-0.44003111
-0.55921784
-0.55367762
-0.54286103
-0.5062068
-0.50190308
-0.493483
-0.4553239
-0.452138
-0.44589236
-0.56494402
-0.55921784
-0.548041
-0.51065093
-0.5062068
-0.49751388
-0.45861099
-0.4553239
-0.44888105
-0.3935944
-0.39751436
-0.39950923
-0.35105216
-0.35330497
-0.35444935
-0.30987197
-0.31061202
-0.31098728
-0.39751436
-0.40168522
-0.40380843
-0.35330497
-0.3556989
-0.35691529
-0.31061202
-0.31139751
-0.31179591
-0.39950923
-0.40380843
-0.4059973
-0.35444935
-0.35691529
-0.35816842
-0.31098728
-0.31179591
-0.31220609
-0.548041
-0.55921784
-0.56494402
-0.49751388
-0.5062068
-0.51065093
-0.44888105
-0.4553239
-0.45861099
-0.54286103
-0.55367762
-0.55921784
-0.493483
-0.50190308
-0.5062068
-0.44589236
-0.452138
-0.4553239
-0.53274265
-0.54286103
-0.548041
-0.4855933
-0.493483
-0.49751388
-0.44003111
-0.44589236
-0.44888105
-0.56494402
-0.55921784
-0.548041
-0.51065093
-0.5062068
-0.49751388
-0.45861099
-0.4553239
-0.44888105
-0.55921784
-0.55367762
-0.54286103
-0.5062068
-0.50190308
-0.493483
-0.4553239
-0.452138
-0.44589236
-0.548041
-0.54286103
-0.53274265
-0.49751388
-0.493483
-0.4855933
-0.44888105
-0.44589236
-0.44003111
-0.39950923
-0.40380843
-0.4059973
-0.35444935
-0.35691529
-0.35816842
-0.31098728
-0.31179591
-0.31220609
-0.39751436
-0.40168522
-0.40380843
-0.35330497
-0.3556989
-0.35691529
-0.31061202
-0.31139751
-0.31179591
-0.3935944
-0.39751436
-0.39950923
-0.35105216
-0.35330497
-0.35444935
-0.30987197
-0.31061202
-0.31098728
-0.4059973
-0.40380843
-0.39950923
-0.35816842
-0.35691529
-0.35444935
-0.31220609
-0.31179591
-0.31098728
-0.40380843
-0.40168522
-0.39751436
-0.35691529
-0.3556989
-0.35330497
-0.31179591
-0.31139751
-0.31061202
-0.39950923
-0.39751436
-0.3935944
-0.35444935
-0.35330497
-0.35105216
-0.31098728
-0.31061202
-0.30987197
-0.38740692
-0.39093439
-0.39272855
-0.34748517
-0.34951624
-0.35054751
-0.30869669
-0.30936503
-0.30970381
-0.37964677
-0.38268809
-0.38423377
-0.34299233
-0.34474712
-0.34563748
-0.30721018
-0.30778866
-0.30808171
-0.37010408
-0.37255684
-0.37380188
-0.33743792
-0.33885573
-0.33957432
-0.30536283
-0.30583094
-0.30606783
-0.39272855
-0.39093439
-0.38740692
-0.35054751
-0.34951624
-0.34748517
-0.30970381
-0.30936503
-0.30869669
-0.38423377
-0.38268809
-0.37964677
-0.34563748
-0.34474712
-0.34299233
-0.30808171
-0.30778866
-0.30721018
-0.37380188
-0.37255684
-0.37010408
-0.33957432
-0.33885573
-0.33743792
-0.30606783
-0.30583094
-0.30536283
-0.33433361
-0.27638156
-0.21730139
-0.33633566
-0.27813518
-0.21874361
-0.33735172
-0.27902617
-0.21947701
-0.30601895
-0.25225654
-0.19787639
-0.30717373
-0.25326352
-0.19870155
-0.30775888
-0.25377431
-0.19912042
-0.27821662
-0.22870564
-0.17900282
-0.27859701
-0.22903594
-0.17927255
-0.27878947
-0.22920322
-0.17940924
-0.33735172
-0.27902617
-0.21947701
-0.33633566
-0.27813518
-0.21874361
-0.33433361
-0.27638156
-0.21730139
-0.30775888
-0.25377431
-0.19912042
-0.30717373
-0.25326352
-0.19870155
-0.30601895
-0.25225654
-0.19787639
-0.27878947
-0.22920322
-0.17940924
-0.27859701
-0.22903594
-0.17927255
-0.27821662
-0.22870564
-0.17900282
0.28867513
0.28867513
0.28867513
-0.14433757
-0.14433757
7.5894152e-19
-2.1684043e-19
-5.8546917e-18
0.14433757
0.14433757
0.14433757
0.28867513
0.28867513
0.28867513
0.37864925
0.38463884
0.37864925
-0.24775119
-0.25629728
-0.24775119
-0.19368993
-0.19728907
-0.19368993
-2.6901766e-17
1.1492543e-17
-2.1900884e-17
1.6744147e-17
2.8785568e-17
5.3125906e-18
0.24775119
0.25629728
0.24775119
0.19368993
0.19728907
0.19368993
0.40974402
0.42041877
0.40974402
-0.25041783
-0.25413461
-0.25603842
-0.24563076
-0.22597295
-0.20701788
-0.19481997
-0.19638441
-0.19718101
-0.23805083
-0.22009081
-0.20267041
-2.3849437e-17
-2.4255635e-17
7.5419814e-18
6.3306329e-17
-4.6679986e-18
3.1509626e-18
7.3872258e-18
-3.1789147e-18
3.0804894e-17
-2.4293553e-17
1.8139634e-17
-5.6649564e-18
-0.20603062
-0.12540839
-0.043467228
-0.21326717
-0.1299233
-0.045051695
-0.16366737
-0.099285939
-0.034353612
-0.16063405
-0.097405832
-0.033696021
-0.25603842
-0.25413461
-0.25041783
-0.23805083
-0.22009081
-0.20267041
-0.19718101
-0.19638441
-0.19481997
1.2842714e-17
6.1774113e-18
-2.236167e-18
-5.9978403e-18
7.2810952e-18
5.014435e-18
2.036876e-18
6.0308746e-19
1.753697e-17
-0.20603062
-0.12540839
-0.043467228
-0.16063405
-0.097405832
-0.033696021
-0.15308918
-0.17011605
-0.18774034
-0.14433757
-0.14433757
-0.14433757
-0.15255002
-0.16846444
-0.18484957
-4.8246997e-18
-4.858581e-18
9.9852479e-18
1.0021141e-17
8.7684851e-18
-9.2157185e-19
-1.0760707e-17
2.4835006e-18
2.0779889e-17
-0.11941434
-0.072168784
-0.024923225
-0.11941434
-0.072168784
-0.024923225
0.25041783
0.25413461
0.25603842
0.24563076
0.22597295
0.20701788
0.19481997
0.19638441
0.19718101
0.23805083
0.22009081
0.20267041
0.043467228
0.12540839
0.20603062
0.045051695
0.1299233
0.21326717
0.034353612
0.099285939
0.16366737
0.033696021
0.097405832
0.16063405
0.25603842
0.25413461
0.25041783
0.23805083
0.22009081
0.20267041
0.19718101
0.19638441
0.19481997
0.043467228
0.12540839
0.20603062
0.033696021
0.097405832
0.16063405
0.15308918
0.17011605
0.18774034
0.14433757
0.14433757
0.14433757
0.15255002
0.16846444
0.18484957
0.024923225
0.072168784
0.11941434
0.024923225
0.072168784
0.11941434
-8.998878e-18
1.9109063e-18
1.4871993e-17
-3.8307065e-19
-3.8895753e-18
-4.8789098e-18
0.15255002
0.16846444
0.18484957
0.14433757
0.14433757
0.14433757
0.024923225
0.072168784
0.11941434
0.38053624
0.38313893
0.38445987
0.30487629
0.33600514
0.36769266
0.28867513
0.28867513
0.28867513
0.30395098
0.33320369
0.36284937
0.34768534
0.28777162
0.22648244
0.35339144
0.29278126
0.23061039
0.26375191
0.21650635
0.16926079
0.26375191
0.21650635
0.16926079
0.38445987
0.38313893
0.38053624
0.30395098
0.33320369
0.36284937
0.28867513
0.28867513
0.28867513
0.34768534
0.28777162
0.22648244
0.26375191
0.21650635
0.16926079
0.38538234
0.39662121
0.40577998
0.41309509
0.41773515
0.42009818
0.39236521
0.40528814
0.4158435
0.28867513
0.28867513
0.28867513
0.28867513
0.28867513
0.28867513
0.28867513
0.28867513
0.28867513
0.30882153
0.34786205
0.38805727
0.3104492
0.35281214
0.39666146
0.42009818
0.41773515
0.41309509
0.38538234
0.39662121
0.40577998
0.28867513
0.28867513
0.28867513
0.28867513
0.28867513
0.28867513
0.30882153
0.34786205
0.38805727
-0.204034
-0.2059239
-0.20688716
-0.22193207
-0.22448956
-0.22579558
-0.24041864
-0.24371491
-0.24540153
-0.20828759
-0.21143496
-0.21304783
-0.12681563
-0.12877939
-0.12978633
-0.043960928
-0.044650111
-0.045003606
-0.20427898
-0.18774013
-0.17182424
-0.12435211
-0.1141231
-0.10430658
-0.04310288
-0.039528735
-0.036103573
-0.16357625
-0.16290466
-0.16158613
-0.099229429
-0.09881298
-0.097995698
-0.034333841
-0.034188151
-0.033902291
-0.16815746
-0.18277153
-0.19786612
-0.10203144
-0.11103377
-0.12035597
-0.035307387
-0.038446466
-0.041701345
-5.2979665e-19
-3.0185019e-17
4.2865393e-17
-1.9846488e-17
4.4207497e-17
-3.1184365e-17
2.4134444e-17
9.6637989e-18
6.1426829e-18
-0.20688716
-0.2059239
-0.204034
-0.22579558
-0.22448956
-0.22193207
-0.24540153
-0.24371491
-0.24041864
-0.21304783
-0.21143496
-0.20828759
-0.12978633
-0.12877939
-0.12681563
-0.045003606
-0.044650111
-0.043960928
-0.19786612
-0.18277153
-0.16815746
-0.12035597
-0.11103377
-0.10203144
-0.041701345
-0.038446466
-0.035307387
-0.16158613
-0.16290466
-0.16357625
-0.097995698
-0.09881298
-0.099229429
-0.033902291
-0.034188151
-0.034333841
2.7443733e-17
-3.741972e-17
-1.5734047e-17
-1.0867587e-17
-1.4044865e-18
-2.0233923e-17
-3.4331436e-18
7.0515493e-18
1.0157619e-17
-0.1527201
-0.15295435
-0.1530731
-0.1689845
-0.16970221
-0.17006666
-0.18575811
-0.18701453
-0.18765367
-0.15566941
-0.14092804
-0.12671171
-0.094369876
-0.085326377
-0.076626407
-0.032641303
-0.029494469
-0.026470955
-0.11941434
-0.11941434
-0.11941434
-0.072168784
-0.072168784
-0.072168784
-0.024923225
-0.024923225
-0.024923225
-0.12625881
-0.13953897
-0.1532349
-0.076346986
-0.084467873
-0.092862461
-0.026373453
-0.029194637
-0.032114341
-1.0042175e-17
-2.2720534e-18
6.2347448e-18
-6.1410352e-18
1.7127006e-17
-6.6237976e-18
3.9902399e-18
1.5521032e-17
-1.3118846e-17
0.043960928
0.044650111
0.045003606
0.12681563
0.12877939
0.12978633
0.20828759
0.21143496
0.21304783
0.04310288
0.039528735
0.036103573
0.12435211
0.1141231
0.10430658
0.20427898
0.18774013
0.17182424
0.034333841
0.034188151
0.033902291
0.099229429
0.09881298
0.097995698
0.16357625
0.16290466
0.16158613
0.035307387
0.038446466
0.041701345
0.10203144
0.11103377
0.12035597
0.16815746
0.18277153
0.19786612
0.24041864
0.24371491
0.24540153
0.22193207
0.22448956
0.22579558
0.204034
0.2059239
0.20688716
0.045003606
0.044650111
0.043960928
0.12978633
0.12877939
0.12681563
0.21304783
0.21143496
0.20828759
0.041701345
0.038446466
0.035307387
0.12035597
0.11103377
0.10203144
0.19786612
0.18277153
0.16815746
0.033902291
0.034188151
0.034333841
0.097995698
0.09881298
0.099229429
0.16158613
0.16290466
0.16357625
0.24540153
0.24371491
0.24041864
0.22579558
0.22448956
0.22193207
0.20688716
0.2059239
0.204034
0.032641303
0.029494469
0.026470955
0.094369876
0.085326377
0.076626407
0.15566941
0.14092804
0.12671171
0.024923225
0.024923225
0.024923225
0.072168784
0.072168784
0.072168784
0.11941434
0.11941434
0.11941434
0.026373453
0.029194637
0.032114341
0.076346986
0.084467873
0.092862461
0.12625881
0.13953897
0.1532349
0.18575811
0.18701453
0.18765367
0.1689845
0.16970221
0.17006666
0.1527201
0.15295435
0.1530731
-3.0466716e-18
2.0958983e-17
-1.1221492e-17
1.0292946e-17
9.6688811e-18
-4.5333203e-18
1.4875797e-17
-3.0033274e-18
-5.4264107e-18
0.032114341
0.029194637
0.026373453
0.092862461
0.084467873
0.076346986
0.1532349
0.13953897
0.12625881
0.024923225
0.024923225
0.024923225
0.072168784
0.072168784
0.072168784
0.11941434
0.11941434
0.11941434
0.18765367
0.18701453
0.18575811
0.17006666
0.16970221
0.1689845
0.1530731
0.15295435
0.1527201
0.22777901
0.22957324
0.23048651
0.2893466
0.29152388
0.29263112
0.34948155
0.35196124
0.35322074
0.21957645
0.19917718
0.17942775
0.27914694
0.25384351
0.22922586
0.33748938
0.30783811
0.27881552
0.16926079
0.16926079
0.16926079
0.21650635
0.21650635
0.21650635
0.26375191
0.26375191
0.26375191
0.17880693
0.19727828
0.21625808
0.22846557
0.25152599
0.27511175
0.27793984
0.30518018
0.332882
0.3643765
0.3664809
0.36754811
0.33408838
0.33530543
0.33592171
0.30424364
0.30464557
0.3048488
0.23048651
0.22957324
0.22777901
0.29263112
0.29152388
0.2893466
0.35322074
0.35196124
0.34948155
0.21625808
0.19727828
0.17880693
0.27511175
0.25152599
0.22846557
0.332882
0.30518018
0.27793984
0.16926079
0.16926079
0.16926079
0.21650635
0.21650635
0.21650635
0.26375191
0.26375191
0.26375191
0.36754811
0.3664809
0.3643765
0.33592171
0.33530543
0.33408838
0.3048488
0.30464557
0.30424364
0.39215625
0.4050283
0.41554142
0.3906146
0.40311217
0.41331449
0.38758001
0.39934527
0.40894024
0.36832609
0.3774452
0.38485569
0.33640835
0.34171966
0.34601328
0.30502232
0.30678986
0.30821142
0.39076106
0.39450076
0.39640343
0.34942046
0.35157158
0.35266408
0.30933488
0.31004209
0.31040064
0.39297184
0.3844433
0.37397058
0.35068725
0.3457581
0.33967163
0.30974969
0.30812138
0.30609989
0.28867513
0.28867513
0.28867513
0.28867513
0.28867513
0.28867513
0.28867513
0.28867513
0.28867513
0.38758001
0.39934527
0.40894024
0.3906146
0.40311217
0.41331449
0.39215625
0.4050283
0.41554142
0.39640343
0.39450076
0.39076106
0.35266408
0.35157158
0.34942046
0.31040064
0.31004209
0.30933488
0.38485569
0.3774452
0.36832609
0.34601328
0.34171966
0.33640835
0.30821142
0.30678986
0.30502232
0.28867513
0.28867513
0.28867513
0.28867513
0.28867513
0.28867513
0.28867513
0.28867513
0.28867513
-0.1998685
-0.20265734
-0.20408492
-0.18432623
-0.1864866
-0.18759023
-0.16930716
-0.1709012
-0.17171393
-0.121603
-0.12334095
-0.12423108
-0.11199993
-0.11334325
-0.11402982
-0.10274448
-0.10373358
-0.10423809
-0.042138575
-0.042748127
-0.043060415
-0.038784849
-0.039255456
-0.039496047
-0.035556856
-0.035902999
-0.036079598
-0.20408492
-0.20265734
-0.1998685
-0.18759023
-0.1864866
-0.18432623
-0.17171393
-0.1709012
-0.16930716
-0.12423108
-0.12334095
-0.121603
-0.11402982
-0.11334325
-0.11199993
-0.10423809
-0.10373358
-0.10274448
-0.043060415
-0.042748127
-0.042138575
-0.039496047
-0.039255456
-0.038784849
-0.036079598
-0.035902999
-0.035556856
-0.15399982
-0.15505796
-0.15559639
-0.13997624
-0.14057988
-0.14088648
-0.12640165
-0.12659842
-0.12669819
-0.093335898
-0.093991109
-0.094324636
-0.084738031
-0.08511112
-0.085300682
-0.076435081
-0.07655649
-0.076618066
-0.032279813
-0.032508865
-0.032625484
-0.029288973
-0.029419277
-0.029485493
-0.026404188
-0.026446554
-0.026468044
0.042138575
0.042748127
0.043060415
0.038784849
0.039255456
0.039496047
0.035556856
0.035902999
0.036079598
0.121603
0.12334095
0.12423108
0.11199993
0.11334325
0.11402982
0.10274448
0.10373358
0.10423809
0.1998685
0.20265734
0.20408492
0.18432623
0.1864866
0.18759023
0.16930716
0.1709012
0.17171393
0.043060415
0.042748127
0.042138575
0.039496047
0.039255456
0.038784849
0.036079598
0.035902999
0.035556856
0.12423108
0.12334095
0.121603
0.11402982
0.11334325
0.11199993
0.10423809
0.10373358
0.10274448
0.20408492
0.20265734
0.1998685
0.18759023
0.1864866
0.18432623
0.17171393
0.1709012
0.16930716
0.032279813
0.032508865
0.032625484
0.029288973
0.029419277
0.029485493
0.026404188
0.026446554
0.026468044
0.093335898
0.093991109
0.094324636
0.084738031
0.08511112
0.085300682
0.076435081
0.07655649
0.076618066
0.15399982
0.15505796
0.15559639
0.13997624
0.14057988
0.14088648
0.12640165
0.12659842
0.12669819
0.032625484
0.032508865
0.032279813
0.029485493
0.029419277
0.029288973
0.026468044
0.026446554
0.026404188
0.094324636
0.093991109
0.093335898
0.085300682
0.08511112
0.084738031
0.076618066
0.07655649
0.076435081
0.15559639
0.15505796
0.15399982
0.14088648
0.14057988
0.13997624
0.12669819
0.12659842
0.12640165
0.21730139
0.21874361
0.21947701
0.19787639
0.19870155
0.19912042
0.17900282
0.17927255
0.17940924
0.27638156
0.27813518
0.27902617
0.25225654
0.25326352
0.25377431
0.22870564
0.22903594
0.22920322
0.33433361
0.33633566
0.33735172
0.30601895
0.30717373
0.30775888
0.27821662
0.27859701
0.27878947
0.21947701
0.21874361
0.21730139
0.19912042
0.19870155
0.19787639
0.17940924
0.17927255
0.17900282
0.27902617
0.27813518
0.27638156
0.25377431
0.25326352
0.25225654
0.22920322
0.22903594
0.22870564
0.33735172
0.33633566
0.33433361
0.30775888
0.30717373
0.30601895
0.27878947
0.27859701
0.27821662
0.37010408
0.37964677
0.38740692
0.37255684
0.38268809
0.39093439
0.37380188
0.38423377
0.39272855
0.33743792
0.34299233
0.34748517
0.33885573
0.34474712
0.34951624
0.33957432
0.34563748
0.35054751
0.30536283
0.30721018
0.30869669
0.30583094
0.30778866
0.30936503
0.30606783
0.30808171
0.30970381
0.37380188
0.38423377
0.39272855
0.37255684
0.38268809
0.39093439
0.37010408
0.37964677
0.38740692
0.33957432
0.34563748
0.35054751
0.33885573
0.34474712
0.34951624
0.33743792
0.34299233
0.34748517
0.30606783
0.30808171
0.30970381
0.30583094
0.30778866
0.30936503
0.30536283
0.30721018
0.30869669
