MFEM mesh v1.0

#
# MFEM Geometry Types (see mesh/geom.hpp):
#
# POINT       = 0
# SEGMENT     = 1
# TRIANGLE    = 2
# SQUARE      = 3
# TETRAHEDRON = 4
# CUBE        = 5
#

dimension
3

elements
10
1 5 6 7 4 3 17 18 21 20
1 5 7 8 5 4 18 19 22 21
1 5 3 4 1 0 20 21 24 23
1 5 4 5 2 1 21 22 25 24
1 5 20 21 24 23 26 27 30 29
1 5 21 22 25 24 27 28 31 30
1 5 23 24 10 11 29 30 13 14
1 5 24 25 9 10 30 31 12 13
1 5 26 27 30 29 32 33 35 34
1 5 29 30 13 14 34 35 15 16

boundary
34
1 3 3 4 7 6
1 3 4 5 8 7
1 3 0 1 4 3
1 3 1 2 5 4
24 3 6 7 18 17
24 3 7 8 19 18
24 3 3 6 17 20
24 3 17 18 21 20
24 3 8 5 22 19
24 3 18 19 22 21
24 3 0 3 20 23
24 3 1 0 23 24
24 3 5 2 25 22
24 3 2 1 24 25
24 3 11 10 24 23
24 3 10 9 25 24
24 3 20 21 27 26
24 3 21 22 28 27
24 3 23 20 26 29
24 3 22 25 31 28
24 3 27 28 31 30
24 3 11 23 29 14
24 3 10 11 14 13
24 3 25 9 12 31
24 3 9 10 13 12
24 3 30 31 12 13
24 3 26 27 33 32
24 3 29 26 32 34
24 3 27 30 35 33
24 3 32 33 35 34
24 3 14 29 34 16
24 3 30 13 15 35
24 3 13 14 16 15
24 3 34 35 15 16

vertices
36

nodes
FiniteElementSpace
FiniteElementCollection: H1_3D_P4
VDim: 3
Ordering: 0

-0.37298049
-1.3010426e-18
0.37298049
-0.39717735
1.0842022e-18
0.39717735
-0.37298049
-4.7704896e-18
0.37298049
0.26568513
2.9273459e-18
-0.26592163
0.22229806
5.0957502e-18
-0.22368927
-1.3010426e-18
-0.18319635
-0.30722904
2.4733362e-19
0.30721416
-0.3224644
-7.3725748e-18
0.3224644
-0.30722904
-1.1519648e-18
0.30721416
-0.25629728
-5.5429836e-18
0.25605782
-0.24775119
-3.496552e-18
0.2473562
-0.19728907
-1.8295912e-18
-0.19368993
-1.2739376e-18
-0.31218017
-0.19175207
-0.066774181
4.98733e-18
4.2961511e-18
8.6672646e-19
-0.33291588
-0.20490947
-0.071432212
-0.39642918
-0.39095644
-0.38042078
-0.25627281
-0.15665737
-0.054417567
3.7133991e-18
-4.4448054e-18
-2.107418e-18
-0.26924508
-0.16481389
-0.05729151
-0.31195018
-0.31857997
-0.32199842
-0.36113607
-0.33926012
-0.31810788
-1.0713643e-19
2.6935648e-19
1.9176826e-18
5.014488e-18
2.6219905e-18
-4.3673019e-18
-0.38359477
-0.35865241
-0.33471103
0.066774181
0.19175207
0.31218017
0.39642918
0.39095644
0.38042078
0.071432212
0.20490947
0.33291588
0.054417567
0.15665737
0.25626493
0.31193974
0.31857997
0.32199842
0.05729151
0.16481389
0.26924508
0.36113607
0.33926012
0.31810788
0.38359477
0.35865241
0.33471103
-1.9515639e-18
-1.9515639e-18
-2.5410988e-21
-0.31218017
-0.19175207
-0.066774181
-0.38042078
-0.39095644
-0.39642918
-6.1663999e-18
1.0842022e-19
2.2971534e-18
-0.25627281
-0.15665737
-0.054417567
-0.32199842
-0.31857997
-0.31195018
-4.4555654e-18
-2.3115529e-18
-1.3552527e-20
-0.36113607
-0.33926012
-0.31810788
0.38042078
0.39095644
0.39642918
0.066774181
0.19175207
0.31218017
0.32199842
0.31857997
0.31193974
0.054417567
0.15665737
0.25626493
0.36113607
0.33926012
0.31810788
-0.21326717
-0.1299233
-0.045051695
-5.4345502e-18
-3.5575384e-19
-4.7772658e-18
-0.20603062
-0.12540839
-0.043467228
-0.25603842
-0.25413461
-0.25041783
-0.31047167
-0.28840695
-0.26717658
-7.4945409e-18
-6.8770605e-18
-7.7351049e-18
-1.5720799e-18
-1.3069718e-18
-2.0532079e-18
-0.2965368
-0.2767634
-0.25761269
0.045051695
0.12988572
0.21312161
0.2557952
0.2538621
0.25007894
0.043467228
0.12534416
0.20578306
0.31046137
0.28836607
0.26704075
0.29650803
0.27667355
0.25736765
3.0357661e-18
2.9951085e-18
2.9544509e-18
-0.046712443
-0.13473355
-0.22122909
-0.27450123
-0.28926139
-0.30171525
1.1384123e-18
1.2468325e-18
-1.0027811e-18
-0.03904111
-0.11277388
-0.18570841
-0.22879749
-0.23744835
-0.24461567
2.602297e-18
3.9166803e-18
-1.6805134e-18
-0.25850013
-0.24458109
-0.23085435
0.27436128
0.28920801
0.30169295
0.22107841
0.13469044
0.046712443
0.22771245
0.2367524
0.24414435
0.18477872
0.11254934
0.03904111
0.25816654
0.24396828
0.22979059
-0.16366737
-0.099285939
-0.034353612
-2.0329055e-18
-4.2758223e-18
-2.1955094e-18
-0.16063405
-0.097405832
-0.033696021
-0.19718101
-0.19638441
-0.19481997
-0.24563076
-0.22597295
-0.20701788
-6.7623802e-18
-4.0513586e-18
-2.7172817e-18
-4.7430404e-18
-3.2797116e-18
-2.8866883e-18
-0.23805083
-0.22009081
-0.20267041
2.0599841e-18
-9.8933448e-19
-5.9631119e-19
-0.031789198
-0.091947467
-0.15180621
-0.1854698
-0.18926312
-0.19235298
-4.3389263e-19
-1.3552527e-20
3.5778672e-18
-0.21657604
-0.20323217
-0.19006884
-0.33227387
-0.20450132
-0.071287575
-0.32757928
-0.20151832
-0.070230762
-0.31855002
-0.19578843
-0.068202148
-0.30208053
-0.1853869
-0.064528421
-0.2834601
-0.17368096
-0.060403686
-0.26549629
-0.16242373
-0.056443593
1.5871545e-18
4.1367236e-18
3.1520544e-19
1.7279472e-19
-6.1325185e-19
1.5922102e-18
1.7957098e-19
1.0975429e-18
-1.1943165e-18
-0.068835703
-0.19756423
-0.32130396
-0.064097608
-0.18414088
-0.30002305
-0.059585834
-0.17133491
-0.27964793
-0.38290171
-0.37782943
-0.36805159
-0.35805614
-0.35368804
-0.34524687
-0.33420229
-0.33047204
-0.32324632
-0.26028995
-0.15918085
-0.05530629
-0.26593524
-0.16273068
-0.056557115
-0.26884793
-0.16456385
-0.05720335
0.071287575
0.20450132
0.33227387
0.070230762
0.20151832
0.32757928
0.068202148
0.19578843
0.31855002
0.064528421
0.1853869
0.30208053
0.060403686
0.17368096
0.2834601
0.056443593
0.16242373
0.26549629
0.36805159
0.37782943
0.38290171
0.34524687
0.35368804
0.35805614
0.32324632
0.33047204
0.33420229
0.32130396
0.19756423
0.068835703
0.30002305
0.18414088
0.064097608
0.27964793
0.17133491
0.059585834
0.05530629
0.15918085
0.26028995
0.056557115
0.16273068
0.26593524
0.05720335
0.16456385
0.26884793
-0.31855002
-0.19578843
-0.068202148
-0.32757928
-0.20151832
-0.070230762
-0.33227387
-0.20450132
-0.071287575
2.2815759e-18
1.9886216e-18
-2.3264819e-18
2.0701502e-18
7.9456984e-19
-1.8321323e-18
-3.1848439e-19
1.3018896e-18
1.0096633e-18
-0.064528421
-0.1853869
-0.30208053
-0.060403686
-0.17368096
-0.2834601
-0.056443593
-0.16242373
-0.26549629
-0.36805159
-0.37782943
-0.38290171
-0.34524687
-0.35368804
-0.35805614
-0.32324632
-0.33047204
-0.33420229
-0.26884793
-0.16456385
-0.05720335
-0.26593524
-0.16273068
-0.056557115
-0.26028995
-0.15918085
-0.05530629
0.068202148
0.19578843
0.31855002
0.070230762
0.20151832
0.32757928
0.071287575
0.20450132
0.33227387
0.38290171
0.37782943
0.36805159
0.35805614
0.35368804
0.34524687
0.33420229
0.33047204
0.32324632
0.30208053
0.1853869
0.064528421
0.2834601
0.17368096
0.060403686
0.26549629
0.16242373
0.056443593
0.05720335
0.16456385
0.26884793
0.056557115
0.16273068
0.26593524
0.05530629
0.15918085
0.26028995
-0.25907068
-0.15844734
-0.055053577
-0.24038436
-0.14678344
-0.050958781
-0.22244486
-0.13562078
-0.047046277
-5.9904816e-18
-1.0251431e-18
1.4499748e-18
-7.6902146e-18
-6.0696793e-18
-2.1633221e-18
-9.3309149e-18
-9.1225448e-18
-2.0803129e-18
-0.052433323
-0.1510053
-0.24721777
-0.048782057
-0.14059278
-0.23049878
-0.045268158
-0.13055732
-0.21433924
-0.30086034
-0.30692361
-0.31004621
-0.28038435
-0.28544967
-0.2880526
-0.26059351
-0.26475334
-0.26688643
-0.21304783
-0.12978633
-0.045003606
-0.21143496
-0.12877939
-0.044650111
-0.20828759
-0.12681563
-0.043960928
0.055053577
0.15844734
0.25907068
0.050958781
0.14677779
0.24036173
0.047046277
0.13560003
0.22236455
0.31003557
0.30691013
0.30083927
0.2880107
0.28539951
0.28031365
0.26674807
0.2645951
0.26038889
0.24720195
0.15100133
0.052433323
0.2304462
0.140579
0.048782057
0.21418874
0.13051768
0.045268158
0.045003606
0.12974812
0.21289985
0.044650111
0.12873617
0.21126797
0.043960928
0.12676103
0.20807713
-0.22849233
-0.13926427
-0.048302401
-0.24100674
-0.14708688
-0.051050476
-0.2515843
-0.15371483
-0.05338174
-4.4451232e-18
6.3155438e-18
-5.4199521e-19
1.0332478e-19
-2.596156e-18
4.5739779e-19
-8.8086133e-19
8.4703295e-20
9.7578196e-19
-0.045356276
-0.13085675
-0.21497499
-0.042822107
-0.12360635
-0.20325928
-0.040334793
-0.11648226
-0.1917231
-0.26643124
-0.28003783
-0.29148121
-0.25134031
-0.26287626
-0.27251983
-0.23651425
-0.24612485
-0.25411168
-0.20337802
-0.12375551
-0.042887532
-0.19731955
-0.11998457
-0.041565734
-0.19001621
-0.11544658
-0.03997644
0.048302401
0.13923999
0.22840594
0.051050476
0.14707862
0.2409758
0.05338174
0.15371179
0.25157215
0.29144016
0.27994908
0.26622236
0.27240154
0.26266069
0.25091767
0.25381015
0.24564909
0.23571657
0.21475986
0.13079583
0.045356276
0.20285666
0.12349657
0.042822107
0.19101526
0.11630201
0.040334793
0.042887532
0.1236782
0.20307959
0.041565734
0.11986928
0.1968694
0.03997644
0.11526837
0.18929894
-0.20427898
-0.12435211
-0.04310288
-0.18774013
-0.1141231
-0.039528735
-0.17182424
-0.10430658
-0.036103573
-4.2823074e-18
-8.4499031e-18
-7.8575541e-19
-7.548756e-18
-2.8357604e-18
-2.2963063e-18
-6.871118e-18
-1.9769749e-18
-2.3852448e-18
-0.041701345
-0.12035597
-0.19786612
-0.038446466
-0.11103377
-0.18277153
-0.035307387
-0.10203144
-0.16815746
-0.24041864
-0.24371491
-0.24540153
-0.22193207
-0.22448956
-0.22579558
-0.204034
-0.2059239
-0.20688716
-0.16357625
-0.099229429
-0.034333841
-0.16290466
-0.09881298
-0.034188151
-0.16158613
-0.097995698
-0.033902291
4.3399851e-19
1.7210518e-18
1.7347235e-18
-1.6364809e-18
2.2014386e-18
1.9718927e-18
-5.1510191e-19
2.4530074e-18
4.0657581e-18
-0.037759923
-0.10909928
-0.17974195
-0.035364906
-0.10222457
-0.16856199
-0.033012953
-0.095466518
-0.15754944
-0.22115153
-0.22887988
-0.23526359
-0.20684838
-0.2129265
-0.21791895
-0.19278971
-0.19734097
-0.20105879
-0.15950801
-0.09670848
-0.033452217
-0.15690705
-0.095098959
-0.032889719
-0.15371676
-0.093127102
-0.032200999
-0.30799445
-0.18912838
-0.065850962
-0.31636431
-0.19443086
-0.067726611
-0.32070999
-0.19718729
-0.068702254
-0.28856923
-0.17690387
-0.061541198
-0.29577929
-0.18145759
-0.063149413
-0.29951319
-0.18381839
-0.063983627
-0.26987288
-0.16517688
-0.057413909
-0.27603204
-0.16905556
-0.058781655
-0.27921387
-0.1710612
-0.059489253
0.065850962
0.18912838
0.30799445
0.067726611
0.19443086
0.31636431
0.068702254
0.19718729
0.32070999
0.061541198
0.17690387
0.28856923
0.063149413
0.18145759
0.29577929
0.063983627
0.18381839
0.29951319
0.057413909
0.16517688
0.26987288
0.058781655
0.16905556
0.27603204
0.059489253
0.1710612
0.27921387
-0.32070999
-0.19718729
-0.068702254
-0.31636431
-0.19443086
-0.067726611
-0.30799445
-0.18912838
-0.065850962
-0.29951319
-0.18381839
-0.063983627
-0.29577929
-0.18145759
-0.063149413
-0.28856923
-0.17690387
-0.061541198
-0.27921387
-0.1710612
-0.059489253
-0.27603204
-0.16905556
-0.058781655
-0.26987288
-0.16517688
-0.057413909
0.068702254
0.19718729
0.32070999
0.067726611
0.19443086
0.31636431
0.065850962
0.18912838
0.30799445
0.063983627
0.18381839
0.29951319
0.063149413
0.18145759
0.29577929
0.061541198
0.17690387
0.28856923
0.059489253
0.1710612
0.27921387
0.058781655
0.16905556
0.27603204
0.057413909
0.16517688
0.26987288
-0.25870846
-0.15821964
-0.054973355
-0.25605065
-0.15654938
-0.054385005
-0.25089302
-0.15331085
-0.053244717
-0.24008327
-0.14659468
-0.050892374
-0.23787206
-0.14520884
-0.050404895
-0.23357131
-0.14251541
-0.049457816
-0.22219877
-0.1354669
-0.046992216
-0.22039
-0.13433619
-0.046595007
-0.2168643
-0.13213362
-0.045821512
0.054973355
0.15821964
0.25870846
0.054385005
0.15654938
0.25604365
0.053244717
0.15330807
0.25088169
0.050892374
0.14658888
0.24006003
0.050404895
0.14520171
0.23784387
0.049457816
0.14250489
0.2335306
0.046992216
0.13544573
0.22211687
0.046595007
0.13431163
0.22029549
0.045821512
0.13210104
0.21674004
-0.2429229
-0.14831336
-0.051486356
-0.23321203
-0.14223591
-0.049350069
-0.22168459
-0.13503806
-0.04682288
-0.22689992
-0.1383425
-0.047991438
-0.21872942
-0.13324053
-0.046200108
-0.20897014
-0.12715888
-0.044067015
-0.21137498
-0.12870808
-0.044619209
-0.20461849
-0.1244981
-0.043142689
-0.1964992
-0.11944814
-0.041373201
0.051486356
0.14830739
0.24289975
0.049350069
0.14222163
0.23315925
0.04682288
0.13500128
0.22155349
0.047991438
0.13832377
0.22682941
0.046200108
0.13320424
0.21859592
0.044067015
0.12708423
0.20869791
0.044619209
0.12865851
0.21118741
0.043142689
0.12441779
0.2043146
0.041373201
0.11931209
0.1959756
-0.20408492
-0.12423108
-0.043060415
-0.20265734
-0.12334095
-0.042748127
-0.1998685
-0.121603
-0.042138575
-0.18759023
-0.11402982
-0.039496047
-0.1864866
-0.11334325
-0.039255456
-0.18432623
-0.11199993
-0.038784849
-0.17171393
-0.10423809
-0.036079598
-0.1709012
-0.10373358
-0.035902999
-0.16930716
-0.10274448
-0.035556856
-0.19551008
-0.11888954
-0.041187341
-0.19011809
-0.11553701
-0.040012847
-0.18359808
-0.11148964
-0.038596074
-0.18093839
-0.10989516
-0.038047789
-0.17672741
-0.10728203
-0.037133242
-0.17160611
-0.10410854
-0.036023374
-0.1667991
-0.10118939
-0.035012842
-0.16366742
-0.099249616
-0.034334602
-0.1598373
-0.096880245
-0.033506675
0.84957113
0.91774188
0.84957113
0.91774188
1
0.91774188
0.84957113
0.91774188
0.84957113
0.57019239
0.59335069
0.57019239
0.47240707
0.48603889
0.47240707
0.38463884
0.37864925
0.68827279
0.73185567
0.68827279
0.73185567
0.7835347
0.73185567
0.68827279
0.73185567
0.68827279
0.56723152
0.59630391
0.56723152
0.54236453
0.56723152
0.54236453
0.42041877
0.43275991
0.40974402
0.42041877
0.87053063
0.90021342
0.91563372
0.99744546
0.97878093
0.94295653
0.94295653
0.97878093
0.99744546
0.91563372
0.90021342
0.87053063
0.70177661
0.72074224
0.73052242
0.74783558
0.77032793
0.78194926
0.74783558
0.77032793
0.78194926
0.70177661
0.72074224
0.73052242
0.82051496
0.76684993
0.71496025
0.88394836
0.82189162
0.76232533
0.96024013
0.88770117
0.81864469
0.88394836
0.82189162
0.76232533
0.91563372
0.90021342
0.87053063
0.91563372
0.90021342
0.87053063
0.99744546
0.97878093
0.94295653
0.73052242
0.72074224
0.70177661
0.70177661
0.72074224
0.73052242
0.78194926
0.77032793
0.74783558
0.82051496
0.76684993
0.71496025
0.88394836
0.82189162
0.76232533
0.94295653
0.97878093
0.99744546
0.87053063
0.90021342
0.91563372
0.87053063
0.90021342
0.91563372
0.78194926
0.77032793
0.74783558
0.70177661
0.72074224
0.73052242
0.73052242
0.72074224
0.70177661
0.88394836
0.82189162
0.76232533
0.82051496
0.76684993
0.71496025
0.87053063
0.90021342
0.91563372
0.91563372
0.90021342
0.87053063
0.73052242
0.72074224
0.70177661
0.73052242
0.72074224
0.70177661
0.82051496
0.76684993
0.71496025
0.57628973
0.58893516
0.5954215
0.5954215
0.58893516
0.57628973
0.55012271
0.56093773
0.56647815
0.56647815
0.56093773
0.55012271
0.70201769
0.64712055
0.59429927
0.74929192
0.68664807
0.62680617
0.70201769
0.64712055
0.59429927
0.66204309
0.61353593
0.56655631
0.5954215
0.58893516
0.57628973
0.56647815
0.56093773
0.55012271
0.56647815
0.56093773
0.55012271
0.70201769
0.64712055
0.59429927
0.66204309
0.61353593
0.56655631
0.62192553
0.67132121
0.71323188
0.59264872
0.58748697
0.57741475
0.59470673
0.6368947
0.67250374
0.50319416
0.53234703
0.55659596
0.4856287
0.48260673
0.47668054
0.48725134
0.51239955
0.5332435
0.57437618
0.53892397
0.50413239
0.55300856
0.52078024
0.48899717
0.59470673
0.6368947
0.67250374
0.57741475
0.58748697
0.59264872
0.48725134
0.51239955
0.5332435
0.47668054
0.48260673
0.4856287
0.55300856
0.52078024
0.48899717
0.42428975
0.42965456
0.43238884
0.43238884
0.42965456
0.42428975
0.41309509
0.41773515
0.42009818
0.42009818
0.41773515
0.41309509
0.54069314
0.49178441
0.4446241
0.56650477
0.51186117
0.45950538
0.54069314
0.49178441
0.4446241
0.51856807
0.4745094
0.4317745
0.39236521
0.40528814
0.4158435
0.38445987
0.38313893
0.38053624
0.38538234
0.39662121
0.40577998
0.46812151
0.43463085
0.40174699
0.455937
0.42504043
0.39456189
0.94071385
0.97634361
0.9949051
0.92431526
0.95853051
0.97634361
0.89277756
0.92431526
0.94071385
0.84004528
0.86766251
0.88199055
0.7838403
0.80779937
0.82019894
0.72961731
0.75023088
0.76087379
0.90737148
0.94059372
0.95787615
0.84215552
0.87080706
0.8856703
0.77971541
0.80423006
0.81691345
0.95787615
0.94059372
0.90737148
0.8856703
0.87080706
0.84215552
0.81691345
0.80423006
0.77971541
0.88199055
0.86766251
0.84004528
0.82019894
0.80779937
0.7838403
0.76087379
0.75023088
0.72961731
0.71603851
0.73608266
0.74642532
0.73608266
0.75766307
0.76880781
0.74642532
0.76880781
0.7803717
0.9949051
0.97634361
0.94071385
0.97634361
0.95853051
0.92431526
0.94071385
0.92431526
0.89277756
0.88199055
0.86766251
0.84004528
0.82019894
0.80779937
0.7838403
0.76087379
0.75023088
0.72961731
0.84004528
0.86766251
0.88199055
0.7838403
0.80779937
0.82019894
0.72961731
0.75023088
0.76087379
0.90737148
0.94059372
0.95787615
0.84215552
0.87080706
0.8856703
0.77971541
0.80423006
0.81691345
0.74642532
0.73608266
0.71603851
0.76880781
0.75766307
0.73608266
0.7803717
0.76880781
0.74642532
0.89277756
0.92431526
0.94071385
0.92431526
0.95853051
0.97634361
0.94071385
0.97634361
0.9949051
0.95787615
0.94059372
0.90737148
0.8856703
0.87080706
0.84215552
0.81691345
0.80423006
0.77971541
0.88199055
0.86766251
0.84004528
0.82019894
0.80779937
0.7838403
0.76087379
0.75023088
0.72961731
0.84004528
0.86766251
0.88199055
0.7838403
0.80779937
0.82019894
0.72961731
0.75023088
0.76087379
0.74642532
0.76880781
0.7803717
0.73608266
0.75766307
0.76880781
0.71603851
0.73608266
0.74642532
0.94071385
0.92431526
0.89277756
0.97634361
0.95853051
0.92431526
0.9949051
0.97634361
0.94071385
0.88199055
0.86766251
0.84004528
0.82019894
0.80779937
0.7838403
0.76087379
0.75023088
0.72961731
0.84004528
0.86766251
0.88199055
0.7838403
0.80779937
0.82019894
0.72961731
0.75023088
0.76087379
0.7803717
0.76880781
0.74642532
0.76880781
0.75766307
0.73608266
0.74642532
0.73608266
0.71603851
0.71665585
0.73722887
0.74784444
0.65939112
0.67658939
0.6854421
0.60441501
0.6185558
0.62581778
0.74784444
0.73722887
0.71665585
0.6854421
0.67658939
0.65939112
0.62581778
0.6185558
0.60441501
0.70079696
0.69183807
0.67444436
0.64609826
0.63858938
0.62397882
0.59345743
0.5872689
0.57520191
0.67444436
0.69183807
0.70079696
0.62397882
0.63858938
0.64609826
0.57520191
0.5872689
0.59345743
0.5754965
0.58808576
0.59454305
0.56966385
0.58184138
0.58808576
0.55828301
0.56966385
0.5754965
0.74784444
0.73722887
0.71665585
0.6854421
0.67658939
0.65939112
0.62581778
0.6185558
0.60441501
0.70079696
0.69183807
0.67444436
0.64609826
0.63858938
0.62397882
0.59345743
0.5872689
0.57520191
0.67444436
0.69183807
0.70079696
0.62397882
0.63858938
0.64609826
0.57520191
0.5872689
0.59345743
0.59454305
0.58808576
0.5754965
0.58808576
0.58184138
0.56966385
0.5754965
0.56966385
0.55828301
0.60318202
0.61502184
0.62109864
0.64758889
0.66256691
0.67027185
0.68513266
0.70285493
0.71198729
0.68493468
0.64640067
0.6008228
0.63276506
0.60024236
0.56152014
0.58243653
0.555448
0.5231085
0.57372932
0.56897123
0.55967856
0.53837604
0.53434305
0.52645361
0.5036764
0.50031807
0.49373779
0.57573314
0.61473255
0.64754393
0.5402524
0.57349714
0.60129899
0.50539442
0.53324724
0.55640335
0.54053292
0.5506888
0.55588899
0.518634
0.52730812
0.53174422
0.492243
0.49917463
0.50271358
0.62109864
0.61502184
0.60318202
0.67027185
0.66256691
0.64758889
0.71198729
0.70285493
0.68513266
0.64754393
0.61473255
0.57573314
0.60129899
0.57349714
0.5402524
0.55640335
0.53324724
0.50539442
0.55967856
0.56897123
0.57372932
0.52645361
0.53434305
0.53837604
0.49373779
0.50031807
0.5036764
0.55588899
0.5506888
0.54053292
0.53174422
0.52730812
0.518634
0.50271358
0.49917463
0.492243
0.54874516
0.55997112
0.56572267
0.49806141
0.50679149
0.51125475
0.44928672
0.45575639
0.45905725
0.56572267
0.55997112
0.54874516
0.51125475
0.50679149
0.49806141
0.45905725
0.45575639
0.44928672
0.5400239
0.53510011
0.52547852
0.49126339
0.48742721
0.47991613
0.44423764
0.44139012
0.43580418
0.52547852
0.53510011
0.5400239
0.47991613
0.48742721
0.49126339
0.43580418
0.44139012
0.44423764
0.42395342
0.42929628
0.43201931
0.4214746
0.42665598
0.42929628
0.41660841
0.4214746
0.42395342
0.53122766
0.50960064
0.48351517
0.48438922
0.46742605
0.44684203
0.43911919
0.42644387
0.41097246
0.46775532
0.46505666
0.45976008
0.43434329
0.4322228
0.42805449
0.40153204
0.39994606
0.39682364
0.4692747
0.49181143
0.51043472
0.43564612
0.45347902
0.46813286
0.40259239
0.41603046
0.42701259
0.40894024
0.41331449
0.41554142
0.39934527
0.40311217
0.4050283
0.38758001
0.3906146
0.39215625
0.86075595
0.8900699
0.90529097
0.8900699
0.9218271
0.93833613
0.90529097
0.93833613
0.95552504
0.80182719
0.82721268
0.84036022
0.82721268
0.8546431
0.86886436
0.84036022
0.86886436
0.88365008
0.7451095
0.76691366
0.77817863
0.76691366
0.7904174
0.80257142
0.77817863
0.80257142
0.81519098
0.90529097
0.8900699
0.86075595
0.93833613
0.9218271
0.8900699
0.95552504
0.93833613
0.90529097
0.84036022
0.82721268
0.80182719
0.86886436
0.8546431
0.82721268
0.88365008
0.86886436
0.84036022
0.77817863
0.76691366
0.7451095
0.80257142
0.7904174
0.76691366
0.81519098
0.80257142
0.77817863
0.90529097
0.93833613
0.95552504
0.8900699
0.9218271
0.93833613
0.86075595
0.8900699
0.90529097
0.84036022
0.86886436
0.88365008
0.82721268
0.8546431
0.86886436
0.80182719
0.82721268
0.84036022
0.77817863
0.80257142
0.81519098
0.76691366
0.7904174
0.80257142
0.7451095
0.76691366
0.77817863
0.95552504
0.93833613
0.90529097
0.93833613
0.9218271
0.8900699
0.90529097
0.8900699
0.86075595
0.88365008
0.86886436
0.84036022
0.86886436
0.8546431
0.82721268
0.84036022
0.82721268
0.80182719
0.81519098
0.80257142
0.77817863
0.80257142
0.7904174
0.76691366
0.77817863
0.76691366
0.7451095
0.71536573
0.73583997
0.74640402
0.70589967
0.7256523
0.73583997
0.68753177
0.70589967
0.71536573
0.65831241
0.67543069
0.68424181
0.65039059
0.6669237
0.67543069
0.63498425
0.65039059
0.65831241
0.60352799
0.61760498
0.62483391
0.59700843
0.61061811
0.61760498
0.5843015
0.59700843
0.60352799
0.74640402
0.73583997
0.71536573
0.73583997
0.7256523
0.70589967
0.71536573
0.70589967
0.68753177
0.68424181
0.67543069
0.65831241
0.67543069
0.6669237
0.65039059
0.65831241
0.65039059
0.63498425
0.62483391
0.61760498
0.60352799
0.61760498
0.61061811
0.59700843
0.60352799
0.59700843
0.5843015
0.6591519
0.67542038
0.683794
0.62458064
0.63835733
0.64543687
0.5835531
0.59446589
0.60006164
0.61108928
0.62477749
0.6318081
0.5818312
0.59346429
0.59943071
0.54689324
0.55614224
0.56087659
0.56452061
0.57584339
0.58164718
0.54017886
0.54983367
0.55477613
0.51093552
0.51863789
0.52257383
0.683794
0.67542038
0.6591519
0.64543687
0.63835733
0.62458064
0.60006164
0.59446589
0.5835531
0.6318081
0.62477749
0.61108928
0.59943071
0.59346429
0.5818312
0.56087659
0.55614224
0.54689324
0.58164718
0.57584339
0.56452061
0.55477613
0.54983367
0.54017886
0.52257383
0.51863789
0.51093552
0.548041
0.55921784
0.56494402
0.54286103
0.55367762
0.55921784
0.53274265
0.54286103
0.548041
0.49751388
0.5062068
0.51065093
0.493483
0.50190308
0.5062068
0.4855933
0.493483
0.49751388
0.44888105
0.4553239
0.45861099
0.44589236
0.452138
0.4553239
0.44003111
0.44589236
0.44888105
0.51693222
0.52597413
0.53059914
0.49737691
0.50511183
0.50906381
0.47373745
0.47992842
0.48308646
0.47322291
0.48029083
0.48389922
0.45785059
0.46391388
0.46700627
0.43916077
0.44402738
0.44650579
0.43081065
0.43607342
0.43875526
0.41930038
0.42382674
0.42613126
0.4052275
0.40886957
0.41072138
0.37298049
0.39717735
0.37298049
-7.1557343e-18
4.5536491e-18
-2.4286129e-17
-0.37298049
-0.39717735
-0.37298049
0.57019239
0.59335069
0.57019239
0.47240707
0.48603889
0.47240707
0.38463884
0.37864925
-0.30722904
-0.3224644
-0.30722904
6.0986372e-18
-6.9117888e-18
-6.7762636e-19
0.30722904
0.3224644
0.30722904
-7.3251409e-18
1.9380114e-18
8.4432244e-18
0.24775119
0.25629728
0.24775119
-4.8246997e-18
3.3203692e-18
0.19368993
0.19728907
-0.38042078
-0.39095644
-0.39642918
-0.071432212
-0.20490947
-0.33291588
1.3040072e-18
-4.472334e-18
-3.1441863e-18
-0.066774181
-0.19175207
-0.31218017
-0.31195018
-0.31857997
-0.32199842
-0.26924508
-0.16481389
-0.05729151
1.6147882e-17
-5.6797794e-18
7.8503014e-18
-0.25627281
-0.15665737
-0.054417567
-0.36113607
-0.33926012
-0.31810788
-0.38359477
-0.35865241
-0.33471103
5.2039322e-18
3.6718878e-19
3.1950083e-18
-3.367942e-18
-1.6644197e-18
5.1533485e-18
-0.39642918
-0.39095644
-0.38042078
-0.066774181
-0.19175207
-0.31218017
-8.6037372e-18
-2.2795351e-17
-1.9515639e-18
-0.32199842
-0.31857997
-0.31195018
-0.25627281
-0.15665737
-0.054417567
-3.814957e-19
8.9395857e-18
4.5943067e-18
-0.36113607
-0.33926012
-0.31810788
-4.9310949e-18
1.1402758e-17
-3.3813555e-18
0.33291588
0.20490947
0.071432212
0.38042078
0.39095644
0.39642918
0.31218017
0.19175207
0.066774181
0.05729151
0.16481389
0.26924508
0.31195018
0.31857997
0.32199842
0.054417567
0.15665737
0.25627281
0.38359477
0.35865241
0.33471103
0.36113607
0.33926012
0.31810788
0.31218017
0.19175207
0.066774181
0.39642918
0.39095644
0.38042078
0.054417567
0.15665737
0.25627281
0.32199842
0.31857997
0.31195018
0.36113607
0.33926012
0.31810788
5.7492825e-18
4.3939834e-18
4.5028271e-18
0.045051695
0.1299233
0.21326717
0.25041783
0.25413461
0.25603842
0.043467228
0.12540839
0.20603062
-9.0196204e-18
-5.91229e-19
-1.8465318e-19
1.470434e-17
4.6730808e-18
4.2724342e-18
0.31047167
0.28840695
0.26717658
0.2965368
0.2767634
0.25761269
1.2734293e-17
5.3337665e-18
1.5327908e-17
0.043467228
0.12540839
0.20603062
0.25603842
0.25413461
0.25041783
7.3723498e-18
1.2384469e-17
8.9446679e-18
0.2965368
0.2767634
0.25761269
0.55184515
0.4667897
0.37407891
0.59264872
0.58748697
0.57741475
0.52936069
0.44639856
0.35681328
0.4492025
0.37588867
0.29851333
0.4856287
0.48260673
0.47668054
0.43609876
0.3642077
0.28876571
0.57437618
0.53892397
0.50413239
0.55300856
0.52078024
0.48899717
0.52936069
0.44639856
0.35681328
0.57741475
0.58748697
0.59264872
0.43609876
0.3642077
0.28876571
0.47668054
0.48260673
0.4856287
0.55300856
0.52078024
0.48899717
8.0513129e-18
-5.2261933e-19
-6.2612675e-18
0.034353612
0.099285939
0.16366737
0.19481997
0.19638441
0.19718101
0.033696021
0.097405832
0.16063405
1.0568854e-18
-7.250602e-19
4.4079595e-18
6.7893529e-18
-1.8965068e-18
1.5111068e-18
0.24563076
0.22597295
0.20701788
0.23805083
0.22009081
0.20267041
0.35339144
0.29278126
0.23061039
0.38445987
0.38313893
0.38053624
0.34768534
0.28777162
0.22648244
0.46812151
0.43463085
0.40174699
0.455937
0.42504043
0.39456189
-0.068202148
-0.070230762
-0.071287575
-0.19578843
-0.20151832
-0.20450132
-0.31855002
-0.32757928
-0.33227387
-0.36805159
-0.37782943
-0.38290171
-0.34524687
-0.35368804
-0.35805614
-0.32324632
-0.33047204
-0.33420229
-0.32130396
-0.19756423
-0.068835703
-0.30002305
-0.18414088
-0.064097608
-0.27964793
-0.17133491
-0.059585834
-6.1331273e-18
-1.850695e-18
-1.8124058e-17
-1.3934539e-17
-1.5969245e-17
1.559199e-17
7.5013238e-18
-2.1243586e-18
-5.7146931e-19
-0.064528421
-0.1853869
-0.30208053
-0.060403686
-0.17368096
-0.2834601
-0.056443593
-0.16242373
-0.26549629
-0.26028995
-0.26593524
-0.26884793
-0.15918085
-0.16273068
-0.16456385
-0.05530629
-0.056557115
-0.05720335
-0.071287575
-0.070230762
-0.068202148
-0.20450132
-0.20151832
-0.19578843
-0.33227387
-0.32757928
-0.31855002
-0.38290171
-0.37782943
-0.36805159
-0.35805614
-0.35368804
-0.34524687
-0.33420229
-0.33047204
-0.32324632
-0.30208053
-0.1853869
-0.064528421
-0.2834601
-0.17368096
-0.060403686
-0.26549629
-0.16242373
-0.056443593
-1.2334209e-17
-6.8155141e-18
-7.367626e-18
-3.8158834e-18
-5.6355749e-18
-9.1826958e-18
1.1350241e-18
6.6415853e-18
1.4398832e-18
-0.26884793
-0.26593524
-0.26028995
-0.16456385
-0.16273068
-0.15918085
-0.05720335
-0.056557115
-0.05530629
0.31855002
0.32757928
0.33227387
0.19578843
0.20151832
0.20450132
0.068202148
0.070230762
0.071287575
0.068835703
0.19756423
0.32130396
0.064097608
0.18414088
0.30002305
0.059585834
0.17133491
0.27964793
0.38290171
0.37782943
0.36805159
0.35805614
0.35368804
0.34524687
0.33420229
0.33047204
0.32324632
0.30208053
0.1853869
0.064528421
0.2834601
0.17368096
0.060403686
0.26549629
0.16242373
0.056443593
0.05530629
0.056557115
0.05720335
0.15918085
0.16273068
0.16456385
0.26028995
0.26593524
0.26884793
0.33227387
0.32757928
0.31855002
0.20450132
0.20151832
0.19578843
0.071287575
0.070230762
0.068202148
0.064528421
0.1853869
0.30208053
0.060403686
0.17368096
0.2834601
0.056443593
0.16242373
0.26549629
0.36805159
0.37782943
0.38290171
0.34524687
0.35368804
0.35805614
0.32324632
0.33047204
0.33420229
0.05720335
0.056557115
0.05530629
0.16456385
0.16273068
0.15918085
0.26884793
0.26593524
0.26028995
-2.4264292e-18
2.2796713e-18
-3.523078e-18
-3.7600144e-18
6.1134338e-18
9.0081954e-19
5.4685671e-18
5.1141732e-18
-2.3344228e-18
0.055053577
0.15844734
0.25907068
0.050958781
0.14678344
0.24038436
0.047046277
0.13562078
0.22244486
0.31004621
0.30692361
0.30086034
0.2880526
0.28544967
0.28038435
0.26688643
0.26475334
0.26059351
0.24721777
0.1510053
0.052433323
0.23049878
0.14059278
0.048782057
0.21433924
0.13055732
0.045268158
0.043960928
0.044650111
0.045003606
0.12681563
0.12877939
0.12978633
0.20828759
0.21143496
0.21304783
1.6752459e-17
1.1414464e-18
-3.5511592e-18
3.1704013e-18
2.0761836e-18
3.7997898e-18
7.9345811e-19
5.9330423e-18
4.9263436e-18
0.052433323
0.1510053
0.24721777
0.048782057
0.14059278
0.23049878
0.045268158
0.13055732
0.21433924
0.30086034
0.30692361
0.31004621
0.28038435
0.28544967
0.2880526
0.26059351
0.26475334
0.26688643
0.045003606
0.044650111
0.043960928
0.12978633
0.12877939
0.12681563
0.21304783
0.21143496
0.20828759
0.53636295
0.54614326
0.55116224
0.45273421
0.46160566
0.46616835
0.36216784
0.36968063
0.37355141
0.36042754
0.45048953
0.53360195
0.33525945
0.42029804
0.49962501
0.31097955
0.39099869
0.46641834
0.57372932
0.56897123
0.55967856
0.53837604
0.53434305
0.52645361
0.5036764
0.50031807
0.49373779
0.51289327
0.43176726
0.34461701
0.48209907
0.40454392
0.32202007
0.45184539
0.37797121
0.30008244
0.29180896
0.29604809
0.29821831
0.36785939
0.37293873
0.3755358
0.44020226
0.44589941
0.4488076
0.55116224
0.54614326
0.53636295
0.46616835
0.46160566
0.45273421
0.37355141
0.36968063
0.36216784
0.34461701
0.43176726
0.51289327
0.32202007
0.40454392
0.48209907
0.30008244
0.37797121
0.45184539
0.55967856
0.56897123
0.57372932
0.52645361
0.53434305
0.53837604
0.49373779
0.50031807
0.5036764
0.29821831
0.29604809
0.29180896
0.3755358
0.37293873
0.36785939
0.4488076
0.44589941
0.44020226
3.616787e-18
8.8595998e-18
1.2936575e-18
1.1338725e-17
-7.2580136e-19
-6.1621647e-19
4.9440585e-18
4.2432115e-18
-2.7105054e-20
0.04310288
0.12435211
0.20427898
0.039528735
0.1141231
0.18774013
0.036103573
0.10430658
0.17182424
0.24540153
0.24371491
0.24041864
0.22579558
0.22448956
0.22193207
0.20688716
0.2059239
0.204034
0.19786612
0.12035597
0.041701345
0.18277153
0.11103377
0.038446466
0.16815746
0.10203144
0.035307387
0.033902291
0.034188151
0.034333841
0.097995698
0.09881298
0.099229429
0.16158613
0.16290466
0.16357625
0.28627495
0.36101058
0.43219011
0.26367877
0.33342478
0.40048637
0.24183923
0.30661892
0.36947731
0.46775532
0.46505666
0.45976008
0.43434329
0.4322228
0.42805449
0.40153204
0.39994606
0.39682364
0.42049661
0.35061557
0.27762052
0.39130993
0.32530876
0.2569503
0.36262217
0.30058548
0.23685745
0.22777901
0.22957324
0.23048651
0.2893466
0.29152388
0.29263112
0.34948155
0.35196124
0.35322074
-0.30799445
-0.31636431
-0.32070999
-0.18912838
-0.19443086
-0.19718729
-0.065850962
-0.067726611
-0.068702254
-0.28856923
-0.29577929
-0.29951319
-0.17690387
-0.18145759
-0.18381839
-0.061541198
-0.063149413
-0.063983627
-0.26987288
-0.27603204
-0.27921387
-0.16517688
-0.16905556
-0.1710612
-0.057413909
-0.058781655
-0.059489253
-0.32070999
-0.31636431
-0.30799445
-0.19718729
-0.19443086
-0.18912838
-0.068702254
-0.067726611
-0.065850962
-0.29951319
-0.29577929
-0.28856923
-0.18381839
-0.18145759
-0.17690387
-0.063983627
-0.063149413
-0.061541198
-0.27921387
-0.27603204
-0.26987288
-0.1710612
-0.16905556
-0.16517688
-0.059489253
-0.058781655
-0.057413909
0.065850962
0.067726611
0.068702254
0.18912838
0.19443086
0.19718729
0.30799445
0.31636431
0.32070999
0.061541198
0.063149413
0.063983627
0.17690387
0.18145759
0.18381839
0.28856923
0.29577929
0.29951319
0.057413909
0.058781655
0.059489253
0.16517688
0.16905556
0.1710612
0.26987288
0.27603204
0.27921387
0.068702254
0.067726611
0.065850962
0.19718729
0.19443086
0.18912838
0.32070999
0.31636431
0.30799445
0.063983627
0.063149413
0.061541198
0.18381839
0.18145759
0.17690387
0.29951319
0.29577929
0.28856923
0.059489253
0.058781655
0.057413909
0.1710612
0.16905556
0.16517688
0.27921387
0.27603204
0.26987288
0.053244717
0.054385005
0.054973355
0.15331085
0.15654938
0.15821964
0.25089302
0.25605065
0.25870846
0.049457816
0.050404895
0.050892374
0.14251541
0.14520884
0.14659468
0.23357131
0.23787206
0.24008327
0.045821512
0.046595007
0.046992216
0.13213362
0.13433619
0.1354669
0.2168643
0.22039
0.22219877
0.054973355
0.054385005
0.053244717
0.15821964
0.15654938
0.15331085
0.25870846
0.25605065
0.25089302
0.050892374
0.050404895
0.049457816
0.14659468
0.14520884
0.14251541
0.24008327
0.23787206
0.23357131
0.046992216
0.046595007
0.045821512
0.1354669
0.13433619
0.13213362
0.22219877
0.22039
0.2168643
0.34952621
0.35640517
0.35994532
0.43759077
0.44573542
0.44991991
0.51934883
0.52835597
0.53297384
0.32614005
0.33189929
0.33485691
0.40945418
0.41630644
0.41982009
0.48757248
0.4951941
0.4990948
0.30348081
0.30822029
0.31064922
0.38203968
0.38770503
0.39060457
0.45640473
0.46274118
0.46597858
0.35994532
0.35640517
0.34952621
0.44991991
0.44573542
0.43759077
0.53297384
0.52835597
0.51934883
0.33485691
0.33189929
0.32614005
0.41982009
0.41630644
0.40945418
0.4990948
0.4951941
0.48757248
0.31064922
0.30822029
0.30348081
0.39060457
0.38770503
0.38203968
0.46597858
0.46274118
0.45640473
0.042138575
0.042748127
0.043060415
0.121603
0.12334095
0.12423108
0.1998685
0.20265734
0.20408492
0.038784849
0.039255456
0.039496047
0.11199993
0.11334325
0.11402982
0.18432623
0.1864866
0.18759023
0.035556856
0.035902999
0.036079598
0.10274448
0.10373358
0.10423809
0.16930716
0.1709012
0.17171393
0.2803254
0.28408876
0.28601342
0.35386852
0.35838828
0.360697
0.42416185
0.42924546
0.43183817
0.25905747
0.26198281
0.26347602
0.32785331
0.33138156
0.33318059
0.39419117
0.39817989
0.40021085
0.23842064
0.24058619
0.24168952
0.30248055
0.30510302
0.30643786
0.36477819
0.36775746
0.36927198
