MFEM mesh v1.0

#
# MFEM Geometry Types (see mesh/geom.hpp):
#
# POINT       = 0
# SEGMENT     = 1
# TRIANGLE    = 2
# SQUARE      = 3
# TETRAHEDRON = 4
# CUBE        = 5
#

dimension
3

elements
3
1 5 0 1 7 3 5 9 13 12
1 5 1 2 8 7 9 10 14 13
1 5 3 7 6 4 12 13 15 11

boundary
14
3 3 3 7 1 0
3 3 0 1 9 5
3 3 3 0 5 12
3 3 5 9 13 12
3 3 7 8 2 1
3 3 1 2 10 9
3 3 2 8 14 10
3 3 8 7 13 14
3 3 9 10 14 13
3 3 4 6 7 3
3 3 7 6 15 13
3 3 6 4 11 15
3 3 4 3 12 11
3 3 12 13 15 11

vertices
16

nodes
FiniteElementSpace
FiniteElementCollection: H1_3D_P4
VDim: 3
Ordering: 0

-0.28867513
-0.14433757
0
-0.28867513
-0.28867513
-0.28867513
-0.14433757
-0.14433757
-2.1684043e-18
-0.14433757
-2.1684043e-18
-0.28867513
-0.28867513
-0.14433757
-1.9651164e-19
-0.14433757
-0.26375191
-0.21650635
-0.16926079
-0.14433757
-0.14433757
-0.14433757
-0.26375191
-0.21650635
-0.16926079
-0.28867513
-0.28867513
-0.28867513
-0.26375191
-0.21650635
-0.16926079
-0.14433757
-0.14433757
-0.14433757
-0.26375191
-0.21650635
-0.16926079
-0.28867513
-0.28867513
-0.28867513
-0.28867513
-0.28867513
-0.28867513
-0.14433757
-0.14433757
-0.14433757
-0.14433757
-0.14433757
-0.14433757
-0.28867513
-0.28867513
-0.28867513
-0.11941434
-0.072168784
-0.024923225
9.6895275e-19
4.37069e-19
8.1315163e-19
-0.11941434
-0.072168784
-0.024923225
-0.11941434
-0.072168784
-0.024923225
8.6714998e-19
-7.5597691e-19
7.301424e-19
-0.11941434
-0.072168784
-0.024923225
9.6895275e-19
4.37069e-19
8.1315163e-19
-5.7241229e-19
1.8173092e-18
3.3711911e-19
-0.14433757
-0.14433757
-0.14433757
-0.26375191
-0.21650635
-0.16926079
-0.28867513
-0.28867513
-0.28867513
-0.14433757
-0.14433757
-0.14433757
-0.26375191
-0.21650635
-0.16926079
-0.28867513
-0.28867513
-0.28867513
-0.14433757
-0.14433757
-0.14433757
-0.28867513
-0.28867513
-0.28867513
-0.26375191
-0.21650635
-0.16926079
-0.26375191
-0.21650635
-0.16926079
-0.26375191
-0.21650635
-0.16926079
-0.26375191
-0.21650635
-0.16926079
-0.26375191
-0.21650635
-0.16926079
-0.26375191
-0.21650635
-0.16926079
-0.14433757
-0.14433757
-0.14433757
-0.14433757
-0.14433757
-0.14433757
-0.14433757
-0.14433757
-0.14433757
-0.16926079
-0.21650635
-0.26375191
-0.16926079
-0.21650635
-0.26375191
-0.16926079
-0.21650635
-0.26375191
-0.28867513
-0.28867513
-0.28867513
-0.28867513
-0.28867513
-0.28867513
-0.28867513
-0.28867513
-0.28867513
-0.26375191
-0.21650635
-0.16926079
-0.26375191
-0.21650635
-0.16926079
-0.26375191
-0.21650635
-0.16926079
-0.11941434
-0.072168784
-0.024923225
-0.11941434
-0.072168784
-0.024923225
-0.11941434
-0.072168784
-0.024923225
-0.11941434
-0.072168784
-0.024923225
-0.11941434
-0.072168784
-0.024923225
-0.11941434
-0.072168784
-0.024923225
-1.232403e-18
-1.0168926e-18
-2.0803625e-18
1.1265671e-18
-1.0482033e-19
-1.9303881e-18
-1.3315325e-18
6.966846e-20
-2.7613274e-19
-0.024923225
-0.072168784
-0.11941434
-0.024923225
-0.072168784
-0.11941434
-0.024923225
-0.072168784
-0.11941434
-0.11941434
-0.072168784
-0.024923225
-0.11941434
-0.072168784
-0.024923225
-0.11941434
-0.072168784
-0.024923225
-0.26375191
-0.21650635
-0.16926079
-0.26375191
-0.21650635
-0.16926079
-0.26375191
-0.21650635
-0.16926079
-0.14433757
-0.14433757
-0.14433757
-0.14433757
-0.14433757
-0.14433757
-0.14433757
-0.14433757
-0.14433757
-0.16926079
-0.21650635
-0.26375191
-0.16926079
-0.21650635
-0.26375191
-0.16926079
-0.21650635
-0.26375191
-0.28867513
-0.28867513
-0.28867513
-0.28867513
-0.28867513
-0.28867513
-0.28867513
-0.28867513
-0.28867513
-0.26375191
-0.21650635
-0.16926079
-0.26375191
-0.21650635
-0.16926079
-0.26375191
-0.21650635
-0.16926079
-0.26375191
-0.21650635
-0.16926079
-0.26375191
-0.21650635
-0.16926079
-0.26375191
-0.21650635
-0.16926079
-0.26375191
-0.21650635
-0.16926079
-0.26375191
-0.21650635
-0.16926079
-0.26375191
-0.21650635
-0.16926079
-0.26375191
-0.21650635
-0.16926079
-0.26375191
-0.21650635
-0.16926079
-0.26375191
-0.21650635
-0.16926079
-0.11941434
-0.072168784
-0.024923225
-0.11941434
-0.072168784
-0.024923225
-0.11941434
-0.072168784
-0.024923225
-0.11941434
-0.072168784
-0.024923225
-0.11941434
-0.072168784
-0.024923225
-0.11941434
-0.072168784
-0.024923225
-0.11941434
-0.072168784
-0.024923225
-0.11941434
-0.072168784
-0.024923225
-0.11941434
-0.072168784
-0.024923225
-0.26375191
-0.21650635
-0.16926079
-0.26375191
-0.21650635
-0.16926079
-0.26375191
-0.21650635
-0.16926079
-0.26375191
-0.21650635
-0.16926079
-0.26375191
-0.21650635
-0.16926079
-0.26375191
-0.21650635
-0.16926079
-0.26375191
-0.21650635
-0.16926079
-0.26375191
-0.21650635
-0.16926079
-0.26375191
-0.21650635
-0.16926079
-0.28867513
-0.28867513
-0.28867513
-0.14433757
0
-0.28867513
7.5894152e-19
-0.14433757
-0.14433757
-0.28867513
-0.28867513
-2.1684043e-18
-0.14433757
-0.14433757
-0.14433757
-5.6242988e-19
-0.28867513
-0.28867513
-0.28867513
-0.26375191
-0.21650635
-0.16926079
-0.14433757
-0.14433757
-0.14433757
-0.26375191
-0.21650635
-0.16926079
-0.28867513
-0.28867513
-0.28867513
-0.26375191
-0.21650635
-0.16926079
-0.14433757
-0.14433757
-0.14433757
-0.26375191
-0.21650635
-0.16926079
-0.28867513
-0.28867513
-0.28867513
-0.28867513
-0.28867513
-0.28867513
-0.14433757
-0.14433757
-0.14433757
-0.14433757
-0.14433757
-0.14433757
-0.28867513
-0.28867513
-0.28867513
-0.26375191
-0.21650635
-0.16926079
-0.14433757
-0.14433757
-0.14433757
-0.28867513
-0.28867513
-0.28867513
-0.26375191
-0.21650635
-0.16926079
-0.14433757
-0.14433757
-0.14433757
-0.28867513
-0.28867513
-0.28867513
-0.14433757
-0.14433757
-0.14433757
-0.024923225
-0.072168784
-0.11941434
3.8219715e-18
2.6766241e-18
7.5894152e-19
-0.11941434
-0.072168784
-0.024923225
-0.11941434
-0.072168784
-0.024923225
2.7362738e-18
-1.3925222e-18
3.933621e-18
-0.024923225
-0.072168784
-0.11941434
5.9303589e-18
1.0206747e-18
5.861468e-19
9.6895275e-19
4.37069e-19
8.1315163e-19
-0.16926079
-0.16926079
-0.16926079
-0.21650635
-0.21650635
-0.21650635
-0.26375191
-0.26375191
-0.26375191
-0.28867513
-0.28867513
-0.28867513
-0.28867513
-0.28867513
-0.28867513
-0.28867513
-0.28867513
-0.28867513
-0.26375191
-0.21650635
-0.16926079
-0.26375191
-0.21650635
-0.16926079
-0.26375191
-0.21650635
-0.16926079
-0.14433757
-0.14433757
-0.14433757
-0.14433757
-0.14433757
-0.14433757
-0.14433757
-0.14433757
-0.14433757
-0.16926079
-0.21650635
-0.26375191
-0.16926079
-0.21650635
-0.26375191
-0.16926079
-0.21650635
-0.26375191
-0.26375191
-0.26375191
-0.26375191
-0.21650635
-0.21650635
-0.21650635
-0.16926079
-0.16926079
-0.16926079
-0.16926079
-0.16926079
-0.16926079
-0.21650635
-0.21650635
-0.21650635
-0.26375191
-0.26375191
-0.26375191
-0.28867513
-0.28867513
-0.28867513
-0.28867513
-0.28867513
-0.28867513
-0.28867513
-0.28867513
-0.28867513
-0.26375191
-0.21650635
-0.16926079
-0.26375191
-0.21650635
-0.16926079
-0.26375191
-0.21650635
-0.16926079
-0.14433757
-0.14433757
-0.14433757
-0.14433757
-0.14433757
-0.14433757
-0.14433757
-0.14433757
-0.14433757
-0.26375191
-0.26375191
-0.26375191
-0.21650635
-0.21650635
-0.21650635
-0.16926079
-0.16926079
-0.16926079
-0.024923225
-0.024923225
-0.024923225
-0.072168784
-0.072168784
-0.072168784
-0.11941434
-0.11941434
-0.11941434
-0.11941434
-0.072168784
-0.024923225
-0.11941434
-0.072168784
-0.024923225
-0.11941434
-0.072168784
-0.024923225
-3.1852244e-18
-6.2826828e-19
2.524136e-19
1.6018452e-18
3.7609851e-18
-1.3777961e-18
-2.9358162e-18
-7.4644778e-20
5.5502165e-19
-0.024923225
-0.072168784
-0.11941434
-0.024923225
-0.072168784
-0.11941434
-0.024923225
-0.072168784
-0.11941434
-0.11941434
-0.11941434
-0.11941434
-0.072168784
-0.072168784
-0.072168784
-0.024923225
-0.024923225
-0.024923225
-0.26375191
-0.26375191
-0.26375191
-0.21650635
-0.21650635
-0.21650635
-0.16926079
-0.16926079
-0.16926079
-0.26375191
-0.26375191
-0.26375191
-0.21650635
-0.21650635
-0.21650635
-0.16926079
-0.16926079
-0.16926079
-0.26375191
-0.26375191
-0.26375191
-0.21650635
-0.21650635
-0.21650635
-0.16926079
-0.16926079
-0.16926079
-0.26375191
-0.26375191
-0.26375191
-0.21650635
-0.21650635
-0.21650635
-0.16926079
-0.16926079
-0.16926079
-0.26375191
-0.26375191
-0.26375191
-0.21650635
-0.21650635
-0.21650635
-0.16926079
-0.16926079
-0.16926079
-0.26375191
-0.26375191
-0.26375191
-0.21650635
-0.21650635
-0.21650635
-0.16926079
-0.16926079
-0.16926079
-0.11941434
-0.11941434
-0.11941434
-0.072168784
-0.072168784
-0.072168784
-0.024923225
-0.024923225
-0.024923225
-0.11941434
-0.11941434
-0.11941434
-0.072168784
-0.072168784
-0.072168784
-0.024923225
-0.024923225
-0.024923225
-0.11941434
-0.11941434
-0.11941434
-0.072168784
-0.072168784
-0.072168784
-0.024923225
-0.024923225
-0.024923225
-0.28867513
-0.28867513
-0.28867513
-0.28867513
-0.28867513
-0.14433757
-0.28867513
-0.28867513
-0.28867513
-0.14433757
-0.14433757
-0.14433757
-0.14433757
-0.14433757
-0.14433757
-0.14433757
-0.28867513
-0.28867513
-0.28867513
-0.28867513
-0.28867513
-0.28867513
-0.28867513
-0.28867513
-0.28867513
-0.28867513
-0.28867513
-0.28867513
-0.14433757
-0.14433757
-0.14433757
-0.14433757
-0.14433757
-0.14433757
-0.14433757
-0.14433757
-0.14433757
-0.14433757
-0.14433757
-0.14433757
-0.26375191
-0.21650635
-0.16926079
-0.26375191
-0.21650635
-0.16926079
-0.26375191
-0.21650635
-0.16926079
-0.26375191
-0.21650635
-0.16926079
-0.28867513
-0.28867513
-0.28867513
-0.28867513
-0.28867513
-0.28867513
-0.28867513
-0.28867513
-0.28867513
-0.14433757
-0.14433757
-0.14433757
-0.14433757
-0.14433757
-0.14433757
-0.14433757
-0.14433757
-0.14433757
-0.26375191
-0.21650635
-0.16926079
-0.26375191
-0.21650635
-0.16926079
-0.28867513
-0.28867513
-0.28867513
-0.28867513
-0.28867513
-0.28867513
-0.28867513
-0.28867513
-0.28867513
-0.14433757
-0.14433757
-0.14433757
-0.14433757
-0.14433757
-0.14433757
-0.14433757
-0.14433757
-0.14433757
-0.26375191
-0.21650635
-0.16926079
-0.26375191
-0.21650635
-0.16926079
-0.28867513
-0.28867513
-0.28867513
-0.28867513
-0.28867513
-0.28867513
-0.28867513
-0.28867513
-0.28867513
-0.26375191
-0.26375191
-0.26375191
-0.21650635
-0.21650635
-0.21650635
-0.16926079
-0.16926079
-0.16926079
-0.26375191
-0.26375191
-0.26375191
-0.21650635
-0.21650635
-0.21650635
-0.16926079
-0.16926079
-0.16926079
-0.26375191
-0.26375191
-0.26375191
-0.21650635
-0.21650635
-0.21650635
-0.16926079
-0.16926079
-0.16926079
-0.26375191
-0.26375191
-0.26375191
-0.21650635
-0.21650635
-0.21650635
-0.16926079
-0.16926079
-0.16926079
-0.14433757
-0.14433757
-0.14433757
-0.14433757
-0.14433757
-0.14433757
-0.14433757
-0.14433757
-0.14433757
-0.28867513
-0.28867513
-0.28867513
-0.28867513
-0.28867513
-0.28867513
-0.28867513
-0.28867513
-0.28867513
-0.26375191
-0.26375191
-0.26375191
-0.21650635
-0.21650635
-0.21650635
-0.16926079
-0.16926079
-0.16926079
-0.26375191
-0.26375191
-0.26375191
-0.21650635
-0.21650635
-0.21650635
-0.16926079
-0.16926079
-0.16926079
-0.26375191
-0.26375191
-0.26375191
-0.21650635
-0.21650635
-0.21650635
-0.16926079
-0.16926079
-0.16926079
-0.14433757
-0.14433757
-0.14433757
-0.14433757
-0.14433757
-0.14433757
-0.14433757
-0.14433757
-0.14433757
-0.28867513
-0.28867513
-0.28867513
-0.28867513
-0.28867513
-0.28867513
-0.28867513
-0.28867513
-0.28867513
-0.26375191
-0.26375191
-0.26375191
-0.21650635
-0.21650635
-0.21650635
-0.16926079
-0.16926079
-0.16926079
-0.26375191
-0.26375191
-0.26375191
-0.21650635
-0.21650635
-0.21650635
-0.16926079
-0.16926079
-0.16926079
-0.26375191
-0.26375191
-0.26375191
-0.21650635
-0.21650635
-0.21650635
-0.16926079
-0.16926079
-0.16926079
-0.14433757
-0.14433757
-0.14433757
-0.14433757
-0.14433757
-0.14433757
-0.14433757
-0.14433757
-0.14433757
-0.26375191
-0.26375191
-0.26375191
-0.26375191
-0.26375191
-0.26375191
-0.26375191
-0.26375191
-0.26375191
-0.21650635
-0.21650635
-0.21650635
-0.21650635
-0.21650635
-0.21650635
-0.21650635
-0.21650635
-0.21650635
-0.16926079
-0.16926079
-0.16926079
-0.16926079
-0.16926079
-0.16926079
-0.16926079
-0.16926079
-0.16926079
-0.26375191
-0.26375191
-0.26375191
-0.26375191
-0.26375191
-0.26375191
-0.26375191
-0.26375191
-0.26375191
-0.21650635
-0.21650635
-0.21650635
-0.21650635
-0.21650635
-0.21650635
-0.21650635
-0.21650635
-0.21650635
-0.16926079
-0.16926079
-0.16926079
-0.16926079
-0.16926079
-0.16926079
-0.16926079
-0.16926079
-0.16926079
-0.26375191
-0.26375191
-0.26375191
-0.26375191
-0.26375191
-0.26375191
-0.26375191
-0.26375191
-0.26375191
-0.21650635
-0.21650635
-0.21650635
-0.21650635
-0.21650635
-0.21650635
-0.21650635
-0.21650635
-0.21650635
-0.16926079
-0.16926079
-0.16926079
-0.16926079
-0.16926079
-0.16926079
-0.16926079
-0.16926079
-0.16926079
