MFEM mesh v1.0

#
# MFEM Geometry Types (see mesh/geom.hpp):
#
# POINT       = 0
# SEGMENT     = 1
# TRIANGLE    = 2
# SQUARE      = 3
# TETRAHEDRON = 4
# CUBE        = 5
#

dimension
3

elements
7
1 5 5 8 23 12 0 1 13 6
1 5 12 23 24 11 6 13 14 7
1 5 3 19 17 4 9 25 26 10
1 5 4 17 15 5 10 26 28 12
1 5 17 18 16 15 26 27 29 28
1 5 12 28 20 6 11 30 21 7
1 5 0 2 22 1 6 20 31 13

boundary
32
1 3 5 8 1 0
1 3 4 17 19 3
1 3 5 15 17 4
1 3 15 16 18 17
1 3 1 22 2 0
30 3 4 3 9 10
30 3 5 4 10 12
30 3 12 23 8 5
30 3 11 24 23 12
30 3 8 23 13 1
30 3 12 5 0 6
30 3 23 24 14 13
30 3 24 11 7 14
30 3 6 13 14 7
30 3 3 19 25 9
30 3 19 17 26 25
30 3 9 25 26 10
30 3 17 18 27 26
30 3 15 5 12 28
30 3 10 26 28 12
30 3 18 16 29 27
30 3 16 15 28 29
30 3 26 27 29 28
30 3 0 2 20 6
30 3 6 20 28 12
30 3 12 28 30 11
30 3 28 20 21 30
30 3 20 6 7 21
30 3 11 30 21 7
30 3 2 22 31 20
30 3 22 1 13 31
30 3 6 20 31 13

vertices
32

nodes
FiniteElementSpace
FiniteElementCollection: H1_3D_P4
VDim: 3
Ordering: 0

-0.57735027
-0.31000795
-0.67227043
-0.67227043
-0.70710678
-0.67227043
-0.50518149
-0.4330127
-0.37298049
-0.57019239
-0.59335069
-0.47240707
-0.57019239
-0.26592163
-0.22368927
-0.84957113
-0.91774188
-0.91774188
-1
-0.84957113
-0.57019239
-0.47240707
-0.37298049
-0.30722904
-0.24775119
-0.68827279
-0.73185567
-0.7835347
-0.68827279
-0.73185567
-0.54236453
-0.30722904
-0.6278812
-0.53501952
-0.4314642
-0.36113607
-0.33926012
-0.31810788
-0.52936069
-0.44639856
-0.35681328
-0.65432542
-0.62067735
-0.58750416
-0.53562341
-0.45112133
-0.36020918
-0.30225771
-0.2877255
-0.27339838
-0.46672901
-0.39031051
-0.30979848
-0.56488866
-0.54126588
-0.5176431
-0.59712124
-0.63106638
-0.65963981
-0.32278198
-0.34512795
-0.36435579
-0.27450123
-0.28926139
-0.30171525
-0.51895855
-0.54232058
-0.56170451
-0.2965368
-0.2767634
-0.25761269
-0.43609876
-0.3642077
-0.28876571
-0.48899717
-0.52078024
-0.55300856
-0.25850013
-0.24458109
-0.23085435
-0.39845788
-0.33097257
-0.26123552
-0.49271987
-0.46909709
-0.44547431
-0.22879749
-0.23744835
-0.24461567
-0.44150297
-0.45572427
-0.46735889
-0.70822101
-0.77112957
-0.82527783
-0.91563372
-0.90021342
-0.87053063
-0.74943575
-0.8239692
-0.88860063
-0.68307557
-0.69823377
-0.70604267
-0.59470673
-0.6368947
-0.67250374
-0.70177661
-0.72074224
-0.73052242
-0.62192553
-0.67132121
-0.71323188
-0.57741475
-0.58748697
-0.59264872
-0.65432542
-0.62067735
-0.58750416
-0.82051496
-0.76684993
-0.71496025
-0.88394836
-0.82189162
-0.76232533
-0.68697873
-0.64938746
-0.6125172
-0.87053063
-0.90021342
-0.91563372
-0.70822101
-0.77112957
-0.82527783
-0.70604267
-0.69823377
-0.68307557
-0.73052242
-0.72074224
-0.70177661
-0.59470673
-0.6368947
-0.67250374
-0.59264872
-0.58748697
-0.57741475
-0.82051496
-0.76684993
-0.71496025
-0.94295653
-0.97878093
-0.99744546
-0.94295653
-0.97878093
-0.99744546
-0.87053063
-0.90021342
-0.91563372
-0.74783558
-0.77032793
-0.78194926
-0.78194926
-0.77032793
-0.74783558
-0.70177661
-0.72074224
-0.73052242
-0.96024013
-0.88770117
-0.81864469
-0.88394836
-0.82189162
-0.76232533
-0.59470673
-0.6368947
-0.67250374
-0.51895855
-0.54232058
-0.56170451
-0.48725134
-0.51239955
-0.5332435
-0.48725134
-0.51239955
-0.5332435
-0.44150297
-0.45572427
-0.46735889
-0.66204309
-0.61353593
-0.56655631
-0.55300856
-0.52078024
-0.48899717
-0.59712124
-0.63106638
-0.65963981
-0.6278812
-0.53501952
-0.4314642
-0.32278198
-0.34512795
-0.36435579
-0.52936069
-0.44639856
-0.35681328
-0.27450123
-0.28926139
-0.30171525
-0.65432542
-0.62067735
-0.58750416
-0.36113607
-0.33926012
-0.31810788
-0.54598479
-0.46122132
-0.36920602
-0.57793621
-0.48985902
-0.39325467
-0.61047448
-0.51922515
-0.41806085
-0.61552794
-0.52366827
-0.42174123
-0.58766974
-0.49820397
-0.40002382
-0.55473086
-0.46833285
-0.37471292
-0.35310887
-0.33229368
-0.31211416
-0.3351712
-0.31665882
-0.29860564
-0.31425168
-0.29830605
-0.282648
-0.35055483
-0.43897996
-0.52114291
-0.33639963
-0.422147
-0.50242182
-0.31958805
-0.40205775
-0.47994278
-0.57835327
-0.61021076
-0.64246372
-0.55748885
-0.58641982
-0.61558535
-0.53240437
-0.5579509
-0.58357371
-0.52368231
-0.44051335
-0.35136805
-0.50109777
-0.4205284
-0.33476634
-0.47858047
-0.40070419
-0.31836818
-0.45184539
-0.37797121
-0.30008244
-0.48209907
-0.40454392
-0.32202007
-0.51289327
-0.43176726
-0.34461701
-0.29148121
-0.27251983
-0.25411168
-0.28003783
-0.26287626
-0.24612485
-0.26643124
-0.25134031
-0.23651425
-0.28518538
-0.35990592
-0.43125656
-0.27699329
-0.3500401
-0.42011781
-0.26709061
-0.33807137
-0.4065422
-0.48340205
-0.51409544
-0.54516274
-0.470527
-0.49875865
-0.52721639
-0.45482738
-0.48014297
-0.50553381
-0.45489614
-0.37996074
-0.30128386
-0.43251607
-0.36046079
-0.28529244
-0.41020232
-0.34111577
-0.26949349
-0.74817327
-0.82234343
-0.8866454
-0.73891546
-0.81043561
-0.8723379
-0.72097901
-0.78743445
-0.84476821
-0.68816517
-0.74720572
-0.7978477
-0.65067493
-0.70272461
-0.74708153
-0.61386084
-0.65934685
-0.69786565
-0.84004528
-0.86766251
-0.88199055
-0.7838403
-0.80779937
-0.82019894
-0.72961731
-0.75023088
-0.76087379
-0.85683638
-0.79654723
-0.72674901
-0.79837071
-0.74581288
-0.68452354
-0.74208589
-0.69664858
-0.64328968
-0.68598265
-0.67867041
-0.66446322
-0.64851389
-0.64209671
-0.62960702
-0.61175802
-0.60617749
-0.59529774
-0.60318202
-0.64758889
-0.68513266
-0.61502184
-0.66256691
-0.70285493
-0.62109864
-0.67027185
-0.71198729
-0.72097901
-0.78743445
-0.84476821
-0.73891546
-0.81043561
-0.8723379
-0.74817327
-0.82234343
-0.8866454
-0.88199055
-0.86766251
-0.84004528
-0.82019894
-0.80779937
-0.7838403
-0.76087379
-0.75023088
-0.72961731
-0.7978477
-0.74720572
-0.68816517
-0.74708153
-0.70272461
-0.65067493
-0.69786565
-0.65934685
-0.61386084
-0.66446322
-0.67867041
-0.68598265
-0.62960702
-0.64209671
-0.64851389
-0.59529774
-0.60617749
-0.61175802
-0.62109864
-0.67027185
-0.71198729
-0.61502184
-0.66256691
-0.70285493
-0.60318202
-0.64758889
-0.68513266
-0.89277756
-0.92431526
-0.94071385
-0.92431526
-0.95853051
-0.97634361
-0.94071385
-0.97634361
-0.9949051
-0.90737148
-0.94059372
-0.95787615
-0.84215552
-0.87080706
-0.8856703
-0.77971541
-0.80423006
-0.81691345
-0.95787615
-0.94059372
-0.90737148
-0.8856703
-0.87080706
-0.84215552
-0.81691345
-0.80423006
-0.77971541
-0.88199055
-0.86766251
-0.84004528
-0.82019894
-0.80779937
-0.7838403
-0.76087379
-0.75023088
-0.72961731
-0.74642532
-0.76880781
-0.7803717
-0.73608266
-0.75766307
-0.76880781
-0.71603851
-0.73608266
-0.74642532
-0.5349304
-0.56211294
-0.58476185
-0.56211294
-0.59597986
-0.62437531
-0.58476185
-0.62437531
-0.65774542
-0.57573314
-0.61473255
-0.64754393
-0.5402524
-0.57349714
-0.60129899
-0.50539442
-0.53324724
-0.55640335
-0.64754393
-0.61473255
-0.57573314
-0.60129899
-0.57349714
-0.5402524
-0.55640335
-0.53324724
-0.50539442
-0.54516274
-0.52721639
-0.50553381
-0.51409544
-0.49875865
-0.48014297
-0.48340205
-0.470527
-0.45482738
-0.48136214
-0.50505703
-0.52466922
-0.46781941
-0.48822494
-0.50505703
-0.45132243
-0.46781941
-0.48136214
-0.37471292
-0.40002382
-0.42174123
-0.46833285
-0.49820397
-0.52366827
-0.55473086
-0.58766974
-0.61552794
-0.58357371
-0.61558535
-0.64246372
-0.5579509
-0.58641982
-0.61021076
-0.53240437
-0.55748885
-0.57835327
-0.61047448
-0.51922515
-0.41806085
-0.57793621
-0.48985902
-0.39325467
-0.54598479
-0.46122132
-0.36920602
-0.35310887
-0.3351712
-0.31425168
-0.33229368
-0.31665882
-0.29830605
-0.31211416
-0.29860564
-0.282648
-0.47994278
-0.50242182
-0.52114291
-0.40205775
-0.422147
-0.43897996
-0.31958805
-0.33639963
-0.35055483
-0.59889421
-0.508618
-0.40900023
-0.56775224
-0.48058561
-0.38537344
-0.53711009
-0.45318612
-0.36241041
-0.57273258
-0.48477477
-0.38871693
-0.544668
-0.45966172
-0.36765691
-0.51692722
-0.43498899
-0.34707236
-0.54171615
-0.45672011
-0.36499811
-0.51716093
-0.43490161
-0.34680988
-0.49275648
-0.41333483
-0.32891357
-0.50530977
-0.42494101
-0.33887239
-0.47565774
-0.39877664
-0.31718848
-0.44647023
-0.3731833
-0.29608868
-0.48800416
-0.40942271
-0.32585251
-0.46091144
-0.38561928
-0.30619588
-0.43412588
-0.36222233
-0.28696825
-0.46717045
-0.3908489
-0.31034083
-0.44307148
-0.36978595
-0.29302279
-0.41911909
-0.3489618
-0.27597604
-0.70012126
-0.76244938
-0.81602832
-0.71691136
-0.78392583
-0.84170847
-0.72556884
-0.79503163
-0.85501838
-0.66118413
-0.71606589
-0.7629281
-0.67591135
-0.73481732
-0.78525217
-0.68349104
-0.74449347
-0.79679546
-0.62301523
-0.67092134
-0.71156067
-0.63581745
-0.68715175
-0.73080435
-0.64239441
-0.6955098
-0.74073227
-0.72556884
-0.79503163
-0.85501838
-0.71691136
-0.78392583
-0.84170847
-0.70012126
-0.76244938
-0.81602832
-0.68349104
-0.74449347
-0.79679546
-0.67591135
-0.73481732
-0.78525217
-0.66118413
-0.71606589
-0.7629281
-0.64239441
-0.6955098
-0.74073227
-0.63581745
-0.68715175
-0.73080435
-0.62301523
-0.67092134
-0.71156067
-0.90529097
-0.93833613
-0.95552504
-0.8900699
-0.9218271
-0.93833613
-0.86075595
-0.8900699
-0.90529097
-0.84036022
-0.86886436
-0.88365008
-0.82721268
-0.8546431
-0.86886436
-0.80182719
-0.82721268
-0.84036022
-0.77817863
-0.80257142
-0.81519098
-0.76691366
-0.7904174
-0.80257142
-0.7451095
-0.76691366
-0.77817863
-0.56654839
-0.60319131
-0.63396282
-0.54559501
-0.57696496
-0.60319131
-0.52038189
-0.54559501
-0.56654839
-0.53243852
-0.56371075
-0.58981969
-0.51455559
-0.54139366
-0.56371075
-0.49293162
-0.51455559
-0.53243852
-0.49886301
-0.52509184
-0.54686566
-0.48386809
-0.50642978
-0.52509184
-0.46564831
-0.48386809
-0.49886301
-0.54171615
-0.57273258
-0.59889421
-0.45672011
-0.48477477
-0.508618
-0.36499811
-0.38871693
-0.40900023
-0.51716093
-0.544668
-0.56775224
-0.43490161
-0.45966172
-0.48058561
-0.34680988
-0.36765691
-0.38537344
-0.49275648
-0.51692722
-0.53711009
-0.41333483
-0.43498899
-0.45318612
-0.32891357
-0.34707236
-0.36241041
-0.57735027
-0.67227043
-0.31000795
-0.67227043
-0.70710678
-0.67227043
-0.50518149
-0.4330127
-0.84957113
-0.57019239
-0.59335069
-0.47240707
-0.57019239
-0.57019239
-0.47240707
-0.37298049
-1.3010426e-18
-0.39717735
1.0842022e-18
-0.37298049
-0.26592163
-0.22368927
-0.37298049
-0.68827279
-0.54236453
-0.30722904
-0.3224644
-7.3725748e-18
-0.30722904
-1.1519648e-18
-0.24775119
-0.30722904
-0.70822101
-0.77112957
-0.82527783
-0.82051496
-0.76684993
-0.71496025
-0.59470673
-0.6368947
-0.67250374
-0.65432542
-0.62067735
-0.58750416
-0.59712124
-0.63106638
-0.65963981
-0.65432542
-0.62067735
-0.58750416
-0.51895855
-0.54232058
-0.56170451
-0.56488866
-0.54126588
-0.5176431
-0.59712124
-0.63106638
-0.65963981
-0.70822101
-0.77112957
-0.82527783
-0.59470673
-0.6368947
-0.67250374
-0.51895855
-0.54232058
-0.56170451
-0.66204309
-0.61353593
-0.56655631
-0.48725134
-0.51239955
-0.5332435
-0.48899717
-0.52078024
-0.55300856
-0.55300856
-0.52078024
-0.48899717
-0.44150297
-0.45572427
-0.46735889
-0.49271987
-0.46909709
-0.44547431
-0.48725134
-0.51239955
-0.5332435
-0.44150297
-0.45572427
-0.46735889
-0.6278812
-0.53501952
-0.4314642
-0.39642918
-0.39095644
-0.38042078
-0.66207707
-0.56663459
-0.45868172
-0.68307557
-0.69823377
-0.70604267
-0.52936069
-0.44639856
-0.35681328
-0.31195018
-0.31857997
-0.32199842
-0.55184515
-0.4667897
-0.37407891
-0.57741475
-0.58748697
-0.59264872
-0.65432542
-0.62067735
-0.58750416
-0.36113607
-0.33926012
-0.31810788
-0.38359477
-0.35865241
-0.33471103
-0.68697873
-0.64938746
-0.6125172
-0.38042078
-0.39095644
-0.39642918
-0.6278812
-0.53501952
-0.4314642
-0.70604267
-0.69823377
-0.68307557
-0.32199842
-0.31857997
-0.31195018
-0.52936069
-0.44639856
-0.35681328
-0.59264872
-0.58748697
-0.57741475
-0.36113607
-0.33926012
-0.31810788
-0.33291588
-0.20490947
-0.071432212
-1.9515639e-18
-1.9515639e-18
-2.5410988e-21
-0.31218017
-0.19175207
-0.066774181
-0.26924508
-0.16481389
-0.05729151
-6.1663999e-18
1.0842022e-19
2.2971534e-18
-0.25627281
-0.15665737
-0.054417567
5.014488e-18
2.6219905e-18
-4.3673019e-18
-4.4555654e-18
-2.3115529e-18
-1.3552527e-20
-0.27450123
-0.28926139
-0.30171525
-0.46672901
-0.39031051
-0.30979848
-0.43609876
-0.3642077
-0.28876571
-0.22879749
-0.23744835
-0.24461567
-0.39845788
-0.33097257
-0.26123552
-0.2965368
-0.2767634
-0.25761269
-0.25850013
-0.24458109
-0.23085435
-0.53562341
-0.45112133
-0.36020918
-0.32278198
-0.34512795
-0.36435579
-0.6278812
-0.53501952
-0.4314642
-0.27450123
-0.28926139
-0.30171525
-0.52936069
-0.44639856
-0.35681328
-0.30225771
-0.2877255
-0.27339838
-0.36113607
-0.33926012
-0.31810788
-0.61386084
-0.65934685
-0.69786565
-0.65067493
-0.70272461
-0.74708153
-0.68816517
-0.74720572
-0.7978477
-0.69333656
-0.7521652
-0.80266349
-0.65977922
-0.70963766
-0.7521652
-0.62011882
-0.65977922
-0.69333656
-0.7978477
-0.74708153
-0.69786565
-0.74720572
-0.70272461
-0.65934685
-0.68816517
-0.65067493
-0.61386084
-0.65774542
-0.62437531
-0.58476185
-0.62437531
-0.59597986
-0.56211294
-0.58476185
-0.56211294
-0.5349304
-0.57835327
-0.61021076
-0.64246372
-0.55748885
-0.58641982
-0.61558535
-0.53240437
-0.5579509
-0.58357371
-0.58357371
-0.61558535
-0.64246372
-0.5579509
-0.58641982
-0.61021076
-0.53240437
-0.55748885
-0.57835327
-0.50539442
-0.53324724
-0.55640335
-0.5402524
-0.57349714
-0.60129899
-0.57573314
-0.61473255
-0.64754393
-0.64754393
-0.60129899
-0.55640335
-0.61473255
-0.57349714
-0.53324724
-0.57573314
-0.5402524
-0.50539442
-0.52466922
-0.50505703
-0.48136214
-0.50505703
-0.48822494
-0.46781941
-0.48136214
-0.46781941
-0.45132243
-0.48340205
-0.51409544
-0.54516274
-0.470527
-0.49875865
-0.52721639
-0.45482738
-0.48014297
-0.50553381
-0.50553381
-0.52721639
-0.54516274
-0.48014297
-0.49875865
-0.51409544
-0.45482738
-0.470527
-0.48340205
-0.6610298
-0.56566212
-0.45784149
-0.65334976
-0.55853883
-0.45169272
-0.63846807
-0.54477698
-0.43984281
-0.61047448
-0.51922515
-0.41806085
-0.57793621
-0.48985902
-0.39325467
-0.54598479
-0.46122132
-0.36920602
-0.36805159
-0.37782943
-0.38290171
-0.34524687
-0.35368804
-0.35805614
-0.32324632
-0.33047204
-0.33420229
-0.44335776
-0.54869826
-0.6424645
-0.41515227
-0.51551365
-0.6059608
-0.38799889
-0.48335598
-0.57031435
-0.68598265
-0.67867041
-0.66446322
-0.64851389
-0.64209671
-0.62960702
-0.61175802
-0.60617749
-0.59529774
-0.53636295
-0.45273421
-0.36216784
-0.54614326
-0.46160566
-0.36968063
-0.55116224
-0.46616835
-0.37355141
-0.63846807
-0.54477698
-0.43984281
-0.65334976
-0.55853883
-0.45169272
-0.6610298
-0.56566212
-0.45784149
-0.38290171
-0.37782943
-0.36805159
-0.35805614
-0.35368804
-0.34524687
-0.33420229
-0.33047204
-0.32324632
-0.41806085
-0.51922515
-0.61047448
-0.39325467
-0.48985902
-0.57793621
-0.36920602
-0.46122132
-0.54598479
-0.66446322
-0.67867041
-0.68598265
-0.62960702
-0.64209671
-0.64851389
-0.59529774
-0.60617749
-0.61175802
-0.55116224
-0.46616835
-0.37355141
-0.54614326
-0.46160566
-0.36968063
-0.53636295
-0.45273421
-0.36216784
-0.31855002
-0.19578843
-0.068202148
-0.32757928
-0.20151832
-0.070230762
-0.33227387
-0.20450132
-0.071287575
-0.32130396
-0.19756423
-0.068835703
-0.30002305
-0.18414088
-0.064097608
-0.27964793
-0.17133491
-0.059585834
2.2815759e-18
1.9886216e-18
-2.3264819e-18
2.0701502e-18
7.9456984e-19
-1.8321323e-18
-3.1848439e-19
1.3018896e-18
1.0096633e-18
-0.064528421
-0.1853869
-0.30208053
-0.060403686
-0.17368096
-0.2834601
-0.056443593
-0.16242373
-0.26549629
-0.26884793
-0.16456385
-0.05720335
-0.26593524
-0.16273068
-0.056557115
-0.26028995
-0.15918085
-0.05530629
-0.47994278
-0.40205775
-0.31958805
-0.50242182
-0.422147
-0.33639963
-0.52114291
-0.43897996
-0.35055483
-0.51289327
-0.43176726
-0.34461701
-0.48209907
-0.40454392
-0.32202007
-0.45184539
-0.37797121
-0.30008244
-0.29148121
-0.28003783
-0.26643124
-0.27251983
-0.26287626
-0.25134031
-0.25411168
-0.24612485
-0.23651425
-0.30128386
-0.37996074
-0.45489614
-0.28529244
-0.36046079
-0.43251607
-0.26949349
-0.34111577
-0.41020232
-0.43125656
-0.35990592
-0.28518538
-0.42011781
-0.3500401
-0.27699329
-0.4065422
-0.33807137
-0.26709061
-0.61552794
-0.52366827
-0.42174123
-0.58766974
-0.49820397
-0.40002382
-0.55473086
-0.46833285
-0.37471292
-0.52368231
-0.44051335
-0.35136805
-0.50109777
-0.4205284
-0.33476634
-0.47858047
-0.40070419
-0.31836818
-0.31425168
-0.3351712
-0.35310887
-0.29830605
-0.31665882
-0.33229368
-0.282648
-0.29860564
-0.31211416
-0.41806085
-0.51922515
-0.61047448
-0.39325467
-0.48985902
-0.57793621
-0.36920602
-0.46122132
-0.54598479
-0.47994278
-0.40205775
-0.31958805
-0.50242182
-0.422147
-0.33639963
-0.52114291
-0.43897996
-0.35055483
-0.67420215
-0.72945518
-0.77672593
-0.63837835
-0.6871559
-0.72862758
-0.60312952
-0.6458116
-0.68188046
-0.64266612
-0.68956937
-0.72945518
-0.61051328
-0.652041
-0.6871559
-0.57873139
-0.61517064
-0.6458116
-0.60529423
-0.64266612
-0.67420215
-0.57732426
-0.61051328
-0.63837835
-0.54952602
-0.57873139
-0.60312952
-0.56654839
-0.60319131
-0.63396282
-0.53243852
-0.56371075
-0.58981969
-0.49886301
-0.52509184
-0.54686566
-0.54559501
-0.57696496
-0.60319131
-0.51455559
-0.54139366
-0.56371075
-0.48386809
-0.50642978
-0.52509184
-0.52038189
-0.54559501
-0.56654839
-0.49293162
-0.51455559
-0.53243852
-0.46564831
-0.48386809
-0.49886301
-0.6203888
-0.52833245
-0.42585864
-0.63430937
-0.54116074
-0.43687127
-0.64148622
-0.5477932
-0.44257828
-0.58663853
-0.49780402
-0.4000213
-0.59883161
-0.50896837
-0.40955231
-0.60510614
-0.5147283
-0.41447987
-0.55355416
-0.46809103
-0.3750271
-0.56413793
-0.4777219
-0.38320524
-0.56957436
-0.48268043
-0.38742375
-0.64148622
-0.5477932
-0.44257828
-0.63430937
-0.54116074
-0.43687127
-0.6203888
-0.52833245
-0.42585864
-0.60510614
-0.5147283
-0.41447987
-0.59883161
-0.50896837
-0.40955231
-0.58663853
-0.49780402
-0.4000213
-0.56957436
-0.48268043
-0.38742375
-0.56413793
-0.4777219
-0.38320524
-0.55355416
-0.46809103
-0.3750271
-0.32070999
-0.19718729
-0.068702254
-0.31636431
-0.19443086
-0.067726611
-0.30799445
-0.18912838
-0.065850962
-0.29951319
-0.18381839
-0.063983627
-0.29577929
-0.18145759
-0.063149413
-0.28856923
-0.17690387
-0.061541198
-0.27921387
-0.1710612
-0.059489253
-0.27603204
-0.16905556
-0.058781655
-0.26987288
-0.16517688
-0.057413909
-0.50530977
-0.42494101
-0.33887239
-0.48800416
-0.40942271
-0.32585251
-0.46717045
-0.3908489
-0.31034083
-0.47565774
-0.39877664
-0.31718848
-0.46091144
-0.38561928
-0.30619588
-0.44307148
-0.36978595
-0.29302279
-0.44647023
-0.3731833
-0.29608868
-0.43412588
-0.36222233
-0.28696825
-0.41911909
-0.3489618
-0.27597604
-0.54171615
-0.45672011
-0.36499811
-0.57273258
-0.48477477
-0.38871693
-0.59889421
-0.508618
-0.40900023
-0.51716093
-0.43490161
-0.34680988
-0.544668
-0.45966172
-0.36765691
-0.56775224
-0.48058561
-0.38537344
-0.49275648
-0.41333483
-0.32891357
-0.51692722
-0.43498899
-0.34707236
-0.53711009
-0.45318612
-0.36241041
0.57735027
0.67227043
0.67227043
-0.31000795
-3.1225023e-17
0.31000795
0.50518149
0.4330127
0.37298049
-0.26592163
2.9273459e-18
0.22368927
0.26592163
0.57019239
0.47240707
0.37298049
0.39717735
-7.1557343e-18
4.5536491e-18
-0.37298049
0.57019239
0.47240707
0.84957113
0.30722904
0.24775119
-0.30722904
6.0986372e-18
-6.9117888e-18
0.30722904
0.3224644
0.24775119
0.68827279
0.32278198
0.34512795
0.36435579
0.36113607
0.33926012
0.31810788
0.27450123
0.28926139
0.30171525
0.30225771
0.2877255
0.27339838
0.59712124
0.63106638
0.65963981
0.65432542
0.62067735
0.58750416
0.51895855
0.54232058
0.56170451
0.56488866
0.54126588
0.5176431
0.53562341
0.45112133
0.36020918
0.6278812
0.53501952
0.4314642
0.52936069
0.44639856
0.35681328
0.46672901
0.39031051
0.30979848
0.2965368
0.2767634
0.25761269
0.22879749
0.23744835
0.24461567
0.23085435
0.24458109
0.25850013
0.55300856
0.52078024
0.48899717
0.44150297
0.45572427
0.46735889
0.49271987
0.46909709
0.44547431
0.43609876
0.3642077
0.28876571
0.39845788
0.33097257
0.26123552
-0.32278198
-0.34512795
-0.36435579
-0.066774181
-0.19175207
-0.31218017
-8.8271421e-19
2.4123498e-18
1.0516761e-17
-0.25848698
-0.15792154
-0.054840668
-0.27450123
-0.28926139
-0.30171525
-0.25627281
-0.15665737
-0.054417567
2.4821639e-18
3.1539272e-18
5.3600245e-18
-0.22122909
-0.13473355
-0.046712443
-0.30225771
-0.2877255
-0.27339838
-0.36113607
-0.33926012
-0.31810788
-3.367942e-18
-1.6644197e-18
5.1533485e-18
6.4987544e-18
-1.5043305e-18
8.3483567e-18
0.31218017
0.19175207
0.066774181
0.32278198
0.34512795
0.36435579
0.054840668
0.15792154
0.25848698
0.054417567
0.15665737
0.25627281
0.27450123
0.28926139
0.30171525
0.046712443
0.13473355
0.22122909
0.36113607
0.33926012
0.31810788
1.3040072e-18
-4.472334e-18
-3.1441863e-18
0.33291588
0.20490947
0.071432212
0.38042078
0.39095644
0.39642918
1.6147882e-17
-5.6797794e-18
7.8503014e-18
0.05729151
0.16481389
0.26924508
0.31195018
0.31857997
0.32199842
5.2039322e-18
3.6718878e-19
3.1950083e-18
0.38359477
0.35865241
0.33471103
0.52936069
0.44639856
0.35681328
0.51895855
0.54232058
0.56170451
0.22879749
0.23744835
0.24461567
0.43609876
0.3642077
0.28876571
0.44150297
0.45572427
0.46735889
0.2965368
0.2767634
0.25761269
0.55300856
0.52078024
0.48899717
0.59712124
0.63106638
0.65963981
0.70822101
0.77112957
0.82527783
0.70822101
0.77112957
0.82527783
0.59470673
0.6368947
0.67250374
0.59470673
0.6368947
0.67250374
0.65432542
0.62067735
0.58750416
0.82051496
0.76684993
0.71496025
0.282648
0.29860564
0.31211416
0.29830605
0.31665882
0.33229368
0.31425168
0.3351712
0.35310887
0.37471292
0.40002382
0.42174123
0.46833285
0.49820397
0.52366827
0.55473086
0.58766974
0.61552794
0.41806085
0.39325467
0.36920602
0.51922515
0.48985902
0.46122132
0.61047448
0.57793621
0.54598479
0.35055483
0.33639963
0.31958805
0.43897996
0.422147
0.40205775
0.52114291
0.50242182
0.47994278
0.31836818
0.33476634
0.35136805
0.40070419
0.4205284
0.44051335
0.47858047
0.50109777
0.52368231
0.58357371
0.61558535
0.64246372
0.5579509
0.58641982
0.61021076
0.53240437
0.55748885
0.57835327
0.23651425
0.24612485
0.25411168
0.25134031
0.26287626
0.27251983
0.26643124
0.28003783
0.29148121
0.34461701
0.32202007
0.30008244
0.43176726
0.40454392
0.37797121
0.51289327
0.48209907
0.45184539
0.28518538
0.27699329
0.26709061
0.35990592
0.3500401
0.33807137
0.43125656
0.42011781
0.4065422
0.26949349
0.28529244
0.30128386
0.34111577
0.36046079
0.37996074
0.41020232
0.43251607
0.45489614
0.50553381
0.52721639
0.54516274
0.48014297
0.49875865
0.51409544
0.45482738
0.470527
0.48340205
-0.057239495
-0.061462548
-0.065123692
-0.16473627
-0.17671588
-0.18708359
-0.26934696
-0.28838346
-0.30480318
-0.31425168
-0.3351712
-0.35310887
-0.29830605
-0.31665882
-0.33229368
-0.282648
-0.29860564
-0.31211416
-0.30208053
-0.1853869
-0.064528421
-0.2834601
-0.17368096
-0.060403686
-0.26549629
-0.16242373
-0.056443593
6.5455116e-18
-7.2532753e-18
-1.5026537e-17
-2.1101708e-18
1.4228949e-17
4.9986454e-18
7.3429286e-18
7.8216081e-18
5.3311377e-18
-0.053402739
-0.1538254
-0.25192393
-0.05071693
-0.14616765
-0.23963301
-0.048082222
-0.13864694
-0.22753495
-0.22849233
-0.24100674
-0.2515843
-0.13926427
-0.14708688
-0.15371483
-0.048302401
-0.051050476
-0.05338174
0.26934696
0.28838346
0.30480318
0.16473627
0.17671588
0.18708359
0.057239495
0.061462548
0.065123692
0.064528421
0.1853869
0.30208053
0.060403686
0.17368096
0.2834601
0.056443593
0.16242373
0.26549629
0.35310887
0.3351712
0.31425168
0.33229368
0.31665882
0.29830605
0.31211416
0.29860564
0.282648
0.25192393
0.1538254
0.053402739
0.23963301
0.14616765
0.05071693
0.22753495
0.13864694
0.048082222
0.048302401
0.051050476
0.05338174
0.13926427
0.14708688
0.15371483
0.22849233
0.24100674
0.2515843
0.31855002
0.32757928
0.33227387
0.19578843
0.20151832
0.20450132
0.068202148
0.070230762
0.071287575
-1.8124058e-17
-1.850695e-18
-6.1331273e-18
1.559199e-17
-1.5969245e-17
-1.3934539e-17
-5.7146931e-19
-2.1243586e-18
7.5013238e-18
0.068835703
0.19756423
0.32130396
0.064097608
0.18414088
0.30002305
0.059585834
0.17133491
0.27964793
0.38290171
0.37782943
0.36805159
0.35805614
0.35368804
0.34524687
0.33420229
0.33047204
0.32324632
0.05530629
0.056557115
0.05720335
0.15918085
0.16273068
0.16456385
0.26028995
0.26593524
0.26884793
0.47994278
0.50242182
0.52114291
0.40205775
0.422147
0.43897996
0.31958805
0.33639963
0.35055483
0.26643124
0.28003783
0.29148121
0.25134031
0.26287626
0.27251983
0.23651425
0.24612485
0.25411168
0.34461701
0.43176726
0.51289327
0.32202007
0.40454392
0.48209907
0.30008244
0.37797121
0.45184539
0.54516274
0.52721639
0.50553381
0.51409544
0.49875865
0.48014297
0.48340205
0.470527
0.45482738
0.26709061
0.27699329
0.28518538
0.33807137
0.3500401
0.35990592
0.4065422
0.42011781
0.43125656
0.69333656
0.7521652
0.80266349
0.65977922
0.70963766
0.7521652
0.62011882
0.65977922
0.69333656
0.58357371
0.61558535
0.64246372
0.5579509
0.58641982
0.61021076
0.53240437
0.55748885
0.57835327
0.68816517
0.74720572
0.7978477
0.65067493
0.70272461
0.74708153
0.61386084
0.65934685
0.69786565
0.7978477
0.74720572
0.68816517
0.74708153
0.70272461
0.65067493
0.69786565
0.65934685
0.61386084
0.5349304
0.56211294
0.58476185
0.56211294
0.59597986
0.62437531
0.58476185
0.62437531
0.65774542
0.36499811
0.38871693
0.40900023
0.34680988
0.36765691
0.38537344
0.32891357
0.34707236
0.36241041
0.45672011
0.48477477
0.508618
0.43490161
0.45966172
0.48058561
0.41333483
0.43498899
0.45318612
0.54171615
0.57273258
0.59889421
0.51716093
0.544668
0.56775224
0.49275648
0.51692722
0.53711009
0.31034083
0.32585251
0.33887239
0.29302279
0.30619588
0.31718848
0.27597604
0.28696825
0.29608868
0.3908489
0.40942271
0.42494101
0.36978595
0.38561928
0.39877664
0.3489618
0.36222233
0.3731833
0.46717045
0.48800416
0.50530977
0.44307148
0.46091144
0.47565774
0.41911909
0.43412588
0.44647023
-0.26211302
-0.27991905
-0.29522195
-0.16021232
-0.17140402
-0.18105309
-0.055649738
-0.059592557
-0.062997464
-0.24860876
-0.2642053
-0.27751954
-0.15178289
-0.16156396
-0.16993766
-0.052690427
-0.056132298
-0.059083241
-0.23537093
-0.24891128
-0.2603948
-0.14353976
-0.15201303
-0.15921767
-0.049800122
-0.052778473
-0.055314214
0.055649738
0.059592557
0.062997464
0.16021232
0.17140402
0.18105309
0.26211302
0.27991905
0.29522195
0.052690427
0.056132298
0.059083241
0.15178289
0.16156396
0.16993766
0.24860876
0.2642053
0.27751954
0.049800122
0.052778473
0.055314214
0.14353976
0.15201303
0.15921767
0.23537093
0.24891128
0.2603948
0.065850962
0.067726611
0.068702254
0.18912838
0.19443086
0.19718729
0.30799445
0.31636431
0.32070999
0.061541198
0.063149413
0.063983627
0.17690387
0.18145759
0.18381839
0.28856923
0.29577929
0.29951319
0.057413909
0.058781655
0.059489253
0.16517688
0.16905556
0.1710612
0.26987288
0.27603204
0.27921387
0.31034083
0.32585251
0.33887239
0.3908489
0.40942271
0.42494101
0.46717045
0.48800416
0.50530977
0.29302279
0.30619588
0.31718848
0.36978595
0.38561928
0.39877664
0.44307148
0.46091144
0.47565774
0.27597604
0.28696825
0.29608868
0.3489618
0.36222233
0.3731833
0.41911909
0.43412588
0.44647023
0.60529423
0.64266612
0.67420215
0.64266612
0.68956937
0.72945518
0.67420215
0.72945518
0.77672593
0.57732426
0.61051328
0.63837835
0.61051328
0.652041
0.6871559
0.63837835
0.6871559
0.72862758
0.54952602
0.57873139
0.60312952
0.57873139
0.61517064
0.6458116
0.60312952
0.6458116
0.68188046
