MFEM mesh v1.0

#
# MFEM Geometry Types (see mesh/geom.hpp):
#
# POINT       = 0
# SEGMENT     = 1
# TRIANGLE    = 2
# SQUARE      = 3
# TETRAHEDRON = 4
# CUBE        = 5
#

dimension
3

elements
7
1 5 10 22 23 9 6 12 13 7
1 5 2 3 21 20 15 14 25 24
1 5 5 15 24 11 6 17 26 12
1 5 15 14 25 24 17 16 27 26
1 5 6 17 26 12 7 19 28 13
1 5 17 16 27 26 19 18 29 28
1 5 7 19 28 13 0 4 8 1

boundary
28
1 3 20 21 3 2
33 3 0 4 8 1
33 3 9 23 22 10
33 3 10 22 12 6
33 3 11 5 6 12
33 3 22 23 13 12
33 3 23 9 7 13
33 3 9 10 6 7
33 3 13 7 0 1
33 3 2 3 14 15
33 3 5 15 17 6
33 3 15 14 16 17
33 3 6 17 19 7
33 3 17 16 18 19
33 3 7 19 4 0
33 3 20 2 15 24
33 3 11 24 15 5
33 3 3 21 25 14
33 3 21 20 24 25
33 3 24 11 12 26
33 3 14 25 27 16
33 3 25 24 26 27
33 3 26 12 13 28
33 3 16 27 29 18
33 3 27 26 28 29
33 3 19 18 29 28
33 3 19 28 8 4
33 3 28 13 1 8

vertices
30

nodes
FiniteElementSpace
FiniteElementCollection: H1_3D_P4
VDim: 3
Ordering: 0

-0.28867513
-0.14433757
-0.67227043
-0.70710678
-0.28867513
-0.50518149
-0.4330127
-0.36084392
-0.14433757
-0.37864925
-0.47240707
-0.26592163
-0.22368927
-0.18319635
-0.59335069
-0.57019239
-0.48603889
-0.47240707
-0.38463884
-0.37864925
-0.37298049
-0.39717735
-0.24775119
-0.19368993
-0.30722904
-0.3224644
-0.24775119
-0.25629728
-0.19368993
-0.19728907
-0.43609876
-0.3642077
-0.28876571
-0.23805083
-0.22009081
-0.20267041
-0.34768534
-0.28777162
-0.22648244
-0.39456189
-0.42504043
-0.455937
-0.39845788
-0.33097257
-0.26123552
-0.21657604
-0.20323217
-0.19006884
-0.3308016
-0.27305464
-0.21442052
-0.42055109
-0.39692831
-0.37330553
-0.44150297
-0.45572427
-0.46735889
-0.22879749
-0.23744835
-0.24461567
-0.1854698
-0.18926312
-0.19235298
-0.36474496
-0.3712003
-0.37640913
-0.68307557
-0.69823377
-0.70604267
-0.66207707
-0.56663459
-0.45868172
-0.38042078
-0.39095644
-0.39642918
-0.6278812
-0.53501952
-0.4314642
-0.59264872
-0.58748697
-0.57741475
-0.55184515
-0.4667897
-0.37407891
-0.31195018
-0.31857997
-0.32199842
-0.52936069
-0.44639856
-0.35681328
-0.65432542
-0.62067735
-0.58750416
-0.68697873
-0.64938746
-0.6125172
-0.38359477
-0.35865241
-0.33471103
-0.36113607
-0.33926012
-0.31810788
-0.51895855
-0.54232058
-0.56170451
-0.27450123
-0.28926139
-0.30171525
-0.46672901
-0.39031051
-0.30979848
-0.44150297
-0.45572427
-0.46735889
-0.43609876
-0.3642077
-0.28876571
-0.22879749
-0.23744835
-0.24461567
-0.49271987
-0.46909709
-0.44547431
-0.55300856
-0.52078024
-0.48899717
-0.2965368
-0.2767634
-0.25761269
-0.25850013
-0.24458109
-0.23085435
-0.4856287
-0.48260673
-0.47668054
-0.4492025
-0.37588867
-0.29851333
-0.25041783
-0.25413461
-0.25603842
-0.57437618
-0.53892397
-0.50413239
-0.31047167
-0.28840695
-0.26717658
-0.36474496
-0.3712003
-0.37640913
-0.34768534
-0.28777162
-0.22648244
-0.1854698
-0.18926312
-0.19235298
-0.455937
-0.42504043
-0.39456189
-0.23805083
-0.22009081
-0.20267041
-0.38445987
-0.38313893
-0.38053624
-0.35339144
-0.29278126
-0.23061039
-0.19481997
-0.19638441
-0.19718101
-0.46812151
-0.43463085
-0.40174699
-0.24563076
-0.22597295
-0.20701788
-0.28867513
-0.28867513
-0.28867513
-0.26375191
-0.21650635
-0.16926079
-0.14433757
-0.14433757
-0.14433757
-0.26375191
-0.21650635
-0.16926079
-0.30113675
-0.32475953
-0.34838231
-0.30395098
-0.33320369
-0.36284937
-0.15255002
-0.16846444
-0.18484957
-0.15093503
-0.16356894
-0.17637257
-0.36262217
-0.30058548
-0.23685745
-0.39130993
-0.32530876
-0.2569503
-0.42049661
-0.35061557
-0.27762052
-0.43125656
-0.35990592
-0.28518538
-0.42011781
-0.3500401
-0.27699329
-0.4065422
-0.33807137
-0.26709061
-0.23526359
-0.21791895
-0.20105879
-0.22887988
-0.2129265
-0.19734097
-0.22115153
-0.20684838
-0.19278971
-0.22494787
-0.28590578
-0.34555474
-0.22139884
-0.28158332
-0.34060781
-0.21703712
-0.27625716
-0.33449086
-0.39187915
-0.42147109
-0.45141694
-0.38565054
-0.41320792
-0.44098333
-0.37794959
-0.40303736
-0.42819936
-0.38673177
-0.32087171
-0.25302965
-0.36455341
-0.30183931
-0.23761548
-0.34244047
-0.28295631
-0.22238348
-0.43984281
-0.45169272
-0.45784149
-0.54477698
-0.55853883
-0.56566212
-0.63846807
-0.65334976
-0.6610298
-0.66446322
-0.67867041
-0.68598265
-0.62960702
-0.64209671
-0.64851389
-0.59529774
-0.60617749
-0.61175802
-0.6424645
-0.54869826
-0.44335776
-0.6059608
-0.51551365
-0.41515227
-0.57031435
-0.48335598
-0.38799889
-0.38290171
-0.37782943
-0.36805159
-0.35805614
-0.35368804
-0.34524687
-0.33420229
-0.33047204
-0.32324632
-0.41806085
-0.51922515
-0.61047448
-0.39325467
-0.48985902
-0.57793621
-0.36920602
-0.46122132
-0.54598479
-0.53636295
-0.54614326
-0.55116224
-0.45273421
-0.46160566
-0.46616835
-0.36216784
-0.36968063
-0.37355141
-0.31958805
-0.33639963
-0.35055483
-0.40205775
-0.422147
-0.43897996
-0.47994278
-0.50242182
-0.52114291
-0.50553381
-0.52721639
-0.54516274
-0.48014297
-0.49875865
-0.51409544
-0.45482738
-0.470527
-0.48340205
-0.51289327
-0.43176726
-0.34461701
-0.48209907
-0.40454392
-0.32202007
-0.45184539
-0.37797121
-0.30008244
-0.29148121
-0.28003783
-0.26643124
-0.27251983
-0.26287626
-0.25134031
-0.25411168
-0.24612485
-0.23651425
-0.30128386
-0.37996074
-0.45489614
-0.28529244
-0.36046079
-0.43251607
-0.26949349
-0.34111577
-0.41020232
-0.4065422
-0.42011781
-0.43125656
-0.33807137
-0.3500401
-0.35990592
-0.26709061
-0.27699329
-0.28518538
-0.55967856
-0.56897123
-0.57372932
-0.52645361
-0.53434305
-0.53837604
-0.49373779
-0.50031807
-0.5036764
-0.53360195
-0.45048953
-0.36042754
-0.49962501
-0.42029804
-0.33525945
-0.46641834
-0.39099869
-0.31097955
-0.31004621
-0.30692361
-0.30086034
-0.2880526
-0.28544967
-0.28038435
-0.26688643
-0.26475334
-0.26059351
-0.44020226
-0.44589941
-0.4488076
-0.36785939
-0.37293873
-0.3755358
-0.29180896
-0.29604809
-0.29821831
-0.42819936
-0.44098333
-0.45141694
-0.40303736
-0.41320792
-0.42147109
-0.37794959
-0.38565054
-0.39187915
-0.42049661
-0.35061557
-0.27762052
-0.39130993
-0.32530876
-0.2569503
-0.36262217
-0.30058548
-0.23685745
-0.23526359
-0.22887988
-0.22115153
-0.21791895
-0.2129265
-0.20684838
-0.20105879
-0.19734097
-0.19278971
-0.33449086
-0.34060781
-0.34555474
-0.27625716
-0.28158332
-0.28590578
-0.21703712
-0.22139884
-0.22494787
-0.45976008
-0.46505666
-0.46775532
-0.42805449
-0.4322228
-0.43434329
-0.39682364
-0.39994606
-0.40153204
-0.43219011
-0.36101058
-0.28627495
-0.40048637
-0.33342478
-0.26367877
-0.36947731
-0.30661892
-0.24183923
-0.24540153
-0.24371491
-0.24041864
-0.22579558
-0.22448956
-0.22193207
-0.20688716
-0.2059239
-0.204034
-0.34948155
-0.35196124
-0.35322074
-0.2893466
-0.29152388
-0.29263112
-0.22777901
-0.22957324
-0.23048651
-0.35156084
-0.35680964
-0.36103496
-0.3266246
-0.32969232
-0.33215092
-0.3017616
-0.30278533
-0.30360219
-0.332882
-0.27511175
-0.21625808
-0.30518018
-0.25152599
-0.19727828
-0.27793984
-0.22846557
-0.17880693
-0.18377359
-0.18128235
-0.17821531
-0.1678474
-0.16641391
-0.16463982
-0.15234785
-0.15187665
-0.15129047
-0.2065069
-0.26319381
-0.31918082
-0.19163929
-0.24461235
-0.29720144
-0.17694426
-0.22617501
-0.27528662
-0.26375191
-0.26375191
-0.26375191
-0.21650635
-0.21650635
-0.21650635
-0.16926079
-0.16926079
-0.16926079
-0.41616758
-0.34677967
-0.27443485
-0.38790106
-0.32230263
-0.25446366
-0.36006702
-0.29834256
-0.23500918
-0.40619302
-0.33796663
-0.26713186
-0.38002253
-0.31537299
-0.24874288
-0.35414369
-0.29315536
-0.23074228
-0.39400554
-0.32724569
-0.25827801
-0.37035021
-0.30689972
-0.24176916
-0.34683744
-0.28678049
-0.2255129
-0.6203888
-0.63430937
-0.64148622
-0.52833245
-0.54116074
-0.5477932
-0.42585864
-0.43687127
-0.44257828
-0.58663853
-0.59883161
-0.60510614
-0.49780402
-0.50896837
-0.5147283
-0.4000213
-0.40955231
-0.41447987
-0.55355416
-0.56413793
-0.56957436
-0.46809103
-0.4777219
-0.48268043
-0.3750271
-0.38320524
-0.38742375
-0.46717045
-0.48800416
-0.50530977
-0.3908489
-0.40942271
-0.42494101
-0.31034083
-0.32585251
-0.33887239
-0.44307148
-0.46091144
-0.47565774
-0.36978595
-0.38561928
-0.39877664
-0.29302279
-0.30619588
-0.31718848
-0.41911909
-0.43412588
-0.44647023
-0.3489618
-0.36222233
-0.3731833
-0.27597604
-0.28696825
-0.29608868
-0.51934883
-0.52835597
-0.53297384
-0.43759077
-0.44573542
-0.44991991
-0.34952621
-0.35640517
-0.35994532
-0.48757248
-0.4951941
-0.4990948
-0.40945418
-0.41630644
-0.41982009
-0.32614005
-0.33189929
-0.33485691
-0.45640473
-0.46274118
-0.46597858
-0.38203968
-0.38770503
-0.39060457
-0.30348081
-0.30822029
-0.31064922
-0.39400554
-0.40619302
-0.41616758
-0.32724569
-0.33796663
-0.34677967
-0.25827801
-0.26713186
-0.27443485
-0.37035021
-0.38002253
-0.38790106
-0.30689972
-0.31537299
-0.32230263
-0.24176916
-0.24874288
-0.25446366
-0.34683744
-0.35414369
-0.36006702
-0.28678049
-0.29315536
-0.29834256
-0.2255129
-0.23074228
-0.23500918
-0.42416185
-0.42924546
-0.43183817
-0.35386852
-0.35838828
-0.360697
-0.2803254
-0.28408876
-0.28601342
-0.39419117
-0.39817989
-0.40021085
-0.32785331
-0.33138156
-0.33318059
-0.25905747
-0.26198281
-0.26347602
-0.36477819
-0.36775746
-0.36927198
-0.30248055
-0.30510302
-0.30643786
-0.23842064
-0.24058619
-0.24168952
-0.32218341
-0.32715104
-0.33115866
-0.26579534
-0.27011199
-0.27360603
-0.2086292
-0.21215835
-0.21502204
-0.29895959
-0.30185647
-0.30418278
-0.24613034
-0.2486382
-0.25065821
-0.19287413
-0.19491823
-0.19656837
-0.27587445
-0.27683908
-0.27761019
-0.22668083
-0.22751292
-0.22817991
-0.17735461
-0.17803085
-0.17857401
-0.28867513
-0.28867513
-0.31000795
-3.1225023e-17
-0.14433757
-0.50518149
-0.4330127
-0.36084392
-0.14433757
-0.37864925
-0.47240707
-0.57019239
-0.47240707
-0.37864925
2.9273459e-18
-0.26592163
5.0957502e-18
-0.22368927
-1.3010426e-18
-0.18319635
-0.37298049
-4.7704896e-18
-0.54236453
-0.40974402
-0.30722904
2.4733362e-19
-0.24775119
-5.3329194e-18
-0.19368993
-3.2526065e-19
-0.48725134
-0.51239955
-0.5332435
-0.51856807
-0.4745094
-0.4317745
-0.38538234
-0.39662121
-0.40577998
-0.39456189
-0.42504043
-0.455937
-0.44150297
-0.45572427
-0.46735889
-0.455937
-0.42504043
-0.39456189
-0.36474496
-0.3712003
-0.37640913
-0.42055109
-0.39692831
-0.37330553
-0.44150297
-0.45572427
-0.46735889
-0.48725134
-0.51239955
-0.5332435
-0.38538234
-0.39662121
-0.40577998
-0.36474496
-0.3712003
-0.37640913
-0.25848698
-0.15792154
-0.054840668
-8.6466182e-18
-1.5612511e-17
-9.5409791e-18
-0.31218017
-0.19175207
-0.066774181
-0.32278198
-0.34512795
-0.36435579
-0.046712443
-0.13473355
-0.22122909
3.3944845e-18
9.0124306e-19
2.5986971e-18
-0.25627281
-0.15665737
-0.054417567
-0.27450123
-0.28926139
-0.30171525
-0.30225771
-0.2877255
-0.27339838
6.4987544e-18
-1.5043305e-18
8.3483567e-18
-1.0713643e-19
2.6935648e-19
1.9176826e-18
-0.36113607
-0.33926012
-0.31810788
-0.46672901
-0.39031051
-0.30979848
-0.52936069
-0.44639856
-0.35681328
-0.51895855
-0.54232058
-0.56170451
-0.39845788
-0.33097257
-0.26123552
-0.22879749
-0.23744835
-0.24461567
-0.43609876
-0.3642077
-0.28876571
-0.49271987
-0.46909709
-0.44547431
-0.25850013
-0.24458109
-0.23085435
-0.2965368
-0.2767634
-0.25761269
-0.55300856
-0.52078024
-0.48899717
-0.03904111
-0.11277388
-0.18570841
1.4781387e-19
4.679857e-19
1.2688554e-18
-0.20603062
-0.12540839
-0.043467228
2.602297e-18
3.9166803e-18
-1.6805134e-18
-6.2346588e-19
-1.1680584e-18
-1.722865e-18
-0.3308016
-0.27305464
-0.21442052
-0.1854698
-0.18926312
-0.19235298
-0.34768534
-0.28777162
-0.22648244
-0.21657604
-0.20323217
-0.19006884
-0.23805083
-0.22009081
-0.20267041
-0.031789198
-0.091947467
-0.15180621
1.5958564e-18
1.8698252e-18
4.9466724e-19
-0.16063405
-0.097405832
-0.033696021
-4.3389263e-19
-1.3552527e-20
3.5778672e-18
-1.7212371e-18
1.1142718e-18
-9.7578196e-19
-0.26375191
-0.21650635
-0.16926079
-0.14433757
-0.14433757
-0.14433757
-0.26375191
-0.21650635
-0.16926079
-0.28867513
-0.28867513
-0.28867513
-0.30113675
-0.32475953
-0.34838231
-0.15093503
-0.16356894
-0.17637257
-0.15255002
-0.16846444
-0.18484957
-0.30395098
-0.33320369
-0.36284937
-0.40259239
-0.41603046
-0.42701259
-0.43564612
-0.45347902
-0.46813286
-0.4692747
-0.49181143
-0.51043472
-0.48136214
-0.50505703
-0.52466922
-0.46781941
-0.48822494
-0.50505703
-0.45132243
-0.46781941
-0.48136214
-0.51043472
-0.46813286
-0.42701259
-0.49181143
-0.45347902
-0.41603046
-0.4692747
-0.43564612
-0.40259239
-0.4020404
-0.39339497
-0.38277607
-0.39339497
-0.38592468
-0.3767269
-0.38277607
-0.3767269
-0.36925134
-0.39187915
-0.42147109
-0.45141694
-0.38565054
-0.41320792
-0.44098333
-0.37794959
-0.40303736
-0.42819936
-0.42819936
-0.44098333
-0.45141694
-0.40303736
-0.41320792
-0.42147109
-0.37794959
-0.38565054
-0.39187915
-0.30480318
-0.18708359
-0.065123692
-0.28838346
-0.17671588
-0.061462548
-0.26934696
-0.16473627
-0.057239495
-0.25192393
-0.1538254
-0.053402739
-0.23963301
-0.14616765
-0.05071693
-0.22753495
-0.13864694
-0.048082222
-1.5183906e-17
-6.2665094e-18
3.3623899e-19
-4.6514821e-18
5.2693258e-18
1.0142161e-18
1.3825662e-18
-2.473548e-18
-3.0925173e-18
-0.064528421
-0.1853869
-0.30208053
-0.060403686
-0.17368096
-0.2834601
-0.056443593
-0.16242373
-0.26549629
-0.35310887
-0.3351712
-0.31425168
-0.33229368
-0.31665882
-0.29830605
-0.31211416
-0.29860564
-0.282648
-0.22849233
-0.13926427
-0.048302401
-0.24100674
-0.14708688
-0.051050476
-0.2515843
-0.15371483
-0.05338174
-0.52114291
-0.43897996
-0.35055483
-0.50242182
-0.422147
-0.33639963
-0.47994278
-0.40205775
-0.31958805
-0.45489614
-0.37996074
-0.30128386
-0.43251607
-0.36046079
-0.28529244
-0.41020232
-0.34111577
-0.26949349
-0.26643124
-0.28003783
-0.29148121
-0.25134031
-0.26287626
-0.27251983
-0.23651425
-0.24612485
-0.25411168
-0.34461701
-0.43176726
-0.51289327
-0.32202007
-0.40454392
-0.48209907
-0.30008244
-0.37797121
-0.45184539
-0.54516274
-0.52721639
-0.50553381
-0.51409544
-0.49875865
-0.48014297
-0.48340205
-0.470527
-0.45482738
-0.4065422
-0.33807137
-0.26709061
-0.42011781
-0.3500401
-0.27699329
-0.43125656
-0.35990592
-0.28518538
-0.21497499
-0.13085675
-0.045356276
-0.20325928
-0.12360635
-0.042822107
-0.1917231
-0.11648226
-0.040334793
2.0312516e-18
1.9926847e-18
1.0497584e-19
-3.5286905e-19
3.276297e-18
2.1193823e-18
1.4909881e-18
4.0985807e-19
2.879912e-20
-0.052433323
-0.1510053
-0.24721777
-0.048782057
-0.14059278
-0.23049878
-0.045268158
-0.13055732
-0.21433924
-0.19001621
-0.11544658
-0.03997644
-0.19731955
-0.11998457
-0.041565734
-0.20337802
-0.12375551
-0.042887532
-0.38673177
-0.32087171
-0.25302965
-0.36455341
-0.30183931
-0.23761548
-0.34244047
-0.28295631
-0.22238348
-0.22115153
-0.22887988
-0.23526359
-0.20684838
-0.2129265
-0.21791895
-0.19278971
-0.19734097
-0.20105879
-0.27762052
-0.35061557
-0.42049661
-0.2569503
-0.32530876
-0.39130993
-0.23685745
-0.30058548
-0.36262217
-0.33449086
-0.27625716
-0.21703712
-0.34060781
-0.28158332
-0.22139884
-0.34555474
-0.28590578
-0.22494787
-0.17974195
-0.10909928
-0.037759923
-0.16856199
-0.10222457
-0.035364906
-0.15754944
-0.095466518
-0.033012953
1.9778087e-18
1.531687e-18
-5.0416493e-18
1.1737238e-18
6.2593088e-19
-1.3345004e-18
5.5396286e-19
2.0261028e-18
-1.3078189e-18
-0.041701345
-0.12035597
-0.19786612
-0.038446466
-0.11103377
-0.18277153
-0.035307387
-0.10203144
-0.16815746
-0.15371676
-0.093127102
-0.032200999
-0.15690705
-0.095098959
-0.032889719
-0.15950801
-0.09670848
-0.033452217
-0.31918082
-0.26319381
-0.2065069
-0.29720144
-0.24461235
-0.19163929
-0.27528662
-0.22617501
-0.17694426
-0.17821531
-0.18128235
-0.18377359
-0.16463982
-0.16641391
-0.1678474
-0.15129047
-0.15187665
-0.15234785
-0.21625808
-0.27511175
-0.332882
-0.19727828
-0.25152599
-0.30518018
-0.17880693
-0.22846557
-0.27793984
-0.36103496
-0.35680964
-0.35156084
-0.33215092
-0.32969232
-0.3266246
-0.30360219
-0.30278533
-0.3017616
-0.26375191
-0.21650635
-0.16926079
-0.26375191
-0.21650635
-0.16926079
-0.26375191
-0.21650635
-0.16926079
-0.46400471
-0.48525025
-0.50278377
-0.43148865
-0.44831578
-0.46212732
-0.39947009
-0.41216138
-0.42252275
-0.45186615
-0.47018262
-0.48525025
-0.42188331
-0.43641919
-0.44831578
-0.3922346
-0.40321767
-0.41216138
-0.43704237
-0.45186615
-0.46400471
-0.41009744
-0.42188331
-0.43148865
-0.38331489
-0.3922346
-0.39947009
-0.26211302
-0.16021232
-0.055649738
-0.27991905
-0.17140402
-0.059592557
-0.29522195
-0.18105309
-0.062997464
-0.24860876
-0.15178289
-0.052690427
-0.2642053
-0.16156396
-0.056132298
-0.27751954
-0.16993766
-0.059083241
-0.23537093
-0.14353976
-0.049800122
-0.24891128
-0.15201303
-0.052778473
-0.2603948
-0.15921767
-0.055314214
-0.46717045
-0.3908489
-0.31034083
-0.48800416
-0.40942271
-0.32585251
-0.50530977
-0.42494101
-0.33887239
-0.44307148
-0.36978595
-0.29302279
-0.46091144
-0.38561928
-0.30619588
-0.47565774
-0.39877664
-0.31718848
-0.41911909
-0.3489618
-0.27597604
-0.43412588
-0.36222233
-0.28696825
-0.44647023
-0.3731833
-0.29608868
-0.22168459
-0.13503806
-0.04682288
-0.23321203
-0.14223591
-0.049350069
-0.2429229
-0.14831336
-0.051486356
-0.20897014
-0.12715888
-0.044067015
-0.21872942
-0.13324053
-0.046200108
-0.22689992
-0.1383425
-0.047991438
-0.1964992
-0.11944814
-0.041373201
-0.20461849
-0.1244981
-0.043142689
-0.21137498
-0.12870808
-0.044619209
-0.39400554
-0.32724569
-0.25827801
-0.40619302
-0.33796663
-0.26713186
-0.41616758
-0.34677967
-0.27443485
-0.37035021
-0.30689972
-0.24176916
-0.38002253
-0.31537299
-0.24874288
-0.38790106
-0.32230263
-0.25446366
-0.34683744
-0.28678049
-0.2255129
-0.35414369
-0.29315536
-0.23074228
-0.36006702
-0.29834256
-0.23500918
-0.18359808
-0.11148964
-0.038596074
-0.19011809
-0.11553701
-0.040012847
-0.19551008
-0.11888954
-0.041187341
-0.17160611
-0.10410854
-0.036023374
-0.17672741
-0.10728203
-0.037133242
-0.18093839
-0.10989516
-0.038047789
-0.1598373
-0.096880245
-0.033506675
-0.16366742
-0.099249616
-0.034334602
-0.1667991
-0.10118939
-0.035012842
-0.32218341
-0.26579534
-0.2086292
-0.32715104
-0.27011199
-0.21215835
-0.33115866
-0.27360603
-0.21502204
-0.29895959
-0.24613034
-0.19287413
-0.30185647
-0.2486382
-0.19491823
-0.30418278
-0.25065821
-0.19656837
-0.27587445
-0.22668083
-0.17735461
-0.27683908
-0.22751292
-0.17803085
-0.27761019
-0.22817991
-0.17857401
0.28867513
0.28867513
0.67227043
0.70710678
0.28867513
0.50518149
0.4330127
0.36084392
0.28867513
0.18319635
0.22368927
0.57019239
0.47240707
0.37864925
0.59335069
0.57019239
0.48603889
0.47240707
0.38463884
0.37864925
0.84957113
0.91774188
0.24775119
0.19368993
0.68827279
0.73185567
0.54236453
0.56723152
0.40974402
0.42041877
0.22879749
0.23744835
0.24461567
0.23805083
0.22009081
0.20267041
0.1854698
0.18926312
0.19235298
0.19006884
0.20323217
0.21657604
0.44150297
0.45572427
0.46735889
0.455937
0.42504043
0.39456189
0.36474496
0.3712003
0.37640913
0.42055109
0.39692831
0.37330553
0.39845788
0.33097257
0.26123552
0.43609876
0.3642077
0.28876571
0.34768534
0.28777162
0.22648244
0.3308016
0.27305464
0.21442052
0.68307557
0.69823377
0.70604267
0.74943575
0.8239692
0.88860063
0.87053063
0.90021342
0.91563372
0.70822101
0.77112957
0.82527783
0.59264872
0.58748697
0.57741475
0.62192553
0.67132121
0.71323188
0.70177661
0.72074224
0.73052242
0.59470673
0.6368947
0.67250374
0.65432542
0.62067735
0.58750416
0.68697873
0.64938746
0.6125172
0.88394836
0.82189162
0.76232533
0.82051496
0.76684993
0.71496025
0.51895855
0.54232058
0.56170451
0.59470673
0.6368947
0.67250374
0.51895855
0.54232058
0.56170451
0.44150297
0.45572427
0.46735889
0.48725134
0.51239955
0.5332435
0.48725134
0.51239955
0.5332435
0.49271987
0.46909709
0.44547431
0.55300856
0.52078024
0.48899717
0.66204309
0.61353593
0.56655631
0.55300856
0.52078024
0.48899717
0.4856287
0.48260673
0.47668054
0.50319416
0.53234703
0.55659596
0.55012271
0.56093773
0.56647815
0.57437618
0.53892397
0.50413239
0.70201769
0.64712055
0.59429927
0.36474496
0.3712003
0.37640913
0.38538234
0.39662121
0.40577998
0.38538234
0.39662121
0.40577998
0.455937
0.42504043
0.39456189
0.51856807
0.4745094
0.4317745
0.38445987
0.38313893
0.38053624
0.39236521
0.40528814
0.4158435
0.41309509
0.41773515
0.42009818
0.46812151
0.43463085
0.40174699
0.54069314
0.49178441
0.4446241
0.28867513
0.28867513
0.28867513
0.28867513
0.28867513
0.28867513
0.28867513
0.28867513
0.28867513
0.28867513
0.28867513
0.28867513
0.30113675
0.32475953
0.34838231
0.30395098
0.33320369
0.36284937
0.30882153
0.34786205
0.38805727
0.30395098
0.33320369
0.36284937
0.19278971
0.19734097
0.20105879
0.20684838
0.2129265
0.21791895
0.22115153
0.22887988
0.23526359
0.26709061
0.27699329
0.28518538
0.33807137
0.3500401
0.35990592
0.4065422
0.42011781
0.43125656
0.27762052
0.2569503
0.23685745
0.35061557
0.32530876
0.30058548
0.42049661
0.39130993
0.36262217
0.22494787
0.22139884
0.21703712
0.28590578
0.28158332
0.27625716
0.34555474
0.34060781
0.33449086
0.22238348
0.23761548
0.25302965
0.28295631
0.30183931
0.32087171
0.34244047
0.36455341
0.38673177
0.42819936
0.44098333
0.45141694
0.40303736
0.41320792
0.42147109
0.37794959
0.38565054
0.39187915
0.84476821
0.8723379
0.8866454
0.78743445
0.81043561
0.82234343
0.72097901
0.73891546
0.74817327
0.66446322
0.67867041
0.68598265
0.62960702
0.64209671
0.64851389
0.59529774
0.60617749
0.61175802
0.72674901
0.79654723
0.85683638
0.68452354
0.74581288
0.79837071
0.64328968
0.69664858
0.74208589
0.88199055
0.86766251
0.84004528
0.82019894
0.80779937
0.7838403
0.76087379
0.75023088
0.72961731
0.7978477
0.74720572
0.68816517
0.74708153
0.70272461
0.65067493
0.69786565
0.65934685
0.61386084
0.60318202
0.61502184
0.62109864
0.64758889
0.66256691
0.67027185
0.68513266
0.70285493
0.71198729
0.58476185
0.62437531
0.65774542
0.56211294
0.59597986
0.62437531
0.5349304
0.56211294
0.58476185
0.50553381
0.52721639
0.54516274
0.48014297
0.49875865
0.51409544
0.45482738
0.470527
0.48340205
0.57573314
0.61473255
0.64754393
0.5402524
0.57349714
0.60129899
0.50539442
0.53324724
0.55640335
0.64754393
0.61473255
0.57573314
0.60129899
0.57349714
0.5402524
0.55640335
0.53324724
0.50539442
0.54516274
0.52721639
0.50553381
0.51409544
0.49875865
0.48014297
0.48340205
0.470527
0.45482738
0.45132243
0.46781941
0.48136214
0.46781941
0.48822494
0.50505703
0.48136214
0.50505703
0.52466922
0.55967856
0.56897123
0.57372932
0.52645361
0.53434305
0.53837604
0.49373779
0.50031807
0.5036764
0.6008228
0.64640067
0.68493468
0.56152014
0.60024236
0.63276506
0.5231085
0.555448
0.58243653
0.70079696
0.69183807
0.67444436
0.64609826
0.63858938
0.62397882
0.59345743
0.5872689
0.57520191
0.492243
0.49917463
0.50271358
0.518634
0.52730812
0.53174422
0.54053292
0.5506888
0.55588899
0.42819936
0.44098333
0.45141694
0.40303736
0.41320792
0.42147109
0.37794959
0.38565054
0.39187915
0.4692747
0.49181143
0.51043472
0.43564612
0.45347902
0.46813286
0.40259239
0.41603046
0.42701259
0.51043472
0.49181143
0.4692747
0.46813286
0.45347902
0.43564612
0.42701259
0.41603046
0.40259239
0.36925134
0.3767269
0.38277607
0.3767269
0.38592468
0.39339497
0.38277607
0.39339497
0.4020404
0.45976008
0.46505666
0.46775532
0.42805449
0.4322228
0.43434329
0.39682364
0.39994606
0.40153204
0.48351517
0.50960064
0.53122766
0.44684203
0.46742605
0.48438922
0.41097246
0.42644387
0.43911919
0.5400239
0.53510011
0.52547852
0.49126339
0.48742721
0.47991613
0.44423764
0.44139012
0.43580418
0.38758001
0.3906146
0.39215625
0.39934527
0.40311217
0.4050283
0.40894024
0.41331449
0.41554142
0.35156084
0.35680964
0.36103496
0.3266246
0.32969232
0.33215092
0.3017616
0.30278533
0.30360219
0.36832609
0.3774452
0.38485569
0.33640835
0.34171966
0.34601328
0.30502232
0.30678986
0.30821142
0.38485569
0.3774452
0.36832609
0.34601328
0.34171966
0.33640835
0.30821142
0.30678986
0.30502232
0.36103496
0.35680964
0.35156084
0.33215092
0.32969232
0.3266246
0.30360219
0.30278533
0.3017616
0.28867513
0.28867513
0.28867513
0.28867513
0.28867513
0.28867513
0.28867513
0.28867513
0.28867513
0.25827801
0.26713186
0.27443485
0.24176916
0.24874288
0.25446366
0.2255129
0.23074228
0.23500918
0.32724569
0.33796663
0.34677967
0.30689972
0.31537299
0.32230263
0.28678049
0.29315536
0.29834256
0.39400554
0.40619302
0.41616758
0.37035021
0.38002253
0.38790106
0.34683744
0.35414369
0.36006702
0.70012126
0.71691136
0.72556884
0.76244938
0.78392583
0.79503163
0.81602832
0.84170847
0.85501838
0.66118413
0.67591135
0.68349104
0.71606589
0.73481732
0.74449347
0.7629281
0.78525217
0.79679546
0.62301523
0.63581745
0.64239441
0.67092134
0.68715175
0.6955098
0.71156067
0.73080435
0.74073227
0.52038189
0.54559501
0.56654839
0.54559501
0.57696496
0.60319131
0.56654839
0.60319131
0.63396282
0.49293162
0.51455559
0.53243852
0.51455559
0.54139366
0.56371075
0.53243852
0.56371075
0.58981969
0.46564831
0.48386809
0.49886301
0.48386809
0.50642978
0.52509184
0.49886301
0.52509184
0.54686566
0.5835531
0.59446589
0.60006164
0.62458064
0.63835733
0.64543687
0.6591519
0.67542038
0.683794
0.54689324
0.55614224
0.56087659
0.5818312
0.59346429
0.59943071
0.61108928
0.62477749
0.6318081
0.51093552
0.51863789
0.52257383
0.54017886
0.54983367
0.55477613
0.56452061
0.57584339
0.58164718
0.43704237
0.45186615
0.46400471
0.45186615
0.47018262
0.48525025
0.46400471
0.48525025
0.50278377
0.41009744
0.42188331
0.43148865
0.42188331
0.43641919
0.44831578
0.43148865
0.44831578
0.46212732
0.38331489
0.3922346
0.39947009
0.3922346
0.40321767
0.41216138
0.39947009
0.41216138
0.42252275
0.47373745
0.47992842
0.48308646
0.49737691
0.50511183
0.50906381
0.51693222
0.52597413
0.53059914
0.43916077
0.44402738
0.44650579
0.45785059
0.46391388
0.46700627
0.47322291
0.48029083
0.48389922
0.4052275
0.40886957
0.41072138
0.41930038
0.42382674
0.42613126
0.43081065
0.43607342
0.43875526
0.35523236
0.36130984
0.3662157
0.36130984
0.36878219
0.37483534
0.3662157
0.37483534
0.38183383
0.32877894
0.33233052
0.33518431
0.33233052
0.33669224
0.34020838
0.33518431
0.34020838
0.34426669
0.30248349
0.30366876
0.30461684
0.30366876
0.3051231
0.30628989
0.30461684
0.30628989
0.30763456
