MFEM mesh v1.0

#
# MFEM Geometry Types (see mesh/geom.hpp):
#
# POINT       = 0
# SEGMENT     = 1
# TRIANGLE    = 2
# SQUARE      = 3
# TETRAHEDRON = 4
# CUBE        = 5
#

dimension
3

elements
6
1 5 8 5 10 20 9 6 11 21
1 5 9 6 11 21 4 0 7 12
1 5 16 5 6 15 22 10 11 25
1 5 13 14 2 3 23 24 18 19
1 5 14 15 1 2 24 25 17 18
1 5 15 6 0 1 25 11 7 17

boundary
24
1 3 8 5 6 9
1 3 9 6 0 4
1 3 15 6 5 16
1 3 3 2 14 13
1 3 2 1 15 14
1 3 1 0 6 15
43 3 20 10 5 8
43 3 20 8 9 21
43 3 10 20 21 11
43 3 21 9 4 12
43 3 11 21 12 7
43 3 4 0 7 12
43 3 16 5 10 22
43 3 13 14 24 23
43 3 15 16 22 25
43 3 14 15 25 24
43 3 22 10 11 25
43 3 3 13 23 19
43 3 2 3 19 18
43 3 23 24 18 19
43 3 1 2 18 17
43 3 24 25 17 18
43 3 0 1 17 7
43 3 25 11 7 17

vertices
26

nodes
FiniteElementSpace
FiniteElementCollection: H1_3D_P4
VDim: 3
Ordering: 0

0.57680281
0.30998466
-3.1225023e-17
-0.31000795
0.59718411
0.70710678
0.67220951
0.50295308
0.8867
0.80820096
0.59296204
0.56955658
0.46713824
-0.37298049
-1.3010426e-18
0.37298049
0.39717735
0.26568513
2.9273459e-18
-0.26592163
0.66119981
0.60844596
0.3224644
-0.30722904
-1.1519648e-18
0.30721416
0.74934527
0.82291871
0.87814748
0.68693686
0.64928027
0.61226315
0.62086334
0.66475941
0.679799
0.84713093
0.7727204
0.69933787
0.70801595
0.76917225
0.80964612
0.65423035
0.6204664
0.5870631
0.59306714
0.62793177
0.6322654
0.77315948
0.70721261
0.64220229
0.88430061
0.86669473
0.83253318
0.70601727
0.69820254
0.68302929
0.59225409
0.58704574
0.57686803
0.65958757
0.6477558
0.62479563
0.5956796
0.62291904
0.62215427
0.56417934
0.54012864
0.51586483
0.51409849
0.52333947
0.50061355
0.57428987
0.53129287
0.48903764
0.64042801
0.71574907
0.77979086
0.59676332
0.63090058
0.65955636
0.51722285
0.54120647
0.5609475
0.49602663
0.54641841
0.58936649
0.66207707
0.56663459
0.45868172
0.6278812
0.53501952
0.4314642
0.38042078
0.39095644
0.39642918
0.55166695
0.4667491
0.37407891
0.5290318
0.44630397
0.3567853
0.32199842
0.31857997
0.31193974
0.38359477
0.35865241
0.33471103
0.36113607
0.33926012
0.31810788
-0.31218017
-0.19175207
-0.066774181
-2.2551405e-17
-1.6046192e-17
-1.2153229e-17
-0.054840668
-0.15792154
-0.25848698
-0.32278198
-0.34512795
-0.36435579
-0.25627281
-0.15665737
-0.054417567
3.0357661e-18
2.9951085e-18
2.9544509e-18
-0.046712443
-0.13473355
-0.22122909
-0.27450123
-0.28926139
-0.30171525
-0.36113607
-0.33926012
-0.31810788
-4.4555654e-18
-2.3115529e-18
-1.3552527e-20
6.4987544e-18
-1.5043305e-18
8.3483567e-18
-0.30225771
-0.2877255
-0.27339838
0.066774181
0.19175207
0.31218017
0.32278198
0.34512795
0.36435579
0.25847359
0.15791786
0.054840668
0.054417567
0.15665737
0.25626493
0.27436128
0.28920801
0.30169295
0.22107841
0.13469044
0.046712443
0.30222151
0.28764584
0.27323341
0.53530853
0.45101024
0.36016927
0.46520256
0.3895673
0.3094421
0.71380085
0.69165178
0.64255997
0.77851603
0.74297297
0.68418474
0.84359968
0.79503813
0.72660323
0.87605586
0.82127191
0.74808042
0.86070669
0.80919829
0.73880343
0.83090404
0.78581131
0.72081897
0.68593969
0.64840441
0.61149958
0.67861861
0.64196898
0.60588457
0.66438917
0.62943547
0.59492525
0.62002198
0.66364543
0.6783565
0.61383347
0.6554501
0.66775181
0.60174623
0.63943592
0.64707443
0.69759222
0.77071967
0.84487113
0.68478045
0.75603474
0.82828655
0.65991364
0.72752533
0.79609494
0.77894629
0.74457023
0.68785976
0.72082819
0.69827811
0.65005427
0.66280125
0.65221939
0.61267096
0.78477495
0.74974496
0.69306443
0.728404
0.70582491
0.65927659
0.66126959
0.65352974
0.6191257
0.6423371
0.60994316
0.57781726
0.61534838
0.58596837
0.55666429
0.58309391
0.557134
0.53105553
0.58285133
0.61438628
0.61488759
0.55943735
0.58333516
0.57535371
0.53100656
0.54567298
0.52813747
0.62152976
0.68349535
0.74637681
0.57498198
0.63005682
0.68600427
0.52035307
0.56728773
0.61502393
0.60122433
0.60602081
0.58176625
0.56142018
0.5736689
0.55522726
0.52157922
0.54085079
0.52839935
0.43984281
0.54477698
0.63846807
0.45169272
0.55853883
0.65334976
0.45784149
0.56566212
0.6610298
0.44335776
0.54869826
0.6424645
0.41515227
0.51551365
0.60592205
0.38799889
0.48333479
0.57020646
0.61043912
0.51922515
0.41806085
0.57784569
0.48984085
0.39325467
0.54577003
0.4611663
0.36919142
0.36805159
0.37782943
0.38290171
0.34524687
0.35368804
0.35805614
0.32324632
0.33047204
0.33420229
0.37355141
0.46612666
0.55098061
0.36966792
0.46155508
0.54593447
0.36214759
0.45266108
0.53609026
-0.26934696
-0.16473627
-0.057239495
-0.28838346
-0.17671588
-0.061462548
-0.30480318
-0.18708359
-0.065123692
-0.30208053
-0.1853869
-0.064528421
-0.2834601
-0.17368096
-0.060403686
-0.26549629
-0.16242373
-0.056443593
-3.8151155e-18
-1.3228372e-17
-1.4094364e-17
3.7438195e-19
-3.227619e-18
-3.7811551e-18
1.4502263e-18
2.6529072e-18
-2.5478751e-18
-0.053402739
-0.1538254
-0.25192393
-0.05071693
-0.14616765
-0.23963301
-0.048082222
-0.13864694
-0.22753495
-0.31425168
-0.3351712
-0.35310887
-0.29830605
-0.31665882
-0.33229368
-0.282648
-0.29860564
-0.31211416
-0.2515843
-0.15371483
-0.05338174
-0.24100674
-0.14708688
-0.051050476
-0.22849233
-0.13926427
-0.048302401
0.057239495
0.16473627
0.26934696
0.061462548
0.17671588
0.28838346
0.065123692
0.18708359
0.30480318
0.064528421
0.1853869
0.30208053
0.060403686
0.17368096
0.2834601
0.056443593
0.16242373
0.26549629
0.35310887
0.3351712
0.31423628
0.33229368
0.31664844
0.29826695
0.31210249
0.29857444
0.28255611
0.25190266
0.15381944
0.053402739
0.23958446
0.14615377
0.05071693
0.22743128
0.13861715
0.048082222
0.05338174
0.15371179
0.25157215
0.051050476
0.14707862
0.2409758
0.048302401
0.13923999
0.22840594
0.37469603
0.46827742
0.55454333
0.40002382
0.49820397
0.58759702
0.42174123
0.52366827
0.61549699
0.52326022
0.44035467
0.35130764
0.50037921
0.42022652
0.33463927
0.47739415
0.40015365
0.31811504
0.35051435
0.43885292
0.52073476
0.33630947
0.42190504
0.50176514
0.31936883
0.40155924
0.47881484
0.84162924
0.79349557
0.72541963
0.7767624
0.741613
0.68314575
0.71225267
0.69045679
0.64165347
0.82716165
0.78217885
0.71673458
0.76387707
0.73162393
0.67551484
0.7008722
0.68166999
0.63498921
0.79903481
0.76022151
0.69987724
0.73878219
0.71218304
0.66066792
0.67868716
0.66452165
0.62199034
0.75541966
0.72626551
0.67380738
0.69977427
0.68196686
0.63761163
0.64416154
0.6377507
0.60171672
0.70202215
0.6847643
0.64197642
0.6519094
0.64479925
0.60929648
0.60175855
0.60464292
0.57667133
0.63834466
0.63514975
0.60400974
0.59475131
0.60006229
0.57527998
0.55110934
0.56457595
0.54636856
0.44257828
0.5477932
0.64148622
0.43687127
0.54116074
0.63430937
0.42585864
0.52833245
0.62036295
0.41447987
0.5147283
0.60506634
0.40955231
0.50896837
0.59878331
0.4000213
0.49780402
0.58656861
0.38742375
0.4826586
0.56946413
0.38320524
0.47769473
0.56400897
0.3750271
0.46804985
0.5533801
-0.29522195
-0.18105309
-0.062997464
-0.27991905
-0.17140402
-0.059592557
-0.26211302
-0.16021232
-0.055649738
-0.27751954
-0.16993766
-0.059083241
-0.2642053
-0.16156396
-0.056132298
-0.24860876
-0.15178289
-0.052690427
-0.2603948
-0.15921767
-0.055314214
-0.24891128
-0.15201303
-0.052778473
-0.23537093
-0.14353976
-0.049800122
0.062997464
0.18105309
0.29522195
0.059592557
0.17140402
0.27991905
0.055649738
0.16021232
0.26210449
0.059083241
0.16993766
0.27751954
0.056132298
0.16156396
0.2642053
0.052690427
0.15177667
0.24858602
0.055314214
0.15921767
0.2603948
0.052778473
0.15200844
0.2488937
0.049800122
0.14352417
0.23531526
0.40900023
0.508618
0.59884361
0.38871693
0.48474889
0.5726224
0.36497058
0.45663618
0.54145395
0.38537344
0.48055825
0.56763052
0.36763737
0.45959535
0.54443556
0.34674395
0.43472476
0.51668021
0.36238826
0.45310946
0.53683661
0.34701783
0.43483118
0.51646213
0.32876622
0.41298147
0.4919079
0.57735027
0.67227043
0.70710678
0.67227043
0.31000795
0.70710678
0.67227043
0.50518149
0.39717735
0.37298049
0.59335069
0.57019239
0.26592163
0.84957113
0.91774188
0.84957113
0.91774188
0.57019239
0.59335069
0.57019239
0.3224644
0.30722904
0.73185567
0.68827279
0.73185567
0.68827279
0.66207707
0.56663459
0.45868172
0.68697873
0.64938746
0.6125172
0.55184515
0.4667897
0.37407891
0.38359477
0.35865241
0.33471103
0.6278812
0.53501952
0.4314642
0.65432542
0.62067735
0.58750416
0.52936069
0.44639856
0.35681328
0.36113607
0.33926012
0.31810788
0.39642918
0.39095644
0.38042078
0.70604267
0.69823377
0.68307557
0.59264872
0.58748697
0.57741475
0.32199842
0.31857997
0.31195018
0.53562341
0.45112133
0.36020918
0.56488866
0.54126588
0.5176431
0.46672901
0.39031051
0.30979848
0.30225771
0.2877255
0.27339838
0.32278198
0.34512795
0.36435579
0.59712124
0.63106638
0.65963981
0.51895855
0.54232058
0.56170451
0.27450123
0.28926139
0.30171525
0.74943575
0.8239692
0.88860063
0.70822101
0.77112957
0.82527783
0.87053063
0.90021342
0.91563372
0.62192553
0.67132121
0.71323188
0.59470673
0.6368947
0.67250374
0.73052242
0.72074224
0.70177661
0.88394836
0.82189162
0.76232533
0.82051496
0.76684993
0.71496025
0.87053063
0.90021342
0.91563372
0.74943575
0.8239692
0.88860063
0.70604267
0.69823377
0.68307557
0.70822101
0.77112957
0.82527783
0.70177661
0.72074224
0.73052242
0.62192553
0.67132121
0.71323188
0.59264872
0.58748697
0.57741475
0.59470673
0.6368947
0.67250374
0.82051496
0.76684993
0.71496025
0.88394836
0.82189162
0.76232533
0.68697873
0.64938746
0.6125172
0.65432542
0.62067735
0.58750416
0.91563372
0.90021342
0.87053063
0.70822101
0.77112957
0.82527783
0.68307557
0.69823377
0.70604267
0.73052242
0.72074224
0.70177661
0.59470673
0.6368947
0.67250374
0.57741475
0.58748697
0.59264872
0.65432542
0.62067735
0.58750416
0.59712124
0.63106638
0.65963981
0.51895855
0.54232058
0.56170451
0.38799889
0.48335598
0.57031435
0.41515227
0.51551365
0.6059608
0.44335776
0.54869826
0.6424645
0.45784149
0.56566212
0.6610298
0.45169272
0.55853883
0.65334976
0.43984281
0.54477698
0.63846807
0.68598265
0.64851389
0.61175802
0.67867041
0.64209671
0.60617749
0.66446322
0.62960702
0.59529774
0.55116224
0.46616835
0.37355141
0.54614326
0.46160566
0.36968063
0.53636295
0.45273421
0.36216784
0.33420229
0.35805614
0.38290171
0.33047204
0.35368804
0.37782943
0.32324632
0.34524687
0.36805159
0.41806085
0.51922515
0.61047448
0.39325467
0.48985902
0.57793621
0.36920602
0.46122132
0.54598479
0.42174123
0.52366827
0.61552794
0.40002382
0.49820397
0.58766974
0.37471292
0.46833285
0.55473086
0.64246372
0.61021076
0.57835327
0.61558535
0.58641982
0.55748885
0.58357371
0.5579509
0.53240437
0.52114291
0.43897996
0.35055483
0.50242182
0.422147
0.33639963
0.47994278
0.40205775
0.31958805
0.31211416
0.33229368
0.35310887
0.29860564
0.31665882
0.3351712
0.282648
0.29830605
0.31425168
0.35136805
0.44051335
0.52368231
0.33476634
0.4205284
0.50109777
0.31836818
0.40070419
0.47858047
0.84476821
0.78743445
0.72097901
0.8723379
0.81043561
0.73891546
0.8866454
0.82234343
0.74817327
0.85683638
0.79654723
0.72674901
0.79837071
0.74581288
0.68452354
0.74208589
0.69664858
0.64328968
0.68816517
0.74720572
0.7978477
0.65067493
0.70272461
0.74708153
0.61386084
0.65934685
0.69786565
0.84004528
0.86766251
0.88199055
0.7838403
0.80779937
0.82019894
0.72961731
0.75023088
0.76087379
0.71198729
0.67027185
0.62109864
0.70285493
0.66256691
0.61502184
0.68513266
0.64758889
0.60318202
0.72097901
0.73891546
0.74817327
0.78743445
0.81043561
0.82234343
0.84476821
0.8723379
0.8866454
0.84004528
0.86766251
0.88199055
0.7838403
0.80779937
0.82019894
0.72961731
0.75023088
0.76087379
0.85683638
0.79654723
0.72674901
0.79837071
0.74581288
0.68452354
0.74208589
0.69664858
0.64328968
0.68598265
0.67867041
0.66446322
0.64851389
0.64209671
0.62960702
0.61175802
0.60617749
0.59529774
0.68816517
0.74720572
0.7978477
0.65067493
0.70272461
0.74708153
0.61386084
0.65934685
0.69786565
0.68513266
0.70285493
0.71198729
0.64758889
0.66256691
0.67027185
0.60318202
0.61502184
0.62109864
0.74817327
0.73891546
0.72097901
0.82234343
0.81043561
0.78743445
0.8866454
0.8723379
0.84476821
0.88199055
0.86766251
0.84004528
0.82019894
0.80779937
0.7838403
0.76087379
0.75023088
0.72961731
0.7978477
0.74720572
0.68816517
0.74708153
0.70272461
0.65067493
0.69786565
0.65934685
0.61386084
0.66446322
0.67867041
0.68598265
0.62960702
0.64209671
0.64851389
0.59529774
0.60617749
0.61175802
0.71198729
0.70285493
0.68513266
0.67027185
0.66256691
0.64758889
0.62109864
0.61502184
0.60318202
0.69333656
0.65977922
0.62011882
0.7521652
0.70963766
0.65977922
0.80266349
0.7521652
0.69333656
0.58357371
0.61558535
0.64246372
0.5579509
0.58641982
0.61021076
0.53240437
0.55748885
0.57835327
0.65774542
0.62437531
0.58476185
0.62437531
0.59597986
0.56211294
0.58476185
0.56211294
0.5349304
0.44257828
0.5477932
0.64148622
0.41447987
0.5147283
0.60510614
0.38742375
0.48268043
0.56957436
0.43687127
0.54116074
0.63430937
0.40955231
0.50896837
0.59883161
0.38320524
0.4777219
0.56413793
0.42585864
0.52833245
0.6203888
0.4000213
0.49780402
0.58663853
0.3750271
0.46809103
0.55355416
0.40900023
0.508618
0.59889421
0.38537344
0.48058561
0.56775224
0.36241041
0.45318612
0.53711009
0.38871693
0.48477477
0.57273258
0.36765691
0.45966172
0.544668
0.34707236
0.43498899
0.51692722
0.36499811
0.45672011
0.54171615
0.34680988
0.43490161
0.51716093
0.32891357
0.41333483
0.49275648
0.85501838
0.79503163
0.72556884
0.84170847
0.78392583
0.71691136
0.81602832
0.76244938
0.70012126
0.79679546
0.74449347
0.68349104
0.78525217
0.73481732
0.67591135
0.7629281
0.71606589
0.66118413
0.74073227
0.6955098
0.64239441
0.73080435
0.68715175
0.63581745
0.71156067
0.67092134
0.62301523
0.81602832
0.84170847
0.85501838
0.76244938
0.78392583
0.79503163
0.70012126
0.71691136
0.72556884
0.7629281
0.78525217
0.79679546
0.71606589
0.73481732
0.74449347
0.66118413
0.67591135
0.68349104
0.71156067
0.73080435
0.74073227
0.67092134
0.68715175
0.6955098
0.62301523
0.63581745
0.64239441
0.85501838
0.84170847
0.81602832
0.79503163
0.78392583
0.76244938
0.72556884
0.71691136
0.70012126
0.79679546
0.78525217
0.7629281
0.74449347
0.73481732
0.71606589
0.68349104
0.67591135
0.66118413
0.74073227
0.73080435
0.71156067
0.6955098
0.68715175
0.67092134
0.64239441
0.63581745
0.62301523
0.77672593
0.72945518
0.67420215
0.72945518
0.68956937
0.64266612
0.67420215
0.64266612
0.60529423
0.72862758
0.6871559
0.63837835
0.6871559
0.652041
0.61051328
0.63837835
0.61051328
0.57732426
0.68188046
0.6458116
0.60312952
0.6458116
0.61517064
0.57873139
0.60312952
0.57873139
0.54952602
0.57735027
0.67227043
0.70710678
0.67227043
0.67227043
-3.1225023e-17
0.31000795
0.50518149
-2.4286129e-17
0.37298049
2.9273459e-18
0.26592163
0.57019239
0.37298049
0.39717735
0.37298049
-2.4286129e-17
0.57019239
0.59335069
0.57019239
1.8566962e-18
0.30722904
-6.7762636e-19
0.30722904
0.3224644
0.30722904
-1.0408341e-17
8.2399365e-18
-1.7018586e-17
6.4987544e-18
-1.5043305e-18
8.3483567e-18
1.7997756e-17
2.9070171e-17
-2.2141653e-17
-3.1232249e-17
1.5915749e-18
2.796564e-17
0.32278198
0.34512795
0.36435579
0.30225771
0.2877255
0.27339838
0.27450123
0.28926139
0.30171525
0.36113607
0.33926012
0.31810788
0.066774181
0.19175207
0.31218017
0.054840668
0.15792154
0.25848698
0.046712443
0.13473355
0.22122909
0.054417567
0.15665737
0.25627281
0.59712124
0.63106638
0.65963981
0.56488866
0.54126588
0.5176431
0.51895855
0.54232058
0.56170451
0.65432542
0.62067735
0.58750416
0.6278812
0.53501952
0.4314642
0.53562341
0.45112133
0.36020918
0.46672901
0.39031051
0.30979848
0.52936069
0.44639856
0.35681328
-1.0408341e-17
8.2399365e-18
-1.7018586e-17
0.32278198
0.34512795
0.36435579
0.31218017
0.19175207
0.066774181
1.0462551e-17
2.5682039e-18
5.1804535e-18
0.27450123
0.28926139
0.30171525
0.054417567
0.15665737
0.25627281
-4.9310949e-18
1.1402758e-17
-3.3813555e-18
0.36113607
0.33926012
0.31810788
0.38042078
0.39095644
0.39642918
0.66207707
0.56663459
0.45868172
0.70604267
0.69823377
0.68307557
0.6278812
0.53501952
0.4314642
0.31195018
0.31857997
0.32199842
0.55184515
0.4667897
0.37407891
0.59264872
0.58748697
0.57741475
0.52936069
0.44639856
0.35681328
0.36113607
0.33926012
0.31810788
0.38359477
0.35865241
0.33471103
0.68697873
0.64938746
0.6125172
0.65432542
0.62067735
0.58750416
0.39642918
0.39095644
0.38042078
0.6278812
0.53501952
0.4314642
0.68307557
0.69823377
0.70604267
0.32199842
0.31857997
0.31195018
0.52936069
0.44639856
0.35681328
0.57741475
0.58748697
0.59264872
0.65432542
0.62067735
0.58750416
0.59712124
0.63106638
0.65963981
0.51895855
0.54232058
0.56170451
-1.4475687e-17
-1.8678771e-17
1.9190378e-17
-1.7181938e-17
-1.3046001e-17
-1.1448497e-17
-4.9056029e-19
-1.3725752e-17
1.2896447e-17
0.065123692
0.061462548
0.057239495
0.18708359
0.17671588
0.16473627
0.30480318
0.28838346
0.26934696
0.053402739
0.05071693
0.048082222
0.1538254
0.14616765
0.13864694
0.25192393
0.23963301
0.22753495
0.048302401
0.051050476
0.05338174
0.13926427
0.14708688
0.15371483
0.22849233
0.24100674
0.2515843
0.056443593
0.060403686
0.064528421
0.16242373
0.17368096
0.1853869
0.26549629
0.2834601
0.30208053
0.35310887
0.3351712
0.31425168
0.33229368
0.31665882
0.29830605
0.31211416
0.29860564
0.282648
0.42174123
0.40002382
0.37471292
0.52366827
0.49820397
0.46833285
0.61552794
0.58766974
0.55473086
0.35136805
0.33476634
0.31836818
0.44051335
0.4205284
0.40070419
0.52368231
0.50109777
0.47858047
0.31958805
0.33639963
0.35055483
0.40205775
0.422147
0.43897996
0.47994278
0.50242182
0.52114291
0.36920602
0.39325467
0.41806085
0.46122132
0.48985902
0.51922515
0.54598479
0.57793621
0.61047448
0.64246372
0.61558535
0.58357371
0.61021076
0.58641982
0.5579509
0.57835327
0.55748885
0.53240437
0.30480318
0.28838346
0.26934696
0.18708359
0.17671588
0.16473627
0.065123692
0.061462548
0.057239495
-7.2220634e-18
-1.2389445e-18
-4.3463378e-20
1.2586188e-17
8.8938459e-18
-1.0672615e-18
8.2790588e-18
1.0594688e-17
2.8189256e-18
0.31425168
0.3351712
0.35310887
0.29830605
0.31665882
0.33229368
0.282648
0.29860564
0.31211416
0.30208053
0.1853869
0.064528421
0.2834601
0.17368096
0.060403686
0.26549629
0.16242373
0.056443593
0.05338174
0.051050476
0.048302401
0.15371483
0.14708688
0.13926427
0.2515843
0.24100674
0.22849233
0.63846807
0.65334976
0.6610298
0.54477698
0.55853883
0.56566212
0.43984281
0.45169272
0.45784149
0.36805159
0.37782943
0.38290171
0.34524687
0.35368804
0.35805614
0.32324632
0.33047204
0.33420229
0.44335776
0.54869826
0.6424645
0.41515227
0.51551365
0.6059608
0.38799889
0.48335598
0.57031435
0.68598265
0.67867041
0.66446322
0.64851389
0.64209671
0.62960702
0.61175802
0.60617749
0.59529774
0.61047448
0.51922515
0.41806085
0.57793621
0.48985902
0.39325467
0.54598479
0.46122132
0.36920602
0.36216784
0.36968063
0.37355141
0.45273421
0.46160566
0.46616835
0.53636295
0.54614326
0.55116224
0.6610298
0.65334976
0.63846807
0.56566212
0.55853883
0.54477698
0.45784149
0.45169272
0.43984281
0.38290171
0.37782943
0.36805159
0.35805614
0.35368804
0.34524687
0.33420229
0.33047204
0.32324632
0.41806085
0.51922515
0.61047448
0.39325467
0.48985902
0.57793621
0.36920602
0.46122132
0.54598479
0.66446322
0.67867041
0.68598265
0.62960702
0.64209671
0.64851389
0.59529774
0.60617749
0.61175802
0.37355141
0.36968063
0.36216784
0.46616835
0.46160566
0.45273421
0.55116224
0.54614326
0.53636295
0.61552794
0.58766974
0.55473086
0.52366827
0.49820397
0.46833285
0.42174123
0.40002382
0.37471292
0.58357371
0.61558535
0.64246372
0.5579509
0.58641982
0.61021076
0.53240437
0.55748885
0.57835327
0.35055483
0.33639963
0.31958805
0.43897996
0.422147
0.40205775
0.52114291
0.50242182
0.47994278
0.062997464
0.059592557
0.055649738
0.059083241
0.056132298
0.052690427
0.055314214
0.052778473
0.049800122
0.18105309
0.17140402
0.16021232
0.16993766
0.16156396
0.15178289
0.15921767
0.15201303
0.14353976
0.29522195
0.27991905
0.26211302
0.27751954
0.2642053
0.24860876
0.2603948
0.24891128
0.23537093
0.40900023
0.38871693
0.36499811
0.38537344
0.36765691
0.34680988
0.36241041
0.34707236
0.32891357
0.508618
0.48477477
0.45672011
0.48058561
0.45966172
0.43490161
0.45318612
0.43498899
0.41333483
0.59889421
0.57273258
0.54171615
0.56775224
0.544668
0.51716093
0.53711009
0.51692722
0.49275648
0.062997464
0.059592557
0.055649738
0.18105309
0.17140402
0.16021232
0.29522195
0.27991905
0.26211302
0.059083241
0.056132298
0.052690427
0.16993766
0.16156396
0.15178289
0.27751954
0.2642053
0.24860876
0.055314214
0.052778473
0.049800122
0.15921767
0.15201303
0.14353976
0.2603948
0.24891128
0.23537093
0.42585864
0.43687127
0.44257828
0.52833245
0.54116074
0.5477932
0.6203888
0.63430937
0.64148622
0.4000213
0.40955231
0.41447987
0.49780402
0.50896837
0.5147283
0.58663853
0.59883161
0.60510614
0.3750271
0.38320524
0.38742375
0.46809103
0.4777219
0.48268043
0.55355416
0.56413793
0.56957436
0.44257828
0.43687127
0.42585864
0.5477932
0.54116074
0.52833245
0.64148622
0.63430937
0.6203888
0.41447987
0.40955231
0.4000213
0.5147283
0.50896837
0.49780402
0.60510614
0.59883161
0.58663853
0.38742375
0.38320524
0.3750271
0.48268043
0.4777219
0.46809103
0.56957436
0.56413793
0.55355416
0.40900023
0.38871693
0.36499811
0.508618
0.48477477
0.45672011
0.59889421
0.57273258
0.54171615
0.38537344
0.36765691
0.34680988
0.48058561
0.45966172
0.43490161
0.56775224
0.544668
0.51716093
0.36241041
0.34707236
0.32891357
0.45318612
0.43498899
0.41333483
0.53711009
0.51692722
0.49275648
