MFEM mesh v1.0

#
# MFEM Geometry Types (see mesh/geom.hpp):
#
# POINT       = 0
# SEGMENT     = 1
# TRIANGLE    = 2
# SQUARE      = 3
# TETRAHEDRON = 4
# CUBE        = 5
#

dimension
3

elements
5
1 5 12 17 6 3 5 14 1 0
1 5 13 18 15 4 12 19 16 5
1 5 12 19 16 5 3 7 2 0
1 5 20 21 23 22 24 25 27 26
1 5 24 25 27 26 8 10 11 9

boundary
24
29 3 6 3 0 1
29 3 3 7 2 0
29 3 8 10 11 9
29 3 3 6 17 12
29 3 12 17 14 5
29 3 4 13 12 5
29 3 17 6 1 14
29 3 5 14 1 0
29 3 4 15 18 13
29 3 13 18 19 12
29 3 18 15 16 19
29 3 15 4 5 16
29 3 12 19 7 3
29 3 19 16 2 7
29 3 16 5 0 2
29 3 22 23 21 20
29 3 20 21 25 24
29 3 22 20 24 26
29 3 21 23 27 25
29 3 23 22 26 27
29 3 24 25 10 8
29 3 26 24 8 9
29 3 25 27 11 10
29 3 27 26 9 11

vertices
28

nodes
FiniteElementSpace
FiniteElementCollection: H1_3D_P4
VDim: 3
Ordering: 0

-0.28867513
-0.14433757
-0.28867513
-0.28867513
-0.4330127
-0.36084392
-0.14433757
-0.28867513
-0.14433757
7.5894152e-19
-0.14433757
-2.1684043e-19
-0.37864925
-0.47240707
-0.18319635
-0.47240707
-0.37864925
-0.19368993
-0.54236453
-0.40974402
-0.24775119
-0.25629728
-7.3251409e-18
1.9380114e-18
-0.19368993
-0.19728907
-4.8246997e-18
3.3203692e-18
-0.34768534
-0.28777162
-0.22648244
-0.15255002
-0.16846444
-0.18484957
-0.26375191
-0.21650635
-0.16926079
-0.30395098
-0.33320369
-0.36284937
-0.3308016
-0.27305464
-0.21442052
-0.15093503
-0.16356894
-0.17637257
-0.26375191
-0.21650635
-0.16926079
-0.30113675
-0.32475953
-0.34838231
-0.36474496
-0.3712003
-0.37640913
-0.1854698
-0.18926312
-0.19235298
-0.14433757
-0.14433757
-0.14433757
-0.28867513
-0.28867513
-0.28867513
-0.48725134
-0.51239955
-0.5332435
-0.48725134
-0.51239955
-0.5332435
-0.44150297
-0.45572427
-0.46735889
-0.44150297
-0.45572427
-0.46735889
-0.38538234
-0.39662121
-0.40577998
-0.38538234
-0.39662121
-0.40577998
-0.36474496
-0.3712003
-0.37640913
-0.39456189
-0.42504043
-0.455937
-0.51856807
-0.4745094
-0.4317745
-0.455937
-0.42504043
-0.39456189
-0.42055109
-0.39692831
-0.37330553
-0.28867513
-0.28867513
-0.28867513
-0.28867513
-0.28867513
-0.28867513
-0.28867513
-0.28867513
-0.28867513
-0.30882153
-0.34786205
-0.38805727
-0.30395098
-0.33320369
-0.36284937
-0.25041783
-0.25413461
-0.25603842
-0.21326717
-0.1299233
-0.045051695
5.7492825e-18
4.3939834e-18
4.5028271e-18
-0.20603062
-0.12540839
-0.043467228
-0.19481997
-0.19638441
-0.19718101
-0.16366737
-0.099285939
-0.034353612
8.0513129e-18
-5.2261933e-19
-6.2612675e-18
-0.16063405
-0.097405832
-0.033696021
-0.23805083
-0.22009081
-0.20267041
-0.24563076
-0.22597295
-0.20701788
6.7893529e-18
-1.8965068e-18
1.5111068e-18
1.0568854e-18
-7.250602e-19
4.4079595e-18
-0.14433757
-0.14433757
-0.14433757
-0.11941434
-0.072168784
-0.024923225
1.0021141e-17
8.7684851e-18
-9.2157185e-19
-0.11941434
-0.072168784
-0.024923225
-0.15255002
-0.16846444
-0.18484957
-0.15308918
-0.17011605
-0.18774034
-5.4210109e-19
1.2129512e-18
2.0621017e-18
7.8604658e-19
-4.5638135e-18
3.9578144e-18
-0.27793984
-0.22846557
-0.17880693
-0.30518018
-0.25152599
-0.19727828
-0.332882
-0.27511175
-0.21625808
-0.34555474
-0.28590578
-0.22494787
-0.34060781
-0.28158332
-0.22139884
-0.33449086
-0.27625716
-0.21703712
-0.18377359
-0.1678474
-0.15234785
-0.18128235
-0.16641391
-0.15187665
-0.17821531
-0.16463982
-0.15129047
-0.16926079
-0.21650635
-0.26375191
-0.16926079
-0.21650635
-0.26375191
-0.16926079
-0.21650635
-0.26375191
-0.30360219
-0.33215092
-0.36103496
-0.30278533
-0.32969232
-0.35680964
-0.3017616
-0.3266246
-0.35156084
-0.31918082
-0.26319381
-0.2065069
-0.29720144
-0.24461235
-0.19163929
-0.27528662
-0.22617501
-0.17694426
-0.45132243
-0.46781941
-0.48136214
-0.46781941
-0.48822494
-0.50505703
-0.48136214
-0.50505703
-0.52466922
-0.4692747
-0.49181143
-0.51043472
-0.43564612
-0.45347902
-0.46813286
-0.40259239
-0.41603046
-0.42701259
-0.51043472
-0.49181143
-0.4692747
-0.46813286
-0.45347902
-0.43564612
-0.42701259
-0.41603046
-0.40259239
-0.45141694
-0.44098333
-0.42819936
-0.42147109
-0.41320792
-0.40303736
-0.39187915
-0.38565054
-0.37794959
-0.42819936
-0.44098333
-0.45141694
-0.40303736
-0.41320792
-0.42147109
-0.37794959
-0.38565054
-0.39187915
-0.38277607
-0.39339497
-0.4020404
-0.3767269
-0.38592468
-0.39339497
-0.36925134
-0.3767269
-0.38277607
-0.36832609
-0.3774452
-0.38485569
-0.33640835
-0.34171966
-0.34601328
-0.30502232
-0.30678986
-0.30821142
-0.38485569
-0.3774452
-0.36832609
-0.34601328
-0.34171966
-0.33640835
-0.30821142
-0.30678986
-0.30502232
-0.36103496
-0.35680964
-0.35156084
-0.33215092
-0.32969232
-0.3266246
-0.30360219
-0.30278533
-0.3017616
-0.28867513
-0.28867513
-0.28867513
-0.28867513
-0.28867513
-0.28867513
-0.28867513
-0.28867513
-0.28867513
-0.043960928
-0.044650111
-0.045003606
-0.12681563
-0.12877939
-0.12978633
-0.20828759
-0.21143496
-0.21304783
-0.24041864
-0.24371491
-0.24540153
-0.22193207
-0.22448956
-0.22579558
-0.204034
-0.2059239
-0.20688716
-0.20427898
-0.12435211
-0.04310288
-0.18774013
-0.1141231
-0.039528735
-0.17182424
-0.10430658
-0.036103573
1.2936575e-18
8.8595998e-18
3.616787e-18
-6.1621647e-19
-7.2580136e-19
1.1338725e-17
-2.7105054e-20
4.2432115e-18
4.9440585e-18
-0.041701345
-0.12035597
-0.19786612
-0.038446466
-0.11103377
-0.18277153
-0.035307387
-0.10203144
-0.16815746
-0.16158613
-0.16290466
-0.16357625
-0.097995698
-0.09881298
-0.099229429
-0.033902291
-0.034188151
-0.034333841
-0.18575811
-0.18701453
-0.18765367
-0.1689845
-0.16970221
-0.17006666
-0.1527201
-0.15295435
-0.1530731
-0.15566941
-0.094369876
-0.032641303
-0.14092804
-0.085326377
-0.029494469
-0.12671171
-0.076626407
-0.026470955
5.9975227e-18
-8.2699135e-18
6.8678853e-18
2.3208703e-18
8.1281282e-18
-3.4237469e-18
5.9631119e-18
-3.882799e-18
-2.0812923e-18
-0.032114341
-0.092862461
-0.1532349
-0.029194637
-0.084467873
-0.13953897
-0.026373453
-0.076346986
-0.12625881
-0.11941434
-0.11941434
-0.11941434
-0.072168784
-0.072168784
-0.072168784
-0.024923225
-0.024923225
-0.024923225
-0.33115866
-0.27360603
-0.21502204
-0.30418278
-0.25065821
-0.19656837
-0.27761019
-0.22817991
-0.17857401
-0.32715104
-0.27011199
-0.21215835
-0.30185647
-0.2486382
-0.19491823
-0.27683908
-0.22751292
-0.17803085
-0.32218341
-0.26579534
-0.2086292
-0.29895959
-0.24613034
-0.19287413
-0.27587445
-0.22668083
-0.17735461
-0.46400471
-0.48525025
-0.50278377
-0.45186615
-0.47018262
-0.48525025
-0.43704237
-0.45186615
-0.46400471
-0.43148865
-0.44831578
-0.46212732
-0.42188331
-0.43641919
-0.44831578
-0.41009744
-0.42188331
-0.43148865
-0.39947009
-0.41216138
-0.42252275
-0.3922346
-0.40321767
-0.41216138
-0.38331489
-0.3922346
-0.39947009
-0.3662157
-0.37483534
-0.38183383
-0.36130984
-0.36878219
-0.37483534
-0.35523236
-0.36130984
-0.3662157
-0.33518431
-0.34020838
-0.34426669
-0.33233052
-0.33669224
-0.34020838
-0.32877894
-0.33233052
-0.33518431
-0.30461684
-0.30628989
-0.30763456
-0.30366876
-0.3051231
-0.30628989
-0.30248349
-0.30366876
-0.30461684
-0.1998685
-0.20265734
-0.20408492
-0.121603
-0.12334095
-0.12423108
-0.042138575
-0.042748127
-0.043060415
-0.18432623
-0.1864866
-0.18759023
-0.11199993
-0.11334325
-0.11402982
-0.038784849
-0.039255456
-0.039496047
-0.16930716
-0.1709012
-0.17171393
-0.10274448
-0.10373358
-0.10423809
-0.035556856
-0.035902999
-0.036079598
-0.15399982
-0.15505796
-0.15559639
-0.093335898
-0.093991109
-0.094324636
-0.032279813
-0.032508865
-0.032625484
-0.13997624
-0.14057988
-0.14088648
-0.084738031
-0.08511112
-0.085300682
-0.029288973
-0.029419277
-0.029485493
-0.12640165
-0.12659842
-0.12669819
-0.076435081
-0.07655649
-0.076618066
-0.026404188
-0.026446554
-0.026468044
-0.28867513
-0.28867513
-0.14433757
-0.28867513
-0.4330127
-0.36084392
-0.28867513
-0.14433757
-0.14433757
-0.14433757
-2.1684043e-18
-1.9515639e-18
-0.37864925
-0.47240707
-0.37864925
-0.22368927
-0.18319635
-0.40974402
-0.24775119
-0.19368993
-0.24775119
-5.3329194e-18
-0.25629728
-5.5429836e-18
-0.19368993
-3.2526065e-19
-0.19728907
-1.8295912e-18
-0.38538234
-0.39662121
-0.40577998
-0.30882153
-0.34786205
-0.38805727
-0.28867513
-0.28867513
-0.28867513
-0.30395098
-0.33320369
-0.36284937
-0.36474496
-0.3712003
-0.37640913
-0.30395098
-0.33320369
-0.36284937
-0.28867513
-0.28867513
-0.28867513
-0.30113675
-0.32475953
-0.34838231
-0.36474496
-0.3712003
-0.37640913
-0.38538234
-0.39662121
-0.40577998
-0.28867513
-0.28867513
-0.28867513
-0.28867513
-0.28867513
-0.28867513
-0.43609876
-0.3642077
-0.28876571
-0.22879749
-0.23744835
-0.24461567
-0.39845788
-0.33097257
-0.26123552
-0.44150297
-0.45572427
-0.46735889
-0.34768534
-0.28777162
-0.22648244
-0.1854698
-0.18926312
-0.19235298
-0.3308016
-0.27305464
-0.21442052
-0.39456189
-0.42504043
-0.455937
-0.23805083
-0.22009081
-0.20267041
-0.21657604
-0.20323217
-0.19006884
-0.42055109
-0.39692831
-0.37330553
-0.26375191
-0.21650635
-0.16926079
-0.14433757
-0.14433757
-0.14433757
-0.26375191
-0.21650635
-0.16926079
-0.15255002
-0.16846444
-0.18484957
-0.15093503
-0.16356894
-0.17637257
-0.20603062
-0.12540839
-0.043467228
-2.4326852e-18
-7.9684625e-18
-4.8348641e-18
-0.21326717
-0.1299233
-0.045051695
-0.25041783
-0.25413461
-0.25603842
-0.16063405
-0.097405832
-0.033696021
-3.0222136e-18
-4.6087063e-18
-4.1267445e-18
-0.16366737
-0.099285939
-0.034353612
-0.19481997
-0.19638441
-0.19718101
-0.23805083
-0.22009081
-0.20267041
-1.7212371e-18
1.1142718e-18
-9.7578196e-19
-6.7623802e-18
-4.0513586e-18
-2.7172817e-18
-0.24563076
-0.22597295
-0.20701788
-0.11941434
-0.072168784
-0.024923225
1.5179889e-18
-8.8091427e-19
9.2157185e-19
-0.11941434
-0.072168784
-0.024923225
-0.14433757
-0.14433757
-0.14433757
-0.15255002
-0.16846444
-0.18484957
1.3281477e-18
-2.2022857e-19
1.2613379e-18
0
1.5585406e-19
-3.6881932e-18
-0.15308918
-0.17011605
-0.18774034
-0.30502232
-0.30678986
-0.30821142
-0.33640835
-0.34171966
-0.34601328
-0.36832609
-0.3774452
-0.38485569
-0.38277607
-0.39339497
-0.4020404
-0.3767269
-0.38592468
-0.39339497
-0.36925134
-0.3767269
-0.38277607
-0.38485569
-0.34601328
-0.30821142
-0.3774452
-0.34171966
-0.30678986
-0.36832609
-0.33640835
-0.30502232
-0.28867513
-0.28867513
-0.28867513
-0.28867513
-0.28867513
-0.28867513
-0.28867513
-0.28867513
-0.28867513
-0.30360219
-0.33215092
-0.36103496
-0.30278533
-0.32969232
-0.35680964
-0.3017616
-0.3266246
-0.35156084
-0.35156084
-0.35680964
-0.36103496
-0.3266246
-0.32969232
-0.33215092
-0.3017616
-0.30278533
-0.30360219
-0.4065422
-0.33807137
-0.26709061
-0.42011781
-0.3500401
-0.27699329
-0.43125656
-0.35990592
-0.28518538
-0.42049661
-0.35061557
-0.27762052
-0.39130993
-0.32530876
-0.2569503
-0.36262217
-0.30058548
-0.23685745
-0.23526359
-0.22887988
-0.22115153
-0.21791895
-0.2129265
-0.20684838
-0.20105879
-0.19734097
-0.19278971
-0.25302965
-0.32087171
-0.38673177
-0.23761548
-0.30183931
-0.36455341
-0.22238348
-0.28295631
-0.34244047
-0.42819936
-0.44098333
-0.45141694
-0.40303736
-0.41320792
-0.42147109
-0.37794959
-0.38565054
-0.39187915
-0.34555474
-0.28590578
-0.22494787
-0.34060781
-0.28158332
-0.22139884
-0.33449086
-0.27625716
-0.21703712
-0.332882
-0.27511175
-0.21625808
-0.30518018
-0.25152599
-0.19727828
-0.27793984
-0.22846557
-0.17880693
-0.18377359
-0.18128235
-0.17821531
-0.1678474
-0.16641391
-0.16463982
-0.15234785
-0.15187665
-0.15129047
-0.2065069
-0.26319381
-0.31918082
-0.19163929
-0.24461235
-0.29720144
-0.17694426
-0.22617501
-0.27528662
-0.26375191
-0.21650635
-0.16926079
-0.26375191
-0.21650635
-0.16926079
-0.26375191
-0.21650635
-0.16926079
-0.21304783
-0.12978633
-0.045003606
-0.21143496
-0.12877939
-0.044650111
-0.20828759
-0.12681563
-0.043960928
-0.19786612
-0.12035597
-0.041701345
-0.18277153
-0.11103377
-0.038446466
-0.16815746
-0.10203144
-0.035307387
-4.8798097e-18
-3.3088292e-18
-2.5005405e-18
-4.396948e-18
-2.8427485e-18
-5.0347638e-18
-2.6901833e-18
-3.4431889e-18
-4.7095032e-18
-0.04310288
-0.12435211
-0.20427898
-0.039528735
-0.1141231
-0.18774013
-0.036103573
-0.10430658
-0.17182424
-0.24540153
-0.24371491
-0.24041864
-0.22579558
-0.22448956
-0.22193207
-0.20688716
-0.2059239
-0.204034
-0.16158613
-0.097995698
-0.033902291
-0.16290466
-0.09881298
-0.034188151
-0.16357625
-0.099229429
-0.034333841
-0.1532349
-0.092862461
-0.032114341
-0.13953897
-0.084467873
-0.029194637
-0.12625881
-0.076346986
-0.026373453
-1.7331351e-18
-9.8003035e-19
-3.8900517e-18
-8.7413138e-19
5.4167757e-19
2.1379112e-18
-4.8781157e-19
-4.3368087e-19
1.0842022e-18
-0.032641303
-0.094369876
-0.15566941
-0.029494469
-0.085326377
-0.14092804
-0.026470955
-0.076626407
-0.12671171
-0.18765367
-0.18701453
-0.18575811
-0.17006666
-0.16970221
-0.1689845
-0.1530731
-0.15295435
-0.1527201
-0.11941434
-0.072168784
-0.024923225
-0.11941434
-0.072168784
-0.024923225
-0.11941434
-0.072168784
-0.024923225
-0.3662157
-0.37483534
-0.38183383
-0.33518431
-0.34020838
-0.34426669
-0.30461684
-0.30628989
-0.30763456
-0.36130984
-0.36878219
-0.37483534
-0.33233052
-0.33669224
-0.34020838
-0.30366876
-0.3051231
-0.30628989
-0.35523236
-0.36130984
-0.3662157
-0.32877894
-0.33233052
-0.33518431
-0.30248349
-0.30366876
-0.30461684
-0.41616758
-0.34677967
-0.27443485
-0.40619302
-0.33796663
-0.26713186
-0.39400554
-0.32724569
-0.25827801
-0.38790106
-0.32230263
-0.25446366
-0.38002253
-0.31537299
-0.24874288
-0.37035021
-0.30689972
-0.24176916
-0.36006702
-0.29834256
-0.23500918
-0.35414369
-0.29315536
-0.23074228
-0.34683744
-0.28678049
-0.2255129
-0.33115866
-0.27360603
-0.21502204
-0.32715104
-0.27011199
-0.21215835
-0.32218341
-0.26579534
-0.2086292
-0.30418278
-0.25065821
-0.19656837
-0.30185647
-0.2486382
-0.19491823
-0.29895959
-0.24613034
-0.19287413
-0.27761019
-0.22817991
-0.17857401
-0.27683908
-0.22751292
-0.17803085
-0.27587445
-0.22668083
-0.17735461
-0.1998685
-0.121603
-0.042138575
-0.20265734
-0.12334095
-0.042748127
-0.20408492
-0.12423108
-0.043060415
-0.18432623
-0.11199993
-0.038784849
-0.1864866
-0.11334325
-0.039255456
-0.18759023
-0.11402982
-0.039496047
-0.16930716
-0.10274448
-0.035556856
-0.1709012
-0.10373358
-0.035902999
-0.17171393
-0.10423809
-0.036079598
-0.15399982
-0.093335898
-0.032279813
-0.15505796
-0.093991109
-0.032508865
-0.15559639
-0.094324636
-0.032625484
-0.13997624
-0.084738031
-0.029288973
-0.14057988
-0.08511112
-0.029419277
-0.14088648
-0.085300682
-0.029485493
-0.12640165
-0.076435081
-0.026404188
-0.12659842
-0.07655649
-0.026446554
-0.12669819
-0.076618066
-0.026468044
0.28867513
0.28867513
0.28867513
0.14433757
0.4330127
0.36084392
0.14433757
0.14433757
0.28867513
0.28867513
0.28867513
0.28867513
0.18319635
0.22368927
0.37864925
0.47240707
0.37864925
0.19368993
0.24775119
0.19368993
0.54236453
0.56723152
0.56723152
0.59630391
0.40974402
0.42041877
0.42041877
0.43275991
0.1854698
0.18926312
0.19235298
0.15255002
0.16846444
0.18484957
0.14433757
0.14433757
0.14433757
0.15093503
0.16356894
0.17637257
0.36474496
0.3712003
0.37640913
0.30395098
0.33320369
0.36284937
0.28867513
0.28867513
0.28867513
0.30113675
0.32475953
0.34838231
0.3308016
0.27305464
0.21442052
0.34768534
0.28777162
0.22648244
0.26375191
0.21650635
0.16926079
0.26375191
0.21650635
0.16926079
0.22879749
0.23744835
0.24461567
0.43609876
0.3642077
0.28876571
0.44150297
0.45572427
0.46735889
0.39845788
0.33097257
0.26123552
0.1854698
0.18926312
0.19235298
0.34768534
0.28777162
0.22648244
0.36474496
0.3712003
0.37640913
0.19006884
0.20323217
0.21657604
0.23805083
0.22009081
0.20267041
0.455937
0.42504043
0.39456189
0.42055109
0.39692831
0.37330553
0.14433757
0.14433757
0.14433757
0.26375191
0.21650635
0.16926079
0.28867513
0.28867513
0.28867513
0.15255002
0.16846444
0.18484957
0.30395098
0.33320369
0.36284937
0.55012271
0.56093773
0.56647815
0.57628973
0.58893516
0.5954215
0.57628973
0.58893516
0.5954215
0.55012271
0.56093773
0.56647815
0.41309509
0.41773515
0.42009818
0.42428975
0.42965456
0.43238884
0.42428975
0.42965456
0.43238884
0.41309509
0.41773515
0.42009818
0.51856807
0.4745094
0.4317745
0.54069314
0.49178441
0.4446241
0.56650477
0.51186117
0.45950538
0.54069314
0.49178441
0.4446241
0.28867513
0.28867513
0.28867513
0.28867513
0.28867513
0.28867513
0.28867513
0.28867513
0.28867513
0.28867513
0.28867513
0.28867513
0.30882153
0.34786205
0.38805727
0.3104492
0.35281214
0.39666146
0.31231743
0.35850883
0.40659238
0.3104492
0.35281214
0.39666146
0.15129047
0.15187665
0.15234785
0.16463982
0.16641391
0.1678474
0.17821531
0.18128235
0.18377359
0.21703712
0.22139884
0.22494787
0.27625716
0.28158332
0.28590578
0.33449086
0.34060781
0.34555474
0.21625808
0.19727828
0.17880693
0.27511175
0.25152599
0.22846557
0.332882
0.30518018
0.27793984
0.16926079
0.16926079
0.16926079
0.21650635
0.21650635
0.21650635
0.26375191
0.26375191
0.26375191
0.17694426
0.19163929
0.2065069
0.22617501
0.24461235
0.26319381
0.27528662
0.29720144
0.31918082
0.35156084
0.35680964
0.36103496
0.3266246
0.32969232
0.33215092
0.3017616
0.30278533
0.30360219
0.4065422
0.42011781
0.43125656
0.33807137
0.3500401
0.35990592
0.26709061
0.27699329
0.28518538
0.22115153
0.22887988
0.23526359
0.20684838
0.2129265
0.21791895
0.19278971
0.19734097
0.20105879
0.27762052
0.35061557
0.42049661
0.2569503
0.32530876
0.39130993
0.23685745
0.30058548
0.36262217
0.45141694
0.44098333
0.42819936
0.42147109
0.41320792
0.40303736
0.39187915
0.38565054
0.37794959
0.38673177
0.32087171
0.25302965
0.36455341
0.30183931
0.23761548
0.34244047
0.28295631
0.22238348
0.21703712
0.22139884
0.22494787
0.27625716
0.28158332
0.28590578
0.33449086
0.34060781
0.34555474
0.17821531
0.18128235
0.18377359
0.16463982
0.16641391
0.1678474
0.15129047
0.15187665
0.15234785
0.21625808
0.27511175
0.332882
0.19727828
0.25152599
0.30518018
0.17880693
0.22846557
0.27793984
0.36103496
0.35680964
0.35156084
0.33215092
0.32969232
0.3266246
0.30360219
0.30278533
0.3017616
0.16926079
0.16926079
0.16926079
0.21650635
0.21650635
0.21650635
0.26375191
0.26375191
0.26375191
0.5754965
0.58808576
0.59454305
0.56966385
0.58184138
0.58808576
0.55828301
0.56966385
0.5754965
0.52547852
0.53510011
0.5400239
0.47991613
0.48742721
0.49126339
0.43580418
0.44139012
0.44423764
0.54874516
0.55997112
0.56572267
0.49806141
0.50679149
0.51125475
0.44928672
0.45575639
0.45905725
0.56572267
0.55997112
0.54874516
0.51125475
0.50679149
0.49806141
0.45905725
0.45575639
0.44928672
0.5400239
0.53510011
0.52547852
0.49126339
0.48742721
0.47991613
0.44423764
0.44139012
0.43580418
0.41660841
0.4214746
0.42395342
0.4214746
0.42665598
0.42929628
0.42395342
0.42929628
0.43201931
0.39076106
0.39450076
0.39640343
0.34942046
0.35157158
0.35266408
0.30933488
0.31004209
0.31040064
0.39977979
0.40409643
0.40629423
0.35460445
0.35708017
0.35833829
0.31103811
0.31184988
0.31226165
0.40629423
0.40409643
0.39977979
0.35833829
0.35708017
0.35460445
0.31226165
0.31184988
0.31103811
0.39640343
0.39450076
0.39076106
0.35266408
0.35157158
0.34942046
0.31040064
0.31004209
0.30933488
0.28867513
0.28867513
0.28867513
0.28867513
0.28867513
0.28867513
0.28867513
0.28867513
0.28867513
0.2086292
0.21215835
0.21502204
0.19287413
0.19491823
0.19656837
0.17735461
0.17803085
0.17857401
0.26579534
0.27011199
0.27360603
0.24613034
0.2486382
0.25065821
0.22668083
0.22751292
0.22817991
0.32218341
0.32715104
0.33115866
0.29895959
0.30185647
0.30418278
0.27587445
0.27683908
0.27761019
0.25827801
0.26713186
0.27443485
0.32724569
0.33796663
0.34677967
0.39400554
0.40619302
0.41616758
0.24176916
0.24874288
0.25446366
0.30689972
0.31537299
0.32230263
0.37035021
0.38002253
0.38790106
0.2255129
0.23074228
0.23500918
0.28678049
0.29315536
0.29834256
0.34683744
0.35414369
0.36006702
0.2086292
0.21215835
0.21502204
0.26579534
0.27011199
0.27360603
0.32218341
0.32715104
0.33115866
0.19287413
0.19491823
0.19656837
0.24613034
0.2486382
0.25065821
0.29895959
0.30185647
0.30418278
0.17735461
0.17803085
0.17857401
0.22668083
0.22751292
0.22817991
0.27587445
0.27683908
0.27761019
0.53274265
0.54286103
0.548041
0.54286103
0.55367762
0.55921784
0.548041
0.55921784
0.56494402
0.4855933
0.493483
0.49751388
0.493483
0.50190308
0.5062068
0.49751388
0.5062068
0.51065093
0.44003111
0.44589236
0.44888105
0.44589236
0.452138
0.4553239
0.44888105
0.4553239
0.45861099
0.3935944
0.39751436
0.39950923
0.39751436
0.40168522
0.40380843
0.39950923
0.40380843
0.4059973
0.35105216
0.35330497
0.35444935
0.35330497
0.3556989
0.35691529
0.35444935
0.35691529
0.35816842
0.30987197
0.31061202
0.31098728
0.31061202
0.31139751
0.31179591
0.31098728
0.31179591
0.31220609
