MFEM mesh v1.0

#
# MFEM Geometry Types (see mesh/geom.hpp):
#
# POINT       = 0
# SEGMENT     = 1
# TRIANGLE    = 2
# SQUARE      = 3
# TETRAHEDRON = 4
# CUBE        = 5
#

dimension
3

elements
7
1 5 0 1 15 14 2 3 21 20
1 5 11 14 16 10 13 20 22 12
1 5 14 15 17 16 20 21 23 22
1 5 16 17 19 18 22 23 25 24
1 5 18 19 6 7 24 25 8 9
1 5 2 3 21 20 4 5 27 26
1 5 20 21 23 22 26 27 29 28

boundary
28
12 3 14 15 1 0
12 3 10 16 14 11
12 3 16 17 15 14
12 3 18 19 17 16
12 3 7 6 19 18
12 3 14 0 2 20
12 3 11 14 20 13
12 3 0 1 3 2
12 3 1 15 21 3
12 3 16 10 12 22
12 3 10 11 13 12
12 3 13 20 22 12
12 3 15 17 23 21
12 3 18 16 22 24
12 3 17 19 25 23
12 3 22 23 25 24
12 3 7 18 24 9
12 3 19 6 8 25
12 3 6 7 9 8
12 3 24 25 8 9
12 3 20 2 4 26
12 3 2 3 5 4
12 3 3 21 27 5
12 3 4 5 27 26
12 3 22 20 26 28
12 3 21 23 29 27
12 3 23 22 28 29
12 3 26 27 29 28

vertices
30

nodes
FiniteElementSpace
FiniteElementCollection: H1_3D_P4
VDim: 3
Ordering: 0

-0.14433757
-2.1684043e-18
-0.14433757
-1.9515639e-18
-0.14433757
1.0842022e-18
-2.1684043e-18
-0.14433757
-1.9515639e-18
-0.14433757
-0.28867513
-0.28867513
-0.28867513
-0.28867513
-0.14433757
-1.9651164e-19
-0.14433757
6.2002812e-19
-0.14433757
9.486769e-20
-0.14433757
-2.5072175e-19
-0.14433757
9.8933448e-19
-0.14433757
-2.3039296e-19
-0.14433757
2.1006417e-19
-0.14433757
8.6736174e-19
-0.11941434
-0.072168784
-0.024923225
8.6714998e-19
-7.5597691e-19
7.301424e-19
-0.11941434
-0.072168784
-0.024923225
-0.14433757
-0.14433757
-0.14433757
-0.11941434
-0.072168784
-0.024923225
2.646978e-19
9.9589899e-19
-7.352246e-19
-0.11941434
-0.072168784
-0.024923225
-0.14433757
-0.14433757
-0.14433757
-0.14433757
-0.14433757
-0.14433757
1.5179889e-18
-8.8091427e-19
9.2157185e-19
-6.3697539e-19
8.4682119e-19
-1.0706496e-18
-0.14433757
-0.14433757
-0.14433757
-0.26375191
-0.21650635
-0.16926079
-0.14433757
-0.14433757
-0.14433757
-0.26375191
-0.21650635
-0.16926079
-0.28867513
-0.28867513
-0.28867513
-0.26375191
-0.21650635
-0.16926079
-0.14433757
-0.14433757
-0.14433757
-0.26375191
-0.21650635
-0.16926079
-0.28867513
-0.28867513
-0.28867513
-0.28867513
-0.28867513
-0.28867513
-0.14433757
-0.14433757
-0.14433757
-0.28867513
-0.28867513
-0.28867513
-1.1180802e-18
-8.264924e-19
-1.6263033e-19
-0.11941434
-0.072168784
-0.024923225
-2.7111672e-20
4.2351647e-22
2.4563955e-19
-0.11941434
-0.072168784
-0.024923225
5.5568339e-19
-2.3632219e-19
2.3208703e-19
1.172287e-18
-1.0431211e-18
1.2129512e-18
-0.11941434
-0.072168784
-0.024923225
-0.14433757
-0.14433757
-0.14433757
-2.0328791e-20
4.8704394e-19
6.7762636e-21
-0.11941434
-0.072168784
-0.024923225
-0.14433757
-0.14433757
-0.14433757
1.0570574e-18
5.3363076e-20
-6.505213e-19
-0.14433757
-0.14433757
-0.14433757
-7.0473141e-19
-1.4433441e-18
-4.7439139e-19
-0.024923225
-0.072168784
-0.11941434
-0.14433757
-0.14433757
-0.14433757
-1.4636729e-18
-2.3039296e-19
1.4635671e-18
-0.024923225
-0.072168784
-0.11941434
-0.14433757
-0.14433757
-0.14433757
1.5179889e-18
-8.8091427e-19
9.2157185e-19
-0.14433757
-0.14433757
-0.14433757
-0.11941434
-0.072168784
-0.024923225
3.1256177e-19
3.1086109e-19
1.7347235e-18
-0.11941434
-0.072168784
-0.024923225
-0.14433757
-0.14433757
-0.14433757
-0.14433757
-0.14433757
-0.14433757
6.5073306e-19
1.3145951e-18
9.7578196e-19
8.0628272e-19
5.7894702e-19
-1.1993987e-18
-0.14433757
-0.14433757
-0.14433757
5.2854856e-19
-5.4379515e-19
-6.505213e-19
-0.11941434
-0.072168784
-0.024923225
-0.14433757
-0.14433757
-0.14433757
-6.0867258e-20
4.8026768e-19
4.3368087e-19
-0.14433757
-0.14433757
-0.14433757
-0.11941434
-0.072168784
-0.024923225
-0.11941434
-0.072168784
-0.024923225
-0.11941434
-0.072168784
-0.024923225
-0.11941434
-0.072168784
-0.024923225
-0.11941434
-0.072168784
-0.024923225
-0.11941434
-0.072168784
-0.024923225
-4.2677846e-19
6.1403064e-20
2.0394965e-20
-2.2361649e-19
-2.7273137e-19
1.6601846e-19
-1.2175933e-19
-5.0821977e-19
-1.3129011e-18
-0.024923225
-0.072168784
-0.11941434
-0.024923225
-0.072168784
-0.11941434
-0.024923225
-0.072168784
-0.11941434
-0.14433757
-0.14433757
-0.14433757
-0.14433757
-0.14433757
-0.14433757
-0.14433757
-0.14433757
-0.14433757
-0.11941434
-0.072168784
-0.024923225
-0.11941434
-0.072168784
-0.024923225
-0.11941434
-0.072168784
-0.024923225
-0.26375191
-0.21650635
-0.16926079
-0.26375191
-0.21650635
-0.16926079
-0.26375191
-0.21650635
-0.16926079
-0.26375191
-0.21650635
-0.16926079
-0.26375191
-0.21650635
-0.16926079
-0.26375191
-0.21650635
-0.16926079
-0.14433757
-0.14433757
-0.14433757
-0.14433757
-0.14433757
-0.14433757
-0.14433757
-0.14433757
-0.14433757
-0.16926079
-0.21650635
-0.26375191
-0.16926079
-0.21650635
-0.26375191
-0.16926079
-0.21650635
-0.26375191
-0.28867513
-0.28867513
-0.28867513
-0.28867513
-0.28867513
-0.28867513
-0.28867513
-0.28867513
-0.28867513
-0.26375191
-0.21650635
-0.16926079
-0.26375191
-0.21650635
-0.16926079
-0.26375191
-0.21650635
-0.16926079
-0.11941434
-0.072168784
-0.024923225
-0.11941434
-0.072168784
-0.024923225
-0.11941434
-0.072168784
-0.024923225
-3.2517462e-19
5.4290841e-19
6.4369375e-19
5.4972438e-19
6.4800667e-19
8.6566767e-19
-1.6127507e-18
1.0774259e-18
-6.7762636e-19
-0.024923225
-0.072168784
-0.11941434
-0.024923225
-0.072168784
-0.11941434
-0.024923225
-0.072168784
-0.11941434
-0.11941434
-0.072168784
-0.024923225
-0.11941434
-0.072168784
-0.024923225
-0.11941434
-0.072168784
-0.024923225
-0.11941434
-0.072168784
-0.024923225
-0.11941434
-0.072168784
-0.024923225
-0.11941434
-0.072168784
-0.024923225
-2.5073697e-18
2.1506779e-19
-1.5589046e-19
8.4449102e-19
-5.3532482e-19
-2.1302879e-19
1.0875903e-18
1.3556762e-18
1.1011428e-18
-0.024923225
-0.072168784
-0.11941434
-0.024923225
-0.072168784
-0.11941434
-0.024923225
-0.072168784
-0.11941434
-0.14433757
-0.14433757
-0.14433757
-0.14433757
-0.14433757
-0.14433757
-0.14433757
-0.14433757
-0.14433757
-0.11941434
-0.072168784
-0.024923225
-0.11941434
-0.072168784
-0.024923225
-0.11941434
-0.072168784
-0.024923225
-0.11941434
-0.072168784
-0.024923225
-0.11941434
-0.072168784
-0.024923225
-0.11941434
-0.072168784
-0.024923225
-1.8952357e-19
-6.723324e-21
-8.6746762e-19
1.0672615e-19
1.8888835e-19
-1.1858461e-19
4.3362793e-19
8.4703295e-19
-2.3852448e-18
-0.024923225
-0.072168784
-0.11941434
-0.024923225
-0.072168784
-0.11941434
-0.024923225
-0.072168784
-0.11941434
-0.14433757
-0.14433757
-0.14433757
-0.14433757
-0.14433757
-0.14433757
-0.14433757
-0.14433757
-0.14433757
-0.11941434
-0.072168784
-0.024923225
-0.11941434
-0.072168784
-0.024923225
-0.11941434
-0.072168784
-0.024923225
-0.11941434
-0.072168784
-0.024923225
-0.11941434
-0.072168784
-0.024923225
-0.11941434
-0.072168784
-0.024923225
-4.0551744e-19
9.4683229e-20
-3.0159667e-19
8.3353253e-19
3.9214978e-19
3.2208428e-19
-1.612754e-18
3.3860142e-19
1.8702487e-18
-0.024923225
-0.072168784
-0.11941434
-0.024923225
-0.072168784
-0.11941434
-0.024923225
-0.072168784
-0.11941434
-0.14433757
-0.14433757
-0.14433757
-0.14433757
-0.14433757
-0.14433757
-0.14433757
-0.14433757
-0.14433757
-0.11941434
-0.072168784
-0.024923225
-0.11941434
-0.072168784
-0.024923225
-0.11941434
-0.072168784
-0.024923225
5.4227313e-19
1.951961e-18
1.0331684e-18
4.6671515e-19
1.3043778e-18
5.4930087e-19
-8.8090765e-19
3.1170812e-19
5.4210109e-19
-0.024923225
-0.072168784
-0.11941434
-0.024923225
-0.072168784
-0.11941434
-0.024923225
-0.072168784
-0.11941434
-0.14433757
-0.14433757
-0.14433757
-0.14433757
-0.14433757
-0.14433757
-0.14433757
-0.14433757
-0.14433757
-0.11941434
-0.072168784
-0.024923225
-0.11941434
-0.072168784
-0.024923225
-0.11941434
-0.072168784
-0.024923225
-0.11941434
-0.072168784
-0.024923225
-0.11941434
-0.072168784
-0.024923225
-0.11941434
-0.072168784
-0.024923225
-0.11941434
-0.072168784
-0.024923225
-0.11941434
-0.072168784
-0.024923225
-0.11941434
-0.072168784
-0.024923225
-0.11941434
-0.072168784
-0.024923225
-0.11941434
-0.072168784
-0.024923225
-0.11941434
-0.072168784
-0.024923225
-0.26375191
-0.21650635
-0.16926079
-0.26375191
-0.21650635
-0.16926079
-0.26375191
-0.21650635
-0.16926079
-0.26375191
-0.21650635
-0.16926079
-0.26375191
-0.21650635
-0.16926079
-0.26375191
-0.21650635
-0.16926079
-0.26375191
-0.21650635
-0.16926079
-0.26375191
-0.21650635
-0.16926079
-0.26375191
-0.21650635
-0.16926079
-0.11941434
-0.072168784
-0.024923225
-0.11941434
-0.072168784
-0.024923225
-0.11941434
-0.072168784
-0.024923225
-0.11941434
-0.072168784
-0.024923225
-0.11941434
-0.072168784
-0.024923225
-0.11941434
-0.072168784
-0.024923225
-0.11941434
-0.072168784
-0.024923225
-0.11941434
-0.072168784
-0.024923225
-0.11941434
-0.072168784
-0.024923225
-0.11941434
-0.072168784
-0.024923225
-0.11941434
-0.072168784
-0.024923225
-0.11941434
-0.072168784
-0.024923225
-0.11941434
-0.072168784
-0.024923225
-0.11941434
-0.072168784
-0.024923225
-0.11941434
-0.072168784
-0.024923225
-0.11941434
-0.072168784
-0.024923225
-0.11941434
-0.072168784
-0.024923225
-0.11941434
-0.072168784
-0.024923225
-0.11941434
-0.072168784
-0.024923225
-0.11941434
-0.072168784
-0.024923225
-0.11941434
-0.072168784
-0.024923225
-0.11941434
-0.072168784
-0.024923225
-0.11941434
-0.072168784
-0.024923225
-0.11941434
-0.072168784
-0.024923225
-0.11941434
-0.072168784
-0.024923225
-0.11941434
-0.072168784
-0.024923225
-0.11941434
-0.072168784
-0.024923225
-0.11941434
-0.072168784
-0.024923225
-0.11941434
-0.072168784
-0.024923225
-0.11941434
-0.072168784
-0.024923225
-0.11941434
-0.072168784
-0.024923225
-0.11941434
-0.072168784
-0.024923225
-0.11941434
-0.072168784
-0.024923225
-0.11941434
-0.072168784
-0.024923225
-0.11941434
-0.072168784
-0.024923225
-0.11941434
-0.072168784
-0.024923225
-0.11941434
-0.072168784
-0.024923225
-0.11941434
-0.072168784
-0.024923225
-0.11941434
-0.072168784
-0.024923225
-0.11941434
-0.072168784
-0.024923225
-0.11941434
-0.072168784
-0.024923225
-0.11941434
-0.072168784
-0.024923225
-0.11941434
-0.072168784
-0.024923225
-0.11941434
-0.072168784
-0.024923225
-0.11941434
-0.072168784
-0.024923225
-0.28867513
-0.28867513
-0.28867513
-0.28867513
-0.28867513
-0.28867513
0.28867513
0.28867513
0.28867513
0.28867513
-2.1684043e-18
-0.14433757
-1.9515639e-18
-0.14433757
-0.14433757
-0.14433757
-5.6242988e-19
-3.6930637e-19
0.14433757
0.14433757
-0.14433757
-0.14433757
9.9611075e-19
0
0.14433757
0.14433757
-0.14433757
-0.14433757
-1.4433441e-18
-4.8789098e-19
-0.28867513
-0.28867513
-0.28867513
-0.26375191
-0.21650635
-0.16926079
-0.14433757
-0.14433757
-0.14433757
-0.26375191
-0.21650635
-0.16926079
-0.28867513
-0.28867513
-0.28867513
-0.26375191
-0.21650635
-0.16926079
-0.14433757
-0.14433757
-0.14433757
-0.26375191
-0.21650635
-0.16926079
-0.28867513
-0.28867513
-0.28867513
-0.28867513
-0.28867513
-0.28867513
-0.14433757
-0.14433757
-0.14433757
-0.14433757
-0.14433757
-0.14433757
-0.14433757
-0.14433757
-0.14433757
-0.11941434
-0.072168784
-0.024923225
2.7362738e-18
-1.3925222e-18
3.933621e-18
-0.024923225
-0.072168784
-0.11941434
-0.14433757
-0.14433757
-0.14433757
-0.11941434
-0.072168784
-0.024923225
-1.4605098e-18
1.9577049e-18
9.6561756e-19
-0.024923225
-0.072168784
-0.11941434
-0.14433757
-0.14433757
-0.14433757
4.5468828e-18
8.483035e-19
-4.3232562e-18
1.5179889e-18
-8.8091427e-19
9.2157185e-19
-0.11941434
-0.072168784
-0.024923225
-1.4007377e-18
4.6749866e-18
-2.3716923e-20
-0.11941434
-0.072168784
-0.024923225
1.1849756e-17
7.3721513e-18
2.4462312e-18
1.7480808e-18
4.6078592e-19
-2.0650663e-18
0.024923225
0.072168784
0.11941434
0.14433757
0.14433757
0.14433757
0.024923225
0.072168784
0.11941434
0.024923225
0.072168784
0.11941434
0.14433757
0.14433757
0.14433757
0.024923225
0.072168784
0.11941434
0.14433757
0.14433757
0.14433757
0.14433757
0.14433757
0.14433757
0.26375191
0.21650635
0.16926079
0.28867513
0.28867513
0.28867513
0.26375191
0.21650635
0.16926079
0.26375191
0.21650635
0.16926079
0.28867513
0.28867513
0.28867513
0.26375191
0.21650635
0.16926079
0.28867513
0.28867513
0.28867513
0.28867513
0.28867513
0.28867513
-0.28867513
-0.28867513
-0.28867513
-0.26375191
-0.21650635
-0.16926079
-0.14433757
-0.14433757
-0.14433757
-0.26375191
-0.21650635
-0.16926079
-0.28867513
-0.28867513
-0.28867513
-0.28867513
-0.28867513
-0.28867513
-0.14433757
-0.14433757
-0.14433757
-0.14433757
-0.14433757
-0.14433757
-0.11941434
-0.072168784
-0.024923225
-1.4325445e-19
5.4328693e-18
2.5614276e-18
-0.11941434
-0.072168784
-0.024923225
8.0667977e-19
-1.8168857e-18
8.1315163e-19
-1.8705267e-18
2.1188529e-18
1.1587411e-18
-0.16926079
-0.16926079
-0.16926079
-0.21650635
-0.21650635
-0.21650635
-0.26375191
-0.26375191
-0.26375191
-0.28867513
-0.28867513
-0.28867513
-0.28867513
-0.28867513
-0.28867513
-0.28867513
-0.28867513
-0.28867513
-0.26375191
-0.21650635
-0.16926079
-0.26375191
-0.21650635
-0.16926079
-0.26375191
-0.21650635
-0.16926079
-0.14433757
-0.14433757
-0.14433757
-0.14433757
-0.14433757
-0.14433757
-0.14433757
-0.14433757
-0.14433757
-0.16926079
-0.21650635
-0.26375191
-0.16926079
-0.21650635
-0.26375191
-0.16926079
-0.21650635
-0.26375191
-0.26375191
-0.26375191
-0.26375191
-0.21650635
-0.21650635
-0.21650635
-0.16926079
-0.16926079
-0.16926079
-0.024923225
-0.024923225
-0.024923225
-0.072168784
-0.072168784
-0.072168784
-0.11941434
-0.11941434
-0.11941434
-0.14433757
-0.14433757
-0.14433757
-0.14433757
-0.14433757
-0.14433757
-0.14433757
-0.14433757
-0.14433757
-0.11941434
-0.072168784
-0.024923225
-0.11941434
-0.072168784
-0.024923225
-0.11941434
-0.072168784
-0.024923225
-3.455734e-18
6.8321189e-20
-1.2813479e-18
-2.7585746e-18
-3.6799346e-18
-4.9896467e-18
1.4746844e-18
3.5812553e-18
4.2720768e-18
-0.024923225
-0.072168784
-0.11941434
-0.024923225
-0.072168784
-0.11941434
-0.024923225
-0.072168784
-0.11941434
-0.11941434
-0.11941434
-0.11941434
-0.072168784
-0.072168784
-0.072168784
-0.024923225
-0.024923225
-0.024923225
-0.024923225
-0.024923225
-0.024923225
-0.072168784
-0.072168784
-0.072168784
-0.11941434
-0.11941434
-0.11941434
-0.11941434
-0.072168784
-0.024923225
-0.11941434
-0.072168784
-0.024923225
-0.11941434
-0.072168784
-0.024923225
3.1510949e-19
-1.1124206e-18
-1.2000741e-18
-1.5224358e-18
-1.6636786e-18
-1.1707203e-18
-3.8167305e-18
2.556769e-18
1.3776859e-18
-0.11941434
-0.11941434
-0.11941434
-0.072168784
-0.072168784
-0.072168784
-0.024923225
-0.024923225
-0.024923225
0.11941434
0.11941434
0.11941434
0.072168784
0.072168784
0.072168784
0.024923225
0.024923225
0.024923225
0.024923225
0.072168784
0.11941434
0.024923225
0.072168784
0.11941434
0.024923225
0.072168784
0.11941434
0.14433757
0.14433757
0.14433757
0.14433757
0.14433757
0.14433757
0.14433757
0.14433757
0.14433757
0.11941434
0.072168784
0.024923225
0.11941434
0.072168784
0.024923225
0.11941434
0.072168784
0.024923225
0.024923225
0.024923225
0.024923225
0.072168784
0.072168784
0.072168784
0.11941434
0.11941434
0.11941434
0.26375191
0.26375191
0.26375191
0.21650635
0.21650635
0.21650635
0.16926079
0.16926079
0.16926079
0.16926079
0.21650635
0.26375191
0.16926079
0.21650635
0.26375191
0.16926079
0.21650635
0.26375191
0.28867513
0.28867513
0.28867513
0.28867513
0.28867513
0.28867513
0.28867513
0.28867513
0.28867513
0.26375191
0.21650635
0.16926079
0.26375191
0.21650635
0.16926079
0.26375191
0.21650635
0.16926079
0.16926079
0.16926079
0.16926079
0.21650635
0.21650635
0.21650635
0.26375191
0.26375191
0.26375191
-0.28867513
-0.28867513
-0.28867513
-0.28867513
-0.28867513
-0.28867513
-0.28867513
-0.28867513
-0.28867513
-0.26375191
-0.21650635
-0.16926079
-0.26375191
-0.21650635
-0.16926079
-0.26375191
-0.21650635
-0.16926079
-0.14433757
-0.14433757
-0.14433757
-0.14433757
-0.14433757
-0.14433757
-0.14433757
-0.14433757
-0.14433757
-0.16926079
-0.21650635
-0.26375191
-0.16926079
-0.21650635
-0.26375191
-0.16926079
-0.21650635
-0.26375191
-0.26375191
-0.26375191
-0.26375191
-0.21650635
-0.21650635
-0.21650635
-0.16926079
-0.16926079
-0.16926079
-0.11941434
-0.072168784
-0.024923225
-0.11941434
-0.072168784
-0.024923225
-0.11941434
-0.072168784
-0.024923225
-4.4824256e-18
3.7959467e-18
1.4793501e-18
-2.2564958e-18
6.5229478e-18
5.2382949e-19
-9.8255822e-19
1.8808367e-18
6.4769565e-18
-0.024923225
-0.072168784
-0.11941434
-0.024923225
-0.072168784
-0.11941434
-0.024923225
-0.072168784
-0.11941434
-0.11941434
-0.11941434
-0.11941434
-0.072168784
-0.072168784
-0.072168784
-0.024923225
-0.024923225
-0.024923225
-0.26375191
-0.26375191
-0.26375191
-0.21650635
-0.21650635
-0.21650635
-0.16926079
-0.16926079
-0.16926079
-0.26375191
-0.26375191
-0.26375191
-0.21650635
-0.21650635
-0.21650635
-0.16926079
-0.16926079
-0.16926079
-0.26375191
-0.26375191
-0.26375191
-0.21650635
-0.21650635
-0.21650635
-0.16926079
-0.16926079
-0.16926079
-0.11941434
-0.11941434
-0.11941434
-0.072168784
-0.072168784
-0.072168784
-0.024923225
-0.024923225
-0.024923225
-0.11941434
-0.11941434
-0.11941434
-0.072168784
-0.072168784
-0.072168784
-0.024923225
-0.024923225
-0.024923225
-0.11941434
-0.11941434
-0.11941434
-0.072168784
-0.072168784
-0.072168784
-0.024923225
-0.024923225
-0.024923225
-0.11941434
-0.11941434
-0.11941434
-0.072168784
-0.072168784
-0.072168784
-0.024923225
-0.024923225
-0.024923225
-0.11941434
-0.11941434
-0.11941434
-0.072168784
-0.072168784
-0.072168784
-0.024923225
-0.024923225
-0.024923225
-0.11941434
-0.11941434
-0.11941434
-0.072168784
-0.072168784
-0.072168784
-0.024923225
-0.024923225
-0.024923225
0.024923225
0.024923225
0.024923225
0.072168784
0.072168784
0.072168784
0.11941434
0.11941434
0.11941434
0.024923225
0.024923225
0.024923225
0.072168784
0.072168784
0.072168784
0.11941434
0.11941434
0.11941434
0.024923225
0.024923225
0.024923225
0.072168784
0.072168784
0.072168784
0.11941434
0.11941434
0.11941434
0.16926079
0.16926079
0.16926079
0.21650635
0.21650635
0.21650635
0.26375191
0.26375191
0.26375191
0.16926079
0.16926079
0.16926079
0.21650635
0.21650635
0.21650635
0.26375191
0.26375191
0.26375191
0.16926079
0.16926079
0.16926079
0.21650635
0.21650635
0.21650635
0.26375191
0.26375191
0.26375191
-0.26375191
-0.26375191
-0.26375191
-0.21650635
-0.21650635
-0.21650635
-0.16926079
-0.16926079
-0.16926079
-0.26375191
-0.26375191
-0.26375191
-0.21650635
-0.21650635
-0.21650635
-0.16926079
-0.16926079
-0.16926079
-0.26375191
-0.26375191
-0.26375191
-0.21650635
-0.21650635
-0.21650635
-0.16926079
-0.16926079
-0.16926079
-0.11941434
-0.11941434
-0.11941434
-0.072168784
-0.072168784
-0.072168784
-0.024923225
-0.024923225
-0.024923225
-0.11941434
-0.11941434
-0.11941434
-0.072168784
-0.072168784
-0.072168784
-0.024923225
-0.024923225
-0.024923225
-0.11941434
-0.11941434
-0.11941434
-0.072168784
-0.072168784
-0.072168784
-0.024923225
-0.024923225
-0.024923225
-0.14433757
-0.14433757
7.5894152e-19
-2.1684043e-19
0.14433757
0.14433757
-0.14433757
-0.14433757
-2.1684043e-19
7.5894152e-19
-0.14433757
-0.14433757
-2.1684043e-19
7.5894152e-19
-0.14433757
-0.14433757
-0.14433757
-0.14433757
-0.14433757
-0.14433757
-5.2244992e-18
7.5216526e-19
-7.3861273e-19
-5.2041704e-18
-7.5148763e-18
-1.5314356e-18
0.14433757
0.14433757
0.14433757
0.14433757
-0.14433757
-0.14433757
-0.14433757
-0.14433757
-0.14433757
-0.14433757
-0.14433757
-0.14433757
-0.14433757
-0.14433757
-0.14433757
-0.14433757
1.0021141e-17
8.7684851e-18
-9.2157185e-19
1.7287717e-17
6.087414e-18
-9.8899567e-18
-8.6149206e-20
2.0186913e-18
-6.6407383e-18
1.8460938e-17
2.8955821e-18
-6.8101449e-18
-0.11941434
-0.072168784
-0.024923225
-0.11941434
-0.072168784
-0.024923225
-0.11941434
-0.072168784
-0.024923225
-0.11941434
-0.072168784
-0.024923225
-0.14433757
-0.14433757
-0.14433757
-0.14433757
-0.14433757
-0.14433757
-0.14433757
-0.14433757
-0.14433757
-0.14433757
-0.14433757
-0.14433757
8.5947805e-18
6.6682669e-18
-9.7273264e-18
2.5334855e-18
-2.2055467e-17
6.7118891e-18
-7.532042e-18
7.6508251e-19
-1.3345851e-17
-9.2157185e-19
8.7684851e-18
1.0021141e-17
-0.11941434
-0.072168784
-0.024923225
-0.11941434
-0.072168784
-0.024923225
-0.11941434
-0.072168784
-0.024923225
-0.14433757
-0.14433757
-0.14433757
-0.14433757
-0.14433757
-0.14433757
-1.1364833e-17
5.7390717e-18
-1.4967072e-17
1.4037255e-19
-2.7109289e-18
1.1451885e-18
-0.11941434
-0.072168784
-0.024923225
-0.14433757
-0.14433757
-0.14433757
-0.14433757
-0.14433757
-0.14433757
-0.14433757
-0.14433757
-0.14433757
1.3555809e-17
-1.3106141e-17
-8.2873704e-18
-5.9979462e-18
-1.1047004e-17
5.1635128e-18
-3.7708451e-18
1.9490652e-17
-6.5390944e-18
-0.11941434
-0.072168784
-0.024923225
-0.11941434
-0.072168784
-0.024923225
-0.14433757
-0.14433757
-0.14433757
-0.14433757
-0.14433757
-0.14433757
-0.14433757
-0.14433757
-0.14433757
-1.8268807e-17
-7.6029677e-18
1.0707449e-17
-9.2157185e-19
8.7684851e-18
1.0021141e-17
-1.7618285e-18
4.5129915e-18
-8.846465e-18
-0.11941434
-0.072168784
-0.024923225
-0.11941434
-0.072168784
-0.024923225
0.14433757
0.14433757
0.14433757
0.14433757
0.14433757
0.14433757
0.14433757
0.14433757
0.14433757
0.14433757
0.14433757
0.14433757
0.024923225
0.072168784
0.11941434
0.024923225
0.072168784
0.11941434
0.024923225
0.072168784
0.11941434
0.024923225
0.072168784
0.11941434
0.14433757
0.14433757
0.14433757
0.14433757
0.14433757
0.14433757
0.14433757
0.14433757
0.14433757
0.024923225
0.072168784
0.11941434
0.024923225
0.072168784
0.11941434
-0.14433757
-0.14433757
-0.14433757
-0.14433757
-0.14433757
-0.14433757
-0.14433757
-0.14433757
-0.14433757
-0.11941434
-0.11941434
-0.11941434
-0.072168784
-0.072168784
-0.072168784
-0.024923225
-0.024923225
-0.024923225
-0.11941434
-0.11941434
-0.11941434
-0.072168784
-0.072168784
-0.072168784
-0.024923225
-0.024923225
-0.024923225
-0.11941434
-0.11941434
-0.11941434
-0.072168784
-0.072168784
-0.072168784
-0.024923225
-0.024923225
-0.024923225
-0.11941434
-0.11941434
-0.11941434
-0.072168784
-0.072168784
-0.072168784
-0.024923225
-0.024923225
-0.024923225
2.7891087e-18
-2.5772175e-18
1.981172e-18
-7.9923225e-20
9.3376647e-18
1.1060556e-17
-1.7814277e-18
-5.5533598e-19
1.0122891e-17
-0.14433757
-0.14433757
-0.14433757
-0.14433757
-0.14433757
-0.14433757
-0.14433757
-0.14433757
-0.14433757
-0.11941434
-0.11941434
-0.11941434
-0.072168784
-0.072168784
-0.072168784
-0.024923225
-0.024923225
-0.024923225
-0.11941434
-0.11941434
-0.11941434
-0.072168784
-0.072168784
-0.072168784
-0.024923225
-0.024923225
-0.024923225
-0.11941434
-0.11941434
-0.11941434
-0.072168784
-0.072168784
-0.072168784
-0.024923225
-0.024923225
-0.024923225
-0.11941434
-0.11941434
-0.11941434
-0.072168784
-0.072168784
-0.072168784
-0.024923225
-0.024923225
-0.024923225
-5.086154e-19
-2.2848823e-18
-2.3252626e-18
-1.9749223e-17
1.8046434e-17
-1.0923972e-17
-4.9230961e-18
1.3938986e-17
-3.3373098e-19
-0.14433757
-0.14433757
-0.14433757
-0.14433757
-0.14433757
-0.14433757
-0.14433757
-0.14433757
-0.14433757
-0.11941434
-0.11941434
-0.11941434
-0.072168784
-0.072168784
-0.072168784
-0.024923225
-0.024923225
-0.024923225
-0.11941434
-0.11941434
-0.11941434
-0.072168784
-0.072168784
-0.072168784
-0.024923225
-0.024923225
-0.024923225
3.9287368e-18
-1.7979282e-17
9.5197884e-18
-1.0196703e-17
-8.9023957e-18
2.5855681e-18
-1.8246373e-17
3.1396335e-18
-4.7213616e-18
-0.14433757
-0.14433757
-0.14433757
-0.14433757
-0.14433757
-0.14433757
-0.14433757
-0.14433757
-0.14433757
-0.11941434
-0.11941434
-0.11941434
-0.072168784
-0.072168784
-0.072168784
-0.024923225
-0.024923225
-0.024923225
-0.11941434
-0.11941434
-0.11941434
-0.072168784
-0.072168784
-0.072168784
-0.024923225
-0.024923225
-0.024923225
-0.11941434
-0.11941434
-0.11941434
-0.072168784
-0.072168784
-0.072168784
-0.024923225
-0.024923225
-0.024923225
1.5638631e-17
2.0575431e-18
1.7514755e-18
2.6991915e-17
1.6879249e-18
1.3830354e-17
1.8091479e-17
-4.3673019e-18
-2.6861109e-17
-0.14433757
-0.14433757
-0.14433757
-0.14433757
-0.14433757
-0.14433757
-0.14433757
-0.14433757
-0.14433757
-0.11941434
-0.11941434
-0.11941434
-0.072168784
-0.072168784
-0.072168784
-0.024923225
-0.024923225
-0.024923225
-0.11941434
-0.11941434
-0.11941434
-0.072168784
-0.072168784
-0.072168784
-0.024923225
-0.024923225
-0.024923225
-0.11941434
-0.11941434
-0.11941434
-0.072168784
-0.072168784
-0.072168784
-0.024923225
-0.024923225
-0.024923225
-1.6917857e-18
-1.7573869e-17
-1.1710892e-17
4.4820219e-18
-4.0022307e-19
8.1111875e-18
-4.4006538e-18
-7.8638539e-18
-6.1799524e-18
0.024923225
0.024923225
0.024923225
0.072168784
0.072168784
0.072168784
0.11941434
0.11941434
0.11941434
0.024923225
0.024923225
0.024923225
0.072168784
0.072168784
0.072168784
0.11941434
0.11941434
0.11941434
0.024923225
0.024923225
0.024923225
0.072168784
0.072168784
0.072168784
0.11941434
0.11941434
0.11941434
0.024923225
0.024923225
0.024923225
0.072168784
0.072168784
0.072168784
0.11941434
0.11941434
0.11941434
0.14433757
0.14433757
0.14433757
0.14433757
0.14433757
0.14433757
0.14433757
0.14433757
0.14433757
0.024923225
0.024923225
0.024923225
0.072168784
0.072168784
0.072168784
0.11941434
0.11941434
0.11941434
0.024923225
0.024923225
0.024923225
0.072168784
0.072168784
0.072168784
0.11941434
0.11941434
0.11941434
0.024923225
0.024923225
0.024923225
0.072168784
0.072168784
0.072168784
0.11941434
0.11941434
0.11941434
0.14433757
0.14433757
0.14433757
0.14433757
0.14433757
0.14433757
0.14433757
0.14433757
0.14433757
-0.11941434
-0.11941434
-0.11941434
-0.11941434
-0.11941434
-0.11941434
-0.11941434
-0.11941434
-0.11941434
-0.072168784
-0.072168784
-0.072168784
-0.072168784
-0.072168784
-0.072168784
-0.072168784
-0.072168784
-0.072168784
-0.024923225
-0.024923225
-0.024923225
-0.024923225
-0.024923225
-0.024923225
-0.024923225
-0.024923225
-0.024923225
-0.11941434
-0.11941434
-0.11941434
-0.11941434
-0.11941434
-0.11941434
-0.11941434
-0.11941434
-0.11941434
-0.072168784
-0.072168784
-0.072168784
-0.072168784
-0.072168784
-0.072168784
-0.072168784
-0.072168784
-0.072168784
-0.024923225
-0.024923225
-0.024923225
-0.024923225
-0.024923225
-0.024923225
-0.024923225
-0.024923225
-0.024923225
-0.11941434
-0.11941434
-0.11941434
-0.11941434
-0.11941434
-0.11941434
-0.11941434
-0.11941434
-0.11941434
-0.072168784
-0.072168784
-0.072168784
-0.072168784
-0.072168784
-0.072168784
-0.072168784
-0.072168784
-0.072168784
-0.024923225
-0.024923225
-0.024923225
-0.024923225
-0.024923225
-0.024923225
-0.024923225
-0.024923225
-0.024923225
-0.11941434
-0.11941434
-0.11941434
-0.11941434
-0.11941434
-0.11941434
-0.11941434
-0.11941434
-0.11941434
-0.072168784
-0.072168784
-0.072168784
-0.072168784
-0.072168784
-0.072168784
-0.072168784
-0.072168784
-0.072168784
-0.024923225
-0.024923225
-0.024923225
-0.024923225
-0.024923225
-0.024923225
-0.024923225
-0.024923225
-0.024923225
-0.11941434
-0.11941434
-0.11941434
-0.11941434
-0.11941434
-0.11941434
-0.11941434
-0.11941434
-0.11941434
-0.072168784
-0.072168784
-0.072168784
-0.072168784
-0.072168784
-0.072168784
-0.072168784
-0.072168784
-0.072168784
-0.024923225
-0.024923225
-0.024923225
-0.024923225
-0.024923225
-0.024923225
-0.024923225
-0.024923225
-0.024923225
0.024923225
0.024923225
0.024923225
0.024923225
0.024923225
0.024923225
0.024923225
0.024923225
0.024923225
0.072168784
0.072168784
0.072168784
0.072168784
0.072168784
0.072168784
0.072168784
0.072168784
0.072168784
0.11941434
0.11941434
0.11941434
0.11941434
0.11941434
0.11941434
0.11941434
0.11941434
0.11941434
0.024923225
0.024923225
0.024923225
0.024923225
0.024923225
0.024923225
0.024923225
0.024923225
0.024923225
0.072168784
0.072168784
0.072168784
0.072168784
0.072168784
0.072168784
0.072168784
0.072168784
0.072168784
0.11941434
0.11941434
0.11941434
0.11941434
0.11941434
0.11941434
0.11941434
0.11941434
0.11941434
