MFEM mesh v1.0

#
# MFEM Geometry Types (see mesh/geom.hpp):
#
# POINT       = 0
# SEGMENT     = 1
# TRIANGLE    = 2
# SQUARE      = 3
# TETRAHEDRON = 4
# CUBE        = 5
#

dimension
3

elements
7
1 5 2 4 16 10 3 6 23 13
1 5 4 5 17 16 6 7 24 23
1 5 10 16 19 9 13 23 26 12
1 5 16 17 20 19 23 24 27 26
1 5 17 18 21 20 24 25 28 27
1 5 9 19 22 8 12 26 29 11
1 5 6 7 24 23 0 1 15 14

boundary
28
1 3 2 4 6 3
1 3 4 5 7 6
1 3 6 7 1 0
31 3 10 16 4 2
31 3 16 17 5 4
31 3 9 19 16 10
31 3 19 20 17 16
31 3 20 21 18 17
31 3 8 22 19 9
31 3 10 2 3 13
31 3 3 6 23 13
31 3 5 17 24 7
31 3 17 18 25 24
31 3 9 10 13 12
31 3 13 23 26 12
31 3 20 19 26 27
31 3 23 24 27 26
31 3 18 21 28 25
31 3 21 20 27 28
31 3 24 25 28 27
31 3 19 22 29 26
31 3 22 8 11 29
31 3 8 9 12 11
31 3 12 26 29 11
31 3 23 6 0 14
31 3 7 24 15 1
31 3 24 23 14 15
31 3 0 1 15 14

vertices
30

nodes
FiniteElementSpace
FiniteElementCollection: H1_3D_P4
VDim: 3
Ordering: 0

-0.31000795
-3.1225023e-17
-0.70710678
-0.67227043
-0.39717735
1.0842022e-18
-0.37298049
-1.3010426e-18
-0.38463884
-0.48603889
-0.59335069
-0.37864925
-0.47240707
-0.57019239
-0.26592163
2.9273459e-18
-0.3224644
1.2624179e-17
0.3224644
-0.25629728
-5.4210109e-20
0.25605782
-0.19728907
-0.30722904
5.9089018e-18
0.30721416
-0.24775119
-1.0842022e-19
0.2473562
-0.19368993
-0.66207707
-0.56663459
-0.45868172
-0.38359477
-0.35865241
-0.33471103
-0.55184515
-0.4667897
-0.37407891
-0.68697873
-0.64938746
-0.6125172
-0.6278812
-0.53501952
-0.4314642
-0.36113607
-0.33926012
-0.31810788
-0.52936069
-0.44639856
-0.35681328
-0.65432542
-0.62067735
-0.58750416
-0.70604267
-0.69823377
-0.68307557
-0.39642918
-0.39095644
-0.38042078
-0.32199842
-0.31857997
-0.31195018
-0.59264872
-0.58748697
-0.57741475
-0.33291588
-0.20490947
-0.071432212
3.2288896e-18
1.1071991e-17
1.8048578e-17
-0.26924508
-0.16481389
-0.05729151
-0.31218017
-0.19175207
-0.066774181
-5.6073316e-18
2.3877859e-18
1.2048197e-17
-0.25627281
-0.15665737
-0.054417567
-2.5410988e-21
-1.9515639e-18
-1.9515639e-18
1.1127287e-17
1.520763e-17
1.4325021e-17
-0.31047167
-0.28840695
-0.26717658
-0.4492025
-0.37588867
-0.29851333
-0.50413239
-0.53892397
-0.57437618
-0.2965368
-0.2767634
-0.25761269
-0.43609876
-0.3642077
-0.28876571
-0.48899717
-0.52078024
-0.55300856
-0.25603842
-0.25413461
-0.25041783
-0.4856287
-0.48260673
-0.47668054
1.3918452e-17
1.311927e-17
-8.097635e-19
-0.21326717
-0.1299233
-0.045051695
3.8759963e-18
8.8379418e-18
4.4587814e-18
-0.20603062
-0.12540839
-0.043467228
1.1651997e-18
4.857734e-18
2.5546514e-18
0.05729151
0.16481389
0.26924508
0.31046137
0.28836607
0.26704075
0.045051695
0.12988572
0.21312161
0.054417567
0.15665737
0.25626493
0.29650803
0.27667355
0.25736765
0.043467228
0.12534416
0.20578306
0.32199842
0.31857997
0.31193974
0.2557952
0.2538621
0.25007894
-0.24563076
-0.22597295
-0.20701788
-0.35339144
-0.29278126
-0.23061039
-0.40174699
-0.43463085
-0.46812151
-0.23805083
-0.22009081
-0.20267041
-0.34768534
-0.28777162
-0.22648244
-0.39456189
-0.42504043
-0.455937
-0.19718101
-0.19638441
-0.19481997
-0.38445987
-0.38313893
-0.38053624
-0.25848698
-0.15792154
-0.054840668
6.4987544e-18
-1.5043305e-18
8.3483567e-18
-0.22122909
-0.13473355
-0.046712443
-0.30225771
-0.2877255
-0.27339838
-0.32278198
-0.34512795
-0.36435579
-2.2551405e-17
-1.6046192e-17
-1.2153229e-17
4.8789098e-19
9.3512437e-19
4.5536491e-18
-0.27450123
-0.28926139
-0.30171525
-0.57031435
-0.48335598
-0.38799889
-0.6059608
-0.51551365
-0.41515227
-0.6424645
-0.54869826
-0.44335776
-0.6610298
-0.56566212
-0.45784149
-0.65334976
-0.55853883
-0.45169272
-0.63846807
-0.54477698
-0.43984281
-0.38290171
-0.35805614
-0.33420229
-0.37782943
-0.35368804
-0.33047204
-0.36805159
-0.34524687
-0.32324632
-0.37355141
-0.46616835
-0.55116224
-0.36968063
-0.46160566
-0.54614326
-0.36216784
-0.45273421
-0.53636295
-0.61175802
-0.64851389
-0.68598265
-0.60617749
-0.64209671
-0.67867041
-0.59529774
-0.62960702
-0.66446322
-0.61047448
-0.51922515
-0.41806085
-0.57793621
-0.48985902
-0.39325467
-0.54598479
-0.46122132
-0.36920602
-0.27964793
-0.17133491
-0.059585834
-0.30002305
-0.18414088
-0.064097608
-0.32130396
-0.19756423
-0.068835703
-0.33227387
-0.20450132
-0.071287575
-0.32757928
-0.20151832
-0.070230762
-0.31855002
-0.19578843
-0.068202148
-2.7065879e-18
1.1246693e-17
1.6100098e-17
1.1079207e-18
1.1047004e-17
8.3894378e-18
8.1444203e-19
3.4156604e-18
4.8280878e-18
-0.05720335
-0.16456385
-0.26884793
-0.056557115
-0.16273068
-0.26593524
-0.05530629
-0.15918085
-0.26028995
-0.30208053
-0.1853869
-0.064528421
-0.2834601
-0.17368096
-0.060403686
-0.26549629
-0.16242373
-0.056443593
-0.46641834
-0.39099869
-0.31097955
-0.49962501
-0.42029804
-0.33525945
-0.53360195
-0.45048953
-0.36042754
-0.31004621
-0.2880526
-0.26688643
-0.30692361
-0.28544967
-0.26475334
-0.30086034
-0.28038435
-0.26059351
-0.29821831
-0.3755358
-0.4488076
-0.29604809
-0.37293873
-0.44589941
-0.29180896
-0.36785939
-0.44020226
-0.5036764
-0.53837604
-0.57372932
-0.50031807
-0.53434305
-0.56897123
-0.49373779
-0.52645361
-0.55967856
-0.51289327
-0.43176726
-0.34461701
-0.48209907
-0.40454392
-0.32202007
-0.45184539
-0.37797121
-0.30008244
-0.22244486
-0.13562078
-0.047046277
-0.24038436
-0.14678344
-0.050958781
-0.25907068
-0.15844734
-0.055053577
1.3552924e-17
4.876104e-18
1.5114112e-18
1.0745461e-17
6.6204095e-18
4.1127685e-18
1.317305e-17
1.371431e-17
4.6654575e-18
-0.045003606
-0.12978633
-0.21304783
-0.044650111
-0.12877939
-0.21143496
-0.043960928
-0.12681563
-0.20828759
-0.24721777
-0.1510053
-0.052433323
-0.23049878
-0.14059278
-0.048782057
-0.21433924
-0.13055732
-0.045268158
0.047046277
0.13560003
0.22236455
0.050958781
0.14677779
0.24036173
0.055053577
0.15844734
0.25907068
0.05720335
0.16456385
0.26884793
0.056557115
0.16273068
0.26593524
0.05530629
0.15918085
0.26028995
0.31003557
0.2880107
0.26674807
0.30691013
0.28539951
0.2645951
0.30083927
0.28031365
0.26038889
0.21289985
0.12974812
0.045003606
0.21126797
0.12873617
0.044650111
0.20807713
0.12676103
0.043960928
0.052433323
0.15100133
0.24720195
0.048782057
0.140579
0.2304462
0.045268158
0.13051768
0.21418874
-0.36947731
-0.30661892
-0.24183923
-0.40048637
-0.33342478
-0.26367877
-0.43219011
-0.36101058
-0.28627495
-0.24540153
-0.22579558
-0.20688716
-0.24371491
-0.22448956
-0.2059239
-0.24041864
-0.22193207
-0.204034
-0.23048651
-0.29263112
-0.35322074
-0.22957324
-0.29152388
-0.35196124
-0.22777901
-0.2893466
-0.34948155
-0.40153204
-0.43434329
-0.46775532
-0.39994606
-0.4322228
-0.46505666
-0.39682364
-0.42805449
-0.45976008
-0.42049661
-0.35061557
-0.27762052
-0.39130993
-0.32530876
-0.2569503
-0.36262217
-0.30058548
-0.23685745
-0.30480318
-0.18708359
-0.065123692
-0.28838346
-0.17671588
-0.061462548
-0.26934696
-0.16473627
-0.057239495
-1.3451525e-17
-4.946454e-18
9.1251918e-18
-1.1385387e-17
-4.3215621e-18
-5.9631119e-19
-1.3118687e-17
-2.0599841e-18
-1.9244589e-18
-0.05338174
-0.15371483
-0.2515843
-0.051050476
-0.14708688
-0.24100674
-0.048302401
-0.13926427
-0.22849233
-0.31211416
-0.33229368
-0.35310887
-0.29860564
-0.31665882
-0.3351712
-0.282648
-0.29830605
-0.31425168
-0.25192393
-0.1538254
-0.053402739
-0.23963301
-0.14616765
-0.05071693
-0.22753495
-0.13864694
-0.048082222
-0.64148622
-0.5477932
-0.44257828
-0.60510614
-0.5147283
-0.41447987
-0.56957436
-0.48268043
-0.38742375
-0.63430937
-0.54116074
-0.43687127
-0.59883161
-0.50896837
-0.40955231
-0.56413793
-0.4777219
-0.38320524
-0.6203888
-0.52833245
-0.42585864
-0.58663853
-0.49780402
-0.4000213
-0.55355416
-0.46809103
-0.3750271
-0.32070999
-0.19718729
-0.068702254
-0.29951319
-0.18381839
-0.063983627
-0.27921387
-0.1710612
-0.059489253
-0.31636431
-0.19443086
-0.067726611
-0.29577929
-0.18145759
-0.063149413
-0.27603204
-0.16905556
-0.058781655
-0.30799445
-0.18912838
-0.065850962
-0.28856923
-0.17690387
-0.061541198
-0.26987288
-0.16517688
-0.057413909
-0.53297384
-0.44991991
-0.35994532
-0.4990948
-0.41982009
-0.33485691
-0.46597858
-0.39060457
-0.31064922
-0.52835597
-0.44573542
-0.35640517
-0.4951941
-0.41630644
-0.33189929
-0.46274118
-0.38770503
-0.30822029
-0.51934883
-0.43759077
-0.34952621
-0.48757248
-0.40945418
-0.32614005
-0.45640473
-0.38203968
-0.30348081
-0.25870846
-0.15821964
-0.054973355
-0.24008327
-0.14659468
-0.050892374
-0.22219877
-0.1354669
-0.046992216
-0.25605065
-0.15654938
-0.054385005
-0.23787206
-0.14520884
-0.050404895
-0.22039
-0.13433619
-0.046595007
-0.25089302
-0.15331085
-0.053244717
-0.23357131
-0.14251541
-0.049457816
-0.2168643
-0.13213362
-0.045821512
0.054973355
0.15821964
0.25870846
0.050892374
0.14658888
0.24006003
0.046992216
0.13544573
0.22211687
0.054385005
0.15654938
0.25604365
0.050404895
0.14520171
0.23784387
0.046595007
0.13431163
0.22029549
0.053244717
0.15330807
0.25088169
0.049457816
0.14250489
0.2335306
0.045821512
0.13210104
0.21674004
-0.43183817
-0.360697
-0.28601342
-0.40021085
-0.33318059
-0.26347602
-0.36927198
-0.30643786
-0.24168952
-0.42924546
-0.35838828
-0.28408876
-0.39817989
-0.33138156
-0.26198281
-0.36775746
-0.30510302
-0.24058619
-0.42416185
-0.35386852
-0.2803254
-0.39419117
-0.32785331
-0.25905747
-0.36477819
-0.30248055
-0.23842064
-0.29522195
-0.18105309
-0.062997464
-0.27751954
-0.16993766
-0.059083241
-0.2603948
-0.15921767
-0.055314214
-0.27991905
-0.17140402
-0.059592557
-0.2642053
-0.16156396
-0.056132298
-0.24891128
-0.15201303
-0.052778473
-0.26211302
-0.16021232
-0.055649738
-0.24860876
-0.15178289
-0.052690427
-0.23537093
-0.14353976
-0.049800122
-0.67227043
-0.70710678
-0.70710678
-0.67227043
-0.91774188
-1
-0.84957113
-0.91774188
-0.38463884
-0.48603889
-0.59335069
-0.37864925
-0.47240707
-0.57019239
-0.57019239
-0.59335069
-0.73185567
-0.7835347
-0.73185567
-0.56723152
-0.59630391
-0.56723152
-0.42041877
-0.68827279
-0.73185567
-0.68827279
-0.54236453
-0.56723152
-0.54236453
-0.40974402
-0.74943575
-0.8239692
-0.88860063
-0.88394836
-0.82189162
-0.76232533
-0.62192553
-0.67132121
-0.71323188
-0.68697873
-0.64938746
-0.6125172
-0.70822101
-0.77112957
-0.82527783
-0.82051496
-0.76684993
-0.71496025
-0.59470673
-0.6368947
-0.67250374
-0.65432542
-0.62067735
-0.58750416
-0.70604267
-0.69823377
-0.68307557
-0.91563372
-0.90021342
-0.87053063
-0.73052242
-0.72074224
-0.70177661
-0.59264872
-0.58748697
-0.57741475
-0.94295653
-0.97878093
-0.99744546
-0.96024013
-0.88770117
-0.81864469
-0.74783558
-0.77032793
-0.78194926
-0.87053063
-0.90021342
-0.91563372
-0.88394836
-0.82189162
-0.76232533
-0.70177661
-0.72074224
-0.73052242
-0.99744546
-0.97878093
-0.94295653
-0.78194926
-0.77032793
-0.74783558
-0.70201769
-0.64712055
-0.59429927
-0.50319416
-0.53234703
-0.55659596
-0.50413239
-0.53892397
-0.57437618
-0.66204309
-0.61353593
-0.56655631
-0.48725134
-0.51239955
-0.5332435
-0.48899717
-0.52078024
-0.55300856
-0.56647815
-0.56093773
-0.55012271
-0.4856287
-0.48260673
-0.47668054
-0.74929192
-0.68664807
-0.62680617
-0.57628973
-0.58893516
-0.5954215
-0.70201769
-0.64712055
-0.59429927
-0.55012271
-0.56093773
-0.56647815
-0.5954215
-0.58893516
-0.57628973
-0.78194926
-0.77032793
-0.74783558
-0.70201769
-0.64712055
-0.59429927
-0.5954215
-0.58893516
-0.57628973
-0.73052242
-0.72074224
-0.70177661
-0.66204309
-0.61353593
-0.56655631
-0.56647815
-0.56093773
-0.55012271
-0.73052242
-0.72074224
-0.70177661
-0.56647815
-0.56093773
-0.55012271
-0.54069314
-0.49178441
-0.4446241
-0.39236521
-0.40528814
-0.4158435
-0.40174699
-0.43463085
-0.46812151
-0.51856807
-0.4745094
-0.4317745
-0.38538234
-0.39662121
-0.40577998
-0.39456189
-0.42504043
-0.455937
-0.42009818
-0.41773515
-0.41309509
-0.38445987
-0.38313893
-0.38053624
-0.68307557
-0.69823377
-0.70604267
-0.68697873
-0.64938746
-0.6125172
-0.57741475
-0.58748697
-0.59264872
-0.65432542
-0.62067735
-0.58750416
-0.70822101
-0.77112957
-0.82527783
-0.74943575
-0.8239692
-0.88860063
-0.62192553
-0.67132121
-0.71323188
-0.59470673
-0.6368947
-0.67250374
-0.64328968
-0.69664858
-0.74208589
-0.68452354
-0.74581288
-0.79837071
-0.72674901
-0.79654723
-0.85683638
-0.74817327
-0.82234343
-0.8866454
-0.73891546
-0.81043561
-0.8723379
-0.72097901
-0.78743445
-0.84476821
-0.88199055
-0.82019894
-0.76087379
-0.86766251
-0.80779937
-0.75023088
-0.84004528
-0.7838403
-0.72961731
-0.71198729
-0.67027185
-0.62109864
-0.70285493
-0.66256691
-0.61502184
-0.68513266
-0.64758889
-0.60318202
-0.61175802
-0.64851389
-0.68598265
-0.60617749
-0.64209671
-0.67867041
-0.59529774
-0.62960702
-0.66446322
-0.68816517
-0.74720572
-0.7978477
-0.65067493
-0.70272461
-0.74708153
-0.61386084
-0.65934685
-0.69786565
-0.77971541
-0.80423006
-0.81691345
-0.84215552
-0.87080706
-0.8856703
-0.90737148
-0.94059372
-0.95787615
-0.94071385
-0.97634361
-0.9949051
-0.92431526
-0.95853051
-0.97634361
-0.89277756
-0.92431526
-0.94071385
-0.95787615
-0.8856703
-0.81691345
-0.94059372
-0.87080706
-0.80423006
-0.90737148
-0.84215552
-0.77971541
-0.7803717
-0.76880781
-0.74642532
-0.76880781
-0.75766307
-0.73608266
-0.74642532
-0.73608266
-0.71603851
-0.84004528
-0.86766251
-0.88199055
-0.7838403
-0.80779937
-0.82019894
-0.72961731
-0.75023088
-0.76087379
-0.5231085
-0.555448
-0.58243653
-0.56152014
-0.60024236
-0.63276506
-0.6008228
-0.64640067
-0.68493468
-0.70079696
-0.64609826
-0.59345743
-0.69183807
-0.63858938
-0.5872689
-0.67444436
-0.62397882
-0.57520191
-0.55588899
-0.53174422
-0.50271358
-0.5506888
-0.52730812
-0.49917463
-0.54053292
-0.518634
-0.492243
-0.5036764
-0.53837604
-0.57372932
-0.50031807
-0.53434305
-0.56897123
-0.49373779
-0.52645361
-0.55967856
-0.57573314
-0.61473255
-0.64754393
-0.5402524
-0.57349714
-0.60129899
-0.50539442
-0.53324724
-0.55640335
-0.60441501
-0.6185558
-0.62581778
-0.65939112
-0.67658939
-0.6854421
-0.71665585
-0.73722887
-0.74784444
-0.74784444
-0.6854421
-0.62581778
-0.73722887
-0.67658939
-0.6185558
-0.71665585
-0.65939112
-0.60441501
-0.59454305
-0.58808576
-0.5754965
-0.58808576
-0.58184138
-0.56966385
-0.5754965
-0.56966385
-0.55828301
-0.67444436
-0.69183807
-0.70079696
-0.62397882
-0.63858938
-0.64609826
-0.57520191
-0.5872689
-0.59345743
-0.62581778
-0.6185558
-0.60441501
-0.6854421
-0.67658939
-0.65939112
-0.74784444
-0.73722887
-0.71665585
-0.7803717
-0.76880781
-0.74642532
-0.76880781
-0.75766307
-0.73608266
-0.74642532
-0.73608266
-0.71603851
-0.70079696
-0.64609826
-0.59345743
-0.69183807
-0.63858938
-0.5872689
-0.67444436
-0.62397882
-0.57520191
-0.5754965
-0.58808576
-0.59454305
-0.56966385
-0.58184138
-0.58808576
-0.55828301
-0.56966385
-0.5754965
-0.70079696
-0.69183807
-0.67444436
-0.64609826
-0.63858938
-0.62397882
-0.59345743
-0.5872689
-0.57520191
-0.41097246
-0.42644387
-0.43911919
-0.44684203
-0.46742605
-0.48438922
-0.48351517
-0.50960064
-0.53122766
-0.5400239
-0.49126339
-0.44423764
-0.53510011
-0.48742721
-0.44139012
-0.52547852
-0.47991613
-0.43580418
-0.41554142
-0.4050283
-0.39215625
-0.41331449
-0.40311217
-0.3906146
-0.40894024
-0.39934527
-0.38758001
-0.40153204
-0.43434329
-0.46775532
-0.39994606
-0.4322228
-0.46505666
-0.39682364
-0.42805449
-0.45976008
-0.4692747
-0.49181143
-0.51043472
-0.43564612
-0.45347902
-0.46813286
-0.40259239
-0.41603046
-0.42701259
-0.84476821
-0.8723379
-0.8866454
-0.78743445
-0.81043561
-0.82234343
-0.72097901
-0.73891546
-0.74817327
-0.85683638
-0.79837071
-0.74208589
-0.79654723
-0.74581288
-0.69664858
-0.72674901
-0.68452354
-0.64328968
-0.71198729
-0.70285493
-0.68513266
-0.67027185
-0.66256691
-0.64758889
-0.62109864
-0.61502184
-0.60318202
-0.69786565
-0.74708153
-0.7978477
-0.65934685
-0.70272461
-0.74720572
-0.61386084
-0.65067493
-0.68816517
-0.66446322
-0.67867041
-0.68598265
-0.62960702
-0.64209671
-0.64851389
-0.59529774
-0.60617749
-0.61175802
-0.72556884
-0.79503163
-0.85501838
-0.68349104
-0.74449347
-0.79679546
-0.64239441
-0.6955098
-0.74073227
-0.71691136
-0.78392583
-0.84170847
-0.67591135
-0.73481732
-0.78525217
-0.63581745
-0.68715175
-0.73080435
-0.70012126
-0.76244938
-0.81602832
-0.66118413
-0.71606589
-0.7629281
-0.62301523
-0.67092134
-0.71156067
-0.90529097
-0.93833613
-0.95552504
-0.84036022
-0.86886436
-0.88365008
-0.77817863
-0.80257142
-0.81519098
-0.8900699
-0.9218271
-0.93833613
-0.82721268
-0.8546431
-0.86886436
-0.76691366
-0.7904174
-0.80257142
-0.86075595
-0.8900699
-0.90529097
-0.80182719
-0.82721268
-0.84036022
-0.7451095
-0.76691366
-0.77817863
-0.60006164
-0.64543687
-0.683794
-0.56087659
-0.59943071
-0.6318081
-0.52257383
-0.55477613
-0.58164718
-0.59446589
-0.63835733
-0.67542038
-0.55614224
-0.59346429
-0.62477749
-0.51863789
-0.54983367
-0.57584339
-0.5835531
-0.62458064
-0.6591519
-0.54689324
-0.5818312
-0.61108928
-0.51093552
-0.54017886
-0.56452061
-0.71536573
-0.73583997
-0.74640402
-0.65831241
-0.67543069
-0.68424181
-0.60352799
-0.61760498
-0.62483391
-0.70589967
-0.7256523
-0.73583997
-0.65039059
-0.6669237
-0.67543069
-0.59700843
-0.61061811
-0.61760498
-0.68753177
-0.70589967
-0.71536573
-0.63498425
-0.65039059
-0.65831241
-0.5843015
-0.59700843
-0.60352799
-0.74640402
-0.73583997
-0.71536573
-0.68424181
-0.67543069
-0.65831241
-0.62483391
-0.61760498
-0.60352799
-0.73583997
-0.7256523
-0.70589967
-0.67543069
-0.6669237
-0.65039059
-0.61760498
-0.61061811
-0.59700843
-0.71536573
-0.70589967
-0.68753177
-0.65831241
-0.65039059
-0.63498425
-0.60352799
-0.59700843
-0.5843015
-0.48308646
-0.50906381
-0.53059914
-0.44650579
-0.46700627
-0.48389922
-0.41072138
-0.42613126
-0.43875526
-0.47992842
-0.50511183
-0.52597413
-0.44402738
-0.46391388
-0.48029083
-0.40886957
-0.42382674
-0.43607342
-0.47373745
-0.49737691
-0.51693222
-0.43916077
-0.45785059
-0.47322291
-0.4052275
-0.41930038
-0.43081065
-0.81602832
-0.84170847
-0.85501838
-0.7629281
-0.78525217
-0.79679546
-0.71156067
-0.73080435
-0.74073227
-0.76244938
-0.78392583
-0.79503163
-0.71606589
-0.73481732
-0.74449347
-0.67092134
-0.68715175
-0.6955098
-0.70012126
-0.71691136
-0.72556884
-0.66118413
-0.67591135
-0.68349104
-0.62301523
-0.63581745
-0.64239441
0.67227043
0.70710678
-3.1225023e-17
0.31000795
-7.1557343e-18
4.5536491e-18
0.37298049
0.39717735
-1.3010426e-18
5.0957502e-18
2.9273459e-18
0.18319635
0.22368927
0.26592163
0.57019239
0.59335069
2.0261028e-18
-2.6359665e-18
1.8566962e-18
-2.6901766e-17
1.1492543e-17
-2.1900884e-17
1.6744147e-17
0.30722904
0.3224644
0.30722904
0.24775119
0.25629728
0.24775119
0.19368993
-8.8271421e-19
2.4123498e-18
1.0516761e-17
-5.0880296e-17
-8.0696829e-18
-6.1155779e-18
-1.258147e-17
2.9933721e-17
-9.8289703e-18
6.4987544e-18
-1.5043305e-18
8.3483567e-18
0.32278198
0.34512795
0.36435579
0.36113607
0.33926012
0.31810788
0.27450123
0.28926139
0.30171525
0.30225771
0.2877255
0.27339838
0.054840668
0.15792154
0.25848698
0.066774181
0.19175207
0.31218017
0.054417567
0.15665737
0.25627281
0.046712443
0.13473355
0.22122909
1.3040072e-18
-4.472334e-18
-3.1441863e-18
3.2443135e-17
1.3429707e-18
3.1069169e-18
1.0842081e-17
6.6915603e-20
1.9722315e-17
0.38042078
0.39095644
0.39642918
0.38359477
0.35865241
0.33471103
0.31195018
0.31857997
0.32199842
0.071432212
0.20490947
0.33291588
0.05729151
0.16481389
0.26924508
-1.5687378e-17
-4.7383023e-18
-2.1021664e-17
1.2819023e-17
1.2425973e-18
1.747429e-17
-1.6805134e-18
3.9166803e-18
2.602297e-18
0.2965368
0.2767634
0.25761269
0.22879749
0.23744835
0.24461567
0.23085435
0.24458109
0.25850013
0.043467228
0.12540839
0.20603062
0.03904111
0.11277388
0.18570841
-1.9303345e-17
3.7413869e-17
1.1387511e-17
-2.3849437e-17
-2.4255635e-17
7.5419814e-18
0.31047167
0.28840695
0.26717658
0.25041783
0.25413461
0.25603842
0.045051695
0.1299233
0.21326717
-1.2131524e-17
9.1310152e-18
7.7927031e-19
-3.9648196e-17
-2.1848368e-17
-5.631075e-18
1.2842714e-17
6.1774113e-18
-2.236167e-18
0.32199842
0.31857997
0.31195018
0.2965368
0.2767634
0.25761269
0.25603842
0.25413461
0.25041783
0.054417567
0.15665737
0.25627281
0.043467228
0.12540839
0.20603062
-2.4293553e-17
1.8139634e-17
-5.6649564e-18
-7.2734521e-18
1.2189228e-17
-9.256376e-18
3.5778672e-18
-1.3552527e-20
-4.3389263e-19
0.23805083
0.22009081
0.20267041
0.1854698
0.18926312
0.19235298
0.19006884
0.20323217
0.21657604
0.033696021
0.097405832
0.16063405
0.031789198
0.091947467
0.15180621
0.68307557
0.69823377
0.70604267
0.68697873
0.64938746
0.6125172
0.57741475
0.58748697
0.59264872
0.65432542
0.62067735
0.58750416
0.6278812
0.53501952
0.4314642
0.66207707
0.56663459
0.45868172
0.55184515
0.4667897
0.37407891
0.52936069
0.44639856
0.35681328
-3.2713977e-17
3.1117873e-18
-4.8904294e-17
-1.5830742e-17
-1.7293779e-17
-1.244609e-18
1.0864203e-17
1.7388097e-17
-2.160881e-17
0.057239495
0.061462548
0.065123692
0.16473627
0.17671588
0.18708359
0.26934696
0.28838346
0.30480318
0.064528421
0.060403686
0.056443593
0.1853869
0.17368096
0.16242373
0.30208053
0.2834601
0.26549629
0.05338174
0.051050476
0.048302401
0.15371483
0.14708688
0.13926427
0.2515843
0.24100674
0.22849233
0.048082222
0.05071693
0.053402739
0.13864694
0.14616765
0.1538254
0.22753495
0.23963301
0.25192393
0.31425168
0.3351712
0.35310887
0.29830605
0.31665882
0.33229368
0.282648
0.29860564
0.31211416
-2.6937904e-17
-2.2734364e-18
-3.7489678e-18
3.2455993e-17
4.6644781e-18
-1.0665415e-17
-5.6787552e-17
-4.4451834e-18
-2.5723143e-17
0.068202148
0.070230762
0.071287575
0.19578843
0.20151832
0.20450132
0.31855002
0.32757928
0.33227387
0.068835703
0.064097608
0.059585834
0.19756423
0.18414088
0.17133491
0.32130396
0.30002305
0.27964793
0.05720335
0.056557115
0.05530629
0.16456385
0.16273068
0.15918085
0.26884793
0.26593524
0.26028995
0.36805159
0.37782943
0.38290171
0.34524687
0.35368804
0.35805614
0.32324632
0.33047204
0.33420229
-3.1061691e-18
3.530751e-18
-2.3393356e-17
-9.9808552e-18
-9.0377092e-18
1.2398445e-19
-2.7499694e-18
-4.2702401e-18
6.4401338e-18
0.052433323
0.048782057
0.045268158
0.1510053
0.14059278
0.13055732
0.24721777
0.23049878
0.21433924
0.042887532
0.041565734
0.03997644
0.12375551
0.11998457
0.11544658
0.20337802
0.19731955
0.19001621
0.040334793
0.042822107
0.045356276
0.11648226
0.12360635
0.13085675
0.1917231
0.20325928
0.21497499
0.26643124
0.28003783
0.29148121
0.25134031
0.26287626
0.27251983
0.23651425
0.24612485
0.25411168
-6.9726561e-18
-3.367316e-17
-1.3854071e-17
-5.5335004e-17
1.7190269e-18
1.1271891e-17
-3.0962585e-17
-2.1043591e-17
1.5089859e-18
0.055053577
0.050958781
0.047046277
0.15844734
0.14678344
0.13562078
0.25907068
0.24038436
0.22244486
0.045003606
0.044650111
0.043960928
0.12978633
0.12877939
0.12681563
0.21304783
0.21143496
0.20828759
0.30086034
0.30692361
0.31004621
0.28038435
0.28544967
0.2880526
0.26059351
0.26475334
0.26688643
-6.1590016e-18
-3.857388e-17
-1.3992984e-17
-2.1951747e-17
-1.6099502e-17
-2.2597145e-17
-2.7654673e-17
-7.6510699e-18
-1.0701011e-17
0.05720335
0.056557115
0.05530629
0.16456385
0.16273068
0.15918085
0.26884793
0.26593524
0.26028995
0.052433323
0.048782057
0.045268158
0.1510053
0.14059278
0.13055732
0.24721777
0.23049878
0.21433924
0.043960928
0.044650111
0.045003606
0.12681563
0.12877939
0.12978633
0.20828759
0.21143496
0.21304783
0.31004621
0.30692361
0.30086034
0.2880526
0.28544967
0.28038435
0.26688643
0.26475334
0.26059351
1.7482174e-17
-3.3705559e-18
3.5304333e-18
3.6807023e-18
2.4889798e-18
-2.6035463e-17
-4.188729e-18
-1.5921907e-17
3.7067869e-17
0.041701345
0.038446466
0.035307387
0.12035597
0.11103377
0.10203144
0.19786612
0.18277153
0.16815746
0.033452217
0.032889719
0.032200999
0.09670848
0.095098959
0.093127102
0.15950801
0.15690705
0.15371676
0.033012953
0.035364906
0.037759923
0.095466518
0.10222457
0.10909928
0.15754944
0.16856199
0.17974195
0.22115153
0.22887988
0.23526359
0.20684838
0.2129265
0.21791895
0.19278971
0.19734097
0.20105879
0.43984281
0.45169272
0.45784149
0.54477698
0.55853883
0.56566212
0.63846807
0.65334976
0.6610298
0.44335776
0.41515227
0.38799889
0.54869826
0.51551365
0.48335598
0.6424645
0.6059608
0.57031435
0.37355141
0.36968063
0.36216784
0.46616835
0.46160566
0.45273421
0.55116224
0.54614326
0.53636295
0.36920602
0.39325467
0.41806085
0.46122132
0.48985902
0.51922515
0.54598479
0.57793621
0.61047448
0.66446322
0.67867041
0.68598265
0.62960702
0.64209671
0.64851389
0.59529774
0.60617749
0.61175802
0.055649738
0.059592557
0.062997464
0.052690427
0.056132298
0.059083241
0.049800122
0.052778473
0.055314214
0.16021232
0.17140402
0.18105309
0.15178289
0.16156396
0.16993766
0.14353976
0.15201303
0.15921767
0.26211302
0.27991905
0.29522195
0.24860876
0.2642053
0.27751954
0.23537093
0.24891128
0.2603948
0.065850962
0.067726611
0.068702254
0.061541198
0.063149413
0.063983627
0.057413909
0.058781655
0.059489253
0.18912838
0.19443086
0.19718729
0.17690387
0.18145759
0.18381839
0.16517688
0.16905556
0.1710612
0.30799445
0.31636431
0.32070999
0.28856923
0.29577929
0.29951319
0.26987288
0.27603204
0.27921387
0.04682288
0.049350069
0.051486356
0.044067015
0.046200108
0.047991438
0.041373201
0.043142689
0.044619209
0.13503806
0.14223591
0.14831336
0.12715888
0.13324053
0.1383425
0.11944814
0.1244981
0.12870808
0.22168459
0.23321203
0.2429229
0.20897014
0.21872942
0.22689992
0.1964992
0.20461849
0.21137498
0.053244717
0.054385005
0.054973355
0.049457816
0.050404895
0.050892374
0.045821512
0.046595007
0.046992216
0.15331085
0.15654938
0.15821964
0.14251541
0.14520884
0.14659468
0.13213362
0.13433619
0.1354669
0.25089302
0.25605065
0.25870846
0.23357131
0.23787206
0.24008327
0.2168643
0.22039
0.22219877
0.054973355
0.054385005
0.053244717
0.050892374
0.050404895
0.049457816
0.046992216
0.046595007
0.045821512
0.15821964
0.15654938
0.15331085
0.14659468
0.14520884
0.14251541
0.1354669
0.13433619
0.13213362
0.25870846
0.25605065
0.25089302
0.24008327
0.23787206
0.23357131
0.22219877
0.22039
0.2168643
0.038596074
0.040012847
0.041187341
0.036023374
0.037133242
0.038047789
0.033506675
0.034334602
0.035012842
0.11148964
0.11553701
0.11888954
0.10410854
0.10728203
0.10989516
0.096880245
0.099249616
0.10118939
0.18359808
0.19011809
0.19551008
0.17160611
0.17672741
0.18093839
0.1598373
0.16366742
0.1667991
0.42585864
0.43687127
0.44257828
0.4000213
0.40955231
0.41447987
0.3750271
0.38320524
0.38742375
0.52833245
0.54116074
0.5477932
0.49780402
0.50896837
0.5147283
0.46809103
0.4777219
0.48268043
0.6203888
0.63430937
0.64148622
0.58663853
0.59883161
0.60510614
0.55355416
0.56413793
0.56957436
