MFEM mesh v1.0

#
# MFEM Geometry Types (see mesh/geom.hpp):
#
# POINT       = 0
# SEGMENT     = 1
# TRIANGLE    = 2
# SQUARE      = 3
# TETRAHEDRON = 4
# CUBE        = 5
#

dimension
3

elements
10
1 5 22 8 3 11 23 9 4 12
1 5 23 9 4 12 24 10 5 13
1 5 24 10 5 13 14 2 0 1
1 5 25 15 3 8 26 16 4 9
1 5 26 16 4 9 27 17 5 10
1 5 27 17 5 10 19 7 0 2
1 5 28 15 16 29 11 3 4 12
1 5 29 16 17 30 12 4 5 13
1 5 31 20 6 18 32 21 7 19
1 5 32 21 7 19 14 1 0 2

boundary
30
39 3 11 3 8 22
39 3 22 8 9 23
39 3 11 22 23 12
39 3 23 9 10 24
39 3 12 23 24 13
39 3 24 10 2 14
39 3 13 24 14 1
39 3 5 13 1 0
39 3 8 3 15 25
39 3 25 15 16 26
39 3 8 25 26 9
39 3 26 16 17 27
39 3 9 26 27 10
39 3 27 17 7 19
39 3 6 18 19 7
39 3 10 27 19 2
39 3 17 5 0 7
39 3 29 16 15 28
39 3 30 17 16 29
39 3 20 6 7 21
39 3 28 15 3 11
39 3 29 28 11 12
39 3 30 29 12 13
39 3 17 30 13 5
39 3 21 7 0 1
39 3 18 6 20 31
39 3 31 20 21 32
39 3 18 31 32 19
39 3 32 21 1 14
39 3 19 32 14 2

vertices
33

nodes
FiniteElementSpace
FiniteElementCollection: H1_3D_P4
VDim: 3
Ordering: 0

0.25513258
0.13464912
0.1716001
0.25513258
0.25513258
0.25513258
0.42586599
0.34303776
0.1716001
0.1716001
0.1716001
0.13464912
0.13464912
0.13464912
0.11052157
0.36407998
0.37107077
0.36407998
0.34802459
0.24764874
0.22229806
0.17834803
0.11052157
0.11052157
0.11052157
0.27585809
0.28596008
0.27585809
0.19040097
0.19444247
0.19040097
0.20621024
0.14907545
0.16105348
0.14106084
0.1210682
0.24449919
0.2191296
0.18854233
0.23432832
0.19489085
0.15545338
0.13157777
0.12425001
0.11541517
0.16105348
0.14106084
0.1210682
0.24449919
0.2191296
0.18854233
0.23432832
0.19489085
0.15545338
0.13157777
0.12425001
0.11541517
0.11052157
0.11052157
0.11052157
0.1716001
0.1716001
0.1716001
0.25513258
0.25513258
0.25513258
0.13464912
0.13464912
0.13464912
0.16105348
0.14106084
0.1210682
0.24449919
0.2191296
0.18854233
0.23432832
0.19489085
0.15545338
0.13157777
0.12425001
0.11541517
0.11052157
0.11052157
0.11052157
0.1716001
0.1716001
0.1716001
0.25513258
0.25513258
0.25513258
0.13464912
0.13464912
0.13464912
0.16105348
0.14106084
0.1210682
0.24449919
0.2191296
0.18854233
0.23432832
0.19489085
0.15545338
0.13157777
0.12425001
0.11541517
0.11052157
0.11052157
0.11052157
0.1716001
0.1716001
0.1716001
0.25513258
0.25513258
0.25513258
0.13464912
0.13464912
0.13464912
0.3620126
0.34470079
0.30538533
0.27385701
0.30969565
0.34542656
0.18625046
0.21783122
0.2544849
0.37028971
0.35493607
0.31612715
0.27499332
0.31310591
0.35117647
0.18739017
0.22179943
0.26221542
0.27900709
0.28340109
0.2856537
0.36628729
0.3693244
0.37086254
0.3620126
0.34470079
0.30538533
0.27385701
0.30969565
0.34542656
0.18625046
0.21783122
0.2544849
0.2856537
0.28340109
0.27900709
0.37086254
0.3693244
0.36628729
0.33738183
0.31496836
0.27499429
0.27040172
0.29938498
0.32809582
0.18287465
0.20638728
0.2326811
0.2535985
0.26372723
0.27215977
0.34768025
0.35532334
0.36145383
0.33592995
0.28016626
0.22190822
0.34261631
0.28599879
0.22661968
0.1916749
0.19343097
0.1943218
0.14386767
0.16202698
0.1805814
0.14451147
0.16399013
0.18390257
0.33592995
0.28016626
0.22190822
0.1943218
0.19343097
0.1916749
0.14386767
0.16202698
0.1805814
0.22600691
0.22809576
0.2183821
0.39291034
0.32760198
0.25928958
0.42849669
0.41952128
0.38206707
0.32848659
0.28530396
0.23507761
0.17769033
0.17197081
0.15890374
0.31581277
0.26263594
0.20779901
0.23247936
0.20140429
0.16771491
0.19513688
0.17546488
0.15766595
0.21478456
0.20045933
0.18601087
0.41202742
0.3852713
0.35780509
0.32915491
0.29506258
0.26335265
0.11583168
0.12741862
0.14105251
0.14194135
0.15617383
0.1706731
0.15107627
0.18803848
0.2250007
0.14063317
0.17168981
0.20274644
0.12804227
0.15197875
0.17591523
0.1210682
0.14106084
0.16105348
0.1210682
0.14106084
0.16105348
0.1210682
0.14106084
0.16105348
0.18854233
0.2191296
0.24449919
0.18854233
0.2191296
0.24449919
0.18854233
0.2191296
0.24449919
0.23432832
0.19489085
0.15545338
0.23432832
0.19489085
0.15545338
0.23432832
0.19489085
0.15545338
0.13157777
0.12425001
0.11541517
0.13157777
0.12425001
0.11541517
0.13157777
0.12425001
0.11541517
0.12804227
0.15197875
0.17591523
0.14063317
0.17168981
0.20274644
0.15107627
0.18803848
0.2250007
0.1210682
0.14106084
0.16105348
0.1210682
0.14106084
0.16105348
0.1210682
0.14106084
0.16105348
0.18854233
0.2191296
0.24449919
0.18854233
0.2191296
0.24449919
0.18854233
0.2191296
0.24449919
0.23432832
0.19489085
0.15545338
0.23432832
0.19489085
0.15545338
0.23432832
0.19489085
0.15545338
0.13157777
0.12425001
0.11541517
0.13157777
0.12425001
0.11541517
0.13157777
0.12425001
0.11541517
0.12804227
0.15197875
0.17591523
0.14063317
0.17168981
0.20274644
0.15107627
0.18803848
0.2250007
0.1210682
0.14106084
0.16105348
0.1210682
0.14106084
0.16105348
0.1210682
0.14106084
0.16105348
0.18854233
0.2191296
0.24449919
0.18854233
0.2191296
0.24449919
0.18854233
0.2191296
0.24449919
0.23432832
0.19489085
0.15545338
0.23432832
0.19489085
0.15545338
0.23432832
0.19489085
0.15545338
0.13157777
0.12425001
0.11541517
0.13157777
0.12425001
0.11541517
0.13157777
0.12425001
0.11541517
0.12804227
0.15197875
0.17591523
0.14063317
0.17168981
0.20274644
0.15107627
0.18803848
0.2250007
0.20549782
0.23868539
0.26408939
0.24143612
0.27851611
0.30235246
0.28213292
0.32126463
0.34136663
0.30874159
0.34791347
0.36462116
0.31341295
0.35236269
0.36821777
0.31580244
0.35462865
0.37004251
0.3472425
0.31077322
0.2742164
0.34974046
0.31225469
0.27470998
0.35100526
0.31300444
0.27495955
0.18660929
0.21907492
0.25689869
0.18710456
0.22080009
0.26026066
0.18735608
0.22167999
0.26198151
0.29047022
0.32943164
0.3481199
0.24582313
0.28304388
0.30627854
0.20678497
0.2400819
0.26536497
0.31580244
0.35462865
0.37004251
0.31341295
0.35236269
0.36821777
0.30874159
0.34791347
0.36462116
0.35100526
0.31300444
0.27495955
0.34974046
0.31225469
0.27470998
0.3472425
0.31077322
0.2742164
0.18735608
0.22167999
0.26198151
0.18710456
0.22080009
0.26026066
0.18660929
0.21907492
0.25689869
0.28213292
0.32126463
0.34136663
0.24143612
0.27851611
0.30235246
0.20549782
0.23868539
0.26408939
0.30143445
0.3409015
0.35891502
0.29238874
0.33213031
0.35170975
0.28145376
0.32138807
0.34277825
0.34326552
0.30841264
0.2734287
0.33821866
0.30541345
0.27242569
0.33192243
0.30166595
0.2711688
0.18582475
0.21636249
0.25164522
0.18483598
0.21297961
0.24515015
0.18361274
0.20884966
0.23730885
0.25836669
0.29745563
0.32123926
0.22870373
0.26518086
0.29059578
0.20167447
0.23450713
0.26023594
0.22647914
0.28582497
0.34241711
0.2254414
0.28454121
0.3409458
0.22339436
0.28200724
0.33804093
0.21035249
0.26551889
0.31853912
0.18837372
0.23748649
0.28520973
0.16662226
0.20945163
0.25177633
0.32405355
0.27034066
0.21423904
0.28849827
0.2403767
0.19069207
0.2528767
0.21042113
0.16739282
0.18380343
0.18307153
0.18162846
0.16393152
0.16349886
0.16264584
0.14449227
0.14435045
0.14407072
0.22339436
0.28200724
0.33804093
0.2254414
0.28454121
0.3409458
0.22647914
0.28582497
0.34241711
0.31853912
0.26551889
0.21035249
0.28520973
0.23748649
0.18837372
0.25177633
0.20945163
0.16662226
0.18162846
0.18307153
0.18380343
0.16264584
0.16349886
0.16393152
0.14407072
0.14435045
0.14449227
0.35866594
0.39036356
0.39624531
0.30818873
0.33009288
0.33160035
0.2508724
0.26444535
0.26324321
0.20725163
0.21816273
0.21770065
0.18703148
0.19951906
0.2018909
0.16819528
0.18130882
0.18603591
0.25054332
0.31666198
0.38000199
0.2338081
0.29562093
0.35508158
0.21683987
0.27414202
0.32953617
0.41314801
0.40133015
0.36249053
0.3835765
0.36687754
0.32649422
0.35344848
0.33273203
0.29224509
0.31035255
0.26931883
0.22211423
0.27767324
0.24064713
0.19899118
0.24740762
0.21430199
0.17793611
0.18066532
0.19824967
0.20648881
0.22018638
0.24648576
0.25987698
0.25692795
0.29213737
0.31126327
0.15010081
0.16287817
0.16939127
0.13484977
0.14649049
0.15391807
0.12158713
0.13149469
0.13905095
0.19871084
0.25102274
0.30193436
0.18143594
0.2288
0.27529107
0.16431058
0.20653012
0.24844274
0.21829644
0.18922319
0.1581257
0.19351108
0.16814256
0.14171003
0.17152321
0.14971842
0.12760043
0.12804227
0.15197875
0.17591523
0.14063317
0.17168981
0.20274644
0.15107627
0.18803848
0.2250007
0.12804227
0.15197875
0.17591523
0.14063317
0.17168981
0.20274644
0.15107627
0.18803848
0.2250007
0.12804227
0.15197875
0.17591523
0.14063317
0.17168981
0.20274644
0.15107627
0.18803848
0.2250007
0.12804227
0.15197875
0.17591523
0.14063317
0.17168981
0.20274644
0.15107627
0.18803848
0.2250007
0.12804227
0.15197875
0.17591523
0.14063317
0.17168981
0.20274644
0.15107627
0.18803848
0.2250007
0.12804227
0.15197875
0.17591523
0.14063317
0.17168981
0.20274644
0.15107627
0.18803848
0.2250007
0.12804227
0.15197875
0.17591523
0.14063317
0.17168981
0.20274644
0.15107627
0.18803848
0.2250007
0.12804227
0.15197875
0.17591523
0.14063317
0.17168981
0.20274644
0.15107627
0.18803848
0.2250007
0.12804227
0.15197875
0.17591523
0.14063317
0.17168981
0.20274644
0.15107627
0.18803848
0.2250007
0.28474108
0.3238295
0.34349546
0.24281262
0.27994039
0.30359099
0.20590328
0.23912584
0.26449237
0.28836635
0.32737946
0.34642986
0.24471966
0.28190816
0.3052968
0.20646259
0.23973261
0.26504651
0.29021862
0.32918653
0.34791828
0.24569129
0.2829083
0.30616145
0.2067465
0.24004024
0.26532701
0.29021862
0.32918653
0.34791828
0.24569129
0.2829083
0.30616145
0.2067465
0.24004024
0.26532701
0.28836635
0.32737946
0.34642986
0.24471966
0.28190816
0.3052968
0.20646259
0.23973261
0.26504651
0.28474108
0.3238295
0.34349546
0.24281262
0.27994039
0.30359099
0.20590328
0.23912584
0.26449237
0.27905881
0.31822969
0.33883807
0.23980875
0.27682793
0.30088023
0.20501657
0.23816193
0.26360967
0.27200394
0.31121541
0.33295361
0.23605299
0.27291384
0.29744906
0.2038978
0.23694232
0.26248857
0.26344251
0.30260866
0.32565347
0.23145354
0.26808583
0.29318201
0.2025118
0.23542604
0.26108818
0.21157861
0.26704101
0.32028039
0.21326723
0.26913584
0.32267609
0.21412313
0.270197
0.32388931
0.189105
0.23839881
0.28624841
0.19011229
0.23965448
0.28767705
0.19062292
0.24029057
0.28840036
0.1668654
0.20975778
0.25212413
0.16720019
0.21017897
0.25260213
0.16736985
0.21039226
0.25284398
0.21412313
0.270197
0.32388931
0.21326723
0.26913584
0.32267609
0.21157861
0.26704101
0.32028039
0.19062292
0.24029057
0.28840036
0.19011229
0.23965448
0.28767705
0.189105
0.23839881
0.28624841
0.16736985
0.21039226
0.25284398
0.16720019
0.21017897
0.25260213
0.1668654
0.20975778
0.25212413
0.23782028
0.25280484
0.25355084
0.2919599
0.31549014
0.31944968
0.34001162
0.37325955
0.38191158
0.2140225
0.2308784
0.23503407
0.26224348
0.28788194
0.2961258
0.30575759
0.3408746
0.3543197
0.19172419
0.20934573
0.21636333
0.23419577
0.26061391
0.27245919
0.27325354
0.30880342
0.32623239
0.17014284
0.18740246
0.1966324
0.20677876
0.23261151
0.24726666
0.24123005
0.2757256
0.29623155
0.15178214
0.16772155
0.17813882
0.18315253
0.20723605
0.22344106
0.21334259
0.24555041
0.26772972
0.13563481
0.14951755
0.16018757
0.16204679
0.18344932
0.2000467
0.18810215
0.21699688
0.23956053
0.28867513
0.28867513
0.14433757
0.28867513
0.28867513
0.28867513
0.4330127
0.36084392
0.14433757
0.14433757
0.14433757
0.28867513
0.28867513
0.28867513
0.14433757
0.37864925
0.38463884
0.37864925
0.22368927
0.18319635
0.47240707
0.37864925
0.14433757
0.14433757
0.14433757
0.19368993
0.19728907
0.19368993
0.40974402
0.42041877
0.40974402
0.24775119
0.19368993
0.14433757
0.14433757
0.14433757
0.26375191
0.21650635
0.16926079
0.28867513
0.28867513
0.28867513
0.26375191
0.21650635
0.16926079
0.14433757
0.14433757
0.14433757
0.26375191
0.21650635
0.16926079
0.28867513
0.28867513
0.28867513
0.26375191
0.21650635
0.16926079
0.14433757
0.14433757
0.14433757
0.14433757
0.14433757
0.14433757
0.28867513
0.28867513
0.28867513
0.28867513
0.28867513
0.28867513
0.14433757
0.14433757
0.14433757
0.26375191
0.21650635
0.16926079
0.28867513
0.28867513
0.28867513
0.26375191
0.21650635
0.16926079
0.14433757
0.14433757
0.14433757
0.14433757
0.14433757
0.14433757
0.28867513
0.28867513
0.28867513
0.28867513
0.28867513
0.28867513
0.14433757
0.14433757
0.14433757
0.26375191
0.21650635
0.16926079
0.28867513
0.28867513
0.28867513
0.26375191
0.21650635
0.16926079
0.14433757
0.14433757
0.14433757
0.14433757
0.14433757
0.14433757
0.28867513
0.28867513
0.28867513
0.28867513
0.28867513
0.28867513
0.34768534
0.28777162
0.22648244
0.30395098
0.33320369
0.36284937
0.15255002
0.16846444
0.18484957
0.35339144
0.29278126
0.23061039
0.30487629
0.33600514
0.36769266
0.15308918
0.17011605
0.18774034
0.19481997
0.19638441
0.19718101
0.38053624
0.38313893
0.38445987
0.34768534
0.28777162
0.22648244
0.30395098
0.33320369
0.36284937
0.15255002
0.16846444
0.18484957
0.19718101
0.19638441
0.19481997
0.38445987
0.38313893
0.38053624
0.3308016
0.27305464
0.21442052
0.30113675
0.32475953
0.34838231
0.15093503
0.16356894
0.17637257
0.1854698
0.18926312
0.19235298
0.36474496
0.3712003
0.37640913
0.38538234
0.39662121
0.40577998
0.39236521
0.40528814
0.4158435
0.41309509
0.41773515
0.42009818
0.30882153
0.34786205
0.38805727
0.3104492
0.35281214
0.39666146
0.38538234
0.39662121
0.40577998
0.42009818
0.41773515
0.41309509
0.30882153
0.34786205
0.38805727
0.43609876
0.3642077
0.28876571
0.44150297
0.45572427
0.46735889
0.39845788
0.33097257
0.26123552
0.22879749
0.23744835
0.24461567
0.34768534
0.28777162
0.22648244
0.36474496
0.3712003
0.37640913
0.1854698
0.18926312
0.19235298
0.23805083
0.22009081
0.20267041
0.455937
0.42504043
0.39456189
0.42055109
0.39692831
0.37330553
0.21657604
0.20323217
0.19006884
0.15255002
0.16846444
0.18484957
0.30395098
0.33320369
0.36284937
0.26375191
0.26375191
0.26375191
0.21650635
0.21650635
0.21650635
0.16926079
0.16926079
0.16926079
0.14433757
0.14433757
0.14433757
0.14433757
0.14433757
0.14433757
0.14433757
0.14433757
0.14433757
0.16926079
0.21650635
0.26375191
0.16926079
0.21650635
0.26375191
0.16926079
0.21650635
0.26375191
0.28867513
0.28867513
0.28867513
0.28867513
0.28867513
0.28867513
0.28867513
0.28867513
0.28867513
0.26375191
0.21650635
0.16926079
0.26375191
0.21650635
0.16926079
0.26375191
0.21650635
0.16926079
0.16926079
0.16926079
0.16926079
0.21650635
0.21650635
0.21650635
0.26375191
0.26375191
0.26375191
0.14433757
0.14433757
0.14433757
0.14433757
0.14433757
0.14433757
0.14433757
0.14433757
0.14433757
0.16926079
0.21650635
0.26375191
0.16926079
0.21650635
0.26375191
0.16926079
0.21650635
0.26375191
0.28867513
0.28867513
0.28867513
0.28867513
0.28867513
0.28867513
0.28867513
0.28867513
0.28867513
0.26375191
0.21650635
0.16926079
0.26375191
0.21650635
0.16926079
0.26375191
0.21650635
0.16926079
0.16926079
0.16926079
0.16926079
0.21650635
0.21650635
0.21650635
0.26375191
0.26375191
0.26375191
0.14433757
0.14433757
0.14433757
0.14433757
0.14433757
0.14433757
0.14433757
0.14433757
0.14433757
0.16926079
0.21650635
0.26375191
0.16926079
0.21650635
0.26375191
0.16926079
0.21650635
0.26375191
0.28867513
0.28867513
0.28867513
0.28867513
0.28867513
0.28867513
0.28867513
0.28867513
0.28867513
0.26375191
0.21650635
0.16926079
0.26375191
0.21650635
0.16926079
0.26375191
0.21650635
0.16926079
0.16926079
0.16926079
0.16926079
0.21650635
0.21650635
0.21650635
0.26375191
0.26375191
0.26375191
0.17880693
0.22846557
0.27793984
0.19727828
0.25152599
0.30518018
0.21625808
0.27511175
0.332882
0.22777901
0.2893466
0.34948155
0.22957324
0.29152388
0.35196124
0.23048651
0.29263112
0.35322074
0.3643765
0.33408838
0.30424364
0.3664809
0.33530543
0.30464557
0.36754811
0.33592171
0.3048488
0.1527201
0.1689845
0.18575811
0.15295435
0.16970221
0.18701453
0.1530731
0.17006666
0.18765367
0.21957645
0.27914694
0.33748938
0.19917718
0.25384351
0.30783811
0.17942775
0.22922586
0.27881552
0.23048651
0.29263112
0.35322074
0.22957324
0.29152388
0.35196124
0.22777901
0.2893466
0.34948155
0.36754811
0.33592171
0.3048488
0.3664809
0.33530543
0.30464557
0.3643765
0.33408838
0.30424364
0.1530731
0.17006666
0.18765367
0.15295435
0.16970221
0.18701453
0.1527201
0.1689845
0.18575811
0.21625808
0.27511175
0.332882
0.19727828
0.25152599
0.30518018
0.17880693
0.22846557
0.27793984
0.22494787
0.28590578
0.34555474
0.22139884
0.28158332
0.34060781
0.21703712
0.27625716
0.33449086
0.36103496
0.33215092
0.30360219
0.35680964
0.32969232
0.30278533
0.35156084
0.3266246
0.3017616
0.15234785
0.1678474
0.18377359
0.15187665
0.16641391
0.18128235
0.15129047
0.16463982
0.17821531
0.2065069
0.26319381
0.31918082
0.19163929
0.24461235
0.29720144
0.17694426
0.22617501
0.27528662
0.41554142
0.4050283
0.39215625
0.41331449
0.40311217
0.3906146
0.40894024
0.39934527
0.38758001
0.38485569
0.3774452
0.36832609
0.34601328
0.34171966
0.33640835
0.30821142
0.30678986
0.30502232
0.37397058
0.3844433
0.39297184
0.33967163
0.3457581
0.35068725
0.30609989
0.30812138
0.30974969
0.39640343
0.39450076
0.39076106
0.35266408
0.35157158
0.34942046
0.31040064
0.31004209
0.30933488
0.40894024
0.39934527
0.38758001
0.41331449
0.40311217
0.3906146
0.41554142
0.4050283
0.39215625
0.36832609
0.3774452
0.38485569
0.33640835
0.34171966
0.34601328
0.30502232
0.30678986
0.30821142
0.39076106
0.39450076
0.39640343
0.34942046
0.35157158
0.35266408
0.30933488
0.31004209
0.31040064
0.26709061
0.33807137
0.4065422
0.27699329
0.3500401
0.42011781
0.28518538
0.35990592
0.43125656
0.27762052
0.35061557
0.42049661
0.2569503
0.32530876
0.39130993
0.23685745
0.30058548
0.36262217
0.45141694
0.44098333
0.42819936
0.42147109
0.41320792
0.40303736
0.39187915
0.38565054
0.37794959
0.38673177
0.32087171
0.25302965
0.36455341
0.30183931
0.23761548
0.34244047
0.28295631
0.22238348
0.22115153
0.22887988
0.23526359
0.20684838
0.2129265
0.21791895
0.19278971
0.19734097
0.20105879
0.22494787
0.28590578
0.34555474
0.22139884
0.28158332
0.34060781
0.21703712
0.27625716
0.33449086
0.21625808
0.27511175
0.332882
0.19727828
0.25152599
0.30518018
0.17880693
0.22846557
0.27793984
0.36103496
0.35680964
0.35156084
0.33215092
0.32969232
0.3266246
0.30360219
0.30278533
0.3017616
0.17821531
0.18128235
0.18377359
0.16463982
0.16641391
0.1678474
0.15129047
0.15187665
0.15234785
0.16926079
0.16926079
0.16926079
0.21650635
0.21650635
0.21650635
0.26375191
0.26375191
0.26375191
0.16926079
0.16926079
0.16926079
0.21650635
0.21650635
0.21650635
0.26375191
0.26375191
0.26375191
0.16926079
0.16926079
0.16926079
0.21650635
0.21650635
0.21650635
0.26375191
0.26375191
0.26375191
0.16926079
0.16926079
0.16926079
0.21650635
0.21650635
0.21650635
0.26375191
0.26375191
0.26375191
0.16926079
0.16926079
0.16926079
0.21650635
0.21650635
0.21650635
0.26375191
0.26375191
0.26375191
0.16926079
0.16926079
0.16926079
0.21650635
0.21650635
0.21650635
0.26375191
0.26375191
0.26375191
0.16926079
0.16926079
0.16926079
0.21650635
0.21650635
0.21650635
0.26375191
0.26375191
0.26375191
0.16926079
0.16926079
0.16926079
0.21650635
0.21650635
0.21650635
0.26375191
0.26375191
0.26375191
0.16926079
0.16926079
0.16926079
0.21650635
0.21650635
0.21650635
0.26375191
0.26375191
0.26375191
0.21730139
0.27638156
0.33433361
0.19787639
0.25225654
0.30601895
0.17900282
0.22870564
0.27821662
0.21874361
0.27813518
0.33633566
0.19870155
0.25326352
0.30717373
0.17927255
0.22903594
0.27859701
0.21947701
0.27902617
0.33735172
0.19912042
0.25377431
0.30775888
0.17940924
0.22920322
0.27878947
0.21947701
0.27902617
0.33735172
0.19912042
0.25377431
0.30775888
0.17940924
0.22920322
0.27878947
0.21874361
0.27813518
0.33633566
0.19870155
0.25326352
0.30717373
0.17927255
0.22903594
0.27859701
0.21730139
0.27638156
0.33433361
0.19787639
0.25225654
0.30601895
0.17900282
0.22870564
0.27821662
0.21502204
0.27360603
0.33115866
0.19656837
0.25065821
0.30418278
0.17857401
0.22817991
0.27761019
0.21215835
0.27011199
0.32715104
0.19491823
0.2486382
0.30185647
0.17803085
0.22751292
0.27683908
0.2086292
0.26579534
0.32218341
0.19287413
0.24613034
0.29895959
0.17735461
0.22668083
0.27587445
0.38740692
0.37964677
0.37010408
0.39093439
0.38268809
0.37255684
0.39272855
0.38423377
0.37380188
0.34748517
0.34299233
0.33743792
0.34951624
0.34474712
0.33885573
0.35054751
0.34563748
0.33957432
0.30869669
0.30721018
0.30536283
0.30936503
0.30778866
0.30583094
0.30970381
0.30808171
0.30606783
0.39272855
0.38423377
0.37380188
0.39093439
0.38268809
0.37255684
0.38740692
0.37964677
0.37010408
0.35054751
0.34563748
0.33957432
0.34951624
0.34474712
0.33885573
0.34748517
0.34299233
0.33743792
0.30970381
0.30808171
0.30606783
0.30936503
0.30778866
0.30583094
0.30869669
0.30721018
0.30536283
0.27443485
0.34677967
0.41616758
0.26713186
0.33796663
0.40619302
0.25827801
0.32724569
0.39400554
0.25446366
0.32230263
0.38790106
0.24874288
0.31537299
0.38002253
0.24176916
0.30689972
0.37035021
0.23500918
0.29834256
0.36006702
0.23074228
0.29315536
0.35414369
0.2255129
0.28678049
0.34683744
0.21502204
0.27360603
0.33115866
0.21215835
0.27011199
0.32715104
0.2086292
0.26579534
0.32218341
0.19656837
0.25065821
0.30418278
0.19491823
0.2486382
0.30185647
0.19287413
0.24613034
0.29895959
0.17857401
0.22817991
0.27761019
0.17803085
0.22751292
0.27683908
0.17735461
0.22668083
0.27587445
0.28867513
0.28867513
0.28867513
-0.14433757
0
0.14433757
0.4330127
0.36084392
-0.14433757
-5.8546917e-18
0.14433757
-0.14433757
-5.8546917e-18
0.14433757
0.28867513
-0.18319635
-1.3010426e-18
0.18319635
0.47240707
0.37864925
0.47240707
0.37864925
-0.14433757
1.8973538e-19
0.14433757
-0.19368993
5.3125906e-18
0.19368993
-0.19368993
7.0473141e-18
0.19368993
0.54236453
0.40974402
-0.14433757
-0.14433757
-0.14433757
-0.14433757
-0.14433757
-0.14433757
-0.14433757
-0.14433757
-0.14433757
-0.14433757
-0.14433757
-0.14433757
-7.3725748e-18
-1.2319247e-17
2.1656515e-18
-1.7347235e-18
-3.3610267e-18
-7.8316666e-18
-1.7347235e-18
-3.3610267e-18
-7.8316666e-18
-1.1058862e-17
2.0464316e-18
-9.0761698e-18
-0.11941434
-0.072168784
-0.024923225
-0.11941434
-0.072168784
-0.024923225
-0.11941434
-0.072168784
-0.024923225
-0.11941434
-0.072168784
-0.024923225
0.14433757
0.14433757
0.14433757
0.14433757
0.14433757
0.14433757
0.14433757
0.14433757
0.14433757
0.14433757
0.14433757
0.14433757
0.024923225
0.072168784
0.11941434
0.024923225
0.072168784
0.11941434
0.024923225
0.072168784
0.11941434
0.024923225
0.072168784
0.11941434
0.28867513
0.28867513
0.28867513
0.28867513
0.28867513
0.28867513
0.28867513
0.28867513
0.28867513
0.28867513
0.28867513
0.28867513
0.26375191
0.21650635
0.16926079
0.26375191
0.21650635
0.16926079
0.26375191
0.21650635
0.16926079
0.26375191
0.21650635
0.16926079
-0.1854698
-0.18926312
-0.19235298
-0.15093503
-0.16356894
-0.17637257
-0.15255002
-0.16846444
-0.18484957
-7.2641546e-18
8.5245396e-18
-5.4836913e-18
-2.6020852e-18
-1.8431437e-18
1.3027367e-18
-8.998878e-18
1.9109063e-18
1.4871993e-17
-0.16063405
-0.097405832
-0.033696021
-0.15180621
-0.091947467
-0.031789198
0.1854698
0.18926312
0.19235298
0.15093503
0.16356894
0.17637257
0.15255002
0.16846444
0.18484957
0.033696021
0.097405832
0.16063405
0.031789198
0.091947467
0.15180621
0.36474496
0.3712003
0.37640913
0.30113675
0.32475953
0.34838231
0.30395098
0.33320369
0.36284937
0.34768534
0.28777162
0.22648244
0.3308016
0.27305464
0.21442052
-0.1854698
-0.18926312
-0.19235298
8.2399365e-18
7.0337616e-18
4.2199181e-18
-0.16063405
-0.097405832
-0.033696021
-0.15255002
-0.16846444
-0.18484957
-7.2641546e-18
3.7811551e-18
1.567011e-19
0.1854698
0.18926312
0.19235298
0.033696021
0.097405832
0.16063405
0.15255002
0.16846444
0.18484957
0.48725134
0.51239955
0.5332435
0.44150297
0.45572427
0.46735889
0.44150297
0.45572427
0.46735889
0.48725134
0.51239955
0.5332435
0.38538234
0.39662121
0.40577998
0.36474496
0.3712003
0.37640913
0.38538234
0.39662121
0.40577998
0.51856807
0.4745094
0.4317745
0.455937
0.42504043
0.39456189
0.42055109
0.39692831
0.37330553
0.455937
0.42504043
0.39456189
0.30882153
0.34786205
0.38805727
0.30395098
0.33320369
0.36284937
-0.14433757
-0.14433757
-0.14433757
-0.14433757
-0.14433757
-0.14433757
-0.14433757
-0.14433757
-0.14433757
-0.11941434
-0.11941434
-0.11941434
-0.072168784
-0.072168784
-0.072168784
-0.024923225
-0.024923225
-0.024923225
-0.11941434
-0.11941434
-0.11941434
-0.072168784
-0.072168784
-0.072168784
-0.024923225
-0.024923225
-0.024923225
-0.11941434
-0.11941434
-0.11941434
-0.072168784
-0.072168784
-0.072168784
-0.024923225
-0.024923225
-0.024923225
-0.11941434
-0.11941434
-0.11941434
-0.072168784
-0.072168784
-0.072168784
-0.024923225
-0.024923225
-0.024923225
1.6700992e-18
-2.1144589e-17
-4.3647608e-18
7.0997243e-18
1.2359905e-17
-1.0516761e-17
-1.3400061e-17
-2.5261911e-17
-1.7347235e-18
0.024923225
0.024923225
0.024923225
0.072168784
0.072168784
0.072168784
0.11941434
0.11941434
0.11941434
0.024923225
0.024923225
0.024923225
0.072168784
0.072168784
0.072168784
0.11941434
0.11941434
0.11941434
0.024923225
0.024923225
0.024923225
0.072168784
0.072168784
0.072168784
0.11941434
0.11941434
0.11941434
0.024923225
0.024923225
0.024923225
0.072168784
0.072168784
0.072168784
0.11941434
0.11941434
0.11941434
0.14433757
0.14433757
0.14433757
0.14433757
0.14433757
0.14433757
0.14433757
0.14433757
0.14433757
0.16926079
0.16926079
0.16926079
0.21650635
0.21650635
0.21650635
0.26375191
0.26375191
0.26375191
0.16926079
0.16926079
0.16926079
0.21650635
0.21650635
0.21650635
0.26375191
0.26375191
0.26375191
0.16926079
0.16926079
0.16926079
0.21650635
0.21650635
0.21650635
0.26375191
0.26375191
0.26375191
0.16926079
0.16926079
0.16926079
0.21650635
0.21650635
0.21650635
0.26375191
0.26375191
0.26375191
0.28867513
0.28867513
0.28867513
0.28867513
0.28867513
0.28867513
0.28867513
0.28867513
0.28867513
-0.15234785
-0.15187665
-0.15129047
-0.1678474
-0.16641391
-0.16463982
-0.18377359
-0.18128235
-0.17821531
-0.15950801
-0.15690705
-0.15371676
-0.09670848
-0.095098959
-0.093127102
-0.033452217
-0.032889719
-0.032200999
-0.14610799
-0.13542786
-0.12490408
-0.088459636
-0.081932164
-0.075512649
-0.030576941
-0.02830992
-0.026082573
-0.12625881
-0.13953897
-0.1532349
-0.076346986
-0.084467873
-0.092862461
-0.026373453
-0.029194637
-0.032114341
-2.1450527e-17
-3.635783e-18
-1.8126505e-19
-2.3602573e-18
-1.0232158e-17
4.3910188e-18
5.9800526e-18
-1.474515e-17
-1.3010426e-18
0.033452217
0.032889719
0.032200999
0.09670848
0.095098959
0.093127102
0.15950801
0.15690705
0.15371676
0.030576941
0.02830992
0.026082573
0.088459636
0.081932164
0.075512649
0.14610799
0.13542786
0.12490408
0.026373453
0.029194637
0.032114341
0.076346986
0.084467873
0.092862461
0.12625881
0.13953897
0.1532349
0.18377359
0.18128235
0.17821531
0.1678474
0.16641391
0.16463982
0.15234785
0.15187665
0.15129047
0.22494787
0.22139884
0.21703712
0.28590578
0.28158332
0.27625716
0.34555474
0.34060781
0.33449086
0.2065069
0.19163929
0.17694426
0.26319381
0.24461235
0.22617501
0.31918082
0.29720144
0.27528662
0.17880693
0.19727828
0.21625808
0.22846557
0.25152599
0.27511175
0.27793984
0.30518018
0.332882
0.36103496
0.35680964
0.35156084
0.33215092
0.32969232
0.3266246
0.30360219
0.30278533
0.3017616
-0.033452217
-0.032889719
-0.032200999
-0.09670848
-0.095098959
-0.093127102
-0.15950801
-0.15690705
-0.15371676
-0.18377359
-0.18128235
-0.17821531
-0.1678474
-0.16641391
-0.16463982
-0.15234785
-0.15187665
-0.15129047
-3.2509125e-18
1.128142e-18
2.4410265e-19
2.7105054e-18
-2.5817564e-18
3.7745906e-19
-4.3368087e-19
-2.6020852e-18
-3.5600795e-18
-0.032114341
-0.092862461
-0.1532349
-0.029194637
-0.084467873
-0.13953897
-0.026373453
-0.076346986
-0.12625881
0.15950801
0.15690705
0.15371676
0.09670848
0.095098959
0.093127102
0.033452217
0.032889719
0.032200999
0.17821531
0.18128235
0.18377359
0.16463982
0.16641391
0.1678474
0.15129047
0.15187665
0.15234785
0.1532349
0.092862461
0.032114341
0.13953897
0.084467873
0.029194637
0.12625881
0.076346986
0.026373453
0.48136214
0.46781941
0.45132243
0.50505703
0.48822494
0.46781941
0.52466922
0.50505703
0.48136214
0.51043472
0.49181143
0.4692747
0.46813286
0.45347902
0.43564612
0.42701259
0.41603046
0.40259239
0.45141694
0.44098333
0.42819936
0.42147109
0.41320792
0.40303736
0.39187915
0.38565054
0.37794959
0.42819936
0.44098333
0.45141694
0.40303736
0.41320792
0.42147109
0.37794959
0.38565054
0.39187915
0.4692747
0.49181143
0.51043472
0.43564612
0.45347902
0.46813286
0.40259239
0.41603046
0.42701259
0.4020404
0.39339497
0.38277607
0.39339497
0.38592468
0.3767269
0.38277607
0.3767269
0.36925134
0.38485569
0.3774452
0.36832609
0.34601328
0.34171966
0.33640835
0.30821142
0.30678986
0.30502232
0.36103496
0.35680964
0.35156084
0.33215092
0.32969232
0.3266246
0.30360219
0.30278533
0.3017616
0.36832609
0.3774452
0.38485569
0.33640835
0.34171966
0.34601328
0.30502232
0.30678986
0.30821142
-0.11941434
-0.11941434
-0.11941434
-0.11941434
-0.11941434
-0.11941434
-0.11941434
-0.11941434
-0.11941434
-0.072168784
-0.072168784
-0.072168784
-0.072168784
-0.072168784
-0.072168784
-0.072168784
-0.072168784
-0.072168784
-0.024923225
-0.024923225
-0.024923225
-0.024923225
-0.024923225
-0.024923225
-0.024923225
-0.024923225
-0.024923225
0.024923225
0.024923225
0.024923225
0.024923225
0.024923225
0.024923225
0.024923225
0.024923225
0.024923225
0.072168784
0.072168784
0.072168784
0.072168784
0.072168784
0.072168784
0.072168784
0.072168784
0.072168784
0.11941434
0.11941434
0.11941434
0.11941434
0.11941434
0.11941434
0.11941434
0.11941434
0.11941434
0.16926079
0.16926079
0.16926079
0.16926079
0.16926079
0.16926079
0.16926079
0.16926079
0.16926079
0.21650635
0.21650635
0.21650635
0.21650635
0.21650635
0.21650635
0.21650635
0.21650635
0.21650635
0.26375191
0.26375191
0.26375191
0.26375191
0.26375191
0.26375191
0.26375191
0.26375191
0.26375191
-0.15232928
-0.15023361
-0.14765571
-0.13902028
-0.13781586
-0.13632636
-0.12608908
-0.12569362
-0.12520201
-0.092302161
-0.091006511
-0.089414503
-0.084147523
-0.083404136
-0.0824857
-0.076242327
-0.075998632
-0.075695943
-0.031918549
-0.031465955
-0.030910145
-0.029082793
-0.028823335
-0.028502938
-0.026336944
-0.026251958
-0.026146444
0.031918549
0.031465955
0.030910145
0.029082793
0.028823335
0.028502938
0.026336944
0.026251958
0.026146444
0.092302161
0.091006511
0.089414503
0.084147523
0.083404136
0.0824857
0.076242327
0.075998632
0.075695943
0.15232928
0.15023361
0.14765571
0.13902028
0.13781586
0.13632636
0.12608908
0.12569362
0.12520201
0.21502204
0.21215835
0.2086292
0.19656837
0.19491823
0.19287413
0.17857401
0.17803085
0.17735461
0.27360603
0.27011199
0.26579534
0.25065821
0.2486382
0.24613034
0.22817991
0.22751292
0.22668083
0.33115866
0.32715104
0.32218341
0.30418278
0.30185647
0.29895959
0.27761019
0.27683908
0.27587445
-0.15232928
-0.15023361
-0.14765571
-0.092302161
-0.091006511
-0.089414503
-0.031918549
-0.031465955
-0.030910145
-0.13902028
-0.13781586
-0.13632636
-0.084147523
-0.083404136
-0.0824857
-0.029082793
-0.028823335
-0.028502938
-0.12608908
-0.12569362
-0.12520201
-0.076242327
-0.075998632
-0.075695943
-0.026336944
-0.026251958
-0.026146444
0.031918549
0.031465955
0.030910145
0.092302161
0.091006511
0.089414503
0.15232928
0.15023361
0.14765571
0.029082793
0.028823335
0.028502938
0.084147523
0.083404136
0.0824857
0.13902028
0.13781586
0.13632636
0.026336944
0.026251958
0.026146444
0.076242327
0.075998632
0.075695943
0.12608908
0.12569362
0.12520201
0.50278377
0.48525025
0.46400471
0.48525025
0.47018262
0.45186615
0.46400471
0.45186615
0.43704237
0.46212732
0.44831578
0.43148865
0.44831578
0.43641919
0.42188331
0.43148865
0.42188331
0.41009744
0.42252275
0.41216138
0.39947009
0.41216138
0.40321767
0.3922346
0.39947009
0.3922346
0.38331489
0.38183383
0.37483534
0.3662157
0.37483534
0.36878219
0.36130984
0.3662157
0.36130984
0.35523236
0.34426669
0.34020838
0.33518431
0.34020838
0.33669224
0.33233052
0.33518431
0.33233052
0.32877894
0.30763456
0.30628989
0.30461684
0.30628989
0.3051231
0.30366876
0.30461684
0.30366876
0.30248349
