MFEM mesh v1.0

#
# MFEM Geometry Types (see mesh/geom.hpp):
#
# POINT       = 0
# SEGMENT     = 1
# TRIANGLE    = 2
# SQUARE      = 3
# TETRAHEDRON = 4
# CUBE        = 5
#

dimension
3

elements
8
1 5 0 1 7 2 5 8 19 11
1 5 5 8 19 11 6 9 21 13
1 5 11 19 20 10 13 21 22 12
1 5 0 1 8 5 4 14 23 16
1 5 5 8 9 6 16 23 24 15
1 5 0 2 17 4 5 11 25 16
1 5 2 3 18 17 11 10 26 25
1 5 5 11 25 16 6 13 27 15

boundary
26
1 3 2 7 1 0
1 3 0 1 14 4
1 3 4 17 2 0
1 3 17 18 3 2
7 3 1 7 19 8
7 3 7 2 11 19
7 3 2 3 10 11
7 3 10 20 19 11
7 3 8 19 21 9
7 3 6 9 21 13
7 3 19 20 22 21
7 3 20 10 12 22
7 3 10 11 13 12
7 3 13 21 22 12
7 3 1 8 23 14
7 3 4 14 23 16
7 3 8 9 24 23
7 3 9 6 15 24
7 3 16 23 24 15
7 3 17 4 16 25
7 3 3 18 26 10
7 3 18 17 25 26
7 3 11 10 26 25
7 3 11 25 27 13
7 3 25 16 15 27
7 3 6 13 27 15

vertices
28

nodes
FiniteElementSpace
FiniteElementCollection: H1_3D_P4
VDim: 3
Ordering: 0

-0.57735027
-0.31000795
-0.67227043
-0.70710678
-0.67227043
-0.50518149
-0.4330127
-0.37298049
-0.26592163
-0.22368927
-0.59335069
-0.57019239
-0.48603889
-0.47240707
-0.37298049
-0.47240707
-0.57019239
-0.84957113
-0.91774188
-0.30722904
-0.3224644
-0.24775119
-0.25629728
-0.30722904
-0.24775119
-0.68827279
-0.73185567
-0.54236453
-0.53562341
-0.45112133
-0.36020918
-0.32278198
-0.34512795
-0.36435579
-0.6278812
-0.53501952
-0.4314642
-0.59712124
-0.63106638
-0.65963981
-0.46672901
-0.39031051
-0.30979848
-0.27450123
-0.28926139
-0.30171525
-0.52936069
-0.44639856
-0.35681328
-0.51895855
-0.54232058
-0.56170451
-0.56488866
-0.54126588
-0.5176431
-0.30225771
-0.2877255
-0.27339838
-0.36113607
-0.33926012
-0.31810788
-0.65432542
-0.62067735
-0.58750416
-0.39845788
-0.33097257
-0.26123552
-0.22879749
-0.23744835
-0.24461567
-0.43609876
-0.3642077
-0.28876571
-0.44150297
-0.45572427
-0.46735889
-0.49271987
-0.46909709
-0.44547431
-0.25850013
-0.24458109
-0.23085435
-0.2965368
-0.2767634
-0.25761269
-0.55300856
-0.52078024
-0.48899717
-0.31195018
-0.31857997
-0.32199842
-0.55184515
-0.4667897
-0.37407891
-0.59264872
-0.58748697
-0.57741475
-0.25041783
-0.25413461
-0.25603842
-0.4492025
-0.37588867
-0.29851333
-0.4856287
-0.48260673
-0.47668054
-0.31047167
-0.28840695
-0.26717658
-0.57437618
-0.53892397
-0.50413239
-0.6278812
-0.53501952
-0.4314642
-0.36113607
-0.33926012
-0.31810788
-0.52936069
-0.44639856
-0.35681328
-0.65432542
-0.62067735
-0.58750416
-0.59712124
-0.63106638
-0.65963981
-0.32278198
-0.34512795
-0.36435579
-0.27450123
-0.28926139
-0.30171525
-0.51895855
-0.54232058
-0.56170451
-0.2965368
-0.2767634
-0.25761269
-0.43609876
-0.3642077
-0.28876571
-0.48899717
-0.52078024
-0.55300856
-0.22879749
-0.23744835
-0.24461567
-0.44150297
-0.45572427
-0.46735889
-0.70822101
-0.77112957
-0.82527783
-0.70822101
-0.77112957
-0.82527783
-0.59470673
-0.6368947
-0.67250374
-0.59470673
-0.6368947
-0.67250374
-0.82051496
-0.76684993
-0.71496025
-0.68307557
-0.69823377
-0.70604267
-0.74943575
-0.8239692
-0.88860063
-0.87053063
-0.90021342
-0.91563372
-0.62192553
-0.67132121
-0.71323188
-0.70177661
-0.72074224
-0.73052242
-0.68697873
-0.64938746
-0.6125172
-0.88394836
-0.82189162
-0.76232533
-0.48725134
-0.51239955
-0.5332435
-0.48725134
-0.51239955
-0.5332435
-0.66204309
-0.61353593
-0.56655631
-0.61552794
-0.52366827
-0.42174123
-0.58766974
-0.49820397
-0.40002382
-0.55473086
-0.46833285
-0.37471292
-0.52368231
-0.44051335
-0.35136805
-0.50109777
-0.4205284
-0.33476634
-0.47858047
-0.40070419
-0.31836818
-0.31425168
-0.3351712
-0.35310887
-0.29830605
-0.31665882
-0.33229368
-0.282648
-0.29860564
-0.31211416
-0.41806085
-0.51922515
-0.61047448
-0.39325467
-0.48985902
-0.57793621
-0.36920602
-0.46122132
-0.54598479
-0.64246372
-0.61558535
-0.58357371
-0.61021076
-0.58641982
-0.5579509
-0.57835327
-0.55748885
-0.53240437
-0.47994278
-0.40205775
-0.31958805
-0.50242182
-0.422147
-0.33639963
-0.52114291
-0.43897996
-0.35055483
-0.45489614
-0.37996074
-0.30128386
-0.43251607
-0.36046079
-0.28529244
-0.41020232
-0.34111577
-0.26949349
-0.26643124
-0.28003783
-0.29148121
-0.25134031
-0.26287626
-0.27251983
-0.23651425
-0.24612485
-0.25411168
-0.34461701
-0.43176726
-0.51289327
-0.32202007
-0.40454392
-0.48209907
-0.30008244
-0.37797121
-0.45184539
-0.54516274
-0.52721639
-0.50553381
-0.51409544
-0.49875865
-0.48014297
-0.48340205
-0.470527
-0.45482738
-0.4065422
-0.33807137
-0.26709061
-0.42011781
-0.3500401
-0.27699329
-0.43125656
-0.35990592
-0.28518538
-0.55116224
-0.46616835
-0.37355141
-0.54614326
-0.46160566
-0.36968063
-0.53636295
-0.45273421
-0.36216784
-0.30086034
-0.30692361
-0.31004621
-0.28038435
-0.28544967
-0.2880526
-0.26059351
-0.26475334
-0.26688643
-0.36042754
-0.45048953
-0.53360195
-0.33525945
-0.42029804
-0.49962501
-0.31097955
-0.39099869
-0.46641834
-0.57372932
-0.56897123
-0.55967856
-0.53837604
-0.53434305
-0.52645361
-0.5036764
-0.50031807
-0.49373779
-0.44020226
-0.36785939
-0.29180896
-0.44589941
-0.37293873
-0.29604809
-0.4488076
-0.3755358
-0.29821831
-0.55473086
-0.46833285
-0.37471292
-0.58766974
-0.49820397
-0.40002382
-0.61552794
-0.52366827
-0.42174123
-0.31425168
-0.29830605
-0.282648
-0.3351712
-0.31665882
-0.29860564
-0.35310887
-0.33229368
-0.31211416
-0.31958805
-0.40205775
-0.47994278
-0.33639963
-0.422147
-0.50242182
-0.35055483
-0.43897996
-0.52114291
-0.53240437
-0.5579509
-0.58357371
-0.55748885
-0.58641982
-0.61558535
-0.57835327
-0.61021076
-0.64246372
-0.61047448
-0.51922515
-0.41806085
-0.57793621
-0.48985902
-0.39325467
-0.54598479
-0.46122132
-0.36920602
-0.26643124
-0.25134031
-0.23651425
-0.28003783
-0.26287626
-0.24612485
-0.29148121
-0.27251983
-0.25411168
-0.26709061
-0.33807137
-0.4065422
-0.27699329
-0.3500401
-0.42011781
-0.28518538
-0.35990592
-0.43125656
-0.45482738
-0.48014297
-0.50553381
-0.470527
-0.49875865
-0.52721639
-0.48340205
-0.51409544
-0.54516274
-0.51289327
-0.43176726
-0.34461701
-0.48209907
-0.40454392
-0.32202007
-0.45184539
-0.37797121
-0.30008244
-0.69333656
-0.7521652
-0.80266349
-0.65977922
-0.70963766
-0.7521652
-0.62011882
-0.65977922
-0.69333656
-0.68816517
-0.74720572
-0.7978477
-0.65067493
-0.70272461
-0.74708153
-0.61386084
-0.65934685
-0.69786565
-0.7978477
-0.74720572
-0.68816517
-0.74708153
-0.70272461
-0.65067493
-0.69786565
-0.65934685
-0.61386084
-0.5349304
-0.56211294
-0.58476185
-0.56211294
-0.59597986
-0.62437531
-0.58476185
-0.62437531
-0.65774542
-0.84476821
-0.8723379
-0.8866454
-0.78743445
-0.81043561
-0.82234343
-0.72097901
-0.73891546
-0.74817327
-0.66446322
-0.67867041
-0.68598265
-0.62960702
-0.64209671
-0.64851389
-0.59529774
-0.60617749
-0.61175802
-0.72674901
-0.79654723
-0.85683638
-0.68452354
-0.74581288
-0.79837071
-0.64328968
-0.69664858
-0.74208589
-0.88199055
-0.86766251
-0.84004528
-0.82019894
-0.80779937
-0.7838403
-0.76087379
-0.75023088
-0.72961731
-0.60318202
-0.61502184
-0.62109864
-0.64758889
-0.66256691
-0.67027185
-0.68513266
-0.70285493
-0.71198729
-0.57573314
-0.61473255
-0.64754393
-0.5402524
-0.57349714
-0.60129899
-0.50539442
-0.53324724
-0.55640335
-0.64754393
-0.61473255
-0.57573314
-0.60129899
-0.57349714
-0.5402524
-0.55640335
-0.53324724
-0.50539442
-0.45132243
-0.46781941
-0.48136214
-0.46781941
-0.48822494
-0.50505703
-0.48136214
-0.50505703
-0.52466922
-0.54171615
-0.45672011
-0.36499811
-0.57273258
-0.48477477
-0.38871693
-0.59889421
-0.508618
-0.40900023
-0.51716093
-0.43490161
-0.34680988
-0.544668
-0.45966172
-0.36765691
-0.56775224
-0.48058561
-0.38537344
-0.49275648
-0.41333483
-0.32891357
-0.51692722
-0.43498899
-0.34707236
-0.53711009
-0.45318612
-0.36241041
-0.46717045
-0.3908489
-0.31034083
-0.48800416
-0.40942271
-0.32585251
-0.50530977
-0.42494101
-0.33887239
-0.44307148
-0.36978595
-0.29302279
-0.46091144
-0.38561928
-0.30619588
-0.47565774
-0.39877664
-0.31718848
-0.41911909
-0.3489618
-0.27597604
-0.43412588
-0.36222233
-0.28696825
-0.44647023
-0.3731833
-0.29608868
-0.51934883
-0.43759077
-0.34952621
-0.52835597
-0.44573542
-0.35640517
-0.53297384
-0.44991991
-0.35994532
-0.48757248
-0.40945418
-0.32614005
-0.4951941
-0.41630644
-0.33189929
-0.4990948
-0.41982009
-0.33485691
-0.45640473
-0.38203968
-0.30348081
-0.46274118
-0.38770503
-0.30822029
-0.46597858
-0.39060457
-0.31064922
-0.54171615
-0.45672011
-0.36499811
-0.51716093
-0.43490161
-0.34680988
-0.49275648
-0.41333483
-0.32891357
-0.57273258
-0.48477477
-0.38871693
-0.544668
-0.45966172
-0.36765691
-0.51692722
-0.43498899
-0.34707236
-0.59889421
-0.508618
-0.40900023
-0.56775224
-0.48058561
-0.38537344
-0.53711009
-0.45318612
-0.36241041
-0.46717045
-0.3908489
-0.31034083
-0.44307148
-0.36978595
-0.29302279
-0.41911909
-0.3489618
-0.27597604
-0.48800416
-0.40942271
-0.32585251
-0.46091144
-0.38561928
-0.30619588
-0.43412588
-0.36222233
-0.28696825
-0.50530977
-0.42494101
-0.33887239
-0.47565774
-0.39877664
-0.31718848
-0.44647023
-0.3731833
-0.29608868
-0.60529423
-0.64266612
-0.67420215
-0.64266612
-0.68956937
-0.72945518
-0.67420215
-0.72945518
-0.77672593
-0.57732426
-0.61051328
-0.63837835
-0.61051328
-0.652041
-0.6871559
-0.63837835
-0.6871559
-0.72862758
-0.54952602
-0.57873139
-0.60312952
-0.57873139
-0.61517064
-0.6458116
-0.60312952
-0.6458116
-0.68188046
-0.70012126
-0.71691136
-0.72556884
-0.76244938
-0.78392583
-0.79503163
-0.81602832
-0.84170847
-0.85501838
-0.66118413
-0.67591135
-0.68349104
-0.71606589
-0.73481732
-0.74449347
-0.7629281
-0.78525217
-0.79679546
-0.62301523
-0.63581745
-0.64239441
-0.67092134
-0.68715175
-0.6955098
-0.71156067
-0.73080435
-0.74073227
-0.52038189
-0.54559501
-0.56654839
-0.54559501
-0.57696496
-0.60319131
-0.56654839
-0.60319131
-0.63396282
-0.49293162
-0.51455559
-0.53243852
-0.51455559
-0.54139366
-0.56371075
-0.53243852
-0.56371075
-0.58981969
-0.46564831
-0.48386809
-0.49886301
-0.48386809
-0.50642978
-0.52509184
-0.49886301
-0.52509184
-0.54686566
-0.57735027
-0.67227043
-0.31000795
-3.1225023e-17
-0.67227043
-0.50518149
-0.4330127
-0.37298049
-0.57019239
-0.47240707
2.9273459e-18
-0.26592163
5.0957502e-18
-0.22368927
-0.84957113
-0.47240707
-0.57019239
-0.37298049
-4.7704896e-18
-0.30722904
6.0986372e-18
-0.24775119
-7.3251409e-18
-0.68827279
-0.54236453
-0.30722904
2.4733362e-19
-0.24775119
-0.59712124
-0.63106638
-0.65963981
-0.6278812
-0.53501952
-0.4314642
-0.32278198
-0.34512795
-0.36435579
-0.53562341
-0.45112133
-0.36020918
-0.51895855
-0.54232058
-0.56170451
-0.52936069
-0.44639856
-0.35681328
-0.27450123
-0.28926139
-0.30171525
-0.46672901
-0.39031051
-0.30979848
-0.56488866
-0.54126588
-0.5176431
-0.65432542
-0.62067735
-0.58750416
-0.36113607
-0.33926012
-0.31810788
-0.30225771
-0.2877255
-0.27339838
-0.44150297
-0.45572427
-0.46735889
-0.43609876
-0.3642077
-0.28876571
-0.22879749
-0.23744835
-0.24461567
-0.39845788
-0.33097257
-0.26123552
-0.49271987
-0.46909709
-0.44547431
-0.55300856
-0.52078024
-0.48899717
-0.2965368
-0.2767634
-0.25761269
-0.25850013
-0.24458109
-0.23085435
-0.25627281
-0.15665737
-0.054417567
2.4821639e-18
3.1539272e-18
5.3600245e-18
-0.046712443
-0.13473355
-0.22122909
-0.20603062
-0.12540839
-0.043467228
-5.6670475e-18
-5.1067616e-18
4.9009326e-18
-0.03904111
-0.11277388
-0.18570841
-9.0196204e-18
-5.91229e-19
-1.8465318e-19
2.602297e-18
3.9166803e-18
-1.6805134e-18
-0.70822101
-0.77112957
-0.82527783
-0.82051496
-0.76684993
-0.71496025
-0.59470673
-0.6368947
-0.67250374
-0.65432542
-0.62067735
-0.58750416
-0.59712124
-0.63106638
-0.65963981
-0.70822101
-0.77112957
-0.82527783
-0.59470673
-0.6368947
-0.67250374
-0.51895855
-0.54232058
-0.56170451
-0.66204309
-0.61353593
-0.56655631
-0.48725134
-0.51239955
-0.5332435
-0.48899717
-0.52078024
-0.55300856
-0.48725134
-0.51239955
-0.5332435
-0.44150297
-0.45572427
-0.46735889
-0.32278198
-0.34512795
-0.36435579
-0.6278812
-0.53501952
-0.4314642
-0.27450123
-0.28926139
-0.30171525
-0.52936069
-0.44639856
-0.35681328
-0.36113607
-0.33926012
-0.31810788
-0.25848698
-0.15792154
-0.054840668
-8.6466182e-18
-1.5612511e-17
-9.5409791e-18
-0.31218017
-0.19175207
-0.066774181
3.3944845e-18
9.0124306e-19
2.5986971e-18
-0.25627281
-0.15665737
-0.054417567
6.4987544e-18
-1.5043305e-18
8.3483567e-18
-1.0713643e-19
2.6935648e-19
1.9176826e-18
-0.22879749
-0.23744835
-0.24461567
-0.43609876
-0.3642077
-0.28876571
-0.2965368
-0.2767634
-0.25761269
-0.37471292
-0.40002382
-0.42174123
-0.46833285
-0.49820397
-0.52366827
-0.55473086
-0.58766974
-0.61552794
-0.58357371
-0.61558535
-0.64246372
-0.5579509
-0.58641982
-0.61021076
-0.53240437
-0.55748885
-0.57835327
-0.61047448
-0.51922515
-0.41806085
-0.57793621
-0.48985902
-0.39325467
-0.54598479
-0.46122132
-0.36920602
-0.35310887
-0.3351712
-0.31425168
-0.33229368
-0.31665882
-0.29830605
-0.31211416
-0.29860564
-0.282648
-0.35136805
-0.44051335
-0.52368231
-0.33476634
-0.4205284
-0.50109777
-0.31836818
-0.40070419
-0.47858047
-0.47994278
-0.50242182
-0.52114291
-0.40205775
-0.422147
-0.43897996
-0.31958805
-0.33639963
-0.35055483
-0.50553381
-0.52721639
-0.54516274
-0.48014297
-0.49875865
-0.51409544
-0.45482738
-0.470527
-0.48340205
-0.51289327
-0.43176726
-0.34461701
-0.48209907
-0.40454392
-0.32202007
-0.45184539
-0.37797121
-0.30008244
-0.29148121
-0.28003783
-0.26643124
-0.27251983
-0.26287626
-0.25134031
-0.25411168
-0.24612485
-0.23651425
-0.30128386
-0.37996074
-0.45489614
-0.28529244
-0.36046079
-0.43251607
-0.26949349
-0.34111577
-0.41020232
-0.4065422
-0.42011781
-0.43125656
-0.33807137
-0.3500401
-0.35990592
-0.26709061
-0.27699329
-0.28518538
-0.048302401
-0.051050476
-0.05338174
-0.13926427
-0.14708688
-0.15371483
-0.22849233
-0.24100674
-0.2515843
-0.24721777
-0.1510053
-0.052433323
-0.23049878
-0.14059278
-0.048782057
-0.21433924
-0.13055732
-0.045268158
6.4479457e-18
1.0566667e-17
1.3722545e-17
-3.0250723e-18
4.5672811e-18
7.1343463e-18
1.8931186e-18
5.3470014e-18
1.0066676e-17
-0.045356276
-0.13085675
-0.21497499
-0.042822107
-0.12360635
-0.20325928
-0.040334793
-0.11648226
-0.1917231
-0.19001621
-0.19731955
-0.20337802
-0.11544658
-0.11998457
-0.12375551
-0.03997644
-0.041565734
-0.042887532
-0.62011882
-0.65977922
-0.69333656
-0.65977922
-0.70963766
-0.7521652
-0.69333656
-0.7521652
-0.80266349
-0.68816517
-0.65067493
-0.61386084
-0.74720572
-0.70272461
-0.65934685
-0.7978477
-0.74708153
-0.69786565
-0.58476185
-0.56211294
-0.5349304
-0.62437531
-0.59597986
-0.56211294
-0.65774542
-0.62437531
-0.58476185
-0.53240437
-0.5579509
-0.58357371
-0.55748885
-0.58641982
-0.61558535
-0.57835327
-0.61021076
-0.64246372
-0.68816517
-0.74720572
-0.7978477
-0.65067493
-0.70272461
-0.74708153
-0.61386084
-0.65934685
-0.69786565
-0.57573314
-0.5402524
-0.50539442
-0.61473255
-0.57349714
-0.53324724
-0.64754393
-0.60129899
-0.55640335
-0.48136214
-0.46781941
-0.45132243
-0.50505703
-0.48822494
-0.46781941
-0.52466922
-0.50505703
-0.48136214
-0.45482738
-0.48014297
-0.50553381
-0.470527
-0.49875865
-0.52721639
-0.48340205
-0.51409544
-0.54516274
-0.57573314
-0.61473255
-0.64754393
-0.5402524
-0.57349714
-0.60129899
-0.50539442
-0.53324724
-0.55640335
-0.61552794
-0.52366827
-0.42174123
-0.58766974
-0.49820397
-0.40002382
-0.55473086
-0.46833285
-0.37471292
-0.31425168
-0.3351712
-0.35310887
-0.29830605
-0.31665882
-0.33229368
-0.282648
-0.29860564
-0.31211416
-0.41806085
-0.51922515
-0.61047448
-0.39325467
-0.48985902
-0.57793621
-0.36920602
-0.46122132
-0.54598479
-0.47994278
-0.40205775
-0.31958805
-0.50242182
-0.422147
-0.33639963
-0.52114291
-0.43897996
-0.35055483
-0.30480318
-0.18708359
-0.065123692
-0.28838346
-0.17671588
-0.061462548
-0.26934696
-0.16473627
-0.057239495
-0.25192393
-0.1538254
-0.053402739
-0.23963301
-0.14616765
-0.05071693
-0.22753495
-0.13864694
-0.048082222
-1.5183906e-17
-6.2665094e-18
3.3623899e-19
-4.6514821e-18
5.2693258e-18
1.0142161e-18
1.3825662e-18
-2.473548e-18
-3.0925173e-18
-0.064528421
-0.1853869
-0.30208053
-0.060403686
-0.17368096
-0.2834601
-0.056443593
-0.16242373
-0.26549629
-0.22849233
-0.13926427
-0.048302401
-0.24100674
-0.14708688
-0.051050476
-0.2515843
-0.15371483
-0.05338174
-0.26643124
-0.28003783
-0.29148121
-0.25134031
-0.26287626
-0.27251983
-0.23651425
-0.24612485
-0.25411168
-0.34461701
-0.43176726
-0.51289327
-0.32202007
-0.40454392
-0.48209907
-0.30008244
-0.37797121
-0.45184539
-0.4065422
-0.33807137
-0.26709061
-0.42011781
-0.3500401
-0.27699329
-0.43125656
-0.35990592
-0.28518538
-0.54171615
-0.57273258
-0.59889421
-0.45672011
-0.48477477
-0.508618
-0.36499811
-0.38871693
-0.40900023
-0.51716093
-0.544668
-0.56775224
-0.43490161
-0.45966172
-0.48058561
-0.34680988
-0.36765691
-0.38537344
-0.49275648
-0.51692722
-0.53711009
-0.41333483
-0.43498899
-0.45318612
-0.32891357
-0.34707236
-0.36241041
-0.46717045
-0.48800416
-0.50530977
-0.3908489
-0.40942271
-0.42494101
-0.31034083
-0.32585251
-0.33887239
-0.44307148
-0.46091144
-0.47565774
-0.36978595
-0.38561928
-0.39877664
-0.29302279
-0.30619588
-0.31718848
-0.41911909
-0.43412588
-0.44647023
-0.3489618
-0.36222233
-0.3731833
-0.27597604
-0.28696825
-0.29608868
-0.22168459
-0.23321203
-0.2429229
-0.13503806
-0.14223591
-0.14831336
-0.04682288
-0.049350069
-0.051486356
-0.20897014
-0.21872942
-0.22689992
-0.12715888
-0.13324053
-0.1383425
-0.044067015
-0.046200108
-0.047991438
-0.1964992
-0.20461849
-0.21137498
-0.11944814
-0.1244981
-0.12870808
-0.041373201
-0.043142689
-0.044619209
-0.60529423
-0.64266612
-0.67420215
-0.57732426
-0.61051328
-0.63837835
-0.54952602
-0.57873139
-0.60312952
-0.64266612
-0.68956937
-0.72945518
-0.61051328
-0.652041
-0.6871559
-0.57873139
-0.61517064
-0.6458116
-0.67420215
-0.72945518
-0.77672593
-0.63837835
-0.6871559
-0.72862758
-0.60312952
-0.6458116
-0.68188046
-0.52038189
-0.54559501
-0.56654839
-0.49293162
-0.51455559
-0.53243852
-0.46564831
-0.48386809
-0.49886301
-0.54559501
-0.57696496
-0.60319131
-0.51455559
-0.54139366
-0.56371075
-0.48386809
-0.50642978
-0.52509184
-0.56654839
-0.60319131
-0.63396282
-0.53243852
-0.56371075
-0.58981969
-0.49886301
-0.52509184
-0.54686566
-0.54171615
-0.45672011
-0.36499811
-0.57273258
-0.48477477
-0.38871693
-0.59889421
-0.508618
-0.40900023
-0.51716093
-0.43490161
-0.34680988
-0.544668
-0.45966172
-0.36765691
-0.56775224
-0.48058561
-0.38537344
-0.49275648
-0.41333483
-0.32891357
-0.51692722
-0.43498899
-0.34707236
-0.53711009
-0.45318612
-0.36241041
-0.26211302
-0.16021232
-0.055649738
-0.27991905
-0.17140402
-0.059592557
-0.29522195
-0.18105309
-0.062997464
-0.24860876
-0.15178289
-0.052690427
-0.2642053
-0.16156396
-0.056132298
-0.27751954
-0.16993766
-0.059083241
-0.23537093
-0.14353976
-0.049800122
-0.24891128
-0.15201303
-0.052778473
-0.2603948
-0.15921767
-0.055314214
-0.46717045
-0.3908489
-0.31034083
-0.48800416
-0.40942271
-0.32585251
-0.50530977
-0.42494101
-0.33887239
-0.44307148
-0.36978595
-0.29302279
-0.46091144
-0.38561928
-0.30619588
-0.47565774
-0.39877664
-0.31718848
-0.41911909
-0.3489618
-0.27597604
-0.43412588
-0.36222233
-0.28696825
-0.44647023
-0.3731833
-0.29608868
-0.57735027
-0.67227043
-0.67227043
-0.70710678
-0.31000795
-0.50518149
-0.4330127
-0.84957113
-0.57019239
-0.47240707
-0.59335069
-0.57019239
-0.48603889
-0.47240707
-0.37298049
-0.22368927
-0.26592163
-0.37298049
-0.39717735
-0.68827279
-0.73185567
-0.54236453
-0.56723152
-0.30722904
-0.24775119
-0.30722904
-0.3224644
-0.24775119
-0.59712124
-0.63106638
-0.65963981
-0.70822101
-0.77112957
-0.82527783
-0.70822101
-0.77112957
-0.82527783
-0.59712124
-0.63106638
-0.65963981
-0.51895855
-0.54232058
-0.56170451
-0.59470673
-0.6368947
-0.67250374
-0.59470673
-0.6368947
-0.67250374
-0.51895855
-0.54232058
-0.56170451
-0.56488866
-0.54126588
-0.5176431
-0.65432542
-0.62067735
-0.58750416
-0.82051496
-0.76684993
-0.71496025
-0.65432542
-0.62067735
-0.58750416
-0.44150297
-0.45572427
-0.46735889
-0.48725134
-0.51239955
-0.5332435
-0.48725134
-0.51239955
-0.5332435
-0.44150297
-0.45572427
-0.46735889
-0.49271987
-0.46909709
-0.44547431
-0.55300856
-0.52078024
-0.48899717
-0.66204309
-0.61353593
-0.56655631
-0.55300856
-0.52078024
-0.48899717
-0.70177661
-0.72074224
-0.73052242
-0.62192553
-0.67132121
-0.71323188
-0.59264872
-0.58748697
-0.57741475
-0.55012271
-0.56093773
-0.56647815
-0.50319416
-0.53234703
-0.55659596
-0.4856287
-0.48260673
-0.47668054
-0.70201769
-0.64712055
-0.59429927
-0.57437618
-0.53892397
-0.50413239
-0.32278198
-0.34512795
-0.36435579
-0.36113607
-0.33926012
-0.31810788
-0.27450123
-0.28926139
-0.30171525
-0.30225771
-0.2877255
-0.27339838
-0.53562341
-0.45112133
-0.36020918
-0.6278812
-0.53501952
-0.4314642
-0.52936069
-0.44639856
-0.35681328
-0.46672901
-0.39031051
-0.30979848
-0.2965368
-0.2767634
-0.25761269
-0.22879749
-0.23744835
-0.24461567
-0.23085435
-0.24458109
-0.25850013
-0.43609876
-0.3642077
-0.28876571
-0.39845788
-0.33097257
-0.26123552
-0.6278812
-0.53501952
-0.4314642
-0.32278198
-0.34512795
-0.36435579
-0.52936069
-0.44639856
-0.35681328
-0.27450123
-0.28926139
-0.30171525
-0.36113607
-0.33926012
-0.31810788
-0.68307557
-0.69823377
-0.70604267
-0.66207707
-0.56663459
-0.45868172
-0.38042078
-0.39095644
-0.39642918
-0.55184515
-0.4667897
-0.37407891
-0.31195018
-0.31857997
-0.32199842
-0.68697873
-0.64938746
-0.6125172
-0.38359477
-0.35865241
-0.33471103
-0.43609876
-0.3642077
-0.28876571
-0.22879749
-0.23744835
-0.24461567
-0.2965368
-0.2767634
-0.25761269
-0.69333656
-0.7521652
-0.80266349
-0.65977922
-0.70963766
-0.7521652
-0.62011882
-0.65977922
-0.69333656
-0.58357371
-0.61558535
-0.64246372
-0.5579509
-0.58641982
-0.61021076
-0.53240437
-0.55748885
-0.57835327
-0.68816517
-0.74720572
-0.7978477
-0.65067493
-0.70272461
-0.74708153
-0.61386084
-0.65934685
-0.69786565
-0.7978477
-0.74720572
-0.68816517
-0.74708153
-0.70272461
-0.65067493
-0.69786565
-0.65934685
-0.61386084
-0.64246372
-0.61558535
-0.58357371
-0.61021076
-0.58641982
-0.5579509
-0.57835327
-0.55748885
-0.53240437
-0.5349304
-0.56211294
-0.58476185
-0.56211294
-0.59597986
-0.62437531
-0.58476185
-0.62437531
-0.65774542
-0.50553381
-0.52721639
-0.54516274
-0.48014297
-0.49875865
-0.51409544
-0.45482738
-0.470527
-0.48340205
-0.57573314
-0.61473255
-0.64754393
-0.5402524
-0.57349714
-0.60129899
-0.50539442
-0.53324724
-0.55640335
-0.64754393
-0.61473255
-0.57573314
-0.60129899
-0.57349714
-0.5402524
-0.55640335
-0.53324724
-0.50539442
-0.54516274
-0.52721639
-0.50553381
-0.51409544
-0.49875865
-0.48014297
-0.48340205
-0.470527
-0.45482738
-0.45132243
-0.46781941
-0.48136214
-0.46781941
-0.48822494
-0.50505703
-0.48136214
-0.50505703
-0.52466922
-0.62109864
-0.67027185
-0.71198729
-0.61502184
-0.66256691
-0.70285493
-0.60318202
-0.64758889
-0.68513266
-0.67444436
-0.69183807
-0.70079696
-0.62397882
-0.63858938
-0.64609826
-0.57520191
-0.5872689
-0.59345743
-0.68493468
-0.64640067
-0.6008228
-0.63276506
-0.60024236
-0.56152014
-0.58243653
-0.555448
-0.5231085
-0.57372932
-0.56897123
-0.55967856
-0.53837604
-0.53434305
-0.52645361
-0.5036764
-0.50031807
-0.49373779
-0.492243
-0.518634
-0.54053292
-0.49917463
-0.52730812
-0.5506888
-0.50271358
-0.53174422
-0.55588899
-0.55473086
-0.58766974
-0.61552794
-0.46833285
-0.49820397
-0.52366827
-0.37471292
-0.40002382
-0.42174123
-0.61047448
-0.57793621
-0.54598479
-0.51922515
-0.48985902
-0.46122132
-0.41806085
-0.39325467
-0.36920602
-0.52114291
-0.50242182
-0.47994278
-0.43897996
-0.422147
-0.40205775
-0.35055483
-0.33639963
-0.31958805
-0.47858047
-0.50109777
-0.52368231
-0.40070419
-0.4205284
-0.44051335
-0.31836818
-0.33476634
-0.35136805
-0.31425168
-0.3351712
-0.35310887
-0.29830605
-0.31665882
-0.33229368
-0.282648
-0.29860564
-0.31211416
-0.51289327
-0.48209907
-0.45184539
-0.43176726
-0.40454392
-0.37797121
-0.34461701
-0.32202007
-0.30008244
-0.43125656
-0.42011781
-0.4065422
-0.35990592
-0.3500401
-0.33807137
-0.28518538
-0.27699329
-0.26709061
-0.41020232
-0.43251607
-0.45489614
-0.34111577
-0.36046079
-0.37996074
-0.26949349
-0.28529244
-0.30128386
-0.26643124
-0.28003783
-0.29148121
-0.25134031
-0.26287626
-0.27251983
-0.23651425
-0.24612485
-0.25411168
-0.37471292
-0.40002382
-0.42174123
-0.46833285
-0.49820397
-0.52366827
-0.55473086
-0.58766974
-0.61552794
-0.61047448
-0.51922515
-0.41806085
-0.57793621
-0.48985902
-0.39325467
-0.54598479
-0.46122132
-0.36920602
-0.35310887
-0.3351712
-0.31425168
-0.33229368
-0.31665882
-0.29830605
-0.31211416
-0.29860564
-0.282648
-0.47994278
-0.50242182
-0.52114291
-0.40205775
-0.422147
-0.43897996
-0.31958805
-0.33639963
-0.35055483
-0.43984281
-0.45169272
-0.45784149
-0.54477698
-0.55853883
-0.56566212
-0.63846807
-0.65334976
-0.6610298
-0.66446322
-0.67867041
-0.68598265
-0.62960702
-0.64209671
-0.64851389
-0.59529774
-0.60617749
-0.61175802
-0.6424645
-0.54869826
-0.44335776
-0.6059608
-0.51551365
-0.41515227
-0.57031435
-0.48335598
-0.38799889
-0.38290171
-0.37782943
-0.36805159
-0.35805614
-0.35368804
-0.34524687
-0.33420229
-0.33047204
-0.32324632
-0.53636295
-0.54614326
-0.55116224
-0.45273421
-0.46160566
-0.46616835
-0.36216784
-0.36968063
-0.37355141
-0.51289327
-0.43176726
-0.34461701
-0.48209907
-0.40454392
-0.32202007
-0.45184539
-0.37797121
-0.30008244
-0.29148121
-0.28003783
-0.26643124
-0.27251983
-0.26287626
-0.25134031
-0.25411168
-0.24612485
-0.23651425
-0.4065422
-0.42011781
-0.43125656
-0.33807137
-0.3500401
-0.35990592
-0.26709061
-0.27699329
-0.28518538
-0.60529423
-0.64266612
-0.67420215
-0.64266612
-0.68956937
-0.72945518
-0.67420215
-0.72945518
-0.77672593
-0.57732426
-0.61051328
-0.63837835
-0.61051328
-0.652041
-0.6871559
-0.63837835
-0.6871559
-0.72862758
-0.54952602
-0.57873139
-0.60312952
-0.57873139
-0.61517064
-0.6458116
-0.60312952
-0.6458116
-0.68188046
-0.52038189
-0.54559501
-0.56654839
-0.54559501
-0.57696496
-0.60319131
-0.56654839
-0.60319131
-0.63396282
-0.49293162
-0.51455559
-0.53243852
-0.51455559
-0.54139366
-0.56371075
-0.53243852
-0.56371075
-0.58981969
-0.46564831
-0.48386809
-0.49886301
-0.48386809
-0.50642978
-0.52509184
-0.49886301
-0.52509184
-0.54686566
-0.5835531
-0.62458064
-0.6591519
-0.59446589
-0.63835733
-0.67542038
-0.60006164
-0.64543687
-0.683794
-0.54689324
-0.5818312
-0.61108928
-0.55614224
-0.59346429
-0.62477749
-0.56087659
-0.59943071
-0.6318081
-0.51093552
-0.54017886
-0.56452061
-0.51863789
-0.54983367
-0.57584339
-0.52257383
-0.55477613
-0.58164718
-0.54171615
-0.57273258
-0.59889421
-0.51716093
-0.544668
-0.56775224
-0.49275648
-0.51692722
-0.53711009
-0.45672011
-0.48477477
-0.508618
-0.43490161
-0.45966172
-0.48058561
-0.41333483
-0.43498899
-0.45318612
-0.36499811
-0.38871693
-0.40900023
-0.34680988
-0.36765691
-0.38537344
-0.32891357
-0.34707236
-0.36241041
-0.46717045
-0.48800416
-0.50530977
-0.44307148
-0.46091144
-0.47565774
-0.41911909
-0.43412588
-0.44647023
-0.3908489
-0.40942271
-0.42494101
-0.36978595
-0.38561928
-0.39877664
-0.3489618
-0.36222233
-0.3731833
-0.31034083
-0.32585251
-0.33887239
-0.29302279
-0.30619588
-0.31718848
-0.27597604
-0.28696825
-0.29608868
-0.54171615
-0.57273258
-0.59889421
-0.45672011
-0.48477477
-0.508618
-0.36499811
-0.38871693
-0.40900023
-0.51716093
-0.544668
-0.56775224
-0.43490161
-0.45966172
-0.48058561
-0.34680988
-0.36765691
-0.38537344
-0.49275648
-0.51692722
-0.53711009
-0.41333483
-0.43498899
-0.45318612
-0.32891357
-0.34707236
-0.36241041
-0.6203888
-0.63430937
-0.64148622
-0.52833245
-0.54116074
-0.5477932
-0.42585864
-0.43687127
-0.44257828
-0.58663853
-0.59883161
-0.60510614
-0.49780402
-0.50896837
-0.5147283
-0.4000213
-0.40955231
-0.41447987
-0.55355416
-0.56413793
-0.56957436
-0.46809103
-0.4777219
-0.48268043
-0.3750271
-0.38320524
-0.38742375
-0.46717045
-0.48800416
-0.50530977
-0.3908489
-0.40942271
-0.42494101
-0.31034083
-0.32585251
-0.33887239
-0.44307148
-0.46091144
-0.47565774
-0.36978595
-0.38561928
-0.39877664
-0.29302279
-0.30619588
-0.31718848
-0.41911909
-0.43412588
-0.44647023
-0.3489618
-0.36222233
-0.3731833
-0.27597604
-0.28696825
-0.29608868
