MFEM mesh v1.0

#
# MFEM Geometry Types (see mesh/geom.hpp):
#
# POINT       = 0
# SEGMENT     = 1
# TRIANGLE    = 2
# SQUARE      = 3
# TETRAHEDRON = 4
# CUBE        = 5
#

dimension
3

elements
7
1 5 3 4 19 18 5 6 23 22
1 5 4 0 9 19 6 1 12 23
1 5 19 9 10 20 23 12 13 24
1 5 20 10 11 21 24 13 14 25
1 5 5 6 23 22 7 8 27 26
1 5 6 1 12 23 8 2 15 27
1 5 0 16 28 9 1 17 29 12

boundary
28
1 3 3 4 6 5
1 3 4 0 1 6
1 3 5 6 8 7
1 3 6 1 2 8
1 3 0 16 17 1
57 3 18 19 4 3
57 3 19 9 0 4
57 3 20 10 9 19
57 3 21 11 10 20
57 3 18 3 5 22
57 3 19 18 22 23
57 3 20 19 23 24
57 3 9 10 13 12
57 3 23 12 13 24
57 3 21 20 24 25
57 3 10 11 14 13
57 3 11 21 25 14
57 3 24 13 14 25
57 3 22 5 7 26
57 3 23 22 26 27
57 3 7 8 27 26
57 3 1 12 15 2
57 3 12 23 27 15
57 3 8 2 15 27
57 3 9 28 16 0
57 3 16 28 29 17
57 3 28 9 12 29
57 3 1 17 29 12

vertices
30

nodes
FiniteElementSpace
FiniteElementCollection: H1_3D_P4
VDim: 3
Ordering: 0

0.67220951
0.70710678
0.67220951
-4.7704896e-18
0.37298049
1.0842022e-18
0.39717735
-1.3010426e-18
0.37298049
0.56955658
0.46850803
0.36407998
0.59296204
0.48293061
0.37107077
0.56955658
0.80820096
0.8867
6.169788e-18
0.30721416
0.2473562
0.19040097
1.2624179e-17
0.3224644
0.25605782
0.19444247
5.9089018e-18
0.30721416
0.60844596
0.66119981
0.066774181
0.19175207
0.31218017
0.36113607
0.33926012
0.31810788
0.054417567
0.15665737
0.25626493
3.0620274e-18
5.0491634e-18
7.7266345e-18
0.071432212
0.20490947
0.33291588
0.38359477
0.35865241
0.33471103
0.05729151
0.16481389
0.26924508
3.2288896e-18
1.1071991e-17
1.8048578e-17
8.6672646e-19
4.2961511e-18
4.98733e-18
0.38042078
0.39095644
0.39642918
0.31193974
0.31857997
0.32199842
1.1384924e-17
1.6940659e-17
1.6418887e-17
0.6278812
0.53501952
0.4314642
0.65423035
0.6204664
0.5870631
0.5290318
0.44630397
0.3567853
0.66207707
0.56663459
0.45868172
0.68693686
0.64928027
0.61226315
0.55166695
0.4667491
0.37407891
0.68302929
0.69820254
0.70601727
0.57686803
0.58704574
0.59225409
0.55210638
0.51910204
0.48604145
0.4334417
0.36293034
0.28816343
0.29650803
0.27667355
0.25736765
0.57379344
0.53773387
0.50186198
0.44719251
0.37501138
0.29813393
0.31046137
0.28836607
0.26704075
0.47304556
0.47931323
0.48249876
0.25007894
0.2538621
0.2557952
0.45086871
0.41703402
0.38255195
0.33592995
0.28016626
0.22190822
0.23743556
0.21878877
0.20021158
0.46394198
0.42764965
0.39078646
0.34261631
0.28599879
0.22661968
0.24522656
0.22499967
0.20498195
0.36628729
0.3693244
0.37086254
0.1916749
0.19343097
0.1943218
0.066774181
0.19175207
0.31218017
0.36113607
0.33926012
0.31810788
0.054417567
0.15665737
0.25626493
-5.6073316e-18
2.3877859e-18
1.2048197e-17
-2.5410988e-21
-1.9515639e-18
-1.9515639e-18
0.39642918
0.39095644
0.38042078
0.32199842
0.31857997
0.31193974
1.1127287e-17
1.520763e-17
1.4325021e-17
0.6278812
0.53501952
0.4314642
0.65423035
0.6204664
0.5870631
0.5290318
0.44630397
0.3567853
0.70601727
0.69820254
0.68302929
0.59225409
0.58704574
0.57686803
0.70801595
0.76917225
0.80964612
0.77315948
0.70721261
0.64220229
0.59306714
0.62793177
0.6322654
0.74934527
0.82291871
0.87814748
0.84713093
0.7727204
0.69933787
0.62086334
0.66475941
0.679799
0.83253318
0.86669473
0.88430061
0.62479563
0.6477558
0.65958757
0.056443593
0.16242373
0.26549629
0.060403686
0.17368096
0.2834601
0.064528421
0.1853869
0.30208053
0.068202148
0.19578843
0.31855002
0.070230762
0.20151832
0.32757928
0.071287575
0.20450132
0.33227387
0.36805159
0.34524687
0.32324632
0.37782943
0.35368804
0.33047204
0.38290171
0.35805614
0.33420229
0.26028995
0.15918085
0.05530629
0.26593524
0.16273068
0.056557115
0.26884793
0.16456385
0.05720335
1.182096e-17
6.1784308e-18
-3.495384e-18
1.7347235e-17
1.0513346e-17
-2.6587045e-18
1.9473287e-17
8.7748378e-18
2.4605976e-19
0.068835703
0.19756423
0.32130396
0.064097608
0.18414088
0.30002305
0.059585834
0.17133491
0.27964793
0.36919142
0.4611663
0.54577003
0.39325467
0.48984085
0.57784569
0.41806085
0.51922515
0.61043912
0.43984281
0.54477698
0.63846807
0.45169272
0.55853883
0.65334976
0.45784149
0.56566212
0.6610298
0.66438917
0.62943547
0.59492525
0.67861861
0.64196898
0.60588457
0.68593969
0.64840441
0.61149958
0.53609026
0.45266108
0.36214759
0.54593447
0.46155508
0.36966792
0.55098061
0.46612666
0.37355141
0.44335776
0.54869826
0.6424645
0.41515227
0.51551365
0.60592205
0.38799889
0.48333479
0.57020646
0.2996986
0.37710441
0.44990868
0.32187045
0.40415596
0.48108761
0.34456537
0.43160921
0.5123995
0.55888973
0.52494399
0.49101337
0.56831912
0.53304325
0.49788919
0.57313865
0.53717326
0.50138753
0.4377645
0.3667214
0.29128624
0.44374055
0.37197249
0.29562067
0.44678029
0.37464826
0.29783343
0.26038889
0.28031365
0.30083927
0.2645951
0.28539951
0.30691013
0.26674807
0.2880107
0.31003557
0.36040731
0.45041458
0.53331509
0.33518677
0.42008073
0.49896399
0.31075662
0.39044032
0.4650195
0.23340909
0.2946859
0.35314827
0.25507917
0.32187879
0.3853026
0.2767042
0.34877834
0.41691585
0.45498572
0.42038185
0.38515117
0.46066655
0.4249942
0.3887287
0.46355107
0.42733289
0.39054107
0.33804093
0.28200724
0.22339436
0.3409458
0.28454121
0.2254414
0.34241711
0.28582497
0.22647914
0.20171449
0.22074162
0.23987777
0.20378733
0.22344079
0.24326449
0.2048394
0.22481352
0.24499203
0.28565398
0.35967354
0.42936501
0.26225203
0.33068196
0.39540814
0.23895109
0.30152977
0.36100638
0.071287575
0.20450132
0.33227387
0.070230762
0.20151832
0.32757928
0.068202148
0.19578843
0.31855002
0.38290171
0.35805614
0.33420229
0.37782943
0.35368804
0.33047204
0.36805159
0.34524687
0.32324632
0.26884793
0.16456385
0.05720335
0.26593524
0.16273068
0.056557115
0.26028995
0.15918085
0.05530629
1.6100098e-17
1.1246693e-17
-2.7065879e-18
8.3894378e-18
1.1047004e-17
1.1079207e-18
4.8280878e-18
3.4156604e-18
8.1444203e-19
0.064528421
0.1853869
0.30208053
0.060403686
0.17368096
0.2834601
0.056443593
0.16242373
0.26549629
0.45784149
0.56566212
0.6610298
0.45169272
0.55853883
0.65334976
0.43984281
0.54477698
0.63846807
0.68593969
0.64840441
0.61149958
0.67861861
0.64196898
0.60588457
0.66438917
0.62943547
0.59492525
0.55098061
0.46612666
0.37355141
0.54593447
0.46155508
0.36966792
0.53609026
0.45266108
0.36214759
0.41806085
0.51922515
0.61043912
0.39325467
0.48984085
0.57784569
0.36919142
0.4611663
0.54577003
0.61267096
0.65221939
0.66280125
0.65005427
0.69827811
0.72082819
0.68785976
0.74457023
0.77894629
0.72081897
0.78581131
0.83090404
0.73880343
0.80919829
0.86070669
0.74808042
0.82127191
0.87605586
0.79609494
0.72752533
0.65991364
0.82828655
0.75603474
0.68478045
0.84487113
0.77071967
0.69759222
0.64707443
0.63943592
0.60174623
0.66775181
0.6554501
0.61383347
0.6783565
0.66364543
0.62002198
0.72660323
0.79503813
0.84359968
0.68418474
0.74297297
0.77851603
0.64255997
0.69165178
0.71380085
0.065850962
0.18912838
0.30799445
0.061541198
0.17690387
0.28856923
0.057413909
0.16517688
0.26987288
0.067726611
0.19443086
0.31636431
0.063149413
0.18145759
0.29577929
0.058781655
0.16905556
0.27603204
0.068702254
0.19718729
0.32070999
0.063983627
0.18381839
0.29951319
0.059489253
0.1710612
0.27921387
0.42585864
0.52833245
0.62036295
0.4000213
0.49780402
0.58656861
0.3750271
0.46804985
0.5533801
0.43687127
0.54116074
0.63430937
0.40955231
0.50896837
0.59878331
0.38320524
0.47769473
0.56400897
0.44257828
0.5477932
0.64148622
0.41447987
0.5147283
0.60506634
0.38742375
0.4826586
0.56946413
0.34948735
0.43746487
0.51893072
0.32601999
0.40912925
0.48668491
0.30315576
0.38128233
0.45465277
0.35637935
0.44564447
0.52802594
0.33181164
0.41605402
0.49445663
0.30796375
0.3870797
0.46122062
0.35992448
0.44984319
0.5326821
0.33478257
0.41959883
0.49842503
0.31042249
0.39003854
0.46456565
0.27951231
0.35220264
0.42083411
0.2573364
0.32465239
0.38848886
0.23515639
0.29684535
0.35562848
0.2834024
0.35693766
0.42624393
0.26045338
0.32847746
0.39287963
0.23756435
0.29981876
0.35904249
0.28538492
0.35934679
0.42899245
0.26203731
0.3304189
0.3951065
0.23878566
0.3013257
0.36077218
0.068702254
0.19718729
0.32070999
0.063983627
0.18381839
0.29951319
0.059489253
0.1710612
0.27921387
0.067726611
0.19443086
0.31636431
0.063149413
0.18145759
0.29577929
0.058781655
0.16905556
0.27603204
0.065850962
0.18912838
0.30799445
0.061541198
0.17690387
0.28856923
0.057413909
0.16517688
0.26987288
0.44257828
0.5477932
0.64148622
0.41447987
0.5147283
0.60506634
0.38742375
0.4826586
0.56946413
0.43687127
0.54116074
0.63430937
0.40955231
0.50896837
0.59878331
0.38320524
0.47769473
0.56400897
0.42585864
0.52833245
0.62036295
0.4000213
0.49780402
0.58656861
0.3750271
0.46804985
0.5533801
0.69987724
0.76022151
0.79903481
0.66066792
0.71218304
0.73878219
0.62199034
0.66452165
0.67868716
0.71673458
0.78217885
0.82716165
0.67551484
0.73162393
0.76387707
0.63498921
0.68166999
0.7008722
0.72541963
0.79349557
0.84162924
0.68314575
0.741613
0.7767624
0.64165347
0.69045679
0.71225267
-0.67227043
-0.70710678
-0.67227043
-0.91774188
-0.84957113
-1
-0.91774188
-0.91774188
-0.84957113
-0.57019239
-0.47240707
-0.37864925
-0.59335069
-0.48603889
-0.38463884
-0.57019239
-0.37298049
-0.39717735
-0.73185567
-0.68827279
-0.54236453
-0.40974402
-0.7835347
-0.73185567
-0.56723152
-0.42041877
-0.73185567
-0.68827279
-0.30722904
-0.3224644
-0.91563372
-0.90021342
-0.87053063
-0.82051496
-0.76684993
-0.71496025
-0.73052242
-0.72074224
-0.70177661
-0.88394836
-0.82189162
-0.76232533
-0.99744546
-0.97878093
-0.94295653
-0.88394836
-0.82189162
-0.76232533
-0.78194926
-0.77032793
-0.74783558
-0.96024013
-0.88770117
-0.81864469
-0.94295653
-0.97878093
-0.99744546
-0.87053063
-0.90021342
-0.91563372
-0.70177661
-0.72074224
-0.73052242
-0.74783558
-0.77032793
-0.78194926
-0.70822101
-0.77112957
-0.82527783
-0.65432542
-0.62067735
-0.58750416
-0.59470673
-0.6368947
-0.67250374
-0.74943575
-0.8239692
-0.88860063
-0.68697873
-0.64938746
-0.6125172
-0.62192553
-0.67132121
-0.71323188
-0.68307557
-0.69823377
-0.70604267
-0.57741475
-0.58748697
-0.59264872
-0.55300856
-0.52078024
-0.48899717
-0.48725134
-0.51239955
-0.5332435
-0.66204309
-0.61353593
-0.56655631
-0.57437618
-0.53892397
-0.50413239
-0.50319416
-0.53234703
-0.55659596
-0.70201769
-0.64712055
-0.59429927
-0.47668054
-0.48260673
-0.4856287
-0.55012271
-0.56093773
-0.56647815
-0.455937
-0.42504043
-0.39456189
-0.38538234
-0.39662121
-0.40577998
-0.51856807
-0.4745094
-0.4317745
-0.46812151
-0.43463085
-0.40174699
-0.39236521
-0.40528814
-0.4158435
-0.54069314
-0.49178441
-0.4446241
-0.38053624
-0.38313893
-0.38445987
-0.41309509
-0.41773515
-0.42009818
-0.91563372
-0.90021342
-0.87053063
-0.82051496
-0.76684993
-0.71496025
-0.73052242
-0.72074224
-0.70177661
-0.88394836
-0.82189162
-0.76232533
-0.99744546
-0.97878093
-0.94295653
-0.91563372
-0.90021342
-0.87053063
-0.73052242
-0.72074224
-0.70177661
-0.78194926
-0.77032793
-0.74783558
-0.70822101
-0.77112957
-0.82527783
-0.65432542
-0.62067735
-0.58750416
-0.59470673
-0.6368947
-0.67250374
-0.70604267
-0.69823377
-0.68307557
-0.59264872
-0.58748697
-0.57741475
-0.6278812
-0.53501952
-0.4314642
-0.36113607
-0.33926012
-0.31810788
-0.52936069
-0.44639856
-0.35681328
-0.66207707
-0.56663459
-0.45868172
-0.38359477
-0.35865241
-0.33471103
-0.55184515
-0.4667897
-0.37407891
-0.38042078
-0.39095644
-0.39642918
-0.31195018
-0.31857997
-0.32199842
-0.76087379
-0.75023088
-0.72961731
-0.82019894
-0.80779937
-0.7838403
-0.88199055
-0.86766251
-0.84004528
-0.94071385
-0.92431526
-0.89277756
-0.97634361
-0.95853051
-0.92431526
-0.9949051
-0.97634361
-0.94071385
-0.84004528
-0.7838403
-0.72961731
-0.86766251
-0.80779937
-0.75023088
-0.88199055
-0.82019894
-0.76087379
-0.71603851
-0.73608266
-0.74642532
-0.73608266
-0.75766307
-0.76880781
-0.74642532
-0.76880781
-0.7803717
-0.77971541
-0.84215552
-0.90737148
-0.80423006
-0.87080706
-0.94059372
-0.81691345
-0.8856703
-0.95787615
-0.95787615
-0.94059372
-0.90737148
-0.8856703
-0.87080706
-0.84215552
-0.81691345
-0.80423006
-0.77971541
-0.69786565
-0.65934685
-0.61386084
-0.74708153
-0.70272461
-0.65067493
-0.7978477
-0.74720572
-0.68816517
-0.84476821
-0.78743445
-0.72097901
-0.8723379
-0.81043561
-0.73891546
-0.8866454
-0.82234343
-0.74817327
-0.66446322
-0.62960702
-0.59529774
-0.67867041
-0.64209671
-0.60617749
-0.68598265
-0.64851389
-0.61175802
-0.60318202
-0.64758889
-0.68513266
-0.61502184
-0.66256691
-0.70285493
-0.62109864
-0.67027185
-0.71198729
-0.85683638
-0.79654723
-0.72674901
-0.79837071
-0.74581288
-0.68452354
-0.74208589
-0.69664858
-0.64328968
-0.55640335
-0.53324724
-0.50539442
-0.60129899
-0.57349714
-0.5402524
-0.64754393
-0.61473255
-0.57573314
-0.55967856
-0.52645361
-0.49373779
-0.56897123
-0.53434305
-0.50031807
-0.57372932
-0.53837604
-0.5036764
-0.492243
-0.518634
-0.54053292
-0.49917463
-0.52730812
-0.5506888
-0.50271358
-0.53174422
-0.55588899
-0.57520191
-0.62397882
-0.67444436
-0.5872689
-0.63858938
-0.69183807
-0.59345743
-0.64609826
-0.70079696
-0.68493468
-0.64640067
-0.6008228
-0.63276506
-0.60024236
-0.56152014
-0.58243653
-0.555448
-0.5231085
-0.42701259
-0.41603046
-0.40259239
-0.46813286
-0.45347902
-0.43564612
-0.51043472
-0.49181143
-0.4692747
-0.45976008
-0.42805449
-0.39682364
-0.46505666
-0.4322228
-0.39994606
-0.46775532
-0.43434329
-0.40153204
-0.38758001
-0.39934527
-0.40894024
-0.3906146
-0.40311217
-0.41331449
-0.39215625
-0.4050283
-0.41554142
-0.43580418
-0.47991613
-0.52547852
-0.44139012
-0.48742721
-0.53510011
-0.44423764
-0.49126339
-0.5400239
-0.53122766
-0.50960064
-0.48351517
-0.48438922
-0.46742605
-0.44684203
-0.43911919
-0.42644387
-0.41097246
-0.9949051
-0.97634361
-0.94071385
-0.97634361
-0.95853051
-0.92431526
-0.94071385
-0.92431526
-0.89277756
-0.88199055
-0.82019894
-0.76087379
-0.86766251
-0.80779937
-0.75023088
-0.84004528
-0.7838403
-0.72961731
-0.74642532
-0.76880781
-0.7803717
-0.73608266
-0.75766307
-0.76880781
-0.71603851
-0.73608266
-0.74642532
-0.81691345
-0.8856703
-0.95787615
-0.80423006
-0.87080706
-0.94059372
-0.77971541
-0.84215552
-0.90737148
-0.88199055
-0.86766251
-0.84004528
-0.82019894
-0.80779937
-0.7838403
-0.76087379
-0.75023088
-0.72961731
-0.8866454
-0.82234343
-0.74817327
-0.8723379
-0.81043561
-0.73891546
-0.84476821
-0.78743445
-0.72097901
-0.68598265
-0.64851389
-0.61175802
-0.67867041
-0.64209671
-0.60617749
-0.66446322
-0.62960702
-0.59529774
-0.62109864
-0.67027185
-0.71198729
-0.61502184
-0.66256691
-0.70285493
-0.60318202
-0.64758889
-0.68513266
-0.7978477
-0.74720572
-0.68816517
-0.74708153
-0.70272461
-0.65067493
-0.69786565
-0.65934685
-0.61386084
-0.54598479
-0.46122132
-0.36920602
-0.57793621
-0.48985902
-0.39325467
-0.61047448
-0.51922515
-0.41806085
-0.63846807
-0.54477698
-0.43984281
-0.65334976
-0.55853883
-0.45169272
-0.6610298
-0.56566212
-0.45784149
-0.36805159
-0.34524687
-0.32324632
-0.37782943
-0.35368804
-0.33047204
-0.38290171
-0.35805614
-0.33420229
-0.36216784
-0.45273421
-0.53636295
-0.36968063
-0.46160566
-0.54614326
-0.37355141
-0.46616835
-0.55116224
-0.6424645
-0.54869826
-0.44335776
-0.6059608
-0.51551365
-0.41515227
-0.57031435
-0.48335598
-0.38799889
-0.90529097
-0.8900699
-0.86075595
-0.84036022
-0.82721268
-0.80182719
-0.77817863
-0.76691366
-0.7451095
-0.93833613
-0.9218271
-0.8900699
-0.86886436
-0.8546431
-0.82721268
-0.80257142
-0.7904174
-0.76691366
-0.95552504
-0.93833613
-0.90529097
-0.88365008
-0.86886436
-0.84036022
-0.81519098
-0.80257142
-0.77817863
-0.81602832
-0.76244938
-0.70012126
-0.7629281
-0.71606589
-0.66118413
-0.71156067
-0.67092134
-0.62301523
-0.84170847
-0.78392583
-0.71691136
-0.78525217
-0.73481732
-0.67591135
-0.73080435
-0.68715175
-0.63581745
-0.85501838
-0.79503163
-0.72556884
-0.79679546
-0.74449347
-0.68349104
-0.74073227
-0.6955098
-0.64239441
-0.6591519
-0.62458064
-0.5835531
-0.61108928
-0.5818312
-0.54689324
-0.56452061
-0.54017886
-0.51093552
-0.67542038
-0.63835733
-0.59446589
-0.62477749
-0.59346429
-0.55614224
-0.57584339
-0.54983367
-0.51863789
-0.683794
-0.64543687
-0.60006164
-0.6318081
-0.59943071
-0.56087659
-0.58164718
-0.55477613
-0.52257383
-0.51693222
-0.49737691
-0.47373745
-0.47322291
-0.45785059
-0.43916077
-0.43081065
-0.41930038
-0.4052275
-0.52597413
-0.50511183
-0.47992842
-0.48029083
-0.46391388
-0.44402738
-0.43607342
-0.42382674
-0.40886957
-0.53059914
-0.50906381
-0.48308646
-0.48389922
-0.46700627
-0.44650579
-0.43875526
-0.42613126
-0.41072138
-0.95552504
-0.93833613
-0.90529097
-0.88365008
-0.86886436
-0.84036022
-0.81519098
-0.80257142
-0.77817863
-0.93833613
-0.9218271
-0.8900699
-0.86886436
-0.8546431
-0.82721268
-0.80257142
-0.7904174
-0.76691366
-0.90529097
-0.8900699
-0.86075595
-0.84036022
-0.82721268
-0.80182719
-0.77817863
-0.76691366
-0.7451095
-0.85501838
-0.79503163
-0.72556884
-0.79679546
-0.74449347
-0.68349104
-0.74073227
-0.6955098
-0.64239441
-0.84170847
-0.78392583
-0.71691136
-0.78525217
-0.73481732
-0.67591135
-0.73080435
-0.68715175
-0.63581745
-0.81602832
-0.76244938
-0.70012126
-0.7629281
-0.71606589
-0.66118413
-0.71156067
-0.67092134
-0.62301523
-0.6203888
-0.52833245
-0.42585864
-0.58663853
-0.49780402
-0.4000213
-0.55355416
-0.46809103
-0.3750271
-0.63430937
-0.54116074
-0.43687127
-0.59883161
-0.50896837
-0.40955231
-0.56413793
-0.4777219
-0.38320524
-0.64148622
-0.5477932
-0.44257828
-0.60510614
-0.5147283
-0.41447987
-0.56957436
-0.48268043
-0.38742375
-0.31000795
-3.1225023e-17
0.31000795
-0.39717735
-0.37298049
4.5536491e-18
-2.4286129e-17
0.39717735
0.37298049
-0.26592163
-0.22368927
-0.18319635
1.9515639e-18
2.9273459e-18
4.3368087e-19
0.26592163
-0.37298049
-7.1557343e-18
-0.3224644
-0.30722904
-0.24775119
-0.19368993
-2.6359665e-18
1.8566962e-18
-2.1900884e-17
5.3125906e-18
0.3224644
0.30722904
-0.30722904
2.0261028e-18
-0.39642918
-0.39095644
-0.38042078
-0.36113607
-0.33926012
-0.31810788
-0.32199842
-0.31857997
-0.31195018
-0.38359477
-0.35865241
-0.33471103
-8.6037372e-18
-2.2795351e-17
-1.9515639e-18
-3.1232249e-17
1.5915749e-18
2.796564e-17
-1.2131524e-17
9.1310152e-18
7.7927031e-19
3.2443135e-17
1.3429707e-18
3.1069169e-18
-0.33291588
-0.20490947
-0.071432212
-0.31218017
-0.19175207
-0.066774181
-0.25627281
-0.15665737
-0.054417567
-0.26924508
-0.16481389
-0.05729151
-0.32278198
-0.34512795
-0.36435579
-0.30225771
-0.2877255
-0.27339838
-0.27450123
-0.28926139
-0.30171525
-1.0408341e-17
8.2399365e-18
-1.7018586e-17
1.4574684e-17
2.0938654e-18
3.3068166e-18
1.1709383e-17
2.9171815e-17
-2.2141759e-17
-0.25848698
-0.15792154
-0.054840668
-0.22122909
-0.13473355
-0.046712443
-0.25850013
-0.24458109
-0.23085435
-0.22879749
-0.23744835
-0.24461567
-0.2965368
-0.2767634
-0.25761269
-2.0778777e-17
-2.7985969e-18
-1.2088854e-17
-4.1741784e-18
-1.4697716e-17
8.266618e-18
-3.9648196e-17
-2.1848368e-17
-5.631075e-18
-0.18570841
-0.11277388
-0.03904111
-0.20603062
-0.12540839
-0.043467228
-0.21657604
-0.20323217
-0.19006884
-0.1854698
-0.18926312
-0.19235298
-0.23805083
-0.22009081
-0.20267041
-1.0286368e-17
-6.7898161e-18
-3.2526065e-18
-7.6978354e-18
8.5245396e-18
-5.4836913e-18
-5.9978403e-18
7.2810952e-18
5.014435e-18
-0.15180621
-0.091947467
-0.031789198
-0.16063405
-0.097405832
-0.033696021
0.39642918
0.39095644
0.38042078
0.36113607
0.33926012
0.31810788
0.32199842
0.31857997
0.31195018
0.38359477
0.35865241
0.33471103
0.071432212
0.20490947
0.33291588
0.066774181
0.19175207
0.31218017
0.054417567
0.15665737
0.25627281
0.05729151
0.16481389
0.26924508
0.32278198
0.34512795
0.36435579
0.30225771
0.2877255
0.27339838
0.27450123
0.28926139
0.30171525
0.054840668
0.15792154
0.25848698
0.046712443
0.13473355
0.22122909
-0.32278198
-0.34512795
-0.36435579
-0.36113607
-0.33926012
-0.31810788
-0.27450123
-0.28926139
-0.30171525
-8.8271421e-19
2.4123498e-18
1.0516761e-17
-5.0880296e-17
-8.0696829e-18
-6.1155779e-18
-1.2201999e-17
2.9933721e-17
-9.8289703e-18
-0.31218017
-0.19175207
-0.066774181
-0.25627281
-0.15665737
-0.054417567
-0.33420229
-0.33047204
-0.32324632
-0.35805614
-0.35368804
-0.34524687
-0.38290171
-0.37782943
-0.36805159
-0.33227387
-0.32757928
-0.31855002
-0.20450132
-0.20151832
-0.19578843
-0.071287575
-0.070230762
-0.068202148
-0.30208053
-0.2834601
-0.26549629
-0.1853869
-0.17368096
-0.16242373
-0.064528421
-0.060403686
-0.056443593
-0.26028995
-0.26593524
-0.26884793
-0.15918085
-0.16273068
-0.16456385
-0.05530629
-0.056557115
-0.05720335
-0.27964793
-0.30002305
-0.32130396
-0.17133491
-0.18414088
-0.19756423
-0.059585834
-0.064097608
-0.068835703
-5.4833698e-17
2.1087208e-17
-3.0301413e-18
1.1550127e-17
-1.9731844e-17
-1.2180757e-17
9.2732439e-18
-5.7996346e-18
4.7467726e-18
-0.31211416
-0.29860564
-0.282648
-0.33229368
-0.31665882
-0.29830605
-0.35310887
-0.3351712
-0.31425168
-0.30480318
-0.28838346
-0.26934696
-0.18708359
-0.17671588
-0.16473627
-0.065123692
-0.061462548
-0.057239495
-0.25192393
-0.23963301
-0.22753495
-0.1538254
-0.14616765
-0.13864694
-0.053402739
-0.05071693
-0.048082222
-0.22849233
-0.24100674
-0.2515843
-0.13926427
-0.14708688
-0.15371483
-0.048302401
-0.051050476
-0.05338174
-4.9056039e-19
-1.0052177e-17
1.3767144e-17
-1.7181944e-17
-1.3033296e-17
-2.6698478e-18
-1.447574e-17
-1.8627949e-17
1.9380114e-17
-0.25411168
-0.24612485
-0.23651425
-0.27251983
-0.26287626
-0.25134031
-0.29148121
-0.28003783
-0.26643124
-0.21497499
-0.20325928
-0.1917231
-0.13085675
-0.12360635
-0.11648226
-0.045356276
-0.042822107
-0.040334793
-0.19001621
-0.19731955
-0.20337802
-0.11544658
-0.11998457
-0.12375551
-0.03997644
-0.041565734
-0.042887532
-0.21433924
-0.23049878
-0.24721777
-0.13055732
-0.14059278
-0.1510053
-0.045268158
-0.048782057
-0.052433323
-1.0662952e-18
1.3747418e-17
-2.3084454e-17
-1.4811211e-17
-1.8558492e-18
3.1407982e-18
-5.2981911e-19
-1.0621793e-17
-3.7296555e-17
-0.20105879
-0.19734097
-0.19278971
-0.21791895
-0.2129265
-0.20684838
-0.23526359
-0.22887988
-0.22115153
-0.17974195
-0.16856199
-0.15754944
-0.10909928
-0.10222457
-0.095466518
-0.037759923
-0.035364906
-0.033012953
-0.15371676
-0.15690705
-0.15950801
-0.093127102
-0.095098959
-0.09670848
-0.032200999
-0.032889719
-0.033452217
-0.16815746
-0.18277153
-0.19786612
-0.10203144
-0.11103377
-0.12035597
-0.035307387
-0.038446466
-0.041701345
3.2695655e-17
-2.9540314e-17
3.9187979e-18
-2.2739645e-17
6.3739229e-18
5.1431841e-18
-1.9229765e-18
-5.475221e-18
-3.7947076e-18
0.071287575
0.070230762
0.068202148
0.20450132
0.20151832
0.19578843
0.33227387
0.32757928
0.31855002
0.064528421
0.060403686
0.056443593
0.1853869
0.17368096
0.16242373
0.30208053
0.2834601
0.26549629
0.05530629
0.056557115
0.05720335
0.15918085
0.16273068
0.16456385
0.26028995
0.26593524
0.26884793
0.059585834
0.064097608
0.068835703
0.17133491
0.18414088
0.19756423
0.27964793
0.30002305
0.32130396
0.38290171
0.37782943
0.36805159
0.35805614
0.35368804
0.34524687
0.33420229
0.33047204
0.32324632
0.065123692
0.061462548
0.057239495
0.18708359
0.17671588
0.16473627
0.30480318
0.28838346
0.26934696
0.053402739
0.05071693
0.048082222
0.1538254
0.14616765
0.13864694
0.25192393
0.23963301
0.22753495
0.048302401
0.051050476
0.05338174
0.13926427
0.14708688
0.15371483
0.22849233
0.24100674
0.2515843
0.35310887
0.3351712
0.31425168
0.33229368
0.31665882
0.29830605
0.31211416
0.29860564
0.282648
-0.282648
-0.29860564
-0.31211416
-0.29830605
-0.31665882
-0.33229368
-0.31425168
-0.3351712
-0.35310887
-0.26934696
-0.28838346
-0.30480318
-0.16473627
-0.17671588
-0.18708359
-0.057239495
-0.061462548
-0.065123692
-0.30208053
-0.2834601
-0.26549629
-0.1853869
-0.17368096
-0.16242373
-0.064528421
-0.060403686
-0.056443593
-0.2515843
-0.24100674
-0.22849233
-0.15371483
-0.14708688
-0.13926427
-0.05338174
-0.051050476
-0.048302401
1.0147162e-17
1.9122821e-17
-2.160881e-17
-6.7548104e-18
-1.7293779e-17
-1.244609e-18
-3.2307402e-17
3.1117873e-18
-4.8904294e-17
-0.32070999
-0.31636431
-0.30799445
-0.29951319
-0.29577929
-0.28856923
-0.27921387
-0.27603204
-0.26987288
-0.19718729
-0.19443086
-0.18912838
-0.18381839
-0.18145759
-0.17690387
-0.1710612
-0.16905556
-0.16517688
-0.068702254
-0.067726611
-0.065850962
-0.063983627
-0.063149413
-0.061541198
-0.059489253
-0.058781655
-0.057413909
-0.29522195
-0.27991905
-0.26211302
-0.27751954
-0.2642053
-0.24860876
-0.2603948
-0.24891128
-0.23537093
-0.18105309
-0.17140402
-0.16021232
-0.16993766
-0.16156396
-0.15178289
-0.15921767
-0.15201303
-0.14353976
-0.062997464
-0.059592557
-0.055649738
-0.059083241
-0.056132298
-0.052690427
-0.055314214
-0.052778473
-0.049800122
-0.2429229
-0.23321203
-0.22168459
-0.22689992
-0.21872942
-0.20897014
-0.21137498
-0.20461849
-0.1964992
-0.14831336
-0.14223591
-0.13503806
-0.1383425
-0.13324053
-0.12715888
-0.12870808
-0.1244981
-0.11944814
-0.051486356
-0.049350069
-0.04682288
-0.047991438
-0.046200108
-0.044067015
-0.044619209
-0.043142689
-0.041373201
-0.19551008
-0.19011809
-0.18359808
-0.18093839
-0.17672741
-0.17160611
-0.1667991
-0.16366742
-0.1598373
-0.11888954
-0.11553701
-0.11148964
-0.10989516
-0.10728203
-0.10410854
-0.10118939
-0.099249616
-0.096880245
-0.041187341
-0.040012847
-0.038596074
-0.038047789
-0.037133242
-0.036023374
-0.035012842
-0.034334602
-0.033506675
0.068702254
0.067726611
0.065850962
0.063983627
0.063149413
0.061541198
0.059489253
0.058781655
0.057413909
0.19718729
0.19443086
0.18912838
0.18381839
0.18145759
0.17690387
0.1710612
0.16905556
0.16517688
0.32070999
0.31636431
0.30799445
0.29951319
0.29577929
0.28856923
0.27921387
0.27603204
0.26987288
0.062997464
0.059592557
0.055649738
0.059083241
0.056132298
0.052690427
0.055314214
0.052778473
0.049800122
0.18105309
0.17140402
0.16021232
0.16993766
0.16156396
0.15178289
0.15921767
0.15201303
0.14353976
0.29522195
0.27991905
0.26211302
0.27751954
0.2642053
0.24860876
0.2603948
0.24891128
0.23537093
-0.26211302
-0.27991905
-0.29522195
-0.24860876
-0.2642053
-0.27751954
-0.23537093
-0.24891128
-0.2603948
-0.16021232
-0.17140402
-0.18105309
-0.15178289
-0.16156396
-0.16993766
-0.14353976
-0.15201303
-0.15921767
-0.055649738
-0.059592557
-0.062997464
-0.052690427
-0.056132298
-0.059083241
-0.049800122
-0.052778473
-0.055314214
