MFEM mesh v1.0

#
# MFEM Geometry Types (see mesh/geom.hpp):
#
# POINT       = 0
# SEGMENT     = 1
# TRIANGLE    = 2
# SQUARE      = 3
# TETRAHEDRON = 4
# CUBE        = 5
#

dimension
3

elements
7
1 5 4 5 3 2 10 11 13 12
1 5 2 3 1 0 12 13 6 7
1 5 10 11 13 12 17 18 21 20
1 5 12 13 6 7 20 21 8 9
1 5 14 15 17 16 22 23 25 24
1 5 16 17 20 19 24 25 28 27
1 5 17 18 21 20 25 26 29 28

boundary
28
1 3 2 3 5 4
1 3 0 1 3 2
22 3 4 5 11 10
22 3 2 4 10 12
22 3 5 3 13 11
22 3 0 2 12 7
22 3 3 1 6 13
22 3 1 0 7 6
22 3 16 17 15 14
22 3 10 11 18 17
22 3 12 10 17 20
22 3 19 20 17 16
22 3 11 13 21 18
22 3 7 12 20 9
22 3 13 6 8 21
22 3 6 7 9 8
22 3 20 21 8 9
22 3 14 15 23 22
22 3 16 14 22 24
22 3 15 17 25 23
22 3 22 23 25 24
22 3 17 18 26 25
22 3 19 16 24 27
22 3 20 19 27 28
22 3 24 25 28 27
22 3 18 21 29 26
22 3 21 20 28 29
22 3 25 26 29 28

vertices
30

nodes
FiniteElementSpace
FiniteElementCollection: H1_3D_P4
VDim: 3
Ordering: 0

-0.70710678
-0.67227043
-0.91774188
-0.84957113
-1
-0.91774188
-0.57019239
-0.59335069
-0.47240707
-0.48603889
-0.7835347
-0.73185567
-0.73185567
-0.68827279
-0.54236453
-0.56723152
-0.56723152
-0.59630391
-0.56723152
-0.54236453
-0.56723152
-0.54236453
-0.40974402
-0.42041877
-0.42041877
-0.43275991
-0.42041877
-0.40974402
-0.42041877
-0.40974402
-0.99744546
-0.97878093
-0.94295653
-0.87053063
-0.90021342
-0.91563372
-0.91563372
-0.90021342
-0.87053063
-0.94295653
-0.97878093
-0.99744546
-0.78194926
-0.77032793
-0.74783558
-0.73052242
-0.72074224
-0.70177661
-0.73052242
-0.72074224
-0.70177661
-0.78194926
-0.77032793
-0.74783558
-0.96024013
-0.88770117
-0.81864469
-0.88394836
-0.82189162
-0.76232533
-0.82051496
-0.76684993
-0.71496025
-0.88394836
-0.82189162
-0.76232533
-0.70822101
-0.77112957
-0.82527783
-0.70604267
-0.69823377
-0.68307557
-0.74943575
-0.8239692
-0.88860063
-0.59470673
-0.6368947
-0.67250374
-0.57741475
-0.58748697
-0.59264872
-0.62192553
-0.67132121
-0.71323188
-0.65432542
-0.62067735
-0.58750416
-0.68697873
-0.64938746
-0.6125172
-0.5954215
-0.58893516
-0.57628973
-0.56647815
-0.56093773
-0.55012271
-0.56647815
-0.56093773
-0.55012271
-0.5954215
-0.58893516
-0.57628973
-0.74929192
-0.68664807
-0.62680617
-0.70201769
-0.64712055
-0.59429927
-0.66204309
-0.61353593
-0.56655631
-0.70201769
-0.64712055
-0.59429927
-0.48725134
-0.51239955
-0.5332435
-0.47668054
-0.48260673
-0.4856287
-0.50319416
-0.53234703
-0.55659596
-0.55300856
-0.52078024
-0.48899717
-0.57437618
-0.53892397
-0.50413239
-0.55012271
-0.56093773
-0.56647815
-0.57628973
-0.58893516
-0.5954215
-0.57628973
-0.58893516
-0.5954215
-0.55012271
-0.56093773
-0.56647815
-0.41309509
-0.41773515
-0.42009818
-0.42428975
-0.42965456
-0.43238884
-0.42428975
-0.42965456
-0.43238884
-0.41309509
-0.41773515
-0.42009818
-0.51856807
-0.4745094
-0.4317745
-0.54069314
-0.49178441
-0.4446241
-0.56650477
-0.51186117
-0.45950538
-0.54069314
-0.49178441
-0.4446241
-0.55012271
-0.56093773
-0.56647815
-0.56647815
-0.56093773
-0.55012271
-0.43238884
-0.42965456
-0.42428975
-0.41309509
-0.41773515
-0.42009818
-0.42009818
-0.41773515
-0.41309509
-0.54069314
-0.49178441
-0.4446241
-0.51856807
-0.4745094
-0.4317745
-0.43238884
-0.42965456
-0.42428975
-0.42009818
-0.41773515
-0.41309509
-0.42009818
-0.41773515
-0.41309509
-0.54069314
-0.49178441
-0.4446241
-0.51856807
-0.4745094
-0.4317745
-0.94071385
-0.92431526
-0.89277756
-0.97634361
-0.95853051
-0.92431526
-0.9949051
-0.97634361
-0.94071385
-0.95787615
-0.94059372
-0.90737148
-0.8856703
-0.87080706
-0.84215552
-0.81691345
-0.80423006
-0.77971541
-0.88199055
-0.86766251
-0.84004528
-0.82019894
-0.80779937
-0.7838403
-0.76087379
-0.75023088
-0.72961731
-0.84004528
-0.86766251
-0.88199055
-0.7838403
-0.80779937
-0.82019894
-0.72961731
-0.75023088
-0.76087379
-0.90737148
-0.94059372
-0.95787615
-0.84215552
-0.87080706
-0.8856703
-0.77971541
-0.80423006
-0.81691345
-0.7803717
-0.76880781
-0.74642532
-0.76880781
-0.75766307
-0.73608266
-0.74642532
-0.73608266
-0.71603851
-0.74817327
-0.73891546
-0.72097901
-0.82234343
-0.81043561
-0.78743445
-0.8866454
-0.8723379
-0.84476821
-0.7978477
-0.74720572
-0.68816517
-0.74708153
-0.70272461
-0.65067493
-0.69786565
-0.65934685
-0.61386084
-0.66446322
-0.67867041
-0.68598265
-0.62960702
-0.64209671
-0.64851389
-0.59529774
-0.60617749
-0.61175802
-0.72674901
-0.79654723
-0.85683638
-0.68452354
-0.74581288
-0.79837071
-0.64328968
-0.69664858
-0.74208589
-0.71198729
-0.70285493
-0.68513266
-0.67027185
-0.66256691
-0.64758889
-0.62109864
-0.61502184
-0.60318202
-0.74784444
-0.73722887
-0.71665585
-0.6854421
-0.67658939
-0.65939112
-0.62581778
-0.6185558
-0.60441501
-0.70079696
-0.69183807
-0.67444436
-0.64609826
-0.63858938
-0.62397882
-0.59345743
-0.5872689
-0.57520191
-0.67444436
-0.69183807
-0.70079696
-0.62397882
-0.63858938
-0.64609826
-0.57520191
-0.5872689
-0.59345743
-0.71665585
-0.73722887
-0.74784444
-0.65939112
-0.67658939
-0.6854421
-0.60441501
-0.6185558
-0.62581778
-0.59454305
-0.58808576
-0.5754965
-0.58808576
-0.58184138
-0.56966385
-0.5754965
-0.56966385
-0.55828301
-0.64754393
-0.61473255
-0.57573314
-0.60129899
-0.57349714
-0.5402524
-0.55640335
-0.53324724
-0.50539442
-0.55967856
-0.56897123
-0.57372932
-0.52645361
-0.53434305
-0.53837604
-0.49373779
-0.50031807
-0.5036764
-0.6008228
-0.64640067
-0.68493468
-0.56152014
-0.60024236
-0.63276506
-0.5231085
-0.555448
-0.58243653
-0.55588899
-0.5506888
-0.54053292
-0.53174422
-0.52730812
-0.518634
-0.50271358
-0.49917463
-0.492243
-0.5754965
-0.58808576
-0.59454305
-0.56966385
-0.58184138
-0.58808576
-0.55828301
-0.56966385
-0.5754965
-0.52547852
-0.53510011
-0.5400239
-0.47991613
-0.48742721
-0.49126339
-0.43580418
-0.44139012
-0.44423764
-0.54874516
-0.55997112
-0.56572267
-0.49806141
-0.50679149
-0.51125475
-0.44928672
-0.45575639
-0.45905725
-0.56572267
-0.55997112
-0.54874516
-0.51125475
-0.50679149
-0.49806141
-0.45905725
-0.45575639
-0.44928672
-0.5400239
-0.53510011
-0.52547852
-0.49126339
-0.48742721
-0.47991613
-0.44423764
-0.44139012
-0.43580418
-0.41660841
-0.4214746
-0.42395342
-0.4214746
-0.42665598
-0.42929628
-0.42395342
-0.42929628
-0.43201931
-0.55828301
-0.56966385
-0.5754965
-0.56966385
-0.58184138
-0.58808576
-0.5754965
-0.58808576
-0.59454305
-0.56572267
-0.55997112
-0.54874516
-0.51125475
-0.50679149
-0.49806141
-0.45905725
-0.45575639
-0.44928672
-0.5400239
-0.53510011
-0.52547852
-0.49126339
-0.48742721
-0.47991613
-0.44423764
-0.44139012
-0.43580418
-0.52547852
-0.53510011
-0.5400239
-0.47991613
-0.48742721
-0.49126339
-0.43580418
-0.44139012
-0.44423764
-0.42395342
-0.42929628
-0.43201931
-0.4214746
-0.42665598
-0.42929628
-0.41660841
-0.4214746
-0.42395342
-0.56572267
-0.55997112
-0.54874516
-0.51125475
-0.50679149
-0.49806141
-0.45905725
-0.45575639
-0.44928672
-0.5400239
-0.53510011
-0.52547852
-0.49126339
-0.48742721
-0.47991613
-0.44423764
-0.44139012
-0.43580418
-0.52547852
-0.53510011
-0.5400239
-0.47991613
-0.48742721
-0.49126339
-0.43580418
-0.44139012
-0.44423764
-0.43201931
-0.42929628
-0.42395342
-0.42929628
-0.42665598
-0.4214746
-0.42395342
-0.4214746
-0.41660841
-0.95552504
-0.93833613
-0.90529097
-0.93833613
-0.9218271
-0.8900699
-0.90529097
-0.8900699
-0.86075595
-0.88365008
-0.86886436
-0.84036022
-0.86886436
-0.8546431
-0.82721268
-0.84036022
-0.82721268
-0.80182719
-0.81519098
-0.80257142
-0.77817863
-0.80257142
-0.7904174
-0.76691366
-0.77817863
-0.76691366
-0.7451095
-0.85501838
-0.84170847
-0.81602832
-0.79503163
-0.78392583
-0.76244938
-0.72556884
-0.71691136
-0.70012126
-0.79679546
-0.78525217
-0.7629281
-0.74449347
-0.73481732
-0.71606589
-0.68349104
-0.67591135
-0.66118413
-0.74073227
-0.73080435
-0.71156067
-0.6955098
-0.68715175
-0.67092134
-0.64239441
-0.63581745
-0.62301523
-0.74640402
-0.73583997
-0.71536573
-0.73583997
-0.7256523
-0.70589967
-0.71536573
-0.70589967
-0.68753177
-0.68424181
-0.67543069
-0.65831241
-0.67543069
-0.6669237
-0.65039059
-0.65831241
-0.65039059
-0.63498425
-0.62483391
-0.61760498
-0.60352799
-0.61760498
-0.61061811
-0.59700843
-0.60352799
-0.59700843
-0.5843015
-0.683794
-0.67542038
-0.6591519
-0.64543687
-0.63835733
-0.62458064
-0.60006164
-0.59446589
-0.5835531
-0.6318081
-0.62477749
-0.61108928
-0.59943071
-0.59346429
-0.5818312
-0.56087659
-0.55614224
-0.54689324
-0.58164718
-0.57584339
-0.56452061
-0.55477613
-0.54983367
-0.54017886
-0.52257383
-0.51863789
-0.51093552
-0.53274265
-0.54286103
-0.548041
-0.54286103
-0.55367762
-0.55921784
-0.548041
-0.55921784
-0.56494402
-0.4855933
-0.493483
-0.49751388
-0.493483
-0.50190308
-0.5062068
-0.49751388
-0.5062068
-0.51065093
-0.44003111
-0.44589236
-0.44888105
-0.44589236
-0.452138
-0.4553239
-0.44888105
-0.4553239
-0.45861099
-0.548041
-0.55921784
-0.56494402
-0.54286103
-0.55367762
-0.55921784
-0.53274265
-0.54286103
-0.548041
-0.49751388
-0.5062068
-0.51065093
-0.493483
-0.50190308
-0.5062068
-0.4855933
-0.493483
-0.49751388
-0.44888105
-0.4553239
-0.45861099
-0.44589236
-0.452138
-0.4553239
-0.44003111
-0.44589236
-0.44888105
-0.56494402
-0.55921784
-0.548041
-0.55921784
-0.55367762
-0.54286103
-0.548041
-0.54286103
-0.53274265
-0.51065093
-0.5062068
-0.49751388
-0.5062068
-0.50190308
-0.493483
-0.49751388
-0.493483
-0.4855933
-0.45861099
-0.4553239
-0.44888105
-0.4553239
-0.452138
-0.44589236
-0.44888105
-0.44589236
-0.44003111
-3.1225023e-17
0.31000795
-1.3010426e-18
0.37298049
1.0842022e-18
0.39717735
0.26592163
2.9273459e-18
0.22368927
5.0957502e-18
-7.3725748e-18
0.3224644
-1.1519648e-18
0.30722904
-0.24775119
-5.3329194e-18
-0.25629728
-5.5429836e-18
0.25629728
-0.24775119
-3.496552e-18
0.24775119
-0.19368993
-3.2526065e-19
-0.19728907
-1.8295912e-18
0.19728907
-0.19368993
-1.2739376e-18
0.19368993
0.071432212
0.20490947
0.33291588
0.38042078
0.39095644
0.39642918
0.066774181
0.19175207
0.31218017
-1.9515639e-18
-1.9515639e-18
-2.5410988e-21
0.05729151
0.16481389
0.26924508
0.32199842
0.31857997
0.31195018
0.054417567
0.15665737
0.25627281
-6.1663999e-18
1.0842022e-19
2.2971534e-18
5.014488e-18
2.6219905e-18
-4.3673019e-18
0.38359477
0.35865241
0.33471103
0.36113607
0.33926012
0.31810788
-4.4555654e-18
-2.3115529e-18
-1.3552527e-20
0.32278198
0.34512795
0.36435579
0.054840668
0.15792154
0.25848698
-2.2551405e-17
-1.6046192e-17
-1.2153229e-17
0.27450123
0.28926139
0.30171525
0.22122909
0.13473355
0.046712443
3.0357661e-18
2.9951085e-18
2.9544509e-18
0.30225771
0.2877255
0.27339838
6.4987544e-18
-1.5043305e-18
8.3483567e-18
0.045051695
0.1299233
0.21326717
0.25603842
0.25413461
0.25041783
0.043467228
0.12540839
0.20603062
-5.4345502e-18
-3.5575384e-19
-4.7772658e-18
-7.4945409e-18
-6.8770605e-18
-7.7351049e-18
0.31047167
0.28840695
0.26717658
0.2965368
0.2767634
0.25761269
-1.5720799e-18
-1.3069718e-18
-2.0532079e-18
0.22879749
0.23744835
0.24461567
0.18570841
0.11277388
0.03904111
1.1384123e-18
1.2468325e-18
-1.0027811e-18
0.25850013
0.24458109
0.23085435
2.602297e-18
3.9166803e-18
-1.6805134e-18
-0.20603062
-0.12540839
-0.043467228
-2.4326852e-18
-7.9684625e-18
-4.8348641e-18
-0.21326717
-0.1299233
-0.045051695
-0.25041783
-0.25413461
-0.25603842
-0.16063405
-0.097405832
-0.033696021
-3.0222136e-18
-4.6087063e-18
-4.1267445e-18
-0.16366737
-0.099285939
-0.034353612
-0.19481997
-0.19638441
-0.19718101
-0.23805083
-0.22009081
-0.20267041
-1.7212371e-18
1.1142718e-18
-9.7578196e-19
-6.7623802e-18
-4.0513586e-18
-2.7172817e-18
-0.24563076
-0.22597295
-0.20701788
-0.20603062
-0.12540839
-0.043467228
-0.25603842
-0.25413461
-0.25041783
-2.0329055e-18
-4.2758223e-18
-2.1955094e-18
-0.16063405
-0.097405832
-0.033696021
-0.19718101
-0.19638441
-0.19481997
-4.7430404e-18
-3.2797116e-18
-2.8866883e-18
-0.23805083
-0.22009081
-0.20267041
0.034353612
0.099285939
0.16366737
0.19718101
0.19638441
0.19481997
0.033696021
0.097405832
0.16063405
0.24563076
0.22597295
0.20701788
0.23805083
0.22009081
0.20267041
0.068202148
0.19578843
0.31855002
0.070230762
0.20151832
0.32757928
0.071287575
0.20450132
0.33227387
0.068835703
0.19756423
0.32130396
0.064097608
0.18414088
0.30002305
0.059585834
0.17133491
0.27964793
0.38290171
0.37782943
0.36805159
0.35805614
0.35368804
0.34524687
0.33420229
0.33047204
0.32324632
0.30208053
0.1853869
0.064528421
0.2834601
0.17368096
0.060403686
0.26549629
0.16242373
0.056443593
-2.3264819e-18
1.9886216e-18
2.2815759e-18
-1.8321323e-18
7.9456984e-19
2.0701502e-18
1.0096633e-18
1.3018896e-18
-3.1848439e-19
0.05720335
0.16456385
0.26884793
0.056557115
0.16273068
0.26593524
0.05530629
0.15918085
0.26028995
0.057239495
0.16473627
0.26934696
0.061462548
0.17671588
0.28838346
0.065123692
0.18708359
0.30480318
0.35310887
0.3351712
0.31425168
0.33229368
0.31665882
0.29830605
0.31211416
0.29860564
0.282648
0.25192393
0.1538254
0.053402739
0.23963301
0.14616765
0.05071693
0.22753495
0.13864694
0.048082222
-1.4094364e-17
-1.3228372e-17
-3.8151155e-18
-3.7811551e-18
-3.227619e-18
3.7438195e-19
-2.5478751e-18
2.6529072e-18
1.4502263e-18
0.05338174
0.15371483
0.2515843
0.051050476
0.14708688
0.24100674
0.048302401
0.13926427
0.22849233
0.055053577
0.15844734
0.25907068
0.050958781
0.14678344
0.24038436
0.047046277
0.13562078
0.22244486
0.31004621
0.30692361
0.30086034
0.2880526
0.28544967
0.28038435
0.26688643
0.26475334
0.26059351
0.24721777
0.1510053
0.052433323
0.23049878
0.14059278
0.048782057
0.21433924
0.13055732
0.045268158
1.4499748e-18
-1.0251431e-18
-5.9904816e-18
-2.1633221e-18
-6.0696793e-18
-7.6902146e-18
-2.0803129e-18
-9.1225448e-18
-9.3309149e-18
0.045003606
0.12978633
0.21304783
0.044650111
0.12877939
0.21143496
0.043960928
0.12681563
0.20828759
0.29148121
0.28003783
0.26643124
0.27251983
0.26287626
0.25134031
0.25411168
0.24612485
0.23651425
0.21497499
0.13085675
0.045356276
0.20325928
0.12360635
0.042822107
0.1917231
0.11648226
0.040334793
-5.4199521e-19
6.3155438e-18
-4.4451232e-18
4.5739779e-19
-2.596156e-18
1.0332478e-19
9.7578196e-19
8.4703295e-20
-8.8086133e-19
0.042887532
0.12375551
0.20337802
0.041565734
0.11998457
0.19731955
0.03997644
0.11544658
0.19001621
-0.21304783
-0.12978633
-0.045003606
-0.21143496
-0.12877939
-0.044650111
-0.20828759
-0.12681563
-0.043960928
-0.19786612
-0.12035597
-0.041701345
-0.18277153
-0.11103377
-0.038446466
-0.16815746
-0.10203144
-0.035307387
-4.8798097e-18
-3.3088292e-18
-2.5005405e-18
-4.396948e-18
-2.8427485e-18
-5.0347638e-18
-2.6901833e-18
-3.4431889e-18
-4.7095032e-18
-0.04310288
-0.12435211
-0.20427898
-0.039528735
-0.1141231
-0.18774013
-0.036103573
-0.10430658
-0.17182424
-0.24540153
-0.24371491
-0.24041864
-0.22579558
-0.22448956
-0.22193207
-0.20688716
-0.2059239
-0.204034
-0.16158613
-0.097995698
-0.033902291
-0.16290466
-0.09881298
-0.034188151
-0.16357625
-0.099229429
-0.034333841
-0.20828759
-0.12681563
-0.043960928
-0.21143496
-0.12877939
-0.044650111
-0.21304783
-0.12978633
-0.045003606
-4.2823074e-18
-8.4499031e-18
-7.8575541e-19
-7.548756e-18
-2.8357604e-18
-2.2963063e-18
-6.871118e-18
-1.9769749e-18
-2.3852448e-18
-0.041701345
-0.12035597
-0.19786612
-0.038446466
-0.11103377
-0.18277153
-0.035307387
-0.10203144
-0.16815746
-0.24041864
-0.24371491
-0.24540153
-0.22193207
-0.22448956
-0.22579558
-0.204034
-0.2059239
-0.20688716
-0.16357625
-0.099229429
-0.034333841
-0.16290466
-0.09881298
-0.034188151
-0.16158613
-0.097995698
-0.033902291
0.04310288
0.12435211
0.20427898
0.039528735
0.1141231
0.18774013
0.036103573
0.10430658
0.17182424
0.24540153
0.24371491
0.24041864
0.22579558
0.22448956
0.22193207
0.20688716
0.2059239
0.204034
0.19786612
0.12035597
0.041701345
0.18277153
0.11103377
0.038446466
0.16815746
0.10203144
0.035307387
0.034333841
0.099229429
0.16357625
0.034188151
0.09881298
0.16290466
0.033902291
0.097995698
0.16158613
0.068702254
0.19718729
0.32070999
0.067726611
0.19443086
0.31636431
0.065850962
0.18912838
0.30799445
0.063983627
0.18381839
0.29951319
0.063149413
0.18145759
0.29577929
0.061541198
0.17690387
0.28856923
0.059489253
0.1710612
0.27921387
0.058781655
0.16905556
0.27603204
0.057413909
0.16517688
0.26987288
0.062997464
0.18105309
0.29522195
0.059592557
0.17140402
0.27991905
0.055649738
0.16021232
0.26211302
0.059083241
0.16993766
0.27751954
0.056132298
0.16156396
0.2642053
0.052690427
0.15178289
0.24860876
0.055314214
0.15921767
0.2603948
0.052778473
0.15201303
0.24891128
0.049800122
0.14353976
0.23537093
0.054973355
0.15821964
0.25870846
0.054385005
0.15654938
0.25605065
0.053244717
0.15331085
0.25089302
0.050892374
0.14659468
0.24008327
0.050404895
0.14520884
0.23787206
0.049457816
0.14251541
0.23357131
0.046992216
0.1354669
0.22219877
0.046595007
0.13433619
0.22039
0.045821512
0.13213362
0.2168643
0.051486356
0.14831336
0.2429229
0.049350069
0.14223591
0.23321203
0.04682288
0.13503806
0.22168459
0.047991438
0.1383425
0.22689992
0.046200108
0.13324053
0.21872942
0.044067015
0.12715888
0.20897014
0.044619209
0.12870808
0.21137498
0.043142689
0.1244981
0.20461849
0.041373201
0.11944814
0.1964992
-0.1998685
-0.121603
-0.042138575
-0.20265734
-0.12334095
-0.042748127
-0.20408492
-0.12423108
-0.043060415
-0.18432623
-0.11199993
-0.038784849
-0.1864866
-0.11334325
-0.039255456
-0.18759023
-0.11402982
-0.039496047
-0.16930716
-0.10274448
-0.035556856
-0.1709012
-0.10373358
-0.035902999
-0.17171393
-0.10423809
-0.036079598
-0.20408492
-0.12423108
-0.043060415
-0.20265734
-0.12334095
-0.042748127
-0.1998685
-0.121603
-0.042138575
-0.18759023
-0.11402982
-0.039496047
-0.1864866
-0.11334325
-0.039255456
-0.18432623
-0.11199993
-0.038784849
-0.17171393
-0.10423809
-0.036079598
-0.1709012
-0.10373358
-0.035902999
-0.16930716
-0.10274448
-0.035556856
0.043060415
0.12423108
0.20408492
0.042748127
0.12334095
0.20265734
0.042138575
0.121603
0.1998685
0.039496047
0.11402982
0.18759023
0.039255456
0.11334325
0.1864866
0.038784849
0.11199993
0.18432623
0.036079598
0.10423809
0.17171393
0.035902999
0.10373358
0.1709012
0.035556856
0.10274448
0.16930716
0.70710678
0.67227043
0.39717735
0.37298049
4.5536491e-18
-2.4286129e-17
0.57019239
0.59335069
0.47240707
0.48603889
-6.9117888e-18
-6.7762636e-19
0.3224644
0.30722904
-0.24775119
-0.25629728
-7.3251409e-18
1.9380114e-18
8.4432244e-18
0.24775119
0.25629728
0.24775119
-0.19368993
-0.19728907
-4.8246997e-18
3.3203692e-18
7.0473141e-18
0.19368993
0.19728907
0.19368993
-8.6037372e-18
-2.2795351e-17
-1.9515639e-18
0.31218017
0.19175207
0.066774181
0.39642918
0.39095644
0.38042078
0.33291588
0.20490947
0.071432212
-3.814957e-19
8.9395857e-18
4.5943067e-18
0.054417567
0.15665737
0.25627281
0.32199842
0.31857997
0.31195018
0.05729151
0.16481389
0.26924508
5.2039322e-18
3.6718878e-19
3.1950083e-18
-4.9310949e-18
1.1402758e-17
-3.3813555e-18
0.36113607
0.33926012
0.31810788
0.38359477
0.35865241
0.33471103
0.6278812
0.53501952
0.4314642
0.70604267
0.69823377
0.68307557
0.66207707
0.56663459
0.45868172
0.52936069
0.44639856
0.35681328
0.57741475
0.58748697
0.59264872
0.55184515
0.4667897
0.37407891
0.65432542
0.62067735
0.58750416
0.68697873
0.64938746
0.6125172
1.2734293e-17
5.3337665e-18
1.5327908e-17
0.043467228
0.12540839
0.20603062
0.25603842
0.25413461
0.25041783
0.045051695
0.1299233
0.21326717
1.470434e-17
4.6730808e-18
4.2724342e-18
7.3723498e-18
1.2384469e-17
8.9446679e-18
0.2965368
0.2767634
0.25761269
0.31047167
0.28840695
0.26717658
0.43609876
0.3642077
0.28876571
0.47668054
0.48260673
0.4856287
0.4492025
0.37588867
0.29851333
0.55300856
0.52078024
0.48899717
0.57437618
0.53892397
0.50413239
-0.25041783
-0.25413461
-0.25603842
-0.21326717
-0.1299233
-0.045051695
5.7492825e-18
4.3939834e-18
4.5028271e-18
-0.20603062
-0.12540839
-0.043467228
-0.19481997
-0.19638441
-0.19718101
-0.16366737
-0.099285939
-0.034353612
8.0513129e-18
-5.2261933e-19
-6.2612675e-18
-0.16063405
-0.097405832
-0.033696021
-0.23805083
-0.22009081
-0.20267041
-0.24563076
-0.22597295
-0.20701788
6.7893529e-18
-1.8965068e-18
1.5111068e-18
1.0568854e-18
-7.250602e-19
4.4079595e-18
0.25041783
0.25413461
0.25603842
0.043467228
0.12540839
0.20603062
0.034353612
0.099285939
0.16366737
0.19481997
0.19638441
0.19718101
0.033696021
0.097405832
0.16063405
0.24563076
0.22597295
0.20701788
0.23805083
0.22009081
0.20267041
1.1903142e-17
1.6347736e-18
2.3581397e-18
0.033696021
0.097405832
0.16063405
0.19718101
0.19638441
0.19481997
6.4236067e-18
2.0074681e-18
1.5043305e-18
0.23805083
0.22009081
0.20267041
0.33227387
0.32757928
0.31855002
0.20450132
0.20151832
0.19578843
0.071287575
0.070230762
0.068202148
-7.367626e-18
-6.8155141e-18
-1.2334209e-17
-9.1826958e-18
-5.6355749e-18
-3.8158834e-18
1.4398832e-18
6.6415853e-18
1.1350241e-18
0.064528421
0.1853869
0.30208053
0.060403686
0.17368096
0.2834601
0.056443593
0.16242373
0.26549629
0.36805159
0.37782943
0.38290171
0.34524687
0.35368804
0.35805614
0.32324632
0.33047204
0.33420229
0.32130396
0.19756423
0.068835703
0.30002305
0.18414088
0.064097608
0.27964793
0.17133491
0.059585834
0.05720335
0.056557115
0.05530629
0.16456385
0.16273068
0.15918085
0.26884793
0.26593524
0.26028995
0.6610298
0.65334976
0.63846807
0.56566212
0.55853883
0.54477698
0.45784149
0.45169272
0.43984281
0.41806085
0.51922515
0.61047448
0.39325467
0.48985902
0.57793621
0.36920602
0.46122132
0.54598479
0.66446322
0.67867041
0.68598265
0.62960702
0.64209671
0.64851389
0.59529774
0.60617749
0.61175802
0.6424645
0.54869826
0.44335776
0.6059608
0.51551365
0.41515227
0.57031435
0.48335598
0.38799889
0.37355141
0.36968063
0.36216784
0.46616835
0.46160566
0.45273421
0.55116224
0.54614326
0.53636295
1.6752459e-17
1.1414464e-18
-3.5511592e-18
3.1704013e-18
2.0761836e-18
3.7997898e-18
7.9345811e-19
5.9330423e-18
4.9263436e-18
0.052433323
0.1510053
0.24721777
0.048782057
0.14059278
0.23049878
0.045268158
0.13055732
0.21433924
0.30086034
0.30692361
0.31004621
0.28038435
0.28544967
0.2880526
0.26059351
0.26475334
0.26688643
0.25907068
0.15844734
0.055053577
0.24038436
0.14678344
0.050958781
0.22244486
0.13562078
0.047046277
0.045003606
0.044650111
0.043960928
0.12978633
0.12877939
0.12681563
0.21304783
0.21143496
0.20828759
0.34461701
0.43176726
0.51289327
0.32202007
0.40454392
0.48209907
0.30008244
0.37797121
0.45184539
0.55967856
0.56897123
0.57372932
0.52645361
0.53434305
0.53837604
0.49373779
0.50031807
0.5036764
0.53360195
0.45048953
0.36042754
0.49962501
0.42029804
0.33525945
0.46641834
0.39099869
0.31097955
0.29821831
0.29604809
0.29180896
0.3755358
0.37293873
0.36785939
0.4488076
0.44589941
0.44020226
-0.043960928
-0.044650111
-0.045003606
-0.12681563
-0.12877939
-0.12978633
-0.20828759
-0.21143496
-0.21304783
-0.24041864
-0.24371491
-0.24540153
-0.22193207
-0.22448956
-0.22579558
-0.204034
-0.2059239
-0.20688716
-0.20427898
-0.12435211
-0.04310288
-0.18774013
-0.1141231
-0.039528735
-0.17182424
-0.10430658
-0.036103573
1.2936575e-18
8.8595998e-18
3.616787e-18
-6.1621647e-19
-7.2580136e-19
1.1338725e-17
-2.7105054e-20
4.2432115e-18
4.9440585e-18
-0.041701345
-0.12035597
-0.19786612
-0.038446466
-0.11103377
-0.18277153
-0.035307387
-0.10203144
-0.16815746
-0.16158613
-0.16290466
-0.16357625
-0.097995698
-0.09881298
-0.099229429
-0.033902291
-0.034188151
-0.034333841
0.20828759
0.21143496
0.21304783
0.12681563
0.12877939
0.12978633
0.043960928
0.044650111
0.045003606
0.04310288
0.12435211
0.20427898
0.039528735
0.1141231
0.18774013
0.036103573
0.10430658
0.17182424
0.24540153
0.24371491
0.24041864
0.22579558
0.22448956
0.22193207
0.20688716
0.2059239
0.204034
0.19786612
0.12035597
0.041701345
0.18277153
0.11103377
0.038446466
0.16815746
0.10203144
0.035307387
0.033902291
0.034188151
0.034333841
0.097995698
0.09881298
0.099229429
0.16158613
0.16290466
0.16357625
7.0012311e-19
6.3925775e-18
-1.5713388e-18
1.2634193e-17
5.4704564e-18
-8.7329097e-19
3.3024756e-18
4.9212614e-19
-8.1315163e-20
0.041701345
0.12035597
0.19786612
0.038446466
0.11103377
0.18277153
0.035307387
0.10203144
0.16815746
0.24041864
0.24371491
0.24540153
0.22193207
0.22448956
0.22579558
0.204034
0.2059239
0.20688716
0.034333841
0.034188151
0.033902291
0.099229429
0.09881298
0.097995698
0.16357625
0.16290466
0.16158613
0.068702254
0.067726611
0.065850962
0.19718729
0.19443086
0.18912838
0.32070999
0.31636431
0.30799445
0.063983627
0.063149413
0.061541198
0.18381839
0.18145759
0.17690387
0.29951319
0.29577929
0.28856923
0.059489253
0.058781655
0.057413909
0.1710612
0.16905556
0.16517688
0.27921387
0.27603204
0.26987288
0.44257828
0.43687127
0.42585864
0.5477932
0.54116074
0.52833245
0.64148622
0.63430937
0.6203888
0.41447987
0.40955231
0.4000213
0.5147283
0.50896837
0.49780402
0.60510614
0.59883161
0.58663853
0.38742375
0.38320524
0.3750271
0.48268043
0.4777219
0.46809103
0.56957436
0.56413793
0.55355416
0.054973355
0.054385005
0.053244717
0.15821964
0.15654938
0.15331085
0.25870846
0.25605065
0.25089302
0.050892374
0.050404895
0.049457816
0.14659468
0.14520884
0.14251541
0.24008327
0.23787206
0.23357131
0.046992216
0.046595007
0.045821512
0.1354669
0.13433619
0.13213362
0.22219877
0.22039
0.2168643
0.35994532
0.35640517
0.34952621
0.44991991
0.44573542
0.43759077
0.53297384
0.52835597
0.51934883
0.33485691
0.33189929
0.32614005
0.41982009
0.41630644
0.40945418
0.4990948
0.4951941
0.48757248
0.31064922
0.30822029
0.30348081
0.39060457
0.38770503
0.38203968
0.46597858
0.46274118
0.45640473
-0.1998685
-0.20265734
-0.20408492
-0.121603
-0.12334095
-0.12423108
-0.042138575
-0.042748127
-0.043060415
-0.18432623
-0.1864866
-0.18759023
-0.11199993
-0.11334325
-0.11402982
-0.038784849
-0.039255456
-0.039496047
-0.16930716
-0.1709012
-0.17171393
-0.10274448
-0.10373358
-0.10423809
-0.035556856
-0.035902999
-0.036079598
0.042138575
0.042748127
0.043060415
0.121603
0.12334095
0.12423108
0.1998685
0.20265734
0.20408492
0.038784849
0.039255456
0.039496047
0.11199993
0.11334325
0.11402982
0.18432623
0.1864866
0.18759023
0.035556856
0.035902999
0.036079598
0.10274448
0.10373358
0.10423809
0.16930716
0.1709012
0.17171393
0.043060415
0.042748127
0.042138575
0.12423108
0.12334095
0.121603
0.20408492
0.20265734
0.1998685
0.039496047
0.039255456
0.038784849
0.11402982
0.11334325
0.11199993
0.18759023
0.1864866
0.18432623
0.036079598
0.035902999
0.035556856
0.10423809
0.10373358
0.10274448
0.17171393
0.1709012
0.16930716
