MFEM mesh v1.0

#
# MFEM Geometry Types (see mesh/geom.hpp):
#
# POINT       = 0
# SEGMENT     = 1
# TRIANGLE    = 2
# SQUARE      = 3
# TETRAHEDRON = 4
# CUBE        = 5
#

dimension
3

elements
8
1 5 2 0 4 12 3 1 6 13
1 5 14 9 0 2 15 11 1 3
1 5 8 16 19 9 10 22 25 11
1 5 16 17 20 19 22 23 26 25
1 5 17 18 21 20 23 24 27 26
1 5 9 19 4 0 11 25 6 1
1 5 19 20 5 4 25 26 7 6
1 5 22 23 26 25 28 29 31 30

boundary
30
59 3 12 4 0 2
59 3 12 2 3 13
59 3 4 12 13 6
59 3 3 1 6 13
59 3 5 4 6 7
59 3 2 0 9 14
59 3 9 8 10 11
59 3 14 9 11 15
59 3 2 14 15 3
59 3 15 11 1 3
59 3 9 19 16 8
59 3 19 20 17 16
59 3 20 21 18 17
59 3 0 4 19 9
59 3 4 5 20 19
59 3 8 16 22 10
59 3 16 17 23 22
59 3 17 18 24 23
59 3 10 22 25 11
59 3 18 21 27 24
59 3 21 20 26 27
59 3 23 24 27 26
59 3 11 25 6 1
59 3 20 5 7 26
59 3 25 26 7 6
59 3 22 23 29 28
59 3 25 22 28 30
59 3 23 26 31 29
59 3 26 25 30 31
59 3 28 29 31 30

vertices
32

nodes
FiniteElementSpace
FiniteElementCollection: H1_3D_P4
VDim: 3
Ordering: 0

0.25513258
0.25513258
0.13464912
0.13464912
0.1716001
0.11108439
0.1716001
0.11108439
0.46850803
0.36407998
0.48293061
0.37107077
0.11052157
0.11052157
0.19040097
0.19444247
0.42529438
0.14590394
0.42529438
0.27585809
0.12755235
0.27585809
0.45397621
0.14953799
0.45397621
0.28596008
0.12909499
0.28596008
0.42529438
0.14590394
0.27585809
0.12755235
0.23432832
0.19489085
0.15545338
0.24449919
0.2191296
0.18854233
0.16105348
0.14106084
0.1210682
0.13157777
0.12425001
0.11541517
0.23432832
0.19489085
0.15545338
0.24449919
0.2191296
0.18854233
0.16105348
0.14106084
0.1210682
0.13157777
0.12425001
0.11541517
0.13464912
0.13464912
0.13464912
0.25513258
0.25513258
0.25513258
0.1716001
0.1716001
0.1716001
0.11052157
0.11052157
0.11052157
0.33592995
0.28016626
0.22190822
0.27385701
0.30969565
0.34542656
0.14386767
0.16202698
0.1805814
0.34261631
0.28599879
0.22661968
0.27499332
0.31310591
0.35117647
0.14451147
0.16399013
0.18390257
0.1916749
0.19343097
0.1943218
0.36628729
0.3693244
0.37086254
0.47942006
0.48609952
0.4593594
0.39663105
0.34539203
0.29861129
0.3620126
0.34470079
0.30538533
0.45086871
0.41703402
0.38255195
0.49673792
0.50918859
0.48726641
0.4215852
0.36382424
0.3113495
0.37028971
0.35493607
0.31612715
0.46394198
0.42764965
0.39078646
0.47304556
0.47931323
0.48249876
0.43418521
0.44666754
0.4530997
0.27900709
0.28340109
0.2856537
0.37626093
0.25733852
0.16140939
0.14258664
0.13647305
0.13057801
0.2421185
0.17743026
0.13408157
0.40344564
0.274777
0.16716943
0.1458131
0.13898265
0.13243817
0.25091153
0.18255714
0.13612463
0.14703622
0.1486169
0.14942769
0.12803622
0.12870682
0.12904861
0.16140939
0.25733852
0.37626093
0.39663105
0.34539203
0.29861129
0.13408157
0.17743026
0.2421185
0.16716943
0.274777
0.40344564
0.4215852
0.36382424
0.3113495
0.13612463
0.18255714
0.25091153
0.43418521
0.44666754
0.4530997
0.27900709
0.28340109
0.2856537
0.18625046
0.21783122
0.2544849
0.18739017
0.22179943
0.26221542
0.11380615
0.11910152
0.12458268
0.1551505
0.12865254
0.11327701
0.11403968
0.1198136
0.12582405
0.1551505
0.12865254
0.11327701
0.11108439
0.11108439
0.11108439
0.37626093
0.25733852
0.16140939
0.14258664
0.13647305
0.13057801
0.2421185
0.17743026
0.13408157
0.39663105
0.34539203
0.29861129
0.4530997
0.44666754
0.43418521
0.14942769
0.1486169
0.14703622
0.12904861
0.12870682
0.12803622
0.2856537
0.28340109
0.27900709
0.12804227
0.15197875
0.17591523
0.14063317
0.17168981
0.20274644
0.15107627
0.18803848
0.2250007
0.15545338
0.19489085
0.23432832
0.15545338
0.19489085
0.23432832
0.15545338
0.19489085
0.23432832
0.24449919
0.2191296
0.18854233
0.24449919
0.2191296
0.18854233
0.24449919
0.2191296
0.18854233
0.16105348
0.14106084
0.1210682
0.16105348
0.14106084
0.1210682
0.16105348
0.14106084
0.1210682
0.11541517
0.12425001
0.13157777
0.11541517
0.12425001
0.13157777
0.11541517
0.12425001
0.13157777
0.15107627
0.18803848
0.2250007
0.14063317
0.17168981
0.20274644
0.12804227
0.15197875
0.17591523
0.16662226
0.20945163
0.25177633
0.18837372
0.23748649
0.28520973
0.21035249
0.26551889
0.31853912
0.22339436
0.28200724
0.33804093
0.2254414
0.28454121
0.3409458
0.22647914
0.28582497
0.34241711
0.3472425
0.31077322
0.2742164
0.34974046
0.31225469
0.27470998
0.35100526
0.31300444
0.27495955
0.14407072
0.16264584
0.18162846
0.14435045
0.16349886
0.18307153
0.14449227
0.16393152
0.18380343
0.21423904
0.27034066
0.32405355
0.19069207
0.2403767
0.28849827
0.16739282
0.21042113
0.2528767
0.38260525
0.36858949
0.3297712
0.42132497
0.41471873
0.37878698
0.45950175
0.46141165
0.43088067
0.48486456
0.49333891
0.46805239
0.49239105
0.50337667
0.48019239
0.49621887
0.50849406
0.48641936
0.40437025
0.3511169
0.30257629
0.4152297
0.35913698
0.3081177
0.42082311
0.36326244
0.3109624
0.30874159
0.34791347
0.36462116
0.31341295
0.35236269
0.36821777
0.31580244
0.35462865
0.37004251
0.38515117
0.42038185
0.45498572
0.3887287
0.4249942
0.46066655
0.39054107
0.42733289
0.46355107
0.47521186
0.482233
0.45553896
0.43406161
0.43127548
0.39754768
0.392416
0.3809647
0.34311817
0.26179293
0.18867066
0.13825445
0.30308008
0.21273908
0.14674483
0.34961868
0.24078846
0.15609111
0.3846442
0.2626769
0.1631854
0.39647988
0.27027322
0.16569292
0.40260887
0.27423467
0.16699201
0.14359315
0.13725768
0.13116084
0.14499639
0.13834894
0.13196955
0.14571533
0.13890684
0.13238216
0.13471988
0.17902277
0.24485402
0.13560833
0.18125342
0.24867931
0.13606286
0.18240087
0.2506441
0.37288936
0.25538658
0.16103523
0.3197722
0.22284007
0.15036294
0.27302397
0.19528627
0.14078832
0.13825445
0.18867066
0.26179293
0.14674483
0.21273908
0.30308008
0.15609111
0.24078846
0.34961868
0.1631854
0.2626769
0.3846442
0.16569292
0.27027322
0.39647988
0.16699201
0.27423467
0.40260887
0.40437025
0.3511169
0.30257629
0.4152297
0.35913698
0.3081177
0.42082311
0.36326244
0.3109624
0.24485402
0.17902277
0.13471988
0.24867931
0.18125342
0.13560833
0.2506441
0.18240087
0.13606286
0.16103523
0.25538658
0.37288936
0.15036294
0.22284007
0.3197722
0.14078832
0.19528627
0.27302397
0.26408939
0.23868539
0.20549782
0.30235246
0.27851611
0.24143612
0.34136663
0.32126463
0.28213292
0.25689869
0.21907492
0.18660929
0.26026066
0.22080009
0.18710456
0.26198151
0.22167999
0.18735608
0.3481199
0.32943164
0.29047022
0.30627854
0.28304388
0.24582313
0.26536497
0.2400819
0.20678497
0.1670838
0.1353544
0.11651609
0.19310414
0.14988158
0.12303101
0.22387438
0.16711456
0.1301004
0.12497247
0.11932556
0.11387976
0.12551205
0.11963502
0.11398123
0.12578678
0.11979229
0.11403271
0.11327701
0.12865254
0.1551505
0.11327701
0.12865254
0.1551505
0.11327701
0.12865254
0.1551505
0.23052404
0.1709638
0.1317009
0.19645233
0.15181045
0.12390673
0.16803161
0.13590491
0.11679136
0.40260887
0.27423467
0.16699201
0.39647988
0.27027322
0.16569292
0.3846442
0.2626769
0.1631854
0.14571533
0.13890684
0.13238216
0.14499639
0.13834894
0.13196955
0.14359315
0.13725768
0.13116084
0.13606286
0.18240087
0.2506441
0.13560833
0.18125342
0.24867931
0.13471988
0.17902277
0.24485402
0.3109624
0.36326244
0.42082311
0.3081177
0.35913698
0.4152297
0.30257629
0.3511169
0.40437025
0.34961868
0.24078846
0.15609111
0.30308008
0.21273908
0.14674483
0.26179293
0.18867066
0.13825445
0.15107627
0.18803848
0.2250007
0.14063317
0.17168981
0.20274644
0.12804227
0.15197875
0.17591523
0.15107627
0.18803848
0.2250007
0.14063317
0.17168981
0.20274644
0.12804227
0.15197875
0.17591523
0.15107627
0.18803848
0.2250007
0.14063317
0.17168981
0.20274644
0.12804227
0.15197875
0.17591523
0.21157861
0.26704101
0.32028039
0.189105
0.23839881
0.28624841
0.1668654
0.20975778
0.25212413
0.21326723
0.26913584
0.32267609
0.19011229
0.23965448
0.28767705
0.16720019
0.21017897
0.25260213
0.21412313
0.270197
0.32388931
0.19062292
0.24029057
0.28840036
0.16736985
0.21039226
0.25284398
0.46444439
0.46794104
0.43856266
0.42533592
0.41991184
0.38463537
0.38569647
0.37247245
0.33393731
0.47127176
0.47699285
0.4492892
0.43087067
0.42710954
0.3927958
0.38995957
0.37785209
0.33974215
0.4747415
0.48160684
0.45479063
0.43368081
0.43077771
0.3969788
0.39212291
0.38059283
0.34271416
0.35680277
0.24526789
0.15761938
0.30824645
0.21585307
0.14786826
0.26528016
0.19072016
0.13904449
0.36693334
0.25162574
0.15977128
0.31551145
0.22025066
0.14944245
0.27016692
0.19359918
0.14014656
0.37217412
0.25493405
0.16088348
0.31926094
0.22252895
0.15025258
0.27268148
0.19508388
0.14071148
0.15761938
0.24526789
0.35680277
0.14786826
0.21585307
0.30824645
0.13904449
0.19072016
0.26528016
0.15977128
0.25162574
0.36693334
0.14944245
0.22025066
0.31551145
0.14014656
0.19359918
0.27016692
0.16088348
0.25493405
0.37217412
0.15025258
0.22252895
0.31926094
0.14071148
0.19508388
0.27268148
0.34349546
0.3238295
0.28474108
0.30359099
0.27994039
0.24281262
0.26449237
0.23912584
0.20590328
0.34642986
0.32737946
0.28836635
0.3052968
0.28190816
0.24471966
0.26504651
0.23973261
0.20646259
0.34791828
0.32918653
0.29021862
0.30616145
0.2829083
0.24569129
0.26532701
0.24004024
0.2067465
0.22594746
0.16831344
0.13060142
0.19415263
0.15048547
0.12330608
0.16738211
0.13552765
0.11660282
0.22883976
0.16998781
0.1312973
0.19560835
0.15132411
0.12368671
0.16779401
0.13576689
0.11672243
0.2303224
0.17084692
0.13165264
0.19635143
0.1517523
0.12388045
0.16800325
0.13588843
0.11678313
0.37217412
0.25493405
0.16088348
0.31926094
0.22252895
0.15025258
0.27268148
0.19508388
0.14071148
0.36693334
0.25162574
0.15977128
0.31551145
0.22025066
0.14944245
0.27016692
0.19359918
0.14014656
0.35680277
0.24526789
0.15761938
0.30824645
0.21585307
0.14786826
0.26528016
0.19072016
0.13904449
-0.28867513
-0.28867513
-0.28867513
-0.28867513
-0.14433757
-2.1684043e-18
-0.14433757
-1.9515639e-18
-0.47240707
-0.37864925
-0.48603889
-0.38463884
-0.14433757
-0.14433757
-0.40974402
-0.42041877
-0.24775119
1.5517644e-18
0.24775119
-0.19368993
-5.502326e-18
0.19368993
-0.25629728
-5.4210109e-20
0.25629728
-0.19728907
0
0.19728907
-0.24775119
-1.0842022e-19
-0.19368993
-3.008661e-18
-0.28867513
-0.28867513
-0.28867513
-0.26375191
-0.21650635
-0.16926079
-0.14433757
-0.14433757
-0.14433757
-0.26375191
-0.21650635
-0.16926079
-0.28867513
-0.28867513
-0.28867513
-0.26375191
-0.21650635
-0.16926079
-0.14433757
-0.14433757
-0.14433757
-0.26375191
-0.21650635
-0.16926079
-0.28867513
-0.28867513
-0.28867513
-0.28867513
-0.28867513
-0.28867513
-0.14433757
-0.14433757
-0.14433757
-0.14433757
-0.14433757
-0.14433757
-0.38538234
-0.39662121
-0.40577998
-0.30395098
-0.33320369
-0.36284937
-0.30882153
-0.34786205
-0.38805727
-0.39236521
-0.40528814
-0.4158435
-0.30487629
-0.33600514
-0.36769266
-0.3104492
-0.35281214
-0.39666146
-0.41309509
-0.41773515
-0.42009818
-0.38053624
-0.38313893
-0.38445987
-0.43609876
-0.3642077
-0.28876571
-0.23805083
-0.22009081
-0.20267041
-0.34768534
-0.28777162
-0.22648244
-0.455937
-0.42504043
-0.39456189
-0.4492025
-0.37588867
-0.29851333
-0.24563076
-0.22597295
-0.20701788
-0.35339144
-0.29278126
-0.23061039
-0.46812151
-0.43463085
-0.40174699
-0.47668054
-0.48260673
-0.4856287
-0.25041783
-0.25413461
-0.25603842
-0.19481997
-0.19638441
-0.19718101
-0.20603062
-0.12540839
-0.043467228
-4.3910585e-18
1.8414496e-18
-3.6524061e-18
-0.16063405
-0.097405832
-0.033696021
-0.21326717
-0.1299233
-0.045051695
1.5721064e-18
-5.4743739e-18
-9.2834811e-19
-0.16366737
-0.099285939
-0.034353612
1.1997626e-18
9.8764042e-19
2.2937652e-18
-1.7075258e-18
-4.0767696e-18
-3.5168808e-18
0.043467228
0.12540839
0.20603062
0.23805083
0.22009081
0.20267041
0.033696021
0.097405832
0.16063405
0.045051695
0.1299233
0.21326717
0.24563076
0.22597295
0.20701788
0.034353612
0.099285939
0.16366737
0.25041783
0.25413461
0.25603842
0.19481997
0.19638441
0.19718101
-0.15255002
-0.16846444
-0.18484957
-0.15308918
-0.17011605
-0.18774034
3.5236571e-19
-2.6800122e-18
-3.1305279e-18
-0.11941434
-0.072168784
-0.024923225
2.7105054e-19
-6.2273862e-18
-7.2101562e-18
-0.11941434
-0.072168784
-0.024923225
1.5179889e-18
-8.8091427e-19
9.2157185e-19
-0.20603062
-0.12540839
-0.043467228
2.5479545e-18
-8.6227954e-19
-2.6698478e-18
-0.16063405
-0.097405832
-0.033696021
-0.23805083
-0.22009081
-0.20267041
-0.25603842
-0.25413461
-0.25041783
1.1651997e-18
4.857734e-18
2.5546514e-18
-3.6592088e-18
-1.9735868e-18
-3.8489177e-18
-0.19718101
-0.19638441
-0.19481997
-0.16926079
-0.16926079
-0.16926079
-0.21650635
-0.21650635
-0.21650635
-0.26375191
-0.26375191
-0.26375191
-0.28867513
-0.28867513
-0.28867513
-0.28867513
-0.28867513
-0.28867513
-0.28867513
-0.28867513
-0.28867513
-0.26375191
-0.21650635
-0.16926079
-0.26375191
-0.21650635
-0.16926079
-0.26375191
-0.21650635
-0.16926079
-0.14433757
-0.14433757
-0.14433757
-0.14433757
-0.14433757
-0.14433757
-0.14433757
-0.14433757
-0.14433757
-0.16926079
-0.21650635
-0.26375191
-0.16926079
-0.21650635
-0.26375191
-0.16926079
-0.21650635
-0.26375191
-0.26375191
-0.26375191
-0.26375191
-0.21650635
-0.21650635
-0.21650635
-0.16926079
-0.16926079
-0.16926079
-0.30821142
-0.30678986
-0.30502232
-0.34601328
-0.34171966
-0.33640835
-0.38485569
-0.3774452
-0.36832609
-0.40894024
-0.39934527
-0.38758001
-0.41331449
-0.40311217
-0.3906146
-0.41554142
-0.4050283
-0.39215625
-0.3643765
-0.33408838
-0.30424364
-0.3664809
-0.33530543
-0.30464557
-0.36754811
-0.33592171
-0.3048488
-0.30933488
-0.34942046
-0.39076106
-0.31004209
-0.35157158
-0.39450076
-0.31040064
-0.35266408
-0.39640343
-0.39297184
-0.3844433
-0.37397058
-0.35068725
-0.3457581
-0.33967163
-0.30974969
-0.30812138
-0.30609989
-0.36262217
-0.30058548
-0.23685745
-0.39130993
-0.32530876
-0.2569503
-0.42049661
-0.35061557
-0.27762052
-0.44020226
-0.36785939
-0.29180896
-0.44589941
-0.37293873
-0.29604809
-0.4488076
-0.3755358
-0.29821831
-0.24041864
-0.22193207
-0.204034
-0.24371491
-0.22448956
-0.2059239
-0.24540153
-0.22579558
-0.20688716
-0.22777901
-0.2893466
-0.34948155
-0.22957324
-0.29152388
-0.35196124
-0.23048651
-0.29263112
-0.35322074
-0.39682364
-0.42805449
-0.45976008
-0.39994606
-0.4322228
-0.46505666
-0.40153204
-0.43434329
-0.46775532
-0.43219011
-0.36101058
-0.28627495
-0.40048637
-0.33342478
-0.26367877
-0.36947731
-0.30661892
-0.24183923
-0.16815746
-0.10203144
-0.035307387
-0.18277153
-0.11103377
-0.038446466
-0.19786612
-0.12035597
-0.041701345
-0.20828759
-0.12681563
-0.043960928
-0.21143496
-0.12877939
-0.044650111
-0.21304783
-0.12978633
-0.045003606
-4.0525207e-20
-2.1694383e-19
-3.5780128e-18
-1.184995e-18
-4.401395e-19
-1.0261804e-18
1.0503209e-18
-1.7618285e-19
-5.5904175e-19
-0.033902291
-0.097995698
-0.16158613
-0.034188151
-0.09881298
-0.16290466
-0.034333841
-0.099229429
-0.16357625
-0.20427898
-0.12435211
-0.04310288
-0.18774013
-0.1141231
-0.039528735
-0.17182424
-0.10430658
-0.036103573
0.035307387
0.10203144
0.16815746
0.038446466
0.11103377
0.18277153
0.041701345
0.12035597
0.19786612
0.043960928
0.12681563
0.20828759
0.044650111
0.12877939
0.21143496
0.045003606
0.12978633
0.21304783
0.24041864
0.22193207
0.204034
0.24371491
0.22448956
0.2059239
0.24540153
0.22579558
0.20688716
0.16158613
0.097995698
0.033902291
0.16290466
0.09881298
0.034188151
0.16357625
0.099229429
0.034333841
0.04310288
0.12435211
0.20427898
0.039528735
0.1141231
0.18774013
0.036103573
0.10430658
0.17182424
-0.27793984
-0.22846557
-0.17880693
-0.30518018
-0.25152599
-0.19727828
-0.332882
-0.27511175
-0.21625808
-0.18575811
-0.1689845
-0.1527201
-0.18701453
-0.16970221
-0.15295435
-0.18765367
-0.17006666
-0.1530731
-0.33748938
-0.27914694
-0.21957645
-0.30783811
-0.25384351
-0.19917718
-0.27881552
-0.22922586
-0.17942775
-0.12625881
-0.076346986
-0.026373453
-0.13953897
-0.084467873
-0.029194637
-0.1532349
-0.092862461
-0.032114341
-6.5041537e-19
-4.3977884e-18
-4.8802333e-19
-2.3971099e-18
-2.3822802e-18
-9.8255822e-20
-3.7404975e-18
-2.7138936e-18
-2.2768246e-18
-0.024923225
-0.072168784
-0.11941434
-0.024923225
-0.072168784
-0.11941434
-0.024923225
-0.072168784
-0.11941434
-0.15566941
-0.094369876
-0.032641303
-0.14092804
-0.085326377
-0.029494469
-0.12671171
-0.076626407
-0.026470955
-0.21304783
-0.12978633
-0.045003606
-0.21143496
-0.12877939
-0.044650111
-0.20828759
-0.12681563
-0.043960928
-8.4020372e-19
-2.3238862e-18
-1.5042379e-18
2.9646153e-19
-5.607464e-18
-4.164014e-18
2.2361405e-18
-4.2292355e-18
-2.4462312e-18
-0.034333841
-0.099229429
-0.16357625
-0.034188151
-0.09881298
-0.16290466
-0.033902291
-0.097995698
-0.16158613
-0.20688716
-0.22579558
-0.24540153
-0.2059239
-0.22448956
-0.24371491
-0.204034
-0.22193207
-0.24041864
-0.19786612
-0.12035597
-0.041701345
-0.18277153
-0.11103377
-0.038446466
-0.16815746
-0.10203144
-0.035307387
-0.26375191
-0.26375191
-0.26375191
-0.21650635
-0.21650635
-0.21650635
-0.16926079
-0.16926079
-0.16926079
-0.26375191
-0.26375191
-0.26375191
-0.21650635
-0.21650635
-0.21650635
-0.16926079
-0.16926079
-0.16926079
-0.26375191
-0.26375191
-0.26375191
-0.21650635
-0.21650635
-0.21650635
-0.16926079
-0.16926079
-0.16926079
-0.38740692
-0.37964677
-0.37010408
-0.34748517
-0.34299233
-0.33743792
-0.30869669
-0.30721018
-0.30536283
-0.39093439
-0.38268809
-0.37255684
-0.34951624
-0.34474712
-0.33885573
-0.30936503
-0.30778866
-0.30583094
-0.39272855
-0.38423377
-0.37380188
-0.35054751
-0.34563748
-0.33957432
-0.30970381
-0.30808171
-0.30606783
-0.42416185
-0.35386852
-0.2803254
-0.39419117
-0.32785331
-0.25905747
-0.36477819
-0.30248055
-0.23842064
-0.42924546
-0.35838828
-0.28408876
-0.39817989
-0.33138156
-0.26198281
-0.36775746
-0.30510302
-0.24058619
-0.43183817
-0.360697
-0.28601342
-0.40021085
-0.33318059
-0.26347602
-0.36927198
-0.30643786
-0.24168952
-0.1998685
-0.121603
-0.042138575
-0.18432623
-0.11199993
-0.038784849
-0.16930716
-0.10274448
-0.035556856
-0.20265734
-0.12334095
-0.042748127
-0.1864866
-0.11334325
-0.039255456
-0.1709012
-0.10373358
-0.035902999
-0.20408492
-0.12423108
-0.043060415
-0.18759023
-0.11402982
-0.039496047
-0.17171393
-0.10423809
-0.036079598
0.042138575
0.121603
0.1998685
0.038784849
0.11199993
0.18432623
0.035556856
0.10274448
0.16930716
0.042748127
0.12334095
0.20265734
0.039255456
0.11334325
0.1864866
0.035902999
0.10373358
0.1709012
0.043060415
0.12423108
0.20408492
0.039496047
0.11402982
0.18759023
0.036079598
0.10423809
0.17171393
-0.33433361
-0.27638156
-0.21730139
-0.30601895
-0.25225654
-0.19787639
-0.27821662
-0.22870564
-0.17900282
-0.33633566
-0.27813518
-0.21874361
-0.30717373
-0.25326352
-0.19870155
-0.27859701
-0.22903594
-0.17927255
-0.33735172
-0.27902617
-0.21947701
-0.30775888
-0.25377431
-0.19912042
-0.27878947
-0.22920322
-0.17940924
-0.15399982
-0.093335898
-0.032279813
-0.13997624
-0.084738031
-0.029288973
-0.12640165
-0.076435081
-0.026404188
-0.15505796
-0.093991109
-0.032508865
-0.14057988
-0.08511112
-0.029419277
-0.12659842
-0.07655649
-0.026446554
-0.15559639
-0.094324636
-0.032625484
-0.14088648
-0.085300682
-0.029485493
-0.12669819
-0.076618066
-0.026468044
-0.20408492
-0.12423108
-0.043060415
-0.18759023
-0.11402982
-0.039496047
-0.17171393
-0.10423809
-0.036079598
-0.20265734
-0.12334095
-0.042748127
-0.1864866
-0.11334325
-0.039255456
-0.1709012
-0.10373358
-0.035902999
-0.1998685
-0.121603
-0.042138575
-0.18432623
-0.11199993
-0.038784849
-0.16930716
-0.10274448
-0.035556856
-0.14433757
0
-0.14433757
-5.8546917e-18
-0.14433757
-0.14433757
7.5894152e-19
-2.1684043e-19
-0.22368927
-0.18319635
2.9273459e-18
4.3368087e-19
-0.14433757
-1.5321132e-17
-0.19368993
5.3125906e-18
-0.24775119
-0.25629728
-0.24775119
-0.19368993
-0.19728907
-0.19368993
-2.6901766e-17
1.1492543e-17
-2.1900884e-17
1.6744147e-17
2.8785568e-17
5.3125906e-18
0.24775119
0.25629728
0.19368993
0.19728907
-0.14433757
-0.14433757
-0.14433757
-0.14433757
-0.14433757
-0.14433757
-0.14433757
-0.14433757
-0.14433757
-0.14433757
-0.14433757
-0.14433757
-1.7347235e-18
-3.3610267e-18
-7.8316666e-18
3.8219715e-18
2.6766241e-18
7.5894152e-19
-6.8846838e-18
5.2854856e-19
-1.433058e-17
1.5201793e-17
-2.7138936e-18
-3.2797116e-18
-0.11941434
-0.072168784
-0.024923225
-0.11941434
-0.072168784
-0.024923225
-0.11941434
-0.072168784
-0.024923225
-0.11941434
-0.072168784
-0.024923225
-0.1854698
-0.18926312
-0.19235298
-0.15093503
-0.16356894
-0.17637257
-0.15255002
-0.16846444
-0.18484957
-7.6978354e-18
8.5245396e-18
-5.4836913e-18
1.7347235e-18
4.1199683e-18
3.7455797e-18
-8.998878e-18
1.9109063e-18
1.4871993e-17
-0.16063405
-0.097405832
-0.033696021
-0.15180621
-0.091947467
-0.031789198
-0.22879749
-0.23744835
-0.24461567
-0.23805083
-0.22009081
-0.20267041
-0.1854698
-0.18926312
-0.19235298
-0.21657604
-0.20323217
-0.19006884
-9.503445e-19
1.2425973e-18
1.747429e-17
-2.4293553e-17
1.8139634e-17
-5.6649564e-18
-3.3455816e-19
1.2189228e-17
-9.256376e-18
-1.0286368e-17
-6.7898161e-18
-3.2526065e-18
-0.18570841
-0.11277388
-0.03904111
-0.20603062
-0.12540839
-0.043467228
-0.16063405
-0.097405832
-0.033696021
-0.25041783
-0.25413461
-0.25603842
-0.24563076
-0.22597295
-0.20701788
-0.19481997
-0.19638441
-0.19718101
-2.3849437e-17
-2.4255635e-17
7.5419814e-18
6.3306329e-17
-4.6679986e-18
3.1509626e-18
7.3872258e-18
-3.1789147e-18
3.0804894e-17
-0.21326717
-0.1299233
-0.045051695
-0.16366737
-0.099285939
-0.034353612
-0.25603842
-0.25413461
-0.25041783
-0.23805083
-0.22009081
-0.20267041
-0.19718101
-0.19638441
-0.19481997
1.2842714e-17
6.1774113e-18
-2.236167e-18
-5.9978403e-18
7.2810952e-18
5.014435e-18
2.036876e-18
6.0308746e-19
1.753697e-17
-0.20603062
-0.12540839
-0.043467228
-0.16063405
-0.097405832
-0.033696021
-0.15255002
-0.16846444
-0.18484957
-1.0760707e-17
2.4835006e-18
2.0779889e-17
-0.15308918
-0.17011605
-0.18774034
-0.14433757
-0.14433757
-0.14433757
-4.8246997e-18
-4.858581e-18
9.9852479e-18
1.0021141e-17
8.7684851e-18
-9.2157185e-19
-0.11941434
-0.072168784
-0.024923225
0.25041783
0.25413461
0.25603842
0.24563076
0.22597295
0.20701788
0.19481997
0.19638441
0.19718101
0.23805083
0.22009081
0.20267041
0.043467228
0.12540839
0.20603062
0.045051695
0.1299233
0.21326717
0.034353612
0.099285939
0.16366737
0.033696021
0.097405832
0.16063405
-0.14433757
-0.14433757
-0.14433757
-0.14433757
-0.14433757
-0.14433757
-0.14433757
-0.14433757
-0.14433757
-0.11941434
-0.11941434
-0.11941434
-0.072168784
-0.072168784
-0.072168784
-0.024923225
-0.024923225
-0.024923225
-0.11941434
-0.11941434
-0.11941434
-0.072168784
-0.072168784
-0.072168784
-0.024923225
-0.024923225
-0.024923225
-0.11941434
-0.11941434
-0.11941434
-0.072168784
-0.072168784
-0.072168784
-0.024923225
-0.024923225
-0.024923225
-0.11941434
-0.11941434
-0.11941434
-0.072168784
-0.072168784
-0.072168784
-0.024923225
-0.024923225
-0.024923225
1.4950914e-17
-1.7288207e-18
-3.2658943e-18
-1.0490864e-17
-7.8547483e-18
9.1157686e-18
-7.7456134e-18
1.5044999e-17
2.6291903e-18
-0.15234785
-0.15187665
-0.15129047
-0.1678474
-0.16641391
-0.16463982
-0.18377359
-0.18128235
-0.17821531
-0.15950801
-0.15690705
-0.15371676
-0.09670848
-0.095098959
-0.093127102
-0.033452217
-0.032889719
-0.032200999
-0.14610799
-0.13542786
-0.12490408
-0.088459636
-0.081932164
-0.075512649
-0.030576941
-0.02830992
-0.026082573
-0.12625881
-0.13953897
-0.1532349
-0.076346986
-0.084467873
-0.092862461
-0.026373453
-0.029194637
-0.032114341
-2.1450527e-17
-3.635783e-18
-6.6864781e-18
-2.3602573e-18
-1.0232158e-17
-9.486769e-18
5.9800526e-18
-1.474515e-17
-1.3010426e-18
-0.19278971
-0.19734097
-0.20105879
-0.20684838
-0.2129265
-0.21791895
-0.22115153
-0.22887988
-0.23526359
-0.19001621
-0.19731955
-0.20337802
-0.11544658
-0.11998457
-0.12375551
-0.03997644
-0.041565734
-0.042887532
-0.19786612
-0.18277153
-0.16815746
-0.12035597
-0.11103377
-0.10203144
-0.041701345
-0.038446466
-0.035307387
-0.15950801
-0.15690705
-0.15371676
-0.09670848
-0.095098959
-0.093127102
-0.033452217
-0.032889719
-0.032200999
-0.15754944
-0.16856199
-0.17974195
-0.095466518
-0.10222457
-0.10909928
-0.033012953
-0.035364906
-0.037759923
-2.4540055e-18
-1.5921907e-17
3.7067869e-17
9.2431139e-18
2.4889798e-18
-2.6035463e-17
1.0976961e-17
-6.8400028e-18
3.5304333e-18
-0.204034
-0.2059239
-0.20688716
-0.22193207
-0.22448956
-0.22579558
-0.24041864
-0.24371491
-0.24540153
-0.20828759
-0.21143496
-0.21304783
-0.12681563
-0.12877939
-0.12978633
-0.043960928
-0.044650111
-0.045003606
-0.20427898
-0.18774013
-0.17182424
-0.12435211
-0.1141231
-0.10430658
-0.04310288
-0.039528735
-0.036103573
-0.16357625
-0.16290466
-0.16158613
-0.099229429
-0.09881298
-0.097995698
-0.034333841
-0.034188151
-0.033902291
-5.2979665e-19
-3.0185019e-17
4.2865393e-17
-1.9846488e-17
4.4207497e-17
-3.1184365e-17
2.4134444e-17
9.6637989e-18
6.1426829e-18
-0.20688716
-0.2059239
-0.204034
-0.22579558
-0.22448956
-0.22193207
-0.24540153
-0.24371491
-0.24041864
-0.21304783
-0.21143496
-0.20828759
-0.12978633
-0.12877939
-0.12681563
-0.045003606
-0.044650111
-0.043960928
-0.19786612
-0.18277153
-0.16815746
-0.12035597
-0.11103377
-0.10203144
-0.041701345
-0.038446466
-0.035307387
-0.16158613
-0.16290466
-0.16357625
-0.097995698
-0.09881298
-0.099229429
-0.033902291
-0.034188151
-0.034333841
2.7443733e-17
-3.741972e-17
-1.5734047e-17
-1.0867587e-17
-1.4044865e-18
-2.0233923e-17
-3.4331436e-18
7.0515493e-18
1.0157619e-17
-0.15129047
-0.15187665
-0.15234785
-0.16463982
-0.16641391
-0.1678474
-0.17821531
-0.18128235
-0.18377359
-0.1532349
-0.13953897
-0.12625881
-0.092862461
-0.084467873
-0.076346986
-0.032114341
-0.029194637
-0.026373453
-4.4405754e-18
2.494287e-18
-1.6218378e-17
-2.6406021e-18
-1.509201e-17
4.8145353e-18
-3.7359182e-18
-4.9466724e-18
7.3861273e-18
-0.1527201
-0.15295435
-0.1530731
-0.1689845
-0.16970221
-0.17006666
-0.18575811
-0.18701453
-0.18765367
-0.15566941
-0.14092804
-0.12671171
-0.094369876
-0.085326377
-0.076626407
-0.032641303
-0.029494469
-0.026470955
-0.11941434
-0.11941434
-0.11941434
-0.072168784
-0.072168784
-0.072168784
-0.024923225
-0.024923225
-0.024923225
-1.0042175e-17
-2.2720534e-18
6.2347448e-18
-6.1410352e-18
1.7127006e-17
-6.6237976e-18
3.9902399e-18
1.5521032e-17
-1.3118846e-17
0.043960928
0.044650111
0.045003606
0.12681563
0.12877939
0.12978633
0.20828759
0.21143496
0.21304783
0.04310288
0.039528735
0.036103573
0.12435211
0.1141231
0.10430658
0.20427898
0.18774013
0.17182424
0.034333841
0.034188151
0.033902291
0.099229429
0.09881298
0.097995698
0.16357625
0.16290466
0.16158613
0.035307387
0.038446466
0.041701345
0.10203144
0.11103377
0.12035597
0.16815746
0.18277153
0.19786612
0.24041864
0.24371491
0.24540153
0.22193207
0.22448956
0.22579558
0.204034
0.2059239
0.20688716
-0.11941434
-0.11941434
-0.11941434
-0.11941434
-0.11941434
-0.11941434
-0.11941434
-0.11941434
-0.11941434
-0.072168784
-0.072168784
-0.072168784
-0.072168784
-0.072168784
-0.072168784
-0.072168784
-0.072168784
-0.072168784
-0.024923225
-0.024923225
-0.024923225
-0.024923225
-0.024923225
-0.024923225
-0.024923225
-0.024923225
-0.024923225
-0.15232928
-0.15023361
-0.14765571
-0.13902028
-0.13781586
-0.13632636
-0.12608908
-0.12569362
-0.12520201
-0.092302161
-0.091006511
-0.089414503
-0.084147523
-0.083404136
-0.0824857
-0.076242327
-0.075998632
-0.075695943
-0.031918549
-0.031465955
-0.030910145
-0.029082793
-0.028823335
-0.028502938
-0.026336944
-0.026251958
-0.026146444
-0.18359808
-0.19011809
-0.19551008
-0.17160611
-0.17672741
-0.18093839
-0.1598373
-0.16366742
-0.1667991
-0.11148964
-0.11553701
-0.11888954
-0.10410854
-0.10728203
-0.10989516
-0.096880245
-0.099249616
-0.10118939
-0.038596074
-0.040012847
-0.041187341
-0.036023374
-0.037133242
-0.038047789
-0.033506675
-0.034334602
-0.035012842
-0.1998685
-0.20265734
-0.20408492
-0.18432623
-0.1864866
-0.18759023
-0.16930716
-0.1709012
-0.17171393
-0.121603
-0.12334095
-0.12423108
-0.11199993
-0.11334325
-0.11402982
-0.10274448
-0.10373358
-0.10423809
-0.042138575
-0.042748127
-0.043060415
-0.038784849
-0.039255456
-0.039496047
-0.035556856
-0.035902999
-0.036079598
-0.20408492
-0.20265734
-0.1998685
-0.18759023
-0.1864866
-0.18432623
-0.17171393
-0.1709012
-0.16930716
-0.12423108
-0.12334095
-0.121603
-0.11402982
-0.11334325
-0.11199993
-0.10423809
-0.10373358
-0.10274448
-0.043060415
-0.042748127
-0.042138575
-0.039496047
-0.039255456
-0.038784849
-0.036079598
-0.035902999
-0.035556856
-0.14765571
-0.15023361
-0.15232928
-0.13632636
-0.13781586
-0.13902028
-0.12520201
-0.12569362
-0.12608908
-0.089414503
-0.091006511
-0.092302161
-0.0824857
-0.083404136
-0.084147523
-0.075695943
-0.075998632
-0.076242327
-0.030910145
-0.031465955
-0.031918549
-0.028502938
-0.028823335
-0.029082793
-0.026146444
-0.026251958
-0.026336944
-0.15399982
-0.15505796
-0.15559639
-0.13997624
-0.14057988
-0.14088648
-0.12640165
-0.12659842
-0.12669819
-0.093335898
-0.093991109
-0.094324636
-0.084738031
-0.08511112
-0.085300682
-0.076435081
-0.07655649
-0.076618066
-0.032279813
-0.032508865
-0.032625484
-0.029288973
-0.029419277
-0.029485493
-0.026404188
-0.026446554
-0.026468044
0.042138575
0.042748127
0.043060415
0.038784849
0.039255456
0.039496047
0.035556856
0.035902999
0.036079598
0.121603
0.12334095
0.12423108
0.11199993
0.11334325
0.11402982
0.10274448
0.10373358
0.10423809
0.1998685
0.20265734
0.20408492
0.18432623
0.1864866
0.18759023
0.16930716
0.1709012
0.17171393
