MFEM mesh v1.0

#
# MFEM Geometry Types (see mesh/geom.hpp):
#
# POINT       = 0
# SEGMENT     = 1
# TRIANGLE    = 2
# SQUARE      = 3
# TETRAHEDRON = 4
# CUBE        = 5
#

dimension
3

elements
10
1 5 5 12 28 15 6 14 29 16
1 5 21 30 31 20 23 32 34 22
1 5 8 18 32 23 0 1 10 3
1 5 18 19 33 32 1 2 11 10
1 5 23 32 34 22 3 10 9 4
1 5 7 17 18 8 25 35 36 24
1 5 8 18 1 0 24 36 12 5
1 5 18 19 2 1 36 37 13 12
1 5 25 35 36 24 27 38 39 26
1 5 24 36 12 5 26 39 14 6

boundary
38
4 3 0 1 10 3
4 3 1 0 5 12
4 3 15 28 12 5
4 3 1 2 11 10
4 3 2 1 12 13
4 3 3 10 9 4
4 3 12 28 29 14
4 3 28 15 16 29
4 3 15 5 6 16
4 3 6 14 29 16
4 3 20 31 30 21
4 3 8 18 17 7
4 3 21 30 32 23
4 3 23 32 18 8
4 3 32 33 19 18
4 3 30 31 34 32
4 3 31 20 22 34
4 3 20 21 23 22
4 3 23 8 0 3
4 3 19 33 11 2
4 3 33 32 10 11
4 3 32 34 9 10
4 3 34 22 4 9
4 3 22 23 3 4
4 3 7 17 35 25
4 3 17 18 36 35
4 3 8 7 25 24
4 3 18 19 37 36
4 3 0 8 24 5
4 3 19 2 13 37
4 3 36 37 13 12
4 3 25 35 38 27
4 3 35 36 39 38
4 3 24 25 27 26
4 3 27 38 39 26
4 3 36 12 14 39
4 3 5 24 26 6
4 3 26 39 14 6

vertices
40

nodes
FiniteElementSpace
FiniteElementCollection: H1_3D_P4
VDim: 3
Ordering: 0

-0.28867513
-0.14433757
0
-0.28867513
-0.28867513
-0.28867513
-0.28867513
-0.4330127
-0.36084392
-0.14433757
-0.14433757
-2.1684043e-18
-0.14433757
-2.1684043e-18
-0.14433757
-0.28867513
-0.28867513
-0.22368927
-0.18319635
-1.3010426e-18
-0.48603889
-0.47240707
-0.38463884
-0.37864925
-0.37864925
-0.47240707
-0.38463884
-0.48603889
-0.14433757
-0.14433757
-0.24775119
-0.25629728
-0.19368993
-3.2526065e-19
-0.19728907
-0.24775119
-0.19368993
-5.502326e-18
-0.25629728
-0.19728907
-0.26375191
-0.21650635
-0.16926079
-0.14433757
-0.14433757
-0.14433757
-0.26375191
-0.21650635
-0.16926079
-0.28867513
-0.28867513
-0.28867513
-0.26375191
-0.21650635
-0.16926079
-0.14433757
-0.14433757
-0.14433757
-0.26375191
-0.21650635
-0.16926079
-0.28867513
-0.28867513
-0.28867513
-0.28867513
-0.28867513
-0.28867513
-0.14433757
-0.14433757
-0.14433757
-0.14433757
-0.14433757
-0.14433757
-0.28867513
-0.28867513
-0.28867513
-0.43609876
-0.3642077
-0.28876571
-0.25041783
-0.25413461
-0.25603842
-0.4492025
-0.37588867
-0.29851333
-0.4856287
-0.48260673
-0.47668054
-0.34768534
-0.28777162
-0.22648244
-0.19481997
-0.19638441
-0.19718101
-0.35339144
-0.29278126
-0.23061039
-0.38445987
-0.38313893
-0.38053624
-0.455937
-0.42504043
-0.39456189
-0.23805083
-0.22009081
-0.20267041
-0.24563076
-0.22597295
-0.20701788
-0.46812151
-0.43463085
-0.40174699
-0.3308016
-0.27305464
-0.21442052
-0.1854698
-0.18926312
-0.19235298
-0.36474496
-0.3712003
-0.37640913
-0.26375191
-0.21650635
-0.16926079
-0.14433757
-0.14433757
-0.14433757
-0.26375191
-0.21650635
-0.16926079
-0.28867513
-0.28867513
-0.28867513
-0.30113675
-0.32475953
-0.34838231
-0.15093503
-0.16356894
-0.17637257
-0.15255002
-0.16846444
-0.18484957
-0.30395098
-0.33320369
-0.36284937
-0.15180621
-0.091947467
-0.031789198
1.5958564e-18
1.8698252e-18
4.9466724e-19
-0.16063405
-0.097405832
-0.033696021
-0.11941434
-0.072168784
-0.024923225
9.6895275e-19
4.37069e-19
8.1315163e-19
-0.11941434
-0.072168784
-0.024923225
-2.6020852e-18
-1.8431437e-18
1.3027367e-18
1.3281477e-18
-2.2022857e-19
1.2613379e-18
-0.14433757
-0.14433757
-0.14433757
-0.26375191
-0.21650635
-0.16926079
-0.28867513
-0.28867513
-0.28867513
-0.15308918
-0.17011605
-0.18774034
-0.30487629
-0.33600514
-0.36769266
-0.39845788
-0.33097257
-0.26123552
-0.21657604
-0.20323217
-0.19006884
-0.42055109
-0.39692831
-0.37330553
-0.43609876
-0.3642077
-0.28876571
-0.23805083
-0.22009081
-0.20267041
-0.34768534
-0.28777162
-0.22648244
-0.39456189
-0.42504043
-0.455937
-0.44150297
-0.45572427
-0.46735889
-0.22879749
-0.23744835
-0.24461567
-0.1854698
-0.18926312
-0.19235298
-0.36474496
-0.3712003
-0.37640913
-0.15255002
-0.16846444
-0.18484957
-0.30395098
-0.33320369
-0.36284937
-0.14433757
-0.14433757
-0.14433757
-0.28867513
-0.28867513
-0.28867513
-0.16063405
-0.097405832
-0.033696021
3.5236571e-19
-2.6800122e-18
-3.1305279e-18
-0.11941434
-0.072168784
-0.024923225
2.0258844e-18
3.1551977e-19
-6.505213e-19
9.6895275e-19
4.37069e-19
8.1315163e-19
-0.4492025
-0.37588867
-0.29851333
-0.24563076
-0.22597295
-0.20701788
-0.35339144
-0.29278126
-0.23061039
-0.40174699
-0.43463085
-0.46812151
-0.47668054
-0.48260673
-0.4856287
-0.25041783
-0.25413461
-0.25603842
-0.19481997
-0.19638441
-0.19718101
-0.38053624
-0.38313893
-0.38445987
-0.15308918
-0.17011605
-0.18774034
-0.30487629
-0.33600514
-0.36769266
-0.26375191
-0.21650635
-0.16926079
-0.26375191
-0.21650635
-0.16926079
-0.26375191
-0.21650635
-0.16926079
-0.26375191
-0.21650635
-0.16926079
-0.26375191
-0.21650635
-0.16926079
-0.26375191
-0.21650635
-0.16926079
-0.14433757
-0.14433757
-0.14433757
-0.14433757
-0.14433757
-0.14433757
-0.14433757
-0.14433757
-0.14433757
-0.16926079
-0.21650635
-0.26375191
-0.16926079
-0.21650635
-0.26375191
-0.16926079
-0.21650635
-0.26375191
-0.28867513
-0.28867513
-0.28867513
-0.28867513
-0.28867513
-0.28867513
-0.28867513
-0.28867513
-0.28867513
-0.26375191
-0.21650635
-0.16926079
-0.26375191
-0.21650635
-0.16926079
-0.26375191
-0.21650635
-0.16926079
-0.4488076
-0.3755358
-0.29821831
-0.44589941
-0.37293873
-0.29604809
-0.44020226
-0.36785939
-0.29180896
-0.42049661
-0.35061557
-0.27762052
-0.39130993
-0.32530876
-0.2569503
-0.36262217
-0.30058548
-0.23685745
-0.24041864
-0.24371491
-0.24540153
-0.22193207
-0.22448956
-0.22579558
-0.204034
-0.2059239
-0.20688716
-0.28627495
-0.36101058
-0.43219011
-0.26367877
-0.33342478
-0.40048637
-0.24183923
-0.30661892
-0.36947731
-0.46775532
-0.46505666
-0.45976008
-0.43434329
-0.4322228
-0.42805449
-0.40153204
-0.39994606
-0.39682364
-0.34948155
-0.2893466
-0.22777901
-0.35196124
-0.29152388
-0.22957324
-0.35322074
-0.29263112
-0.23048651
-0.34555474
-0.28590578
-0.22494787
-0.34060781
-0.28158332
-0.22139884
-0.33449086
-0.27625716
-0.21703712
-0.31918082
-0.26319381
-0.2065069
-0.29720144
-0.24461235
-0.19163929
-0.27528662
-0.22617501
-0.17694426
-0.17821531
-0.18128235
-0.18377359
-0.16463982
-0.16641391
-0.1678474
-0.15129047
-0.15187665
-0.15234785
-0.21625808
-0.27511175
-0.332882
-0.19727828
-0.25152599
-0.30518018
-0.17880693
-0.22846557
-0.27793984
-0.36103496
-0.35680964
-0.35156084
-0.33215092
-0.32969232
-0.3266246
-0.30360219
-0.30278533
-0.3017616
-0.26375191
-0.21650635
-0.16926079
-0.26375191
-0.21650635
-0.16926079
-0.26375191
-0.21650635
-0.16926079
-0.15950801
-0.09670848
-0.033452217
-0.15690705
-0.095098959
-0.032889719
-0.15371676
-0.093127102
-0.032200999
-0.14610799
-0.088459636
-0.030576941
-0.13542786
-0.081932164
-0.02830992
-0.12490408
-0.075512649
-0.026082573
8.6673298e-19
2.7099793e-18
-2.9309987e-19
9.0844284e-19
3.2665826e-18
-1.4365679e-18
2.2260555e-18
2.5478751e-18
-1.0706496e-18
-0.032114341
-0.092862461
-0.1532349
-0.029194637
-0.084467873
-0.13953897
-0.026373453
-0.076346986
-0.12625881
-0.11941434
-0.072168784
-0.024923225
-0.11941434
-0.072168784
-0.024923225
-0.11941434
-0.072168784
-0.024923225
-0.18575811
-0.18701453
-0.18765367
-0.1689845
-0.16970221
-0.17006666
-0.1527201
-0.15295435
-0.1530731
-0.21957645
-0.27914694
-0.33748938
-0.19917718
-0.25384351
-0.30783811
-0.17942775
-0.22922586
-0.27881552
-0.36754811
-0.3664809
-0.3643765
-0.33592171
-0.33530543
-0.33408838
-0.3048488
-0.30464557
-0.30424364
-0.26375191
-0.21650635
-0.16926079
-0.26375191
-0.21650635
-0.16926079
-0.26375191
-0.21650635
-0.16926079
-0.34244047
-0.28295631
-0.22238348
-0.36455341
-0.30183931
-0.23761548
-0.38673177
-0.32087171
-0.25302965
-0.4065422
-0.33807137
-0.26709061
-0.42011781
-0.3500401
-0.27699329
-0.43125656
-0.35990592
-0.28518538
-0.22115153
-0.20684838
-0.19278971
-0.22887988
-0.2129265
-0.19734097
-0.23526359
-0.21791895
-0.20105879
-0.21703712
-0.27625716
-0.33449086
-0.22139884
-0.28158332
-0.34060781
-0.22494787
-0.28590578
-0.34555474
-0.37794959
-0.40303736
-0.42819936
-0.38565054
-0.41320792
-0.44098333
-0.39187915
-0.42147109
-0.45141694
-0.42049661
-0.35061557
-0.27762052
-0.39130993
-0.32530876
-0.2569503
-0.36262217
-0.30058548
-0.23685745
-0.17821531
-0.16463982
-0.15129047
-0.18128235
-0.16641391
-0.15187665
-0.18377359
-0.1678474
-0.15234785
-0.16926079
-0.21650635
-0.26375191
-0.16926079
-0.21650635
-0.26375191
-0.16926079
-0.21650635
-0.26375191
-0.3017616
-0.3266246
-0.35156084
-0.30278533
-0.32969232
-0.35680964
-0.30360219
-0.33215092
-0.36103496
-0.332882
-0.27511175
-0.21625808
-0.30518018
-0.25152599
-0.19727828
-0.27793984
-0.22846557
-0.17880693
-0.15371676
-0.093127102
-0.032200999
-0.15690705
-0.095098959
-0.032889719
-0.15950801
-0.09670848
-0.033452217
2.7966116e-18
1.7825775e-18
2.9730062e-18
-4.7264438e-19
4.2271179e-18
4.3029274e-19
-5.9292571e-18
1.6788193e-18
1.5314356e-18
-0.024923225
-0.072168784
-0.11941434
-0.024923225
-0.072168784
-0.11941434
-0.024923225
-0.072168784
-0.11941434
-0.1532349
-0.092862461
-0.032114341
-0.13953897
-0.084467873
-0.029194637
-0.12625881
-0.076346986
-0.026373453
-0.44020226
-0.36785939
-0.29180896
-0.44589941
-0.37293873
-0.29604809
-0.4488076
-0.3755358
-0.29821831
-0.24041864
-0.22193207
-0.204034
-0.24371491
-0.22448956
-0.2059239
-0.24540153
-0.22579558
-0.20688716
-0.22777901
-0.2893466
-0.34948155
-0.22957324
-0.29152388
-0.35196124
-0.23048651
-0.29263112
-0.35322074
-0.39682364
-0.42805449
-0.45976008
-0.39994606
-0.4322228
-0.46505666
-0.40153204
-0.43434329
-0.46775532
-0.43219011
-0.36101058
-0.28627495
-0.40048637
-0.33342478
-0.26367877
-0.36947731
-0.30661892
-0.24183923
-0.18575811
-0.1689845
-0.1527201
-0.18701453
-0.16970221
-0.15295435
-0.18765367
-0.17006666
-0.1530731
-0.30424364
-0.33408838
-0.3643765
-0.30464557
-0.33530543
-0.3664809
-0.3048488
-0.33592171
-0.36754811
-0.33748938
-0.27914694
-0.21957645
-0.30783811
-0.25384351
-0.19917718
-0.27881552
-0.22922586
-0.17942775
-0.26375191
-0.21650635
-0.16926079
-0.26375191
-0.21650635
-0.16926079
-0.26375191
-0.21650635
-0.16926079
-0.26375191
-0.21650635
-0.16926079
-0.26375191
-0.21650635
-0.16926079
-0.26375191
-0.21650635
-0.16926079
-0.26375191
-0.21650635
-0.16926079
-0.26375191
-0.21650635
-0.16926079
-0.26375191
-0.21650635
-0.16926079
-0.42416185
-0.35386852
-0.2803254
-0.42924546
-0.35838828
-0.28408876
-0.43183817
-0.360697
-0.28601342
-0.39419117
-0.32785331
-0.25905747
-0.39817989
-0.33138156
-0.26198281
-0.40021085
-0.33318059
-0.26347602
-0.36477819
-0.30248055
-0.23842064
-0.36775746
-0.30510302
-0.24058619
-0.36927198
-0.30643786
-0.24168952
-0.32218341
-0.26579534
-0.2086292
-0.32715104
-0.27011199
-0.21215835
-0.33115866
-0.27360603
-0.21502204
-0.29895959
-0.24613034
-0.19287413
-0.30185647
-0.2486382
-0.19491823
-0.30418278
-0.25065821
-0.19656837
-0.27587445
-0.22668083
-0.17735461
-0.27683908
-0.22751292
-0.17803085
-0.27761019
-0.22817991
-0.17857401
-0.14765571
-0.089414503
-0.030910145
-0.15023361
-0.091006511
-0.031465955
-0.15232928
-0.092302161
-0.031918549
-0.13632636
-0.0824857
-0.028502938
-0.13781586
-0.083404136
-0.028823335
-0.13902028
-0.084147523
-0.029082793
-0.12520201
-0.075695943
-0.026146444
-0.12569362
-0.075998632
-0.026251958
-0.12608908
-0.076242327
-0.026336944
-0.33433361
-0.27638156
-0.21730139
-0.33633566
-0.27813518
-0.21874361
-0.33735172
-0.27902617
-0.21947701
-0.30601895
-0.25225654
-0.19787639
-0.30717373
-0.25326352
-0.19870155
-0.30775888
-0.25377431
-0.19912042
-0.27821662
-0.22870564
-0.17900282
-0.27859701
-0.22903594
-0.17927255
-0.27878947
-0.22920322
-0.17940924
-0.39400554
-0.32724569
-0.25827801
-0.37035021
-0.30689972
-0.24176916
-0.34683744
-0.28678049
-0.2255129
-0.40619302
-0.33796663
-0.26713186
-0.38002253
-0.31537299
-0.24874288
-0.35414369
-0.29315536
-0.23074228
-0.41616758
-0.34677967
-0.27443485
-0.38790106
-0.32230263
-0.25446366
-0.36006702
-0.29834256
-0.23500918
-0.32218341
-0.26579534
-0.2086292
-0.29895959
-0.24613034
-0.19287413
-0.27587445
-0.22668083
-0.17735461
-0.32715104
-0.27011199
-0.21215835
-0.30185647
-0.2486382
-0.19491823
-0.27683908
-0.22751292
-0.17803085
-0.33115866
-0.27360603
-0.21502204
-0.30418278
-0.25065821
-0.19656837
-0.27761019
-0.22817991
-0.17857401
-0.14765571
-0.089414503
-0.030910145
-0.13632636
-0.0824857
-0.028502938
-0.12520201
-0.075695943
-0.026146444
-0.15023361
-0.091006511
-0.031465955
-0.13781586
-0.083404136
-0.028823335
-0.12569362
-0.075998632
-0.026251958
-0.15232928
-0.092302161
-0.031918549
-0.13902028
-0.084147523
-0.029082793
-0.12608908
-0.076242327
-0.026336944
-0.42416185
-0.35386852
-0.2803254
-0.39419117
-0.32785331
-0.25905747
-0.36477819
-0.30248055
-0.23842064
-0.42924546
-0.35838828
-0.28408876
-0.39817989
-0.33138156
-0.26198281
-0.36775746
-0.30510302
-0.24058619
-0.43183817
-0.360697
-0.28601342
-0.40021085
-0.33318059
-0.26347602
-0.36927198
-0.30643786
-0.24168952
-0.33433361
-0.27638156
-0.21730139
-0.30601895
-0.25225654
-0.19787639
-0.27821662
-0.22870564
-0.17900282
-0.33633566
-0.27813518
-0.21874361
-0.30717373
-0.25326352
-0.19870155
-0.27859701
-0.22903594
-0.17927255
-0.33735172
-0.27902617
-0.21947701
-0.30775888
-0.25377431
-0.19912042
-0.27878947
-0.22920322
-0.17940924
-0.28867513
-0.28867513
-0.28867513
-0.14433757
0
-0.28867513
-0.28867513
-0.4330127
-0.36084392
7.5894152e-19
-0.14433757
-0.14433757
-0.28867513
-0.28867513
-0.28867513
-0.14433757
-0.14433757
-0.47240707
-0.37864925
-0.38463884
5.0957502e-18
-0.22368927
-1.3010426e-18
-0.18319635
-0.37864925
-0.47240707
-0.38463884
-0.48603889
-0.14433757
-0.14433757
-0.24775119
-7.3251409e-18
-0.19368993
-0.19728907
-4.8246997e-18
-0.54236453
-0.40974402
-0.42041877
-0.56723152
-0.42041877
-0.28867513
-0.28867513
-0.28867513
-0.26375191
-0.21650635
-0.16926079
-0.14433757
-0.14433757
-0.14433757
-0.26375191
-0.21650635
-0.16926079
-0.28867513
-0.28867513
-0.28867513
-0.26375191
-0.21650635
-0.16926079
-0.14433757
-0.14433757
-0.14433757
-0.26375191
-0.21650635
-0.16926079
-0.28867513
-0.28867513
-0.28867513
-0.28867513
-0.28867513
-0.28867513
-0.14433757
-0.14433757
-0.14433757
-0.14433757
-0.14433757
-0.14433757
-0.22879749
-0.23744835
-0.24461567
-0.20603062
-0.12540839
-0.043467228
-5.6670475e-18
-5.1067616e-18
4.9009326e-18
-0.03904111
-0.11277388
-0.18570841
-0.1854698
-0.18926312
-0.19235298
-0.16063405
-0.097405832
-0.033696021
-2.0540152e-18
1.5458351e-19
8.9582205e-18
-0.031789198
-0.091947467
-0.15180621
-0.21657604
-0.20323217
-0.19006884
-0.23805083
-0.22009081
-0.20267041
1.0568854e-18
-7.250602e-19
4.4079595e-18
-4.3389263e-19
-1.3552527e-20
3.5778672e-18
-0.36474496
-0.3712003
-0.37640913
-0.34768534
-0.28777162
-0.22648244
-0.3308016
-0.27305464
-0.21442052
-0.28867513
-0.28867513
-0.28867513
-0.26375191
-0.21650635
-0.16926079
-0.14433757
-0.14433757
-0.14433757
-0.26375191
-0.21650635
-0.16926079
-0.30113675
-0.32475953
-0.34838231
-0.30395098
-0.33320369
-0.36284937
-0.15255002
-0.16846444
-0.18484957
-0.15093503
-0.16356894
-0.17637257
-0.38053624
-0.38313893
-0.38445987
-0.35339144
-0.29278126
-0.23061039
-0.19481997
-0.19638441
-0.19718101
-0.28867513
-0.28867513
-0.28867513
-0.26375191
-0.21650635
-0.16926079
-0.14433757
-0.14433757
-0.14433757
-0.30487629
-0.33600514
-0.36769266
-0.15308918
-0.17011605
-0.18774034
-0.024923225
-0.072168784
-0.11941434
3.8219715e-18
2.6766241e-18
7.5894152e-19
-0.11941434
-0.072168784
-0.024923225
7.8604658e-19
-4.5638135e-18
3.9578144e-18
-2.6020852e-18
-1.8431437e-18
1.3027367e-18
-0.44150297
-0.45572427
-0.46735889
-0.455937
-0.42504043
-0.39456189
-0.42055109
-0.39692831
-0.37330553
-0.48725134
-0.51239955
-0.5332435
-0.51856807
-0.4745094
-0.4317745
-0.38538234
-0.39662121
-0.40577998
-0.39456189
-0.42504043
-0.455937
-0.44150297
-0.45572427
-0.46735889
-0.48725134
-0.51239955
-0.5332435
-0.38538234
-0.39662121
-0.40577998
-0.36474496
-0.3712003
-0.37640913
-0.30882153
-0.34786205
-0.38805727
-0.30395098
-0.33320369
-0.36284937
-0.28867513
-0.28867513
-0.28867513
-0.28867513
-0.28867513
-0.28867513
-0.41309509
-0.41773515
-0.42009818
-0.3104492
-0.35281214
-0.39666146
-0.28867513
-0.28867513
-0.28867513
-0.39236521
-0.40528814
-0.4158435
-0.28867513
-0.28867513
-0.28867513
-0.50319416
-0.53234703
-0.55659596
-0.54069314
-0.49178441
-0.4446241
-0.39236521
-0.40528814
-0.4158435
-0.40174699
-0.43463085
-0.46812151
-0.47668054
-0.48260673
-0.4856287
-0.55012271
-0.56093773
-0.56647815
-0.41309509
-0.41773515
-0.42009818
-0.38053624
-0.38313893
-0.38445987
-0.3104492
-0.35281214
-0.39666146
-0.30487629
-0.33600514
-0.36769266
-0.16926079
-0.16926079
-0.16926079
-0.21650635
-0.21650635
-0.21650635
-0.26375191
-0.26375191
-0.26375191
-0.28867513
-0.28867513
-0.28867513
-0.28867513
-0.28867513
-0.28867513
-0.28867513
-0.28867513
-0.28867513
-0.26375191
-0.21650635
-0.16926079
-0.26375191
-0.21650635
-0.16926079
-0.26375191
-0.21650635
-0.16926079
-0.14433757
-0.14433757
-0.14433757
-0.14433757
-0.14433757
-0.14433757
-0.14433757
-0.14433757
-0.14433757
-0.16926079
-0.21650635
-0.26375191
-0.16926079
-0.21650635
-0.26375191
-0.16926079
-0.21650635
-0.26375191
-0.26375191
-0.26375191
-0.26375191
-0.21650635
-0.21650635
-0.21650635
-0.16926079
-0.16926079
-0.16926079
-0.03997644
-0.041565734
-0.042887532
-0.11544658
-0.11998457
-0.12375551
-0.19001621
-0.19731955
-0.20337802
-0.22115153
-0.22887988
-0.23526359
-0.20684838
-0.2129265
-0.21791895
-0.19278971
-0.19734097
-0.20105879
-0.19786612
-0.12035597
-0.041701345
-0.18277153
-0.11103377
-0.038446466
-0.16815746
-0.10203144
-0.035307387
4.8181484e-18
1.3493707e-17
-3.7300192e-18
-5.4599744e-18
3.0988171e-18
9.6971243e-18
-2.3225643e-18
-1.3806637e-19
-2.3587254e-18
-0.037759923
-0.10909928
-0.17974195
-0.035364906
-0.10222457
-0.16856199
-0.033012953
-0.095466518
-0.15754944
-0.15371676
-0.15690705
-0.15950801
-0.093127102
-0.095098959
-0.09670848
-0.032200999
-0.032889719
-0.033452217
-0.21703712
-0.22139884
-0.22494787
-0.27625716
-0.28158332
-0.28590578
-0.33449086
-0.34060781
-0.34555474
-0.35156084
-0.35680964
-0.36103496
-0.3266246
-0.32969232
-0.33215092
-0.3017616
-0.30278533
-0.30360219
-0.332882
-0.27511175
-0.21625808
-0.30518018
-0.25152599
-0.19727828
-0.27793984
-0.22846557
-0.17880693
-0.18377359
-0.18128235
-0.17821531
-0.1678474
-0.16641391
-0.16463982
-0.15234785
-0.15187665
-0.15129047
-0.2065069
-0.26319381
-0.31918082
-0.19163929
-0.24461235
-0.29720144
-0.17694426
-0.22617501
-0.27528662
-0.26375191
-0.26375191
-0.26375191
-0.21650635
-0.21650635
-0.21650635
-0.16926079
-0.16926079
-0.16926079
-0.22777901
-0.22957324
-0.23048651
-0.2893466
-0.29152388
-0.29263112
-0.34948155
-0.35196124
-0.35322074
-0.3643765
-0.3664809
-0.36754811
-0.33408838
-0.33530543
-0.33592171
-0.30424364
-0.30464557
-0.3048488
-0.33748938
-0.27914694
-0.21957645
-0.30783811
-0.25384351
-0.19917718
-0.27881552
-0.22922586
-0.17942775
-0.18765367
-0.18701453
-0.18575811
-0.17006666
-0.16970221
-0.1689845
-0.1530731
-0.15295435
-0.1527201
-0.26375191
-0.26375191
-0.26375191
-0.21650635
-0.21650635
-0.21650635
-0.16926079
-0.16926079
-0.16926079
-0.1532349
-0.092862461
-0.032114341
-0.13953897
-0.084467873
-0.029194637
-0.12625881
-0.076346986
-0.026373453
-3.9559086e-18
-1.0013087e-18
3.538475e-18
-8.1992789e-19
2.5804859e-18
-2.5535727e-19
-2.1548518e-18
2.3683041e-18
-5.4706417e-18
-0.030576941
-0.088459636
-0.14610799
-0.02830992
-0.081932164
-0.13542786
-0.026082573
-0.075512649
-0.12490408
-0.11941434
-0.11941434
-0.11941434
-0.072168784
-0.072168784
-0.072168784
-0.024923225
-0.024923225
-0.024923225
-0.37794959
-0.38565054
-0.39187915
-0.40303736
-0.41320792
-0.42147109
-0.42819936
-0.44098333
-0.45141694
-0.45132243
-0.46781941
-0.48136214
-0.46781941
-0.48822494
-0.50505703
-0.48136214
-0.50505703
-0.52466922
-0.4692747
-0.43564612
-0.40259239
-0.49181143
-0.45347902
-0.41603046
-0.51043472
-0.46813286
-0.42701259
-0.38277607
-0.3767269
-0.36925134
-0.39339497
-0.38592468
-0.3767269
-0.4020404
-0.39339497
-0.38277607
-0.37794959
-0.40303736
-0.42819936
-0.38565054
-0.41320792
-0.44098333
-0.39187915
-0.42147109
-0.45141694
-0.4692747
-0.49181143
-0.51043472
-0.43564612
-0.45347902
-0.46813286
-0.40259239
-0.41603046
-0.42701259
-0.36832609
-0.33640835
-0.30502232
-0.3774452
-0.34171966
-0.30678986
-0.38485569
-0.34601328
-0.30821142
-0.28867513
-0.28867513
-0.28867513
-0.28867513
-0.28867513
-0.28867513
-0.28867513
-0.28867513
-0.28867513
-0.3017616
-0.3266246
-0.35156084
-0.30278533
-0.32969232
-0.35680964
-0.30360219
-0.33215092
-0.36103496
-0.36832609
-0.3774452
-0.38485569
-0.33640835
-0.34171966
-0.34601328
-0.30502232
-0.30678986
-0.30821142
-0.38758001
-0.3906146
-0.39215625
-0.39934527
-0.40311217
-0.4050283
-0.40894024
-0.41331449
-0.41554142
-0.37397058
-0.33967163
-0.30609989
-0.3844433
-0.3457581
-0.30812138
-0.39297184
-0.35068725
-0.30974969
-0.28867513
-0.28867513
-0.28867513
-0.28867513
-0.28867513
-0.28867513
-0.28867513
-0.28867513
-0.28867513
-0.39076106
-0.39450076
-0.39640343
-0.34942046
-0.35157158
-0.35266408
-0.30933488
-0.31004209
-0.31040064
-0.492243
-0.518634
-0.54053292
-0.49917463
-0.52730812
-0.5506888
-0.50271358
-0.53174422
-0.55588899
-0.52547852
-0.47991613
-0.43580418
-0.53510011
-0.48742721
-0.44139012
-0.5400239
-0.49126339
-0.44423764
-0.40894024
-0.39934527
-0.38758001
-0.41331449
-0.40311217
-0.3906146
-0.41554142
-0.4050283
-0.39215625
-0.39682364
-0.42805449
-0.45976008
-0.39994606
-0.4322228
-0.46505666
-0.40153204
-0.43434329
-0.46775532
-0.48351517
-0.50960064
-0.53122766
-0.44684203
-0.46742605
-0.48438922
-0.41097246
-0.42644387
-0.43911919
-0.39076106
-0.34942046
-0.30933488
-0.39450076
-0.35157158
-0.31004209
-0.39640343
-0.35266408
-0.31040064
-0.30424364
-0.33408838
-0.3643765
-0.30464557
-0.33530543
-0.3664809
-0.3048488
-0.33592171
-0.36754811
-0.37397058
-0.3844433
-0.39297184
-0.33967163
-0.3457581
-0.35068725
-0.30609989
-0.30812138
-0.30974969
-0.26375191
-0.26375191
-0.26375191
-0.21650635
-0.21650635
-0.21650635
-0.16926079
-0.16926079
-0.16926079
-0.26375191
-0.26375191
-0.26375191
-0.21650635
-0.21650635
-0.21650635
-0.16926079
-0.16926079
-0.16926079
-0.26375191
-0.26375191
-0.26375191
-0.21650635
-0.21650635
-0.21650635
-0.16926079
-0.16926079
-0.16926079
-0.18359808
-0.19011809
-0.19551008
-0.11148964
-0.11553701
-0.11888954
-0.038596074
-0.040012847
-0.041187341
-0.17160611
-0.17672741
-0.18093839
-0.10410854
-0.10728203
-0.10989516
-0.036023374
-0.037133242
-0.038047789
-0.1598373
-0.16366742
-0.1667991
-0.096880245
-0.099249616
-0.10118939
-0.033506675
-0.034334602
-0.035012842
-0.32218341
-0.32715104
-0.33115866
-0.26579534
-0.27011199
-0.27360603
-0.2086292
-0.21215835
-0.21502204
-0.29895959
-0.30185647
-0.30418278
-0.24613034
-0.2486382
-0.25065821
-0.19287413
-0.19491823
-0.19656837
-0.27587445
-0.27683908
-0.27761019
-0.22668083
-0.22751292
-0.22817991
-0.17735461
-0.17803085
-0.17857401
-0.33433361
-0.33633566
-0.33735172
-0.27638156
-0.27813518
-0.27902617
-0.21730139
-0.21874361
-0.21947701
-0.30601895
-0.30717373
-0.30775888
-0.25225654
-0.25326352
-0.25377431
-0.19787639
-0.19870155
-0.19912042
-0.27821662
-0.27859701
-0.27878947
-0.22870564
-0.22903594
-0.22920322
-0.17900282
-0.17927255
-0.17940924
-0.14765571
-0.15023361
-0.15232928
-0.089414503
-0.091006511
-0.092302161
-0.030910145
-0.031465955
-0.031918549
-0.13632636
-0.13781586
-0.13902028
-0.0824857
-0.083404136
-0.084147523
-0.028502938
-0.028823335
-0.029082793
-0.12520201
-0.12569362
-0.12608908
-0.075695943
-0.075998632
-0.076242327
-0.026146444
-0.026251958
-0.026336944
-0.43704237
-0.45186615
-0.46400471
-0.41009744
-0.42188331
-0.43148865
-0.38331489
-0.3922346
-0.39947009
-0.45186615
-0.47018262
-0.48525025
-0.42188331
-0.43641919
-0.44831578
-0.3922346
-0.40321767
-0.41216138
-0.46400471
-0.48525025
-0.50278377
-0.43148865
-0.44831578
-0.46212732
-0.39947009
-0.41216138
-0.42252275
-0.35523236
-0.36130984
-0.3662157
-0.32877894
-0.33233052
-0.33518431
-0.30248349
-0.30366876
-0.30461684
-0.36130984
-0.36878219
-0.37483534
-0.33233052
-0.33669224
-0.34020838
-0.30366876
-0.3051231
-0.30628989
-0.3662157
-0.37483534
-0.38183383
-0.33518431
-0.34020838
-0.34426669
-0.30461684
-0.30628989
-0.30763456
-0.37010408
-0.37255684
-0.37380188
-0.33743792
-0.33885573
-0.33957432
-0.30536283
-0.30583094
-0.30606783
-0.37964677
-0.38268809
-0.38423377
-0.34299233
-0.34474712
-0.34563748
-0.30721018
-0.30778866
-0.30808171
-0.38740692
-0.39093439
-0.39272855
-0.34748517
-0.34951624
-0.35054751
-0.30869669
-0.30936503
-0.30970381
-0.47373745
-0.49737691
-0.51693222
-0.43916077
-0.45785059
-0.47322291
-0.4052275
-0.41930038
-0.43081065
-0.47992842
-0.50511183
-0.52597413
-0.44402738
-0.46391388
-0.48029083
-0.40886957
-0.42382674
-0.43607342
-0.48308646
-0.50906381
-0.53059914
-0.44650579
-0.46700627
-0.48389922
-0.41072138
-0.42613126
-0.43875526
-0.37010408
-0.37964677
-0.38740692
-0.33743792
-0.34299233
-0.34748517
-0.30536283
-0.30721018
-0.30869669
-0.37255684
-0.38268809
-0.39093439
-0.33885573
-0.34474712
-0.34951624
-0.30583094
-0.30778866
-0.30936503
-0.37380188
-0.38423377
-0.39272855
-0.33957432
-0.34563748
-0.35054751
-0.30606783
-0.30808171
-0.30970381
-0.28867513
-0.28867513
-0.28867513
-0.28867513
-0.28867513
-0.14433757
0
-0.4330127
-0.36084392
-0.28867513
-0.28867513
-0.28867513
-0.14433757
-0.14433757
7.5894152e-19
-0.14433757
7.5894152e-19
-0.47240707
-0.37864925
-0.38463884
-0.48603889
-0.47240707
-0.38463884
-0.37864925
-0.18319635
-0.22368927
-1.3010426e-18
5.0957502e-18
-0.14433757
-5.2244992e-18
-0.54236453
-0.56723152
-0.40974402
-0.42041877
-0.42041877
-0.24775119
-0.19368993
-0.19728907
-2.6901766e-17
1.6744147e-17
-0.14433757
-0.14433757
-0.14433757
-0.14433757
-0.14433757
-0.14433757
-0.14433757
-0.14433757
-0.14433757
-0.14433757
-0.14433757
-0.14433757
3.8219715e-18
2.6766241e-18
7.5894152e-19
1.8460938e-17
2.8955821e-18
-6.8101449e-18
8.5947805e-18
6.6682669e-18
-9.7273264e-18
3.8219715e-18
2.6766241e-18
7.5894152e-19
-0.11941434
-0.072168784
-0.024923225
-0.11941434
-0.072168784
-0.024923225
-0.11941434
-0.072168784
-0.024923225
-0.11941434
-0.072168784
-0.024923225
-0.48725134
-0.51239955
-0.5332435
-0.55012271
-0.56093773
-0.56647815
-0.50319416
-0.53234703
-0.55659596
-0.4856287
-0.48260673
-0.47668054
-0.38538234
-0.39662121
-0.40577998
-0.41309509
-0.41773515
-0.42009818
-0.39236521
-0.40528814
-0.4158435
-0.38445987
-0.38313893
-0.38053624
-0.455937
-0.42504043
-0.39456189
-0.51856807
-0.4745094
-0.4317745
-0.54069314
-0.49178441
-0.4446241
-0.46812151
-0.43463085
-0.40174699
-0.36474496
-0.3712003
-0.37640913
-0.38538234
-0.39662121
-0.40577998
-0.36474496
-0.3712003
-0.37640913
-0.28867513
-0.28867513
-0.28867513
-0.28867513
-0.28867513
-0.28867513
-0.28867513
-0.28867513
-0.28867513
-0.28867513
-0.28867513
-0.28867513
-0.30113675
-0.32475953
-0.34838231
-0.30395098
-0.33320369
-0.36284937
-0.30882153
-0.34786205
-0.38805727
-0.30395098
-0.33320369
-0.36284937
-0.38053624
-0.38313893
-0.38445987
-0.39236521
-0.40528814
-0.4158435
-0.41309509
-0.41773515
-0.42009818
-0.28867513
-0.28867513
-0.28867513
-0.28867513
-0.28867513
-0.28867513
-0.28867513
-0.28867513
-0.28867513
-0.30487629
-0.33600514
-0.36769266
-0.3104492
-0.35281214
-0.39666146
-0.28867513
-0.28867513
-0.28867513
-0.28867513
-0.28867513
-0.28867513
-0.28867513
-0.28867513
-0.28867513
-0.3104492
-0.35281214
-0.39666146
-0.30487629
-0.33600514
-0.36769266
-0.44150297
-0.45572427
-0.46735889
-0.455937
-0.42504043
-0.39456189
-0.42055109
-0.39692831
-0.37330553
-0.22879749
-0.23744835
-0.24461567
-0.23805083
-0.22009081
-0.20267041
-0.1854698
-0.18926312
-0.19235298
-0.19006884
-0.20323217
-0.21657604
-0.39845788
-0.33097257
-0.26123552
-0.43609876
-0.3642077
-0.28876571
-0.34768534
-0.28777162
-0.22648244
-0.3308016
-0.27305464
-0.21442052
-0.15255002
-0.16846444
-0.18484957
-0.15093503
-0.16356894
-0.17637257
-0.26375191
-0.21650635
-0.16926079
-0.26375191
-0.21650635
-0.16926079
-0.19481997
-0.19638441
-0.19718101
-0.15308918
-0.17011605
-0.18774034
-0.14433757
-0.14433757
-0.14433757
-0.35339144
-0.29278126
-0.23061039
-0.26375191
-0.21650635
-0.16926079
1.2819023e-17
1.2425973e-18
1.747429e-17
-2.4293553e-17
1.8139634e-17
-5.6649564e-18
-7.2734521e-18
1.2189228e-17
-9.256376e-18
3.5778672e-18
-1.3552527e-20
-4.3389263e-19
-0.18570841
-0.11277388
-0.03904111
-0.20603062
-0.12540839
-0.043467228
-0.16063405
-0.097405832
-0.033696021
-0.15180621
-0.091947467
-0.031789198
-1.0760707e-17
2.4835006e-18
2.0779889e-17
-2.6020852e-18
-1.8431437e-18
1.3027367e-18
-0.14433757
-0.14433757
-0.14433757
-0.14433757
-0.14433757
-0.14433757
-0.14433757
-0.14433757
-0.14433757
-0.11941434
-0.11941434
-0.11941434
-0.072168784
-0.072168784
-0.072168784
-0.024923225
-0.024923225
-0.024923225
-0.11941434
-0.11941434
-0.11941434
-0.072168784
-0.072168784
-0.072168784
-0.024923225
-0.024923225
-0.024923225
-0.11941434
-0.11941434
-0.11941434
-0.072168784
-0.072168784
-0.072168784
-0.024923225
-0.024923225
-0.024923225
-0.11941434
-0.11941434
-0.11941434
-0.072168784
-0.072168784
-0.072168784
-0.024923225
-0.024923225
-0.024923225
-4.6613876e-19
2.5590741e-18
5.3259744e-18
1.0280765e-17
-7.3637074e-18
-3.7446268e-18
2.4523754e-18
2.303432e-17
3.7260979e-18
-0.50271358
-0.53174422
-0.55588899
-0.49917463
-0.52730812
-0.5506888
-0.492243
-0.518634
-0.54053292
-0.4692747
-0.49181143
-0.51043472
-0.43564612
-0.45347902
-0.46813286
-0.40259239
-0.41603046
-0.42701259
-0.52547852
-0.53510011
-0.5400239
-0.47991613
-0.48742721
-0.49126339
-0.43580418
-0.44139012
-0.44423764
-0.53122766
-0.50960064
-0.48351517
-0.48438922
-0.46742605
-0.44684203
-0.43911919
-0.42644387
-0.41097246
-0.46775532
-0.46505666
-0.45976008
-0.43434329
-0.4322228
-0.42805449
-0.40153204
-0.39994606
-0.39682364
-0.38758001
-0.39934527
-0.40894024
-0.3906146
-0.40311217
-0.41331449
-0.39215625
-0.4050283
-0.41554142
-0.38277607
-0.39339497
-0.4020404
-0.3767269
-0.38592468
-0.39339497
-0.36925134
-0.3767269
-0.38277607
-0.35156084
-0.35680964
-0.36103496
-0.3266246
-0.32969232
-0.33215092
-0.3017616
-0.30278533
-0.30360219
-0.36832609
-0.3774452
-0.38485569
-0.33640835
-0.34171966
-0.34601328
-0.30502232
-0.30678986
-0.30821142
-0.38485569
-0.3774452
-0.36832609
-0.34601328
-0.34171966
-0.33640835
-0.30821142
-0.30678986
-0.30502232
-0.36103496
-0.35680964
-0.35156084
-0.33215092
-0.32969232
-0.3266246
-0.30360219
-0.30278533
-0.3017616
-0.28867513
-0.28867513
-0.28867513
-0.28867513
-0.28867513
-0.28867513
-0.28867513
-0.28867513
-0.28867513
-0.40894024
-0.41331449
-0.41554142
-0.39934527
-0.40311217
-0.4050283
-0.38758001
-0.3906146
-0.39215625
-0.3643765
-0.3664809
-0.36754811
-0.33408838
-0.33530543
-0.33592171
-0.30424364
-0.30464557
-0.3048488
-0.37397058
-0.3844433
-0.39297184
-0.33967163
-0.3457581
-0.35068725
-0.30609989
-0.30812138
-0.30974969
-0.39640343
-0.39450076
-0.39076106
-0.35266408
-0.35157158
-0.34942046
-0.31040064
-0.31004209
-0.30933488
-0.28867513
-0.28867513
-0.28867513
-0.28867513
-0.28867513
-0.28867513
-0.28867513
-0.28867513
-0.28867513
-0.39076106
-0.39450076
-0.39640343
-0.34942046
-0.35157158
-0.35266408
-0.30933488
-0.31004209
-0.31040064
-0.39297184
-0.3844433
-0.37397058
-0.35068725
-0.3457581
-0.33967163
-0.30974969
-0.30812138
-0.30609989
-0.36754811
-0.3664809
-0.3643765
-0.33592171
-0.33530543
-0.33408838
-0.3048488
-0.30464557
-0.30424364
-0.28867513
-0.28867513
-0.28867513
-0.28867513
-0.28867513
-0.28867513
-0.28867513
-0.28867513
-0.28867513
-0.37794959
-0.38565054
-0.39187915
-0.40303736
-0.41320792
-0.42147109
-0.42819936
-0.44098333
-0.45141694
-0.4065422
-0.42011781
-0.43125656
-0.33807137
-0.3500401
-0.35990592
-0.26709061
-0.27699329
-0.28518538
-0.42049661
-0.39130993
-0.36262217
-0.35061557
-0.32530876
-0.30058548
-0.27762052
-0.2569503
-0.23685745
-0.34555474
-0.34060781
-0.33449086
-0.28590578
-0.28158332
-0.27625716
-0.22494787
-0.22139884
-0.21703712
-0.34244047
-0.36455341
-0.38673177
-0.28295631
-0.30183931
-0.32087171
-0.22238348
-0.23761548
-0.25302965
-0.22115153
-0.22887988
-0.23526359
-0.20684838
-0.2129265
-0.21791895
-0.19278971
-0.19734097
-0.20105879
-0.332882
-0.30518018
-0.27793984
-0.27511175
-0.25152599
-0.22846557
-0.21625808
-0.19727828
-0.17880693
-0.26375191
-0.26375191
-0.26375191
-0.21650635
-0.21650635
-0.21650635
-0.16926079
-0.16926079
-0.16926079
-0.27528662
-0.29720144
-0.31918082
-0.22617501
-0.24461235
-0.26319381
-0.17694426
-0.19163929
-0.2065069
-0.17821531
-0.18128235
-0.18377359
-0.16463982
-0.16641391
-0.1678474
-0.15129047
-0.15187665
-0.15234785
-0.34948155
-0.35196124
-0.35322074
-0.2893466
-0.29152388
-0.29263112
-0.22777901
-0.22957324
-0.23048651
-0.33748938
-0.30783811
-0.27881552
-0.27914694
-0.25384351
-0.22922586
-0.21957645
-0.19917718
-0.17942775
-0.26375191
-0.26375191
-0.26375191
-0.21650635
-0.21650635
-0.21650635
-0.16926079
-0.16926079
-0.16926079
-0.18575811
-0.18701453
-0.18765367
-0.1689845
-0.16970221
-0.17006666
-0.1527201
-0.15295435
-0.1530731
-0.19001621
-0.19731955
-0.20337802
-0.11544658
-0.11998457
-0.12375551
-0.03997644
-0.041565734
-0.042887532
-0.19786612
-0.18277153
-0.16815746
-0.12035597
-0.11103377
-0.10203144
-0.041701345
-0.038446466
-0.035307387
-0.15950801
-0.15690705
-0.15371676
-0.09670848
-0.095098959
-0.093127102
-0.033452217
-0.032889719
-0.032200999
-0.15754944
-0.16856199
-0.17974195
-0.095466518
-0.10222457
-0.10909928
-0.033012953
-0.035364906
-0.037759923
-4.188729e-18
-1.5921907e-17
3.7067869e-17
3.6807023e-18
2.4889798e-18
-2.6035463e-17
1.7482174e-17
-3.3705559e-18
3.5304333e-18
-0.1532349
-0.13953897
-0.12625881
-0.092862461
-0.084467873
-0.076346986
-0.032114341
-0.029194637
-0.026373453
-0.12490408
-0.13542786
-0.14610799
-0.075512649
-0.081932164
-0.088459636
-0.026082573
-0.02830992
-0.030576941
1.0304574e-17
2.494287e-18
-1.6218378e-17
5.6542096e-19
-1.509201e-17
4.8145353e-18
1.014187e-17
-4.9466724e-18
7.3861273e-18
-0.11941434
-0.11941434
-0.11941434
-0.11941434
-0.11941434
-0.11941434
-0.11941434
-0.11941434
-0.11941434
-0.072168784
-0.072168784
-0.072168784
-0.072168784
-0.072168784
-0.072168784
-0.072168784
-0.072168784
-0.072168784
-0.024923225
-0.024923225
-0.024923225
-0.024923225
-0.024923225
-0.024923225
-0.024923225
-0.024923225
-0.024923225
-0.47373745
-0.49737691
-0.51693222
-0.47992842
-0.50511183
-0.52597413
-0.48308646
-0.50906381
-0.53059914
-0.43916077
-0.45785059
-0.47322291
-0.44402738
-0.46391388
-0.48029083
-0.44650579
-0.46700627
-0.48389922
-0.4052275
-0.41930038
-0.43081065
-0.40886957
-0.42382674
-0.43607342
-0.41072138
-0.42613126
-0.43875526
-0.35523236
-0.36130984
-0.3662157
-0.36130984
-0.36878219
-0.37483534
-0.3662157
-0.37483534
-0.38183383
-0.32877894
-0.33233052
-0.33518431
-0.33233052
-0.33669224
-0.34020838
-0.33518431
-0.34020838
-0.34426669
-0.30248349
-0.30366876
-0.30461684
-0.30366876
-0.3051231
-0.30628989
-0.30461684
-0.30628989
-0.30763456
-0.37010408
-0.37255684
-0.37380188
-0.37964677
-0.38268809
-0.38423377
-0.38740692
-0.39093439
-0.39272855
-0.33743792
-0.33885573
-0.33957432
-0.34299233
-0.34474712
-0.34563748
-0.34748517
-0.34951624
-0.35054751
-0.30536283
-0.30583094
-0.30606783
-0.30721018
-0.30778866
-0.30808171
-0.30869669
-0.30936503
-0.30970381
-0.37010408
-0.37964677
-0.38740692
-0.37255684
-0.38268809
-0.39093439
-0.37380188
-0.38423377
-0.39272855
-0.33743792
-0.34299233
-0.34748517
-0.33885573
-0.34474712
-0.34951624
-0.33957432
-0.34563748
-0.35054751
-0.30536283
-0.30721018
-0.30869669
-0.30583094
-0.30778866
-0.30936503
-0.30606783
-0.30808171
-0.30970381
-0.39400554
-0.40619302
-0.41616758
-0.37035021
-0.38002253
-0.38790106
-0.34683744
-0.35414369
-0.36006702
-0.32724569
-0.33796663
-0.34677967
-0.30689972
-0.31537299
-0.32230263
-0.28678049
-0.29315536
-0.29834256
-0.25827801
-0.26713186
-0.27443485
-0.24176916
-0.24874288
-0.25446366
-0.2255129
-0.23074228
-0.23500918
-0.32218341
-0.32715104
-0.33115866
-0.29895959
-0.30185647
-0.30418278
-0.27587445
-0.27683908
-0.27761019
-0.26579534
-0.27011199
-0.27360603
-0.24613034
-0.2486382
-0.25065821
-0.22668083
-0.22751292
-0.22817991
-0.2086292
-0.21215835
-0.21502204
-0.19287413
-0.19491823
-0.19656837
-0.17735461
-0.17803085
-0.17857401
-0.33433361
-0.33633566
-0.33735172
-0.30601895
-0.30717373
-0.30775888
-0.27821662
-0.27859701
-0.27878947
-0.27638156
-0.27813518
-0.27902617
-0.25225654
-0.25326352
-0.25377431
-0.22870564
-0.22903594
-0.22920322
-0.21730139
-0.21874361
-0.21947701
-0.19787639
-0.19870155
-0.19912042
-0.17900282
-0.17927255
-0.17940924
-0.18359808
-0.19011809
-0.19551008
-0.17160611
-0.17672741
-0.18093839
-0.1598373
-0.16366742
-0.1667991
-0.11148964
-0.11553701
-0.11888954
-0.10410854
-0.10728203
-0.10989516
-0.096880245
-0.099249616
-0.10118939
-0.038596074
-0.040012847
-0.041187341
-0.036023374
-0.037133242
-0.038047789
-0.033506675
-0.034334602
-0.035012842
-0.14765571
-0.15023361
-0.15232928
-0.13632636
-0.13781586
-0.13902028
-0.12520201
-0.12569362
-0.12608908
-0.089414503
-0.091006511
-0.092302161
-0.0824857
-0.083404136
-0.084147523
-0.075695943
-0.075998632
-0.076242327
-0.030910145
-0.031465955
-0.031918549
-0.028502938
-0.028823335
-0.029082793
-0.026146444
-0.026251958
-0.026336944
