MFEM mesh v1.0

#
# MFEM Geometry Types (see mesh/geom.hpp):
#
# POINT       = 0
# SEGMENT     = 1
# TRIANGLE    = 2
# SQUARE      = 3
# TETRAHEDRON = 4
# CUBE        = 5
#

dimension
3

elements
7
1 5 0 1 6 5 8 9 15 14
1 5 4 5 3 2 13 14 17 16
1 5 7 8 14 13 10 11 20 19
1 5 8 9 15 14 11 12 21 20
1 5 13 14 17 16 19 20 23 22
1 5 14 15 18 17 20 21 24 23
1 5 7 8 11 10 25 26 28 27

boundary
28
1 3 5 6 1 0
1 3 2 3 5 4
65 3 5 0 8 14
65 3 4 5 14 13
65 3 13 14 8 7
65 3 0 1 9 8
65 3 1 6 15 9
65 3 6 5 14 15
65 3 2 4 13 16
65 3 5 3 17 14
65 3 3 2 16 17
65 3 17 18 15 14
65 3 13 7 10 19
65 3 10 11 20 19
65 3 8 9 12 11
65 3 9 15 21 12
65 3 11 12 21 20
65 3 16 13 19 22
65 3 17 16 22 23
65 3 19 20 23 22
65 3 15 18 24 21
65 3 18 17 23 24
65 3 20 21 24 23
65 3 7 8 26 25
65 3 10 7 25 27
65 3 8 11 28 26
65 3 11 10 27 28
65 3 25 26 28 27

vertices
29

nodes
FiniteElementSpace
FiniteElementCollection: H1_3D_P4
VDim: 3
Ordering: 0

-3.1225023e-17
0.30998466
-0.39717735
1.0842022e-18
-0.37298049
-4.7704896e-18
0.35742227
-0.26592163
2.9273459e-18
0.26568513
-0.22368927
5.0957502e-18
0.22229806
-0.30722904
2.4733362e-19
0.27788281
-0.3224644
-7.3725748e-18
0.11530805
-0.24775119
-5.3329194e-18
0.20621024
-0.25629728
-5.5429836e-18
0.10703716
-0.30722904
6.169788e-18
-0.24775119
1.5517644e-18
0.054840668
0.15791786
0.25847359
0.32270389
0.34438715
0.35846631
0.066774181
0.18738835
0.30121566
-8.6466182e-18
-1.5612511e-17
-9.5409791e-18
0.046712443
0.13469044
0.22107841
0.2738931
0.28595144
0.28690326
0.054417567
0.14850358
0.23496041
3.3944845e-18
9.0124306e-19
2.5986971e-18
6.4987544e-18
-1.5043305e-18
8.3483567e-18
0.30222151
0.28764584
0.27323341
0.34338604
0.31706074
0.29123686
-1.0713643e-19
2.6935648e-19
1.9176826e-18
-0.31218017
-0.19175207
-0.066774181
4.98733e-18
4.2961511e-18
8.6672646e-19
-0.33291588
-0.20490947
-0.071432212
-0.39642918
-0.39095644
-0.38042078
-0.25627281
-0.15665737
-0.054417567
3.7133991e-18
-4.4448054e-18
-2.107418e-18
-0.26924508
-0.16481389
-0.05729151
-0.31195018
-0.31857997
-0.32199842
-0.36113607
-0.33926012
-0.31810788
5.014488e-18
2.6219905e-18
-4.3673019e-18
-0.38359477
-0.35865241
-0.33471103
-0.22122909
-0.13473355
-0.046712443
-0.27450123
-0.28926139
-0.30171525
-0.18570841
-0.11277388
-0.03904111
1.4781387e-19
4.679857e-19
1.2688554e-18
-0.20603062
-0.12540839
-0.043467228
-0.22879749
-0.23744835
-0.24461567
-0.25850013
-0.24458109
-0.23085435
2.602297e-18
3.9166803e-18
-1.6805134e-18
-6.2346588e-19
-1.1680584e-18
-1.722865e-18
-0.2965368
-0.2767634
-0.25761269
0.03904111
0.11254934
0.18477872
0.22600691
0.22809576
0.2183821
0.043467228
0.11586371
0.17599419
0.25816654
0.24396828
0.22979059
0.26475786
0.24063644
0.21772426
-2.4326852e-18
-7.9684625e-18
-4.8348641e-18
-0.21326717
-0.1299233
-0.045051695
-0.25041783
-0.25413461
-0.25603842
-7.4945409e-18
-6.8770605e-18
-7.7351049e-18
-0.31047167
-0.28840695
-0.26717658
0.25872499
0.19385641
0.12713903
0.05729151
0.095601736
0.10865563
0.18875734
0.14653832
0.11253141
0.045051695
0.091240412
0.1016584
0.11380896
0.11105087
0.10839707
-0.25627281
-0.15665737
-0.054417567
7.4877547e-18
5.2028999e-18
-9.9102855e-19
-0.20603062
-0.12540839
-0.043467228
-0.2965368
-0.2767634
-0.25761269
-0.27450123
-0.28926139
-0.30171525
4.3821812e-18
2.469101e-19
4.936508e-18
2.0987756e-18
-8.1399866e-19
1.953258e-18
-0.22879749
-0.23744835
-0.24461567
0.065123692
0.18558472
0.30080151
0.061462548
0.17656051
0.28791467
0.057239495
0.16472272
0.2693007
0.053402739
0.15381944
0.25190266
0.05071693
0.14615377
0.23958446
0.048082222
0.13861715
0.22743128
0.31413582
0.33417732
0.34601169
0.2980725
0.31499451
0.32250558
0.28220432
0.29596043
0.29914583
0.28947417
0.18036776
0.064528421
0.26750875
0.16737483
0.060403686
0.24603456
0.15486836
0.056443593
3.3623899e-19
-6.2665094e-18
-1.5183906e-17
1.0142161e-18
5.2693258e-18
-4.6514821e-18
-3.0925173e-18
-2.473548e-18
1.3825662e-18
0.048302401
0.13914404
0.22809618
0.051050476
0.1463297
0.2387534
0.05338174
0.14984694
0.24105289
-0.33227387
-0.20450132
-0.071287575
-0.32757928
-0.20151832
-0.070230762
-0.31855002
-0.19578843
-0.068202148
-0.30208053
-0.1853869
-0.064528421
-0.2834601
-0.17368096
-0.060403686
-0.26549629
-0.16242373
-0.056443593
1.5871545e-18
4.1367236e-18
3.1520544e-19
1.7279472e-19
-6.1325185e-19
1.5922102e-18
1.7957098e-19
1.0975429e-18
-1.1943165e-18
-0.068835703
-0.19756423
-0.32130396
-0.064097608
-0.18414088
-0.30002305
-0.059585834
-0.17133491
-0.27964793
-0.38290171
-0.37782943
-0.36805159
-0.35805614
-0.35368804
-0.34524687
-0.33420229
-0.33047204
-0.32324632
-0.26028995
-0.15918085
-0.05530629
-0.26593524
-0.16273068
-0.056557115
-0.26884793
-0.16456385
-0.05720335
-0.2515843
-0.15371483
-0.05338174
-0.24100674
-0.14708688
-0.051050476
-0.22849233
-0.13926427
-0.048302401
-0.21497499
-0.13085675
-0.045356276
-0.20325928
-0.12360635
-0.042822107
-0.1917231
-0.11648226
-0.040334793
2.0312516e-18
1.9926847e-18
1.0497584e-19
-3.5286905e-19
3.276297e-18
2.1193823e-18
1.4909881e-18
4.0985807e-19
2.879912e-20
-0.052433323
-0.1510053
-0.24721777
-0.048782057
-0.14059278
-0.23049878
-0.045268158
-0.13055732
-0.21433924
-0.29148121
-0.28003783
-0.26643124
-0.27251983
-0.26287626
-0.25134031
-0.25411168
-0.24612485
-0.23651425
-0.19001621
-0.11544658
-0.03997644
-0.19731955
-0.11998457
-0.041565734
-0.20337802
-0.12375551
-0.042887532
0.045356276
0.13079583
0.21475986
0.042822107
0.12349657
0.20285666
0.040334793
0.11630201
0.19101526
0.2656107
0.27595196
0.27473796
0.24995238
0.25700296
0.25197522
0.23429063
0.23806447
0.22977935
0.22409873
0.14232305
0.052433323
0.20420303
0.13118102
0.048782057
0.18540025
0.12089967
0.045268158
0.03997644
0.11495877
0.18812315
0.041565734
0.11812735
0.19079856
0.042887532
0.11798794
0.18462697
-6.7757341e-19
-3.5779991e-18
-2.2632191e-18
-5.1347137e-18
-1.9618607e-18
-5.4049172e-18
-3.5812553e-18
-4.5953655e-18
-7.043926e-18
-0.055053577
-0.15844734
-0.25907068
-0.050958781
-0.14678344
-0.24038436
-0.047046277
-0.13562078
-0.22244486
-0.31004621
-0.30692361
-0.30086034
-0.2880526
-0.28544967
-0.28038435
-0.26688643
-0.26475334
-0.26059351
-0.20828759
-0.12681563
-0.043960928
-0.21143496
-0.12877939
-0.044650111
-0.21304783
-0.12978633
-0.045003606
0.05720335
0.099846052
0.11811508
0.056557115
0.12305012
0.17093481
0.05530629
0.14355592
0.22088822
0.24541192
0.18425015
0.12425746
0.22152322
0.1677501
0.11923549
0.19954078
0.15334878
0.1147265
0.10738383
0.094805918
0.055053577
0.10504805
0.09334793
0.050958781
0.10280561
0.091952597
0.047046277
0.043960928
0.11210729
0.16324974
0.044650111
0.10173447
0.13168573
0.045003606
0.09273065
0.10585522
-0.22849233
-0.13926427
-0.048302401
-0.24100674
-0.14708688
-0.051050476
-0.2515843
-0.15371483
-0.05338174
-1.9072072e-18
1.5163991e-18
3.5060431e-18
1.1286702e-18
3.4336863e-18
2.0741719e-19
1.0218602e-17
4.4184415e-18
-8.8260833e-19
-0.03997644
-0.11544658
-0.19001621
-0.041565734
-0.11998457
-0.19731955
-0.042887532
-0.12375551
-0.20337802
-0.23651425
-0.25134031
-0.26643124
-0.24612485
-0.26287626
-0.28003783
-0.25411168
-0.27251983
-0.29148121
-0.24721777
-0.1510053
-0.052433323
-0.23049878
-0.14059278
-0.048782057
-0.21433924
-0.13055732
-0.045268158
0.055649738
0.16019146
0.26204296
0.059592557
0.17118961
0.27927971
0.062997464
0.17921859
0.29034696
0.052690427
0.15173851
0.24846264
0.056132298
0.1611908
0.26310583
0.059083241
0.16736413
0.27068077
0.049800122
0.1434527
0.23508547
0.052778473
0.15140876
0.24712659
0.055314214
0.15580711
0.25121945
-0.30799445
-0.18912838
-0.065850962
-0.31636431
-0.19443086
-0.067726611
-0.32070999
-0.19718729
-0.068702254
-0.28856923
-0.17690387
-0.061541198
-0.29577929
-0.18145759
-0.063149413
-0.29951319
-0.18381839
-0.063983627
-0.26987288
-0.16517688
-0.057413909
-0.27603204
-0.16905556
-0.058781655
-0.27921387
-0.1710612
-0.059489253
-0.22168459
-0.13503806
-0.04682288
-0.23321203
-0.14223591
-0.049350069
-0.2429229
-0.14831336
-0.051486356
-0.20897014
-0.12715888
-0.044067015
-0.21872942
-0.13324053
-0.046200108
-0.22689992
-0.1383425
-0.047991438
-0.1964992
-0.11944814
-0.041373201
-0.20461849
-0.1244981
-0.043142689
-0.21137498
-0.12870808
-0.044619209
0.04682288
0.13487576
0.22114425
0.049350069
0.14130585
0.23040937
0.051486356
0.14399565
0.23097362
0.044067015
0.12689
0.20804128
0.046200108
0.13194161
0.21465847
0.047991438
0.13325606
0.21218006
0.041373201
0.1190406
0.19499546
0.043142689
0.12281915
0.19900204
0.044619209
0.12308135
0.19394761
-0.25089302
-0.15331085
-0.053244717
-0.25605065
-0.15654938
-0.054385005
-0.25870846
-0.15821964
-0.054973355
-0.23357131
-0.14251541
-0.049457816
-0.23787206
-0.14520884
-0.050404895
-0.24008327
-0.14659468
-0.050892374
-0.2168643
-0.13213362
-0.045821512
-0.22039
-0.13433619
-0.046595007
-0.22219877
-0.1354669
-0.046992216
0.053244717
0.13737156
0.20985288
0.054385005
0.11858421
0.16290547
0.054973355
0.098421506
0.11568245
0.049457816
0.12648701
0.19012164
0.050404895
0.11106298
0.1491797
0.050892374
0.095963544
0.11145935
0.045821512
0.11675851
0.17206431
0.046595007
0.10468155
0.13728104
0.046992216
0.093783219
0.10768589
-0.22168459
-0.13503806
-0.04682288
-0.20897014
-0.12715888
-0.044067015
-0.1964992
-0.11944814
-0.041373201
-0.23321203
-0.14223591
-0.049350069
-0.21872942
-0.13324053
-0.046200108
-0.20461849
-0.1244981
-0.043142689
-0.2429229
-0.14831336
-0.051486356
-0.22689992
-0.1383425
-0.047991438
-0.21137498
-0.12870808
-0.044619209
-0.70710678
-0.67227043
-7.1557343e-18
4.5536491e-18
-0.37298049
-0.39717735
-0.37298049
-0.57019239
-0.59335069
-0.57019239
-0.47240707
-0.48603889
-0.47240707
-0.30722904
-0.3224644
-0.30722904
6.0986372e-18
-6.9117888e-18
-6.7762636e-19
-0.24775119
-0.25629728
-0.24775119
-7.3251409e-18
1.9380114e-18
8.4432244e-18
-0.68827279
-0.73185567
-0.54236453
-0.56723152
-0.70604267
-0.69823377
-0.68307557
-0.6278812
-0.53501952
-0.4314642
-0.39642918
-0.39095644
-0.38042078
-0.66207707
-0.56663459
-0.45868172
-0.59264872
-0.58748697
-0.57741475
-0.52936069
-0.44639856
-0.35681328
-0.32199842
-0.31857997
-0.31195018
-0.55184515
-0.4667897
-0.37407891
-0.68697873
-0.64938746
-0.6125172
-0.65432542
-0.62067735
-0.58750416
-0.36113607
-0.33926012
-0.31810788
-0.38359477
-0.35865241
-0.33471103
-0.38042078
-0.39095644
-0.39642918
-0.071432212
-0.20490947
-0.33291588
1.3040072e-18
-4.472334e-18
-3.1441863e-18
-0.066774181
-0.19175207
-0.31218017
-0.31195018
-0.31857997
-0.32199842
-0.26924508
-0.16481389
-0.05729151
1.6147882e-17
-5.6797794e-18
7.8503014e-18
-0.25627281
-0.15665737
-0.054417567
-0.36113607
-0.33926012
-0.31810788
5.2039322e-18
3.6718878e-19
3.1950083e-18
-3.367942e-18
-1.6644197e-18
5.1533485e-18
-0.57741475
-0.58748697
-0.59264872
-0.52936069
-0.44639856
-0.35681328
-0.47668054
-0.48260673
-0.4856287
-0.4492025
-0.37588867
-0.29851333
-0.25041783
-0.25413461
-0.25603842
-0.43609876
-0.3642077
-0.28876571
-0.55300856
-0.52078024
-0.48899717
-0.57437618
-0.53892397
-0.50413239
-0.31047167
-0.28840695
-0.26717658
-0.2965368
-0.2767634
-0.25761269
-0.4856287
-0.48260673
-0.47668054
-0.43609876
-0.3642077
-0.28876571
-0.25603842
-0.25413461
-0.25041783
-0.55300856
-0.52078024
-0.48899717
-0.2965368
-0.2767634
-0.25761269
-0.21326717
-0.1299233
-0.045051695
5.7492825e-18
4.3939834e-18
4.5028271e-18
-0.20603062
-0.12540839
-0.043467228
1.470434e-17
4.6730808e-18
4.2724342e-18
-9.0196204e-18
-5.91229e-19
-1.8465318e-19
-0.25627281
-0.15665737
-0.054417567
-3.814957e-19
8.9395857e-18
4.5943067e-18
-0.20603062
-0.12540839
-0.043467228
1.2734293e-17
5.3337665e-18
1.5327908e-17
7.3723498e-18
1.2384469e-17
8.9446679e-18
-0.70177661
-0.72074224
-0.73052242
-0.70201769
-0.64712055
-0.59429927
-0.55012271
-0.56093773
-0.56647815
-0.66204309
-0.61353593
-0.56655631
-0.59470673
-0.6368947
-0.67250374
-0.62192553
-0.67132121
-0.71323188
-0.50319416
-0.53234703
-0.55659596
-0.48725134
-0.51239955
-0.5332435
-0.45784149
-0.45169272
-0.43984281
-0.56566212
-0.55853883
-0.54477698
-0.6610298
-0.65334976
-0.63846807
-0.68598265
-0.67867041
-0.66446322
-0.64851389
-0.64209671
-0.62960702
-0.61175802
-0.60617749
-0.59529774
-0.61047448
-0.51922515
-0.41806085
-0.57793621
-0.48985902
-0.39325467
-0.54598479
-0.46122132
-0.36920602
-0.36805159
-0.37782943
-0.38290171
-0.34524687
-0.35368804
-0.35805614
-0.32324632
-0.33047204
-0.33420229
-0.44335776
-0.54869826
-0.6424645
-0.41515227
-0.51551365
-0.6059608
-0.38799889
-0.48335598
-0.57031435
-0.55116224
-0.54614326
-0.53636295
-0.46616835
-0.46160566
-0.45273421
-0.37355141
-0.36968063
-0.36216784
-0.068202148
-0.070230762
-0.071287575
-0.19578843
-0.20151832
-0.20450132
-0.31855002
-0.32757928
-0.33227387
-0.36805159
-0.37782943
-0.38290171
-0.34524687
-0.35368804
-0.35805614
-0.32324632
-0.33047204
-0.33420229
-0.32130396
-0.19756423
-0.068835703
-0.30002305
-0.18414088
-0.064097608
-0.27964793
-0.17133491
-0.059585834
-6.1331273e-18
-1.850695e-18
-1.8124058e-17
-1.3934539e-17
-1.5969245e-17
1.559199e-17
7.5013238e-18
-2.1243586e-18
-5.7146931e-19
-0.064528421
-0.1853869
-0.30208053
-0.060403686
-0.17368096
-0.2834601
-0.056443593
-0.16242373
-0.26549629
-0.26028995
-0.26593524
-0.26884793
-0.15918085
-0.16273068
-0.16456385
-0.05530629
-0.056557115
-0.05720335
-0.36216784
-0.36968063
-0.37355141
-0.45273421
-0.46160566
-0.46616835
-0.53636295
-0.54614326
-0.55116224
-0.55967856
-0.56897123
-0.57372932
-0.52645361
-0.53434305
-0.53837604
-0.49373779
-0.50031807
-0.5036764
-0.53360195
-0.45048953
-0.36042754
-0.49962501
-0.42029804
-0.33525945
-0.46641834
-0.39099869
-0.31097955
-0.31004621
-0.30692361
-0.30086034
-0.2880526
-0.28544967
-0.28038435
-0.26688643
-0.26475334
-0.26059351
-0.34461701
-0.43176726
-0.51289327
-0.32202007
-0.40454392
-0.48209907
-0.30008244
-0.37797121
-0.45184539
-0.44020226
-0.44589941
-0.4488076
-0.36785939
-0.37293873
-0.3755358
-0.29180896
-0.29604809
-0.29821831
-0.57372932
-0.56897123
-0.55967856
-0.53837604
-0.53434305
-0.52645361
-0.5036764
-0.50031807
-0.49373779
-0.51289327
-0.43176726
-0.34461701
-0.48209907
-0.40454392
-0.32202007
-0.45184539
-0.37797121
-0.30008244
-0.30086034
-0.30692361
-0.31004621
-0.28038435
-0.28544967
-0.2880526
-0.26059351
-0.26475334
-0.26688643
-0.4488076
-0.44589941
-0.44020226
-0.3755358
-0.37293873
-0.36785939
-0.29821831
-0.29604809
-0.29180896
-0.25907068
-0.15844734
-0.055053577
-0.24038436
-0.14678344
-0.050958781
-0.22244486
-0.13562078
-0.047046277
-3.523078e-18
2.2796713e-18
-2.4264292e-18
9.0081954e-19
6.1134338e-18
-3.7600144e-18
-2.3344228e-18
5.1141732e-18
5.4685671e-18
-0.052433323
-0.1510053
-0.24721777
-0.048782057
-0.14059278
-0.23049878
-0.045268158
-0.13055732
-0.21433924
-0.20828759
-0.21143496
-0.21304783
-0.12681563
-0.12877939
-0.12978633
-0.043960928
-0.044650111
-0.045003606
-0.05720335
-0.056557115
-0.05530629
-0.16456385
-0.16273068
-0.15918085
-0.26884793
-0.26593524
-0.26028995
-0.24721777
-0.1510053
-0.052433323
-0.23049878
-0.14059278
-0.048782057
-0.21433924
-0.13055732
-0.045268158
-3.5511592e-18
1.1414464e-18
1.6752459e-17
3.7997898e-18
2.0761836e-18
3.1704013e-18
4.9263436e-18
5.9330423e-18
7.9345811e-19
-0.21304783
-0.21143496
-0.20828759
-0.12978633
-0.12877939
-0.12681563
-0.045003606
-0.044650111
-0.043960928
-0.60318202
-0.61502184
-0.62109864
-0.64758889
-0.66256691
-0.67027185
-0.68513266
-0.70285493
-0.71198729
-0.6008228
-0.56152014
-0.5231085
-0.64640067
-0.60024236
-0.555448
-0.68493468
-0.63276506
-0.58243653
-0.50271358
-0.49917463
-0.492243
-0.53174422
-0.52730812
-0.518634
-0.55588899
-0.5506888
-0.54053292
-0.50539442
-0.5402524
-0.57573314
-0.53324724
-0.57349714
-0.61473255
-0.55640335
-0.60129899
-0.64754393
-0.67444436
-0.69183807
-0.70079696
-0.62397882
-0.63858938
-0.64609826
-0.57520191
-0.5872689
-0.59345743
-0.64148622
-0.63430937
-0.6203888
-0.5477932
-0.54116074
-0.52833245
-0.44257828
-0.43687127
-0.42585864
-0.60510614
-0.59883161
-0.58663853
-0.5147283
-0.50896837
-0.49780402
-0.41447987
-0.40955231
-0.4000213
-0.56957436
-0.56413793
-0.55355416
-0.48268043
-0.4777219
-0.46809103
-0.38742375
-0.38320524
-0.3750271
-0.30799445
-0.31636431
-0.32070999
-0.18912838
-0.19443086
-0.19718729
-0.065850962
-0.067726611
-0.068702254
-0.28856923
-0.29577929
-0.29951319
-0.17690387
-0.18145759
-0.18381839
-0.061541198
-0.063149413
-0.063983627
-0.26987288
-0.27603204
-0.27921387
-0.16517688
-0.16905556
-0.1710612
-0.057413909
-0.058781655
-0.059489253
-0.51934883
-0.52835597
-0.53297384
-0.43759077
-0.44573542
-0.44991991
-0.34952621
-0.35640517
-0.35994532
-0.48757248
-0.4951941
-0.4990948
-0.40945418
-0.41630644
-0.41982009
-0.32614005
-0.33189929
-0.33485691
-0.45640473
-0.46274118
-0.46597858
-0.38203968
-0.38770503
-0.39060457
-0.30348081
-0.30822029
-0.31064922
-0.53297384
-0.52835597
-0.51934883
-0.44991991
-0.44573542
-0.43759077
-0.35994532
-0.35640517
-0.34952621
-0.4990948
-0.4951941
-0.48757248
-0.41982009
-0.41630644
-0.40945418
-0.33485691
-0.33189929
-0.32614005
-0.46597858
-0.46274118
-0.45640473
-0.39060457
-0.38770503
-0.38203968
-0.31064922
-0.30822029
-0.30348081
-0.25089302
-0.25605065
-0.25870846
-0.15331085
-0.15654938
-0.15821964
-0.053244717
-0.054385005
-0.054973355
-0.23357131
-0.23787206
-0.24008327
-0.14251541
-0.14520884
-0.14659468
-0.049457816
-0.050404895
-0.050892374
-0.2168643
-0.22039
-0.22219877
-0.13213362
-0.13433619
-0.1354669
-0.045821512
-0.046595007
-0.046992216
-0.25870846
-0.25605065
-0.25089302
-0.15821964
-0.15654938
-0.15331085
-0.054973355
-0.054385005
-0.053244717
-0.24008327
-0.23787206
-0.23357131
-0.14659468
-0.14520884
-0.14251541
-0.050892374
-0.050404895
-0.049457816
-0.22219877
-0.22039
-0.2168643
-0.1354669
-0.13433619
-0.13213362
-0.046992216
-0.046595007
-0.045821512
-0.5835531
-0.59446589
-0.60006164
-0.54689324
-0.55614224
-0.56087659
-0.51093552
-0.51863789
-0.52257383
-0.62458064
-0.63835733
-0.64543687
-0.5818312
-0.59346429
-0.59943071
-0.54017886
-0.54983367
-0.55477613
-0.6591519
-0.67542038
-0.683794
-0.61108928
-0.62477749
-0.6318081
-0.56452061
-0.57584339
-0.58164718
-0.70710678
-0.67227043
-0.91774188
-1
-0.84957113
-0.91774188
-0.84957113
-0.57019239
-0.59335069
-0.57019239
-0.47240707
-0.48603889
-0.47240707
-0.68827279
-0.73185567
-0.68827279
-0.73185567
-0.7835347
-0.73185567
-0.54236453
-0.56723152
-0.54236453
-0.56723152
-0.59630391
-0.56723152
-0.30722904
-0.3224644
-0.24775119
-0.25629728
-0.70604267
-0.69823377
-0.68307557
-0.70822101
-0.77112957
-0.82527783
-0.91563372
-0.90021342
-0.87053063
-0.74943575
-0.8239692
-0.88860063
-0.59264872
-0.58748697
-0.57741475
-0.59470673
-0.6368947
-0.67250374
-0.73052242
-0.72074224
-0.70177661
-0.62192553
-0.67132121
-0.71323188
-0.68697873
-0.64938746
-0.6125172
-0.65432542
-0.62067735
-0.58750416
-0.82051496
-0.76684993
-0.71496025
-0.88394836
-0.82189162
-0.76232533
-0.87053063
-0.90021342
-0.91563372
-0.99744546
-0.97878093
-0.94295653
-0.94295653
-0.97878093
-0.99744546
-0.91563372
-0.90021342
-0.87053063
-0.70177661
-0.72074224
-0.73052242
-0.74783558
-0.77032793
-0.78194926
-0.74783558
-0.77032793
-0.78194926
-0.70177661
-0.72074224
-0.73052242
-0.82051496
-0.76684993
-0.71496025
-0.96024013
-0.88770117
-0.81864469
-0.88394836
-0.82189162
-0.76232533
-0.57741475
-0.58748697
-0.59264872
-0.59470673
-0.6368947
-0.67250374
-0.47668054
-0.48260673
-0.4856287
-0.50319416
-0.53234703
-0.55659596
-0.55012271
-0.56093773
-0.56647815
-0.48725134
-0.51239955
-0.5332435
-0.55300856
-0.52078024
-0.48899717
-0.57437618
-0.53892397
-0.50413239
-0.70201769
-0.64712055
-0.59429927
-0.66204309
-0.61353593
-0.56655631
-0.4856287
-0.48260673
-0.47668054
-0.48725134
-0.51239955
-0.5332435
-0.56647815
-0.56093773
-0.55012271
-0.55300856
-0.52078024
-0.48899717
-0.66204309
-0.61353593
-0.56655631
-0.57628973
-0.58893516
-0.5954215
-0.57628973
-0.58893516
-0.5954215
-0.55012271
-0.56093773
-0.56647815
-0.74929192
-0.68664807
-0.62680617
-0.70201769
-0.64712055
-0.59429927
-0.70177661
-0.72074224
-0.73052242
-0.78194926
-0.77032793
-0.74783558
-0.55012271
-0.56093773
-0.56647815
-0.5954215
-0.58893516
-0.57628973
-0.70201769
-0.64712055
-0.59429927
-0.31195018
-0.31857997
-0.32199842
-0.31047167
-0.28840695
-0.26717658
-0.25041783
-0.25413461
-0.25603842
-0.2965368
-0.2767634
-0.25761269
-0.52936069
-0.44639856
-0.35681328
-0.55184515
-0.4667897
-0.37407891
-0.4492025
-0.37588867
-0.29851333
-0.43609876
-0.3642077
-0.28876571
-0.8866454
-0.8723379
-0.84476821
-0.82234343
-0.81043561
-0.78743445
-0.74817327
-0.73891546
-0.72097901
-0.68598265
-0.67867041
-0.66446322
-0.64851389
-0.64209671
-0.62960702
-0.61175802
-0.60617749
-0.59529774
-0.68816517
-0.74720572
-0.7978477
-0.65067493
-0.70272461
-0.74708153
-0.61386084
-0.65934685
-0.69786565
-0.84004528
-0.86766251
-0.88199055
-0.7838403
-0.80779937
-0.82019894
-0.72961731
-0.75023088
-0.76087379
-0.85683638
-0.79654723
-0.72674901
-0.79837071
-0.74581288
-0.68452354
-0.74208589
-0.69664858
-0.64328968
-0.62109864
-0.61502184
-0.60318202
-0.67027185
-0.66256691
-0.64758889
-0.71198729
-0.70285493
-0.68513266
-0.94071385
-0.97634361
-0.9949051
-0.92431526
-0.95853051
-0.97634361
-0.89277756
-0.92431526
-0.94071385
-0.84004528
-0.86766251
-0.88199055
-0.7838403
-0.80779937
-0.82019894
-0.72961731
-0.75023088
-0.76087379
-0.90737148
-0.94059372
-0.95787615
-0.84215552
-0.87080706
-0.8856703
-0.77971541
-0.80423006
-0.81691345
-0.95787615
-0.94059372
-0.90737148
-0.8856703
-0.87080706
-0.84215552
-0.81691345
-0.80423006
-0.77971541
-0.88199055
-0.86766251
-0.84004528
-0.82019894
-0.80779937
-0.7838403
-0.76087379
-0.75023088
-0.72961731
-0.71603851
-0.73608266
-0.74642532
-0.73608266
-0.75766307
-0.76880781
-0.74642532
-0.76880781
-0.7803717
-0.68513266
-0.70285493
-0.71198729
-0.64758889
-0.66256691
-0.67027185
-0.60318202
-0.61502184
-0.62109864
-0.55967856
-0.56897123
-0.57372932
-0.52645361
-0.53434305
-0.53837604
-0.49373779
-0.50031807
-0.5036764
-0.6008228
-0.64640067
-0.68493468
-0.56152014
-0.60024236
-0.63276506
-0.5231085
-0.555448
-0.58243653
-0.70079696
-0.69183807
-0.67444436
-0.64609826
-0.63858938
-0.62397882
-0.59345743
-0.5872689
-0.57520191
-0.64754393
-0.61473255
-0.57573314
-0.60129899
-0.57349714
-0.5402524
-0.55640335
-0.53324724
-0.50539442
-0.492243
-0.49917463
-0.50271358
-0.518634
-0.52730812
-0.53174422
-0.54053292
-0.5506888
-0.55588899
-0.57372932
-0.56897123
-0.55967856
-0.53837604
-0.53434305
-0.52645361
-0.5036764
-0.50031807
-0.49373779
-0.57573314
-0.61473255
-0.64754393
-0.5402524
-0.57349714
-0.60129899
-0.50539442
-0.53324724
-0.55640335
-0.67444436
-0.69183807
-0.70079696
-0.62397882
-0.63858938
-0.64609826
-0.57520191
-0.5872689
-0.59345743
-0.50271358
-0.49917463
-0.492243
-0.53174422
-0.52730812
-0.518634
-0.55588899
-0.5506888
-0.54053292
-0.71665585
-0.73722887
-0.74784444
-0.65939112
-0.67658939
-0.6854421
-0.60441501
-0.6185558
-0.62581778
-0.74784444
-0.73722887
-0.71665585
-0.6854421
-0.67658939
-0.65939112
-0.62581778
-0.6185558
-0.60441501
-0.70079696
-0.69183807
-0.67444436
-0.64609826
-0.63858938
-0.62397882
-0.59345743
-0.5872689
-0.57520191
-0.55828301
-0.56966385
-0.5754965
-0.56966385
-0.58184138
-0.58808576
-0.5754965
-0.58808576
-0.59454305
-0.7803717
-0.76880781
-0.74642532
-0.76880781
-0.75766307
-0.73608266
-0.74642532
-0.73608266
-0.71603851
-0.67444436
-0.69183807
-0.70079696
-0.62397882
-0.63858938
-0.64609826
-0.57520191
-0.5872689
-0.59345743
-0.71665585
-0.73722887
-0.74784444
-0.65939112
-0.67658939
-0.6854421
-0.60441501
-0.6185558
-0.62581778
-0.5754965
-0.56966385
-0.55828301
-0.58808576
-0.58184138
-0.56966385
-0.59454305
-0.58808576
-0.5754965
-0.53636295
-0.54614326
-0.55116224
-0.45273421
-0.46160566
-0.46616835
-0.36216784
-0.36968063
-0.37355141
-0.53360195
-0.49962501
-0.46641834
-0.45048953
-0.42029804
-0.39099869
-0.36042754
-0.33525945
-0.31097955
-0.4488076
-0.44589941
-0.44020226
-0.3755358
-0.37293873
-0.36785939
-0.29821831
-0.29604809
-0.29180896
-0.45184539
-0.48209907
-0.51289327
-0.37797121
-0.40454392
-0.43176726
-0.30008244
-0.32202007
-0.34461701
-0.30086034
-0.30692361
-0.31004621
-0.28038435
-0.28544967
-0.2880526
-0.26059351
-0.26475334
-0.26688643
-0.72556884
-0.71691136
-0.70012126
-0.79503163
-0.78392583
-0.76244938
-0.85501838
-0.84170847
-0.81602832
-0.68349104
-0.67591135
-0.66118413
-0.74449347
-0.73481732
-0.71606589
-0.79679546
-0.78525217
-0.7629281
-0.64239441
-0.63581745
-0.62301523
-0.6955098
-0.68715175
-0.67092134
-0.74073227
-0.73080435
-0.71156067
-0.86075595
-0.8900699
-0.90529097
-0.8900699
-0.9218271
-0.93833613
-0.90529097
-0.93833613
-0.95552504
-0.80182719
-0.82721268
-0.84036022
-0.82721268
-0.8546431
-0.86886436
-0.84036022
-0.86886436
-0.88365008
-0.7451095
-0.76691366
-0.77817863
-0.76691366
-0.7904174
-0.80257142
-0.77817863
-0.80257142
-0.81519098
-0.5835531
-0.59446589
-0.60006164
-0.62458064
-0.63835733
-0.64543687
-0.6591519
-0.67542038
-0.683794
-0.54689324
-0.55614224
-0.56087659
-0.5818312
-0.59346429
-0.59943071
-0.61108928
-0.62477749
-0.6318081
-0.51093552
-0.51863789
-0.52257383
-0.54017886
-0.54983367
-0.55477613
-0.56452061
-0.57584339
-0.58164718
-0.60006164
-0.59446589
-0.5835531
-0.64543687
-0.63835733
-0.62458064
-0.683794
-0.67542038
-0.6591519
-0.56087659
-0.55614224
-0.54689324
-0.59943071
-0.59346429
-0.5818312
-0.6318081
-0.62477749
-0.61108928
-0.52257383
-0.51863789
-0.51093552
-0.55477613
-0.54983367
-0.54017886
-0.58164718
-0.57584339
-0.56452061
-0.68753177
-0.70589967
-0.71536573
-0.70589967
-0.7256523
-0.73583997
-0.71536573
-0.73583997
-0.74640402
-0.63498425
-0.65039059
-0.65831241
-0.65039059
-0.6669237
-0.67543069
-0.65831241
-0.67543069
-0.68424181
-0.5843015
-0.59700843
-0.60352799
-0.59700843
-0.61061811
-0.61760498
-0.60352799
-0.61760498
-0.62483391
-0.71536573
-0.70589967
-0.68753177
-0.73583997
-0.7256523
-0.70589967
-0.74640402
-0.73583997
-0.71536573
-0.65831241
-0.65039059
-0.63498425
-0.67543069
-0.6669237
-0.65039059
-0.68424181
-0.67543069
-0.65831241
-0.60352799
-0.59700843
-0.5843015
-0.61760498
-0.61061811
-0.59700843
-0.62483391
-0.61760498
-0.60352799
-0.51934883
-0.52835597
-0.53297384
-0.48757248
-0.4951941
-0.4990948
-0.45640473
-0.46274118
-0.46597858
-0.43759077
-0.44573542
-0.44991991
-0.40945418
-0.41630644
-0.41982009
-0.38203968
-0.38770503
-0.39060457
-0.34952621
-0.35640517
-0.35994532
-0.32614005
-0.33189929
-0.33485691
-0.30348081
-0.30822029
-0.31064922
