MFEM mesh v1.0

#
# MFEM Geometry Types (see mesh/geom.hpp):
#
# POINT       = 0
# SEGMENT     = 1
# TRIANGLE    = 2
# SQUARE      = 3
# TETRAHEDRON = 4
# CUBE        = 5
#

dimension
3

elements
7
1 5 1 0 4 6 8 2 10 18
1 5 6 4 5 7 18 10 11 19
1 5 8 2 10 18 9 3 13 20
1 5 21 22 24 23 25 26 28 27
1 5 22 10 13 24 26 11 14 28
1 5 26 11 14 28 30 12 15 31
1 5 28 14 16 29 31 15 17 32

boundary
32
1 3 1 0 2 8
1 3 8 2 3 9
36 3 6 4 0 1
36 3 7 5 4 6
36 3 6 1 8 18
36 3 0 4 10 2
36 3 7 6 18 19
36 3 4 5 11 10
36 3 5 7 19 11
36 3 18 10 11 19
36 3 18 8 9 20
36 3 2 10 13 3
36 3 10 18 20 13
36 3 9 3 13 20
36 3 10 13 14 11
36 3 11 14 15 12
36 3 14 16 17 15
36 3 23 24 22 21
36 3 24 13 10 22
36 3 21 22 26 25
36 3 22 10 11 26
36 3 23 21 25 27
36 3 24 23 27 28
36 3 25 26 28 27
36 3 13 24 28 14
36 3 29 16 14 28
36 3 26 11 12 30
36 3 28 26 30 31
36 3 30 12 15 31
36 3 29 28 31 32
36 3 16 29 32 17
36 3 31 15 17 32

vertices
33

nodes
FiniteElementSpace
FiniteElementCollection: H1_3D_P4
VDim: 3
Ordering: 0

0.57680281
0.59718411
0.67220951
0.70710678
0.50295308
0.42586599
0.46713824
0.34802459
0.80820096
0.8867
0.56955658
0.46850803
0.36407998
0.59296204
0.48293061
0.37107077
0.46850803
0.36407998
0.60844596
0.42529438
0.66119981
2.4733362e-19
0.30721416
-7.3725748e-18
0.3224644
-5.3329194e-18
0.2473562
-5.5429836e-18
0.25605782
0.2473562
0.19040097
0.19444247
0.19040097
0.5956796
0.62291904
0.62215427
0.56417934
0.54012864
0.51586483
0.51409849
0.52333947
0.50061355
0.57428987
0.53129287
0.48903764
0.70801595
0.76917225
0.80964612
0.65423035
0.6204664
0.5870631
0.59306714
0.62793177
0.6322654
0.77315948
0.70721261
0.64220229
0.64042801
0.71574907
0.77979086
0.59676332
0.63090058
0.65955636
0.51722285
0.54120647
0.5609475
0.49602663
0.54641841
0.58936649
0.48994713
0.46498283
0.43952689
0.42849669
0.41952128
0.38206707
0.4455633
0.40570709
0.36745852
0.55210638
0.51910204
0.48604145
0.47942006
0.48609952
0.4593594
0.5751685
0.51372603
0.45497859
0.43519188
0.45063922
0.46312775
0.36392887
0.39150957
0.4149139
0.74934527
0.82291871
0.87814748
0.68693686
0.64928027
0.61226315
0.62086334
0.66475941
0.679799
0.84713093
0.7727204
0.69933787
0.83253318
0.86669473
0.88430061
0.68302929
0.69820254
0.70601727
0.57686803
0.58704574
0.59225409
0.62479563
0.6477558
0.65958757
0.054417567
0.15665737
0.25626493
0.31193974
0.31857997
0.32199842
0.05729151
0.16481389
0.26924508
3.7133991e-18
-4.4448054e-18
-2.107418e-18
0.043467228
0.12534416
0.20578306
0.25007894
0.2538621
0.2557952
0.045051695
0.12988572
0.21312161
-2.4326852e-18
-7.9684625e-18
-4.8348641e-18
-6.2346588e-19
-1.1680584e-18
-1.722865e-18
0.29650803
0.27667355
0.25736765
0.31046137
0.28836607
0.26704075
-7.4945409e-18
-6.8770605e-18
-7.7351049e-18
0.5290318
0.44630397
0.3567853
0.55166695
0.4667491
0.37407891
0.4334417
0.36293034
0.28816343
0.47304556
0.47931323
0.48249876
0.44719251
0.37501138
0.29813393
0.57379344
0.53773387
0.50186198
0.33592995
0.28016626
0.22190822
0.36628729
0.3693244
0.37086254
0.34261631
0.28599879
0.22661968
0.1916749
0.19343097
0.1943218
0.23743556
0.21878877
0.20021158
0.45086871
0.41703402
0.38255195
0.46394198
0.42764965
0.39078646
0.24522656
0.22499967
0.20498195
0.48249876
0.47931323
0.47304556
0.4334417
0.36293034
0.28816343
0.2557952
0.2538621
0.25007894
0.37086254
0.3693244
0.36628729
0.33592995
0.28016626
0.22190822
0.1943218
0.19343097
0.1916749
0.45086871
0.41703402
0.38255195
0.23743556
0.21878877
0.20021158
0.52157922
0.54085079
0.52839935
0.56142018
0.5736689
0.55522726
0.60122433
0.60602081
0.58176625
0.66126959
0.65352974
0.6191257
0.728404
0.70582491
0.65927659
0.78477495
0.74974496
0.69306443
0.58309391
0.557134
0.53105553
0.61534838
0.58596837
0.55666429
0.6423371
0.60994316
0.57781726
0.53100656
0.54567298
0.52813747
0.55943735
0.58333516
0.57535371
0.58285133
0.61438628
0.61488759
0.52035307
0.56728773
0.61502393
0.57498198
0.63005682
0.68600427
0.62152976
0.68349535
0.74637681
0.77894629
0.74457023
0.68785976
0.72082819
0.69827811
0.65005427
0.66280125
0.65221939
0.61267096
0.40198368
0.43767456
0.44366831
0.44049534
0.47187862
0.47195633
0.47972782
0.50569068
0.49967654
0.50331936
0.47671091
0.44967111
0.52572828
0.49626233
0.46650688
0.5441089
0.51219782
0.48015228
0.43958833
0.43382081
0.39824547
0.45802135
0.45784967
0.42596188
0.47296955
0.47754807
0.44916026
0.38543163
0.42782458
0.47206443
0.41665649
0.46634385
0.51827839
0.4431971
0.49915034
0.55766699
0.60182787
0.60360936
0.57350822
0.54459574
0.55732608
0.53644343
0.48839184
0.51075941
0.49920603
0.83090404
0.78581131
0.72081897
0.86070669
0.80919829
0.73880343
0.87605586
0.82127191
0.74808042
0.66438917
0.62943547
0.59492525
0.67861861
0.64196898
0.60588457
0.68593969
0.64840441
0.61149958
0.60174623
0.63943592
0.64707443
0.61383347
0.6554501
0.66775181
0.62002198
0.66364543
0.6783565
0.65991364
0.72752533
0.79609494
0.68478045
0.75603474
0.82828655
0.69759222
0.77071967
0.84487113
0.84359968
0.79503813
0.72660323
0.77851603
0.74297297
0.68418474
0.71380085
0.69165178
0.64255997
0.05720335
0.16456385
0.26884793
0.056557115
0.16273068
0.26593524
0.05530629
0.15918085
0.26028995
0.052433323
0.15100133
0.24720195
0.048782057
0.140579
0.2304462
0.045268158
0.13051768
0.21418874
0.30083927
0.30691013
0.31003557
0.28031365
0.28539951
0.2880107
0.26038889
0.2645951
0.26674807
0.25907068
0.15844734
0.055053577
0.24036173
0.14677779
0.050958781
0.22236455
0.13560003
0.047046277
-2.2632191e-18
-3.5779991e-18
-6.7757341e-19
-5.4049172e-18
-1.9618607e-18
-5.1347137e-18
-7.043926e-18
-4.5953655e-18
-3.5812553e-18
0.043960928
0.12676103
0.20807713
0.044650111
0.12873617
0.21126797
0.045003606
0.12974812
0.21289985
0.37355141
0.46612666
0.55098061
0.36966792
0.46155508
0.54593447
0.36214759
0.45266108
0.53609026
0.34456537
0.43160921
0.5123995
0.32187045
0.40415596
0.48108761
0.2996986
0.37710441
0.44990868
0.55888973
0.56831912
0.57313865
0.52494399
0.53304325
0.53717326
0.49101337
0.49788919
0.50138753
0.53331509
0.45041458
0.36040731
0.49896399
0.42008073
0.33518677
0.4650195
0.39044032
0.31075662
0.29128624
0.3667214
0.4377645
0.29562067
0.37197249
0.44374055
0.29783343
0.37464826
0.44678029
0.2767042
0.34877834
0.41691585
0.25507917
0.32187879
0.3853026
0.23340909
0.2946859
0.35314827
0.45498572
0.46066655
0.46355107
0.42038185
0.4249942
0.42733289
0.38515117
0.3887287
0.39054107
0.42936501
0.35967354
0.28565398
0.39540814
0.33068196
0.26225203
0.36100638
0.30152977
0.23895109
0.24499203
0.24326449
0.23987777
0.22481352
0.22344079
0.22074162
0.2048394
0.20378733
0.20171449
0.22339436
0.28200724
0.33804093
0.2254414
0.28454121
0.3409458
0.22647914
0.28582497
0.34241711
0.29128624
0.3667214
0.4377645
0.29562067
0.37197249
0.44374055
0.29783343
0.37464826
0.44678029
0.46355107
0.46066655
0.45498572
0.42733289
0.4249942
0.42038185
0.39054107
0.3887287
0.38515117
0.41691585
0.34877834
0.2767042
0.3853026
0.32187879
0.25507917
0.35314827
0.2946859
0.23340909
0.23987777
0.24326449
0.24499203
0.22074162
0.22344079
0.22481352
0.20171449
0.20378733
0.2048394
0.22647914
0.28582497
0.34241711
0.2254414
0.28454121
0.3409458
0.22339436
0.28200724
0.33804093
0.63834466
0.63514975
0.60400974
0.59475131
0.60006229
0.57527998
0.55110934
0.56457595
0.54636856
0.70202215
0.6847643
0.64197642
0.6519094
0.64479925
0.60929648
0.60175855
0.60464292
0.57667133
0.75541966
0.72626551
0.67380738
0.69977427
0.68196686
0.63761163
0.64416154
0.6377507
0.60171672
0.50524946
0.52663791
0.5155459
0.46225153
0.49020095
0.48590596
0.42005452
0.45336523
0.45574123
0.54903706
0.56192239
0.54215844
0.4995781
0.5210206
0.50919664
0.45103653
0.47973882
0.47583152
0.58570744
0.59096076
0.56400058
0.53084648
0.54632561
0.52820343
0.47698249
0.50136725
0.49215326
0.79903481
0.76022151
0.69987724
0.73878219
0.71218304
0.66066792
0.67868716
0.66452165
0.62199034
0.82716165
0.78217885
0.71673458
0.76387707
0.73162393
0.67551484
0.7008722
0.68166999
0.63498921
0.84162924
0.79349557
0.72541963
0.7767624
0.741613
0.68314575
0.71225267
0.69045679
0.64165347
0.053244717
0.15330807
0.25088169
0.054385005
0.15654938
0.25604365
0.054973355
0.15821964
0.25870846
0.049457816
0.14250489
0.2335306
0.050404895
0.14520171
0.23784387
0.050892374
0.14658888
0.24006003
0.045821512
0.13210104
0.21674004
0.046595007
0.13431163
0.22029549
0.046992216
0.13544573
0.22211687
0.34948735
0.43746487
0.51893072
0.35637935
0.44564447
0.52802594
0.35992448
0.44984319
0.5326821
0.32601999
0.40912925
0.48668491
0.33181164
0.41605402
0.49445663
0.33478257
0.41959883
0.49842503
0.30315576
0.38128233
0.45465277
0.30796375
0.3870797
0.46122062
0.31042249
0.39003854
0.46456565
0.27951231
0.35220264
0.42083411
0.2834024
0.35693766
0.42624393
0.28538492
0.35934679
0.42899245
0.2573364
0.32465239
0.38848886
0.26045338
0.32847746
0.39287963
0.26203731
0.3304189
0.3951065
0.23515639
0.29684535
0.35562848
0.23756435
0.29981876
0.35904249
0.23878566
0.3013257
0.36077218
0.28538492
0.35934679
0.42899245
0.2834024
0.35693766
0.42624393
0.27951231
0.35220264
0.42083411
0.26203731
0.3304189
0.3951065
0.26045338
0.32847746
0.39287963
0.2573364
0.32465239
0.38848886
0.23878566
0.3013257
0.36077218
0.23756435
0.29981876
0.35904249
0.23515639
0.29684535
0.35562848
0.57735027
0.31000795
0.67227043
0.70710678
0.50518149
0.4330127
0.26592163
0.22368927
0.37298049
0.39717735
0.57019239
0.47240707
0.37864925
0.59335069
0.48603889
0.38463884
0.47240707
0.37864925
0.30722904
0.24775119
0.3224644
0.73185567
0.68827279
0.7835347
0.73185567
0.56723152
0.54236453
0.59630391
0.56723152
0.54236453
0.40974402
0.42041877
0.40974402
0.53562341
0.45112133
0.36020918
0.56488866
0.54126588
0.5176431
0.46672901
0.39031051
0.30979848
0.30225771
0.2877255
0.27339838
0.6278812
0.53501952
0.4314642
0.65432542
0.62067735
0.58750416
0.52936069
0.44639856
0.35681328
0.36113607
0.33926012
0.31810788
0.32278198
0.34512795
0.36435579
0.59712124
0.63106638
0.65963981
0.51895855
0.54232058
0.56170451
0.27450123
0.28926139
0.30171525
0.49271987
0.46909709
0.44547431
0.39845788
0.33097257
0.26123552
0.25850013
0.24458109
0.23085435
0.55300856
0.52078024
0.48899717
0.43609876
0.3642077
0.28876571
0.2965368
0.2767634
0.25761269
0.44150297
0.45572427
0.46735889
0.22879749
0.23744835
0.24461567
0.66207707
0.56663459
0.45868172
0.68697873
0.64938746
0.6125172
0.55184515
0.4667897
0.37407891
0.38359477
0.35865241
0.33471103
0.38042078
0.39095644
0.39642918
0.68307557
0.69823377
0.70604267
0.57741475
0.58748697
0.59264872
0.31195018
0.31857997
0.32199842
0.73052242
0.72074224
0.70177661
0.70177661
0.72074224
0.73052242
0.78194926
0.77032793
0.74783558
0.74783558
0.77032793
0.78194926
0.56647815
0.56093773
0.55012271
0.55012271
0.56093773
0.56647815
0.5954215
0.58893516
0.57628973
0.57628973
0.58893516
0.5954215
0.70201769
0.64712055
0.59429927
0.66204309
0.61353593
0.56655631
0.70201769
0.64712055
0.59429927
0.74929192
0.68664807
0.62680617
0.59470673
0.6368947
0.67250374
0.62192553
0.67132121
0.71323188
0.48725134
0.51239955
0.5332435
0.47668054
0.48260673
0.4856287
0.50319416
0.53234703
0.55659596
0.57437618
0.53892397
0.50413239
0.38538234
0.39662121
0.40577998
0.38053624
0.38313893
0.38445987
0.39236521
0.40528814
0.4158435
0.41309509
0.41773515
0.42009818
0.51856807
0.4745094
0.4317745
0.455937
0.42504043
0.39456189
0.46812151
0.43463085
0.40174699
0.54069314
0.49178441
0.4446241
0.4856287
0.48260673
0.47668054
0.48725134
0.51239955
0.5332435
0.56647815
0.56093773
0.55012271
0.38445987
0.38313893
0.38053624
0.38538234
0.39662121
0.40577998
0.42009818
0.41773515
0.41309509
0.455937
0.42504043
0.39456189
0.51856807
0.4745094
0.4317745
0.31836818
0.40070419
0.47858047
0.33476634
0.4205284
0.50109777
0.35136805
0.44051335
0.52368231
0.37471292
0.46833285
0.55473086
0.40002382
0.49820397
0.58766974
0.42174123
0.52366827
0.61552794
0.58357371
0.5579509
0.53240437
0.61558535
0.58641982
0.55748885
0.64246372
0.61021076
0.57835327
0.47994278
0.40205775
0.31958805
0.50242182
0.422147
0.33639963
0.52114291
0.43897996
0.35055483
0.282648
0.29830605
0.31425168
0.29860564
0.31665882
0.3351712
0.31211416
0.33229368
0.35310887
0.41806085
0.51922515
0.61047448
0.39325467
0.48985902
0.57793621
0.36920602
0.46122132
0.54598479
0.26949349
0.34111577
0.41020232
0.28529244
0.36046079
0.43251607
0.30128386
0.37996074
0.45489614
0.50553381
0.48014297
0.45482738
0.52721639
0.49875865
0.470527
0.54516274
0.51409544
0.48340205
0.4065422
0.33807137
0.26709061
0.42011781
0.3500401
0.27699329
0.43125656
0.35990592
0.28518538
0.23651425
0.25134031
0.26643124
0.24612485
0.26287626
0.28003783
0.25411168
0.27251983
0.29148121
0.34461701
0.43176726
0.51289327
0.32202007
0.40454392
0.48209907
0.30008244
0.37797121
0.45184539
0.43984281
0.54477698
0.63846807
0.45169272
0.55853883
0.65334976
0.45784149
0.56566212
0.6610298
0.66446322
0.62960702
0.59529774
0.67867041
0.64209671
0.60617749
0.68598265
0.64851389
0.61175802
0.53636295
0.45273421
0.36216784
0.54614326
0.46160566
0.36968063
0.55116224
0.46616835
0.37355141
0.32324632
0.34524687
0.36805159
0.33047204
0.35368804
0.37782943
0.33420229
0.35805614
0.38290171
0.44335776
0.54869826
0.6424645
0.41515227
0.51551365
0.6059608
0.38799889
0.48335598
0.57031435
0.7803717
0.76880781
0.74642532
0.76880781
0.75766307
0.73608266
0.74642532
0.73608266
0.71603851
0.70079696
0.69183807
0.67444436
0.64609826
0.63858938
0.62397882
0.59345743
0.5872689
0.57520191
0.67444436
0.69183807
0.70079696
0.62397882
0.63858938
0.64609826
0.57520191
0.5872689
0.59345743
0.71665585
0.73722887
0.74784444
0.65939112
0.67658939
0.6854421
0.60441501
0.6185558
0.62581778
0.74784444
0.73722887
0.71665585
0.6854421
0.67658939
0.65939112
0.62581778
0.6185558
0.60441501
0.5754965
0.56966385
0.55828301
0.58808576
0.58184138
0.56966385
0.59454305
0.58808576
0.5754965
0.71198729
0.67027185
0.62109864
0.70285493
0.66256691
0.61502184
0.68513266
0.64758889
0.60318202
0.64754393
0.61473255
0.57573314
0.60129899
0.57349714
0.5402524
0.55640335
0.53324724
0.50539442
0.55967856
0.56897123
0.57372932
0.52645361
0.53434305
0.53837604
0.49373779
0.50031807
0.5036764
0.6008228
0.64640067
0.68493468
0.56152014
0.60024236
0.63276506
0.5231085
0.555448
0.58243653
0.54053292
0.518634
0.492243
0.5506888
0.52730812
0.49917463
0.55588899
0.53174422
0.50271358
0.51043472
0.49181143
0.4692747
0.46813286
0.45347902
0.43564612
0.42701259
0.41603046
0.40259239
0.45976008
0.46505666
0.46775532
0.42805449
0.4322228
0.43434329
0.39682364
0.39994606
0.40153204
0.48351517
0.50960064
0.53122766
0.44684203
0.46742605
0.48438922
0.41097246
0.42644387
0.43911919
0.5400239
0.53510011
0.52547852
0.49126339
0.48742721
0.47991613
0.44423764
0.44139012
0.43580418
0.40894024
0.39934527
0.38758001
0.41331449
0.40311217
0.3906146
0.41554142
0.4050283
0.39215625
0.54053292
0.518634
0.492243
0.5506888
0.52730812
0.49917463
0.55588899
0.53174422
0.50271358
0.46775532
0.46505666
0.45976008
0.43434329
0.4322228
0.42805449
0.40153204
0.39994606
0.39682364
0.4692747
0.49181143
0.51043472
0.43564612
0.45347902
0.46813286
0.40259239
0.41603046
0.42701259
0.52547852
0.53510011
0.5400239
0.47991613
0.48742721
0.49126339
0.43580418
0.44139012
0.44423764
0.41554142
0.4050283
0.39215625
0.41331449
0.40311217
0.3906146
0.40894024
0.39934527
0.38758001
0.36499811
0.45672011
0.54171615
0.34680988
0.43490161
0.51716093
0.32891357
0.41333483
0.49275648
0.38871693
0.48477477
0.57273258
0.36765691
0.45966172
0.544668
0.34707236
0.43498899
0.51692722
0.40900023
0.508618
0.59889421
0.38537344
0.48058561
0.56775224
0.36241041
0.45318612
0.53711009
0.31034083
0.3908489
0.46717045
0.29302279
0.36978595
0.44307148
0.27597604
0.3489618
0.41911909
0.32585251
0.40942271
0.48800416
0.30619588
0.38561928
0.46091144
0.28696825
0.36222233
0.43412588
0.33887239
0.42494101
0.50530977
0.31718848
0.39877664
0.47565774
0.29608868
0.3731833
0.44647023
0.42585864
0.52833245
0.6203888
0.4000213
0.49780402
0.58663853
0.3750271
0.46809103
0.55355416
0.43687127
0.54116074
0.63430937
0.40955231
0.50896837
0.59883161
0.38320524
0.4777219
0.56413793
0.44257828
0.5477932
0.64148622
0.41447987
0.5147283
0.60510614
0.38742375
0.48268043
0.56957436
0.71536573
0.70589967
0.68753177
0.73583997
0.7256523
0.70589967
0.74640402
0.73583997
0.71536573
0.65831241
0.65039059
0.63498425
0.67543069
0.6669237
0.65039059
0.68424181
0.67543069
0.65831241
0.60352799
0.59700843
0.5843015
0.61760498
0.61061811
0.59700843
0.62483391
0.61760498
0.60352799
0.6591519
0.62458064
0.5835531
0.67542038
0.63835733
0.59446589
0.683794
0.64543687
0.60006164
0.61108928
0.5818312
0.54689324
0.62477749
0.59346429
0.55614224
0.6318081
0.59943071
0.56087659
0.56452061
0.54017886
0.51093552
0.57584339
0.54983367
0.51863789
0.58164718
0.55477613
0.52257383
0.51693222
0.49737691
0.47373745
0.52597413
0.50511183
0.47992842
0.53059914
0.50906381
0.48308646
0.47322291
0.45785059
0.43916077
0.48029083
0.46391388
0.44402738
0.48389922
0.46700627
0.44650579
0.43081065
0.41930038
0.4052275
0.43607342
0.42382674
0.40886957
0.43875526
0.42613126
0.41072138
0.53059914
0.50906381
0.48308646
0.52597413
0.50511183
0.47992842
0.51693222
0.49737691
0.47373745
0.48389922
0.46700627
0.44650579
0.48029083
0.46391388
0.44402738
0.47322291
0.45785059
0.43916077
0.43875526
0.42613126
0.41072138
0.43607342
0.42382674
0.40886957
0.43081065
0.41930038
0.4052275
-0.57735027
-0.67227043
-0.31000795
-3.1225023e-17
-0.50518149
-0.4330127
-0.57019239
-0.47240707
-0.37298049
-2.4286129e-17
-0.26592163
-0.22368927
-0.18319635
2.9273459e-18
5.0957502e-18
-1.3010426e-18
0.22368927
0.18319635
-0.30722904
-0.24775119
1.8566962e-18
-0.3224644
-0.30722904
-6.9117888e-18
-6.7762636e-19
-0.25629728
-0.24775119
1.9380114e-18
8.4432244e-18
0.24775119
-0.19368993
7.0473141e-18
0.19368993
-0.59712124
-0.63106638
-0.65963981
-0.56488866
-0.54126588
-0.5176431
-0.51895855
-0.54232058
-0.56170451
-0.65432542
-0.62067735
-0.58750416
-0.32278198
-0.34512795
-0.36435579
-0.30225771
-0.2877255
-0.27339838
-0.27450123
-0.28926139
-0.30171525
-0.36113607
-0.33926012
-0.31810788
-0.6278812
-0.53501952
-0.4314642
-0.53562341
-0.45112133
-0.36020918
-0.46672901
-0.39031051
-0.30979848
-0.52936069
-0.44639856
-0.35681328
-0.49271987
-0.46909709
-0.44547431
-0.44150297
-0.45572427
-0.46735889
-0.55300856
-0.52078024
-0.48899717
-0.25850013
-0.24458109
-0.23085435
-0.22879749
-0.23744835
-0.24461567
-0.2965368
-0.2767634
-0.25761269
-0.39845788
-0.33097257
-0.26123552
-0.43609876
-0.3642077
-0.28876571
-1.0408341e-17
8.2399365e-18
-1.7018586e-17
6.4987544e-18
-1.5043305e-18
8.3483567e-18
1.7997756e-17
2.9070171e-17
-2.2141653e-17
-3.1232249e-17
1.5915749e-18
2.796564e-17
-0.31218017
-0.19175207
-0.066774181
-0.25848698
-0.15792154
-0.054840668
-0.22122909
-0.13473355
-0.046712443
-0.25627281
-0.15665737
-0.054417567
-0.32199842
-0.31857997
-0.31195018
-0.25627281
-0.15665737
-0.054417567
-3.814957e-19
8.9395857e-18
4.5943067e-18
-0.26924508
-0.16481389
-0.05729151
-0.25603842
-0.25413461
-0.25041783
-0.20603062
-0.12540839
-0.043467228
1.2734293e-17
5.3337665e-18
1.5327908e-17
-0.21326717
-0.1299233
-0.045051695
-0.31047167
-0.28840695
-0.26717658
-0.2965368
-0.2767634
-0.25761269
7.3723498e-18
1.2384469e-17
8.9446679e-18
1.470434e-17
4.6730808e-18
4.2724342e-18
-0.27450123
-0.28926139
-0.30171525
1.0462551e-17
2.5682039e-18
5.1804535e-18
-0.22879749
-0.23744835
-0.24461567
-0.18570841
-0.11277388
-0.03904111
4.4452289e-18
4.8246997e-18
7.7246228e-18
2.602297e-18
3.9166803e-18
-1.6805134e-18
-0.1854698
-0.18926312
-0.19235298
-0.15180621
-0.091947467
-0.031789198
8.2399365e-18
7.0337616e-18
4.2199181e-18
-0.16063405
-0.097405832
-0.033696021
-0.23805083
-0.22009081
-0.20267041
-0.21657604
-0.20323217
-0.19006884
-4.3389263e-19
-1.3552527e-20
3.5778672e-18
6.4236067e-18
2.0074681e-18
1.5043305e-18
0.03904111
0.11277388
0.18570841
0.22879749
0.23744835
0.24461567
0.043467228
0.12540839
0.20603062
0.031789198
0.091947467
0.15180621
0.1854698
0.18926312
0.19235298
0.033696021
0.097405832
0.16063405
0.21657604
0.20323217
0.19006884
0.23805083
0.22009081
0.20267041
-0.57835327
-0.55748885
-0.53240437
-0.61021076
-0.58641982
-0.5579509
-0.64246372
-0.61558535
-0.58357371
-0.61552794
-0.58766974
-0.55473086
-0.52366827
-0.49820397
-0.46833285
-0.42174123
-0.40002382
-0.37471292
-0.52368231
-0.50109777
-0.47858047
-0.44051335
-0.4205284
-0.40070419
-0.35136805
-0.33476634
-0.31836818
-0.47994278
-0.50242182
-0.52114291
-0.40205775
-0.422147
-0.43897996
-0.31958805
-0.33639963
-0.35055483
-0.54598479
-0.57793621
-0.61047448
-0.46122132
-0.48985902
-0.51922515
-0.36920602
-0.39325467
-0.41806085
-0.35310887
-0.3351712
-0.31425168
-0.33229368
-0.31665882
-0.29830605
-0.31211416
-0.29860564
-0.282648
-0.48340205
-0.470527
-0.45482738
-0.51409544
-0.49875865
-0.48014297
-0.54516274
-0.52721639
-0.50553381
-0.45489614
-0.43251607
-0.41020232
-0.37996074
-0.36046079
-0.34111577
-0.30128386
-0.28529244
-0.26949349
-0.4065422
-0.42011781
-0.43125656
-0.33807137
-0.3500401
-0.35990592
-0.26709061
-0.27699329
-0.28518538
-0.45184539
-0.48209907
-0.51289327
-0.37797121
-0.40454392
-0.43176726
-0.30008244
-0.32202007
-0.34461701
-0.29148121
-0.28003783
-0.26643124
-0.27251983
-0.26287626
-0.25134031
-0.25411168
-0.24612485
-0.23651425
-0.30480318
-0.28838346
-0.26934696
-0.18708359
-0.17671588
-0.16473627
-0.065123692
-0.061462548
-0.057239495
-0.25192393
-0.23963301
-0.22753495
-0.1538254
-0.14616765
-0.13864694
-0.053402739
-0.05071693
-0.048082222
-0.22849233
-0.24100674
-0.2515843
-0.13926427
-0.14708688
-0.15371483
-0.048302401
-0.051050476
-0.05338174
-0.26549629
-0.2834601
-0.30208053
-0.16242373
-0.17368096
-0.1853869
-0.056443593
-0.060403686
-0.064528421
-4.9056029e-19
-1.3725752e-17
1.2896447e-17
-1.7181938e-17
-1.3046001e-17
-1.1448497e-17
-1.4475687e-17
-1.8678771e-17
1.9190378e-17
-0.05720335
-0.056557115
-0.05530629
-0.16456385
-0.16273068
-0.15918085
-0.26884793
-0.26593524
-0.26028995
-0.31004621
-0.30692361
-0.30086034
-0.2880526
-0.28544967
-0.28038435
-0.26688643
-0.26475334
-0.26059351
-0.24721777
-0.1510053
-0.052433323
-0.23049878
-0.14059278
-0.048782057
-0.21433924
-0.13055732
-0.045268158
-3.5511592e-18
1.1414464e-18
1.6752459e-17
3.7997898e-18
2.0761836e-18
3.1704013e-18
4.9263436e-18
5.9330423e-18
7.9345811e-19
-0.055053577
-0.15844734
-0.25907068
-0.050958781
-0.14678344
-0.24038436
-0.047046277
-0.13562078
-0.22244486
-0.21304783
-0.21143496
-0.20828759
-0.12978633
-0.12877939
-0.12681563
-0.045003606
-0.044650111
-0.043960928
-0.05338174
-0.051050476
-0.048302401
-0.15371483
-0.14708688
-0.13926427
-0.2515843
-0.24100674
-0.22849233
-0.29148121
-0.28003783
-0.26643124
-0.27251983
-0.26287626
-0.25134031
-0.25411168
-0.24612485
-0.23651425
-0.21497499
-0.13085675
-0.045356276
-0.20325928
-0.12360635
-0.042822107
-0.1917231
-0.11648226
-0.040334793
-4.3373381e-19
1.3850617e-17
5.4873047e-18
4.8043709e-18
1.2183722e-17
2.7257653e-18
4.7975946e-18
1.2231156e-18
1.8010038e-17
-0.20337802
-0.19731955
-0.19001621
-0.12375551
-0.11998457
-0.11544658
-0.042887532
-0.041565734
-0.03997644
-0.23526359
-0.22887988
-0.22115153
-0.21791895
-0.2129265
-0.20684838
-0.20105879
-0.19734097
-0.19278971
-0.17974195
-0.10909928
-0.037759923
-0.16856199
-0.10222457
-0.035364906
-0.15754944
-0.095466518
-0.033012953
9.5411909e-18
5.2991837e-18
8.2498155e-19
-3.9031278e-18
1.2841019e-18
1.1222962e-17
5.4210109e-20
-1.1858461e-18
5.4497041e-18
-0.041701345
-0.12035597
-0.19786612
-0.038446466
-0.11103377
-0.18277153
-0.035307387
-0.10203144
-0.16815746
-0.15950801
-0.15690705
-0.15371676
-0.09670848
-0.095098959
-0.093127102
-0.033452217
-0.032889719
-0.032200999
0.20337802
0.19731955
0.19001621
0.12375551
0.11998457
0.11544658
0.042887532
0.041565734
0.03997644
0.037759923
0.10909928
0.17974195
0.035364906
0.10222457
0.16856199
0.033012953
0.095466518
0.15754944
0.22115153
0.22887988
0.23526359
0.20684838
0.2129265
0.21791895
0.19278971
0.19734097
0.20105879
0.19786612
0.12035597
0.041701345
0.18277153
0.11103377
0.038446466
0.16815746
0.10203144
0.035307387
0.033452217
0.032889719
0.032200999
0.09670848
0.095098959
0.093127102
0.15950801
0.15690705
0.15371676
-0.59889421
-0.57273258
-0.54171615
-0.56775224
-0.544668
-0.51716093
-0.53711009
-0.51692722
-0.49275648
-0.508618
-0.48477477
-0.45672011
-0.48058561
-0.45966172
-0.43490161
-0.45318612
-0.43498899
-0.41333483
-0.40900023
-0.38871693
-0.36499811
-0.38537344
-0.36765691
-0.34680988
-0.36241041
-0.34707236
-0.32891357
-0.50530977
-0.48800416
-0.46717045
-0.47565774
-0.46091144
-0.44307148
-0.44647023
-0.43412588
-0.41911909
-0.42494101
-0.40942271
-0.3908489
-0.39877664
-0.38561928
-0.36978595
-0.3731833
-0.36222233
-0.3489618
-0.33887239
-0.32585251
-0.31034083
-0.31718848
-0.30619588
-0.29302279
-0.29608868
-0.28696825
-0.27597604
-0.29522195
-0.27991905
-0.26211302
-0.27751954
-0.2642053
-0.24860876
-0.2603948
-0.24891128
-0.23537093
-0.18105309
-0.17140402
-0.16021232
-0.16993766
-0.16156396
-0.15178289
-0.15921767
-0.15201303
-0.14353976
-0.062997464
-0.059592557
-0.055649738
-0.059083241
-0.056132298
-0.052690427
-0.055314214
-0.052778473
-0.049800122
-0.25870846
-0.25605065
-0.25089302
-0.15821964
-0.15654938
-0.15331085
-0.054973355
-0.054385005
-0.053244717
-0.24008327
-0.23787206
-0.23357131
-0.14659468
-0.14520884
-0.14251541
-0.050892374
-0.050404895
-0.049457816
-0.22219877
-0.22039
-0.2168643
-0.1354669
-0.13433619
-0.13213362
-0.046992216
-0.046595007
-0.045821512
-0.2429229
-0.23321203
-0.22168459
-0.14831336
-0.14223591
-0.13503806
-0.051486356
-0.049350069
-0.04682288
-0.22689992
-0.21872942
-0.20897014
-0.1383425
-0.13324053
-0.12715888
-0.047991438
-0.046200108
-0.044067015
-0.21137498
-0.20461849
-0.1964992
-0.12870808
-0.1244981
-0.11944814
-0.044619209
-0.043142689
-0.041373201
-0.19551008
-0.19011809
-0.18359808
-0.11888954
-0.11553701
-0.11148964
-0.041187341
-0.040012847
-0.038596074
-0.18093839
-0.17672741
-0.17160611
-0.10989516
-0.10728203
-0.10410854
-0.038047789
-0.037133242
-0.036023374
-0.1667991
-0.16366742
-0.1598373
-0.10118939
-0.099249616
-0.096880245
-0.035012842
-0.034334602
-0.033506675
0.041187341
0.040012847
0.038596074
0.11888954
0.11553701
0.11148964
0.19551008
0.19011809
0.18359808
0.038047789
0.037133242
0.036023374
0.10989516
0.10728203
0.10410854
0.18093839
0.17672741
0.17160611
0.035012842
0.034334602
0.033506675
0.10118939
0.099249616
0.096880245
0.1667991
0.16366742
0.1598373
