MFEM mesh v1.0

#
# MFEM Geometry Types (see mesh/geom.hpp):
#
# POINT       = 0
# SEGMENT     = 1
# TRIANGLE    = 2
# SQUARE      = 3
# TETRAHEDRON = 4
# CUBE        = 5
#

dimension
3

elements
7
1 5 8 16 6 4 9 17 7 5
1 5 0 1 10 3 4 6 18 12
1 5 4 6 18 12 5 7 22 14
1 5 12 18 20 11 14 22 24 13
1 5 18 19 21 20 22 23 25 24
1 5 2 0 3 15 8 4 12 26
1 5 8 4 12 26 9 5 14 27

boundary
26
1 3 3 10 1 0
1 3 15 3 0 2
16 3 0 1 6 4
16 3 2 0 4 8
16 3 4 6 16 8
16 3 8 16 17 9
16 3 16 6 7 17
16 3 9 17 7 5
16 3 1 10 18 6
16 3 10 3 12 18
16 3 11 20 18 12
16 3 20 21 19 18
16 3 6 18 22 7
16 3 5 7 22 14
16 3 18 19 23 22
16 3 20 11 13 24
16 3 11 12 14 13
16 3 14 22 24 13
16 3 19 21 25 23
16 3 21 20 24 25
16 3 22 23 25 24
16 3 15 2 8 26
16 3 3 15 26 12
16 3 26 8 9 27
16 3 12 26 27 14
16 3 9 5 14 27

vertices
28

nodes
FiniteElementSpace
FiniteElementCollection: H1_3D_P4
VDim: 3
Ordering: 0

-0.57735027
-0.31000795
-0.67227043
-0.67227043
-0.50518149
-0.4330127
-0.26592163
-0.22368927
-0.57019239
-0.47240707
-0.37298049
-0.59335069
-0.57019239
-0.48603889
-0.47240707
-0.84957113
-0.30722904
-0.24775119
-0.30722904
2.4733362e-19
-0.3224644
-7.3725748e-18
-0.24775119
-5.3329194e-18
-0.25629728
-5.5429836e-18
-0.68827279
-0.54236453
-0.52936069
-0.44639856
-0.35681328
-0.27450123
-0.28926139
-0.30171525
-0.46672901
-0.39031051
-0.30979848
-0.51895855
-0.54232058
-0.56170451
-0.43609876
-0.3642077
-0.28876571
-0.22879749
-0.23744835
-0.24461567
-0.39845788
-0.33097257
-0.26123552
-0.44150297
-0.45572427
-0.46735889
-0.55300856
-0.52078024
-0.48899717
-0.2965368
-0.2767634
-0.25761269
-0.25850013
-0.24458109
-0.23085435
-0.49271987
-0.46909709
-0.44547431
-0.53562341
-0.45112133
-0.36020918
-0.32278198
-0.34512795
-0.36435579
-0.6278812
-0.53501952
-0.4314642
-0.59712124
-0.63106638
-0.65963981
-0.27450123
-0.28926139
-0.30171525
-0.52936069
-0.44639856
-0.35681328
-0.51895855
-0.54232058
-0.56170451
-0.56488866
-0.54126588
-0.5176431
-0.30225771
-0.2877255
-0.27339838
-0.36113607
-0.33926012
-0.31810788
-0.65432542
-0.62067735
-0.58750416
-0.22879749
-0.23744835
-0.24461567
-0.43609876
-0.3642077
-0.28876571
-0.44150297
-0.45572427
-0.46735889
-0.2965368
-0.2767634
-0.25761269
-0.55300856
-0.52078024
-0.48899717
-0.31195018
-0.31857997
-0.32199842
-0.55184515
-0.4667897
-0.37407891
-0.59264872
-0.58748697
-0.57741475
-0.25041783
-0.25413461
-0.25603842
-0.4492025
-0.37588867
-0.29851333
-0.4856287
-0.48260673
-0.47668054
-0.31047167
-0.28840695
-0.26717658
-0.57437618
-0.53892397
-0.50413239
-0.25627281
-0.15665737
-0.054417567
3.7133991e-18
-4.4448054e-18
-2.107418e-18
-0.26924508
-0.16481389
-0.05729151
-0.20603062
-0.12540839
-0.043467228
-2.4326852e-18
-7.9684625e-18
-4.8348641e-18
-0.21326717
-0.1299233
-0.045051695
-6.2346588e-19
-1.1680584e-18
-1.722865e-18
-7.4945409e-18
-6.8770605e-18
-7.7351049e-18
-0.59712124
-0.63106638
-0.65963981
-0.70822101
-0.77112957
-0.82527783
-0.70822101
-0.77112957
-0.82527783
-0.59470673
-0.6368947
-0.67250374
-0.59470673
-0.6368947
-0.67250374
-0.65432542
-0.62067735
-0.58750416
-0.82051496
-0.76684993
-0.71496025
-0.48725134
-0.51239955
-0.5332435
-0.48725134
-0.51239955
-0.5332435
-0.66204309
-0.61353593
-0.56655631
-0.47994278
-0.40205775
-0.31958805
-0.50242182
-0.422147
-0.33639963
-0.52114291
-0.43897996
-0.35055483
-0.51289327
-0.43176726
-0.34461701
-0.48209907
-0.40454392
-0.32202007
-0.45184539
-0.37797121
-0.30008244
-0.29148121
-0.28003783
-0.26643124
-0.27251983
-0.26287626
-0.25134031
-0.25411168
-0.24612485
-0.23651425
-0.30128386
-0.37996074
-0.45489614
-0.28529244
-0.36046079
-0.43251607
-0.26949349
-0.34111577
-0.41020232
-0.50553381
-0.52721639
-0.54516274
-0.48014297
-0.49875865
-0.51409544
-0.45482738
-0.470527
-0.48340205
-0.43125656
-0.35990592
-0.28518538
-0.42011781
-0.3500401
-0.27699329
-0.4065422
-0.33807137
-0.26709061
-0.61552794
-0.52366827
-0.42174123
-0.58766974
-0.49820397
-0.40002382
-0.55473086
-0.46833285
-0.37471292
-0.52368231
-0.44051335
-0.35136805
-0.50109777
-0.4205284
-0.33476634
-0.47858047
-0.40070419
-0.31836818
-0.31425168
-0.3351712
-0.35310887
-0.29830605
-0.31665882
-0.33229368
-0.282648
-0.29860564
-0.31211416
-0.41806085
-0.51922515
-0.61047448
-0.39325467
-0.48985902
-0.57793621
-0.36920602
-0.46122132
-0.54598479
-0.64246372
-0.61558535
-0.58357371
-0.61021076
-0.58641982
-0.5579509
-0.57835327
-0.55748885
-0.53240437
-0.47994278
-0.40205775
-0.31958805
-0.50242182
-0.422147
-0.33639963
-0.52114291
-0.43897996
-0.35055483
-0.26643124
-0.28003783
-0.29148121
-0.25134031
-0.26287626
-0.27251983
-0.23651425
-0.24612485
-0.25411168
-0.34461701
-0.43176726
-0.51289327
-0.32202007
-0.40454392
-0.48209907
-0.30008244
-0.37797121
-0.45184539
-0.54516274
-0.52721639
-0.50553381
-0.51409544
-0.49875865
-0.48014297
-0.48340205
-0.470527
-0.45482738
-0.4065422
-0.33807137
-0.26709061
-0.42011781
-0.3500401
-0.27699329
-0.43125656
-0.35990592
-0.28518538
-0.55116224
-0.46616835
-0.37355141
-0.54614326
-0.46160566
-0.36968063
-0.53636295
-0.45273421
-0.36216784
-0.30086034
-0.30692361
-0.31004621
-0.28038435
-0.28544967
-0.2880526
-0.26059351
-0.26475334
-0.26688643
-0.36042754
-0.45048953
-0.53360195
-0.33525945
-0.42029804
-0.49962501
-0.31097955
-0.39099869
-0.46641834
-0.57372932
-0.56897123
-0.55967856
-0.53837604
-0.53434305
-0.52645361
-0.5036764
-0.50031807
-0.49373779
-0.44020226
-0.36785939
-0.29180896
-0.44589941
-0.37293873
-0.29604809
-0.4488076
-0.3755358
-0.29821831
-0.26884793
-0.16456385
-0.05720335
-0.26593524
-0.16273068
-0.056557115
-0.26028995
-0.15918085
-0.05530629
-0.24721777
-0.1510053
-0.052433323
-0.23049878
-0.14059278
-0.048782057
-0.21433924
-0.13055732
-0.045268158
-6.7757341e-19
-3.5779991e-18
-2.2632191e-18
-5.1347137e-18
-1.9618607e-18
-5.4049172e-18
-3.5812553e-18
-4.5953655e-18
-7.043926e-18
-0.055053577
-0.15844734
-0.25907068
-0.050958781
-0.14678344
-0.24038436
-0.047046277
-0.13562078
-0.22244486
-0.20828759
-0.12681563
-0.043960928
-0.21143496
-0.12877939
-0.044650111
-0.21304783
-0.12978633
-0.045003606
-0.80266349
-0.7521652
-0.69333656
-0.7521652
-0.70963766
-0.65977922
-0.69333656
-0.65977922
-0.62011882
-0.64246372
-0.61558535
-0.58357371
-0.61021076
-0.58641982
-0.5579509
-0.57835327
-0.55748885
-0.53240437
-0.68816517
-0.74720572
-0.7978477
-0.65067493
-0.70272461
-0.74708153
-0.61386084
-0.65934685
-0.69786565
-0.7978477
-0.74720572
-0.68816517
-0.74708153
-0.70272461
-0.65067493
-0.69786565
-0.65934685
-0.61386084
-0.58476185
-0.56211294
-0.5349304
-0.62437531
-0.59597986
-0.56211294
-0.65774542
-0.62437531
-0.58476185
-0.57573314
-0.61473255
-0.64754393
-0.5402524
-0.57349714
-0.60129899
-0.50539442
-0.53324724
-0.55640335
-0.64754393
-0.61473255
-0.57573314
-0.60129899
-0.57349714
-0.5402524
-0.55640335
-0.53324724
-0.50539442
-0.48136214
-0.46781941
-0.45132243
-0.50505703
-0.48822494
-0.46781941
-0.52466922
-0.50505703
-0.48136214
-0.50530977
-0.42494101
-0.33887239
-0.48800416
-0.40942271
-0.32585251
-0.46717045
-0.3908489
-0.31034083
-0.47565774
-0.39877664
-0.31718848
-0.46091144
-0.38561928
-0.30619588
-0.44307148
-0.36978595
-0.29302279
-0.44647023
-0.3731833
-0.29608868
-0.43412588
-0.36222233
-0.28696825
-0.41911909
-0.3489618
-0.27597604
-0.54171615
-0.45672011
-0.36499811
-0.57273258
-0.48477477
-0.38871693
-0.59889421
-0.508618
-0.40900023
-0.51716093
-0.43490161
-0.34680988
-0.544668
-0.45966172
-0.36765691
-0.56775224
-0.48058561
-0.38537344
-0.49275648
-0.41333483
-0.32891357
-0.51692722
-0.43498899
-0.34707236
-0.53711009
-0.45318612
-0.36241041
-0.46717045
-0.3908489
-0.31034083
-0.48800416
-0.40942271
-0.32585251
-0.50530977
-0.42494101
-0.33887239
-0.44307148
-0.36978595
-0.29302279
-0.46091144
-0.38561928
-0.30619588
-0.47565774
-0.39877664
-0.31718848
-0.41911909
-0.3489618
-0.27597604
-0.43412588
-0.36222233
-0.28696825
-0.44647023
-0.3731833
-0.29608868
-0.51934883
-0.43759077
-0.34952621
-0.52835597
-0.44573542
-0.35640517
-0.53297384
-0.44991991
-0.35994532
-0.48757248
-0.40945418
-0.32614005
-0.4951941
-0.41630644
-0.33189929
-0.4990948
-0.41982009
-0.33485691
-0.45640473
-0.38203968
-0.30348081
-0.46274118
-0.38770503
-0.30822029
-0.46597858
-0.39060457
-0.31064922
-0.25089302
-0.15331085
-0.053244717
-0.25605065
-0.15654938
-0.054385005
-0.25870846
-0.15821964
-0.054973355
-0.23357131
-0.14251541
-0.049457816
-0.23787206
-0.14520884
-0.050404895
-0.24008327
-0.14659468
-0.050892374
-0.2168643
-0.13213362
-0.045821512
-0.22039
-0.13433619
-0.046595007
-0.22219877
-0.1354669
-0.046992216
-0.67420215
-0.64266612
-0.60529423
-0.72945518
-0.68956937
-0.64266612
-0.77672593
-0.72945518
-0.67420215
-0.63837835
-0.61051328
-0.57732426
-0.6871559
-0.652041
-0.61051328
-0.72862758
-0.6871559
-0.63837835
-0.60312952
-0.57873139
-0.54952602
-0.6458116
-0.61517064
-0.57873139
-0.68188046
-0.6458116
-0.60312952
-0.56654839
-0.54559501
-0.52038189
-0.60319131
-0.57696496
-0.54559501
-0.63396282
-0.60319131
-0.56654839
-0.53243852
-0.51455559
-0.49293162
-0.56371075
-0.54139366
-0.51455559
-0.58981969
-0.56371075
-0.53243852
-0.49886301
-0.48386809
-0.46564831
-0.52509184
-0.50642978
-0.48386809
-0.54686566
-0.52509184
-0.49886301
0.57735027
0.67227043
0.31000795
0.67227043
0.50518149
0.4330127
0.57019239
0.47240707
0.26592163
0.22368927
0.84957113
0.59335069
0.57019239
0.48603889
0.47240707
0.37298049
0.30722904
0.24775119
0.68827279
0.73185567
0.73185567
0.7835347
0.54236453
0.56723152
0.56723152
0.59630391
0.30722904
0.24775119
0.27450123
0.28926139
0.30171525
0.52936069
0.44639856
0.35681328
0.51895855
0.54232058
0.56170451
0.46672901
0.39031051
0.30979848
0.22879749
0.23744835
0.24461567
0.43609876
0.3642077
0.28876571
0.44150297
0.45572427
0.46735889
0.39845788
0.33097257
0.26123552
0.25850013
0.24458109
0.23085435
0.2965368
0.2767634
0.25761269
0.55300856
0.52078024
0.48899717
0.49271987
0.46909709
0.44547431
0.59712124
0.63106638
0.65963981
0.70822101
0.77112957
0.82527783
0.70822101
0.77112957
0.82527783
0.59712124
0.63106638
0.65963981
0.59470673
0.6368947
0.67250374
0.59470673
0.6368947
0.67250374
0.51895855
0.54232058
0.56170451
0.56488866
0.54126588
0.5176431
0.65432542
0.62067735
0.58750416
0.82051496
0.76684993
0.71496025
0.65432542
0.62067735
0.58750416
0.48725134
0.51239955
0.5332435
0.48725134
0.51239955
0.5332435
0.44150297
0.45572427
0.46735889
0.66204309
0.61353593
0.56655631
0.55300856
0.52078024
0.48899717
0.70177661
0.72074224
0.73052242
0.62192553
0.67132121
0.71323188
0.59264872
0.58748697
0.57741475
0.55012271
0.56093773
0.56647815
0.50319416
0.53234703
0.55659596
0.4856287
0.48260673
0.47668054
0.70201769
0.64712055
0.59429927
0.57437618
0.53892397
0.50413239
0.70177661
0.72074224
0.73052242
0.74783558
0.77032793
0.78194926
0.74783558
0.77032793
0.78194926
0.55012271
0.56093773
0.56647815
0.57628973
0.58893516
0.5954215
0.57628973
0.58893516
0.5954215
0.70201769
0.64712055
0.59429927
0.74929192
0.68664807
0.62680617
0.53562341
0.45112133
0.36020918
0.6278812
0.53501952
0.4314642
0.32278198
0.34512795
0.36435579
0.52936069
0.44639856
0.35681328
0.27450123
0.28926139
0.30171525
0.30225771
0.2877255
0.27339838
0.36113607
0.33926012
0.31810788
0.43609876
0.3642077
0.28876571
0.22879749
0.23744835
0.24461567
0.2965368
0.2767634
0.25761269
0.47994278
0.50242182
0.52114291
0.40205775
0.422147
0.43897996
0.31958805
0.33639963
0.35055483
0.26643124
0.28003783
0.29148121
0.25134031
0.26287626
0.27251983
0.23651425
0.24612485
0.25411168
0.34461701
0.43176726
0.51289327
0.32202007
0.40454392
0.48209907
0.30008244
0.37797121
0.45184539
0.54516274
0.52721639
0.50553381
0.51409544
0.49875865
0.48014297
0.48340205
0.470527
0.45482738
0.45489614
0.37996074
0.30128386
0.43251607
0.36046079
0.28529244
0.41020232
0.34111577
0.26949349
0.26709061
0.27699329
0.28518538
0.33807137
0.3500401
0.35990592
0.4065422
0.42011781
0.43125656
0.69333656
0.7521652
0.80266349
0.65977922
0.70963766
0.7521652
0.62011882
0.65977922
0.69333656
0.58357371
0.61558535
0.64246372
0.5579509
0.58641982
0.61021076
0.53240437
0.55748885
0.57835327
0.68816517
0.74720572
0.7978477
0.65067493
0.70272461
0.74708153
0.61386084
0.65934685
0.69786565
0.7978477
0.74720572
0.68816517
0.74708153
0.70272461
0.65067493
0.69786565
0.65934685
0.61386084
0.64246372
0.61558535
0.58357371
0.61021076
0.58641982
0.5579509
0.57835327
0.55748885
0.53240437
0.5349304
0.56211294
0.58476185
0.56211294
0.59597986
0.62437531
0.58476185
0.62437531
0.65774542
0.57573314
0.61473255
0.64754393
0.5402524
0.57349714
0.60129899
0.50539442
0.53324724
0.55640335
0.64754393
0.61473255
0.57573314
0.60129899
0.57349714
0.5402524
0.55640335
0.53324724
0.50539442
0.54516274
0.52721639
0.50553381
0.51409544
0.49875865
0.48014297
0.48340205
0.470527
0.45482738
0.45132243
0.46781941
0.48136214
0.46781941
0.48822494
0.50505703
0.48136214
0.50505703
0.52466922
0.62109864
0.67027185
0.71198729
0.61502184
0.66256691
0.70285493
0.60318202
0.64758889
0.68513266
0.67444436
0.69183807
0.70079696
0.62397882
0.63858938
0.64609826
0.57520191
0.5872689
0.59345743
0.68493468
0.64640067
0.6008228
0.63276506
0.60024236
0.56152014
0.58243653
0.555448
0.5231085
0.57372932
0.56897123
0.55967856
0.53837604
0.53434305
0.52645361
0.5036764
0.50031807
0.49373779
0.492243
0.518634
0.54053292
0.49917463
0.52730812
0.5506888
0.50271358
0.53174422
0.55588899
0.74642532
0.76880781
0.7803717
0.73608266
0.75766307
0.76880781
0.71603851
0.73608266
0.74642532
0.67444436
0.69183807
0.70079696
0.62397882
0.63858938
0.64609826
0.57520191
0.5872689
0.59345743
0.71665585
0.73722887
0.74784444
0.65939112
0.67658939
0.6854421
0.60441501
0.6185558
0.62581778
0.74784444
0.73722887
0.71665585
0.6854421
0.67658939
0.65939112
0.62581778
0.6185558
0.60441501
0.55828301
0.56966385
0.5754965
0.56966385
0.58184138
0.58808576
0.5754965
0.58808576
0.59454305
0.42174123
0.52366827
0.61552794
0.40002382
0.49820397
0.58766974
0.37471292
0.46833285
0.55473086
0.35136805
0.44051335
0.52368231
0.33476634
0.4205284
0.50109777
0.31836818
0.40070419
0.47858047
0.61047448
0.51922515
0.41806085
0.57793621
0.48985902
0.39325467
0.54598479
0.46122132
0.36920602
0.35310887
0.3351712
0.31425168
0.33229368
0.31665882
0.29830605
0.31211416
0.29860564
0.282648
0.31958805
0.40205775
0.47994278
0.33639963
0.422147
0.50242182
0.35055483
0.43897996
0.52114291
0.51289327
0.43176726
0.34461701
0.48209907
0.40454392
0.32202007
0.45184539
0.37797121
0.30008244
0.29148121
0.28003783
0.26643124
0.27251983
0.26287626
0.25134031
0.25411168
0.24612485
0.23651425
0.26709061
0.33807137
0.4065422
0.27699329
0.3500401
0.42011781
0.28518538
0.35990592
0.43125656
0.31034083
0.32585251
0.33887239
0.3908489
0.40942271
0.42494101
0.46717045
0.48800416
0.50530977
0.29302279
0.30619588
0.31718848
0.36978595
0.38561928
0.39877664
0.44307148
0.46091144
0.47565774
0.27597604
0.28696825
0.29608868
0.3489618
0.36222233
0.3731833
0.41911909
0.43412588
0.44647023
0.60529423
0.64266612
0.67420215
0.64266612
0.68956937
0.72945518
0.67420215
0.72945518
0.77672593
0.57732426
0.61051328
0.63837835
0.61051328
0.652041
0.6871559
0.63837835
0.6871559
0.72862758
0.54952602
0.57873139
0.60312952
0.57873139
0.61517064
0.6458116
0.60312952
0.6458116
0.68188046
0.52038189
0.54559501
0.56654839
0.54559501
0.57696496
0.60319131
0.56654839
0.60319131
0.63396282
0.49293162
0.51455559
0.53243852
0.51455559
0.54139366
0.56371075
0.53243852
0.56371075
0.58981969
0.46564831
0.48386809
0.49886301
0.48386809
0.50642978
0.52509184
0.49886301
0.52509184
0.54686566
0.5835531
0.62458064
0.6591519
0.59446589
0.63835733
0.67542038
0.60006164
0.64543687
0.683794
0.54689324
0.5818312
0.61108928
0.55614224
0.59346429
0.62477749
0.56087659
0.59943071
0.6318081
0.51093552
0.54017886
0.56452061
0.51863789
0.54983367
0.57584339
0.52257383
0.55477613
0.58164718
0.68753177
0.70589967
0.71536573
0.70589967
0.7256523
0.73583997
0.71536573
0.73583997
0.74640402
0.63498425
0.65039059
0.65831241
0.65039059
0.6669237
0.67543069
0.65831241
0.67543069
0.68424181
0.5843015
0.59700843
0.60352799
0.59700843
0.61061811
0.61760498
0.60352799
0.61760498
0.62483391
0.36499811
0.45672011
0.54171615
0.38871693
0.48477477
0.57273258
0.40900023
0.508618
0.59889421
0.34680988
0.43490161
0.51716093
0.36765691
0.45966172
0.544668
0.38537344
0.48058561
0.56775224
0.32891357
0.41333483
0.49275648
0.34707236
0.43498899
0.51692722
0.36241041
0.45318612
0.53711009
0.31034083
0.3908489
0.46717045
0.32585251
0.40942271
0.48800416
0.33887239
0.42494101
0.50530977
0.29302279
0.36978595
0.44307148
0.30619588
0.38561928
0.46091144
0.31718848
0.39877664
0.47565774
0.27597604
0.3489618
0.41911909
0.28696825
0.36222233
0.43412588
0.29608868
0.3731833
0.44647023
-0.57735027
-0.67227043
-0.67227043
-0.31000795
-0.50518149
-0.4330127
-0.57019239
-0.47240707
-0.57019239
-0.47240707
-0.37298049
2.9273459e-18
-0.26592163
5.0957502e-18
-0.22368927
-0.37298049
-0.68827279
-0.54236453
-0.30722904
-0.3224644
6.0986372e-18
-6.9117888e-18
-0.24775119
-0.25629728
-7.3251409e-18
1.9380114e-18
-0.30722904
-0.24775119
-0.59470673
-0.6368947
-0.67250374
-0.59470673
-0.6368947
-0.67250374
-0.51895855
-0.54232058
-0.56170451
-0.51895855
-0.54232058
-0.56170451
-0.48725134
-0.51239955
-0.5332435
-0.48725134
-0.51239955
-0.5332435
-0.44150297
-0.45572427
-0.46735889
-0.44150297
-0.45572427
-0.46735889
-0.55300856
-0.52078024
-0.48899717
-0.66204309
-0.61353593
-0.56655631
-0.55300856
-0.52078024
-0.48899717
-0.49271987
-0.46909709
-0.44547431
-0.59712124
-0.63106638
-0.65963981
-0.6278812
-0.53501952
-0.4314642
-0.32278198
-0.34512795
-0.36435579
-0.53562341
-0.45112133
-0.36020918
-0.52936069
-0.44639856
-0.35681328
-0.27450123
-0.28926139
-0.30171525
-0.46672901
-0.39031051
-0.30979848
-0.56488866
-0.54126588
-0.5176431
-0.65432542
-0.62067735
-0.58750416
-0.36113607
-0.33926012
-0.31810788
-0.30225771
-0.2877255
-0.27339838
-0.43609876
-0.3642077
-0.28876571
-0.22879749
-0.23744835
-0.24461567
-0.39845788
-0.33097257
-0.26123552
-0.2965368
-0.2767634
-0.25761269
-0.25850013
-0.24458109
-0.23085435
-0.25627281
-0.15665737
-0.054417567
2.4821639e-18
3.1539272e-18
5.3600245e-18
-0.046712443
-0.13473355
-0.22122909
-0.20603062
-0.12540839
-0.043467228
-5.6670475e-18
-5.1067616e-18
4.9009326e-18
-0.03904111
-0.11277388
-0.18570841
-9.0196204e-18
-5.91229e-19
-1.8465318e-19
2.602297e-18
3.9166803e-18
-1.6805134e-18
-0.31195018
-0.31857997
-0.32199842
-0.26924508
-0.16481389
-0.05729151
1.6147882e-17
-5.6797794e-18
7.8503014e-18
-0.25041783
-0.25413461
-0.25603842
-0.21326717
-0.1299233
-0.045051695
5.7492825e-18
4.3939834e-18
4.5028271e-18
-0.31047167
-0.28840695
-0.26717658
1.470434e-17
4.6730808e-18
4.2724342e-18
-0.59712124
-0.63106638
-0.65963981
-0.32278198
-0.34512795
-0.36435579
-0.6278812
-0.53501952
-0.4314642
-0.27450123
-0.28926139
-0.30171525
-0.52936069
-0.44639856
-0.35681328
-0.65432542
-0.62067735
-0.58750416
-0.36113607
-0.33926012
-0.31810788
-0.22879749
-0.23744835
-0.24461567
-0.43609876
-0.3642077
-0.28876571
-0.2965368
-0.2767634
-0.25761269
-0.5349304
-0.56211294
-0.58476185
-0.56211294
-0.59597986
-0.62437531
-0.58476185
-0.62437531
-0.65774542
-0.57573314
-0.61473255
-0.64754393
-0.5402524
-0.57349714
-0.60129899
-0.50539442
-0.53324724
-0.55640335
-0.64754393
-0.61473255
-0.57573314
-0.60129899
-0.57349714
-0.5402524
-0.55640335
-0.53324724
-0.50539442
-0.54516274
-0.52721639
-0.50553381
-0.51409544
-0.49875865
-0.48014297
-0.48340205
-0.470527
-0.45482738
-0.50553381
-0.52721639
-0.54516274
-0.48014297
-0.49875865
-0.51409544
-0.45482738
-0.470527
-0.48340205
-0.48136214
-0.50505703
-0.52466922
-0.46781941
-0.48822494
-0.50505703
-0.45132243
-0.46781941
-0.48136214
-0.37471292
-0.40002382
-0.42174123
-0.46833285
-0.49820397
-0.52366827
-0.55473086
-0.58766974
-0.61552794
-0.58357371
-0.61558535
-0.64246372
-0.5579509
-0.58641982
-0.61021076
-0.53240437
-0.55748885
-0.57835327
-0.61047448
-0.51922515
-0.41806085
-0.57793621
-0.48985902
-0.39325467
-0.54598479
-0.46122132
-0.36920602
-0.35310887
-0.3351712
-0.31425168
-0.33229368
-0.31665882
-0.29830605
-0.31211416
-0.29860564
-0.282648
-0.35136805
-0.44051335
-0.52368231
-0.33476634
-0.4205284
-0.50109777
-0.31836818
-0.40070419
-0.47858047
-0.47994278
-0.50242182
-0.52114291
-0.40205775
-0.422147
-0.43897996
-0.31958805
-0.33639963
-0.35055483
-0.51289327
-0.43176726
-0.34461701
-0.48209907
-0.40454392
-0.32202007
-0.45184539
-0.37797121
-0.30008244
-0.29148121
-0.28003783
-0.26643124
-0.27251983
-0.26287626
-0.25134031
-0.25411168
-0.24612485
-0.23651425
-0.30128386
-0.37996074
-0.45489614
-0.28529244
-0.36046079
-0.43251607
-0.26949349
-0.34111577
-0.41020232
-0.4065422
-0.42011781
-0.43125656
-0.33807137
-0.3500401
-0.35990592
-0.26709061
-0.27699329
-0.28518538
-0.048302401
-0.051050476
-0.05338174
-0.13926427
-0.14708688
-0.15371483
-0.22849233
-0.24100674
-0.2515843
-0.24721777
-0.1510053
-0.052433323
-0.23049878
-0.14059278
-0.048782057
-0.21433924
-0.13055732
-0.045268158
6.4479457e-18
1.0566667e-17
1.3722545e-17
-3.0250723e-18
4.5672811e-18
7.1343463e-18
1.8931186e-18
5.3470014e-18
1.0066676e-17
-0.045356276
-0.13085675
-0.21497499
-0.042822107
-0.12360635
-0.20325928
-0.040334793
-0.11648226
-0.1917231
-0.19001621
-0.19731955
-0.20337802
-0.11544658
-0.11998457
-0.12375551
-0.03997644
-0.041565734
-0.042887532
-0.05530629
-0.056557115
-0.05720335
-0.15918085
-0.16273068
-0.16456385
-0.26028995
-0.26593524
-0.26884793
-0.30086034
-0.30692361
-0.31004621
-0.28038435
-0.28544967
-0.2880526
-0.26059351
-0.26475334
-0.26688643
-0.25907068
-0.15844734
-0.055053577
-0.24038436
-0.14678344
-0.050958781
-0.22244486
-0.13562078
-0.047046277
-3.523078e-18
2.2796713e-18
-2.4264292e-18
9.0081954e-19
6.1134338e-18
-3.7600144e-18
-2.3344228e-18
5.1141732e-18
5.4685671e-18
-0.20828759
-0.21143496
-0.21304783
-0.12681563
-0.12877939
-0.12978633
-0.043960928
-0.044650111
-0.045003606
-0.42174123
-0.40002382
-0.37471292
-0.52366827
-0.49820397
-0.46833285
-0.61552794
-0.58766974
-0.55473086
-0.64246372
-0.61558535
-0.58357371
-0.61021076
-0.58641982
-0.5579509
-0.57835327
-0.55748885
-0.53240437
-0.31425168
-0.3351712
-0.35310887
-0.29830605
-0.31665882
-0.33229368
-0.282648
-0.29860564
-0.31211416
-0.41806085
-0.51922515
-0.61047448
-0.39325467
-0.48985902
-0.57793621
-0.36920602
-0.46122132
-0.54598479
-0.52114291
-0.50242182
-0.47994278
-0.43897996
-0.422147
-0.40205775
-0.35055483
-0.33639963
-0.31958805
-0.26643124
-0.28003783
-0.29148121
-0.25134031
-0.26287626
-0.27251983
-0.23651425
-0.24612485
-0.25411168
-0.34461701
-0.43176726
-0.51289327
-0.32202007
-0.40454392
-0.48209907
-0.30008244
-0.37797121
-0.45184539
-0.43125656
-0.42011781
-0.4065422
-0.35990592
-0.3500401
-0.33807137
-0.28518538
-0.27699329
-0.26709061
-0.56654839
-0.60319131
-0.63396282
-0.54559501
-0.57696496
-0.60319131
-0.52038189
-0.54559501
-0.56654839
-0.53243852
-0.56371075
-0.58981969
-0.51455559
-0.54139366
-0.56371075
-0.49293162
-0.51455559
-0.53243852
-0.49886301
-0.52509184
-0.54686566
-0.48386809
-0.50642978
-0.52509184
-0.46564831
-0.48386809
-0.49886301
-0.54171615
-0.57273258
-0.59889421
-0.45672011
-0.48477477
-0.508618
-0.36499811
-0.38871693
-0.40900023
-0.51716093
-0.544668
-0.56775224
-0.43490161
-0.45966172
-0.48058561
-0.34680988
-0.36765691
-0.38537344
-0.49275648
-0.51692722
-0.53711009
-0.41333483
-0.43498899
-0.45318612
-0.32891357
-0.34707236
-0.36241041
-0.46717045
-0.48800416
-0.50530977
-0.3908489
-0.40942271
-0.42494101
-0.31034083
-0.32585251
-0.33887239
-0.44307148
-0.46091144
-0.47565774
-0.36978595
-0.38561928
-0.39877664
-0.29302279
-0.30619588
-0.31718848
-0.41911909
-0.43412588
-0.44647023
-0.3489618
-0.36222233
-0.3731833
-0.27597604
-0.28696825
-0.29608868
-0.22168459
-0.23321203
-0.2429229
-0.13503806
-0.14223591
-0.14831336
-0.04682288
-0.049350069
-0.051486356
-0.20897014
-0.21872942
-0.22689992
-0.12715888
-0.13324053
-0.1383425
-0.044067015
-0.046200108
-0.047991438
-0.1964992
-0.20461849
-0.21137498
-0.11944814
-0.1244981
-0.12870808
-0.041373201
-0.043142689
-0.044619209
-0.25089302
-0.25605065
-0.25870846
-0.15331085
-0.15654938
-0.15821964
-0.053244717
-0.054385005
-0.054973355
-0.23357131
-0.23787206
-0.24008327
-0.14251541
-0.14520884
-0.14659468
-0.049457816
-0.050404895
-0.050892374
-0.2168643
-0.22039
-0.22219877
-0.13213362
-0.13433619
-0.1354669
-0.045821512
-0.046595007
-0.046992216
-0.59889421
-0.57273258
-0.54171615
-0.508618
-0.48477477
-0.45672011
-0.40900023
-0.38871693
-0.36499811
-0.56775224
-0.544668
-0.51716093
-0.48058561
-0.45966172
-0.43490161
-0.38537344
-0.36765691
-0.34680988
-0.53711009
-0.51692722
-0.49275648
-0.45318612
-0.43498899
-0.41333483
-0.36241041
-0.34707236
-0.32891357
-0.50530977
-0.48800416
-0.46717045
-0.42494101
-0.40942271
-0.3908489
-0.33887239
-0.32585251
-0.31034083
-0.47565774
-0.46091144
-0.44307148
-0.39877664
-0.38561928
-0.36978595
-0.31718848
-0.30619588
-0.29302279
-0.44647023
-0.43412588
-0.41911909
-0.3731833
-0.36222233
-0.3489618
-0.29608868
-0.28696825
-0.27597604
