MFEM mesh v1.0

#
# MFEM Geometry Types (see mesh/geom.hpp):
#
# POINT       = 0
# SEGMENT     = 1
# TRIANGLE    = 2
# SQUARE      = 3
# TETRAHEDRON = 4
# CUBE        = 5
#

dimension
3

elements
6
1 5 17 18 20 19 21 22 24 23
1 5 18 10 11 20 22 12 13 24
1 5 20 11 5 14 24 13 6 15
1 5 22 12 13 24 9 3 4 8
1 5 23 24 15 16 7 8 1 2
1 5 24 13 6 15 8 4 0 1

boundary
24
38 3 9 3 4 8
38 3 7 8 1 2
38 3 8 4 0 1
38 3 19 20 18 17
38 3 20 11 10 18
38 3 14 5 11 20
38 3 17 18 22 21
38 3 18 10 12 22
38 3 19 17 21 23
38 3 20 19 23 24
38 3 21 22 24 23
38 3 10 11 13 12
38 3 14 20 24 15
38 3 16 15 24 23
38 3 11 5 6 13
38 3 5 14 15 6
38 3 22 12 3 9
38 3 24 22 9 8
38 3 23 24 8 7
38 3 12 13 4 3
38 3 16 23 7 2
38 3 15 16 2 1
38 3 13 6 0 4
38 3 6 15 1 0

vertices
25

nodes
FiniteElementSpace
FiniteElementCollection: H1_3D_P4
VDim: 3
Ordering: 0

0.25513258
0.13464912
0
0.11108439
0.1716001
0.42586599
0.34303776
1.0842022e-18
0.11052157
0.093042196
0.13575486
0.34802459
0.12307986
0.24764874
0.22229806
0.17834803
-1.3010426e-18
-5.5429836e-18
0.10703716
-3.496552e-18
0.20621024
-1.8295912e-18
0.099661134
-1.2739376e-18
0.14907545
0.045051695
0.091240412
0.1016584
0.11253141
0.14653832
0.18875734
0.043467228
0.11586371
0.17599419
-5.4345502e-18
-3.5575384e-19
-4.7772658e-18
0.034353612
0.087410742
0.095458421
0.1018375
0.11628531
0.13783887
0.033696021
0.092675488
0.12994856
-2.0329055e-18
-4.2758223e-18
-2.1955094e-18
-6.7623802e-18
-4.0513586e-18
-2.7172817e-18
0.10570384
0.10324662
0.10087724
0.19513688
0.17546488
0.15766595
-4.7430404e-18
-3.2797116e-18
-2.8866883e-18
0.13115031
0.12198608
0.11231417
0.14620981
0.21332047
0.30505112
0.32848659
0.28530396
0.23507761
0.11917393
0.11159766
0.1038263
0.12828767
0.16337745
0.21783141
0.23247936
0.20140429
0.16771491
0.13351519
0.12932886
0.12521837
0.32915491
0.29506258
0.26335265
0.42849669
0.41952128
0.38206707
0.39291034
0.32760198
0.25928958
0.22600691
0.22809576
0.2183821
0.33738183
0.31496836
0.27499429
0.31581277
0.26263594
0.20779901
0.17769033
0.17197081
0.15890374
0.41202742
0.3852713
0.35780509
0.21478456
0.20045933
0.18601087
0.10796899
0.10206329
0.096157599
0.11327701
0.12865254
0.1551505
0.16105348
0.14106084
0.1210682
0.10577027
0.098116585
0.093675514
0.094136148
0.096264506
0.098467542
0.11310954
0.11700064
0.12096158
0.18287465
0.20638728
0.2326811
0.11583168
0.12741862
0.14105251
0.14861194
0.091657954
0.031789198
2.0599841e-18
-9.8933448e-19
-5.9631119e-19
0.024923225
0.072168784
0.099974952
0.13157777
0.12425001
0.11541517
0.11384486
0.072168784
0.024923225
-1.7347235e-18
-1.6263033e-18
2.1667103e-18
7.5894152e-19
-1.7618285e-18
-8.1336339e-19
0.14194135
0.15617383
0.1706731
-2.6020852e-18
-1.8431437e-18
1.3027367e-18
0.24449919
0.2191296
0.18854233
0.23432832
0.19489085
0.15545338
0.27040172
0.29938498
0.32809582
0.043960928
0.11210729
0.16324974
0.044650111
0.10173447
0.13168573
0.045003606
0.09273065
0.10585522
0.04310288
0.090544014
0.10053487
0.039528735
0.089265387
0.098467516
0.036103573
0.088038323
0.09647803
0.11045134
0.14023718
0.17855303
0.10679493
0.12959612
0.16082577
0.10347168
0.12051099
0.1452235
0.16698022
0.11111555
0.041701345
0.15105961
0.10294779
0.038446466
0.13678343
0.095917373
0.035307387
-7.8575541e-19
-8.4499031e-18
-4.2823074e-18
-2.2963063e-18
-2.8357604e-18
-7.548756e-18
-2.3852448e-18
-1.9769749e-18
-6.871118e-18
0.034333841
0.087676918
0.096995275
0.034188151
0.089384819
0.10716565
0.033902291
0.091675206
0.12220398
0.2129586
0.2545423
0.28954314
0.16056377
0.18449365
0.20448174
0.11899318
0.13055504
0.14109502
0.11078437
0.12012632
0.12902376
0.10795985
0.1166781
0.1250608
0.1052299
0.11332737
0.12118466
0.14286736
0.20344669
0.28823946
0.13682866
0.18621119
0.25835813
0.13114976
0.17080854
0.23112403
0.31035255
0.26931883
0.22211423
0.27767324
0.24064713
0.19899118
0.24740762
0.21430199
0.17793611
0.10661445
0.11545383
0.12395673
0.12517098
0.14123733
0.15609348
0.15304799
0.18045116
0.20560453
0.26324321
0.33160035
0.39624531
0.26444535
0.33009288
0.39036356
0.2508724
0.30818873
0.35866594
0.36249053
0.40133015
0.41314801
0.32649422
0.36687754
0.3835765
0.29224509
0.33273203
0.35344848
0.38000199
0.31666198
0.25054332
0.35508158
0.29562093
0.2338081
0.32953617
0.27414202
0.21683987
0.21770065
0.21816273
0.20725163
0.2018909
0.19951906
0.18703148
0.18603591
0.18130882
0.16819528
0.18066532
0.22018638
0.25692795
0.19824967
0.24648576
0.29213737
0.20648881
0.25987698
0.31126327
0.10244706
0.10989337
0.11718617
0.099897148
0.10673044
0.11347976
0.097428468
0.10365323
0.10985194
0.12551192
0.15640052
0.20527887
0.1204715
0.14435093
0.18349392
0.11569729
0.13372767
0.164282
0.21829644
0.18922319
0.1581257
0.19351108
0.16814256
0.14171003
0.17152321
0.14971842
0.12760043
0.13102558
0.11241839
0.10027769
0.11962466
0.1059856
0.097505846
0.1100959
0.10059342
0.094948372
0.097060167
0.10347626
0.10989236
0.10338932
0.11338456
0.1233798
0.11429691
0.13046038
0.14662386
0.032200999
0.092582584
0.14854473
0.032889719
0.093598422
0.14523227
0.033452217
0.093355805
0.13663227
0.032114341
0.089754903
0.12360512
0.029194637
0.084467873
0.11293433
0.026373453
0.076346986
0.1040075
0.15010081
0.16287817
0.16939127
0.13484977
0.14649049
0.15391807
0.12158713
0.13149469
0.13905095
0.14239459
0.088295947
0.030576941
0.13076119
0.081932164
0.02830992
0.11951916
0.075512649
0.026082573
3.2534536e-18
2.4387137e-18
1.0842022e-19
3.469447e-18
-1.3688052e-18
0
8.6736174e-19
3.9573379e-18
1.7355705e-18
0.024923225
0.072168784
0.10278808
0.024923225
0.072168784
0.10786685
0.024923225
0.072168784
0.11207927
0.25836669
0.29745563
0.32123926
0.22870373
0.26518086
0.29059578
0.20167447
0.23450713
0.26023594
0.30193436
0.25102274
0.19871084
0.27529107
0.2288
0.18143594
0.24844274
0.20653012
0.16431058
0.12804227
0.15197875
0.17591523
0.14063317
0.17168981
0.20274644
0.15107627
0.18803848
0.2250007
0.043060415
0.091738398
0.10412432
0.042748127
0.099054421
0.12652981
0.042138575
0.10779164
0.15494008
0.039496047
0.090005676
0.10109068
0.039255456
0.094645569
0.11787562
0.038784849
0.1005275
0.14059171
0.036079598
0.08844228
0.098343135
0.035902999
0.091019644
0.11054957
0.035556856
0.094435704
0.12807871
0.11659821
0.12766954
0.13786978
0.15325459
0.17570216
0.19481766
0.20104523
0.2399899
0.2732535
0.11237328
0.12253744
0.13207652
0.14084386
0.16062174
0.17805584
0.18025314
0.21440707
0.24441494
0.10851668
0.11780503
0.12666803
0.13016731
0.14746458
0.16320732
0.16182451
0.1914786
0.21828922
0.23782028
0.2919599
0.34001162
0.25280484
0.31549014
0.37325955
0.25355084
0.31944968
0.38191158
0.2140225
0.26224348
0.30575759
0.2308784
0.28788194
0.3408746
0.23503407
0.2961258
0.3543197
0.19172419
0.23419577
0.27325354
0.20934573
0.26061391
0.30880342
0.21636333
0.27245919
0.32623239
0.10479534
0.11319481
0.12133644
0.12057913
0.13546864
0.14944703
0.14491246
0.17015271
0.19367337
0.10155453
0.10914498
0.11660123
0.11289223
0.12569918
0.13805005
0.13119799
0.15258766
0.17309429
0.098555628
0.10536906
0.11214285
0.10639394
0.11731053
0.12809846
0.11960861
0.13748556
0.15510813
0.031918549
0.090088331
0.12966024
0.031465955
0.090020883
0.1379815
0.030910145
0.08907747
0.14186023
0.029082793
0.084147523
0.11770517
0.028823335
0.083404136
0.12504716
0.028502938
0.0824857
0.12952103
0.026336944
0.076242327
0.10747656
0.026251958
0.075998632
0.11340461
0.026146444
0.075695943
0.11785445
0.17014284
0.20677876
0.24123005
0.18740246
0.23261151
0.2757256
0.1966324
0.24726666
0.29623155
0.15178214
0.18315253
0.21334259
0.16772155
0.20723605
0.24555041
0.17813882
0.22344106
0.26772972
0.13563481
0.16204679
0.18810215
0.14951755
0.18344932
0.21699688
0.16018757
0.2000467
0.23956053
0.28867513
0.28867513
0.28867513
0
0.14433757
0.4330127
0.36084392
0.14433757
0.14433757
-5.8546917e-18
5.0957502e-18
0.22368927
-1.3010426e-18
0.18319635
0.47240707
0.37864925
0.38463884
1.9380114e-18
8.4432244e-18
0.25629728
0.24775119
3.3203692e-18
7.0473141e-18
0.19728907
0.19368993
1.2734293e-17
5.3337665e-18
1.5327908e-17
0.043467228
0.12540839
0.20603062
0.25603842
0.25413461
0.25041783
0.045051695
0.1299233
0.21326717
1.1903142e-17
1.6347736e-18
2.3581397e-18
0.033696021
0.097405832
0.16063405
0.19718101
0.19638441
0.19481997
0.034353612
0.099285939
0.16366737
6.7893529e-18
-1.8965068e-18
1.5111068e-18
6.4236067e-18
2.0074681e-18
1.5043305e-18
0.23805083
0.22009081
0.20267041
0.24563076
0.22597295
0.20701788
4.4452289e-18
4.8246997e-18
7.7246228e-18
0.03904111
0.11277388
0.18570841
0.22879749
0.23744835
0.24461567
8.2399365e-18
7.0337616e-18
4.2199181e-18
0.031789198
0.091947467
0.15180621
0.1854698
0.18926312
0.19235298
-4.3389263e-19
-1.3552527e-20
3.5778672e-18
0.21657604
0.20323217
0.19006884
0.39845788
0.33097257
0.26123552
0.44150297
0.45572427
0.46735889
0.43609876
0.3642077
0.28876571
0.3308016
0.27305464
0.21442052
0.36474496
0.3712003
0.37640913
0.34768534
0.28777162
0.22648244
0.42055109
0.39692831
0.37330553
0.455937
0.42504043
0.39456189
-1.7347235e-18
-3.3610267e-18
-7.8316666e-18
0.024923225
0.072168784
0.11941434
0.14433757
0.14433757
0.14433757
0.11941434
0.072168784
0.024923225
-7.2641546e-18
3.7811551e-18
1.567011e-19
-2.6020852e-18
-1.8431437e-18
1.3027367e-18
0.15093503
0.16356894
0.17637257
0.15255002
0.16846444
0.18484957
0.38053624
0.38313893
0.38445987
0.35339144
0.29278126
0.23061039
0.14433757
0.14433757
0.14433757
0.26375191
0.21650635
0.16926079
0.28867513
0.28867513
0.28867513
0.26375191
0.21650635
0.16926079
0.15308918
0.17011605
0.18774034
0.30395098
0.33320369
0.36284937
0.30487629
0.33600514
0.36769266
0.26375191
0.21650635
0.16926079
0.28867513
0.28867513
0.28867513
0.30113675
0.32475953
0.34838231
0.21304783
0.21143496
0.20828759
0.12978633
0.12877939
0.12681563
0.045003606
0.044650111
0.043960928
7.0012311e-19
6.3925775e-18
-1.5713388e-18
1.2634193e-17
5.4704564e-18
-8.7329097e-19
3.3024756e-18
4.9212614e-19
-8.1315163e-20
0.041701345
0.12035597
0.19786612
0.038446466
0.11103377
0.18277153
0.035307387
0.10203144
0.16815746
0.24041864
0.24371491
0.24540153
0.22193207
0.22448956
0.22579558
0.204034
0.2059239
0.20688716
0.20427898
0.12435211
0.04310288
0.18774013
0.1141231
0.039528735
0.17182424
0.10430658
0.036103573
0.034333841
0.034188151
0.033902291
0.099229429
0.09881298
0.097995698
0.16357625
0.16290466
0.16158613
0.20337802
0.19731955
0.19001621
0.12375551
0.11998457
0.11544658
0.042887532
0.041565734
0.03997644
8.2498155e-19
5.2991837e-18
9.5411909e-18
1.1222962e-17
1.2841019e-18
-3.9031278e-18
5.4497041e-18
-1.1858461e-18
5.4210109e-20
0.037759923
0.10909928
0.17974195
0.035364906
0.10222457
0.16856199
0.033012953
0.095466518
0.15754944
0.22115153
0.22887988
0.23526359
0.20684838
0.2129265
0.21791895
0.19278971
0.19734097
0.20105879
0.033452217
0.032889719
0.032200999
0.09670848
0.095098959
0.093127102
0.15950801
0.15690705
0.15371676
0.43125656
0.42011781
0.4065422
0.35990592
0.3500401
0.33807137
0.28518538
0.27699329
0.26709061
0.25302965
0.32087171
0.38673177
0.23761548
0.30183931
0.36455341
0.22238348
0.28295631
0.34244047
0.42819936
0.44098333
0.45141694
0.40303736
0.41320792
0.42147109
0.37794959
0.38565054
0.39187915
0.42049661
0.35061557
0.27762052
0.39130993
0.32530876
0.2569503
0.36262217
0.30058548
0.23685745
0.22494787
0.22139884
0.21703712
0.28590578
0.28158332
0.27625716
0.34555474
0.34060781
0.33449086
2.4410265e-19
1.128142e-18
-3.2509125e-18
3.7745906e-19
-2.5817564e-18
2.7105054e-18
-3.5600795e-18
-2.6020852e-18
-4.3368087e-19
0.030576941
0.088459636
0.14610799
0.02830992
0.081932164
0.13542786
0.026082573
0.075512649
0.12490408
0.17821531
0.18128235
0.18377359
0.16463982
0.16641391
0.1678474
0.15129047
0.15187665
0.15234785
0.1532349
0.092862461
0.032114341
0.13953897
0.084467873
0.029194637
0.12625881
0.076346986
0.026373453
0.024923225
0.024923225
0.024923225
0.072168784
0.072168784
0.072168784
0.11941434
0.11941434
0.11941434
0.35322074
0.35196124
0.34948155
0.29263112
0.29152388
0.2893466
0.23048651
0.22957324
0.22777901
0.18765367
0.18701453
0.18575811
0.17006666
0.16970221
0.1689845
0.1530731
0.15295435
0.1527201
0.21625808
0.27511175
0.332882
0.19727828
0.25152599
0.30518018
0.17880693
0.22846557
0.27793984
0.3643765
0.3664809
0.36754811
0.33408838
0.33530543
0.33592171
0.30424364
0.30464557
0.3048488
0.33748938
0.27914694
0.21957645
0.30783811
0.25384351
0.19917718
0.27881552
0.22922586
0.17942775
0.16926079
0.16926079
0.16926079
0.21650635
0.21650635
0.21650635
0.26375191
0.26375191
0.26375191
0.2065069
0.26319381
0.31918082
0.19163929
0.24461235
0.29720144
0.17694426
0.22617501
0.27528662
0.35156084
0.35680964
0.36103496
0.3266246
0.32969232
0.33215092
0.3017616
0.30278533
0.30360219
0.16926079
0.16926079
0.16926079
0.21650635
0.21650635
0.21650635
0.26375191
0.26375191
0.26375191
0.043060415
0.042748127
0.042138575
0.12423108
0.12334095
0.121603
0.20408492
0.20265734
0.1998685
0.039496047
0.039255456
0.038784849
0.11402982
0.11334325
0.11199993
0.18759023
0.1864866
0.18432623
0.036079598
0.035902999
0.035556856
0.10423809
0.10373358
0.10274448
0.17171393
0.1709012
0.16930716
0.041187341
0.040012847
0.038596074
0.11888954
0.11553701
0.11148964
0.19551008
0.19011809
0.18359808
0.038047789
0.037133242
0.036023374
0.10989516
0.10728203
0.10410854
0.18093839
0.17672741
0.17160611
0.035012842
0.034334602
0.033506675
0.10118939
0.099249616
0.096880245
0.1667991
0.16366742
0.1598373
0.27443485
0.26713186
0.25827801
0.34677967
0.33796663
0.32724569
0.41616758
0.40619302
0.39400554
0.25446366
0.24874288
0.24176916
0.32230263
0.31537299
0.30689972
0.38790106
0.38002253
0.37035021
0.23500918
0.23074228
0.2255129
0.29834256
0.29315536
0.28678049
0.36006702
0.35414369
0.34683744
0.031918549
0.031465955
0.030910145
0.092302161
0.091006511
0.089414503
0.15232928
0.15023361
0.14765571
0.029082793
0.028823335
0.028502938
0.084147523
0.083404136
0.0824857
0.13902028
0.13781586
0.13632636
0.026336944
0.026251958
0.026146444
0.076242327
0.075998632
0.075695943
0.12608908
0.12569362
0.12520201
0.21947701
0.21874361
0.21730139
0.27902617
0.27813518
0.27638156
0.33735172
0.33633566
0.33433361
0.19912042
0.19870155
0.19787639
0.25377431
0.25326352
0.25225654
0.30775888
0.30717373
0.30601895
0.17940924
0.17927255
0.17900282
0.22920322
0.22903594
0.22870564
0.27878947
0.27859701
0.27821662
0.21502204
0.21215835
0.2086292
0.27360603
0.27011199
0.26579534
0.33115866
0.32715104
0.32218341
0.19656837
0.19491823
0.19287413
0.25065821
0.2486382
0.24613034
0.30418278
0.30185647
0.29895959
0.17857401
0.17803085
0.17735461
0.22817991
0.22751292
0.22668083
0.27761019
0.27683908
0.27587445
-0.28867513
-0.28867513
-0.28867513
-0.28867513
-0.28867513
-0.4330127
-0.36084392
-0.28867513
-0.28867513
-0.28867513
-0.48603889
-0.47240707
-0.38463884
-0.37864925
-0.47240707
-0.37864925
-0.38463884
-0.59630391
-0.56723152
-0.56723152
-0.54236453
-0.43275991
-0.42041877
-0.42041877
-0.40974402
-0.5954215
-0.58893516
-0.57628973
-0.56647815
-0.56093773
-0.55012271
-0.56647815
-0.56093773
-0.55012271
-0.5954215
-0.58893516
-0.57628973
-0.43238884
-0.42965456
-0.42428975
-0.42009818
-0.41773515
-0.41309509
-0.42009818
-0.41773515
-0.41309509
-0.43238884
-0.42965456
-0.42428975
-0.56650477
-0.51186117
-0.45950538
-0.54069314
-0.49178441
-0.4446241
-0.51856807
-0.4745094
-0.4317745
-0.54069314
-0.49178441
-0.4446241
-0.50319416
-0.53234703
-0.55659596
-0.4856287
-0.48260673
-0.47668054
-0.48725134
-0.51239955
-0.5332435
-0.39236521
-0.40528814
-0.4158435
-0.38445987
-0.38313893
-0.38053624
-0.38538234
-0.39662121
-0.40577998
-0.46812151
-0.43463085
-0.40174699
-0.455937
-0.42504043
-0.39456189
-0.44150297
-0.45572427
-0.46735889
-0.44150297
-0.45572427
-0.46735889
-0.48725134
-0.51239955
-0.5332435
-0.36474496
-0.3712003
-0.37640913
-0.36474496
-0.3712003
-0.37640913
-0.38538234
-0.39662121
-0.40577998
-0.42055109
-0.39692831
-0.37330553
-0.455937
-0.42504043
-0.39456189
-0.28867513
-0.28867513
-0.28867513
-0.28867513
-0.28867513
-0.28867513
-0.28867513
-0.28867513
-0.28867513
-0.28867513
-0.28867513
-0.28867513
-0.3104492
-0.35281214
-0.39666146
-0.30487629
-0.33600514
-0.36769266
-0.30395098
-0.33320369
-0.36284937
-0.30882153
-0.34786205
-0.38805727
-0.38053624
-0.38313893
-0.38445987
-0.39236521
-0.40528814
-0.4158435
-0.28867513
-0.28867513
-0.28867513
-0.28867513
-0.28867513
-0.28867513
-0.28867513
-0.28867513
-0.28867513
-0.28867513
-0.28867513
-0.28867513
-0.3104492
-0.35281214
-0.39666146
-0.30395098
-0.33320369
-0.36284937
-0.30487629
-0.33600514
-0.36769266
-0.28867513
-0.28867513
-0.28867513
-0.28867513
-0.28867513
-0.28867513
-0.30113675
-0.32475953
-0.34838231
-0.5754965
-0.56966385
-0.55828301
-0.58808576
-0.58184138
-0.56966385
-0.59454305
-0.58808576
-0.5754965
-0.56572267
-0.55997112
-0.54874516
-0.51125475
-0.50679149
-0.49806141
-0.45905725
-0.45575639
-0.44928672
-0.5400239
-0.53510011
-0.52547852
-0.49126339
-0.48742721
-0.47991613
-0.44423764
-0.44139012
-0.43580418
-0.52547852
-0.53510011
-0.5400239
-0.47991613
-0.48742721
-0.49126339
-0.43580418
-0.44139012
-0.44423764
-0.54874516
-0.55997112
-0.56572267
-0.49806141
-0.50679149
-0.51125475
-0.44928672
-0.45575639
-0.45905725
-0.43201931
-0.42929628
-0.42395342
-0.42929628
-0.42665598
-0.4214746
-0.42395342
-0.4214746
-0.41660841
-0.54053292
-0.518634
-0.492243
-0.5506888
-0.52730812
-0.49917463
-0.55588899
-0.53174422
-0.50271358
-0.53122766
-0.50960064
-0.48351517
-0.48438922
-0.46742605
-0.44684203
-0.43911919
-0.42644387
-0.41097246
-0.46775532
-0.46505666
-0.45976008
-0.43434329
-0.4322228
-0.42805449
-0.40153204
-0.39994606
-0.39682364
-0.4692747
-0.49181143
-0.51043472
-0.43564612
-0.45347902
-0.46813286
-0.40259239
-0.41603046
-0.42701259
-0.41554142
-0.4050283
-0.39215625
-0.41331449
-0.40311217
-0.3906146
-0.40894024
-0.39934527
-0.38758001
-0.48136214
-0.46781941
-0.45132243
-0.50505703
-0.48822494
-0.46781941
-0.52466922
-0.50505703
-0.48136214
-0.45141694
-0.44098333
-0.42819936
-0.42147109
-0.41320792
-0.40303736
-0.39187915
-0.38565054
-0.37794959
-0.42819936
-0.44098333
-0.45141694
-0.40303736
-0.41320792
-0.42147109
-0.37794959
-0.38565054
-0.39187915
-0.4692747
-0.49181143
-0.51043472
-0.43564612
-0.45347902
-0.46813286
-0.40259239
-0.41603046
-0.42701259
-0.4020404
-0.39339497
-0.38277607
-0.39339497
-0.38592468
-0.3767269
-0.38277607
-0.3767269
-0.36925134
-0.39297184
-0.3844433
-0.37397058
-0.35068725
-0.3457581
-0.33967163
-0.30974969
-0.30812138
-0.30609989
-0.36754811
-0.3664809
-0.3643765
-0.33592171
-0.33530543
-0.33408838
-0.3048488
-0.30464557
-0.30424364
-0.36832609
-0.3774452
-0.38485569
-0.33640835
-0.34171966
-0.34601328
-0.30502232
-0.30678986
-0.30821142
-0.39076106
-0.39450076
-0.39640343
-0.34942046
-0.35157158
-0.35266408
-0.30933488
-0.31004209
-0.31040064
-0.28867513
-0.28867513
-0.28867513
-0.28867513
-0.28867513
-0.28867513
-0.28867513
-0.28867513
-0.28867513
-0.39215625
-0.3906146
-0.38758001
-0.4050283
-0.40311217
-0.39934527
-0.41554142
-0.41331449
-0.40894024
-0.39640343
-0.39450076
-0.39076106
-0.35266408
-0.35157158
-0.34942046
-0.31040064
-0.31004209
-0.30933488
-0.38485569
-0.3774452
-0.36832609
-0.34601328
-0.34171966
-0.33640835
-0.30821142
-0.30678986
-0.30502232
-0.3643765
-0.3664809
-0.36754811
-0.33408838
-0.33530543
-0.33592171
-0.30424364
-0.30464557
-0.3048488
-0.37397058
-0.3844433
-0.39297184
-0.33967163
-0.3457581
-0.35068725
-0.30609989
-0.30812138
-0.30974969
-0.28867513
-0.28867513
-0.28867513
-0.28867513
-0.28867513
-0.28867513
-0.28867513
-0.28867513
-0.28867513
-0.36103496
-0.35680964
-0.35156084
-0.33215092
-0.32969232
-0.3266246
-0.30360219
-0.30278533
-0.3017616
-0.35156084
-0.35680964
-0.36103496
-0.3266246
-0.32969232
-0.33215092
-0.3017616
-0.30278533
-0.30360219
-0.28867513
-0.28867513
-0.28867513
-0.28867513
-0.28867513
-0.28867513
-0.28867513
-0.28867513
-0.28867513
-0.56494402
-0.55921784
-0.548041
-0.55921784
-0.55367762
-0.54286103
-0.548041
-0.54286103
-0.53274265
-0.51065093
-0.5062068
-0.49751388
-0.5062068
-0.50190308
-0.493483
-0.49751388
-0.493483
-0.4855933
-0.45861099
-0.4553239
-0.44888105
-0.4553239
-0.452138
-0.44589236
-0.44888105
-0.44589236
-0.44003111
-0.53059914
-0.50906381
-0.48308646
-0.52597413
-0.50511183
-0.47992842
-0.51693222
-0.49737691
-0.47373745
-0.48389922
-0.46700627
-0.44650579
-0.48029083
-0.46391388
-0.44402738
-0.47322291
-0.45785059
-0.43916077
-0.43875526
-0.42613126
-0.41072138
-0.43607342
-0.42382674
-0.40886957
-0.43081065
-0.41930038
-0.4052275
-0.50278377
-0.48525025
-0.46400471
-0.48525025
-0.47018262
-0.45186615
-0.46400471
-0.45186615
-0.43704237
-0.46212732
-0.44831578
-0.43148865
-0.44831578
-0.43641919
-0.42188331
-0.43148865
-0.42188331
-0.41009744
-0.42252275
-0.41216138
-0.39947009
-0.41216138
-0.40321767
-0.3922346
-0.39947009
-0.3922346
-0.38331489
-0.39272855
-0.38423377
-0.37380188
-0.39093439
-0.38268809
-0.37255684
-0.38740692
-0.37964677
-0.37010408
-0.35054751
-0.34563748
-0.33957432
-0.34951624
-0.34474712
-0.33885573
-0.34748517
-0.34299233
-0.33743792
-0.30970381
-0.30808171
-0.30606783
-0.30936503
-0.30778866
-0.30583094
-0.30869669
-0.30721018
-0.30536283
-0.39272855
-0.39093439
-0.38740692
-0.38423377
-0.38268809
-0.37964677
-0.37380188
-0.37255684
-0.37010408
-0.35054751
-0.34951624
-0.34748517
-0.34563748
-0.34474712
-0.34299233
-0.33957432
-0.33885573
-0.33743792
-0.30970381
-0.30936503
-0.30869669
-0.30808171
-0.30778866
-0.30721018
-0.30606783
-0.30583094
-0.30536283
-0.38183383
-0.37483534
-0.3662157
-0.37483534
-0.36878219
-0.36130984
-0.3662157
-0.36130984
-0.35523236
-0.34426669
-0.34020838
-0.33518431
-0.34020838
-0.33669224
-0.33233052
-0.33518431
-0.33233052
-0.32877894
-0.30763456
-0.30628989
-0.30461684
-0.30628989
-0.3051231
-0.30366876
-0.30461684
-0.30366876
-0.30248349
