MFEM mesh v1.0

#
# MFEM Geometry Types (see mesh/geom.hpp):
#
# POINT       = 0
# SEGMENT     = 1
# TRIANGLE    = 2
# SQUARE      = 3
# TETRAHEDRON = 4
# CUBE        = 5
#

dimension
3

elements
9
1 5 1 0 2 7 8 4 9 18
1 5 19 20 22 21 23 24 26 25
1 5 20 12 13 22 24 14 15 26
1 5 11 6 14 24 1 0 2 7
1 5 11 6 0 1 27 17 4 8
1 5 5 12 14 6 16 28 30 17
1 5 12 13 15 14 28 29 31 30
1 5 6 14 2 0 17 30 9 4
1 5 14 15 3 2 30 31 10 9

boundary
30
60 3 7 1 8 18
60 3 2 7 18 9
60 3 8 4 9 18
60 3 3 2 9 10
60 3 21 22 20 19
60 3 22 13 12 20
60 3 19 20 24 23
60 3 6 14 12 5
60 3 20 12 14 24
60 3 24 14 6 11
60 3 21 19 23 25
60 3 22 21 25 26
60 3 23 24 26 25
60 3 13 22 26 15
60 3 24 14 15 26
60 3 24 11 1 7
60 3 14 24 7 2
60 3 2 3 15 14
60 3 6 5 16 17
60 3 11 6 17 27
60 3 1 11 27 8
60 3 27 17 4 8
60 3 5 12 28 16
60 3 12 13 29 28
60 3 16 28 30 17
60 3 13 15 31 29
60 3 28 29 31 30
60 3 17 30 9 4
60 3 15 3 10 31
60 3 30 31 10 9

vertices
32

nodes
FiniteElementSpace
FiniteElementCollection: H1_3D_P4
VDim: 3
Ordering: 0

0.25513258
0.13464912
0.1716001
0.11108439
0.25513258
0.42586599
0.34303776
0.11052157
0.13464912
0.1716001
0.11108439
0.17834803
0.34802459
0.13575486
0.24764874
0.12307986
0.46850803
0.36407998
0.11052157
-5.3329194e-18
0.20621024
-5.5429836e-18
0.10703716
-3.2526065e-19
0.14907545
-1.8295912e-18
0.099661134
0.19040097
0.42529438
0.14590394
0.27585809
0.12755235
0.23432832
0.19489085
0.15545338
0.24449919
0.2191296
0.18854233
0.16105348
0.14106084
0.1210682
0.13157777
0.12425001
0.11541517
0.23432832
0.19489085
0.15545338
0.24449919
0.2191296
0.18854233
0.16105348
0.14106084
0.1210682
0.13157777
0.12425001
0.11541517
0.13464912
0.13464912
0.13464912
0.25513258
0.25513258
0.25513258
0.1716001
0.1716001
0.1716001
0.11052157
0.11052157
0.11052157
0.043467228
0.11586371
0.17599419
0.18875734
0.14653832
0.11253141
0.045051695
0.091240412
0.1016584
-2.4326852e-18
-7.9684625e-18
-4.8348641e-18
0.033696021
0.092675488
0.12994856
0.13783887
0.11628531
0.1018375
0.034353612
0.087410742
0.095458421
-3.0222136e-18
-4.6087063e-18
-4.1267445e-18
-1.7212371e-18
1.1142718e-18
-9.7578196e-19
0.19513688
0.17546488
0.15766595
0.10570384
0.10324662
0.10087724
-6.7623802e-18
-4.0513586e-18
-2.7172817e-18
0.32848659
0.28530396
0.23507761
0.30505112
0.21332047
0.14620981
0.13115031
0.12198608
0.11231417
0.23247936
0.20140429
0.16771491
0.21783141
0.16337745
0.12828767
0.11917393
0.11159766
0.1038263
0.32915491
0.29506258
0.26335265
0.13351519
0.12932886
0.12521837
0.31581277
0.26263594
0.20779901
0.33738183
0.31496836
0.27499429
0.17769033
0.17197081
0.15890374
0.14194135
0.15617383
0.1706731
0.27040172
0.29938498
0.32809582
0.18287465
0.20638728
0.2326811
0.11583168
0.12741862
0.14105251
0.33592995
0.28016626
0.22190822
0.27385701
0.30969565
0.34542656
0.14386767
0.16202698
0.1805814
0.18099349
0.18536559
0.18888779
0.34768025
0.35532334
0.36145383
0.42849669
0.41952128
0.38206707
0.41202742
0.3852713
0.35780509
0.47942006
0.48609952
0.4593594
0.39663105
0.34539203
0.29861129
0.3620126
0.34470079
0.30538533
0.45086871
0.41703402
0.38255195
0.43519188
0.45063922
0.46312775
0.36392887
0.39150957
0.4149139
0.2535985
0.26372723
0.27215977
0.37626093
0.25733852
0.16140939
0.14258664
0.13647305
0.13057801
0.2421185
0.17743026
0.13408157
0.13789927
0.14154338
0.14457449
0.12404565
0.12566102
0.12698044
0.18625046
0.21783122
0.2544849
0.11310954
0.11700064
0.12096158
0.1551505
0.12865254
0.11327701
0.11380615
0.11910152
0.12458268
0.1551505
0.12865254
0.11327701
0.11108439
0.11108439
0.11108439
0.12804227
0.15197875
0.17591523
0.14063317
0.17168981
0.20274644
0.15107627
0.18803848
0.2250007
0.15545338
0.19489085
0.23432832
0.15545338
0.19489085
0.23432832
0.15545338
0.19489085
0.23432832
0.24449919
0.2191296
0.18854233
0.24449919
0.2191296
0.18854233
0.24449919
0.2191296
0.18854233
0.16105348
0.14106084
0.1210682
0.16105348
0.14106084
0.1210682
0.16105348
0.14106084
0.1210682
0.11541517
0.12425001
0.13157777
0.11541517
0.12425001
0.13157777
0.11541517
0.12425001
0.13157777
0.15107627
0.18803848
0.2250007
0.14063317
0.17168981
0.20274644
0.12804227
0.15197875
0.17591523
0.045003606
0.09273065
0.10585522
0.044650111
0.10173447
0.13168573
0.043960928
0.11210729
0.16324974
0.041701345
0.11111555
0.16698022
0.038446466
0.10294779
0.15105961
0.035307387
0.095917373
0.13678343
0.17855303
0.14023718
0.11045134
0.16082577
0.12959612
0.10679493
0.1452235
0.12051099
0.10347168
0.10053487
0.090544014
0.04310288
0.098467516
0.089265387
0.039528735
0.09647803
0.088038323
0.036103573
-2.5005405e-18
-3.3088292e-18
-4.8798097e-18
-5.0347638e-18
-2.8427485e-18
-4.396948e-18
-4.7095032e-18
-3.4431889e-18
-2.6901833e-18
0.033902291
0.091675206
0.12220398
0.034188151
0.089384819
0.10716565
0.034333841
0.087676918
0.096995275
0.11899318
0.13055504
0.14109502
0.16056377
0.18449365
0.20448174
0.2129586
0.2545423
0.28954314
0.22211423
0.26931883
0.31035255
0.19899118
0.24064713
0.27767324
0.17793611
0.21430199
0.24740762
0.28823946
0.20344669
0.14286736
0.25835813
0.18621119
0.13682866
0.23112403
0.17080854
0.13114976
0.12902376
0.12012632
0.11078437
0.1250608
0.1166781
0.10795985
0.12118466
0.11332737
0.1052299
0.15304799
0.18045116
0.20560453
0.12517098
0.14123733
0.15609348
0.10661445
0.11545383
0.12395673
0.18066532
0.22018638
0.25692795
0.19824967
0.24648576
0.29213737
0.20648881
0.25987698
0.31126327
0.19871084
0.25102274
0.30193436
0.18143594
0.2288
0.27529107
0.16431058
0.20653012
0.24844274
0.32123926
0.29745563
0.25836669
0.29059578
0.26518086
0.22870373
0.26023594
0.23450713
0.20167447
0.21829644
0.18922319
0.1581257
0.19351108
0.16814256
0.14171003
0.17152321
0.14971842
0.12760043
0.15010081
0.16287817
0.16939127
0.13484977
0.14649049
0.15391807
0.12158713
0.13149469
0.13905095
0.21090355
0.26650116
0.32025033
0.21602464
0.27286734
0.32755698
0.22014174
0.27797659
0.33341862
0.33192243
0.30166595
0.2711688
0.33821866
0.30541345
0.27242569
0.34326552
0.30841264
0.2734287
0.142365
0.15745793
0.17284757
0.14306407
0.15958097
0.17644189
0.14362635
0.16129188
0.17933755
0.21035249
0.26551889
0.31853912
0.18837372
0.23748649
0.28520973
0.16662226
0.20945163
0.25177633
0.35344848
0.33273203
0.29224509
0.3835765
0.36687754
0.32649422
0.41314801
0.40133015
0.36249053
0.43958833
0.43382081
0.39824547
0.45802135
0.45784967
0.42596188
0.47296955
0.47754807
0.44916026
0.34308255
0.30552288
0.27074722
0.36718247
0.32352793
0.28338899
0.38759007
0.3386937
0.29396155
0.28145376
0.32138807
0.34277825
0.29238874
0.33213031
0.35170975
0.30143445
0.3409015
0.35891502
0.36326043
0.39225828
0.42054249
0.37224709
0.40378522
0.43462339
0.37946041
0.4130554
0.44598257
0.45950175
0.46141165
0.43088067
0.42132497
0.41471873
0.37878698
0.38260525
0.36858949
0.3297712
0.31946631
0.22204872
0.14931702
0.34476175
0.23758282
0.15472338
0.36652255
0.25118033
0.15934534
0.1354394
0.13085525
0.12637156
0.13870008
0.13342826
0.12830548
0.14140346
0.13554865
0.1298899
0.12952291
0.16631103
0.22292144
0.13160834
0.17134147
0.23162638
0.13333007
0.17556632
0.23891207
0.34961868
0.24078846
0.15609111
0.30308008
0.21273908
0.14674483
0.26179293
0.18867066
0.13825445
0.23730885
0.20884966
0.18361274
0.24515015
0.21297961
0.18483598
0.25164522
0.21636249
0.18582475
0.34136663
0.32126463
0.28213292
0.30235246
0.27851611
0.24143612
0.26408939
0.23868539
0.20549782
0.164282
0.13372767
0.11569729
0.18349392
0.14435093
0.1204715
0.20527887
0.15640052
0.12551192
0.12174632
0.11745895
0.11326249
0.12305541
0.11821976
0.11351517
0.12412148
0.11883591
0.11371871
0.11327701
0.12865254
0.1551505
0.11327701
0.12865254
0.1551505
0.11327701
0.12865254
0.1551505
0.22387438
0.16711456
0.1301004
0.19310414
0.14988158
0.12303101
0.1670838
0.1353544
0.11651609
0.15107627
0.18803848
0.2250007
0.14063317
0.17168981
0.20274644
0.12804227
0.15197875
0.17591523
0.15107627
0.18803848
0.2250007
0.14063317
0.17168981
0.20274644
0.12804227
0.15197875
0.17591523
0.15107627
0.18803848
0.2250007
0.14063317
0.17168981
0.20274644
0.12804227
0.15197875
0.17591523
0.042138575
0.10779164
0.15494008
0.042748127
0.099054421
0.12652981
0.043060415
0.091738398
0.10412432
0.038784849
0.1005275
0.14059171
0.039255456
0.094645569
0.11787562
0.039496047
0.090005676
0.10109068
0.035556856
0.094435704
0.12807871
0.035902999
0.091019644
0.11054957
0.036079598
0.08844228
0.098343135
0.20104523
0.2399899
0.2732535
0.15325459
0.17570216
0.19481766
0.11659821
0.12766954
0.13786978
0.18025314
0.21440707
0.24441494
0.14084386
0.16062174
0.17805584
0.11237328
0.12253744
0.13207652
0.16182451
0.1914786
0.21828922
0.13016731
0.14746458
0.16320732
0.10851668
0.11780503
0.12666803
0.1966324
0.24726666
0.29623155
0.18740246
0.23261151
0.2757256
0.17014284
0.20677876
0.24123005
0.17813882
0.22344106
0.26772972
0.16772155
0.20723605
0.24555041
0.15178214
0.18315253
0.21334259
0.16018757
0.2000467
0.23956053
0.14951755
0.18344932
0.21699688
0.13563481
0.16204679
0.18810215
0.20127198
0.25421881
0.30559863
0.1829614
0.23071493
0.27748222
0.16481978
0.20717533
0.24918122
0.20549756
0.2594833
0.31163025
0.18547922
0.23386937
0.28108598
0.16565902
0.20823666
0.25039319
0.20889493
0.26370832
0.31646729
0.18750454
0.23640134
0.28397353
0.16633316
0.20908734
0.2513621
0.42326012
0.41423915
0.37682425
0.39182839
0.37716719
0.33749676
0.35983142
0.34046042
0.30018829
0.44004771
0.43592527
0.40135376
0.40550856
0.39443844
0.35626755
0.37040215
0.35341066
0.31367714
0.45364192
0.45369785
0.42186615
0.41656555
0.40858233
0.3719191
0.37893534
0.36399935
0.32487206
0.30072413
0.21091425
0.14559211
0.26755024
0.19160494
0.13890119
0.23750547
0.17450312
0.1326545
0.32255375
0.22412386
0.15030649
0.28349841
0.20103273
0.14245079
0.24847718
0.18088117
0.13520711
0.34126378
0.23560899
0.15431063
0.29705586
0.20912167
0.14543023
0.25771341
0.18627819
0.13732618
0.32565347
0.30260866
0.26344251
0.29318201
0.26808583
0.23145354
0.26108818
0.23542604
0.2025118
0.33295361
0.31121541
0.27200394
0.29744906
0.27291384
0.23605299
0.26248857
0.23694232
0.2038978
0.33883807
0.31822969
0.27905881
0.30088023
0.27682793
0.23980875
0.26360967
0.23816193
0.20501657
0.20920614
0.15865804
0.12649637
0.18555608
0.14553721
0.12102683
0.16489388
0.13408286
0.11587677
0.21588448
0.16250293
0.12815075
0.18902172
0.14753134
0.12195242
0.16590882
0.1346721
0.11617365
0.22143923
0.16570757
0.1295094
0.19186698
0.14916919
0.12270544
0.16673001
0.13514894
0.11641312
-0.28867513
-0.28867513
-0.14433757
0
-0.28867513
-0.4330127
-0.36084392
-0.14433757
-0.28867513
-0.14433757
-2.1684043e-18
-0.37864925
-0.22368927
5.0957502e-18
-0.18319635
-1.3010426e-18
-0.47240707
-0.37864925
-0.14433757
-0.25629728
-0.24775119
1.9380114e-18
8.4432244e-18
-0.19728907
-0.19368993
3.3203692e-18
7.0473141e-18
-0.40974402
-0.24775119
1.5517644e-18
-0.19368993
-5.502326e-18
-0.28867513
-0.28867513
-0.28867513
-0.26375191
-0.21650635
-0.16926079
-0.14433757
-0.14433757
-0.14433757
-0.26375191
-0.21650635
-0.16926079
-0.28867513
-0.28867513
-0.28867513
-0.26375191
-0.21650635
-0.16926079
-0.14433757
-0.14433757
-0.14433757
-0.26375191
-0.21650635
-0.16926079
-0.28867513
-0.28867513
-0.28867513
-0.28867513
-0.28867513
-0.28867513
-0.14433757
-0.14433757
-0.14433757
-0.14433757
-0.14433757
-0.14433757
-0.25603842
-0.25413461
-0.25041783
-0.20603062
-0.12540839
-0.043467228
1.2734293e-17
5.3337665e-18
1.5327908e-17
-0.21326717
-0.1299233
-0.045051695
-0.19718101
-0.19638441
-0.19481997
-0.16063405
-0.097405832
-0.033696021
1.1903142e-17
1.6347736e-18
2.3581397e-18
-0.16366737
-0.099285939
-0.034353612
-0.24563076
-0.22597295
-0.20701788
-0.23805083
-0.22009081
-0.20267041
6.4236067e-18
2.0074681e-18
1.5043305e-18
6.7893529e-18
-1.8965068e-18
1.5111068e-18
-0.22879749
-0.23744835
-0.24461567
-0.18570841
-0.11277388
-0.03904111
4.4452289e-18
4.8246997e-18
7.7246228e-18
-0.1854698
-0.18926312
-0.19235298
-0.15180621
-0.091947467
-0.031789198
8.2399365e-18
7.0337616e-18
4.2199181e-18
-0.21657604
-0.20323217
-0.19006884
-4.3389263e-19
-1.3552527e-20
3.5778672e-18
-0.36474496
-0.3712003
-0.37640913
-0.3308016
-0.27305464
-0.21442052
-0.34768534
-0.28777162
-0.22648244
-0.30395098
-0.33320369
-0.36284937
-0.30113675
-0.32475953
-0.34838231
-0.15093503
-0.16356894
-0.17637257
-0.15255002
-0.16846444
-0.18484957
-0.38538234
-0.39662121
-0.40577998
-0.30395098
-0.33320369
-0.36284937
-0.30882153
-0.34786205
-0.38805727
-0.38538234
-0.39662121
-0.40577998
-0.36474496
-0.3712003
-0.37640913
-0.39845788
-0.33097257
-0.26123552
-0.42055109
-0.39692831
-0.37330553
-0.43609876
-0.3642077
-0.28876571
-0.23805083
-0.22009081
-0.20267041
-0.34768534
-0.28777162
-0.22648244
-0.455937
-0.42504043
-0.39456189
-0.44150297
-0.45572427
-0.46735889
-0.22879749
-0.23744835
-0.24461567
-0.1854698
-0.18926312
-0.19235298
-0.20603062
-0.12540839
-0.043467228
-4.3910585e-18
1.8414496e-18
-3.6524061e-18
-0.16063405
-0.097405832
-0.033696021
2.0987756e-18
-8.1399866e-19
1.953258e-18
2.0258844e-18
3.1551977e-19
-6.505213e-19
-0.15255002
-0.16846444
-0.18484957
-2.6020852e-18
-1.8431437e-18
1.3027367e-18
-0.11941434
-0.072168784
-0.024923225
3.5236571e-19
-2.6800122e-18
-3.1305279e-18
-0.11941434
-0.072168784
-0.024923225
9.6895275e-19
4.37069e-19
8.1315163e-19
-0.16926079
-0.16926079
-0.16926079
-0.21650635
-0.21650635
-0.21650635
-0.26375191
-0.26375191
-0.26375191
-0.28867513
-0.28867513
-0.28867513
-0.28867513
-0.28867513
-0.28867513
-0.28867513
-0.28867513
-0.28867513
-0.26375191
-0.21650635
-0.16926079
-0.26375191
-0.21650635
-0.16926079
-0.26375191
-0.21650635
-0.16926079
-0.14433757
-0.14433757
-0.14433757
-0.14433757
-0.14433757
-0.14433757
-0.14433757
-0.14433757
-0.14433757
-0.16926079
-0.21650635
-0.26375191
-0.16926079
-0.21650635
-0.26375191
-0.16926079
-0.21650635
-0.26375191
-0.26375191
-0.26375191
-0.26375191
-0.21650635
-0.21650635
-0.21650635
-0.16926079
-0.16926079
-0.16926079
-0.045003606
-0.044650111
-0.043960928
-0.12978633
-0.12877939
-0.12681563
-0.21304783
-0.21143496
-0.20828759
-0.24540153
-0.24371491
-0.24041864
-0.22579558
-0.22448956
-0.22193207
-0.20688716
-0.2059239
-0.204034
-0.19786612
-0.12035597
-0.041701345
-0.18277153
-0.11103377
-0.038446466
-0.16815746
-0.10203144
-0.035307387
-1.5713388e-18
6.3925775e-18
7.0012311e-19
-8.7329097e-19
5.4704564e-18
1.2634193e-17
-8.1315163e-20
4.9212614e-19
3.3024756e-18
-0.04310288
-0.12435211
-0.20427898
-0.039528735
-0.1141231
-0.18774013
-0.036103573
-0.10430658
-0.17182424
-0.16357625
-0.16290466
-0.16158613
-0.099229429
-0.09881298
-0.097995698
-0.034333841
-0.034188151
-0.033902291
-0.042887532
-0.041565734
-0.03997644
-0.12375551
-0.11998457
-0.11544658
-0.20337802
-0.19731955
-0.19001621
-0.23526359
-0.22887988
-0.22115153
-0.21791895
-0.2129265
-0.20684838
-0.20105879
-0.19734097
-0.19278971
-0.17974195
-0.10909928
-0.037759923
-0.16856199
-0.10222457
-0.035364906
-0.15754944
-0.095466518
-0.033012953
9.5411909e-18
5.2991837e-18
8.2498155e-19
-3.9031278e-18
1.2841019e-18
1.1222962e-17
5.4210109e-20
-1.1858461e-18
5.4497041e-18
-0.15950801
-0.15690705
-0.15371676
-0.09670848
-0.095098959
-0.093127102
-0.033452217
-0.032889719
-0.032200999
-0.22494787
-0.22139884
-0.21703712
-0.28590578
-0.28158332
-0.27625716
-0.34555474
-0.34060781
-0.33449086
-0.36103496
-0.35680964
-0.35156084
-0.33215092
-0.32969232
-0.3266246
-0.30360219
-0.30278533
-0.3017616
-0.31918082
-0.26319381
-0.2065069
-0.29720144
-0.24461235
-0.19163929
-0.27528662
-0.22617501
-0.17694426
-0.17821531
-0.18128235
-0.18377359
-0.16463982
-0.16641391
-0.1678474
-0.15129047
-0.15187665
-0.15234785
-0.21625808
-0.27511175
-0.332882
-0.19727828
-0.25152599
-0.30518018
-0.17880693
-0.22846557
-0.27793984
-0.38277607
-0.3767269
-0.36925134
-0.39339497
-0.38592468
-0.3767269
-0.4020404
-0.39339497
-0.38277607
-0.35156084
-0.3266246
-0.3017616
-0.35680964
-0.32969232
-0.30278533
-0.36103496
-0.33215092
-0.30360219
-0.30502232
-0.33640835
-0.36832609
-0.30678986
-0.34171966
-0.3774452
-0.30821142
-0.34601328
-0.38485569
-0.38485569
-0.3774452
-0.36832609
-0.34601328
-0.34171966
-0.33640835
-0.30821142
-0.30678986
-0.30502232
-0.34244047
-0.28295631
-0.22238348
-0.36455341
-0.30183931
-0.23761548
-0.38673177
-0.32087171
-0.25302965
-0.4065422
-0.33807137
-0.26709061
-0.42011781
-0.3500401
-0.27699329
-0.43125656
-0.35990592
-0.28518538
-0.22115153
-0.20684838
-0.19278971
-0.22887988
-0.2129265
-0.19734097
-0.23526359
-0.21791895
-0.20105879
-0.21703712
-0.27625716
-0.33449086
-0.22139884
-0.28158332
-0.34060781
-0.22494787
-0.28590578
-0.34555474
-0.37794959
-0.40303736
-0.42819936
-0.38565054
-0.41320792
-0.44098333
-0.39187915
-0.42147109
-0.45141694
-0.42049661
-0.35061557
-0.27762052
-0.39130993
-0.32530876
-0.2569503
-0.36262217
-0.30058548
-0.23685745
-0.19001621
-0.11544658
-0.03997644
-0.19731955
-0.11998457
-0.041565734
-0.20337802
-0.12375551
-0.042887532
1.2951597e-18
-7.9859325e-20
1.3539061e-18
-1.9646929e-18
5.9448478e-19
-1.138624e-18
4.6756219e-19
-5.0006708e-18
2.7952087e-19
-0.032200999
-0.093127102
-0.15371676
-0.032889719
-0.095098959
-0.15690705
-0.033452217
-0.09670848
-0.15950801
-0.19786612
-0.12035597
-0.041701345
-0.18277153
-0.11103377
-0.038446466
-0.16815746
-0.10203144
-0.035307387
-0.17821531
-0.16463982
-0.15129047
-0.18128235
-0.16641391
-0.15187665
-0.18377359
-0.1678474
-0.15234785
-0.332882
-0.27511175
-0.21625808
-0.30518018
-0.25152599
-0.19727828
-0.27793984
-0.22846557
-0.17880693
-0.12490408
-0.075512649
-0.026082573
-0.13542786
-0.081932164
-0.02830992
-0.14610799
-0.088459636
-0.030576941
2.7966116e-18
1.7825775e-18
2.9730062e-18
-4.7264438e-19
4.2271179e-18
4.3029274e-19
-5.9292571e-18
1.6788193e-18
1.5314356e-18
-0.024923225
-0.072168784
-0.11941434
-0.024923225
-0.072168784
-0.11941434
-0.024923225
-0.072168784
-0.11941434
-0.1532349
-0.092862461
-0.032114341
-0.13953897
-0.084467873
-0.029194637
-0.12625881
-0.076346986
-0.026373453
-0.26375191
-0.26375191
-0.26375191
-0.21650635
-0.21650635
-0.21650635
-0.16926079
-0.16926079
-0.16926079
-0.26375191
-0.26375191
-0.26375191
-0.21650635
-0.21650635
-0.21650635
-0.16926079
-0.16926079
-0.16926079
-0.26375191
-0.26375191
-0.26375191
-0.21650635
-0.21650635
-0.21650635
-0.16926079
-0.16926079
-0.16926079
-0.20408492
-0.20265734
-0.1998685
-0.12423108
-0.12334095
-0.121603
-0.043060415
-0.042748127
-0.042138575
-0.18759023
-0.1864866
-0.18432623
-0.11402982
-0.11334325
-0.11199993
-0.039496047
-0.039255456
-0.038784849
-0.17171393
-0.1709012
-0.16930716
-0.10423809
-0.10373358
-0.10274448
-0.036079598
-0.035902999
-0.035556856
-0.19551008
-0.19011809
-0.18359808
-0.11888954
-0.11553701
-0.11148964
-0.041187341
-0.040012847
-0.038596074
-0.18093839
-0.17672741
-0.17160611
-0.10989516
-0.10728203
-0.10410854
-0.038047789
-0.037133242
-0.036023374
-0.1667991
-0.16366742
-0.1598373
-0.10118939
-0.099249616
-0.096880245
-0.035012842
-0.034334602
-0.033506675
-0.33115866
-0.32715104
-0.32218341
-0.27360603
-0.27011199
-0.26579534
-0.21502204
-0.21215835
-0.2086292
-0.30418278
-0.30185647
-0.29895959
-0.25065821
-0.2486382
-0.24613034
-0.19656837
-0.19491823
-0.19287413
-0.27761019
-0.27683908
-0.27587445
-0.22817991
-0.22751292
-0.22668083
-0.17857401
-0.17803085
-0.17735461
-0.3662157
-0.36130984
-0.35523236
-0.33518431
-0.33233052
-0.32877894
-0.30461684
-0.30366876
-0.30248349
-0.37483534
-0.36878219
-0.36130984
-0.34020838
-0.33669224
-0.33233052
-0.30628989
-0.3051231
-0.30366876
-0.38183383
-0.37483534
-0.3662157
-0.34426669
-0.34020838
-0.33518431
-0.30763456
-0.30628989
-0.30461684
-0.39400554
-0.32724569
-0.25827801
-0.37035021
-0.30689972
-0.24176916
-0.34683744
-0.28678049
-0.2255129
-0.40619302
-0.33796663
-0.26713186
-0.38002253
-0.31537299
-0.24874288
-0.35414369
-0.29315536
-0.23074228
-0.41616758
-0.34677967
-0.27443485
-0.38790106
-0.32230263
-0.25446366
-0.36006702
-0.29834256
-0.23500918
-0.18359808
-0.11148964
-0.038596074
-0.17160611
-0.10410854
-0.036023374
-0.1598373
-0.096880245
-0.033506675
-0.19011809
-0.11553701
-0.040012847
-0.17672741
-0.10728203
-0.037133242
-0.16366742
-0.099249616
-0.034334602
-0.19551008
-0.11888954
-0.041187341
-0.18093839
-0.10989516
-0.038047789
-0.1667991
-0.10118939
-0.035012842
-0.32218341
-0.26579534
-0.2086292
-0.29895959
-0.24613034
-0.19287413
-0.27587445
-0.22668083
-0.17735461
-0.32715104
-0.27011199
-0.21215835
-0.30185647
-0.2486382
-0.19491823
-0.27683908
-0.22751292
-0.17803085
-0.33115866
-0.27360603
-0.21502204
-0.30418278
-0.25065821
-0.19656837
-0.27761019
-0.22817991
-0.17857401
-0.14765571
-0.089414503
-0.030910145
-0.13632636
-0.0824857
-0.028502938
-0.12520201
-0.075695943
-0.026146444
-0.15023361
-0.091006511
-0.031465955
-0.13781586
-0.083404136
-0.028823335
-0.12569362
-0.075998632
-0.026251958
-0.15232928
-0.092302161
-0.031918549
-0.13902028
-0.084147523
-0.029082793
-0.12608908
-0.076242327
-0.026336944
-0.28867513
-0.28867513
-0.28867513
-0.28867513
-0.14433757
-0.4330127
-0.36084392
-0.28867513
-0.14433757
-0.14433757
-0.14433757
-0.37864925
-0.47240707
-0.48603889
-0.37864925
-0.38463884
-0.22368927
-0.18319635
-0.14433757
-0.56723152
-0.54236453
-0.59630391
-0.56723152
-0.42041877
-0.40974402
-0.43275991
-0.42041877
-0.19368993
-0.24775119
-0.25629728
-0.19368993
-0.19728907
-0.28867513
-0.28867513
-0.28867513
-0.28867513
-0.28867513
-0.28867513
-0.28867513
-0.28867513
-0.28867513
-0.28867513
-0.28867513
-0.28867513
-0.14433757
-0.14433757
-0.14433757
-0.14433757
-0.14433757
-0.14433757
-0.14433757
-0.14433757
-0.14433757
-0.14433757
-0.14433757
-0.14433757
-0.26375191
-0.21650635
-0.16926079
-0.26375191
-0.21650635
-0.16926079
-0.26375191
-0.21650635
-0.16926079
-0.26375191
-0.21650635
-0.16926079
-0.56647815
-0.56093773
-0.55012271
-0.55012271
-0.56093773
-0.56647815
-0.5954215
-0.58893516
-0.57628973
-0.57628973
-0.58893516
-0.5954215
-0.42009818
-0.41773515
-0.41309509
-0.41309509
-0.41773515
-0.42009818
-0.43238884
-0.42965456
-0.42428975
-0.42428975
-0.42965456
-0.43238884
-0.54069314
-0.49178441
-0.4446241
-0.51856807
-0.4745094
-0.4317745
-0.54069314
-0.49178441
-0.4446241
-0.56650477
-0.51186117
-0.45950538
-0.48725134
-0.51239955
-0.5332435
-0.47668054
-0.48260673
-0.4856287
-0.50319416
-0.53234703
-0.55659596
-0.38538234
-0.39662121
-0.40577998
-0.38053624
-0.38313893
-0.38445987
-0.39236521
-0.40528814
-0.4158435
-0.455937
-0.42504043
-0.39456189
-0.46812151
-0.43463085
-0.40174699
-0.36474496
-0.3712003
-0.37640913
-0.36474496
-0.3712003
-0.37640913
-0.38538234
-0.39662121
-0.40577998
-0.30395098
-0.33320369
-0.36284937
-0.30113675
-0.32475953
-0.34838231
-0.30395098
-0.33320369
-0.36284937
-0.30882153
-0.34786205
-0.38805727
-0.1854698
-0.18926312
-0.19235298
-0.15093503
-0.16356894
-0.17637257
-0.15255002
-0.16846444
-0.18484957
-0.34768534
-0.28777162
-0.22648244
-0.3308016
-0.27305464
-0.21442052
-0.44150297
-0.45572427
-0.46735889
-0.42055109
-0.39692831
-0.37330553
-0.22879749
-0.23744835
-0.24461567
-0.23805083
-0.22009081
-0.20267041
-0.1854698
-0.18926312
-0.19235298
-0.21657604
-0.20323217
-0.19006884
-0.39845788
-0.33097257
-0.26123552
-0.43609876
-0.3642077
-0.28876571
-0.34768534
-0.28777162
-0.22648244
-0.25041783
-0.25413461
-0.25603842
-0.24563076
-0.22597295
-0.20701788
-0.19481997
-0.19638441
-0.19718101
-0.4492025
-0.37588867
-0.29851333
-0.35339144
-0.29278126
-0.23061039
-0.15255002
-0.16846444
-0.18484957
-0.30487629
-0.33600514
-0.36769266
-0.28867513
-0.28867513
-0.28867513
-0.15308918
-0.17011605
-0.18774034
-0.14433757
-0.14433757
-0.14433757
-0.26375191
-0.21650635
-0.16926079
-0.28867513
-0.28867513
-0.28867513
-0.28867513
-0.28867513
-0.28867513
-0.28867513
-0.28867513
-0.28867513
-0.26375191
-0.26375191
-0.26375191
-0.21650635
-0.21650635
-0.21650635
-0.16926079
-0.16926079
-0.16926079
-0.26375191
-0.26375191
-0.26375191
-0.21650635
-0.21650635
-0.21650635
-0.16926079
-0.16926079
-0.16926079
-0.26375191
-0.26375191
-0.26375191
-0.21650635
-0.21650635
-0.21650635
-0.16926079
-0.16926079
-0.16926079
-0.26375191
-0.26375191
-0.26375191
-0.21650635
-0.21650635
-0.21650635
-0.16926079
-0.16926079
-0.16926079
-0.14433757
-0.14433757
-0.14433757
-0.14433757
-0.14433757
-0.14433757
-0.14433757
-0.14433757
-0.14433757
-0.59454305
-0.58808576
-0.5754965
-0.58808576
-0.58184138
-0.56966385
-0.5754965
-0.56966385
-0.55828301
-0.5400239
-0.53510011
-0.52547852
-0.49126339
-0.48742721
-0.47991613
-0.44423764
-0.44139012
-0.43580418
-0.52547852
-0.53510011
-0.5400239
-0.47991613
-0.48742721
-0.49126339
-0.43580418
-0.44139012
-0.44423764
-0.54874516
-0.55997112
-0.56572267
-0.49806141
-0.50679149
-0.51125475
-0.44928672
-0.45575639
-0.45905725
-0.56572267
-0.55997112
-0.54874516
-0.51125475
-0.50679149
-0.49806141
-0.45905725
-0.45575639
-0.44928672
-0.42395342
-0.4214746
-0.41660841
-0.42929628
-0.42665598
-0.4214746
-0.43201931
-0.42929628
-0.42395342
-0.55588899
-0.53174422
-0.50271358
-0.5506888
-0.52730812
-0.49917463
-0.54053292
-0.518634
-0.492243
-0.51043472
-0.49181143
-0.4692747
-0.46813286
-0.45347902
-0.43564612
-0.42701259
-0.41603046
-0.40259239
-0.45976008
-0.46505666
-0.46775532
-0.42805449
-0.4322228
-0.43434329
-0.39682364
-0.39994606
-0.40153204
-0.48351517
-0.50960064
-0.53122766
-0.44684203
-0.46742605
-0.48438922
-0.41097246
-0.42644387
-0.43911919
-0.40894024
-0.39934527
-0.38758001
-0.41331449
-0.40311217
-0.3906146
-0.41554142
-0.4050283
-0.39215625
-0.4020404
-0.39339497
-0.38277607
-0.39339497
-0.38592468
-0.3767269
-0.38277607
-0.3767269
-0.36925134
-0.36103496
-0.35680964
-0.35156084
-0.33215092
-0.32969232
-0.3266246
-0.30360219
-0.30278533
-0.3017616
-0.35156084
-0.35680964
-0.36103496
-0.3266246
-0.32969232
-0.33215092
-0.3017616
-0.30278533
-0.30360219
-0.36832609
-0.3774452
-0.38485569
-0.33640835
-0.34171966
-0.34601328
-0.30502232
-0.30678986
-0.30821142
-0.38485569
-0.3774452
-0.36832609
-0.34601328
-0.34171966
-0.33640835
-0.30821142
-0.30678986
-0.30502232
-0.34555474
-0.34060781
-0.33449086
-0.28590578
-0.28158332
-0.27625716
-0.22494787
-0.22139884
-0.21703712
-0.31918082
-0.29720144
-0.27528662
-0.26319381
-0.24461235
-0.22617501
-0.2065069
-0.19163929
-0.17694426
-0.27793984
-0.30518018
-0.332882
-0.22846557
-0.25152599
-0.27511175
-0.17880693
-0.19727828
-0.21625808
-0.18377359
-0.18128235
-0.17821531
-0.1678474
-0.16641391
-0.16463982
-0.15234785
-0.15187665
-0.15129047
-0.37794959
-0.38565054
-0.39187915
-0.40303736
-0.41320792
-0.42147109
-0.42819936
-0.44098333
-0.45141694
-0.4065422
-0.42011781
-0.43125656
-0.33807137
-0.3500401
-0.35990592
-0.26709061
-0.27699329
-0.28518538
-0.42049661
-0.39130993
-0.36262217
-0.35061557
-0.32530876
-0.30058548
-0.27762052
-0.2569503
-0.23685745
-0.34555474
-0.34060781
-0.33449086
-0.28590578
-0.28158332
-0.27625716
-0.22494787
-0.22139884
-0.21703712
-0.34244047
-0.36455341
-0.38673177
-0.28295631
-0.30183931
-0.32087171
-0.22238348
-0.23761548
-0.25302965
-0.22115153
-0.22887988
-0.23526359
-0.20684838
-0.2129265
-0.21791895
-0.19278971
-0.19734097
-0.20105879
-0.44020226
-0.44589941
-0.4488076
-0.36785939
-0.37293873
-0.3755358
-0.29180896
-0.29604809
-0.29821831
-0.43219011
-0.40048637
-0.36947731
-0.36101058
-0.33342478
-0.30661892
-0.28627495
-0.26367877
-0.24183923
-0.35322074
-0.35196124
-0.34948155
-0.29263112
-0.29152388
-0.2893466
-0.23048651
-0.22957324
-0.22777901
-0.24041864
-0.24371491
-0.24540153
-0.22193207
-0.22448956
-0.22579558
-0.204034
-0.2059239
-0.20688716
-0.332882
-0.30518018
-0.27793984
-0.27511175
-0.25152599
-0.22846557
-0.21625808
-0.19727828
-0.17880693
-0.17821531
-0.18128235
-0.18377359
-0.16463982
-0.16641391
-0.1678474
-0.15129047
-0.15187665
-0.15234785
-0.30424364
-0.30464557
-0.3048488
-0.33408838
-0.33530543
-0.33592171
-0.3643765
-0.3664809
-0.36754811
-0.33748938
-0.30783811
-0.27881552
-0.27914694
-0.25384351
-0.22922586
-0.21957645
-0.19917718
-0.17942775
-0.26375191
-0.26375191
-0.26375191
-0.21650635
-0.21650635
-0.21650635
-0.16926079
-0.16926079
-0.16926079
-0.18575811
-0.18701453
-0.18765367
-0.1689845
-0.16970221
-0.17006666
-0.1527201
-0.15295435
-0.1530731
-0.26375191
-0.26375191
-0.26375191
-0.26375191
-0.26375191
-0.26375191
-0.26375191
-0.26375191
-0.26375191
-0.21650635
-0.21650635
-0.21650635
-0.21650635
-0.21650635
-0.21650635
-0.21650635
-0.21650635
-0.21650635
-0.16926079
-0.16926079
-0.16926079
-0.16926079
-0.16926079
-0.16926079
-0.16926079
-0.16926079
-0.16926079
-0.548041
-0.54286103
-0.53274265
-0.55921784
-0.55367762
-0.54286103
-0.56494402
-0.55921784
-0.548041
-0.49751388
-0.493483
-0.4855933
-0.5062068
-0.50190308
-0.493483
-0.51065093
-0.5062068
-0.49751388
-0.44888105
-0.44589236
-0.44003111
-0.4553239
-0.452138
-0.44589236
-0.45861099
-0.4553239
-0.44888105
-0.51693222
-0.49737691
-0.47373745
-0.52597413
-0.50511183
-0.47992842
-0.53059914
-0.50906381
-0.48308646
-0.47322291
-0.45785059
-0.43916077
-0.48029083
-0.46391388
-0.44402738
-0.48389922
-0.46700627
-0.44650579
-0.43081065
-0.41930038
-0.4052275
-0.43607342
-0.42382674
-0.40886957
-0.43875526
-0.42613126
-0.41072138
-0.3662157
-0.36130984
-0.35523236
-0.37483534
-0.36878219
-0.36130984
-0.38183383
-0.37483534
-0.3662157
-0.33518431
-0.33233052
-0.32877894
-0.34020838
-0.33669224
-0.33233052
-0.34426669
-0.34020838
-0.33518431
-0.30461684
-0.30366876
-0.30248349
-0.30628989
-0.3051231
-0.30366876
-0.30763456
-0.30628989
-0.30461684
-0.33115866
-0.32715104
-0.32218341
-0.30418278
-0.30185647
-0.29895959
-0.27761019
-0.27683908
-0.27587445
-0.27360603
-0.27011199
-0.26579534
-0.25065821
-0.2486382
-0.24613034
-0.22817991
-0.22751292
-0.22668083
-0.21502204
-0.21215835
-0.2086292
-0.19656837
-0.19491823
-0.19287413
-0.17857401
-0.17803085
-0.17735461
-0.39400554
-0.40619302
-0.41616758
-0.37035021
-0.38002253
-0.38790106
-0.34683744
-0.35414369
-0.36006702
-0.32724569
-0.33796663
-0.34677967
-0.30689972
-0.31537299
-0.32230263
-0.28678049
-0.29315536
-0.29834256
-0.25827801
-0.26713186
-0.27443485
-0.24176916
-0.24874288
-0.25446366
-0.2255129
-0.23074228
-0.23500918
-0.42416185
-0.42924546
-0.43183817
-0.39419117
-0.39817989
-0.40021085
-0.36477819
-0.36775746
-0.36927198
-0.35386852
-0.35838828
-0.360697
-0.32785331
-0.33138156
-0.33318059
-0.30248055
-0.30510302
-0.30643786
-0.2803254
-0.28408876
-0.28601342
-0.25905747
-0.26198281
-0.26347602
-0.23842064
-0.24058619
-0.24168952
-0.32218341
-0.32715104
-0.33115866
-0.29895959
-0.30185647
-0.30418278
-0.27587445
-0.27683908
-0.27761019
-0.26579534
-0.27011199
-0.27360603
-0.24613034
-0.2486382
-0.25065821
-0.22668083
-0.22751292
-0.22817991
-0.2086292
-0.21215835
-0.21502204
-0.19287413
-0.19491823
-0.19656837
-0.17735461
-0.17803085
-0.17857401
-0.33433361
-0.33633566
-0.33735172
-0.30601895
-0.30717373
-0.30775888
-0.27821662
-0.27859701
-0.27878947
-0.27638156
-0.27813518
-0.27902617
-0.25225654
-0.25326352
-0.25377431
-0.22870564
-0.22903594
-0.22920322
-0.21730139
-0.21874361
-0.21947701
-0.19787639
-0.19870155
-0.19912042
-0.17900282
-0.17927255
-0.17940924
