MFEM mesh v1.0

#
# MFEM Geometry Types (see mesh/geom.hpp):
#
# POINT       = 0
# SEGMENT     = 1
# TRIANGLE    = 2
# SQUARE      = 3
# TETRAHEDRON = 4
# CUBE        = 5
#

dimension
3

elements
6
1 5 8 17 18 7 10 19 20 9
1 5 10 19 20 9 3 12 13 4
1 5 9 20 6 5 4 13 1 0
1 5 21 22 14 15 10 9 4 3
1 5 16 15 24 23 2 3 12 11
1 5 15 14 25 24 3 4 13 12

boundary
24
21 3 7 18 17 8
21 3 8 17 19 10
21 3 17 18 20 19
21 3 18 7 9 20
21 3 7 8 10 9
21 3 5 6 20 9
21 3 10 19 12 3
21 3 2 3 12 11
21 3 19 20 13 12
21 3 20 6 1 13
21 3 6 5 0 1
21 3 5 9 4 0
21 3 4 13 1 0
21 3 15 14 22 21
21 3 21 22 9 10
21 3 15 21 10 3
21 3 16 15 3 2
21 3 22 14 4 9
21 3 23 24 15 16
21 3 24 25 14 15
21 3 23 16 2 11
21 3 24 23 11 12
21 3 14 25 13 4
21 3 25 24 12 13

vertices
26

nodes
FiniteElementSpace
FiniteElementCollection: H1_3D_P4
VDim: 3
Ordering: 0

-0.28867513
-0.14433757
-0.28867513
-0.28867513
-0.28867513
-0.28867513
-0.14433757
-0.28867513
-0.28867513
-0.28867513
-0.28867513
-0.14433757
-0.14433757
-0.14433757
-0.37864925
-0.38463884
-0.37864925
-0.14433757
-0.14433757
-0.14433757
-0.14433757
-0.42041877
-0.40974402
-0.19368993
-0.19728907
-0.19368993
-0.26375191
-0.21650635
-0.16926079
-0.14433757
-0.14433757
-0.14433757
-0.26375191
-0.21650635
-0.16926079
-0.28867513
-0.28867513
-0.28867513
-0.26375191
-0.21650635
-0.16926079
-0.14433757
-0.14433757
-0.14433757
-0.26375191
-0.21650635
-0.16926079
-0.28867513
-0.28867513
-0.28867513
-0.28867513
-0.28867513
-0.28867513
-0.14433757
-0.14433757
-0.14433757
-0.14433757
-0.14433757
-0.14433757
-0.28867513
-0.28867513
-0.28867513
-0.26375191
-0.21650635
-0.16926079
-0.14433757
-0.14433757
-0.14433757
-0.26375191
-0.21650635
-0.16926079
-0.28867513
-0.28867513
-0.28867513
-0.28867513
-0.28867513
-0.28867513
-0.14433757
-0.14433757
-0.14433757
-0.14433757
-0.14433757
-0.14433757
-0.28867513
-0.28867513
-0.28867513
-0.14433757
-0.14433757
-0.14433757
-0.26375191
-0.21650635
-0.16926079
-0.28867513
-0.28867513
-0.28867513
-0.14433757
-0.14433757
-0.14433757
-0.26375191
-0.21650635
-0.16926079
-0.28867513
-0.28867513
-0.28867513
-0.14433757
-0.14433757
-0.14433757
-0.28867513
-0.28867513
-0.28867513
-0.42009818
-0.41773515
-0.41309509
-0.38538234
-0.39662121
-0.40577998
-0.38053624
-0.38313893
-0.38445987
-0.39236521
-0.40528814
-0.4158435
-0.3104492
-0.35281214
-0.39666146
-0.30882153
-0.34786205
-0.38805727
-0.30395098
-0.33320369
-0.36284937
-0.30487629
-0.33600514
-0.36769266
-0.38445987
-0.38313893
-0.38053624
-0.35339144
-0.29278126
-0.23061039
-0.19481997
-0.19638441
-0.19718101
-0.34768534
-0.28777162
-0.22648244
-0.28867513
-0.28867513
-0.28867513
-0.14433757
-0.14433757
-0.14433757
-0.26375191
-0.21650635
-0.16926079
-0.30395098
-0.33320369
-0.36284937
-0.15308918
-0.17011605
-0.18774034
-0.15255002
-0.16846444
-0.18484957
-0.34768534
-0.28777162
-0.22648244
-0.19718101
-0.19638441
-0.19481997
-0.15255002
-0.16846444
-0.18484957
-0.26375191
-0.21650635
-0.16926079
-0.26375191
-0.21650635
-0.16926079
-0.26375191
-0.21650635
-0.16926079
-0.26375191
-0.21650635
-0.16926079
-0.26375191
-0.21650635
-0.16926079
-0.26375191
-0.21650635
-0.16926079
-0.14433757
-0.14433757
-0.14433757
-0.14433757
-0.14433757
-0.14433757
-0.14433757
-0.14433757
-0.14433757
-0.16926079
-0.21650635
-0.26375191
-0.16926079
-0.21650635
-0.26375191
-0.16926079
-0.21650635
-0.26375191
-0.28867513
-0.28867513
-0.28867513
-0.28867513
-0.28867513
-0.28867513
-0.28867513
-0.28867513
-0.28867513
-0.26375191
-0.21650635
-0.16926079
-0.26375191
-0.21650635
-0.16926079
-0.26375191
-0.21650635
-0.16926079
-0.26375191
-0.21650635
-0.16926079
-0.26375191
-0.21650635
-0.16926079
-0.26375191
-0.21650635
-0.16926079
-0.14433757
-0.14433757
-0.14433757
-0.14433757
-0.14433757
-0.14433757
-0.14433757
-0.14433757
-0.14433757
-0.16926079
-0.21650635
-0.26375191
-0.16926079
-0.21650635
-0.26375191
-0.16926079
-0.21650635
-0.26375191
-0.28867513
-0.28867513
-0.28867513
-0.28867513
-0.28867513
-0.28867513
-0.28867513
-0.28867513
-0.28867513
-0.26375191
-0.21650635
-0.16926079
-0.26375191
-0.21650635
-0.16926079
-0.26375191
-0.21650635
-0.16926079
-0.26375191
-0.21650635
-0.16926079
-0.26375191
-0.21650635
-0.16926079
-0.26375191
-0.21650635
-0.16926079
-0.14433757
-0.14433757
-0.14433757
-0.14433757
-0.14433757
-0.14433757
-0.14433757
-0.14433757
-0.14433757
-0.16926079
-0.21650635
-0.26375191
-0.16926079
-0.21650635
-0.26375191
-0.16926079
-0.21650635
-0.26375191
-0.28867513
-0.28867513
-0.28867513
-0.28867513
-0.28867513
-0.28867513
-0.28867513
-0.28867513
-0.28867513
-0.26375191
-0.21650635
-0.16926079
-0.26375191
-0.21650635
-0.16926079
-0.26375191
-0.21650635
-0.16926079
-0.39215625
-0.3906146
-0.38758001
-0.4050283
-0.40311217
-0.39934527
-0.41554142
-0.41331449
-0.40894024
-0.39640343
-0.39450076
-0.39076106
-0.35266408
-0.35157158
-0.34942046
-0.31040064
-0.31004209
-0.30933488
-0.38485569
-0.3774452
-0.36832609
-0.34601328
-0.34171966
-0.33640835
-0.30821142
-0.30678986
-0.30502232
-0.3643765
-0.3664809
-0.36754811
-0.33408838
-0.33530543
-0.33592171
-0.30424364
-0.30464557
-0.3048488
-0.37397058
-0.3844433
-0.39297184
-0.33967163
-0.3457581
-0.35068725
-0.30609989
-0.30812138
-0.30974969
-0.22777901
-0.22957324
-0.23048651
-0.2893466
-0.29152388
-0.29263112
-0.34948155
-0.35196124
-0.35322074
-0.3643765
-0.3664809
-0.36754811
-0.33408838
-0.33530543
-0.33592171
-0.30424364
-0.30464557
-0.3048488
-0.33748938
-0.27914694
-0.21957645
-0.30783811
-0.25384351
-0.19917718
-0.27881552
-0.22922586
-0.17942775
-0.18765367
-0.18701453
-0.18575811
-0.17006666
-0.16970221
-0.1689845
-0.1530731
-0.15295435
-0.1527201
-0.21625808
-0.27511175
-0.332882
-0.19727828
-0.25152599
-0.30518018
-0.17880693
-0.22846557
-0.27793984
-0.26375191
-0.26375191
-0.26375191
-0.21650635
-0.21650635
-0.21650635
-0.16926079
-0.16926079
-0.16926079
-0.23048651
-0.22957324
-0.22777901
-0.29263112
-0.29152388
-0.2893466
-0.35322074
-0.35196124
-0.34948155
-0.332882
-0.27511175
-0.21625808
-0.30518018
-0.25152599
-0.19727828
-0.27793984
-0.22846557
-0.17880693
-0.18575811
-0.18701453
-0.18765367
-0.1689845
-0.16970221
-0.17006666
-0.1527201
-0.15295435
-0.1530731
-0.26375191
-0.21650635
-0.16926079
-0.26375191
-0.21650635
-0.16926079
-0.26375191
-0.21650635
-0.16926079
-0.26375191
-0.21650635
-0.16926079
-0.26375191
-0.21650635
-0.16926079
-0.26375191
-0.21650635
-0.16926079
-0.26375191
-0.21650635
-0.16926079
-0.26375191
-0.21650635
-0.16926079
-0.26375191
-0.21650635
-0.16926079
-0.26375191
-0.21650635
-0.16926079
-0.26375191
-0.21650635
-0.16926079
-0.26375191
-0.21650635
-0.16926079
-0.26375191
-0.21650635
-0.16926079
-0.26375191
-0.21650635
-0.16926079
-0.26375191
-0.21650635
-0.16926079
-0.26375191
-0.21650635
-0.16926079
-0.26375191
-0.21650635
-0.16926079
-0.26375191
-0.21650635
-0.16926079
-0.26375191
-0.21650635
-0.16926079
-0.26375191
-0.21650635
-0.16926079
-0.26375191
-0.21650635
-0.16926079
-0.26375191
-0.21650635
-0.16926079
-0.26375191
-0.21650635
-0.16926079
-0.26375191
-0.21650635
-0.16926079
-0.26375191
-0.21650635
-0.16926079
-0.26375191
-0.21650635
-0.16926079
-0.26375191
-0.21650635
-0.16926079
-0.39272855
-0.39093439
-0.38740692
-0.38423377
-0.38268809
-0.37964677
-0.37380188
-0.37255684
-0.37010408
-0.35054751
-0.34951624
-0.34748517
-0.34563748
-0.34474712
-0.34299233
-0.33957432
-0.33885573
-0.33743792
-0.30970381
-0.30936503
-0.30869669
-0.30808171
-0.30778866
-0.30721018
-0.30606783
-0.30583094
-0.30536283
-0.33433361
-0.33633566
-0.33735172
-0.27638156
-0.27813518
-0.27902617
-0.21730139
-0.21874361
-0.21947701
-0.30601895
-0.30717373
-0.30775888
-0.25225654
-0.25326352
-0.25377431
-0.19787639
-0.19870155
-0.19912042
-0.27821662
-0.27859701
-0.27878947
-0.22870564
-0.22903594
-0.22920322
-0.17900282
-0.17927255
-0.17940924
-0.33735172
-0.33633566
-0.33433361
-0.27902617
-0.27813518
-0.27638156
-0.21947701
-0.21874361
-0.21730139
-0.30775888
-0.30717373
-0.30601895
-0.25377431
-0.25326352
-0.25225654
-0.19912042
-0.19870155
-0.19787639
-0.27878947
-0.27859701
-0.27821662
-0.22920322
-0.22903594
-0.22870564
-0.17940924
-0.17927255
-0.17900282
0.28867513
0.28867513
-0.14433757
0
0.14433757
0.28867513
0.28867513
0.14433757
-1.9515639e-18
0.14433757
1.0842022e-18
-0.14433757
-2.1684043e-18
0.14433757
0.18319635
-1.3010426e-18
-0.18319635
9.9611075e-19
0.14433757
-1.4433441e-18
0.14433757
-1.2739376e-18
0.19368993
-0.19368993
-3.2526065e-19
0.19368993
-1.4605098e-18
1.9577049e-18
9.6561756e-19
0.024923225
0.072168784
0.11941434
0.14433757
0.14433757
0.14433757
0.11941434
0.072168784
0.024923225
-3.5542297e-20
-1.1401063e-18
3.5643146e-18
0.024923225
0.072168784
0.11941434
0.14433757
0.14433757
0.14433757
0.11941434
0.072168784
0.024923225
6.5073306e-19
1.3145951e-18
9.7578196e-19
-1.8705267e-18
2.1188529e-18
1.1587411e-18
0.14433757
0.14433757
0.14433757
0.14433757
0.14433757
0.14433757
9.6895275e-19
4.37069e-19
8.1315163e-19
0.024923225
0.072168784
0.11941434
0.14433757
0.14433757
0.14433757
0.024923225
0.072168784
0.11941434
-1.7347235e-18
-1.6263033e-18
2.1667103e-18
-1.7618285e-18
-2.5546514e-18
-4.0505645e-18
0.14433757
0.14433757
0.14433757
0.14433757
0.14433757
0.14433757
0.26375191
0.21650635
0.16926079
0.28867513
0.28867513
0.28867513
0.26375191
0.21650635
0.16926079
0.26375191
0.21650635
0.16926079
0.28867513
0.28867513
0.28867513
0.26375191
0.21650635
0.16926079
0.28867513
0.28867513
0.28867513
0.28867513
0.28867513
0.28867513
0.033696021
0.097405832
0.16063405
0.1854698
0.18926312
0.19235298
0.15180621
0.091947467
0.031789198
2.0599841e-18
-9.8933448e-19
-5.9631119e-19
7.5894152e-19
-1.7618285e-18
-8.1336339e-19
0.15255002
0.16846444
0.18484957
0.15093503
0.16356894
0.17637257
-2.6020852e-18
-1.8431437e-18
1.3027367e-18
-0.031789198
-0.091947467
-0.15180621
1.5958564e-18
1.8698252e-18
4.9466724e-19
-0.16063405
-0.097405832
-0.033696021
-0.1854698
-0.18926312
-0.19235298
-0.11941434
-0.072168784
-0.024923225
-0.11941434
-0.072168784
-0.024923225
-0.14433757
-0.14433757
-0.14433757
-0.15093503
-0.16356894
-0.17637257
1.3281477e-18
-2.2022857e-19
1.2613379e-18
-0.15255002
-0.16846444
-0.18484957
0.1854698
0.18926312
0.19235298
0.033696021
0.097405832
0.16063405
0.15255002
0.16846444
0.18484957
0.11941434
0.11941434
0.11941434
0.072168784
0.072168784
0.072168784
0.024923225
0.024923225
0.024923225
3.7683535e-18
1.2489327e-18
-6.8543296e-18
-7.0282476e-19
9.475387e-19
-5.3545188e-18
-1.561138e-18
-2.7719153e-19
-4.1674021e-18
0.024923225
0.072168784
0.11941434
0.024923225
0.072168784
0.11941434
0.024923225
0.072168784
0.11941434
0.14433757
0.14433757
0.14433757
0.14433757
0.14433757
0.14433757
0.14433757
0.14433757
0.14433757
0.11941434
0.072168784
0.024923225
0.11941434
0.072168784
0.024923225
0.11941434
0.072168784
0.024923225
0.024923225
0.024923225
0.024923225
0.072168784
0.072168784
0.072168784
0.11941434
0.11941434
0.11941434
1.3409314e-18
-3.5918498e-19
-1.9278205e-18
-2.8176551e-18
-6.2974782e-18
-3.9420913e-18
-1.8930657e-18
7.9621097e-19
1.2197274e-19
0.024923225
0.072168784
0.11941434
0.024923225
0.072168784
0.11941434
0.024923225
0.072168784
0.11941434
0.14433757
0.14433757
0.14433757
0.14433757
0.14433757
0.14433757
0.14433757
0.14433757
0.14433757
0.11941434
0.072168784
0.024923225
0.11941434
0.072168784
0.024923225
0.11941434
0.072168784
0.024923225
0.024923225
0.024923225
0.024923225
0.072168784
0.072168784
0.072168784
0.11941434
0.11941434
0.11941434
0.26375191
0.26375191
0.26375191
0.21650635
0.21650635
0.21650635
0.16926079
0.16926079
0.16926079
0.16926079
0.21650635
0.26375191
0.16926079
0.21650635
0.26375191
0.16926079
0.21650635
0.26375191
0.28867513
0.28867513
0.28867513
0.28867513
0.28867513
0.28867513
0.28867513
0.28867513
0.28867513
0.26375191
0.21650635
0.16926079
0.26375191
0.21650635
0.16926079
0.26375191
0.21650635
0.16926079
0.16926079
0.16926079
0.16926079
0.21650635
0.21650635
0.21650635
0.26375191
0.26375191
0.26375191
0.032200999
0.093127102
0.15371676
0.032889719
0.095098959
0.15690705
0.033452217
0.09670848
0.15950801
0.032114341
0.092862461
0.1532349
0.029194637
0.084467873
0.13953897
0.026373453
0.076346986
0.12625881
0.18377359
0.18128235
0.17821531
0.1678474
0.16641391
0.16463982
0.15234785
0.15187665
0.15129047
0.14610799
0.088459636
0.030576941
0.13542786
0.081932164
0.02830992
0.12490408
0.075512649
0.026082573
3.2534536e-18
2.4387137e-18
1.0842022e-19
3.469447e-18
-1.3688052e-18
0
8.6736174e-19
3.9573379e-18
1.7355705e-18
-0.15950801
-0.09670848
-0.033452217
-0.15690705
-0.095098959
-0.032889719
-0.15371676
-0.093127102
-0.032200999
-0.14610799
-0.088459636
-0.030576941
-0.13542786
-0.081932164
-0.02830992
-0.12490408
-0.075512649
-0.026082573
8.6673298e-19
2.7099793e-18
-2.9309987e-19
9.0844284e-19
3.2665826e-18
-1.4365679e-18
2.2260555e-18
2.5478751e-18
-1.0706496e-18
-0.032114341
-0.092862461
-0.1532349
-0.029194637
-0.084467873
-0.13953897
-0.026373453
-0.076346986
-0.12625881
-0.18377359
-0.18128235
-0.17821531
-0.1678474
-0.16641391
-0.16463982
-0.15234785
-0.15187665
-0.15129047
-0.11941434
-0.072168784
-0.024923225
-0.11941434
-0.072168784
-0.024923225
-0.11941434
-0.072168784
-0.024923225
0.033452217
0.09670848
0.15950801
0.032889719
0.095098959
0.15690705
0.032200999
0.093127102
0.15371676
0.17821531
0.18128235
0.18377359
0.16463982
0.16641391
0.1678474
0.15129047
0.15187665
0.15234785
0.1532349
0.092862461
0.032114341
0.13953897
0.084467873
0.029194637
0.12625881
0.076346986
0.026373453
0.024923225
0.024923225
0.024923225
0.072168784
0.072168784
0.072168784
0.11941434
0.11941434
0.11941434
0.024923225
0.024923225
0.024923225
0.072168784
0.072168784
0.072168784
0.11941434
0.11941434
0.11941434
0.024923225
0.024923225
0.024923225
0.072168784
0.072168784
0.072168784
0.11941434
0.11941434
0.11941434
0.024923225
0.024923225
0.024923225
0.072168784
0.072168784
0.072168784
0.11941434
0.11941434
0.11941434
0.024923225
0.024923225
0.024923225
0.072168784
0.072168784
0.072168784
0.11941434
0.11941434
0.11941434
0.024923225
0.024923225
0.024923225
0.072168784
0.072168784
0.072168784
0.11941434
0.11941434
0.11941434
0.16926079
0.16926079
0.16926079
0.21650635
0.21650635
0.21650635
0.26375191
0.26375191
0.26375191
0.16926079
0.16926079
0.16926079
0.21650635
0.21650635
0.21650635
0.26375191
0.26375191
0.26375191
0.16926079
0.16926079
0.16926079
0.21650635
0.21650635
0.21650635
0.26375191
0.26375191
0.26375191
0.031918549
0.092302161
0.15232928
0.031465955
0.091006511
0.15023361
0.030910145
0.089414503
0.14765571
0.029082793
0.084147523
0.13902028
0.028823335
0.083404136
0.13781586
0.028502938
0.0824857
0.13632636
0.026336944
0.076242327
0.12608908
0.026251958
0.075998632
0.12569362
0.026146444
0.075695943
0.12520201
-0.14765571
-0.089414503
-0.030910145
-0.15023361
-0.091006511
-0.031465955
-0.15232928
-0.092302161
-0.031918549
-0.13632636
-0.0824857
-0.028502938
-0.13781586
-0.083404136
-0.028823335
-0.13902028
-0.084147523
-0.029082793
-0.12520201
-0.075695943
-0.026146444
-0.12569362
-0.075998632
-0.026251958
-0.12608908
-0.076242327
-0.026336944
0.030910145
0.089414503
0.14765571
0.031465955
0.091006511
0.15023361
0.031918549
0.092302161
0.15232928
0.028502938
0.0824857
0.13632636
0.028823335
0.083404136
0.13781586
0.029082793
0.084147523
0.13902028
0.026146444
0.075695943
0.12520201
0.026251958
0.075998632
0.12569362
0.026336944
0.076242327
0.12608908
0.28867513
0.28867513
0.28867513
0.28867513
0.28867513
0.14433757
0.14433757
-5.8546917e-18
-2.1684043e-19
0.14433757
0.14433757
0.28867513
0.28867513
0.28867513
0.37864925
0.38463884
0.37864925
-7.3861273e-19
-7.5148763e-18
0.14433757
0.14433757
0.19728907
0.19368993
0.40974402
0.42041877
0.40974402
-7.532042e-18
7.6508251e-19
-1.3345851e-17
-3.7708451e-18
1.9490652e-17
-6.5390944e-18
4.8145551e-18
-8.2704297e-18
6.6000807e-18
-4.8789098e-18
-3.8895753e-18
-3.8307065e-19
0.14433757
0.14433757
0.14433757
0.14433757
0.14433757
0.14433757
0.14433757
0.14433757
0.14433757
0.14433757
0.14433757
0.14433757
0.024923225
0.072168784
0.11941434
0.024923225
0.072168784
0.11941434
0.024923225
0.072168784
0.11941434
0.024923225
0.072168784
0.11941434
0.28867513
0.28867513
0.28867513
0.28867513
0.28867513
0.28867513
0.28867513
0.28867513
0.28867513
0.28867513
0.28867513
0.28867513
0.26375191
0.21650635
0.16926079
0.26375191
0.21650635
0.16926079
0.26375191
0.21650635
0.16926079
0.26375191
0.21650635
0.16926079
0.14433757
0.14433757
0.14433757
0.14433757
0.14433757
0.14433757
0.14433757
0.14433757
0.14433757
0.28867513
0.28867513
0.28867513
0.28867513
0.28867513
0.28867513
0.28867513
0.28867513
0.28867513
0.26375191
0.21650635
0.16926079
0.26375191
0.21650635
0.16926079
0.19718101
0.19638441
0.19481997
0.34768534
0.28777162
0.22648244
0.38053624
0.38313893
0.38445987
0.35339144
0.29278126
0.23061039
0.15308918
0.17011605
0.18774034
0.15255002
0.16846444
0.18484957
0.30395098
0.33320369
0.36284937
0.30487629
0.33600514
0.36769266
0.38445987
0.38313893
0.38053624
0.39236521
0.40528814
0.4158435
0.41309509
0.41773515
0.42009818
0.38538234
0.39662121
0.40577998
0.28867513
0.28867513
0.28867513
0.28867513
0.28867513
0.28867513
0.28867513
0.28867513
0.28867513
0.30395098
0.33320369
0.36284937
0.3104492
0.35281214
0.39666146
0.30882153
0.34786205
0.38805727
0.38538234
0.39662121
0.40577998
0.42009818
0.41773515
0.41309509
0.30882153
0.34786205
0.38805727
-9.2799474e-18
-4.7827715e-18
6.4069572e-18
1.1956083e-17
-1.3581538e-17
6.0531092e-18
5.8911888e-18
-9.7328631e-18
-1.4436485e-18
0.024923225
0.024923225
0.024923225
0.072168784
0.072168784
0.072168784
0.11941434
0.11941434
0.11941434
0.024923225
0.024923225
0.024923225
0.072168784
0.072168784
0.072168784
0.11941434
0.11941434
0.11941434
0.024923225
0.024923225
0.024923225
0.072168784
0.072168784
0.072168784
0.11941434
0.11941434
0.11941434
0.024923225
0.024923225
0.024923225
0.072168784
0.072168784
0.072168784
0.11941434
0.11941434
0.11941434
0.14433757
0.14433757
0.14433757
0.14433757
0.14433757
0.14433757
0.14433757
0.14433757
0.14433757
0.16926079
0.16926079
0.16926079
0.21650635
0.21650635
0.21650635
0.26375191
0.26375191
0.26375191
0.16926079
0.16926079
0.16926079
0.21650635
0.21650635
0.21650635
0.26375191
0.26375191
0.26375191
0.16926079
0.16926079
0.16926079
0.21650635
0.21650635
0.21650635
0.26375191
0.26375191
0.26375191
0.16926079
0.16926079
0.16926079
0.21650635
0.21650635
0.21650635
0.26375191
0.26375191
0.26375191
0.28867513
0.28867513
0.28867513
0.28867513
0.28867513
0.28867513
0.28867513
0.28867513
0.28867513
0.14433757
0.14433757
0.14433757
0.14433757
0.14433757
0.14433757
0.14433757
0.14433757
0.14433757
0.16926079
0.16926079
0.16926079
0.21650635
0.21650635
0.21650635
0.26375191
0.26375191
0.26375191
0.16926079
0.16926079
0.16926079
0.21650635
0.21650635
0.21650635
0.26375191
0.26375191
0.26375191
0.16926079
0.16926079
0.16926079
0.21650635
0.21650635
0.21650635
0.26375191
0.26375191
0.26375191
0.28867513
0.28867513
0.28867513
0.28867513
0.28867513
0.28867513
0.28867513
0.28867513
0.28867513
0.35322074
0.35196124
0.34948155
0.29263112
0.29152388
0.2893466
0.23048651
0.22957324
0.22777901
0.18765367
0.18701453
0.18575811
0.17006666
0.16970221
0.1689845
0.1530731
0.15295435
0.1527201
0.21625808
0.27511175
0.332882
0.19727828
0.25152599
0.30518018
0.17880693
0.22846557
0.27793984
0.3643765
0.3664809
0.36754811
0.33408838
0.33530543
0.33592171
0.30424364
0.30464557
0.3048488
0.33748938
0.27914694
0.21957645
0.30783811
0.25384351
0.19917718
0.27881552
0.22922586
0.17942775
0.40894024
0.41331449
0.41554142
0.39934527
0.40311217
0.4050283
0.38758001
0.3906146
0.39215625
0.3643765
0.3664809
0.36754811
0.33408838
0.33530543
0.33592171
0.30424364
0.30464557
0.3048488
0.37397058
0.3844433
0.39297184
0.33967163
0.3457581
0.35068725
0.30609989
0.30812138
0.30974969
0.39640343
0.39450076
0.39076106
0.35266408
0.35157158
0.34942046
0.31040064
0.31004209
0.30933488
0.38485569
0.3774452
0.36832609
0.34601328
0.34171966
0.33640835
0.30821142
0.30678986
0.30502232
0.28867513
0.28867513
0.28867513
0.28867513
0.28867513
0.28867513
0.28867513
0.28867513
0.28867513
0.41554142
0.41331449
0.40894024
0.4050283
0.40311217
0.39934527
0.39215625
0.3906146
0.38758001
0.36832609
0.3774452
0.38485569
0.33640835
0.34171966
0.34601328
0.30502232
0.30678986
0.30821142
0.39076106
0.39450076
0.39640343
0.34942046
0.35157158
0.35266408
0.30933488
0.31004209
0.31040064
0.024923225
0.024923225
0.024923225
0.024923225
0.024923225
0.024923225
0.024923225
0.024923225
0.024923225
0.072168784
0.072168784
0.072168784
0.072168784
0.072168784
0.072168784
0.072168784
0.072168784
0.072168784
0.11941434
0.11941434
0.11941434
0.11941434
0.11941434
0.11941434
0.11941434
0.11941434
0.11941434
0.16926079
0.16926079
0.16926079
0.16926079
0.16926079
0.16926079
0.16926079
0.16926079
0.16926079
0.21650635
0.21650635
0.21650635
0.21650635
0.21650635
0.21650635
0.21650635
0.21650635
0.21650635
0.26375191
0.26375191
0.26375191
0.26375191
0.26375191
0.26375191
0.26375191
0.26375191
0.26375191
0.16926079
0.16926079
0.16926079
0.16926079
0.16926079
0.16926079
0.16926079
0.16926079
0.16926079
0.21650635
0.21650635
0.21650635
0.21650635
0.21650635
0.21650635
0.21650635
0.21650635
0.21650635
0.26375191
0.26375191
0.26375191
0.26375191
0.26375191
0.26375191
0.26375191
0.26375191
0.26375191
0.21947701
0.21874361
0.21730139
0.27902617
0.27813518
0.27638156
0.33735172
0.33633566
0.33433361
0.19912042
0.19870155
0.19787639
0.25377431
0.25326352
0.25225654
0.30775888
0.30717373
0.30601895
0.17940924
0.17927255
0.17900282
0.22920322
0.22903594
0.22870564
0.27878947
0.27859701
0.27821662
0.37010408
0.37255684
0.37380188
0.37964677
0.38268809
0.38423377
0.38740692
0.39093439
0.39272855
0.33743792
0.33885573
0.33957432
0.34299233
0.34474712
0.34563748
0.34748517
0.34951624
0.35054751
0.30536283
0.30583094
0.30606783
0.30721018
0.30778866
0.30808171
0.30869669
0.30936503
0.30970381
0.37380188
0.37255684
0.37010408
0.38423377
0.38268809
0.37964677
0.39272855
0.39093439
0.38740692
0.33957432
0.33885573
0.33743792
0.34563748
0.34474712
0.34299233
0.35054751
0.34951624
0.34748517
0.30606783
0.30583094
0.30536283
0.30808171
0.30778866
0.30721018
0.30970381
0.30936503
0.30869669
