MFEM mesh v1.0

#
# MFEM Geometry Types (see mesh/geom.hpp):
#
# POINT       = 0
# SEGMENT     = 1
# TRIANGLE    = 2
# SQUARE      = 3
# TETRAHEDRON = 4
# CUBE        = 5
#

dimension
3

elements
8
1 5 10 18 8 4 11 19 9 5
1 5 20 21 13 14 23 24 16 17
1 5 21 22 12 13 24 25 15 16
1 5 22 10 4 12 25 11 5 15
1 5 25 11 5 15 6 3 0 2
1 5 13 12 27 26 16 15 29 28
1 5 12 4 8 27 15 5 9 29
1 5 15 5 9 29 2 0 1 7

boundary
28
19 3 6 3 0 2
19 3 2 0 1 7
19 3 4 8 18 10
19 3 10 18 19 11
19 3 18 8 9 19
19 3 11 19 9 5
19 3 5 9 1 0
19 3 11 5 0 3
19 3 14 13 21 20
19 3 13 12 22 21
19 3 12 4 10 22
19 3 20 21 24 23
19 3 21 22 25 24
19 3 22 10 11 25
19 3 14 20 23 17
19 3 13 14 17 16
19 3 23 24 16 17
19 3 24 25 15 16
19 3 25 11 3 6
19 3 15 25 6 2
19 3 26 27 12 13
19 3 27 8 4 12
19 3 26 13 16 28
19 3 27 26 28 29
19 3 16 15 29 28
19 3 8 27 29 9
19 3 29 15 2 7
19 3 9 29 7 1

vertices
30

nodes
FiniteElementSpace
FiniteElementCollection: H1_3D_P4
VDim: 3
Ordering: 0

-0.28867513
-0.14433757
-0.28867513
-0.28867513
-0.4330127
-0.36084392
-0.28867513
-0.14433757
-0.22368927
-0.18319635
-0.47240707
-0.37864925
-0.47240707
-0.48603889
-0.47240707
-0.37864925
-0.38463884
-0.37864925
-0.24775119
-0.19368993
-0.54236453
-0.56723152
-0.54236453
-0.40974402
-0.42041877
-0.40974402
-0.25629728
-0.24775119
-0.19728907
-0.19368993
-0.43609876
-0.3642077
-0.28876571
-0.22879749
-0.23744835
-0.24461567
-0.39845788
-0.33097257
-0.26123552
-0.44150297
-0.45572427
-0.46735889
-0.34768534
-0.28777162
-0.22648244
-0.1854698
-0.18926312
-0.19235298
-0.3308016
-0.27305464
-0.21442052
-0.36474496
-0.3712003
-0.37640913
-0.455937
-0.42504043
-0.39456189
-0.23805083
-0.22009081
-0.20267041
-0.21657604
-0.20323217
-0.19006884
-0.42055109
-0.39692831
-0.37330553
-0.55012271
-0.56093773
-0.56647815
-0.50319416
-0.53234703
-0.55659596
-0.4856287
-0.48260673
-0.47668054
-0.48725134
-0.51239955
-0.5332435
-0.41309509
-0.41773515
-0.42009818
-0.39236521
-0.40528814
-0.4158435
-0.38445987
-0.38313893
-0.38053624
-0.38538234
-0.39662121
-0.40577998
-0.51856807
-0.4745094
-0.4317745
-0.54069314
-0.49178441
-0.4446241
-0.46812151
-0.43463085
-0.40174699
-0.455937
-0.42504043
-0.39456189
-0.56647815
-0.56093773
-0.55012271
-0.48725134
-0.51239955
-0.5332435
-0.47668054
-0.48260673
-0.4856287
-0.42009818
-0.41773515
-0.41309509
-0.38538234
-0.39662121
-0.40577998
-0.38053624
-0.38313893
-0.38445987
-0.51856807
-0.4745094
-0.4317745
-0.455937
-0.42504043
-0.39456189
-0.48725134
-0.51239955
-0.5332435
-0.44150297
-0.45572427
-0.46735889
-0.38538234
-0.39662121
-0.40577998
-0.36474496
-0.3712003
-0.37640913
-0.28867513
-0.28867513
-0.28867513
-0.28867513
-0.28867513
-0.28867513
-0.28867513
-0.28867513
-0.28867513
-0.28867513
-0.28867513
-0.28867513
-0.30882153
-0.34786205
-0.38805727
-0.30395098
-0.33320369
-0.36284937
-0.30113675
-0.32475953
-0.34838231
-0.30395098
-0.33320369
-0.36284937
-0.43609876
-0.3642077
-0.28876571
-0.25603842
-0.25413461
-0.25041783
-0.4492025
-0.37588867
-0.29851333
-0.34768534
-0.28777162
-0.22648244
-0.19718101
-0.19638441
-0.19481997
-0.35339144
-0.29278126
-0.23061039
-0.23805083
-0.22009081
-0.20267041
-0.24563076
-0.22597295
-0.20701788
-0.22879749
-0.23744835
-0.24461567
-0.1854698
-0.18926312
-0.19235298
-0.26375191
-0.21650635
-0.16926079
-0.14433757
-0.14433757
-0.14433757
-0.26375191
-0.21650635
-0.16926079
-0.15093503
-0.16356894
-0.17637257
-0.15255002
-0.16846444
-0.18484957
-0.4065422
-0.33807137
-0.26709061
-0.42011781
-0.3500401
-0.27699329
-0.43125656
-0.35990592
-0.28518538
-0.42049661
-0.35061557
-0.27762052
-0.39130993
-0.32530876
-0.2569503
-0.36262217
-0.30058548
-0.23685745
-0.23526359
-0.22887988
-0.22115153
-0.21791895
-0.2129265
-0.20684838
-0.20105879
-0.19734097
-0.19278971
-0.25302965
-0.32087171
-0.38673177
-0.23761548
-0.30183931
-0.36455341
-0.22238348
-0.28295631
-0.34244047
-0.42819936
-0.44098333
-0.45141694
-0.40303736
-0.41320792
-0.42147109
-0.37794959
-0.38565054
-0.39187915
-0.34555474
-0.28590578
-0.22494787
-0.34060781
-0.28158332
-0.22139884
-0.33449086
-0.27625716
-0.21703712
-0.492243
-0.49917463
-0.50271358
-0.518634
-0.52730812
-0.53174422
-0.54053292
-0.5506888
-0.55588899
-0.52547852
-0.53510011
-0.5400239
-0.47991613
-0.48742721
-0.49126339
-0.43580418
-0.44139012
-0.44423764
-0.53122766
-0.50960064
-0.48351517
-0.48438922
-0.46742605
-0.44684203
-0.43911919
-0.42644387
-0.41097246
-0.46775532
-0.46505666
-0.45976008
-0.43434329
-0.4322228
-0.42805449
-0.40153204
-0.39994606
-0.39682364
-0.4692747
-0.49181143
-0.51043472
-0.43564612
-0.45347902
-0.46813286
-0.40259239
-0.41603046
-0.42701259
-0.40894024
-0.41331449
-0.41554142
-0.39934527
-0.40311217
-0.4050283
-0.38758001
-0.3906146
-0.39215625
-0.50271358
-0.49917463
-0.492243
-0.53174422
-0.52730812
-0.518634
-0.55588899
-0.5506888
-0.54053292
-0.5400239
-0.53510011
-0.52547852
-0.49126339
-0.48742721
-0.47991613
-0.44423764
-0.44139012
-0.43580418
-0.51043472
-0.49181143
-0.4692747
-0.46813286
-0.45347902
-0.43564612
-0.42701259
-0.41603046
-0.40259239
-0.45976008
-0.46505666
-0.46775532
-0.42805449
-0.4322228
-0.43434329
-0.39682364
-0.39994606
-0.40153204
-0.41554142
-0.41331449
-0.40894024
-0.4050283
-0.40311217
-0.39934527
-0.39215625
-0.3906146
-0.38758001
-0.48136214
-0.46781941
-0.45132243
-0.50505703
-0.48822494
-0.46781941
-0.52466922
-0.50505703
-0.48136214
-0.51043472
-0.49181143
-0.4692747
-0.46813286
-0.45347902
-0.43564612
-0.42701259
-0.41603046
-0.40259239
-0.42819936
-0.44098333
-0.45141694
-0.40303736
-0.41320792
-0.42147109
-0.37794959
-0.38565054
-0.39187915
-0.4020404
-0.39339497
-0.38277607
-0.39339497
-0.38592468
-0.3767269
-0.38277607
-0.3767269
-0.36925134
-0.38485569
-0.3774452
-0.36832609
-0.34601328
-0.34171966
-0.33640835
-0.30821142
-0.30678986
-0.30502232
-0.36103496
-0.35680964
-0.35156084
-0.33215092
-0.32969232
-0.3266246
-0.30360219
-0.30278533
-0.3017616
-0.35156084
-0.35680964
-0.36103496
-0.3266246
-0.32969232
-0.33215092
-0.3017616
-0.30278533
-0.30360219
-0.36832609
-0.3774452
-0.38485569
-0.33640835
-0.34171966
-0.34601328
-0.30502232
-0.30678986
-0.30821142
-0.28867513
-0.28867513
-0.28867513
-0.28867513
-0.28867513
-0.28867513
-0.28867513
-0.28867513
-0.28867513
-0.29821831
-0.29604809
-0.29180896
-0.3755358
-0.37293873
-0.36785939
-0.4488076
-0.44589941
-0.44020226
-0.42049661
-0.35061557
-0.27762052
-0.39130993
-0.32530876
-0.2569503
-0.36262217
-0.30058548
-0.23685745
-0.24041864
-0.24371491
-0.24540153
-0.22193207
-0.22448956
-0.22579558
-0.204034
-0.2059239
-0.20688716
-0.28627495
-0.36101058
-0.43219011
-0.26367877
-0.33342478
-0.40048637
-0.24183923
-0.30661892
-0.36947731
-0.35322074
-0.35196124
-0.34948155
-0.29263112
-0.29152388
-0.2893466
-0.23048651
-0.22957324
-0.22777901
-0.28518538
-0.27699329
-0.26709061
-0.35990592
-0.3500401
-0.33807137
-0.43125656
-0.42011781
-0.4065422
-0.22115153
-0.22887988
-0.23526359
-0.20684838
-0.2129265
-0.21791895
-0.19278971
-0.19734097
-0.20105879
-0.34555474
-0.34060781
-0.33449086
-0.28590578
-0.28158332
-0.27625716
-0.22494787
-0.22139884
-0.21703712
-0.31918082
-0.26319381
-0.2065069
-0.29720144
-0.24461235
-0.19163929
-0.27528662
-0.22617501
-0.17694426
-0.17821531
-0.18128235
-0.18377359
-0.16463982
-0.16641391
-0.1678474
-0.15129047
-0.15187665
-0.15234785
-0.21625808
-0.27511175
-0.332882
-0.19727828
-0.25152599
-0.30518018
-0.17880693
-0.22846557
-0.27793984
-0.26375191
-0.26375191
-0.26375191
-0.21650635
-0.21650635
-0.21650635
-0.16926079
-0.16926079
-0.16926079
-0.41616758
-0.34677967
-0.27443485
-0.40619302
-0.33796663
-0.26713186
-0.39400554
-0.32724569
-0.25827801
-0.38790106
-0.32230263
-0.25446366
-0.38002253
-0.31537299
-0.24874288
-0.37035021
-0.30689972
-0.24176916
-0.36006702
-0.29834256
-0.23500918
-0.35414369
-0.29315536
-0.23074228
-0.34683744
-0.28678049
-0.2255129
-0.51693222
-0.52597413
-0.53059914
-0.49737691
-0.50511183
-0.50906381
-0.47373745
-0.47992842
-0.48308646
-0.47322291
-0.48029083
-0.48389922
-0.45785059
-0.46391388
-0.46700627
-0.43916077
-0.44402738
-0.44650579
-0.43081065
-0.43607342
-0.43875526
-0.41930038
-0.42382674
-0.42613126
-0.4052275
-0.40886957
-0.41072138
-0.53059914
-0.52597413
-0.51693222
-0.50906381
-0.50511183
-0.49737691
-0.48308646
-0.47992842
-0.47373745
-0.48389922
-0.48029083
-0.47322291
-0.46700627
-0.46391388
-0.45785059
-0.44650579
-0.44402738
-0.43916077
-0.43875526
-0.43607342
-0.43081065
-0.42613126
-0.42382674
-0.41930038
-0.41072138
-0.40886957
-0.4052275
-0.50278377
-0.48525025
-0.46400471
-0.48525025
-0.47018262
-0.45186615
-0.46400471
-0.45186615
-0.43704237
-0.46212732
-0.44831578
-0.43148865
-0.44831578
-0.43641919
-0.42188331
-0.43148865
-0.42188331
-0.41009744
-0.42252275
-0.41216138
-0.39947009
-0.41216138
-0.40321767
-0.3922346
-0.39947009
-0.3922346
-0.38331489
-0.38183383
-0.37483534
-0.3662157
-0.37483534
-0.36878219
-0.36130984
-0.3662157
-0.36130984
-0.35523236
-0.34426669
-0.34020838
-0.33518431
-0.34020838
-0.33669224
-0.33233052
-0.33518431
-0.33233052
-0.32877894
-0.30763456
-0.30628989
-0.30461684
-0.30628989
-0.3051231
-0.30366876
-0.30461684
-0.30366876
-0.30248349
-0.43183817
-0.42924546
-0.42416185
-0.360697
-0.35838828
-0.35386852
-0.28601342
-0.28408876
-0.2803254
-0.40021085
-0.39817989
-0.39419117
-0.33318059
-0.33138156
-0.32785331
-0.26347602
-0.26198281
-0.25905747
-0.36927198
-0.36775746
-0.36477819
-0.30643786
-0.30510302
-0.30248055
-0.24168952
-0.24058619
-0.23842064
-0.41616758
-0.40619302
-0.39400554
-0.34677967
-0.33796663
-0.32724569
-0.27443485
-0.26713186
-0.25827801
-0.38790106
-0.38002253
-0.37035021
-0.32230263
-0.31537299
-0.30689972
-0.25446366
-0.24874288
-0.24176916
-0.36006702
-0.35414369
-0.34683744
-0.29834256
-0.29315536
-0.28678049
-0.23500918
-0.23074228
-0.2255129
-0.33115866
-0.32715104
-0.32218341
-0.27360603
-0.27011199
-0.26579534
-0.21502204
-0.21215835
-0.2086292
-0.30418278
-0.30185647
-0.29895959
-0.25065821
-0.2486382
-0.24613034
-0.19656837
-0.19491823
-0.19287413
-0.27761019
-0.27683908
-0.27587445
-0.22817991
-0.22751292
-0.22668083
-0.17857401
-0.17803085
-0.17735461
0.28867513
0.28867513
0.14433757
0.28867513
0.4330127
0.36084392
0.14433757
0.14433757
0.47240707
0.37864925
0.47240707
0.37864925
0.22368927
5.0957502e-18
-0.22368927
0.18319635
-1.3010426e-18
-0.18319635
0.54236453
0.40974402
-0.24775119
-3.496552e-18
0.24775119
-0.19368993
-1.2739376e-18
0.19368993
-5.3329194e-18
0.24775119
-3.2526065e-19
0.19368993
0.48725134
0.51239955
0.5332435
0.48725134
0.51239955
0.5332435
0.44150297
0.45572427
0.46735889
0.44150297
0.45572427
0.46735889
0.38538234
0.39662121
0.40577998
0.38538234
0.39662121
0.40577998
0.36474496
0.3712003
0.37640913
0.36474496
0.3712003
0.37640913
0.455937
0.42504043
0.39456189
0.51856807
0.4745094
0.4317745
0.455937
0.42504043
0.39456189
0.42055109
0.39692831
0.37330553
-0.20603062
-0.12540839
-0.043467228
1.1384123e-18
1.2468325e-18
-1.0027811e-18
-0.03904111
-0.11277388
-0.18570841
-0.22879749
-0.23744835
-0.24461567
-0.16063405
-0.097405832
-0.033696021
2.0599841e-18
-9.8933448e-19
-5.9631119e-19
-0.031789198
-0.091947467
-0.15180621
-0.1854698
-0.18926312
-0.19235298
-0.23805083
-0.22009081
-0.20267041
-4.7430404e-18
-3.2797116e-18
-2.8866883e-18
-4.3389263e-19
-1.3552527e-20
3.5778672e-18
-0.21657604
-0.20323217
-0.19006884
0.043467228
0.12540839
0.20603062
0.22879749
0.23744835
0.24461567
0.18570841
0.11277388
0.03904111
0.033696021
0.097405832
0.16063405
0.1854698
0.18926312
0.19235298
0.15180621
0.091947467
0.031789198
0.23805083
0.22009081
0.20267041
0.21657604
0.20323217
0.19006884
0.43609876
0.3642077
0.28876571
0.39845788
0.33097257
0.26123552
0.34768534
0.28777162
0.22648244
0.3308016
0.27305464
0.21442052
0.26375191
0.21650635
0.16926079
0.28867513
0.28867513
0.28867513
0.26375191
0.21650635
0.16926079
0.14433757
0.14433757
0.14433757
0.15255002
0.16846444
0.18484957
0.30395098
0.33320369
0.36284937
0.30113675
0.32475953
0.34838231
0.15093503
0.16356894
0.17637257
0.22879749
0.23744835
0.24461567
0.043467228
0.12540839
0.20603062
1.4781387e-19
4.679857e-19
1.2688554e-18
0.1854698
0.18926312
0.19235298
0.033696021
0.097405832
0.16063405
1.5958564e-18
1.8698252e-18
4.9466724e-19
0.23805083
0.22009081
0.20267041
-1.7212371e-18
1.1142718e-18
-9.7578196e-19
0.43609876
0.3642077
0.28876571
0.34768534
0.28777162
0.22648244
0.28867513
0.28867513
0.28867513
0.26375191
0.21650635
0.16926079
0.14433757
0.14433757
0.14433757
0.30395098
0.33320369
0.36284937
0.15255002
0.16846444
0.18484957
0.45132243
0.46781941
0.48136214
0.46781941
0.48822494
0.50505703
0.48136214
0.50505703
0.52466922
0.4692747
0.49181143
0.51043472
0.43564612
0.45347902
0.46813286
0.40259239
0.41603046
0.42701259
0.51043472
0.49181143
0.4692747
0.46813286
0.45347902
0.43564612
0.42701259
0.41603046
0.40259239
0.45141694
0.44098333
0.42819936
0.42147109
0.41320792
0.40303736
0.39187915
0.38565054
0.37794959
0.42819936
0.44098333
0.45141694
0.40303736
0.41320792
0.42147109
0.37794959
0.38565054
0.39187915
0.38277607
0.39339497
0.4020404
0.3767269
0.38592468
0.39339497
0.36925134
0.3767269
0.38277607
-0.19001621
-0.11544658
-0.03997644
-0.19731955
-0.11998457
-0.041565734
-0.20337802
-0.12375551
-0.042887532
-0.19786612
-0.12035597
-0.041701345
-0.18277153
-0.11103377
-0.038446466
-0.16815746
-0.10203144
-0.035307387
4.3399851e-19
1.7210518e-18
1.7347235e-18
-1.6364809e-18
2.2014386e-18
1.9718927e-18
-5.1510191e-19
2.4530074e-18
4.0657581e-18
-0.037759923
-0.10909928
-0.17974195
-0.035364906
-0.10222457
-0.16856199
-0.033012953
-0.095466518
-0.15754944
-0.22115153
-0.22887988
-0.23526359
-0.20684838
-0.2129265
-0.21791895
-0.19278971
-0.19734097
-0.20105879
-0.15950801
-0.09670848
-0.033452217
-0.15690705
-0.095098959
-0.032889719
-0.15371676
-0.093127102
-0.032200999
0.03997644
0.11544658
0.19001621
0.041565734
0.11998457
0.19731955
0.042887532
0.12375551
0.20337802
0.041701345
0.12035597
0.19786612
0.038446466
0.11103377
0.18277153
0.035307387
0.10203144
0.16815746
0.23526359
0.22887988
0.22115153
0.21791895
0.2129265
0.20684838
0.20105879
0.19734097
0.19278971
0.17974195
0.10909928
0.037759923
0.16856199
0.10222457
0.035364906
0.15754944
0.095466518
0.033012953
0.033452217
0.09670848
0.15950801
0.032889719
0.095098959
0.15690705
0.032200999
0.093127102
0.15371676
0.26709061
0.33807137
0.4065422
0.27699329
0.3500401
0.42011781
0.28518538
0.35990592
0.43125656
0.27762052
0.35061557
0.42049661
0.2569503
0.32530876
0.39130993
0.23685745
0.30058548
0.36262217
0.38673177
0.32087171
0.25302965
0.36455341
0.30183931
0.23761548
0.34244047
0.28295631
0.22238348
0.22494787
0.28590578
0.34555474
0.22139884
0.28158332
0.34060781
0.21703712
0.27625716
0.33449086
0.21625808
0.27511175
0.332882
0.19727828
0.25152599
0.30518018
0.17880693
0.22846557
0.27793984
0.36103496
0.35680964
0.35156084
0.33215092
0.32969232
0.3266246
0.30360219
0.30278533
0.3017616
0.31918082
0.26319381
0.2065069
0.29720144
0.24461235
0.19163929
0.27528662
0.22617501
0.17694426
0.17821531
0.18128235
0.18377359
0.16463982
0.16641391
0.1678474
0.15129047
0.15187665
0.15234785
0.16926079
0.21650635
0.26375191
0.16926079
0.21650635
0.26375191
0.16926079
0.21650635
0.26375191
0.042887532
0.12375551
0.20337802
0.041565734
0.11998457
0.19731955
0.03997644
0.11544658
0.19001621
0.22115153
0.22887988
0.23526359
0.20684838
0.2129265
0.21791895
0.19278971
0.19734097
0.20105879
0.19786612
0.12035597
0.041701345
0.18277153
0.11103377
0.038446466
0.16815746
0.10203144
0.035307387
-5.0416493e-18
1.531687e-18
1.9778087e-18
-1.3345004e-18
6.2593088e-19
1.1737238e-18
-1.3078189e-18
2.0261028e-18
5.5396286e-19
0.032200999
0.093127102
0.15371676
0.032889719
0.095098959
0.15690705
0.033452217
0.09670848
0.15950801
0.28518538
0.35990592
0.43125656
0.27699329
0.3500401
0.42011781
0.26709061
0.33807137
0.4065422
0.42049661
0.35061557
0.27762052
0.39130993
0.32530876
0.2569503
0.36262217
0.30058548
0.23685745
0.21703712
0.27625716
0.33449086
0.22139884
0.28158332
0.34060781
0.22494787
0.28590578
0.34555474
0.35156084
0.35680964
0.36103496
0.3266246
0.32969232
0.33215092
0.3017616
0.30278533
0.30360219
0.332882
0.27511175
0.21625808
0.30518018
0.25152599
0.19727828
0.27793984
0.22846557
0.17880693
0.18377359
0.18128235
0.17821531
0.1678474
0.16641391
0.16463982
0.15234785
0.15187665
0.15129047
0.16926079
0.21650635
0.26375191
0.16926079
0.21650635
0.26375191
0.16926079
0.21650635
0.26375191
0.46400471
0.48525025
0.50278377
0.45186615
0.47018262
0.48525025
0.43704237
0.45186615
0.46400471
0.43148865
0.44831578
0.46212732
0.42188331
0.43641919
0.44831578
0.41009744
0.42188331
0.43148865
0.39947009
0.41216138
0.42252275
0.3922346
0.40321767
0.41216138
0.38331489
0.3922346
0.39947009
-0.19551008
-0.11888954
-0.041187341
-0.19011809
-0.11553701
-0.040012847
-0.18359808
-0.11148964
-0.038596074
-0.18093839
-0.10989516
-0.038047789
-0.17672741
-0.10728203
-0.037133242
-0.17160611
-0.10410854
-0.036023374
-0.1667991
-0.10118939
-0.035012842
-0.16366742
-0.099249616
-0.034334602
-0.1598373
-0.096880245
-0.033506675
0.041187341
0.11888954
0.19551008
0.040012847
0.11553701
0.19011809
0.038596074
0.11148964
0.18359808
0.038047789
0.10989516
0.18093839
0.037133242
0.10728203
0.17672741
0.036023374
0.10410854
0.17160611
0.035012842
0.10118939
0.1667991
0.034334602
0.099249616
0.16366742
0.033506675
0.096880245
0.1598373
0.27443485
0.34677967
0.41616758
0.26713186
0.33796663
0.40619302
0.25827801
0.32724569
0.39400554
0.25446366
0.32230263
0.38790106
0.24874288
0.31537299
0.38002253
0.24176916
0.30689972
0.37035021
0.23500918
0.29834256
0.36006702
0.23074228
0.29315536
0.35414369
0.2255129
0.28678049
0.34683744
0.21502204
0.27360603
0.33115866
0.21215835
0.27011199
0.32715104
0.2086292
0.26579534
0.32218341
0.19656837
0.25065821
0.30418278
0.19491823
0.2486382
0.30185647
0.19287413
0.24613034
0.29895959
0.17857401
0.22817991
0.27761019
0.17803085
0.22751292
0.27683908
0.17735461
0.22668083
0.27587445
0.038596074
0.11148964
0.18359808
0.040012847
0.11553701
0.19011809
0.041187341
0.11888954
0.19551008
0.036023374
0.10410854
0.17160611
0.037133242
0.10728203
0.17672741
0.038047789
0.10989516
0.18093839
0.033506675
0.096880245
0.1598373
0.034334602
0.099249616
0.16366742
0.035012842
0.10118939
0.1667991
0.25827801
0.32724569
0.39400554
0.26713186
0.33796663
0.40619302
0.27443485
0.34677967
0.41616758
0.24176916
0.30689972
0.37035021
0.24874288
0.31537299
0.38002253
0.25446366
0.32230263
0.38790106
0.2255129
0.28678049
0.34683744
0.23074228
0.29315536
0.35414369
0.23500918
0.29834256
0.36006702
0.2086292
0.26579534
0.32218341
0.21215835
0.27011199
0.32715104
0.21502204
0.27360603
0.33115866
0.19287413
0.24613034
0.29895959
0.19491823
0.2486382
0.30185647
0.19656837
0.25065821
0.30418278
0.17735461
0.22668083
0.27587445
0.17803085
0.22751292
0.27683908
0.17857401
0.22817991
0.27761019
0.28867513
0.28867513
0.28867513
0.14433757
0.4330127
0.36084392
0.14433757
0.28867513
0.47240707
0.37864925
0.22368927
0.18319635
0.47240707
0.48603889
0.47240707
0.37864925
0.38463884
0.37864925
0.24775119
0.19368993
0.24775119
0.25629728
0.24775119
0.19368993
0.19728907
0.19368993
0.56723152
0.54236453
0.42041877
0.40974402
0.22879749
0.23744835
0.24461567
0.43609876
0.3642077
0.28876571
0.44150297
0.45572427
0.46735889
0.39845788
0.33097257
0.26123552
0.1854698
0.18926312
0.19235298
0.34768534
0.28777162
0.22648244
0.36474496
0.3712003
0.37640913
0.3308016
0.27305464
0.21442052
0.21657604
0.20323217
0.19006884
0.23805083
0.22009081
0.20267041
0.455937
0.42504043
0.39456189
0.42055109
0.39692831
0.37330553
0.25041783
0.25413461
0.25603842
0.4492025
0.37588867
0.29851333
0.4856287
0.48260673
0.47668054
0.43609876
0.3642077
0.28876571
0.19481997
0.19638441
0.19718101
0.35339144
0.29278126
0.23061039
0.38445987
0.38313893
0.38053624
0.34768534
0.28777162
0.22648244
0.23805083
0.22009081
0.20267041
0.24563076
0.22597295
0.20701788
0.46812151
0.43463085
0.40174699
0.455937
0.42504043
0.39456189
0.25603842
0.25413461
0.25041783
0.43609876
0.3642077
0.28876571
0.47668054
0.48260673
0.4856287
0.19718101
0.19638441
0.19481997
0.34768534
0.28777162
0.22648244
0.38053624
0.38313893
0.38445987
0.23805083
0.22009081
0.20267041
0.455937
0.42504043
0.39456189
0.22879749
0.23744835
0.24461567
0.44150297
0.45572427
0.46735889
0.1854698
0.18926312
0.19235298
0.36474496
0.3712003
0.37640913
0.14433757
0.14433757
0.14433757
0.26375191
0.21650635
0.16926079
0.28867513
0.28867513
0.28867513
0.26375191
0.21650635
0.16926079
0.15255002
0.16846444
0.18484957
0.15093503
0.16356894
0.17637257
0.30113675
0.32475953
0.34838231
0.30395098
0.33320369
0.36284937
0.48725134
0.51239955
0.5332435
0.56647815
0.56093773
0.55012271
0.50319416
0.53234703
0.55659596
0.38538234
0.39662121
0.40577998
0.42009818
0.41773515
0.41309509
0.39236521
0.40528814
0.4158435
0.51856807
0.4745094
0.4317745
0.54069314
0.49178441
0.4446241
0.48725134
0.51239955
0.5332435
0.38538234
0.39662121
0.40577998
0.28867513
0.28867513
0.28867513
0.28867513
0.28867513
0.28867513
0.28867513
0.28867513
0.28867513
0.30395098
0.33320369
0.36284937
0.30882153
0.34786205
0.38805727
0.4065422
0.42011781
0.43125656
0.33807137
0.3500401
0.35990592
0.26709061
0.27699329
0.28518538
0.22115153
0.22887988
0.23526359
0.20684838
0.2129265
0.21791895
0.19278971
0.19734097
0.20105879
0.27762052
0.35061557
0.42049661
0.2569503
0.32530876
0.39130993
0.23685745
0.30058548
0.36262217
0.45141694
0.44098333
0.42819936
0.42147109
0.41320792
0.40303736
0.39187915
0.38565054
0.37794959
0.38673177
0.32087171
0.25302965
0.36455341
0.30183931
0.23761548
0.34244047
0.28295631
0.22238348
0.21703712
0.22139884
0.22494787
0.27625716
0.28158332
0.28590578
0.33449086
0.34060781
0.34555474
0.44020226
0.44589941
0.4488076
0.36785939
0.37293873
0.3755358
0.29180896
0.29604809
0.29821831
0.24041864
0.24371491
0.24540153
0.22193207
0.22448956
0.22579558
0.204034
0.2059239
0.20688716
0.28627495
0.36101058
0.43219011
0.26367877
0.33342478
0.40048637
0.24183923
0.30661892
0.36947731
0.46775532
0.46505666
0.45976008
0.43434329
0.4322228
0.42805449
0.40153204
0.39994606
0.39682364
0.42049661
0.35061557
0.27762052
0.39130993
0.32530876
0.2569503
0.36262217
0.30058548
0.23685745
0.22777901
0.22957324
0.23048651
0.2893466
0.29152388
0.29263112
0.34948155
0.35196124
0.35322074
0.4488076
0.44589941
0.44020226
0.3755358
0.37293873
0.36785939
0.29821831
0.29604809
0.29180896
0.24540153
0.24371491
0.24041864
0.22579558
0.22448956
0.22193207
0.20688716
0.2059239
0.204034
0.27762052
0.35061557
0.42049661
0.2569503
0.32530876
0.39130993
0.23685745
0.30058548
0.36262217
0.45976008
0.46505666
0.46775532
0.42805449
0.4322228
0.43434329
0.39682364
0.39994606
0.40153204
0.23048651
0.22957324
0.22777901
0.29263112
0.29152388
0.2893466
0.35322074
0.35196124
0.34948155
0.43125656
0.42011781
0.4065422
0.35990592
0.3500401
0.33807137
0.28518538
0.27699329
0.26709061
0.23526359
0.22887988
0.22115153
0.21791895
0.2129265
0.20684838
0.20105879
0.19734097
0.19278971
0.42819936
0.44098333
0.45141694
0.40303736
0.41320792
0.42147109
0.37794959
0.38565054
0.39187915
0.22494787
0.22139884
0.21703712
0.28590578
0.28158332
0.27625716
0.34555474
0.34060781
0.33449086
0.18377359
0.18128235
0.17821531
0.1678474
0.16641391
0.16463982
0.15234785
0.15187665
0.15129047
0.2065069
0.26319381
0.31918082
0.19163929
0.24461235
0.29720144
0.17694426
0.22617501
0.27528662
0.35156084
0.35680964
0.36103496
0.3266246
0.32969232
0.33215092
0.3017616
0.30278533
0.30360219
0.332882
0.27511175
0.21625808
0.30518018
0.25152599
0.19727828
0.27793984
0.22846557
0.17880693
0.16926079
0.16926079
0.16926079
0.21650635
0.21650635
0.21650635
0.26375191
0.26375191
0.26375191
0.55588899
0.5506888
0.54053292
0.53174422
0.52730812
0.518634
0.50271358
0.49917463
0.492243
0.4692747
0.49181143
0.51043472
0.43564612
0.45347902
0.46813286
0.40259239
0.41603046
0.42701259
0.52547852
0.53510011
0.5400239
0.47991613
0.48742721
0.49126339
0.43580418
0.44139012
0.44423764
0.53122766
0.50960064
0.48351517
0.48438922
0.46742605
0.44684203
0.43911919
0.42644387
0.41097246
0.39215625
0.3906146
0.38758001
0.4050283
0.40311217
0.39934527
0.41554142
0.41331449
0.40894024
0.52466922
0.50505703
0.48136214
0.50505703
0.48822494
0.46781941
0.48136214
0.46781941
0.45132243
0.4692747
0.49181143
0.51043472
0.43564612
0.45347902
0.46813286
0.40259239
0.41603046
0.42701259
0.38277607
0.3767269
0.36925134
0.39339497
0.38592468
0.3767269
0.4020404
0.39339497
0.38277607
0.35156084
0.35680964
0.36103496
0.3266246
0.32969232
0.33215092
0.3017616
0.30278533
0.30360219
0.36832609
0.3774452
0.38485569
0.33640835
0.34171966
0.34601328
0.30502232
0.30678986
0.30821142
0.38485569
0.3774452
0.36832609
0.34601328
0.34171966
0.33640835
0.30821142
0.30678986
0.30502232
0.28867513
0.28867513
0.28867513
0.28867513
0.28867513
0.28867513
0.28867513
0.28867513
0.28867513
0.25827801
0.26713186
0.27443485
0.32724569
0.33796663
0.34677967
0.39400554
0.40619302
0.41616758
0.24176916
0.24874288
0.25446366
0.30689972
0.31537299
0.32230263
0.37035021
0.38002253
0.38790106
0.2255129
0.23074228
0.23500918
0.28678049
0.29315536
0.29834256
0.34683744
0.35414369
0.36006702
0.2803254
0.28408876
0.28601342
0.35386852
0.35838828
0.360697
0.42416185
0.42924546
0.43183817
0.25905747
0.26198281
0.26347602
0.32785331
0.33138156
0.33318059
0.39419117
0.39817989
0.40021085
0.23842064
0.24058619
0.24168952
0.30248055
0.30510302
0.30643786
0.36477819
0.36775746
0.36927198
0.28601342
0.28408876
0.2803254
0.360697
0.35838828
0.35386852
0.43183817
0.42924546
0.42416185
0.26347602
0.26198281
0.25905747
0.33318059
0.33138156
0.32785331
0.40021085
0.39817989
0.39419117
0.24168952
0.24058619
0.23842064
0.30643786
0.30510302
0.30248055
0.36927198
0.36775746
0.36477819
0.27443485
0.26713186
0.25827801
0.34677967
0.33796663
0.32724569
0.41616758
0.40619302
0.39400554
0.25446366
0.24874288
0.24176916
0.32230263
0.31537299
0.30689972
0.38790106
0.38002253
0.37035021
0.23500918
0.23074228
0.2255129
0.29834256
0.29315536
0.28678049
0.36006702
0.35414369
0.34683744
0.21502204
0.21215835
0.2086292
0.27360603
0.27011199
0.26579534
0.33115866
0.32715104
0.32218341
0.19656837
0.19491823
0.19287413
0.25065821
0.2486382
0.24613034
0.30418278
0.30185647
0.29895959
0.17857401
0.17803085
0.17735461
0.22817991
0.22751292
0.22668083
0.27761019
0.27683908
0.27587445
0.48308646
0.47992842
0.47373745
0.50906381
0.50511183
0.49737691
0.53059914
0.52597413
0.51693222
0.44650579
0.44402738
0.43916077
0.46700627
0.46391388
0.45785059
0.48389922
0.48029083
0.47322291
0.41072138
0.40886957
0.4052275
0.42613126
0.42382674
0.41930038
0.43875526
0.43607342
0.43081065
0.46400471
0.45186615
0.43704237
0.48525025
0.47018262
0.45186615
0.50278377
0.48525025
0.46400471
0.43148865
0.42188331
0.41009744
0.44831578
0.43641919
0.42188331
0.46212732
0.44831578
0.43148865
0.39947009
0.3922346
0.38331489
0.41216138
0.40321767
0.3922346
0.42252275
0.41216138
0.39947009
0.3662157
0.36130984
0.35523236
0.37483534
0.36878219
0.36130984
0.38183383
0.37483534
0.3662157
0.33518431
0.33233052
0.32877894
0.34020838
0.33669224
0.33233052
0.34426669
0.34020838
0.33518431
0.30461684
0.30366876
0.30248349
0.30628989
0.3051231
0.30366876
0.30763456
0.30628989
0.30461684
