MFEM mesh v1.0

#
# MFEM Geometry Types (see mesh/geom.hpp):
#
# POINT       = 0
# SEGMENT     = 1
# TRIANGLE    = 2
# SQUARE      = 3
# TETRAHEDRON = 4
# CUBE        = 5
#

dimension
3

elements
9
1 5 13 22 23 12 15 24 25 14
1 5 12 23 7 3 14 25 9 4
1 5 14 25 9 4 16 26 11 5
1 5 21 27 28 20 3 7 9 4
1 5 20 28 30 19 4 9 11 5
1 5 28 29 31 30 9 8 10 11
1 5 19 30 18 6 5 11 2 0
1 5 30 31 17 18 11 10 1 2
1 5 32 20 19 33 14 4 5 16

boundary
32
18 3 12 23 22 13
18 3 3 7 23 12
18 3 13 22 24 15
18 3 22 23 25 24
18 3 12 13 15 14
18 3 15 24 25 14
18 3 23 7 9 25
18 3 3 12 14 4
18 3 14 25 26 16
18 3 25 9 11 26
18 3 16 26 11 5
18 3 9 8 10 11
18 3 5 11 2 0
18 3 11 10 1 2
18 3 20 28 27 21
18 3 19 30 28 20
18 3 30 31 29 28
18 3 6 18 30 19
18 3 18 17 31 30
18 3 21 27 7 3
18 3 27 28 9 7
18 3 20 21 3 4
18 3 28 29 8 9
18 3 29 31 10 8
18 3 18 6 0 2
18 3 6 19 5 0
18 3 31 17 1 10
18 3 17 18 2 1
18 3 33 19 20 32
18 3 32 20 4 14
18 3 33 32 14 16
18 3 19 33 16 5

vertices
34

nodes
FiniteElementSpace
FiniteElementCollection: H1_3D_P4
VDim: 3
Ordering: 0

-0.28867513
0
-0.14433757
-0.28867513
-0.28867513
-0.28867513
-0.36084392
-0.14433757
-1.9515639e-18
-0.14433757
1.0842022e-18
-0.14433757
-0.28867513
-0.28867513
-0.28867513
-0.28867513
-0.28867513
-1.3010426e-18
-0.18319635
-0.37864925
-0.38463884
-0.37864925
-0.14433757
-0.14433757
-0.14433757
-0.14433757
-0.14433757
-0.19368993
-0.19728907
-1.8295912e-18
-0.19368993
-1.2739376e-18
-0.42041877
-0.40974402
-0.26375191
-0.21650635
-0.16926079
-0.14433757
-0.14433757
-0.14433757
-0.26375191
-0.21650635
-0.16926079
-0.28867513
-0.28867513
-0.28867513
-0.26375191
-0.21650635
-0.16926079
-0.14433757
-0.14433757
-0.14433757
-0.26375191
-0.21650635
-0.16926079
-0.28867513
-0.28867513
-0.28867513
-0.28867513
-0.28867513
-0.28867513
-0.14433757
-0.14433757
-0.14433757
-0.14433757
-0.14433757
-0.14433757
-0.28867513
-0.28867513
-0.28867513
-0.14433757
-0.14433757
-0.14433757
-0.26375191
-0.21650635
-0.16926079
-0.28867513
-0.28867513
-0.28867513
-0.14433757
-0.14433757
-0.14433757
-0.26375191
-0.21650635
-0.16926079
-0.28867513
-0.28867513
-0.28867513
-0.14433757
-0.14433757
-0.14433757
-0.28867513
-0.28867513
-0.28867513
-0.26375191
-0.21650635
-0.16926079
-0.14433757
-0.14433757
-0.14433757
-0.26375191
-0.21650635
-0.16926079
-0.28867513
-0.28867513
-0.28867513
-0.28867513
-0.28867513
-0.28867513
-0.14433757
-0.14433757
-0.14433757
-0.14433757
-0.14433757
-0.14433757
-0.28867513
-0.28867513
-0.28867513
-0.34768534
-0.28777162
-0.22648244
-0.19481997
-0.19638441
-0.19718101
-0.35339144
-0.29278126
-0.23061039
-0.38445987
-0.38313893
-0.38053624
-0.30395098
-0.33320369
-0.36284937
-0.15255002
-0.16846444
-0.18484957
-0.15308918
-0.17011605
-0.18774034
-0.30487629
-0.33600514
-0.36769266
-0.19718101
-0.19638441
-0.19481997
-0.34768534
-0.28777162
-0.22648244
-0.38053624
-0.38313893
-0.38445987
-0.15255002
-0.16846444
-0.18484957
-0.30395098
-0.33320369
-0.36284937
-0.16366737
-0.099285939
-0.034353612
-2.0329055e-18
-4.2758223e-18
-2.1955094e-18
-0.16063405
-0.097405832
-0.033696021
-0.024923225
-0.072168784
-0.11941434
6.5073306e-19
1.3145951e-18
9.7578196e-19
-0.024923225
-0.072168784
-0.11941434
0
1.5585406e-19
-3.6881932e-18
7.5894152e-19
-1.7618285e-18
-8.1336339e-19
-0.1854698
-0.18926312
-0.19235298
-0.3308016
-0.27305464
-0.21442052
-0.36474496
-0.3712003
-0.37640913
-0.14433757
-0.14433757
-0.14433757
-0.26375191
-0.21650635
-0.16926079
-0.28867513
-0.28867513
-0.28867513
-0.15093503
-0.16356894
-0.17637257
-0.30113675
-0.32475953
-0.34838231
2.0599841e-18
-9.8933448e-19
-5.9631119e-19
-0.031789198
-0.091947467
-0.15180621
-1.7347235e-18
-1.6263033e-18
2.1667103e-18
-0.024923225
-0.072168784
-0.11941434
-2.6020852e-18
-1.8431437e-18
1.3027367e-18
-0.39236521
-0.40528814
-0.4158435
-0.38538234
-0.39662121
-0.40577998
-0.42009818
-0.41773515
-0.41309509
-0.3104492
-0.35281214
-0.39666146
-0.30882153
-0.34786205
-0.38805727
-0.26375191
-0.21650635
-0.16926079
-0.26375191
-0.21650635
-0.16926079
-0.26375191
-0.21650635
-0.16926079
-0.26375191
-0.21650635
-0.16926079
-0.26375191
-0.21650635
-0.16926079
-0.26375191
-0.21650635
-0.16926079
-0.14433757
-0.14433757
-0.14433757
-0.14433757
-0.14433757
-0.14433757
-0.14433757
-0.14433757
-0.14433757
-0.16926079
-0.21650635
-0.26375191
-0.16926079
-0.21650635
-0.26375191
-0.16926079
-0.21650635
-0.26375191
-0.28867513
-0.28867513
-0.28867513
-0.28867513
-0.28867513
-0.28867513
-0.28867513
-0.28867513
-0.28867513
-0.26375191
-0.21650635
-0.16926079
-0.26375191
-0.21650635
-0.16926079
-0.26375191
-0.21650635
-0.16926079
-0.26375191
-0.21650635
-0.16926079
-0.26375191
-0.21650635
-0.16926079
-0.26375191
-0.21650635
-0.16926079
-0.14433757
-0.14433757
-0.14433757
-0.14433757
-0.14433757
-0.14433757
-0.14433757
-0.14433757
-0.14433757
-0.16926079
-0.21650635
-0.26375191
-0.16926079
-0.21650635
-0.26375191
-0.16926079
-0.21650635
-0.26375191
-0.28867513
-0.28867513
-0.28867513
-0.28867513
-0.28867513
-0.28867513
-0.28867513
-0.28867513
-0.28867513
-0.26375191
-0.21650635
-0.16926079
-0.26375191
-0.21650635
-0.16926079
-0.26375191
-0.21650635
-0.16926079
-0.26375191
-0.21650635
-0.16926079
-0.26375191
-0.21650635
-0.16926079
-0.26375191
-0.21650635
-0.16926079
-0.14433757
-0.14433757
-0.14433757
-0.14433757
-0.14433757
-0.14433757
-0.14433757
-0.14433757
-0.14433757
-0.16926079
-0.21650635
-0.26375191
-0.16926079
-0.21650635
-0.26375191
-0.16926079
-0.21650635
-0.26375191
-0.28867513
-0.28867513
-0.28867513
-0.28867513
-0.28867513
-0.28867513
-0.28867513
-0.28867513
-0.28867513
-0.26375191
-0.21650635
-0.16926079
-0.26375191
-0.21650635
-0.16926079
-0.26375191
-0.21650635
-0.16926079
-0.35322074
-0.29263112
-0.23048651
-0.35196124
-0.29152388
-0.22957324
-0.34948155
-0.2893466
-0.22777901
-0.332882
-0.27511175
-0.21625808
-0.30518018
-0.25152599
-0.19727828
-0.27793984
-0.22846557
-0.17880693
-0.18575811
-0.18701453
-0.18765367
-0.1689845
-0.16970221
-0.17006666
-0.1527201
-0.15295435
-0.1530731
-0.21957645
-0.27914694
-0.33748938
-0.19917718
-0.25384351
-0.30783811
-0.17942775
-0.22922586
-0.27881552
-0.36754811
-0.3664809
-0.3643765
-0.33592171
-0.33530543
-0.33408838
-0.3048488
-0.30464557
-0.30424364
-0.34948155
-0.2893466
-0.22777901
-0.35196124
-0.29152388
-0.22957324
-0.35322074
-0.29263112
-0.23048651
-0.18765367
-0.18701453
-0.18575811
-0.17006666
-0.16970221
-0.1689845
-0.1530731
-0.15295435
-0.1527201
-0.21625808
-0.27511175
-0.332882
-0.19727828
-0.25152599
-0.30518018
-0.17880693
-0.22846557
-0.27793984
-0.3643765
-0.3664809
-0.36754811
-0.33408838
-0.33530543
-0.33592171
-0.30424364
-0.30464557
-0.3048488
-0.16158613
-0.097995698
-0.033902291
-0.16290466
-0.09881298
-0.034188151
-0.16357625
-0.099229429
-0.034333841
-0.15566941
-0.094369876
-0.032641303
-0.14092804
-0.085326377
-0.029494469
-0.12671171
-0.076626407
-0.026470955
-3.3053339e-18
-2.7151906e-18
-1.05805e-18
-3.2528712e-19
-9.2157185e-19
-4.0657581e-20
-2.4938768e-18
-8.6058547e-19
3.2526065e-19
-0.032114341
-0.092862461
-0.1532349
-0.029194637
-0.084467873
-0.13953897
-0.026373453
-0.076346986
-0.12625881
-0.11941434
-0.072168784
-0.024923225
-0.11941434
-0.072168784
-0.024923225
-0.11941434
-0.072168784
-0.024923225
-0.33449086
-0.27625716
-0.21703712
-0.34060781
-0.28158332
-0.22139884
-0.34555474
-0.28590578
-0.22494787
-0.18377359
-0.18128235
-0.17821531
-0.1678474
-0.16641391
-0.16463982
-0.15234785
-0.15187665
-0.15129047
-0.2065069
-0.26319381
-0.31918082
-0.19163929
-0.24461235
-0.29720144
-0.17694426
-0.22617501
-0.27528662
-0.35156084
-0.35680964
-0.36103496
-0.3266246
-0.32969232
-0.33215092
-0.3017616
-0.30278533
-0.30360219
-0.26375191
-0.21650635
-0.16926079
-0.26375191
-0.21650635
-0.16926079
-0.26375191
-0.21650635
-0.16926079
-0.15371676
-0.093127102
-0.032200999
-0.15690705
-0.095098959
-0.032889719
-0.15950801
-0.09670848
-0.033452217
1.0842022e-19
2.4387137e-18
3.2534536e-18
0
-1.3688052e-18
3.469447e-18
1.7355705e-18
3.9573379e-18
8.6736174e-19
-0.030576941
-0.088459636
-0.14610799
-0.02830992
-0.081932164
-0.13542786
-0.026082573
-0.075512649
-0.12490408
-0.11941434
-0.072168784
-0.024923225
-0.11941434
-0.072168784
-0.024923225
-0.11941434
-0.072168784
-0.024923225
-0.40894024
-0.39934527
-0.38758001
-0.41331449
-0.40311217
-0.3906146
-0.41554142
-0.4050283
-0.39215625
-0.39297184
-0.3844433
-0.37397058
-0.35068725
-0.3457581
-0.33967163
-0.30974969
-0.30812138
-0.30609989
-0.36832609
-0.3774452
-0.38485569
-0.33640835
-0.34171966
-0.34601328
-0.30502232
-0.30678986
-0.30821142
-0.39076106
-0.39450076
-0.39640343
-0.34942046
-0.35157158
-0.35266408
-0.30933488
-0.31004209
-0.31040064
-0.26375191
-0.21650635
-0.16926079
-0.26375191
-0.21650635
-0.16926079
-0.26375191
-0.21650635
-0.16926079
-0.26375191
-0.21650635
-0.16926079
-0.26375191
-0.21650635
-0.16926079
-0.26375191
-0.21650635
-0.16926079
-0.26375191
-0.21650635
-0.16926079
-0.26375191
-0.21650635
-0.16926079
-0.26375191
-0.21650635
-0.16926079
-0.26375191
-0.21650635
-0.16926079
-0.26375191
-0.21650635
-0.16926079
-0.26375191
-0.21650635
-0.16926079
-0.26375191
-0.21650635
-0.16926079
-0.26375191
-0.21650635
-0.16926079
-0.26375191
-0.21650635
-0.16926079
-0.26375191
-0.21650635
-0.16926079
-0.26375191
-0.21650635
-0.16926079
-0.26375191
-0.21650635
-0.16926079
-0.26375191
-0.21650635
-0.16926079
-0.26375191
-0.21650635
-0.16926079
-0.26375191
-0.21650635
-0.16926079
-0.26375191
-0.21650635
-0.16926079
-0.26375191
-0.21650635
-0.16926079
-0.26375191
-0.21650635
-0.16926079
-0.26375191
-0.21650635
-0.16926079
-0.26375191
-0.21650635
-0.16926079
-0.26375191
-0.21650635
-0.16926079
-0.33433361
-0.27638156
-0.21730139
-0.33633566
-0.27813518
-0.21874361
-0.33735172
-0.27902617
-0.21947701
-0.30601895
-0.25225654
-0.19787639
-0.30717373
-0.25326352
-0.19870155
-0.30775888
-0.25377431
-0.19912042
-0.27821662
-0.22870564
-0.17900282
-0.27859701
-0.22903594
-0.17927255
-0.27878947
-0.22920322
-0.17940924
-0.33735172
-0.27902617
-0.21947701
-0.33633566
-0.27813518
-0.21874361
-0.33433361
-0.27638156
-0.21730139
-0.30775888
-0.25377431
-0.19912042
-0.30717373
-0.25326352
-0.19870155
-0.30601895
-0.25225654
-0.19787639
-0.27878947
-0.22920322
-0.17940924
-0.27859701
-0.22903594
-0.17927255
-0.27821662
-0.22870564
-0.17900282
-0.15559639
-0.094324636
-0.032625484
-0.15505796
-0.093991109
-0.032508865
-0.15399982
-0.093335898
-0.032279813
-0.14088648
-0.085300682
-0.029485493
-0.14057988
-0.08511112
-0.029419277
-0.13997624
-0.084738031
-0.029288973
-0.12669819
-0.076618066
-0.026468044
-0.12659842
-0.07655649
-0.026446554
-0.12640165
-0.076435081
-0.026404188
-0.33115866
-0.27360603
-0.21502204
-0.32715104
-0.27011199
-0.21215835
-0.32218341
-0.26579534
-0.2086292
-0.30418278
-0.25065821
-0.19656837
-0.30185647
-0.2486382
-0.19491823
-0.29895959
-0.24613034
-0.19287413
-0.27761019
-0.22817991
-0.17857401
-0.27683908
-0.22751292
-0.17803085
-0.27587445
-0.22668083
-0.17735461
-0.15232928
-0.092302161
-0.031918549
-0.15023361
-0.091006511
-0.031465955
-0.14765571
-0.089414503
-0.030910145
-0.13902028
-0.084147523
-0.029082793
-0.13781586
-0.083404136
-0.028823335
-0.13632636
-0.0824857
-0.028502938
-0.12608908
-0.076242327
-0.026336944
-0.12569362
-0.075998632
-0.026251958
-0.12520201
-0.075695943
-0.026146444
-0.39272855
-0.38423377
-0.37380188
-0.39093439
-0.38268809
-0.37255684
-0.38740692
-0.37964677
-0.37010408
-0.35054751
-0.34563748
-0.33957432
-0.34951624
-0.34474712
-0.33885573
-0.34748517
-0.34299233
-0.33743792
-0.30970381
-0.30808171
-0.30606783
-0.30936503
-0.30778866
-0.30583094
-0.30869669
-0.30721018
-0.30536283
0.28867513
0.28867513
0.28867513
0.28867513
0.28867513
0.28867513
0.36084392
0.28867513
0.28867513
0.28867513
0.28867513
0.28867513
0.14433757
-2.1684043e-18
0.14433757
-1.9515639e-18
0.14433757
0.38463884
0.37864925
0.37864925
0.38463884
0.37864925
-5.6242988e-19
0.14433757
9.9611075e-19
0.14433757
0.14433757
0.40974402
0.42041877
0.43275991
0.40974402
0.42041877
0.19728907
0.19368993
2.7362738e-18
-1.3925222e-18
3.933621e-18
0.024923225
0.072168784
0.11941434
0.14433757
0.14433757
0.14433757
0.11941434
0.072168784
0.024923225
-1.4605098e-18
1.9577049e-18
9.6561756e-19
0.024923225
0.072168784
0.11941434
0.14433757
0.14433757
0.14433757
0.11941434
0.072168784
0.024923225
1.5179889e-18
-8.8091427e-19
9.2157185e-19
4.5468828e-18
8.483035e-19
-4.3232562e-18
0.14433757
0.14433757
0.14433757
0.14433757
0.14433757
0.14433757
0.26375191
0.21650635
0.16926079
0.28867513
0.28867513
0.28867513
0.26375191
0.21650635
0.16926079
0.26375191
0.21650635
0.16926079
0.28867513
0.28867513
0.28867513
0.26375191
0.21650635
0.16926079
0.28867513
0.28867513
0.28867513
0.28867513
0.28867513
0.28867513
0.14433757
0.14433757
0.14433757
0.26375191
0.21650635
0.16926079
0.28867513
0.28867513
0.28867513
0.26375191
0.21650635
0.16926079
0.14433757
0.14433757
0.14433757
0.14433757
0.14433757
0.14433757
0.28867513
0.28867513
0.28867513
0.28867513
0.28867513
0.28867513
0.38538234
0.39662121
0.40577998
0.41309509
0.41773515
0.42009818
0.39236521
0.40528814
0.4158435
0.38445987
0.38313893
0.38053624
0.30395098
0.33320369
0.36284937
0.30882153
0.34786205
0.38805727
0.3104492
0.35281214
0.39666146
0.30487629
0.33600514
0.36769266
0.42009818
0.41773515
0.41309509
0.38538234
0.39662121
0.40577998
0.38053624
0.38313893
0.38445987
0.30882153
0.34786205
0.38805727
0.30395098
0.33320369
0.36284937
0.42428975
0.42965456
0.43238884
0.43238884
0.42965456
0.42428975
0.41309509
0.41773515
0.42009818
0.28867513
0.28867513
0.28867513
0.28867513
0.28867513
0.28867513
0.28867513
0.28867513
0.28867513
0.31231743
0.35850883
0.40659238
0.3104492
0.35281214
0.39666146
0.38538234
0.39662121
0.40577998
0.36474496
0.3712003
0.37640913
0.36474496
0.3712003
0.37640913
0.28867513
0.28867513
0.28867513
0.28867513
0.28867513
0.28867513
0.28867513
0.28867513
0.28867513
0.30395098
0.33320369
0.36284937
0.30113675
0.32475953
0.34838231
0.39236521
0.40528814
0.4158435
0.38445987
0.38313893
0.38053624
0.28867513
0.28867513
0.28867513
0.28867513
0.28867513
0.28867513
0.30487629
0.33600514
0.36769266
0.35339144
0.29278126
0.23061039
0.34768534
0.28777162
0.22648244
0.19718101
0.19638441
0.19481997
0.15308918
0.17011605
0.18774034
0.15255002
0.16846444
0.18484957
0.11941434
0.11941434
0.11941434
0.072168784
0.072168784
0.072168784
0.024923225
0.024923225
0.024923225
-1.2813479e-18
6.8321189e-20
-3.455734e-18
-4.9896467e-18
-3.6799346e-18
-2.7585746e-18
4.2720768e-18
3.5812553e-18
1.4746844e-18
0.024923225
0.072168784
0.11941434
0.024923225
0.072168784
0.11941434
0.024923225
0.072168784
0.11941434
0.14433757
0.14433757
0.14433757
0.14433757
0.14433757
0.14433757
0.14433757
0.14433757
0.14433757
0.11941434
0.072168784
0.024923225
0.11941434
0.072168784
0.024923225
0.11941434
0.072168784
0.024923225
0.024923225
0.024923225
0.024923225
0.072168784
0.072168784
0.072168784
0.11941434
0.11941434
0.11941434
0.26375191
0.26375191
0.26375191
0.21650635
0.21650635
0.21650635
0.16926079
0.16926079
0.16926079
0.16926079
0.21650635
0.26375191
0.16926079
0.21650635
0.26375191
0.16926079
0.21650635
0.26375191
0.28867513
0.28867513
0.28867513
0.28867513
0.28867513
0.28867513
0.28867513
0.28867513
0.28867513
0.26375191
0.21650635
0.16926079
0.26375191
0.21650635
0.16926079
0.26375191
0.21650635
0.16926079
0.16926079
0.16926079
0.16926079
0.21650635
0.21650635
0.21650635
0.26375191
0.26375191
0.26375191
0.14433757
0.14433757
0.14433757
0.14433757
0.14433757
0.14433757
0.14433757
0.14433757
0.14433757
0.16926079
0.21650635
0.26375191
0.16926079
0.21650635
0.26375191
0.16926079
0.21650635
0.26375191
0.28867513
0.28867513
0.28867513
0.28867513
0.28867513
0.28867513
0.28867513
0.28867513
0.28867513
0.26375191
0.21650635
0.16926079
0.26375191
0.21650635
0.16926079
0.26375191
0.21650635
0.16926079
0.16926079
0.16926079
0.16926079
0.21650635
0.21650635
0.21650635
0.26375191
0.26375191
0.26375191
0.39215625
0.4050283
0.41554142
0.3906146
0.40311217
0.41331449
0.38758001
0.39934527
0.40894024
0.36832609
0.3774452
0.38485569
0.33640835
0.34171966
0.34601328
0.30502232
0.30678986
0.30821142
0.39076106
0.39450076
0.39640343
0.34942046
0.35157158
0.35266408
0.30933488
0.31004209
0.31040064
0.39297184
0.3844433
0.37397058
0.35068725
0.3457581
0.33967163
0.30974969
0.30812138
0.30609989
0.36754811
0.3664809
0.3643765
0.33592171
0.33530543
0.33408838
0.3048488
0.30464557
0.30424364
0.38758001
0.39934527
0.40894024
0.3906146
0.40311217
0.41331449
0.39215625
0.4050283
0.41554142
0.39640343
0.39450076
0.39076106
0.35266408
0.35157158
0.34942046
0.31040064
0.31004209
0.30933488
0.38485569
0.3774452
0.36832609
0.34601328
0.34171966
0.33640835
0.30821142
0.30678986
0.30502232
0.3643765
0.3664809
0.36754811
0.33408838
0.33530543
0.33592171
0.30424364
0.30464557
0.3048488
0.41660841
0.4214746
0.42395342
0.4214746
0.42665598
0.42929628
0.42395342
0.42929628
0.43201931
0.39977979
0.40409643
0.40629423
0.35460445
0.35708017
0.35833829
0.31103811
0.31184988
0.31226165
0.40629423
0.40409643
0.39977979
0.35833829
0.35708017
0.35460445
0.31226165
0.31184988
0.31103811
0.39640343
0.39450076
0.39076106
0.35266408
0.35157158
0.34942046
0.31040064
0.31004209
0.30933488
0.28867513
0.28867513
0.28867513
0.28867513
0.28867513
0.28867513
0.28867513
0.28867513
0.28867513
0.36925134
0.3767269
0.38277607
0.3767269
0.38592468
0.39339497
0.38277607
0.39339497
0.4020404
0.38485569
0.3774452
0.36832609
0.34601328
0.34171966
0.33640835
0.30821142
0.30678986
0.30502232
0.36103496
0.35680964
0.35156084
0.33215092
0.32969232
0.3266246
0.30360219
0.30278533
0.3017616
0.35156084
0.35680964
0.36103496
0.3266246
0.32969232
0.33215092
0.3017616
0.30278533
0.30360219
0.28867513
0.28867513
0.28867513
0.28867513
0.28867513
0.28867513
0.28867513
0.28867513
0.28867513
0.38758001
0.3906146
0.39215625
0.39934527
0.40311217
0.4050283
0.40894024
0.41331449
0.41554142
0.39297184
0.3844433
0.37397058
0.35068725
0.3457581
0.33967163
0.30974969
0.30812138
0.30609989
0.36754811
0.3664809
0.3643765
0.33592171
0.33530543
0.33408838
0.3048488
0.30464557
0.30424364
0.28867513
0.28867513
0.28867513
0.28867513
0.28867513
0.28867513
0.28867513
0.28867513
0.28867513
0.22777901
0.2893466
0.34948155
0.22957324
0.29152388
0.35196124
0.23048651
0.29263112
0.35322074
0.21957645
0.27914694
0.33748938
0.19917718
0.25384351
0.30783811
0.17942775
0.22922586
0.27881552
0.332882
0.27511175
0.21625808
0.30518018
0.25152599
0.19727828
0.27793984
0.22846557
0.17880693
0.18575811
0.18701453
0.18765367
0.1689845
0.16970221
0.17006666
0.1527201
0.15295435
0.1530731
0.024923225
0.024923225
0.024923225
0.072168784
0.072168784
0.072168784
0.11941434
0.11941434
0.11941434
0.024923225
0.024923225
0.024923225
0.072168784
0.072168784
0.072168784
0.11941434
0.11941434
0.11941434
0.024923225
0.024923225
0.024923225
0.072168784
0.072168784
0.072168784
0.11941434
0.11941434
0.11941434
0.16926079
0.16926079
0.16926079
0.21650635
0.21650635
0.21650635
0.26375191
0.26375191
0.26375191
0.16926079
0.16926079
0.16926079
0.21650635
0.21650635
0.21650635
0.26375191
0.26375191
0.26375191
0.16926079
0.16926079
0.16926079
0.21650635
0.21650635
0.21650635
0.26375191
0.26375191
0.26375191
0.16926079
0.16926079
0.16926079
0.21650635
0.21650635
0.21650635
0.26375191
0.26375191
0.26375191
0.16926079
0.16926079
0.16926079
0.21650635
0.21650635
0.21650635
0.26375191
0.26375191
0.26375191
0.16926079
0.16926079
0.16926079
0.21650635
0.21650635
0.21650635
0.26375191
0.26375191
0.26375191
0.37010408
0.37964677
0.38740692
0.37255684
0.38268809
0.39093439
0.37380188
0.38423377
0.39272855
0.33743792
0.34299233
0.34748517
0.33885573
0.34474712
0.34951624
0.33957432
0.34563748
0.35054751
0.30536283
0.30721018
0.30869669
0.30583094
0.30778866
0.30936503
0.30606783
0.30808171
0.30970381
0.37380188
0.38423377
0.39272855
0.37255684
0.38268809
0.39093439
0.37010408
0.37964677
0.38740692
0.33957432
0.34563748
0.35054751
0.33885573
0.34474712
0.34951624
0.33743792
0.34299233
0.34748517
0.30606783
0.30808171
0.30970381
0.30583094
0.30778866
0.30936503
0.30536283
0.30721018
0.30869669
0.39950923
0.40380843
0.4059973
0.39751436
0.40168522
0.40380843
0.3935944
0.39751436
0.39950923
0.35444935
0.35691529
0.35816842
0.35330497
0.3556989
0.35691529
0.35105216
0.35330497
0.35444935
0.31098728
0.31179591
0.31220609
0.31061202
0.31139751
0.31179591
0.30987197
0.31061202
0.31098728
0.3662157
0.37483534
0.38183383
0.36130984
0.36878219
0.37483534
0.35523236
0.36130984
0.3662157
0.33518431
0.34020838
0.34426669
0.33233052
0.33669224
0.34020838
0.32877894
0.33233052
0.33518431
0.30461684
0.30628989
0.30763456
0.30366876
0.3051231
0.30628989
0.30248349
0.30366876
0.30461684
0.38740692
0.39093439
0.39272855
0.37964677
0.38268809
0.38423377
0.37010408
0.37255684
0.37380188
0.34748517
0.34951624
0.35054751
0.34299233
0.34474712
0.34563748
0.33743792
0.33885573
0.33957432
0.30869669
0.30936503
0.30970381
0.30721018
0.30778866
0.30808171
0.30536283
0.30583094
0.30606783
0.21947701
0.27902617
0.33735172
0.21874361
0.27813518
0.33633566
0.21730139
0.27638156
0.33433361
0.19912042
0.25377431
0.30775888
0.19870155
0.25326352
0.30717373
0.19787639
0.25225654
0.30601895
0.17940924
0.22920322
0.27878947
0.17927255
0.22903594
0.27859701
0.17900282
0.22870564
0.27821662
0.28867513
0.28867513
0.28867513
-0.14433757
0
0.14433757
0.36084392
-0.14433757
-2.1684043e-19
7.5894152e-19
0.14433757
0.14433757
-0.14433757
-0.14433757
-5.8546917e-18
-2.1684043e-19
0.14433757
0.38463884
0.37864925
0.18319635
-1.3010426e-18
-0.18319635
-0.14433757
-0.14433757
-7.3861273e-19
-7.5148763e-18
0.14433757
-0.19368993
-4.8246997e-18
3.3203692e-18
0.19368993
0.19728907
7.0473141e-18
0.19368993
-0.14433757
-0.14433757
-0.14433757
-0.14433757
-0.14433757
-0.14433757
-0.14433757
-0.14433757
-0.14433757
-0.14433757
-0.14433757
-0.14433757
-7.532042e-18
7.6508251e-19
-1.3345851e-17
-3.7708451e-18
1.9490652e-17
-6.5390944e-18
4.8145551e-18
-8.2704297e-18
6.6000807e-18
-4.8789098e-18
-3.8895753e-18
-3.8307065e-19
-0.11941434
-0.072168784
-0.024923225
-0.11941434
-0.072168784
-0.024923225
-0.11941434
-0.072168784
-0.024923225
-0.11941434
-0.072168784
-0.024923225
-0.14433757
-0.14433757
-0.14433757
-0.14433757
-0.14433757
-0.14433757
-0.14433757
-0.14433757
-0.14433757
-1.7618285e-18
4.5129915e-18
-8.846465e-18
3.8219715e-18
2.6766241e-18
7.5894152e-19
-1.7347235e-18
-3.3610267e-18
-7.8316666e-18
-0.11941434
-0.072168784
-0.024923225
-0.11941434
-0.072168784
-0.024923225
0.14433757
0.14433757
0.14433757
0.14433757
0.14433757
0.14433757
0.14433757
0.14433757
0.14433757
0.14433757
0.14433757
0.14433757
0.024923225
0.072168784
0.11941434
0.024923225
0.072168784
0.11941434
0.024923225
0.072168784
0.11941434
0.024923225
0.072168784
0.11941434
-0.1854698
-0.18926312
-0.19235298
-0.16063405
-0.097405832
-0.033696021
-2.0540152e-18
1.5458351e-19
8.9582205e-18
-0.031789198
-0.091947467
-0.15180621
-0.15093503
-0.16356894
-0.17637257
-0.15255002
-0.16846444
-0.18484957
7.8604658e-19
-4.5638135e-18
3.9578144e-18
-2.6020852e-18
-1.8431437e-18
1.3027367e-18
0.033696021
0.097405832
0.16063405
0.1854698
0.18926312
0.19235298
0.15180621
0.091947467
0.031789198
0.15255002
0.16846444
0.18484957
0.15093503
0.16356894
0.17637257
8.0513129e-18
-5.2261933e-19
-6.2612675e-18
0.034353612
0.099285939
0.16366737
0.19481997
0.19638441
0.19718101
-9.2157185e-19
8.7684851e-18
1.0021141e-17
0.024923225
0.072168784
0.11941434
0.14433757
0.14433757
0.14433757
-5.4210109e-19
1.2129512e-18
2.0621017e-18
0.15308918
0.17011605
0.18774034
0.34768534
0.28777162
0.22648244
0.36474496
0.3712003
0.37640913
0.3308016
0.27305464
0.21442052
0.26375191
0.21650635
0.16926079
0.28867513
0.28867513
0.28867513
0.26375191
0.21650635
0.16926079
0.30395098
0.33320369
0.36284937
0.30113675
0.32475953
0.34838231
0.35339144
0.29278126
0.23061039
0.38445987
0.38313893
0.38053624
0.26375191
0.21650635
0.16926079
0.28867513
0.28867513
0.28867513
0.30487629
0.33600514
0.36769266
8.2399365e-18
7.0337616e-18
4.2199181e-18
0.1854698
0.18926312
0.19235298
0.033696021
0.097405832
0.16063405
-7.2641546e-18
3.7811551e-18
1.567011e-19
0.15255002
0.16846444
0.18484957
-0.14433757
-0.14433757
-0.14433757
-0.14433757
-0.14433757
-0.14433757
-0.14433757
-0.14433757
-0.14433757
-0.11941434
-0.11941434
-0.11941434
-0.072168784
-0.072168784
-0.072168784
-0.024923225
-0.024923225
-0.024923225
-0.11941434
-0.11941434
-0.11941434
-0.072168784
-0.072168784
-0.072168784
-0.024923225
-0.024923225
-0.024923225
-0.11941434
-0.11941434
-0.11941434
-0.072168784
-0.072168784
-0.072168784
-0.024923225
-0.024923225
-0.024923225
-0.11941434
-0.11941434
-0.11941434
-0.072168784
-0.072168784
-0.072168784
-0.024923225
-0.024923225
-0.024923225
5.8911888e-18
-9.7328631e-18
-1.4436485e-18
1.1956083e-17
-1.3581538e-17
6.0531092e-18
-9.2799474e-18
-4.7827715e-18
6.4069572e-18
-0.14433757
-0.14433757
-0.14433757
-0.14433757
-0.14433757
-0.14433757
-0.14433757
-0.14433757
-0.14433757
-0.11941434
-0.11941434
-0.11941434
-0.072168784
-0.072168784
-0.072168784
-0.024923225
-0.024923225
-0.024923225
-0.11941434
-0.11941434
-0.11941434
-0.072168784
-0.072168784
-0.072168784
-0.024923225
-0.024923225
-0.024923225
-0.11941434
-0.11941434
-0.11941434
-0.072168784
-0.072168784
-0.072168784
-0.024923225
-0.024923225
-0.024923225
2.1811881e-18
-1.513991e-17
-2.2189616e-19
-8.1302457e-18
4.1307679e-18
1.0477798e-17
4.4479818e-19
-1.5360095e-17
-2.2429432e-17
0.024923225
0.024923225
0.024923225
0.072168784
0.072168784
0.072168784
0.11941434
0.11941434
0.11941434
0.024923225
0.024923225
0.024923225
0.072168784
0.072168784
0.072168784
0.11941434
0.11941434
0.11941434
0.024923225
0.024923225
0.024923225
0.072168784
0.072168784
0.072168784
0.11941434
0.11941434
0.11941434
0.024923225
0.024923225
0.024923225
0.072168784
0.072168784
0.072168784
0.11941434
0.11941434
0.11941434
0.14433757
0.14433757
0.14433757
0.14433757
0.14433757
0.14433757
0.14433757
0.14433757
0.14433757
-0.032200999
-0.032889719
-0.033452217
-0.093127102
-0.095098959
-0.09670848
-0.15371676
-0.15690705
-0.15950801
-0.17821531
-0.18128235
-0.18377359
-0.16463982
-0.16641391
-0.1678474
-0.15129047
-0.15187665
-0.15234785
-0.1532349
-0.092862461
-0.032114341
-0.13953897
-0.084467873
-0.029194637
-0.12625881
-0.076346986
-0.026373453
-3.9559086e-18
-1.0013087e-18
3.538475e-18
-8.1992789e-19
2.5804859e-18
-2.5535727e-19
-2.1548518e-18
2.3683041e-18
-5.4706417e-18
-0.030576941
-0.088459636
-0.14610799
-0.02830992
-0.081932164
-0.13542786
-0.026082573
-0.075512649
-0.12490408
0.15371676
0.15690705
0.15950801
0.093127102
0.095098959
0.09670848
0.032200999
0.032889719
0.033452217
0.032114341
0.092862461
0.1532349
0.029194637
0.084467873
0.13953897
0.026373453
0.076346986
0.12625881
0.18377359
0.18128235
0.17821531
0.1678474
0.16641391
0.16463982
0.15234785
0.15187665
0.15129047
0.14610799
0.088459636
0.030576941
0.13542786
0.081932164
0.02830992
0.12490408
0.075512649
0.026082573
0.16158613
0.16290466
0.16357625
0.097995698
0.09881298
0.099229429
0.033902291
0.034188151
0.034333841
6.8678853e-18
-8.2699135e-18
5.9975227e-18
-3.4237469e-18
8.1281282e-18
2.3208703e-18
-2.0812923e-18
-3.882799e-18
5.9631119e-18
0.032641303
0.094369876
0.15566941
0.029494469
0.085326377
0.14092804
0.026470955
0.076626407
0.12671171
0.18765367
0.18701453
0.18575811
0.17006666
0.16970221
0.1689845
0.1530731
0.15295435
0.1527201
0.024923225
0.024923225
0.024923225
0.072168784
0.072168784
0.072168784
0.11941434
0.11941434
0.11941434
0.33449086
0.34060781
0.34555474
0.27625716
0.28158332
0.28590578
0.21703712
0.22139884
0.22494787
0.21625808
0.27511175
0.332882
0.19727828
0.25152599
0.30518018
0.17880693
0.22846557
0.27793984
0.36103496
0.35680964
0.35156084
0.33215092
0.32969232
0.3266246
0.30360219
0.30278533
0.3017616
0.31918082
0.26319381
0.2065069
0.29720144
0.24461235
0.19163929
0.27528662
0.22617501
0.17694426
0.16926079
0.16926079
0.16926079
0.21650635
0.21650635
0.21650635
0.26375191
0.26375191
0.26375191
0.34948155
0.35196124
0.35322074
0.2893466
0.29152388
0.29263112
0.22777901
0.22957324
0.23048651
0.21957645
0.27914694
0.33748938
0.19917718
0.25384351
0.30783811
0.17942775
0.22922586
0.27881552
0.36754811
0.3664809
0.3643765
0.33592171
0.33530543
0.33408838
0.3048488
0.30464557
0.30424364
0.16926079
0.16926079
0.16926079
0.21650635
0.21650635
0.21650635
0.26375191
0.26375191
0.26375191
0.15950801
0.15690705
0.15371676
0.09670848
0.095098959
0.093127102
0.033452217
0.032889719
0.032200999
2.4410265e-19
1.128142e-18
-3.2509125e-18
3.7745906e-19
-2.5817564e-18
2.7105054e-18
-3.5600795e-18
-2.6020852e-18
-4.3368087e-19
0.17821531
0.18128235
0.18377359
0.16463982
0.16641391
0.1678474
0.15129047
0.15187665
0.15234785
0.1532349
0.092862461
0.032114341
0.13953897
0.084467873
0.029194637
0.12625881
0.076346986
0.026373453
-0.11941434
-0.11941434
-0.11941434
-0.11941434
-0.11941434
-0.11941434
-0.11941434
-0.11941434
-0.11941434
-0.072168784
-0.072168784
-0.072168784
-0.072168784
-0.072168784
-0.072168784
-0.072168784
-0.072168784
-0.072168784
-0.024923225
-0.024923225
-0.024923225
-0.024923225
-0.024923225
-0.024923225
-0.024923225
-0.024923225
-0.024923225
-0.11941434
-0.11941434
-0.11941434
-0.11941434
-0.11941434
-0.11941434
-0.11941434
-0.11941434
-0.11941434
-0.072168784
-0.072168784
-0.072168784
-0.072168784
-0.072168784
-0.072168784
-0.072168784
-0.072168784
-0.072168784
-0.024923225
-0.024923225
-0.024923225
-0.024923225
-0.024923225
-0.024923225
-0.024923225
-0.024923225
-0.024923225
0.024923225
0.024923225
0.024923225
0.024923225
0.024923225
0.024923225
0.024923225
0.024923225
0.024923225
0.072168784
0.072168784
0.072168784
0.072168784
0.072168784
0.072168784
0.072168784
0.072168784
0.072168784
0.11941434
0.11941434
0.11941434
0.11941434
0.11941434
0.11941434
0.11941434
0.11941434
0.11941434
-0.14765571
-0.15023361
-0.15232928
-0.089414503
-0.091006511
-0.092302161
-0.030910145
-0.031465955
-0.031918549
-0.13632636
-0.13781586
-0.13902028
-0.0824857
-0.083404136
-0.084147523
-0.028502938
-0.028823335
-0.029082793
-0.12520201
-0.12569362
-0.12608908
-0.075695943
-0.075998632
-0.076242327
-0.026146444
-0.026251958
-0.026336944
0.030910145
0.031465955
0.031918549
0.089414503
0.091006511
0.092302161
0.14765571
0.15023361
0.15232928
0.028502938
0.028823335
0.029082793
0.0824857
0.083404136
0.084147523
0.13632636
0.13781586
0.13902028
0.026146444
0.026251958
0.026336944
0.075695943
0.075998632
0.076242327
0.12520201
0.12569362
0.12608908
0.032279813
0.032508865
0.032625484
0.093335898
0.093991109
0.094324636
0.15399982
0.15505796
0.15559639
0.029288973
0.029419277
0.029485493
0.084738031
0.08511112
0.085300682
0.13997624
0.14057988
0.14088648
0.026404188
0.026446554
0.026468044
0.076435081
0.07655649
0.076618066
0.12640165
0.12659842
0.12669819
0.2086292
0.21215835
0.21502204
0.26579534
0.27011199
0.27360603
0.32218341
0.32715104
0.33115866
0.19287413
0.19491823
0.19656837
0.24613034
0.2486382
0.25065821
0.29895959
0.30185647
0.30418278
0.17735461
0.17803085
0.17857401
0.22668083
0.22751292
0.22817991
0.27587445
0.27683908
0.27761019
0.21730139
0.21874361
0.21947701
0.27638156
0.27813518
0.27902617
0.33433361
0.33633566
0.33735172
0.19787639
0.19870155
0.19912042
0.25225654
0.25326352
0.25377431
0.30601895
0.30717373
0.30775888
0.17900282
0.17927255
0.17940924
0.22870564
0.22903594
0.22920322
0.27821662
0.27859701
0.27878947
0.031918549
0.031465955
0.030910145
0.092302161
0.091006511
0.089414503
0.15232928
0.15023361
0.14765571
0.029082793
0.028823335
0.028502938
0.084147523
0.083404136
0.0824857
0.13902028
0.13781586
0.13632636
0.026336944
0.026251958
0.026146444
0.076242327
0.075998632
0.075695943
0.12608908
0.12569362
0.12520201
