MFEM mesh v1.0

#
# MFEM Geometry Types (see mesh/geom.hpp):
#
# POINT       = 0
# SEGMENT     = 1
# TRIANGLE    = 2
# SQUARE      = 3
# TETRAHEDRON = 4
# CUBE        = 5
#

dimension
3

elements
6
1 5 16 17 19 18 20 21 23 22
1 5 17 8 9 19 21 10 11 23
1 5 18 19 5 4 22 23 7 6
1 5 20 21 23 22 12 13 15 14
1 5 21 10 11 23 13 2 3 15
1 5 22 23 7 6 14 15 1 0

boundary
22
34 3 5 4 6 7
34 3 7 6 0 1
34 3 18 19 17 16
34 3 19 9 8 17
34 3 4 5 19 18
34 3 16 17 21 20
34 3 17 8 10 21
34 3 18 16 20 22
34 3 8 9 11 10
34 3 9 19 23 11
34 3 4 18 22 6
34 3 19 5 7 23
34 3 20 21 13 12
34 3 21 10 2 13
34 3 22 20 12 14
34 3 12 13 15 14
34 3 10 11 3 2
34 3 11 23 15 3
34 3 13 2 3 15
34 3 6 22 14 0
34 3 23 7 1 15
34 3 14 15 1 0

vertices
24

nodes
FiniteElementSpace
FiniteElementCollection: H1_3D_P4
VDim: 3
Ordering: 0

0.11108439
0.1716001
0.42586599
0.34303776
0.11108439
0.1716001
0.11108439
0.1716001
0.48293061
0.37107077
0.46850803
0.36407998
0.13575486
0.34802459
0.12307986
0.24764874
0.14953799
0.45397621
0.12909499
0.28596008
0.14590394
0.42529438
0.12755235
0.27585809
0.16716943
0.274777
0.40344564
0.4215852
0.36382424
0.3113495
0.13612463
0.18255714
0.25091153
0.1458131
0.13898265
0.13243817
0.16140939
0.25733852
0.37626093
0.39663105
0.34539203
0.29861129
0.13408157
0.17743026
0.2421185
0.14258664
0.13647305
0.13057801
0.14942769
0.1486169
0.14703622
0.4530997
0.44666754
0.43418521
0.2856537
0.28340109
0.27900709
0.12904861
0.12870682
0.12803622
0.49673792
0.50918859
0.48726641
0.46394198
0.42764965
0.39078646
0.37028971
0.35493607
0.31612715
0.47942006
0.48609952
0.4593594
0.45086871
0.41703402
0.38255195
0.3620126
0.34470079
0.30538533
0.48249876
0.47931323
0.47304556
0.37086254
0.3693244
0.36628729
0.18739017
0.22179943
0.26221542
0.11327701
0.12865254
0.1551505
0.11403968
0.1198136
0.12582405
0.18625046
0.21783122
0.2544849
0.11327701
0.12865254
0.1551505
0.11380615
0.11910152
0.12458268
0.1716001
0.1716001
0.1716001
0.11108439
0.11108439
0.11108439
0.14620981
0.21332047
0.30505112
0.32915491
0.29506258
0.26335265
0.12828767
0.16337745
0.21783141
0.13351519
0.12932886
0.12521837
0.13789927
0.14154338
0.14457449
0.36392887
0.39150957
0.4149139
0.2535985
0.26372723
0.27215977
0.12404565
0.12566102
0.12698044
0.42849669
0.41952128
0.38206707
0.41202742
0.3852713
0.35780509
0.33738183
0.31496836
0.27499429
0.43519188
0.45063922
0.46312775
0.34768025
0.35532334
0.36145383
0.18287465
0.20638728
0.2326811
0.11327701
0.12865254
0.1551505
0.11310954
0.11700064
0.12096158
0.1716001
0.1716001
0.1716001
0.11108439
0.11108439
0.11108439
0.14078832
0.19528627
0.27302397
0.15036294
0.22284007
0.3197722
0.16103523
0.25538658
0.37288936
0.16699201
0.27423467
0.40260887
0.16569292
0.27027322
0.39647988
0.1631854
0.2626769
0.3846442
0.42082311
0.36326244
0.3109624
0.4152297
0.35913698
0.3081177
0.40437025
0.3511169
0.30257629
0.2506441
0.18240087
0.13606286
0.24867931
0.18125342
0.13560833
0.24485402
0.17902277
0.13471988
0.13238216
0.13890684
0.14571533
0.13196955
0.13834894
0.14499639
0.13116084
0.13725768
0.14359315
0.15609111
0.24078846
0.34961868
0.14674483
0.21273908
0.30308008
0.13825445
0.18867066
0.26179293
0.34311817
0.3809647
0.392416
0.39754768
0.43127548
0.43406161
0.45553896
0.482233
0.47521186
0.48641936
0.50849406
0.49621887
0.48019239
0.50337667
0.49239105
0.46805239
0.49333891
0.48486456
0.46355107
0.42733289
0.39054107
0.46066655
0.4249942
0.3887287
0.45498572
0.42038185
0.38515117
0.37004251
0.35462865
0.31580244
0.36821777
0.35236269
0.31341295
0.36462116
0.34791347
0.30874159
0.43088067
0.46141165
0.45950175
0.37878698
0.41471873
0.42132497
0.3297712
0.36858949
0.38260525
0.11679136
0.13590491
0.16803161
0.12390673
0.15181045
0.19645233
0.1317009
0.1709638
0.23052404
0.26198151
0.22167999
0.18735608
0.26026066
0.22080009
0.18710456
0.25689869
0.21907492
0.18660929
0.1551505
0.12865254
0.11327701
0.1551505
0.12865254
0.11327701
0.1551505
0.12865254
0.11327701
0.11403271
0.11979229
0.12578678
0.11398123
0.11963502
0.12551205
0.11387976
0.11932556
0.12497247
0.1301004
0.16711456
0.22387438
0.12303101
0.14988158
0.19310414
0.11651609
0.1353544
0.1670838
0.15934534
0.25118033
0.36652255
0.15472338
0.23758282
0.34476175
0.14931702
0.22204872
0.31946631
0.38759007
0.3386937
0.29396155
0.36718247
0.32352793
0.28338899
0.34308255
0.30552288
0.27074722
0.23891207
0.17556632
0.13333007
0.23162638
0.17134147
0.13160834
0.22292144
0.16631103
0.12952291
0.1298899
0.13554865
0.14140346
0.12830548
0.13342826
0.13870008
0.12637156
0.13085525
0.1354394
0.14286736
0.20344669
0.28823946
0.13682866
0.18621119
0.25835813
0.13114976
0.17080854
0.23112403
0.44916026
0.47754807
0.47296955
0.42596188
0.45784967
0.45802135
0.39824547
0.43382081
0.43958833
0.44598257
0.4130554
0.37946041
0.43462339
0.40378522
0.37224709
0.42054249
0.39225828
0.36326043
0.35891502
0.3409015
0.30143445
0.35170975
0.33213031
0.29238874
0.34277825
0.32138807
0.28145376
0.36249053
0.40133015
0.41314801
0.32649422
0.36687754
0.3835765
0.29224509
0.33273203
0.35344848
0.25164522
0.21636249
0.18582475
0.24515015
0.21297961
0.18483598
0.23730885
0.20884966
0.18361274
0.1551505
0.12865254
0.11327701
0.1551505
0.12865254
0.11327701
0.1551505
0.12865254
0.11327701
0.11371871
0.11883591
0.12412148
0.11351517
0.11821976
0.12305541
0.11326249
0.11745895
0.12174632
0.12551192
0.15640052
0.20527887
0.1204715
0.14435093
0.18349392
0.11569729
0.13372767
0.164282
0.16088348
0.25493405
0.37217412
0.15025258
0.22252895
0.31926094
0.14071148
0.19508388
0.27268148
0.15977128
0.25162574
0.36693334
0.14944245
0.22025066
0.31551145
0.14014656
0.19359918
0.27016692
0.15761938
0.24526789
0.35680277
0.14786826
0.21585307
0.30824645
0.13904449
0.19072016
0.26528016
0.45479063
0.48160684
0.4747415
0.3969788
0.43077771
0.43368081
0.34271416
0.38059283
0.39212291
0.4492892
0.47699285
0.47127176
0.3927958
0.42710954
0.43087067
0.33974215
0.37785209
0.38995957
0.43856266
0.46794104
0.46444439
0.38463537
0.41991184
0.42533592
0.33393731
0.37247245
0.38569647
0.13165264
0.17084692
0.2303224
0.12388045
0.1517523
0.19635143
0.11678313
0.13588843
0.16800325
0.1312973
0.16998781
0.22883976
0.12368671
0.15132411
0.19560835
0.11672243
0.13576689
0.16779401
0.13060142
0.16831344
0.22594746
0.12330608
0.15048547
0.19415263
0.11660282
0.13552765
0.16738211
0.15431063
0.23560899
0.34126378
0.14543023
0.20912167
0.29705586
0.13732618
0.18627819
0.25771341
0.15030649
0.22412386
0.32255375
0.14245079
0.20103273
0.28349841
0.13520711
0.18088117
0.24847718
0.14559211
0.21091425
0.30072413
0.13890119
0.19160494
0.26755024
0.1326545
0.17450312
0.23750547
0.42186615
0.45369785
0.45364192
0.3719191
0.40858233
0.41656555
0.32487206
0.36399935
0.37893534
0.40135376
0.43592527
0.44004771
0.35626755
0.39443844
0.40550856
0.31367714
0.35341066
0.37040215
0.37682425
0.41423915
0.42326012
0.33749676
0.37716719
0.39182839
0.30018829
0.34046042
0.35983142
0.1295094
0.16570757
0.22143923
0.12270544
0.14916919
0.19186698
0.11641312
0.13514894
0.16673001
0.12815075
0.16250293
0.21588448
0.12195242
0.14753134
0.18902172
0.11617365
0.1346721
0.16590882
0.12649637
0.15865804
0.20920614
0.12102683
0.14553721
0.18555608
0.11587677
0.13408286
0.16489388
0
0.14433757
0.4330127
0.36084392
-1.9515639e-18
0.14433757
1.0842022e-18
0.14433757
0.48603889
0.38463884
0.47240707
0.37864925
5.0957502e-18
0.22368927
-1.3010426e-18
0.18319635
-5.4210109e-20
0.25629728
0
0.19728907
-1.0842022e-19
0.24775119
-3.008661e-18
0.19368993
0.045051695
0.1299233
0.21326717
0.24563076
0.22597295
0.20701788
0.034353612
0.099285939
0.16366737
1.5721064e-18
-5.4743739e-18
-9.2834811e-19
0.043467228
0.12540839
0.20603062
0.23805083
0.22009081
0.20267041
0.033696021
0.097405832
0.16063405
2.5479545e-18
-8.6227954e-19
-2.6698478e-18
1.1651997e-18
4.857734e-18
2.5546514e-18
0.25603842
0.25413461
0.25041783
0.19718101
0.19638441
0.19481997
-3.6592088e-18
-1.9735868e-18
-3.8489177e-18
0.4492025
0.37588867
0.29851333
0.46812151
0.43463085
0.40174699
0.35339144
0.29278126
0.23061039
0.43609876
0.3642077
0.28876571
0.455937
0.42504043
0.39456189
0.34768534
0.28777162
0.22648244
0.4856287
0.48260673
0.47668054
0.38445987
0.38313893
0.38053624
0.15308918
0.17011605
0.18774034
0.024923225
0.072168784
0.11941434
2.7105054e-19
-6.2273862e-18
-7.2101562e-18
0.15255002
0.16846444
0.18484957
0.024923225
0.072168784
0.11941434
1.8431437e-18
-2.0735367e-18
-2.2768246e-18
0.14433757
0.14433757
0.14433757
6.5073306e-19
1.3145951e-18
9.7578196e-19
0.03904111
0.11277388
0.18570841
0.21657604
0.20323217
0.19006884
0.031789198
0.091947467
0.15180621
-4.3389263e-19
-1.3552527e-20
3.5778672e-18
9.2157185e-19
3.5710909e-18
2.4158438e-18
0.22879749
0.23744835
0.24461567
0.1854698
0.18926312
0.19235298
2.0599841e-18
-7.5894152e-19
5.4210109e-20
0.39845788
0.33097257
0.26123552
0.42055109
0.39692831
0.37330553
0.3308016
0.27305464
0.21442052
0.44150297
0.45572427
0.46735889
0.36474496
0.3712003
0.37640913
0.15093503
0.16356894
0.17637257
0.024923225
0.072168784
0.11941434
-2.6020852e-18
-1.8431437e-18
1.3027367e-18
0.14433757
0.14433757
0.14433757
-1.7347235e-18
-1.6263033e-18
2.1667103e-18
0.036103573
0.10430658
0.17182424
0.039528735
0.1141231
0.18774013
0.04310288
0.12435211
0.20427898
0.045003606
0.12978633
0.21304783
0.044650111
0.12877939
0.21143496
0.043960928
0.12681563
0.20828759
0.24540153
0.22579558
0.20688716
0.24371491
0.22448956
0.2059239
0.24041864
0.22193207
0.204034
0.16357625
0.099229429
0.034333841
0.16290466
0.09881298
0.034188151
0.16158613
0.097995698
0.033902291
-1.5042379e-18
-2.3238862e-18
-8.4020372e-19
-4.164014e-18
-5.607464e-18
2.9646153e-19
-2.4462312e-18
-4.2292355e-18
2.2361405e-18
0.041701345
0.12035597
0.19786612
0.038446466
0.11103377
0.18277153
0.035307387
0.10203144
0.16815746
0.24183923
0.30661892
0.36947731
0.26367877
0.33342478
0.40048637
0.28627495
0.36101058
0.43219011
0.29821831
0.3755358
0.4488076
0.29604809
0.37293873
0.44589941
0.29180896
0.36785939
0.44020226
0.46775532
0.43434329
0.40153204
0.46505666
0.4322228
0.39994606
0.45976008
0.42805449
0.39682364
0.35322074
0.29263112
0.23048651
0.35196124
0.29152388
0.22957324
0.34948155
0.2893466
0.22777901
0.27762052
0.35061557
0.42049661
0.2569503
0.32530876
0.39130993
0.23685745
0.30058548
0.36262217
0.026470955
0.076626407
0.12671171
0.029494469
0.085326377
0.14092804
0.032641303
0.094369876
0.15566941
0.18765367
0.17006666
0.1530731
0.18701453
0.16970221
0.15295435
0.18575811
0.1689845
0.1527201
0.11941434
0.072168784
0.024923225
0.11941434
0.072168784
0.024923225
0.11941434
0.072168784
0.024923225
-7.5915328e-19
-5.4070348e-18
-3.1982901e-18
1.1180835e-18
-4.1072628e-18
-9.6564403e-19
1.8431437e-18
-3.6591823e-19
-1.5720932e-18
0.032114341
0.092862461
0.1532349
0.029194637
0.084467873
0.13953897
0.026373453
0.076346986
0.12625881
0.042887532
0.12375551
0.20337802
0.041565734
0.11998457
0.19731955
0.03997644
0.11544658
0.19001621
0.23526359
0.21791895
0.20105879
0.22887988
0.2129265
0.19734097
0.22115153
0.20684838
0.19278971
0.15950801
0.09670848
0.033452217
0.15690705
0.095098959
0.032889719
0.15371676
0.093127102
0.032200999
-2.3581397e-18
-2.1771394e-19
3.849341e-18
7.6571778e-19
1.1655173e-18
-2.7118289e-20
2.1141942e-18
2.3039296e-19
1.7347235e-18
0.037759923
0.10909928
0.17974195
0.035364906
0.10222457
0.16856199
0.033012953
0.095466518
0.15754944
0.28518538
0.35990592
0.43125656
0.27699329
0.3500401
0.42011781
0.26709061
0.33807137
0.4065422
0.45141694
0.42147109
0.39187915
0.44098333
0.41320792
0.38565054
0.42819936
0.40303736
0.37794959
0.34555474
0.28590578
0.22494787
0.34060781
0.28158332
0.22139884
0.33449086
0.27625716
0.21703712
0.25302965
0.32087171
0.38673177
0.23761548
0.30183931
0.36455341
0.22238348
0.28295631
0.34244047
0.18377359
0.1678474
0.15234785
0.18128235
0.16641391
0.15187665
0.17821531
0.16463982
0.15129047
0.11941434
0.072168784
0.024923225
0.11941434
0.072168784
0.024923225
0.11941434
0.072168784
0.024923225
1.7355705e-18
6.7868515e-19
2.1514802e-19
4.8789098e-19
2.7037292e-18
-1.5179889e-18
2.1684043e-18
1.6263033e-18
1.7338764e-18
0.030576941
0.088459636
0.14610799
0.02830992
0.081932164
0.13542786
0.026082573
0.075512649
0.12490408
0.043060415
0.12423108
0.20408492
0.039496047
0.11402982
0.18759023
0.036079598
0.10423809
0.17171393
0.042748127
0.12334095
0.20265734
0.039255456
0.11334325
0.1864866
0.035902999
0.10373358
0.1709012
0.042138575
0.121603
0.1998685
0.038784849
0.11199993
0.18432623
0.035556856
0.10274448
0.16930716
0.28601342
0.360697
0.43183817
0.26347602
0.33318059
0.40021085
0.24168952
0.30643786
0.36927198
0.28408876
0.35838828
0.42924546
0.26198281
0.33138156
0.39817989
0.24058619
0.30510302
0.36775746
0.2803254
0.35386852
0.42416185
0.25905747
0.32785331
0.39419117
0.23842064
0.30248055
0.36477819
0.032625484
0.094324636
0.15559639
0.029485493
0.085300682
0.14088648
0.026468044
0.076618066
0.12669819
0.032508865
0.093991109
0.15505796
0.029419277
0.08511112
0.14057988
0.026446554
0.07655649
0.12659842
0.032279813
0.093335898
0.15399982
0.029288973
0.084738031
0.13997624
0.026404188
0.076435081
0.12640165
0.041187341
0.11888954
0.19551008
0.038047789
0.10989516
0.18093839
0.035012842
0.10118939
0.1667991
0.040012847
0.11553701
0.19011809
0.037133242
0.10728203
0.17672741
0.034334602
0.099249616
0.16366742
0.038596074
0.11148964
0.18359808
0.036023374
0.10410854
0.17160611
0.033506675
0.096880245
0.1598373
0.27443485
0.34677967
0.41616758
0.25446366
0.32230263
0.38790106
0.23500918
0.29834256
0.36006702
0.26713186
0.33796663
0.40619302
0.24874288
0.31537299
0.38002253
0.23074228
0.29315536
0.35414369
0.25827801
0.32724569
0.39400554
0.24176916
0.30689972
0.37035021
0.2255129
0.28678049
0.34683744
0.031918549
0.092302161
0.15232928
0.029082793
0.084147523
0.13902028
0.026336944
0.076242327
0.12608908
0.031465955
0.091006511
0.15023361
0.028823335
0.083404136
0.13781586
0.026251958
0.075998632
0.12569362
0.030910145
0.089414503
0.14765571
0.028502938
0.0824857
0.13632636
0.026146444
0.075695943
0.12520201
0.28867513
0.28867513
0.4330127
0.36084392
-2.1684043e-19
-5.8546917e-18
0.14433757
0.14433757
5.0957502e-18
-1.3010426e-18
0.22368927
0.18319635
0.48603889
0.47240707
0.38463884
0.37864925
1.1492543e-17
-2.1900884e-17
2.8785568e-17
5.3125906e-18
0.25629728
0.24775119
0.19728907
0.19368993
1.2842714e-17
6.1774113e-18
-2.236167e-18
-5.9978403e-18
7.2810952e-18
5.014435e-18
2.036876e-18
6.0308746e-19
1.753697e-17
6.3306329e-17
-4.6679986e-18
3.1509626e-18
0.25603842
0.25413461
0.25041783
0.23805083
0.22009081
0.20267041
0.19718101
0.19638441
0.19481997
0.24563076
0.22597295
0.20701788
0.045051695
0.1299233
0.21326717
0.043467228
0.12540839
0.20603062
0.033696021
0.097405832
0.16063405
0.034353612
0.099285939
0.16366737
-5.0957502e-18
-1.4589295e-17
8.266618e-18
-4.3389263e-19
-1.3552527e-20
3.5778672e-18
-7.2641546e-18
8.5245396e-18
-5.4836913e-18
0.22879749
0.23744835
0.24461567
0.21657604
0.20323217
0.19006884
0.1854698
0.18926312
0.19235298
0.03904111
0.11277388
0.18570841
0.031789198
0.091947467
0.15180621
-8.998878e-18
1.9109063e-18
1.4871993e-17
-3.8307065e-19
-3.8895753e-18
-4.8789098e-18
-4.8246997e-18
-4.858581e-18
9.9852479e-18
0.15255002
0.16846444
0.18484957
0.14433757
0.14433757
0.14433757
0.15308918
0.17011605
0.18774034
0.024923225
0.072168784
0.11941434
0.024923225
0.072168784
0.11941434
0.4856287
0.48260673
0.47668054
0.455937
0.42504043
0.39456189
0.38445987
0.38313893
0.38053624
0.46812151
0.43463085
0.40174699
0.4492025
0.37588867
0.29851333
0.43609876
0.3642077
0.28876571
0.34768534
0.28777162
0.22648244
0.35339144
0.29278126
0.23061039
0.44150297
0.45572427
0.46735889
0.42055109
0.39692831
0.37330553
0.36474496
0.3712003
0.37640913
0.39845788
0.33097257
0.26123552
0.3308016
0.27305464
0.21442052
0.30395098
0.33320369
0.36284937
0.28867513
0.28867513
0.28867513
0.30487629
0.33600514
0.36769266
0.26375191
0.21650635
0.16926079
0.26375191
0.21650635
0.16926079
-3.4331436e-18
7.0515493e-18
1.0157619e-17
-1.0867587e-17
-1.4044865e-18
-2.0233923e-17
2.7443733e-17
-3.741972e-17
-1.5734047e-17
0.045003606
0.044650111
0.043960928
0.12978633
0.12877939
0.12681563
0.21304783
0.21143496
0.20828759
0.041701345
0.038446466
0.035307387
0.12035597
0.11103377
0.10203144
0.19786612
0.18277153
0.16815746
0.033902291
0.034188151
0.034333841
0.097995698
0.09881298
0.099229429
0.16158613
0.16290466
0.16357625
0.036103573
0.039528735
0.04310288
0.10430658
0.1141231
0.12435211
0.17182424
0.18774013
0.20427898
0.24540153
0.24371491
0.24041864
0.22579558
0.22448956
0.22193207
0.20688716
0.2059239
0.204034
-1.9229765e-18
-5.475221e-18
1.8431437e-18
-2.2739645e-17
6.3468179e-18
1.9237812e-17
3.2695443e-17
-2.9553866e-17
4.6777395e-18
0.042887532
0.041565734
0.03997644
0.12375551
0.11998457
0.11544658
0.20337802
0.19731955
0.19001621
0.037759923
0.035364906
0.033012953
0.10909928
0.10222457
0.095466518
0.17974195
0.16856199
0.15754944
0.032200999
0.032889719
0.033452217
0.093127102
0.095098959
0.09670848
0.15371676
0.15690705
0.15950801
0.23526359
0.22887988
0.22115153
0.21791895
0.2129265
0.20684838
0.20105879
0.19734097
0.19278971
-3.0466716e-18
2.0958983e-17
-1.1221492e-17
1.0292946e-17
9.6688811e-18
-4.5333203e-18
1.4875797e-17
-3.0033274e-18
-5.4264107e-18
0.032114341
0.029194637
0.026373453
0.092862461
0.084467873
0.076346986
0.1532349
0.13953897
0.12625881
0.024923225
0.024923225
0.024923225
0.072168784
0.072168784
0.072168784
0.11941434
0.11941434
0.11941434
0.026470955
0.029494469
0.032641303
0.076626407
0.085326377
0.094369876
0.12671171
0.14092804
0.15566941
0.18765367
0.18701453
0.18575811
0.17006666
0.16970221
0.1689845
0.1530731
0.15295435
0.1527201
0.29821831
0.29604809
0.29180896
0.3755358
0.37293873
0.36785939
0.4488076
0.44589941
0.44020226
0.27762052
0.2569503
0.23685745
0.35061557
0.32530876
0.30058548
0.42049661
0.39130993
0.36262217
0.22777901
0.22957324
0.23048651
0.2893466
0.29152388
0.29263112
0.34948155
0.35196124
0.35322074
0.24183923
0.26367877
0.28627495
0.30661892
0.33342478
0.36101058
0.36947731
0.40048637
0.43219011
0.46775532
0.46505666
0.45976008
0.43434329
0.4322228
0.42805449
0.40153204
0.39994606
0.39682364
0.28518538
0.27699329
0.26709061
0.35990592
0.3500401
0.33807137
0.43125656
0.42011781
0.4065422
0.25302965
0.23761548
0.22238348
0.32087171
0.30183931
0.28295631
0.38673177
0.36455341
0.34244047
0.21703712
0.22139884
0.22494787
0.27625716
0.28158332
0.28590578
0.33449086
0.34060781
0.34555474
0.45141694
0.44098333
0.42819936
0.42147109
0.41320792
0.40303736
0.39187915
0.38565054
0.37794959
0.21625808
0.19727828
0.17880693
0.27511175
0.25152599
0.22846557
0.332882
0.30518018
0.27793984
0.16926079
0.16926079
0.16926079
0.21650635
0.21650635
0.21650635
0.26375191
0.26375191
0.26375191
0.17942775
0.19917718
0.21957645
0.22922586
0.25384351
0.27914694
0.27881552
0.30783811
0.33748938
0.36754811
0.3664809
0.3643765
0.33592171
0.33530543
0.33408838
0.3048488
0.30464557
0.30424364
0.043060415
0.042748127
0.042138575
0.039496047
0.039255456
0.038784849
0.036079598
0.035902999
0.035556856
0.12423108
0.12334095
0.121603
0.11402982
0.11334325
0.11199993
0.10423809
0.10373358
0.10274448
0.20408492
0.20265734
0.1998685
0.18759023
0.1864866
0.18432623
0.17171393
0.1709012
0.16930716
0.041187341
0.040012847
0.038596074
0.038047789
0.037133242
0.036023374
0.035012842
0.034334602
0.033506675
0.11888954
0.11553701
0.11148964
0.10989516
0.10728203
0.10410854
0.10118939
0.099249616
0.096880245
0.19551008
0.19011809
0.18359808
0.18093839
0.17672741
0.17160611
0.1667991
0.16366742
0.1598373
0.032625484
0.032508865
0.032279813
0.029485493
0.029419277
0.029288973
0.026468044
0.026446554
0.026404188
0.094324636
0.093991109
0.093335898
0.085300682
0.08511112
0.084738031
0.076618066
0.07655649
0.076435081
0.15559639
0.15505796
0.15399982
0.14088648
0.14057988
0.13997624
0.12669819
0.12659842
0.12640165
0.28601342
0.28408876
0.2803254
0.26347602
0.26198281
0.25905747
0.24168952
0.24058619
0.23842064
0.360697
0.35838828
0.35386852
0.33318059
0.33138156
0.32785331
0.30643786
0.30510302
0.30248055
0.43183817
0.42924546
0.42416185
0.40021085
0.39817989
0.39419117
0.36927198
0.36775746
0.36477819
0.27443485
0.26713186
0.25827801
0.25446366
0.24874288
0.24176916
0.23500918
0.23074228
0.2255129
0.34677967
0.33796663
0.32724569
0.32230263
0.31537299
0.30689972
0.29834256
0.29315536
0.28678049
0.41616758
0.40619302
0.39400554
0.38790106
0.38002253
0.37035021
0.36006702
0.35414369
0.34683744
0.21947701
0.21874361
0.21730139
0.19912042
0.19870155
0.19787639
0.17940924
0.17927255
0.17900282
0.27902617
0.27813518
0.27638156
0.25377431
0.25326352
0.25225654
0.22920322
0.22903594
0.22870564
0.33735172
0.33633566
0.33433361
0.30775888
0.30717373
0.30601895
0.27878947
0.27859701
0.27821662
