MFEM mesh v1.0

#
# MFEM Geometry Types (see mesh/geom.hpp):
#
# POINT       = 0
# SEGMENT     = 1
# TRIANGLE    = 2
# SQUARE      = 3
# TETRAHEDRON = 4
# CUBE        = 5
#

dimension
3

elements
7
1 5 20 21 23 22 26 27 29 28
1 5 6 7 24 11 0 1 12 5
1 5 7 8 25 24 1 2 13 12
1 5 26 27 29 28 14 15 17 16
1 5 28 29 9 10 16 17 3 4
1 5 30 31 33 32 14 16 17 15
1 5 31 19 18 33 16 4 3 17

boundary
30
27 3 22 23 21 20
27 3 11 24 7 6
27 3 24 25 8 7
27 3 20 21 27 26
27 3 22 20 26 28
27 3 21 23 29 27
27 3 23 22 28 29
27 3 10 9 29 28
27 3 6 7 1 0
27 3 24 11 5 12
27 3 11 6 0 5
27 3 0 1 12 5
27 3 7 8 2 1
27 3 8 25 13 2
27 3 25 24 12 13
27 3 1 2 13 12
27 3 26 27 15 14
27 3 28 26 14 16
27 3 27 29 17 15
27 3 10 28 16 4
27 3 29 9 3 17
27 3 9 10 4 3
27 3 19 18 3 4
27 3 32 33 31 30
27 3 33 18 19 31
27 3 30 31 16 14
27 3 31 19 4 16
27 3 32 30 14 15
27 3 33 32 15 17
27 3 18 33 17 3

vertices
34

nodes
FiniteElementSpace
FiniteElementCollection: H1_3D_P4
VDim: 3
Ordering: 0

-0.28867513
-0.14433757
0
0
-0.14433757
-0.28867513
-0.28867513
-0.14433757
1.0842022e-18
1.0842022e-18
-0.14433757
-0.28867513
-0.14433757
7.5894152e-19
-0.14433757
-2.1684043e-19
-0.14433757
-5.8546917e-18
-1.3010426e-18
-0.18319635
-0.14433757
9.8933448e-19
-0.14433757
-2.3039296e-19
-0.14433757
2.1006417e-19
-0.14433757
8.6736174e-19
-0.14433757
2.981556e-19
-0.19728907
-0.19368993
3.3203692e-18
7.0473141e-18
-0.11941434
-0.072168784
-0.024923225
-2.0328791e-20
4.8704394e-19
6.7762636e-21
-0.11941434
-0.072168784
-0.024923225
-0.14433757
-0.14433757
-0.14433757
-0.11941434
-0.072168784
-0.024923225
2.9818207e-19
-1.0842022e-19
-5.2854856e-19
-0.11941434
-0.072168784
-0.024923225
-0.14433757
-0.14433757
-0.14433757
-0.14433757
-0.14433757
-0.14433757
-6.0867258e-20
4.8026768e-19
4.3368087e-19
1.1384388e-18
1.619527e-18
-1.7618285e-19
-0.14433757
-0.14433757
-0.14433757
-0.26375191
-0.21650635
-0.16926079
-0.14433757
-0.14433757
-0.14433757
-0.26375191
-0.21650635
-0.16926079
-0.28867513
-0.28867513
-0.28867513
-0.26375191
-0.21650635
-0.16926079
-0.14433757
-0.14433757
-0.14433757
-0.26375191
-0.21650635
-0.16926079
-0.28867513
-0.28867513
-0.28867513
-0.28867513
-0.28867513
-0.28867513
-0.14433757
-0.14433757
-0.14433757
-0.14433757
-0.14433757
-0.14433757
-0.28867513
-0.28867513
-0.28867513
-0.11941434
-0.072168784
-0.024923225
3.1256177e-19
3.1086109e-19
1.7347235e-18
-0.11941434
-0.072168784
-0.024923225
-0.11941434
-0.072168784
-0.024923225
3.8219715e-18
2.6766241e-18
7.5894152e-19
-0.11941434
-0.072168784
-0.024923225
-1.7347235e-18
-1.6263033e-18
2.1667103e-18
6.2341625e-19
2.0328791e-20
4.4718046e-19
-0.11941434
-0.072168784
-0.024923225
-3.8307065e-19
-3.8895753e-18
-4.8789098e-18
-0.11941434
-0.072168784
-0.024923225
-0.14433757
-0.14433757
-0.14433757
-0.14433757
-0.14433757
-0.14433757
-1.2468325e-18
8.6736174e-19
-2.4394549e-19
2.1684043e-19
1.5856457e-18
1.6284208e-19
-0.14433757
-0.14433757
-0.14433757
6.505213e-19
3.1170812e-19
-2.7083878e-19
-0.024923225
-0.072168784
-0.11941434
-0.14433757
-0.14433757
-0.14433757
-1.7347235e-18
-3.3610267e-18
-7.8316666e-18
-0.024923225
-0.072168784
-0.11941434
-0.14433757
-0.14433757
-0.14433757
-1.7347235e-18
-1.6263033e-18
2.1667103e-18
-0.14433757
-0.14433757
-0.14433757
-0.19718101
-0.19638441
-0.19481997
-0.16063405
-0.097405832
-0.033696021
1.1903142e-17
1.6347736e-18
2.3581397e-18
-0.16366737
-0.099285939
-0.034353612
-0.15308918
-0.17011605
-0.18774034
-0.15255002
-0.16846444
-0.18484957
-7.2641546e-18
3.7811551e-18
1.567011e-19
-5.4210109e-19
1.2129512e-18
2.0621017e-18
-0.1854698
-0.18926312
-0.19235298
-0.031789198
-0.091947467
-0.15180621
8.2399365e-18
7.0337616e-18
4.2199181e-18
-0.15093503
-0.16356894
-0.17637257
-2.6020852e-18
-1.8431437e-18
1.3027367e-18
-0.11941434
-0.072168784
-0.024923225
-0.11941434
-0.072168784
-0.024923225
-0.11941434
-0.072168784
-0.024923225
-0.11941434
-0.072168784
-0.024923225
-0.11941434
-0.072168784
-0.024923225
-0.11941434
-0.072168784
-0.024923225
3.390382e-19
5.945129e-19
1.070557e-18
9.3851085e-19
8.7763201e-19
-1.6093626e-19
5.0146997e-19
-8.4110372e-19
-1.3010426e-18
-0.024923225
-0.072168784
-0.11941434
-0.024923225
-0.072168784
-0.11941434
-0.024923225
-0.072168784
-0.11941434
-0.14433757
-0.14433757
-0.14433757
-0.14433757
-0.14433757
-0.14433757
-0.14433757
-0.14433757
-0.14433757
-0.11941434
-0.072168784
-0.024923225
-0.11941434
-0.072168784
-0.024923225
-0.11941434
-0.072168784
-0.024923225
-0.26375191
-0.21650635
-0.16926079
-0.26375191
-0.21650635
-0.16926079
-0.26375191
-0.21650635
-0.16926079
-0.26375191
-0.21650635
-0.16926079
-0.26375191
-0.21650635
-0.16926079
-0.26375191
-0.21650635
-0.16926079
-0.14433757
-0.14433757
-0.14433757
-0.14433757
-0.14433757
-0.14433757
-0.14433757
-0.14433757
-0.14433757
-0.16926079
-0.21650635
-0.26375191
-0.16926079
-0.21650635
-0.26375191
-0.16926079
-0.21650635
-0.26375191
-0.28867513
-0.28867513
-0.28867513
-0.28867513
-0.28867513
-0.28867513
-0.28867513
-0.28867513
-0.28867513
-0.26375191
-0.21650635
-0.16926079
-0.26375191
-0.21650635
-0.16926079
-0.26375191
-0.21650635
-0.16926079
-0.11941434
-0.072168784
-0.024923225
-0.11941434
-0.072168784
-0.024923225
-0.11941434
-0.072168784
-0.024923225
-0.11941434
-0.072168784
-0.024923225
-0.11941434
-0.072168784
-0.024923225
-0.11941434
-0.072168784
-0.024923225
-7.0304065e-19
-1.8680286e-18
-5.2942206e-19
-5.5650065e-19
1.014322e-19
1.2993485e-18
-2.6038057e-18
-1.6093626e-19
1.0706496e-18
-0.024923225
-0.072168784
-0.11941434
-0.024923225
-0.072168784
-0.11941434
-0.024923225
-0.072168784
-0.11941434
-0.11941434
-0.072168784
-0.024923225
-0.11941434
-0.072168784
-0.024923225
-0.11941434
-0.072168784
-0.024923225
-0.11941434
-0.072168784
-0.024923225
-0.11941434
-0.072168784
-0.024923225
-0.11941434
-0.072168784
-0.024923225
-4.3251579e-19
-6.5179185e-19
-2.3573986e-18
-2.9816883e-19
-8.2162196e-20
-3.726945e-19
-2.1673456e-19
1.3552527e-20
4.8789098e-19
-0.024923225
-0.072168784
-0.11941434
-0.024923225
-0.072168784
-0.11941434
-0.024923225
-0.072168784
-0.11941434
-0.14433757
-0.14433757
-0.14433757
-0.14433757
-0.14433757
-0.14433757
-0.14433757
-0.14433757
-0.14433757
-0.11941434
-0.072168784
-0.024923225
-0.11941434
-0.072168784
-0.024923225
-0.11941434
-0.072168784
-0.024923225
-0.11941434
-0.072168784
-0.024923225
-0.11941434
-0.072168784
-0.024923225
-0.11941434
-0.072168784
-0.024923225
-4.3579845e-19
1.3280418e-18
-1.0816611e-18
-2.6999175e-20
-6.0986372e-20
5.4210109e-20
-1.7347235e-18
-1.1926224e-18
1.3010426e-18
-0.024923225
-0.072168784
-0.11941434
-0.024923225
-0.072168784
-0.11941434
-0.024923225
-0.072168784
-0.11941434
-0.14433757
-0.14433757
-0.14433757
-0.14433757
-0.14433757
-0.14433757
-0.14433757
-0.14433757
-0.14433757
-0.11941434
-0.072168784
-0.024923225
-0.11941434
-0.072168784
-0.024923225
-0.11941434
-0.072168784
-0.024923225
-0.034333841
-0.034188151
-0.033902291
-0.099229429
-0.09881298
-0.097995698
-0.16357625
-0.16290466
-0.16158613
-0.18765367
-0.18701453
-0.18575811
-0.17006666
-0.16970221
-0.1689845
-0.1530731
-0.15295435
-0.1527201
-0.1532349
-0.092862461
-0.032114341
-0.13953897
-0.084467873
-0.029194637
-0.12625881
-0.076346986
-0.026373453
1.326136e-18
6.9357175e-18
4.5138307e-18
-4.9602249e-18
1.2790198e-19
-3.9914045e-18
4.2825986e-18
3.1916201e-18
-3.9140334e-18
-0.032641303
-0.094369876
-0.15566941
-0.029494469
-0.085326377
-0.14092804
-0.026470955
-0.076626407
-0.12671171
-0.033452217
-0.032889719
-0.032200999
-0.09670848
-0.095098959
-0.093127102
-0.15950801
-0.15690705
-0.15371676
-0.18377359
-0.18128235
-0.17821531
-0.1678474
-0.16641391
-0.16463982
-0.15234785
-0.15187665
-0.15129047
-0.14610799
-0.088459636
-0.030576941
-0.13542786
-0.081932164
-0.02830992
-0.12490408
-0.075512649
-0.026082573
-3.2509125e-18
1.128142e-18
2.4410265e-19
2.7105054e-18
-2.5817564e-18
3.7745906e-19
-4.3368087e-19
-2.6020852e-18
-3.5600795e-18
-0.11941434
-0.072168784
-0.024923225
-0.11941434
-0.072168784
-0.024923225
-0.11941434
-0.072168784
-0.024923225
-0.11941434
-0.072168784
-0.024923225
-0.11941434
-0.072168784
-0.024923225
-0.11941434
-0.072168784
-0.024923225
-0.11941434
-0.072168784
-0.024923225
-0.11941434
-0.072168784
-0.024923225
-0.11941434
-0.072168784
-0.024923225
-0.26375191
-0.21650635
-0.16926079
-0.26375191
-0.21650635
-0.16926079
-0.26375191
-0.21650635
-0.16926079
-0.26375191
-0.21650635
-0.16926079
-0.26375191
-0.21650635
-0.16926079
-0.26375191
-0.21650635
-0.16926079
-0.26375191
-0.21650635
-0.16926079
-0.26375191
-0.21650635
-0.16926079
-0.26375191
-0.21650635
-0.16926079
-0.11941434
-0.072168784
-0.024923225
-0.11941434
-0.072168784
-0.024923225
-0.11941434
-0.072168784
-0.024923225
-0.11941434
-0.072168784
-0.024923225
-0.11941434
-0.072168784
-0.024923225
-0.11941434
-0.072168784
-0.024923225
-0.11941434
-0.072168784
-0.024923225
-0.11941434
-0.072168784
-0.024923225
-0.11941434
-0.072168784
-0.024923225
-0.11941434
-0.072168784
-0.024923225
-0.11941434
-0.072168784
-0.024923225
-0.11941434
-0.072168784
-0.024923225
-0.11941434
-0.072168784
-0.024923225
-0.11941434
-0.072168784
-0.024923225
-0.11941434
-0.072168784
-0.024923225
-0.11941434
-0.072168784
-0.024923225
-0.11941434
-0.072168784
-0.024923225
-0.11941434
-0.072168784
-0.024923225
-0.11941434
-0.072168784
-0.024923225
-0.11941434
-0.072168784
-0.024923225
-0.11941434
-0.072168784
-0.024923225
-0.11941434
-0.072168784
-0.024923225
-0.11941434
-0.072168784
-0.024923225
-0.11941434
-0.072168784
-0.024923225
-0.11941434
-0.072168784
-0.024923225
-0.11941434
-0.072168784
-0.024923225
-0.11941434
-0.072168784
-0.024923225
-0.15559639
-0.15505796
-0.15399982
-0.094324636
-0.093991109
-0.093335898
-0.032625484
-0.032508865
-0.032279813
-0.14088648
-0.14057988
-0.13997624
-0.085300682
-0.08511112
-0.084738031
-0.029485493
-0.029419277
-0.029288973
-0.12669819
-0.12659842
-0.12640165
-0.076618066
-0.07655649
-0.076435081
-0.026468044
-0.026446554
-0.026404188
-0.15232928
-0.15023361
-0.14765571
-0.092302161
-0.091006511
-0.089414503
-0.031918549
-0.031465955
-0.030910145
-0.13902028
-0.13781586
-0.13632636
-0.084147523
-0.083404136
-0.0824857
-0.029082793
-0.028823335
-0.028502938
-0.12608908
-0.12569362
-0.12520201
-0.076242327
-0.075998632
-0.075695943
-0.026336944
-0.026251958
-0.026146444
-0.28867513
-0.28867513
-0.28867513
0.28867513
0.28867513
-0.14433757
-0.28867513
-0.28867513
-0.28867513
0.28867513
0.28867513
-0.14433757
-0.14433757
-0.14433757
-2.1684043e-18
-1.9515639e-18
0.14433757
0.14433757
0.38463884
0.37864925
9.9611075e-19
0
0.14433757
0.14433757
-0.14433757
-0.14433757
-1.4433441e-18
-4.8789098e-19
0.14433757
0.14433757
-3.2526065e-19
0.19368993
-1.8295912e-18
0.19728907
1.1849756e-17
7.3721513e-18
2.4462312e-18
0.024923225
0.072168784
0.11941434
0.14433757
0.14433757
0.14433757
0.024923225
0.072168784
0.11941434
-1.4325445e-19
5.4328693e-18
2.5614276e-18
0.024923225
0.072168784
0.11941434
0.14433757
0.14433757
0.14433757
0.024923225
0.072168784
0.11941434
-1.8705267e-18
2.1188529e-18
1.1587411e-18
8.0667977e-19
-1.8168857e-18
8.1315163e-19
0.14433757
0.14433757
0.14433757
0.14433757
0.14433757
0.14433757
-0.28867513
-0.28867513
-0.28867513
-0.26375191
-0.21650635
-0.16926079
-0.14433757
-0.14433757
-0.14433757
-0.26375191
-0.21650635
-0.16926079
-0.28867513
-0.28867513
-0.28867513
-0.26375191
-0.21650635
-0.16926079
-0.14433757
-0.14433757
-0.14433757
-0.26375191
-0.21650635
-0.16926079
-0.28867513
-0.28867513
-0.28867513
-0.28867513
-0.28867513
-0.28867513
-0.14433757
-0.14433757
-0.14433757
-0.14433757
-0.14433757
-0.14433757
-0.28867513
-0.28867513
-0.28867513
-0.26375191
-0.21650635
-0.16926079
-0.14433757
-0.14433757
-0.14433757
-0.28867513
-0.28867513
-0.28867513
-0.26375191
-0.21650635
-0.16926079
-0.14433757
-0.14433757
-0.14433757
-0.28867513
-0.28867513
-0.28867513
-0.14433757
-0.14433757
-0.14433757
1.5179889e-18
-8.8091427e-19
9.2157185e-19
0.024923225
0.072168784
0.11941434
0.14433757
0.14433757
0.14433757
0.024923225
0.072168784
0.11941434
-1.7618285e-18
-2.5546514e-18
-4.0505645e-18
1.6805134e-18
-1.978669e-18
3.006967e-19
0.14433757
0.14433757
0.14433757
0.14433757
0.14433757
0.14433757
0.26375191
0.21650635
0.16926079
0.28867513
0.28867513
0.28867513
0.26375191
0.21650635
0.16926079
0.26375191
0.21650635
0.16926079
0.28867513
0.28867513
0.28867513
0.26375191
0.21650635
0.16926079
0.28867513
0.28867513
0.28867513
0.28867513
0.28867513
0.28867513
0.033696021
0.097405832
0.16063405
0.19481997
0.19638441
0.19718101
0.034353612
0.099285939
0.16366737
-3.0222136e-18
-4.6087063e-18
-4.1267445e-18
1.3281477e-18
-2.2022857e-19
1.2613379e-18
0.15255002
0.16846444
0.18484957
0.15308918
0.17011605
0.18774034
0
1.5585406e-19
-3.6881932e-18
0.34768534
0.28777162
0.22648244
0.38445987
0.38313893
0.38053624
0.35339144
0.29278126
0.23061039
0.30395098
0.33320369
0.36284937
0.30487629
0.33600514
0.36769266
0.11941434
0.11941434
0.11941434
0.072168784
0.072168784
0.072168784
0.024923225
0.024923225
0.024923225
1.4793501e-18
3.7959467e-18
-4.4824256e-18
5.2382949e-19
6.5229478e-18
-2.2564958e-18
6.4769565e-18
1.8808367e-18
-9.8255822e-19
0.024923225
0.072168784
0.11941434
0.024923225
0.072168784
0.11941434
0.024923225
0.072168784
0.11941434
0.14433757
0.14433757
0.14433757
0.14433757
0.14433757
0.14433757
0.14433757
0.14433757
0.14433757
0.11941434
0.072168784
0.024923225
0.11941434
0.072168784
0.024923225
0.11941434
0.072168784
0.024923225
0.024923225
0.024923225
0.024923225
0.072168784
0.072168784
0.072168784
0.11941434
0.11941434
0.11941434
-0.16926079
-0.16926079
-0.16926079
-0.21650635
-0.21650635
-0.21650635
-0.26375191
-0.26375191
-0.26375191
-0.28867513
-0.28867513
-0.28867513
-0.28867513
-0.28867513
-0.28867513
-0.28867513
-0.28867513
-0.28867513
-0.26375191
-0.21650635
-0.16926079
-0.26375191
-0.21650635
-0.16926079
-0.26375191
-0.21650635
-0.16926079
-0.14433757
-0.14433757
-0.14433757
-0.14433757
-0.14433757
-0.14433757
-0.14433757
-0.14433757
-0.14433757
-0.16926079
-0.21650635
-0.26375191
-0.16926079
-0.21650635
-0.26375191
-0.16926079
-0.21650635
-0.26375191
-0.26375191
-0.26375191
-0.26375191
-0.21650635
-0.21650635
-0.21650635
-0.16926079
-0.16926079
-0.16926079
-0.16926079
-0.16926079
-0.16926079
-0.21650635
-0.21650635
-0.21650635
-0.26375191
-0.26375191
-0.26375191
-0.28867513
-0.28867513
-0.28867513
-0.28867513
-0.28867513
-0.28867513
-0.28867513
-0.28867513
-0.28867513
-0.26375191
-0.21650635
-0.16926079
-0.26375191
-0.21650635
-0.16926079
-0.26375191
-0.21650635
-0.16926079
-0.14433757
-0.14433757
-0.14433757
-0.14433757
-0.14433757
-0.14433757
-0.14433757
-0.14433757
-0.14433757
-0.26375191
-0.26375191
-0.26375191
-0.21650635
-0.21650635
-0.21650635
-0.16926079
-0.16926079
-0.16926079
-3.6024987e-19
6.3056838e-18
-2.9983113e-18
-1.9757639e-18
-3.3271454e-18
-1.3213714e-18
3.1559918e-19
-3.3102048e-18
-2.5478751e-18
0.024923225
0.072168784
0.11941434
0.024923225
0.072168784
0.11941434
0.024923225
0.072168784
0.11941434
0.14433757
0.14433757
0.14433757
0.14433757
0.14433757
0.14433757
0.14433757
0.14433757
0.14433757
0.11941434
0.072168784
0.024923225
0.11941434
0.072168784
0.024923225
0.11941434
0.072168784
0.024923225
0.024923225
0.024923225
0.024923225
0.072168784
0.072168784
0.072168784
0.11941434
0.11941434
0.11941434
0.26375191
0.26375191
0.26375191
0.21650635
0.21650635
0.21650635
0.16926079
0.16926079
0.16926079
0.16926079
0.21650635
0.26375191
0.16926079
0.21650635
0.26375191
0.16926079
0.21650635
0.26375191
0.28867513
0.28867513
0.28867513
0.28867513
0.28867513
0.28867513
0.28867513
0.28867513
0.28867513
0.26375191
0.21650635
0.16926079
0.26375191
0.21650635
0.16926079
0.26375191
0.21650635
0.16926079
0.16926079
0.16926079
0.16926079
0.21650635
0.21650635
0.21650635
0.26375191
0.26375191
0.26375191
0.034333841
0.099229429
0.16357625
0.034188151
0.09881298
0.16290466
0.033902291
0.097995698
0.16158613
0.032114341
0.092862461
0.1532349
0.029194637
0.084467873
0.13953897
0.026373453
0.076346986
0.12625881
0.18575811
0.18701453
0.18765367
0.1689845
0.16970221
0.17006666
0.1527201
0.15295435
0.1530731
0.15566941
0.094369876
0.032641303
0.14092804
0.085326377
0.029494469
0.12671171
0.076626407
0.026470955
-3.8900517e-18
-9.8003035e-19
-1.7331351e-18
2.1379112e-18
5.4167757e-19
-8.7413138e-19
1.0842022e-18
-4.3368087e-19
-4.8781157e-19
0.23048651
0.29263112
0.35322074
0.22957324
0.29152388
0.35196124
0.22777901
0.2893466
0.34948155
0.21625808
0.27511175
0.332882
0.19727828
0.25152599
0.30518018
0.17880693
0.22846557
0.27793984
0.3643765
0.3664809
0.36754811
0.33408838
0.33530543
0.33592171
0.30424364
0.30464557
0.3048488
0.33748938
0.27914694
0.21957645
0.30783811
0.25384351
0.19917718
0.27881552
0.22922586
0.17942775
0.024923225
0.024923225
0.024923225
0.072168784
0.072168784
0.072168784
0.11941434
0.11941434
0.11941434
0.024923225
0.024923225
0.024923225
0.072168784
0.072168784
0.072168784
0.11941434
0.11941434
0.11941434
0.024923225
0.024923225
0.024923225
0.072168784
0.072168784
0.072168784
0.11941434
0.11941434
0.11941434
-0.26375191
-0.26375191
-0.26375191
-0.21650635
-0.21650635
-0.21650635
-0.16926079
-0.16926079
-0.16926079
-0.26375191
-0.26375191
-0.26375191
-0.21650635
-0.21650635
-0.21650635
-0.16926079
-0.16926079
-0.16926079
-0.26375191
-0.26375191
-0.26375191
-0.21650635
-0.21650635
-0.21650635
-0.16926079
-0.16926079
-0.16926079
-0.26375191
-0.26375191
-0.26375191
-0.21650635
-0.21650635
-0.21650635
-0.16926079
-0.16926079
-0.16926079
-0.26375191
-0.26375191
-0.26375191
-0.21650635
-0.21650635
-0.21650635
-0.16926079
-0.16926079
-0.16926079
-0.26375191
-0.26375191
-0.26375191
-0.21650635
-0.21650635
-0.21650635
-0.16926079
-0.16926079
-0.16926079
0.024923225
0.024923225
0.024923225
0.072168784
0.072168784
0.072168784
0.11941434
0.11941434
0.11941434
0.024923225
0.024923225
0.024923225
0.072168784
0.072168784
0.072168784
0.11941434
0.11941434
0.11941434
0.024923225
0.024923225
0.024923225
0.072168784
0.072168784
0.072168784
0.11941434
0.11941434
0.11941434
0.16926079
0.16926079
0.16926079
0.21650635
0.21650635
0.21650635
0.26375191
0.26375191
0.26375191
0.16926079
0.16926079
0.16926079
0.21650635
0.21650635
0.21650635
0.26375191
0.26375191
0.26375191
0.16926079
0.16926079
0.16926079
0.21650635
0.21650635
0.21650635
0.26375191
0.26375191
0.26375191
0.032279813
0.093335898
0.15399982
0.032508865
0.093991109
0.15505796
0.032625484
0.094324636
0.15559639
0.029288973
0.084738031
0.13997624
0.029419277
0.08511112
0.14057988
0.029485493
0.085300682
0.14088648
0.026404188
0.076435081
0.12640165
0.026446554
0.07655649
0.12659842
0.026468044
0.076618066
0.12669819
0.21730139
0.27638156
0.33433361
0.21874361
0.27813518
0.33633566
0.21947701
0.27902617
0.33735172
0.19787639
0.25225654
0.30601895
0.19870155
0.25326352
0.30717373
0.19912042
0.25377431
0.30775888
0.17900282
0.22870564
0.27821662
0.17927255
0.22903594
0.27859701
0.17940924
0.22920322
0.27878947
0.28867513
0.28867513
0.28867513
0.28867513
0.28867513
0.28867513
0.14433757
0.14433757
0.14433757
0.14433757
0.14433757
0.14433757
0.28867513
0.28867513
0.28867513
0.28867513
0.28867513
0.28867513
0.38463884
0.37864925
-7.3861273e-19
-5.2041704e-18
-7.5148763e-18
-1.5314356e-18
0.14433757
0.14433757
0.14433757
0.14433757
0.14433757
0.14433757
0.42041877
0.40974402
0.43275991
0.42041877
1.4037255e-19
-2.7109289e-18
1.1451885e-18
1.3555809e-17
-1.3106141e-17
-8.2873704e-18
-5.9979462e-18
-1.1047004e-17
5.1635128e-18
-3.7708451e-18
1.9490652e-17
-6.5390944e-18
0.14433757
0.14433757
0.14433757
0.14433757
0.14433757
0.14433757
0.14433757
0.14433757
0.14433757
0.14433757
0.14433757
0.14433757
0.024923225
0.072168784
0.11941434
0.024923225
0.072168784
0.11941434
0.024923225
0.072168784
0.11941434
0.024923225
0.072168784
0.11941434
0.14433757
0.14433757
0.14433757
0.14433757
0.14433757
0.14433757
0.14433757
0.14433757
0.14433757
0.14433757
0.14433757
0.14433757
0.28867513
0.28867513
0.28867513
0.28867513
0.28867513
0.28867513
0.28867513
0.28867513
0.28867513
0.28867513
0.28867513
0.28867513
0.26375191
0.21650635
0.16926079
0.26375191
0.21650635
0.16926079
0.26375191
0.21650635
0.16926079
0.26375191
0.21650635
0.16926079
0.14433757
0.14433757
0.14433757
0.14433757
0.14433757
0.14433757
0.14433757
0.14433757
0.14433757
0.28867513
0.28867513
0.28867513
0.28867513
0.28867513
0.28867513
0.28867513
0.28867513
0.28867513
0.26375191
0.21650635
0.16926079
0.26375191
0.21650635
0.16926079
0.28867513
0.28867513
0.28867513
0.28867513
0.28867513
0.28867513
0.28867513
0.28867513
0.28867513
0.28867513
0.28867513
0.28867513
0.26375191
0.21650635
0.16926079
0.26375191
0.21650635
0.16926079
0.26375191
0.21650635
0.16926079
0.26375191
0.21650635
0.16926079
0.14433757
0.14433757
0.14433757
0.14433757
0.14433757
0.14433757
0.14433757
0.14433757
0.14433757
0.28867513
0.28867513
0.28867513
0.28867513
0.28867513
0.28867513
0.28867513
0.28867513
0.28867513
0.26375191
0.21650635
0.16926079
0.26375191
0.21650635
0.16926079
0.42009818
0.41773515
0.41309509
0.41309509
0.41773515
0.42009818
0.43238884
0.42965456
0.42428975
0.42428975
0.42965456
0.43238884
0.3104492
0.35281214
0.39666146
0.30882153
0.34786205
0.38805727
0.3104492
0.35281214
0.39666146
0.31231743
0.35850883
0.40659238
0.38538234
0.39662121
0.40577998
0.38445987
0.38313893
0.38053624
0.39236521
0.40528814
0.4158435
0.30395098
0.33320369
0.36284937
0.30487629
0.33600514
0.36769266
1.8091479e-17
-4.3673019e-18
-2.6861109e-17
2.6991915e-17
1.6879249e-18
1.3830354e-17
1.5638631e-17
2.0575431e-18
1.7514755e-18
0.024923225
0.024923225
0.024923225
0.072168784
0.072168784
0.072168784
0.11941434
0.11941434
0.11941434
0.024923225
0.024923225
0.024923225
0.072168784
0.072168784
0.072168784
0.11941434
0.11941434
0.11941434
0.024923225
0.024923225
0.024923225
0.072168784
0.072168784
0.072168784
0.11941434
0.11941434
0.11941434
0.024923225
0.024923225
0.024923225
0.072168784
0.072168784
0.072168784
0.11941434
0.11941434
0.11941434
0.14433757
0.14433757
0.14433757
0.14433757
0.14433757
0.14433757
0.14433757
0.14433757
0.14433757
0.14433757
0.14433757
0.14433757
0.14433757
0.14433757
0.14433757
0.14433757
0.14433757
0.14433757
0.16926079
0.16926079
0.16926079
0.21650635
0.21650635
0.21650635
0.26375191
0.26375191
0.26375191
0.16926079
0.16926079
0.16926079
0.21650635
0.21650635
0.21650635
0.26375191
0.26375191
0.26375191
0.16926079
0.16926079
0.16926079
0.21650635
0.21650635
0.21650635
0.26375191
0.26375191
0.26375191
0.16926079
0.16926079
0.16926079
0.21650635
0.21650635
0.21650635
0.26375191
0.26375191
0.26375191
0.28867513
0.28867513
0.28867513
0.28867513
0.28867513
0.28867513
0.28867513
0.28867513
0.28867513
0.14433757
0.14433757
0.14433757
0.14433757
0.14433757
0.14433757
0.14433757
0.14433757
0.14433757
0.16926079
0.16926079
0.16926079
0.21650635
0.21650635
0.21650635
0.26375191
0.26375191
0.26375191
0.16926079
0.16926079
0.16926079
0.21650635
0.21650635
0.21650635
0.26375191
0.26375191
0.26375191
0.16926079
0.16926079
0.16926079
0.21650635
0.21650635
0.21650635
0.26375191
0.26375191
0.26375191
0.28867513
0.28867513
0.28867513
0.28867513
0.28867513
0.28867513
0.28867513
0.28867513
0.28867513
0.16926079
0.16926079
0.16926079
0.21650635
0.21650635
0.21650635
0.26375191
0.26375191
0.26375191
0.16926079
0.16926079
0.16926079
0.21650635
0.21650635
0.21650635
0.26375191
0.26375191
0.26375191
0.16926079
0.16926079
0.16926079
0.21650635
0.21650635
0.21650635
0.26375191
0.26375191
0.26375191
0.16926079
0.16926079
0.16926079
0.21650635
0.21650635
0.21650635
0.26375191
0.26375191
0.26375191
0.28867513
0.28867513
0.28867513
0.28867513
0.28867513
0.28867513
0.28867513
0.28867513
0.28867513
0.14433757
0.14433757
0.14433757
0.14433757
0.14433757
0.14433757
0.14433757
0.14433757
0.14433757
0.16926079
0.16926079
0.16926079
0.21650635
0.21650635
0.21650635
0.26375191
0.26375191
0.26375191
0.16926079
0.16926079
0.16926079
0.21650635
0.21650635
0.21650635
0.26375191
0.26375191
0.26375191
0.16926079
0.16926079
0.16926079
0.21650635
0.21650635
0.21650635
0.26375191
0.26375191
0.26375191
0.28867513
0.28867513
0.28867513
0.28867513
0.28867513
0.28867513
0.28867513
0.28867513
0.28867513
0.43201931
0.42929628
0.42395342
0.42929628
0.42665598
0.4214746
0.42395342
0.4214746
0.41660841
0.39640343
0.39450076
0.39076106
0.35266408
0.35157158
0.34942046
0.31040064
0.31004209
0.30933488
0.39076106
0.39450076
0.39640343
0.34942046
0.35157158
0.35266408
0.30933488
0.31004209
0.31040064
0.39977979
0.40409643
0.40629423
0.35460445
0.35708017
0.35833829
0.31103811
0.31184988
0.31226165
0.40629423
0.40409643
0.39977979
0.35833829
0.35708017
0.35460445
0.31226165
0.31184988
0.31103811
0.41554142
0.4050283
0.39215625
0.41331449
0.40311217
0.3906146
0.40894024
0.39934527
0.38758001
0.38485569
0.3774452
0.36832609
0.34601328
0.34171966
0.33640835
0.30821142
0.30678986
0.30502232
0.3643765
0.3664809
0.36754811
0.33408838
0.33530543
0.33592171
0.30424364
0.30464557
0.3048488
0.37397058
0.3844433
0.39297184
0.33967163
0.3457581
0.35068725
0.30609989
0.30812138
0.30974969
0.024923225
0.024923225
0.024923225
0.024923225
0.024923225
0.024923225
0.024923225
0.024923225
0.024923225
0.072168784
0.072168784
0.072168784
0.072168784
0.072168784
0.072168784
0.072168784
0.072168784
0.072168784
0.11941434
0.11941434
0.11941434
0.11941434
0.11941434
0.11941434
0.11941434
0.11941434
0.11941434
0.16926079
0.16926079
0.16926079
0.16926079
0.16926079
0.16926079
0.16926079
0.16926079
0.16926079
0.21650635
0.21650635
0.21650635
0.21650635
0.21650635
0.21650635
0.21650635
0.21650635
0.21650635
0.26375191
0.26375191
0.26375191
0.26375191
0.26375191
0.26375191
0.26375191
0.26375191
0.26375191
0.16926079
0.16926079
0.16926079
0.16926079
0.16926079
0.16926079
0.16926079
0.16926079
0.16926079
0.21650635
0.21650635
0.21650635
0.21650635
0.21650635
0.21650635
0.21650635
0.21650635
0.21650635
0.26375191
0.26375191
0.26375191
0.26375191
0.26375191
0.26375191
0.26375191
0.26375191
0.26375191
0.16926079
0.16926079
0.16926079
0.16926079
0.16926079
0.16926079
0.16926079
0.16926079
0.16926079
0.21650635
0.21650635
0.21650635
0.21650635
0.21650635
0.21650635
0.21650635
0.21650635
0.21650635
0.26375191
0.26375191
0.26375191
0.26375191
0.26375191
0.26375191
0.26375191
0.26375191
0.26375191
0.16926079
0.16926079
0.16926079
0.16926079
0.16926079
0.16926079
0.16926079
0.16926079
0.16926079
0.21650635
0.21650635
0.21650635
0.21650635
0.21650635
0.21650635
0.21650635
0.21650635
0.21650635
0.26375191
0.26375191
0.26375191
0.26375191
0.26375191
0.26375191
0.26375191
0.26375191
0.26375191
0.39950923
0.39751436
0.3935944
0.40380843
0.40168522
0.39751436
0.4059973
0.40380843
0.39950923
0.35444935
0.35330497
0.35105216
0.35691529
0.3556989
0.35330497
0.35816842
0.35691529
0.35444935
0.31098728
0.31061202
0.30987197
0.31179591
0.31139751
0.31061202
0.31220609
0.31179591
0.31098728
0.38740692
0.37964677
0.37010408
0.39093439
0.38268809
0.37255684
0.39272855
0.38423377
0.37380188
0.34748517
0.34299233
0.33743792
0.34951624
0.34474712
0.33885573
0.35054751
0.34563748
0.33957432
0.30869669
0.30721018
0.30536283
0.30936503
0.30778866
0.30583094
0.30970381
0.30808171
0.30606783
