MFEM mesh v1.0

#
# MFEM Geometry Types (see mesh/geom.hpp):
#
# POINT       = 0
# SEGMENT     = 1
# TRIANGLE    = 2
# SQUARE      = 3
# TETRAHEDRON = 4
# CUBE        = 5
#

dimension
3

elements
4
1 5 8 9 11 10 12 13 15 14
1 5 9 5 4 11 13 7 6 15
1 5 12 13 15 14 16 17 19 18
1 5 16 17 19 18 0 2 3 1

boundary
18
49 3 0 2 3 1
49 3 5 4 6 7
49 3 10 11 9 8
49 3 11 4 5 9
49 3 8 9 13 12
49 3 9 5 7 13
49 3 10 8 12 14
49 3 11 10 14 15
49 3 4 11 15 6
49 3 13 7 6 15
49 3 12 13 17 16
49 3 14 12 16 18
49 3 13 15 19 17
49 3 15 14 18 19
49 3 16 17 2 0
49 3 18 16 0 1
49 3 17 19 3 2
49 3 19 18 1 3

vertices
20

nodes
FiniteElementSpace
FiniteElementCollection: H1_3D_P4
VDim: 3
Ordering: 0

-2.1684043e-19
0.093042196
-5.8546917e-18
0.11052157
0.26568513
2.9273459e-18
0.22229806
5.0957502e-18
-6.9117888e-18
-6.7762636e-19
0.11530805
0.27788281
1.9380114e-18
8.4432244e-18
0.10703716
0.20621024
3.3203692e-18
7.0473141e-18
0.099661134
0.14907545
-3.814957e-19
8.9395857e-18
4.5943067e-18
0.054417567
0.14850358
0.23496041
0.12713903
0.19385641
0.25872499
0.05729151
0.095601736
0.10865563
1.2734293e-17
5.3337665e-18
1.5327908e-17
0.043467228
0.11586371
0.17599419
0.11253141
0.14653832
0.18875734
0.045051695
0.091240412
0.1016584
1.470434e-17
4.6730808e-18
4.2724342e-18
7.3723498e-18
1.2384469e-17
8.9446679e-18
0.26475786
0.24063644
0.21772426
0.11380896
0.11105087
0.10839707
1.0462551e-17
2.5682039e-18
5.1804535e-18
0.22107841
0.13469044
0.046712443
0.2738931
0.28595144
0.28690326
4.4452289e-18
4.8246997e-18
7.7246228e-18
0.18477872
0.11254934
0.03904111
0.22600691
0.22809576
0.2183821
2.602297e-18
3.9166803e-18
-1.6805134e-18
0.25816654
0.24396828
0.22979059
1.1903142e-17
1.6347736e-18
2.3581397e-18
0.033696021
0.092675488
0.12994856
0.1018375
0.11628531
0.13783887
0.034353612
0.087410742
0.095458421
6.7893529e-18
-1.8965068e-18
1.5111068e-18
6.4236067e-18
2.0074681e-18
1.5043305e-18
0.19513688
0.17546488
0.15766595
0.10570384
0.10324662
0.10087724
-3.8307065e-19
-3.8895753e-18
-4.8789098e-18
0.024923225
0.072168784
0.099974952
0.093675514
0.098116585
0.10577027
0.024923225
0.072168784
0.089926793
-5.4210109e-19
1.2129512e-18
2.0621017e-18
-7.2641546e-18
3.7811551e-18
1.567011e-19
0.11583168
0.12741862
0.14105251
0.094136148
0.096264506
0.098467542
0.11811508
0.17093481
0.22088822
0.099846052
0.12305012
0.14355592
0.05720335
0.056557115
0.05530629
1.6752459e-17
1.1414464e-18
-3.5511592e-18
3.1704013e-18
2.0761836e-18
3.7997898e-18
7.9345811e-19
5.9330423e-18
4.9263436e-18
0.052433323
0.14232305
0.22409873
0.048782057
0.13118102
0.20420303
0.045268158
0.12089967
0.18540025
0.24541192
0.18425015
0.12425746
0.22152322
0.1677501
0.11923549
0.19954078
0.15334878
0.1147265
0.10738383
0.094805918
0.055053577
0.10504805
0.09334793
0.050958781
0.10280561
0.091952597
0.047046277
0.045003606
0.044650111
0.043960928
0.09273065
0.10173447
0.11210729
0.10585522
0.13168573
0.16324974
0.24105289
0.2387534
0.22809618
0.14984694
0.1463297
0.13914404
0.05338174
0.051050476
0.048302401
5.4873047e-18
1.3850617e-17
-4.3373381e-19
2.7257653e-18
1.2183722e-17
4.8043709e-18
1.8010038e-17
1.2231156e-18
4.7975946e-18
0.045356276
0.13079583
0.21475986
0.042822107
0.12349657
0.20285666
0.040334793
0.11630201
0.19101526
0.2656107
0.27595196
0.27473796
0.24995238
0.25700296
0.25197522
0.23429063
0.23806447
0.22977935
0.042887532
0.041565734
0.03997644
0.11798794
0.11812735
0.11495877
0.18462697
0.19079856
0.18812315
7.0012311e-19
6.3925775e-18
-1.5713388e-18
1.2634193e-17
5.4704564e-18
-8.7329097e-19
3.3024756e-18
4.9212614e-19
-8.1315163e-20
0.041701345
0.11111555
0.16698022
0.038446466
0.10294779
0.15105961
0.035307387
0.095917373
0.13678343
0.17855303
0.14023718
0.11045134
0.16082577
0.12959612
0.10679493
0.1452235
0.12051099
0.10347168
0.10053487
0.090544014
0.04310288
0.098467516
0.089265387
0.039528735
0.09647803
0.088038323
0.036103573
0.034333841
0.034188151
0.033902291
0.087676918
0.089384819
0.091675206
0.096995275
0.10716565
0.12220398
4.5138307e-18
6.9357175e-18
1.326136e-18
-3.9914045e-18
1.2790198e-19
-4.9602249e-18
-3.9140334e-18
3.1916201e-18
4.2825986e-18
0.032114341
0.089754903
0.12360512
0.029194637
0.084467873
0.11293433
0.026373453
0.076346986
0.1040075
0.13102558
0.11241839
0.10027769
0.11962466
0.1059856
0.097505846
0.1100959
0.10059342
0.094948372
0.094458676
0.086796235
0.032641303
0.092616005
0.085326377
0.029494469
0.090838963
0.076626407
0.026470955
0.024923225
0.024923225
0.024923225
0.072168784
0.072168784
0.072168784
0.090290861
0.092843846
0.097243624
0.054973355
0.054385005
0.053244717
0.098421506
0.11858421
0.13737156
0.11568245
0.16290547
0.20985288
0.050892374
0.050404895
0.049457816
0.095963544
0.11106298
0.12648701
0.11145935
0.1491797
0.19012164
0.046992216
0.046595007
0.045821512
0.093783219
0.10468155
0.11675851
0.10768589
0.13728104
0.17206431
0.051486356
0.049350069
0.04682288
0.14399565
0.14130585
0.13487576
0.23097362
0.23040937
0.22114425
0.047991438
0.046200108
0.044067015
0.13325606
0.13194161
0.12689
0.21218006
0.21465847
0.20804128
0.044619209
0.043142689
0.041373201
0.12308135
0.12281915
0.1190406
0.19394761
0.19900204
0.19499546
0.043060415
0.042748127
0.042138575
0.091738398
0.099054421
0.10779164
0.10412432
0.12652981
0.15494008
0.039496047
0.039255456
0.038784849
0.090005676
0.094645569
0.1005275
0.10109068
0.11787562
0.14059171
0.036079598
0.035902999
0.035556856
0.08844228
0.091019644
0.094435704
0.098343135
0.11054957
0.12807871
0.032625484
0.032508865
0.032279813
0.086948152
0.087921821
0.089212832
0.095710645
0.10408416
0.11681697
0.029485493
0.029419277
0.029288973
0.085300682
0.08511112
0.084738031
0.093432006
0.098994679
0.10789007
0.026468044
0.026446554
0.026404188
0.076618066
0.07655649
0.076435081
0.091333836
0.094769853
0.10053799
-1.9515639e-18
1.0842022e-18
0.14433757
0.14433757
0.57019239
0.59335069
0.47240707
0.48603889
-7.3725748e-18
0.3224644
-1.1519648e-18
0.30722904
-5.5429836e-18
0.25629728
-3.496552e-18
0.24775119
-1.8295912e-18
0.19728907
-1.2739376e-18
0.19368993
0.05729151
0.16481389
0.26924508
0.32199842
0.31857997
0.31195018
0.054417567
0.15665737
0.25627281
-6.1663999e-18
1.0842022e-19
2.2971534e-18
0.045051695
0.1299233
0.21326717
0.25603842
0.25413461
0.25041783
0.043467228
0.12540839
0.20603062
-5.4345502e-18
-3.5575384e-19
-4.7772658e-18
-7.4945409e-18
-6.8770605e-18
-7.7351049e-18
0.31047167
0.28840695
0.26717658
0.2965368
0.2767634
0.25761269
-1.5720799e-18
-1.3069718e-18
-2.0532079e-18
0.55184515
0.4667897
0.37407891
0.57741475
0.58748697
0.59264872
0.52936069
0.44639856
0.35681328
0.4492025
0.37588867
0.29851333
0.47668054
0.48260673
0.4856287
0.43609876
0.3642077
0.28876571
0.57437618
0.53892397
0.50413239
0.55300856
0.52078024
0.48899717
0.034353612
0.099285939
0.16366737
0.19718101
0.19638441
0.19481997
0.033696021
0.097405832
0.16063405
-2.0329055e-18
-4.2758223e-18
-2.1955094e-18
-6.7623802e-18
-4.0513586e-18
-2.7172817e-18
0.24563076
0.22597295
0.20701788
0.23805083
0.22009081
0.20267041
-4.7430404e-18
-3.2797116e-18
-2.8866883e-18
0.024923225
0.072168784
0.11941434
0.14433757
0.14433757
0.14433757
0.024923225
0.072168784
0.11941434
6.5073306e-19
1.3145951e-18
9.7578196e-19
0
1.5585406e-19
-3.6881932e-18
0.15308918
0.17011605
0.18774034
0.15255002
0.16846444
0.18484957
7.5894152e-19
-1.7618285e-18
-8.1336339e-19
0.05530629
0.15918085
0.26028995
0.056557115
0.16273068
0.26593524
0.05720335
0.16456385
0.26884793
0.055053577
0.15844734
0.25907068
0.050958781
0.14678344
0.24038436
0.047046277
0.13562078
0.22244486
0.31004621
0.30692361
0.30086034
0.2880526
0.28544967
0.28038435
0.26688643
0.26475334
0.26059351
0.24721777
0.1510053
0.052433323
0.23049878
0.14059278
0.048782057
0.21433924
0.13055732
0.045268158
1.4499748e-18
-1.0251431e-18
-5.9904816e-18
-2.1633221e-18
-6.0696793e-18
-7.6902146e-18
-2.0803129e-18
-9.1225448e-18
-9.3309149e-18
0.045003606
0.12978633
0.21304783
0.044650111
0.12877939
0.21143496
0.043960928
0.12681563
0.20828759
0.36216784
0.45273421
0.53636295
0.36968063
0.46160566
0.54614326
0.37355141
0.46616835
0.55116224
0.36042754
0.45048953
0.53360195
0.33525945
0.42029804
0.49962501
0.31097955
0.39099869
0.46641834
0.57372932
0.56897123
0.55967856
0.53837604
0.53434305
0.52645361
0.5036764
0.50031807
0.49373779
0.51289327
0.43176726
0.34461701
0.48209907
0.40454392
0.32202007
0.45184539
0.37797121
0.30008244
0.29821831
0.3755358
0.4488076
0.29604809
0.37293873
0.44589941
0.29180896
0.36785939
0.44020226
0.04310288
0.12435211
0.20427898
0.039528735
0.1141231
0.18774013
0.036103573
0.10430658
0.17182424
0.24540153
0.24371491
0.24041864
0.22579558
0.22448956
0.22193207
0.20688716
0.2059239
0.204034
0.19786612
0.12035597
0.041701345
0.18277153
0.11103377
0.038446466
0.16815746
0.10203144
0.035307387
-7.8575541e-19
-8.4499031e-18
-4.2823074e-18
-2.2963063e-18
-2.8357604e-18
-7.548756e-18
-2.3852448e-18
-1.9769749e-18
-6.871118e-18
0.034333841
0.099229429
0.16357625
0.034188151
0.09881298
0.16290466
0.033902291
0.097995698
0.16158613
0.032641303
0.094369876
0.15566941
0.029494469
0.085326377
0.14092804
0.026470955
0.076626407
0.12671171
0.18765367
0.18701453
0.18575811
0.17006666
0.16970221
0.1689845
0.1530731
0.15295435
0.1527201
0.1532349
0.092862461
0.032114341
0.13953897
0.084467873
0.029194637
0.12625881
0.076346986
0.026373453
-1.05805e-18
-2.7151906e-18
-3.3053339e-18
-4.0657581e-20
-9.2157185e-19
-3.2528712e-19
3.2526065e-19
-8.6058547e-19
-2.4938768e-18
0.024923225
0.072168784
0.11941434
0.024923225
0.072168784
0.11941434
0.024923225
0.072168784
0.11941434
0.054973355
0.15821964
0.25870846
0.054385005
0.15654938
0.25605065
0.053244717
0.15331085
0.25089302
0.050892374
0.14659468
0.24008327
0.050404895
0.14520884
0.23787206
0.049457816
0.14251541
0.23357131
0.046992216
0.1354669
0.22219877
0.046595007
0.13433619
0.22039
0.045821512
0.13213362
0.2168643
0.35994532
0.44991991
0.53297384
0.35640517
0.44573542
0.52835597
0.34952621
0.43759077
0.51934883
0.33485691
0.41982009
0.4990948
0.33189929
0.41630644
0.4951941
0.32614005
0.40945418
0.48757248
0.31064922
0.39060457
0.46597858
0.30822029
0.38770503
0.46274118
0.30348081
0.38203968
0.45640473
0.043060415
0.12423108
0.20408492
0.042748127
0.12334095
0.20265734
0.042138575
0.121603
0.1998685
0.039496047
0.11402982
0.18759023
0.039255456
0.11334325
0.1864866
0.038784849
0.11199993
0.18432623
0.036079598
0.10423809
0.17171393
0.035902999
0.10373358
0.1709012
0.035556856
0.10274448
0.16930716
0.032625484
0.094324636
0.15559639
0.032508865
0.093991109
0.15505796
0.032279813
0.093335898
0.15399982
0.029485493
0.085300682
0.14088648
0.029419277
0.08511112
0.14057988
0.029288973
0.084738031
0.13997624
0.026468044
0.076618066
0.12669819
0.026446554
0.07655649
0.12659842
0.026404188
0.076435081
0.12640165
0.28867513
0.28867513
0.28867513
0.28867513
0.57019239
0.59335069
0.47240707
0.48603889
0.7835347
0.73185567
0.73185567
0.68827279
0.59630391
0.56723152
0.56723152
0.54236453
0.43275991
0.42041877
0.42041877
0.40974402
0.78194926
0.77032793
0.74783558
0.73052242
0.72074224
0.70177661
0.73052242
0.72074224
0.70177661
0.78194926
0.77032793
0.74783558
0.5954215
0.58893516
0.57628973
0.56647815
0.56093773
0.55012271
0.56647815
0.56093773
0.55012271
0.5954215
0.58893516
0.57628973
0.74929192
0.68664807
0.62680617
0.70201769
0.64712055
0.59429927
0.66204309
0.61353593
0.56655631
0.70201769
0.64712055
0.59429927
0.62192553
0.67132121
0.71323188
0.57741475
0.58748697
0.59264872
0.59470673
0.6368947
0.67250374
0.50319416
0.53234703
0.55659596
0.47668054
0.48260673
0.4856287
0.48725134
0.51239955
0.5332435
0.57437618
0.53892397
0.50413239
0.55300856
0.52078024
0.48899717
0.43238884
0.42965456
0.42428975
0.42009818
0.41773515
0.41309509
0.42009818
0.41773515
0.41309509
0.43238884
0.42965456
0.42428975
0.56650477
0.51186117
0.45950538
0.54069314
0.49178441
0.4446241
0.51856807
0.4745094
0.4317745
0.54069314
0.49178441
0.4446241
0.28867513
0.28867513
0.28867513
0.28867513
0.28867513
0.28867513
0.28867513
0.28867513
0.28867513
0.28867513
0.28867513
0.28867513
0.31231743
0.35850883
0.40659238
0.3104492
0.35281214
0.39666146
0.30882153
0.34786205
0.38805727
0.3104492
0.35281214
0.39666146
0.74642532
0.73608266
0.71603851
0.76880781
0.75766307
0.73608266
0.7803717
0.76880781
0.74642532
0.74784444
0.73722887
0.71665585
0.6854421
0.67658939
0.65939112
0.62581778
0.6185558
0.60441501
0.70079696
0.69183807
0.67444436
0.64609826
0.63858938
0.62397882
0.59345743
0.5872689
0.57520191
0.67444436
0.69183807
0.70079696
0.62397882
0.63858938
0.64609826
0.57520191
0.5872689
0.59345743
0.71665585
0.73722887
0.74784444
0.65939112
0.67658939
0.6854421
0.60441501
0.6185558
0.62581778
0.59454305
0.58808576
0.5754965
0.58808576
0.58184138
0.56966385
0.5754965
0.56966385
0.55828301
0.68513266
0.64758889
0.60318202
0.70285493
0.66256691
0.61502184
0.71198729
0.67027185
0.62109864
0.68493468
0.64640067
0.6008228
0.63276506
0.60024236
0.56152014
0.58243653
0.555448
0.5231085
0.57372932
0.56897123
0.55967856
0.53837604
0.53434305
0.52645361
0.5036764
0.50031807
0.49373779
0.57573314
0.61473255
0.64754393
0.5402524
0.57349714
0.60129899
0.50539442
0.53324724
0.55640335
0.55588899
0.53174422
0.50271358
0.5506888
0.52730812
0.49917463
0.54053292
0.518634
0.492243
0.56572267
0.55997112
0.54874516
0.51125475
0.50679149
0.49806141
0.45905725
0.45575639
0.44928672
0.5400239
0.53510011
0.52547852
0.49126339
0.48742721
0.47991613
0.44423764
0.44139012
0.43580418
0.52547852
0.53510011
0.5400239
0.47991613
0.48742721
0.49126339
0.43580418
0.44139012
0.44423764
0.54874516
0.55997112
0.56572267
0.49806141
0.50679149
0.51125475
0.44928672
0.45575639
0.45905725
0.43201931
0.42929628
0.42395342
0.42929628
0.42665598
0.4214746
0.42395342
0.4214746
0.41660841
0.40629423
0.40409643
0.39977979
0.35833829
0.35708017
0.35460445
0.31226165
0.31184988
0.31103811
0.39640343
0.39450076
0.39076106
0.35266408
0.35157158
0.34942046
0.31040064
0.31004209
0.30933488
0.39076106
0.39450076
0.39640343
0.34942046
0.35157158
0.35266408
0.30933488
0.31004209
0.31040064
0.39977979
0.40409643
0.40629423
0.35460445
0.35708017
0.35833829
0.31103811
0.31184988
0.31226165
0.28867513
0.28867513
0.28867513
0.28867513
0.28867513
0.28867513
0.28867513
0.28867513
0.28867513
0.74640402
0.73583997
0.71536573
0.73583997
0.7256523
0.70589967
0.71536573
0.70589967
0.68753177
0.68424181
0.67543069
0.65831241
0.67543069
0.6669237
0.65039059
0.65831241
0.65039059
0.63498425
0.62483391
0.61760498
0.60352799
0.61760498
0.61061811
0.59700843
0.60352799
0.59700843
0.5843015
0.683794
0.64543687
0.60006164
0.67542038
0.63835733
0.59446589
0.6591519
0.62458064
0.5835531
0.6318081
0.59943071
0.56087659
0.62477749
0.59346429
0.55614224
0.61108928
0.5818312
0.54689324
0.58164718
0.55477613
0.52257383
0.57584339
0.54983367
0.51863789
0.56452061
0.54017886
0.51093552
0.56494402
0.55921784
0.548041
0.55921784
0.55367762
0.54286103
0.548041
0.54286103
0.53274265
0.51065093
0.5062068
0.49751388
0.5062068
0.50190308
0.493483
0.49751388
0.493483
0.4855933
0.45861099
0.4553239
0.44888105
0.4553239
0.452138
0.44589236
0.44888105
0.44589236
0.44003111
0.4059973
0.40380843
0.39950923
0.40380843
0.40168522
0.39751436
0.39950923
0.39751436
0.3935944
0.35816842
0.35691529
0.35444935
0.35691529
0.3556989
0.35330497
0.35444935
0.35330497
0.35105216
0.31220609
0.31179591
0.31098728
0.31179591
0.31139751
0.31061202
0.31098728
0.31061202
0.30987197
