MFEM mesh v1.0

#
# MFEM Geometry Types (see mesh/geom.hpp):
#
# POINT       = 0
# SEGMENT     = 1
# TRIANGLE    = 2
# SQUARE      = 3
# TETRAHEDRON = 4
# CUBE        = 5
#

dimension
3

elements
8
1 5 20 8 9 21 23 10 11 25
1 5 21 9 2 6 25 11 3 7
1 5 22 23 25 24 15 16 19 18
1 5 23 10 11 25 16 4 5 19
1 5 25 11 3 7 19 5 0 1
1 5 12 26 27 13 15 29 30 16
1 5 14 28 29 15 17 31 32 18
1 5 15 29 30 16 18 32 33 19

boundary
32
51 3 2 6 7 3
51 3 3 7 1 0
51 3 21 9 8 20
51 3 6 2 9 21
51 3 20 8 10 23
51 3 21 20 23 25
51 3 24 25 23 22
51 3 8 9 11 10
51 3 6 21 25 7
51 3 9 2 3 11
51 3 22 23 16 15
51 3 13 12 15 16
51 3 23 10 4 16
51 3 24 22 15 18
51 3 15 14 17 18
51 3 25 24 18 19
51 3 10 11 5 4
51 3 16 4 5 19
51 3 7 25 19 1
51 3 11 3 0 5
51 3 19 5 0 1
51 3 13 27 26 12
51 3 12 26 29 15
51 3 15 29 28 14
51 3 26 27 30 29
51 3 27 13 16 30
51 3 14 28 31 17
51 3 28 29 32 31
51 3 17 31 32 18
51 3 29 30 33 32
51 3 30 16 19 33
51 3 18 32 33 19

vertices
34

nodes
FiniteElementSpace
FiniteElementCollection: H1_3D_P4
VDim: 3
Ordering: 0

0.25513258
0.13464912
0.25513258
0.25513258
0.42586599
0.34303776
0.13464912
0.13464912
0.48293061
0.37107077
0.46850803
0.36407998
2.9273459e-18
0.26568513
-0.22368927
5.0957502e-18
0.22229806
-0.18319635
-1.3010426e-18
0.17834803
0.25605782
0.19444247
-1.0842022e-19
0.2473562
-3.008661e-18
0.19040097
6.0986372e-18
0.27788281
-0.24775119
-7.3251409e-18
0.20621024
-0.19368993
-4.8246997e-18
0.14907545
0.44719251
0.37501138
0.29813393
0.46394198
0.42764965
0.39078646
0.34261631
0.28599879
0.22661968
0.24522656
0.22499967
0.20498195
0.4334417
0.36293034
0.28816343
0.45086871
0.41703402
0.38255195
0.33592995
0.28016626
0.22190822
0.23743556
0.21878877
0.20021158
0.2557952
0.2538621
0.25007894
0.48249876
0.47931323
0.47304556
0.37086254
0.3693244
0.36628729
0.1943218
0.19343097
0.1916749
0.27499332
0.31310591
0.35117647
0.23432832
0.19489085
0.15545338
0.14451147
0.16399013
0.18390257
0.27385701
0.30969565
0.34542656
0.23432832
0.19489085
0.15545338
0.14386767
0.16202698
0.1805814
0.25513258
0.25513258
0.25513258
0.13464912
0.13464912
0.13464912
0.043467228
0.12534416
0.20578306
0.033696021
0.097093822
0.15847443
2.5479545e-18
-8.6227954e-19
-2.6698478e-18
0.03904111
0.11254934
0.18477872
0.21478456
0.20045933
0.18601087
0.031789198
0.091657954
0.14861194
-4.3389263e-19
-1.3552527e-20
3.5778672e-18
9.2157185e-19
3.5710909e-18
2.4158438e-18
0.22771245
0.2367524
0.24414435
0.18099349
0.18536559
0.18888779
2.0599841e-18
-7.5894152e-19
5.4210109e-20
0.39291034
0.32760198
0.25928958
0.41202742
0.3852713
0.35780509
0.31581277
0.26263594
0.20779901
0.43519188
0.45063922
0.46312775
0.34768025
0.35532334
0.36145383
0.27040172
0.29938498
0.32809582
0.23432832
0.19489085
0.15545338
0.14194135
0.15617383
0.1706731
0.25513258
0.25513258
0.25513258
0.13464912
0.13464912
0.13464912
2.4821639e-18
3.1539272e-18
5.3600245e-18
0.054417567
0.14850358
0.23496041
0.2738931
0.28595144
0.28690326
0.046712443
0.13469044
0.22107841
-5.6670475e-18
-5.1067616e-18
4.9009326e-18
0.043467228
0.11586371
0.17599419
0.22600691
0.22809576
0.2183821
2.602297e-18
3.9166803e-18
-1.6805134e-18
-9.0196204e-18
-5.91229e-19
-1.8465318e-19
0.26475786
0.24063644
0.21772426
0.25816654
0.24396828
0.22979059
-0.22879749
-0.23744835
-0.24461567
-0.20603062
-0.12540839
-0.043467228
-0.18570841
-0.11277388
-0.03904111
-0.1854698
-0.18926312
-0.19235298
-0.16063405
-0.097405832
-0.033696021
-2.0540152e-18
1.5458351e-19
8.9582205e-18
-0.15180621
-0.091947467
-0.031789198
-0.21657604
-0.20323217
-0.19006884
-0.23805083
-0.22009081
-0.20267041
1.0568854e-18
-7.250602e-19
4.4079595e-18
0.033696021
0.092675488
0.12994856
0.17769033
0.17197081
0.15890374
0.19513688
0.17546488
0.15766595
0.23895109
0.30152977
0.36100638
0.26225203
0.33068196
0.39540814
0.28565398
0.35967354
0.42936501
0.29783343
0.37464826
0.44678029
0.29562067
0.37197249
0.44374055
0.29128624
0.3667214
0.4377645
0.46355107
0.42733289
0.39054107
0.46066655
0.4249942
0.3887287
0.45498572
0.42038185
0.38515117
0.34241711
0.28582497
0.22647914
0.3409458
0.28454121
0.2254414
0.33804093
0.28200724
0.22339436
0.2048394
0.22481352
0.24499203
0.20378733
0.22344079
0.24326449
0.20171449
0.22074162
0.23987777
0.2767042
0.34877834
0.41691585
0.25507917
0.32187879
0.3853026
0.23340909
0.2946859
0.35314827
0.16739282
0.21042113
0.2528767
0.19069207
0.2403767
0.28849827
0.21423904
0.27034066
0.32405355
0.35100526
0.31300444
0.27495955
0.34974046
0.31225469
0.27470998
0.3472425
0.31077322
0.2742164
0.23432832
0.19489085
0.15545338
0.23432832
0.19489085
0.15545338
0.23432832
0.19489085
0.15545338
0.14449227
0.16393152
0.18380343
0.14435045
0.16349886
0.18307153
0.14407072
0.16264584
0.18162846
0.21035249
0.26551889
0.31853912
0.18837372
0.23748649
0.28520973
0.16662226
0.20945163
0.25177633
0.035307387
0.10174143
0.16654127
0.038446466
0.11084242
0.18192332
0.041701345
0.12025721
0.19747402
0.042887532
0.1236782
0.20307959
0.041565734
0.11986928
0.1968694
0.03997644
0.11526837
0.18929894
0.23454952
0.21647433
0.19842717
0.22788696
0.21110536
0.19427611
0.21970293
0.20446715
0.18912632
0.15723046
0.09639271
0.033452217
0.1543411
0.094780558
0.032889719
0.15076722
0.092820411
0.032200999
-2.3581397e-18
-2.1771394e-19
3.849341e-18
7.6571778e-19
1.1655173e-18
-2.7118289e-20
2.1141942e-18
2.3039296e-19
1.7347235e-18
0.037759923
0.10882864
0.17854177
0.035364906
0.10188015
0.16670518
0.033012953
0.095118385
0.15485426
0.28447604
0.35844562
0.42831954
0.27597456
0.34807335
0.41644221
0.26554896
0.33529758
0.40176653
0.44598257
0.4130554
0.37946041
0.43462339
0.40378522
0.37224709
0.42054249
0.39225828
0.36326043
0.33341862
0.27797659
0.22014174
0.32755698
0.27286734
0.21602464
0.32025033
0.26650116
0.21090355
0.25054332
0.31666198
0.38000199
0.2338081
0.29562093
0.35508158
0.21683987
0.27414202
0.32953617
0.34326552
0.30841264
0.2734287
0.33821866
0.30541345
0.27242569
0.33192243
0.30166595
0.2711688
0.23432832
0.19489085
0.15545338
0.23432832
0.19489085
0.15545338
0.23432832
0.19489085
0.15545338
0.14362635
0.16129188
0.17933755
0.14306407
0.15958097
0.17644189
0.142365
0.15745793
0.17284757
0.19871084
0.25102274
0.30193436
0.18143594
0.2288
0.27529107
0.16431058
0.20653012
0.24844274
0.22809618
0.2387534
0.24105289
0.13914404
0.1463297
0.14984694
0.048302401
0.051050476
0.05338174
1.3722545e-17
1.0566667e-17
6.4479457e-18
7.1343463e-18
4.5672811e-18
-3.0250723e-18
1.0066676e-17
5.3470014e-18
1.8931186e-18
0.052433323
0.14232305
0.22409873
0.048782057
0.13118102
0.20420303
0.045268158
0.12089967
0.18540025
0.27473796
0.27595196
0.2656107
0.25197522
0.25700296
0.24995238
0.22977935
0.23806447
0.23429063
0.21475986
0.13079583
0.045356276
0.20285666
0.12349657
0.042822107
0.19101526
0.11630201
0.040334793
0.03997644
0.041565734
0.042887532
0.11495877
0.11812735
0.11798794
0.18812315
0.19079856
0.18462697
-0.03997644
-0.041565734
-0.042887532
-0.11544658
-0.11998457
-0.12375551
-0.19001621
-0.19731955
-0.20337802
-0.22115153
-0.22887988
-0.23526359
-0.20684838
-0.2129265
-0.21791895
-0.19278971
-0.19734097
-0.20105879
-0.19786612
-0.12035597
-0.041701345
-0.18277153
-0.11103377
-0.038446466
-0.16815746
-0.10203144
-0.035307387
4.8181484e-18
1.3493707e-17
-3.7300192e-18
-5.4599744e-18
3.0988171e-18
9.6971243e-18
-2.3225643e-18
-1.3806637e-19
-2.3587254e-18
-0.037759923
-0.10909928
-0.17974195
-0.035364906
-0.10222457
-0.16856199
-0.033012953
-0.095466518
-0.15754944
-0.15371676
-0.15690705
-0.15950801
-0.093127102
-0.095098959
-0.09670848
-0.032200999
-0.032889719
-0.033452217
0.041701345
0.11111555
0.16698022
0.038446466
0.10294779
0.15105961
0.035307387
0.095917373
0.13678343
0.20725163
0.21816273
0.21770065
0.18703148
0.19951906
0.2018909
0.16819528
0.18130882
0.18603591
0.032200999
0.032889719
0.033452217
0.092582584
0.093598422
0.093355805
0.14854473
0.14523227
0.13663227
0.28538492
0.35934679
0.42899245
0.26203731
0.3304189
0.3951065
0.23878566
0.3013257
0.36077218
0.2834024
0.35693766
0.42624393
0.26045338
0.32847746
0.39287963
0.23756435
0.29981876
0.35904249
0.27951231
0.35220264
0.42083411
0.2573364
0.32465239
0.38848886
0.23515639
0.29684535
0.35562848
0.21412313
0.270197
0.32388931
0.19062292
0.24029057
0.28840036
0.16736985
0.21039226
0.25284398
0.21326723
0.26913584
0.32267609
0.19011229
0.23965448
0.28767705
0.16720019
0.21017897
0.25260213
0.21157861
0.26704101
0.32028039
0.189105
0.23839881
0.28624841
0.1668654
0.20975778
0.25212413
0.041187341
0.11877476
0.19505135
0.038047789
0.10968535
0.17999294
0.035012842
0.10088744
0.16506584
0.040012847
0.11537836
0.18946949
0.037133242
0.10702707
0.17552428
0.034334602
0.098923601
0.1616409
0.038596074
0.11126444
0.18263565
0.036023374
0.10379652
0.17001837
0.033506675
0.096535224
0.15740702
0.27338263
0.34472136
0.41226777
0.25240172
0.31858514
0.38151661
0.23133297
0.29211818
0.35019843
0.26570152
0.33531423
0.40146917
0.24618123
0.31091887
0.37269685
0.2264968
0.2861293
0.34331611
0.25624152
0.32368553
0.38809112
0.23847212
0.30139415
0.36173024
0.22048429
0.27867012
0.33474169
0.20889493
0.26370832
0.31646729
0.18750454
0.23640134
0.28397353
0.16633316
0.20908734
0.2513621
0.20549756
0.2594833
0.31163025
0.18547922
0.23386937
0.28108598
0.16565902
0.20823666
0.25039319
0.20127198
0.25421881
0.30559863
0.1829614
0.23071493
0.27748222
0.16481978
0.20717533
0.24918122
0.04682288
0.049350069
0.051486356
0.13487576
0.14130585
0.14399565
0.22114425
0.23040937
0.23097362
0.044067015
0.046200108
0.047991438
0.12689
0.13194161
0.13325606
0.20804128
0.21465847
0.21218006
0.041373201
0.043142689
0.044619209
0.1190406
0.12281915
0.12308135
0.19499546
0.19900204
0.19394761
-0.18359808
-0.19011809
-0.19551008
-0.11148964
-0.11553701
-0.11888954
-0.038596074
-0.040012847
-0.041187341
-0.17160611
-0.17672741
-0.18093839
-0.10410854
-0.10728203
-0.10989516
-0.036023374
-0.037133242
-0.038047789
-0.1598373
-0.16366742
-0.1667991
-0.096880245
-0.099249616
-0.10118939
-0.033506675
-0.034334602
-0.035012842
0.038596074
0.040012847
0.041187341
0.11092363
0.11353751
0.11311104
0.18125378
0.18265272
0.17555579
0.036023374
0.037133242
0.038047789
0.10343313
0.10518317
0.10453319
0.16824651
0.16744876
0.15916941
0.033506675
0.034334602
0.035012842
0.09622685
0.097409157
0.096934506
0.15530635
0.15272456
0.14403747
-0.28867513
-0.28867513
-0.28867513
-0.28867513
-0.4330127
-0.36084392
-0.28867513
-0.28867513
-0.48603889
-0.38463884
-0.47240707
-0.37864925
-0.59335069
-0.57019239
-0.47240707
-0.48603889
-0.47240707
-0.37864925
-0.38463884
-0.37864925
-0.56723152
-0.42041877
-0.56723152
-0.54236453
-0.42041877
-0.40974402
-0.3224644
-0.30722904
-0.24775119
-0.25629728
-0.24775119
-0.19368993
-0.19728907
-0.19368993
-0.50319416
-0.53234703
-0.55659596
-0.46812151
-0.43463085
-0.40174699
-0.39236521
-0.40528814
-0.4158435
-0.54069314
-0.49178441
-0.4446241
-0.48725134
-0.51239955
-0.5332435
-0.455937
-0.42504043
-0.39456189
-0.38538234
-0.39662121
-0.40577998
-0.51856807
-0.4745094
-0.4317745
-0.56647815
-0.56093773
-0.55012271
-0.4856287
-0.48260673
-0.47668054
-0.38445987
-0.38313893
-0.38053624
-0.42009818
-0.41773515
-0.41309509
-0.30487629
-0.33600514
-0.36769266
-0.28867513
-0.28867513
-0.28867513
-0.3104492
-0.35281214
-0.39666146
-0.30395098
-0.33320369
-0.36284937
-0.28867513
-0.28867513
-0.28867513
-0.30882153
-0.34786205
-0.38805727
-0.28867513
-0.28867513
-0.28867513
-0.28867513
-0.28867513
-0.28867513
-0.56647815
-0.56093773
-0.55012271
-0.42009818
-0.41773515
-0.41309509
-0.54069314
-0.49178441
-0.4446241
-0.4856287
-0.48260673
-0.47668054
-0.455937
-0.42504043
-0.39456189
-0.38445987
-0.38313893
-0.38053624
-0.46812151
-0.43463085
-0.40174699
-0.50319416
-0.53234703
-0.55659596
-0.48725134
-0.51239955
-0.5332435
-0.38538234
-0.39662121
-0.40577998
-0.39236521
-0.40528814
-0.4158435
-0.44150297
-0.45572427
-0.46735889
-0.42055109
-0.39692831
-0.37330553
-0.36474496
-0.3712003
-0.37640913
-0.44150297
-0.45572427
-0.46735889
-0.36474496
-0.3712003
-0.37640913
-0.30113675
-0.32475953
-0.34838231
-0.28867513
-0.28867513
-0.28867513
-0.30395098
-0.33320369
-0.36284937
-0.28867513
-0.28867513
-0.28867513
-0.28867513
-0.28867513
-0.28867513
-0.55184515
-0.4667897
-0.37407891
-0.32199842
-0.31857997
-0.31195018
-0.52936069
-0.44639856
-0.35681328
-0.59264872
-0.58748697
-0.57741475
-0.4492025
-0.37588867
-0.29851333
-0.25603842
-0.25413461
-0.25041783
-0.43609876
-0.3642077
-0.28876571
-0.57437618
-0.53892397
-0.50413239
-0.31047167
-0.28840695
-0.26717658
-0.2965368
-0.2767634
-0.25761269
-0.55300856
-0.52078024
-0.48899717
-0.43609876
-0.3642077
-0.28876571
-0.25041783
-0.25413461
-0.25603842
-0.47668054
-0.48260673
-0.4856287
-0.34768534
-0.28777162
-0.22648244
-0.19481997
-0.19638441
-0.19718101
-0.35339144
-0.29278126
-0.23061039
-0.38053624
-0.38313893
-0.38445987
-0.455937
-0.42504043
-0.39456189
-0.23805083
-0.22009081
-0.20267041
-0.24563076
-0.22597295
-0.20701788
-0.19718101
-0.19638441
-0.19481997
-0.34768534
-0.28777162
-0.22648244
-0.23805083
-0.22009081
-0.20267041
-0.43911919
-0.42644387
-0.41097246
-0.48438922
-0.46742605
-0.44684203
-0.53122766
-0.50960064
-0.48351517
-0.55588899
-0.53174422
-0.50271358
-0.5506888
-0.52730812
-0.49917463
-0.54053292
-0.518634
-0.492243
-0.46775532
-0.43434329
-0.40153204
-0.46505666
-0.4322228
-0.39994606
-0.45976008
-0.42805449
-0.39682364
-0.39215625
-0.4050283
-0.41554142
-0.3906146
-0.40311217
-0.41331449
-0.38758001
-0.39934527
-0.40894024
-0.44423764
-0.49126339
-0.5400239
-0.44139012
-0.48742721
-0.53510011
-0.43580418
-0.47991613
-0.52547852
-0.51043472
-0.49181143
-0.4692747
-0.46813286
-0.45347902
-0.43564612
-0.42701259
-0.41603046
-0.40259239
-0.30974969
-0.30812138
-0.30609989
-0.35068725
-0.3457581
-0.33967163
-0.39297184
-0.3844433
-0.37397058
-0.36754811
-0.33592171
-0.3048488
-0.3664809
-0.33530543
-0.30464557
-0.3643765
-0.33408838
-0.30424364
-0.28867513
-0.28867513
-0.28867513
-0.28867513
-0.28867513
-0.28867513
-0.28867513
-0.28867513
-0.28867513
-0.31040064
-0.35266408
-0.39640343
-0.31004209
-0.35157158
-0.39450076
-0.30933488
-0.34942046
-0.39076106
-0.38485569
-0.3774452
-0.36832609
-0.34601328
-0.34171966
-0.33640835
-0.30821142
-0.30678986
-0.30502232
-0.44423764
-0.44139012
-0.43580418
-0.49126339
-0.48742721
-0.47991613
-0.5400239
-0.53510011
-0.52547852
-0.55588899
-0.5506888
-0.54053292
-0.53174422
-0.52730812
-0.518634
-0.50271358
-0.49917463
-0.492243
-0.51043472
-0.46813286
-0.42701259
-0.49181143
-0.45347902
-0.41603046
-0.4692747
-0.43564612
-0.40259239
-0.40894024
-0.41331449
-0.41554142
-0.39934527
-0.40311217
-0.4050283
-0.38758001
-0.3906146
-0.39215625
-0.43911919
-0.48438922
-0.53122766
-0.42644387
-0.46742605
-0.50960064
-0.41097246
-0.44684203
-0.48351517
-0.46775532
-0.46505666
-0.45976008
-0.43434329
-0.4322228
-0.42805449
-0.40153204
-0.39994606
-0.39682364
-0.52466922
-0.50505703
-0.48136214
-0.50505703
-0.48822494
-0.46781941
-0.48136214
-0.46781941
-0.45132243
-0.45141694
-0.42147109
-0.39187915
-0.44098333
-0.41320792
-0.38565054
-0.42819936
-0.40303736
-0.37794959
-0.38277607
-0.39339497
-0.4020404
-0.3767269
-0.38592468
-0.39339497
-0.36925134
-0.3767269
-0.38277607
-0.45141694
-0.44098333
-0.42819936
-0.42147109
-0.41320792
-0.40303736
-0.39187915
-0.38565054
-0.37794959
-0.36103496
-0.33215092
-0.30360219
-0.35680964
-0.32969232
-0.30278533
-0.35156084
-0.3266246
-0.3017616
-0.28867513
-0.28867513
-0.28867513
-0.28867513
-0.28867513
-0.28867513
-0.28867513
-0.28867513
-0.28867513
-0.30821142
-0.34601328
-0.38485569
-0.30678986
-0.34171966
-0.3774452
-0.30502232
-0.33640835
-0.36832609
-0.36103496
-0.35680964
-0.35156084
-0.33215092
-0.32969232
-0.3266246
-0.30360219
-0.30278533
-0.3017616
-0.53636295
-0.45273421
-0.36216784
-0.54614326
-0.46160566
-0.36968063
-0.55116224
-0.46616835
-0.37355141
-0.53360195
-0.45048953
-0.36042754
-0.49962501
-0.42029804
-0.33525945
-0.46641834
-0.39099869
-0.31097955
-0.31004621
-0.30692361
-0.30086034
-0.2880526
-0.28544967
-0.28038435
-0.26688643
-0.26475334
-0.26059351
-0.34461701
-0.43176726
-0.51289327
-0.32202007
-0.40454392
-0.48209907
-0.30008244
-0.37797121
-0.45184539
-0.55967856
-0.56897123
-0.57372932
-0.52645361
-0.53434305
-0.53837604
-0.49373779
-0.50031807
-0.5036764
-0.4488076
-0.3755358
-0.29821831
-0.44589941
-0.37293873
-0.29604809
-0.44020226
-0.36785939
-0.29180896
-0.4488076
-0.3755358
-0.29821831
-0.44589941
-0.37293873
-0.29604809
-0.44020226
-0.36785939
-0.29180896
-0.42049661
-0.35061557
-0.27762052
-0.39130993
-0.32530876
-0.2569503
-0.36262217
-0.30058548
-0.23685745
-0.24041864
-0.24371491
-0.24540153
-0.22193207
-0.22448956
-0.22579558
-0.204034
-0.2059239
-0.20688716
-0.28627495
-0.36101058
-0.43219011
-0.26367877
-0.33342478
-0.40048637
-0.24183923
-0.30661892
-0.36947731
-0.46775532
-0.46505666
-0.45976008
-0.43434329
-0.4322228
-0.42805449
-0.40153204
-0.39994606
-0.39682364
-0.34948155
-0.2893466
-0.22777901
-0.35196124
-0.29152388
-0.22957324
-0.35322074
-0.29263112
-0.23048651
-0.24540153
-0.24371491
-0.24041864
-0.22579558
-0.22448956
-0.22193207
-0.20688716
-0.2059239
-0.204034
-0.27762052
-0.35061557
-0.42049661
-0.2569503
-0.32530876
-0.39130993
-0.23685745
-0.30058548
-0.36262217
-0.35322074
-0.29263112
-0.23048651
-0.35196124
-0.29152388
-0.22957324
-0.34948155
-0.2893466
-0.22777901
-0.53059914
-0.50906381
-0.48308646
-0.48389922
-0.46700627
-0.44650579
-0.43875526
-0.42613126
-0.41072138
-0.52597413
-0.50511183
-0.47992842
-0.48029083
-0.46391388
-0.44402738
-0.43607342
-0.42382674
-0.40886957
-0.51693222
-0.49737691
-0.47373745
-0.47322291
-0.45785059
-0.43916077
-0.43081065
-0.41930038
-0.4052275
-0.39272855
-0.38423377
-0.37380188
-0.35054751
-0.34563748
-0.33957432
-0.30970381
-0.30808171
-0.30606783
-0.39093439
-0.38268809
-0.37255684
-0.34951624
-0.34474712
-0.33885573
-0.30936503
-0.30778866
-0.30583094
-0.38740692
-0.37964677
-0.37010408
-0.34748517
-0.34299233
-0.33743792
-0.30869669
-0.30721018
-0.30536283
-0.53059914
-0.52597413
-0.51693222
-0.48389922
-0.48029083
-0.47322291
-0.43875526
-0.43607342
-0.43081065
-0.50906381
-0.50511183
-0.49737691
-0.46700627
-0.46391388
-0.45785059
-0.42613126
-0.42382674
-0.41930038
-0.48308646
-0.47992842
-0.47373745
-0.44650579
-0.44402738
-0.43916077
-0.41072138
-0.40886957
-0.4052275
-0.50278377
-0.48525025
-0.46400471
-0.46212732
-0.44831578
-0.43148865
-0.42252275
-0.41216138
-0.39947009
-0.48525025
-0.47018262
-0.45186615
-0.44831578
-0.43641919
-0.42188331
-0.41216138
-0.40321767
-0.3922346
-0.46400471
-0.45186615
-0.43704237
-0.43148865
-0.42188331
-0.41009744
-0.39947009
-0.3922346
-0.38331489
-0.38183383
-0.37483534
-0.3662157
-0.34426669
-0.34020838
-0.33518431
-0.30763456
-0.30628989
-0.30461684
-0.37483534
-0.36878219
-0.36130984
-0.34020838
-0.33669224
-0.33233052
-0.30628989
-0.3051231
-0.30366876
-0.3662157
-0.36130984
-0.35523236
-0.33518431
-0.33233052
-0.32877894
-0.30461684
-0.30366876
-0.30248349
-0.53297384
-0.44991991
-0.35994532
-0.52835597
-0.44573542
-0.35640517
-0.51934883
-0.43759077
-0.34952621
-0.4990948
-0.41982009
-0.33485691
-0.4951941
-0.41630644
-0.33189929
-0.48757248
-0.40945418
-0.32614005
-0.46597858
-0.39060457
-0.31064922
-0.46274118
-0.38770503
-0.30822029
-0.45640473
-0.38203968
-0.30348081
-0.42416185
-0.35386852
-0.2803254
-0.42924546
-0.35838828
-0.28408876
-0.43183817
-0.360697
-0.28601342
-0.39419117
-0.32785331
-0.25905747
-0.39817989
-0.33138156
-0.26198281
-0.40021085
-0.33318059
-0.26347602
-0.36477819
-0.30248055
-0.23842064
-0.36775746
-0.30510302
-0.24058619
-0.36927198
-0.30643786
-0.24168952
-0.43183817
-0.360697
-0.28601342
-0.42924546
-0.35838828
-0.28408876
-0.42416185
-0.35386852
-0.2803254
-0.40021085
-0.33318059
-0.26347602
-0.39817989
-0.33138156
-0.26198281
-0.39419117
-0.32785331
-0.25905747
-0.36927198
-0.30643786
-0.24168952
-0.36775746
-0.30510302
-0.24058619
-0.36477819
-0.30248055
-0.23842064
0.28867513
0.28867513
0
0.14433757
0.4330127
0.36084392
-5.8546917e-18
0.14433757
2.9273459e-18
4.3368087e-19
0.22368927
0.18319635
0.59335069
0.57019239
0.47240707
0.48603889
0.47240707
0.37864925
0.38463884
0.37864925
-2.1900884e-17
5.3125906e-18
0.25629728
0.24775119
0.19728907
0.19368993
0.73185567
0.68827279
0.54236453
0.56723152
0.54236453
0.40974402
0.42041877
0.40974402
-4.1741784e-18
-1.4697716e-17
8.266618e-18
-1.0286368e-17
-6.7898161e-18
-3.2526065e-18
-7.6978354e-18
8.5245396e-18
-5.4836913e-18
-5.9978403e-18
7.2810952e-18
5.014435e-18
0.22879749
0.23744835
0.24461567
0.21657604
0.20323217
0.19006884
0.1854698
0.18926312
0.19235298
0.23805083
0.22009081
0.20267041
0.043467228
0.12540839
0.20603062
0.03904111
0.11277388
0.18570841
0.031789198
0.091947467
0.15180621
0.033696021
0.097405832
0.16063405
1.7347235e-18
4.1199683e-18
3.7455797e-18
-1.7347235e-18
-3.3610267e-18
-7.8316666e-18
-8.998878e-18
1.9109063e-18
1.4871993e-17
0.15093503
0.16356894
0.17637257
0.14433757
0.14433757
0.14433757
0.15255002
0.16846444
0.18484957
0.024923225
0.072168784
0.11941434
0.024923225
0.072168784
0.11941434
0.25603842
0.25413461
0.25041783
0.19718101
0.19638441
0.19481997
0.24563076
0.22597295
0.20701788
0.4856287
0.48260673
0.47668054
0.455937
0.42504043
0.39456189
0.38445987
0.38313893
0.38053624
0.46812151
0.43463085
0.40174699
0.4492025
0.37588867
0.29851333
0.43609876
0.3642077
0.28876571
0.34768534
0.28777162
0.22648244
0.35339144
0.29278126
0.23061039
0.44150297
0.45572427
0.46735889
0.42055109
0.39692831
0.37330553
0.36474496
0.3712003
0.37640913
0.39845788
0.33097257
0.26123552
0.3308016
0.27305464
0.21442052
0.30113675
0.32475953
0.34838231
0.28867513
0.28867513
0.28867513
0.30395098
0.33320369
0.36284937
0.26375191
0.21650635
0.16926079
0.26375191
0.21650635
0.16926079
0.62192553
0.67132121
0.71323188
0.73052242
0.72074224
0.70177661
0.59470673
0.6368947
0.67250374
0.59264872
0.58748697
0.57741475
0.50319416
0.53234703
0.55659596
0.56647815
0.56093773
0.55012271
0.48725134
0.51239955
0.5332435
0.57437618
0.53892397
0.50413239
0.70201769
0.64712055
0.59429927
0.66204309
0.61353593
0.56655631
0.55300856
0.52078024
0.48899717
0.48725134
0.51239955
0.5332435
0.55012271
0.56093773
0.56647815
0.47668054
0.48260673
0.4856287
0.38538234
0.39662121
0.40577998
0.41309509
0.41773515
0.42009818
0.39236521
0.40528814
0.4158435
0.38053624
0.38313893
0.38445987
0.455937
0.42504043
0.39456189
0.51856807
0.4745094
0.4317745
0.54069314
0.49178441
0.4446241
0.42009818
0.41773515
0.41309509
0.38538234
0.39662121
0.40577998
0.51856807
0.4745094
0.4317745
-1.9229765e-18
-5.475221e-18
-3.7947076e-18
-2.2739645e-17
6.3739229e-18
5.1431841e-18
3.2695655e-17
-2.9540314e-17
3.9187979e-18
0.042887532
0.041565734
0.03997644
0.12375551
0.11998457
0.11544658
0.20337802
0.19731955
0.19001621
0.037759923
0.035364906
0.033012953
0.10909928
0.10222457
0.095466518
0.17974195
0.16856199
0.15754944
0.032200999
0.032889719
0.033452217
0.093127102
0.095098959
0.09670848
0.15371676
0.15690705
0.15950801
0.035307387
0.038446466
0.041701345
0.10203144
0.11103377
0.12035597
0.16815746
0.18277153
0.19786612
0.23526359
0.22887988
0.22115153
0.21791895
0.2129265
0.20684838
0.20105879
0.19734097
0.19278971
5.9800526e-18
-1.474515e-17
-1.3010426e-18
-2.3602573e-18
-1.0232158e-17
-9.486769e-18
-2.1450527e-17
-3.635783e-18
-6.6864781e-18
0.030576941
0.02830992
0.026082573
0.088459636
0.081932164
0.075512649
0.14610799
0.13542786
0.12490408
0.024923225
0.024923225
0.024923225
0.072168784
0.072168784
0.072168784
0.11941434
0.11941434
0.11941434
0.026373453
0.029194637
0.032114341
0.076346986
0.084467873
0.092862461
0.12625881
0.13953897
0.1532349
0.18377359
0.18128235
0.17821531
0.1678474
0.16641391
0.16463982
0.15234785
0.15187665
0.15129047
0.20688716
0.2059239
0.204034
0.22579558
0.22448956
0.22193207
0.24540153
0.24371491
0.24041864
0.29821831
0.29604809
0.29180896
0.3755358
0.37293873
0.36785939
0.4488076
0.44589941
0.44020226
0.27762052
0.2569503
0.23685745
0.35061557
0.32530876
0.30058548
0.42049661
0.39130993
0.36262217
0.22777901
0.22957324
0.23048651
0.2893466
0.29152388
0.29263112
0.34948155
0.35196124
0.35322074
0.24183923
0.26367877
0.28627495
0.30661892
0.33342478
0.36101058
0.36947731
0.40048637
0.43219011
0.46775532
0.46505666
0.45976008
0.43434329
0.4322228
0.42805449
0.40153204
0.39994606
0.39682364
0.28518538
0.27699329
0.26709061
0.35990592
0.3500401
0.33807137
0.43125656
0.42011781
0.4065422
0.25302965
0.23761548
0.22238348
0.32087171
0.30183931
0.28295631
0.38673177
0.36455341
0.34244047
0.21703712
0.22139884
0.22494787
0.27625716
0.28158332
0.28590578
0.33449086
0.34060781
0.34555474
0.45141694
0.44098333
0.42819936
0.42147109
0.41320792
0.40303736
0.39187915
0.38565054
0.37794959
0.2065069
0.19163929
0.17694426
0.26319381
0.24461235
0.22617501
0.31918082
0.29720144
0.27528662
0.16926079
0.16926079
0.16926079
0.21650635
0.21650635
0.21650635
0.26375191
0.26375191
0.26375191
0.17880693
0.19727828
0.21625808
0.22846557
0.25152599
0.27511175
0.27793984
0.30518018
0.332882
0.36103496
0.35680964
0.35156084
0.33215092
0.32969232
0.3266246
0.30360219
0.30278533
0.3017616
0.60318202
0.64758889
0.68513266
0.61502184
0.66256691
0.70285493
0.62109864
0.67027185
0.71198729
0.6008228
0.64640067
0.68493468
0.56152014
0.60024236
0.63276506
0.5231085
0.555448
0.58243653
0.70079696
0.69183807
0.67444436
0.64609826
0.63858938
0.62397882
0.59345743
0.5872689
0.57520191
0.64754393
0.61473255
0.57573314
0.60129899
0.57349714
0.5402524
0.55640335
0.53324724
0.50539442
0.55967856
0.56897123
0.57372932
0.52645361
0.53434305
0.53837604
0.49373779
0.50031807
0.5036764
0.50271358
0.53174422
0.55588899
0.49917463
0.52730812
0.5506888
0.492243
0.518634
0.54053292
0.50271358
0.53174422
0.55588899
0.49917463
0.52730812
0.5506888
0.492243
0.518634
0.54053292
0.4692747
0.49181143
0.51043472
0.43564612
0.45347902
0.46813286
0.40259239
0.41603046
0.42701259
0.52547852
0.53510011
0.5400239
0.47991613
0.48742721
0.49126339
0.43580418
0.44139012
0.44423764
0.53122766
0.50960064
0.48351517
0.48438922
0.46742605
0.44684203
0.43911919
0.42644387
0.41097246
0.46775532
0.46505666
0.45976008
0.43434329
0.4322228
0.42805449
0.40153204
0.39994606
0.39682364
0.38758001
0.39934527
0.40894024
0.3906146
0.40311217
0.41331449
0.39215625
0.4050283
0.41554142
0.5400239
0.53510011
0.52547852
0.49126339
0.48742721
0.47991613
0.44423764
0.44139012
0.43580418
0.51043472
0.49181143
0.4692747
0.46813286
0.45347902
0.43564612
0.42701259
0.41603046
0.40259239
0.39215625
0.4050283
0.41554142
0.3906146
0.40311217
0.41331449
0.38758001
0.39934527
0.40894024
0.041187341
0.040012847
0.038596074
0.038047789
0.037133242
0.036023374
0.035012842
0.034334602
0.033506675
0.11888954
0.11553701
0.11148964
0.10989516
0.10728203
0.10410854
0.10118939
0.099249616
0.096880245
0.19551008
0.19011809
0.18359808
0.18093839
0.17672741
0.17160611
0.1667991
0.16366742
0.1598373
0.031918549
0.031465955
0.030910145
0.029082793
0.028823335
0.028502938
0.026336944
0.026251958
0.026146444
0.092302161
0.091006511
0.089414503
0.084147523
0.083404136
0.0824857
0.076242327
0.075998632
0.075695943
0.15232928
0.15023361
0.14765571
0.13902028
0.13781586
0.13632636
0.12608908
0.12569362
0.12520201
0.28601342
0.28408876
0.2803254
0.26347602
0.26198281
0.25905747
0.24168952
0.24058619
0.23842064
0.360697
0.35838828
0.35386852
0.33318059
0.33138156
0.32785331
0.30643786
0.30510302
0.30248055
0.43183817
0.42924546
0.42416185
0.40021085
0.39817989
0.39419117
0.36927198
0.36775746
0.36477819
0.27443485
0.26713186
0.25827801
0.25446366
0.24874288
0.24176916
0.23500918
0.23074228
0.2255129
0.34677967
0.33796663
0.32724569
0.32230263
0.31537299
0.30689972
0.29834256
0.29315536
0.28678049
0.41616758
0.40619302
0.39400554
0.38790106
0.38002253
0.37035021
0.36006702
0.35414369
0.34683744
0.21502204
0.21215835
0.2086292
0.19656837
0.19491823
0.19287413
0.17857401
0.17803085
0.17735461
0.27360603
0.27011199
0.26579534
0.25065821
0.2486382
0.24613034
0.22817991
0.22751292
0.22668083
0.33115866
0.32715104
0.32218341
0.30418278
0.30185647
0.29895959
0.27761019
0.27683908
0.27587445
0.60006164
0.64543687
0.683794
0.59446589
0.63835733
0.67542038
0.5835531
0.62458064
0.6591519
0.56087659
0.59943071
0.6318081
0.55614224
0.59346429
0.62477749
0.54689324
0.5818312
0.61108928
0.52257383
0.55477613
0.58164718
0.51863789
0.54983367
0.57584339
0.51093552
0.54017886
0.56452061
0.47373745
0.49737691
0.51693222
0.47992842
0.50511183
0.52597413
0.48308646
0.50906381
0.53059914
0.43916077
0.45785059
0.47322291
0.44402738
0.46391388
0.48029083
0.44650579
0.46700627
0.48389922
0.4052275
0.41930038
0.43081065
0.40886957
0.42382674
0.43607342
0.41072138
0.42613126
0.43875526
0.48308646
0.50906381
0.53059914
0.47992842
0.50511183
0.52597413
0.47373745
0.49737691
0.51693222
0.44650579
0.46700627
0.48389922
0.44402738
0.46391388
0.48029083
0.43916077
0.45785059
0.47322291
0.41072138
0.42613126
0.43875526
0.40886957
0.42382674
0.43607342
0.4052275
0.41930038
0.43081065
