MFEM mesh v1.0

#
# MFEM Geometry Types (see mesh/geom.hpp):
#
# POINT       = 0
# SEGMENT     = 1
# TRIANGLE    = 2
# SQUARE      = 3
# TETRAHEDRON = 4
# CUBE        = 5
#

dimension
3

elements
5
1 5 14 15 3 4 17 18 6 7
1 5 15 16 2 3 18 19 5 6
1 5 18 19 5 6 8 9 0 1
1 5 20 11 10 21 22 13 12 23
1 5 22 13 12 23 8 1 0 9

boundary
22
47 3 4 3 15 14
47 3 3 2 16 15
47 3 14 15 18 17
47 3 15 16 19 18
47 3 4 14 17 7
47 3 3 4 7 6
47 3 17 18 6 7
47 3 16 2 5 19
47 3 2 3 6 5
47 3 18 19 9 8
47 3 6 18 8 1
47 3 19 5 0 9
47 3 5 6 1 0
47 3 11 10 12 13
47 3 13 12 0 1
47 3 21 10 11 20
47 3 20 11 13 22
47 3 21 20 22 23
47 3 10 21 23 12
47 3 22 13 1 8
47 3 23 22 8 9
47 3 12 23 9 0

vertices
24

nodes
FiniteElementSpace
FiniteElementCollection: H1_3D_P4
VDim: 3
Ordering: 0

0.13464912
0
0.13464912
-1.9515639e-18
-0.14433757
0.13464912
1.0842022e-18
-0.14433757
-5.8546917e-18
0.11052157
0.22229806
5.0957502e-18
0.17834803
-1.3010426e-18
-0.14433757
-2.3039296e-19
0.11052157
-0.14433757
2.981556e-19
0.11052157
8.4432244e-18
0.20621024
7.0473141e-18
0.14907545
-0.11941434
-0.072168784
-0.024923225
-1.4636729e-18
-2.3039296e-19
1.4635671e-18
-0.024923225
-0.072168784
-0.11941434
-0.14433757
-0.14433757
-0.14433757
-0.11941434
-0.072168784
-0.024923225
6.505213e-19
3.1170812e-19
-2.7083878e-19
-0.024923225
-0.072168784
-0.11941434
-0.14433757
-0.14433757
-0.14433757
-0.14433757
-0.14433757
-0.14433757
1.1384388e-18
1.619527e-18
-1.7618285e-19
6.5073306e-19
1.3145951e-18
9.7578196e-19
-0.14433757
-0.14433757
-0.14433757
0.024923225
0.072168784
0.099974952
0.13157777
0.12425001
0.11541517
0.11384486
0.072168784
0.024923225
0.024923225
0.072168784
0.099974952
0.13157777
0.12425001
0.11541517
0.11384486
0.072168784
0.024923225
0.11052157
0.11052157
0.11052157
0.13464912
0.13464912
0.13464912
0.024923225
0.072168784
0.099974952
0.13157777
0.12425001
0.11541517
0.11384486
0.072168784
0.024923225
-1.7347235e-18
-3.3610267e-18
-7.8316666e-18
2.1684043e-19
1.5856457e-18
1.6284208e-19
0.11052157
0.11052157
0.11052157
0.13464912
0.13464912
0.13464912
-1.7347235e-18
-1.6263033e-18
2.1667103e-18
4.4452289e-18
4.8246997e-18
7.7246228e-18
0.18477872
0.11254934
0.03904111
0.22600691
0.22809576
0.2183821
0.043467228
0.11586371
0.17599419
8.2399365e-18
7.0337616e-18
4.2199181e-18
0.14861194
0.091657954
0.031789198
0.17769033
0.17197081
0.15890374
0.033696021
0.092675488
0.12994856
6.4236067e-18
2.0074681e-18
1.5043305e-18
-4.3389263e-19
-1.3552527e-20
3.5778672e-18
0.21478456
0.20045933
0.18601087
0.19513688
0.17546488
0.15766595
-7.2641546e-18
3.7811551e-18
1.567011e-19
-2.6020852e-18
-1.8431437e-18
1.3027367e-18
0.14194135
0.15617383
0.1706731
0.11583168
0.12741862
0.14105251
-0.11941434
-0.072168784
-0.024923225
-0.11941434
-0.072168784
-0.024923225
-0.11941434
-0.072168784
-0.024923225
-0.11941434
-0.072168784
-0.024923225
-0.11941434
-0.072168784
-0.024923225
-0.11941434
-0.072168784
-0.024923225
-6.5015031e-19
9.4669167e-20
-3.2494301e-19
-3.3748969e-21
3.7947076e-19
-1.3552527e-20
6.2352213e-19
-2.1006417e-19
1.0842022e-19
-0.024923225
-0.072168784
-0.11941434
-0.024923225
-0.072168784
-0.11941434
-0.024923225
-0.072168784
-0.11941434
-0.14433757
-0.14433757
-0.14433757
-0.14433757
-0.14433757
-0.14433757
-0.14433757
-0.14433757
-0.14433757
-0.11941434
-0.072168784
-0.024923225
-0.11941434
-0.072168784
-0.024923225
-0.11941434
-0.072168784
-0.024923225
0.024923225
0.072168784
0.11207927
0.024923225
0.072168784
0.10786685
0.024923225
0.072168784
0.10278808
0.024923225
0.072168784
0.099974952
0.024923225
0.072168784
0.099974952
0.024923225
0.072168784
0.099974952
0.11541517
0.12425001
0.13157777
0.11541517
0.12425001
0.13157777
0.11541517
0.12425001
0.13157777
0.11384486
0.072168784
0.024923225
0.11384486
0.072168784
0.024923225
0.11384486
0.072168784
0.024923225
0.024923225
0.072168784
0.10278808
0.024923225
0.072168784
0.10786685
0.024923225
0.072168784
0.11207927
0.024923225
0.072168784
0.099974952
0.024923225
0.072168784
0.099974952
0.024923225
0.072168784
0.099974952
0.11541517
0.12425001
0.13157777
0.11541517
0.12425001
0.13157777
0.11541517
0.12425001
0.13157777
0.11384486
0.072168784
0.024923225
0.11384486
0.072168784
0.024923225
0.11384486
0.072168784
0.024923225
-1.0816611e-18
1.3280418e-18
-4.3579845e-19
5.4210109e-20
-6.0986372e-20
-2.6999175e-20
1.3010426e-18
-1.1926224e-18
-1.7347235e-18
0.024923225
0.072168784
0.10278808
0.024923225
0.072168784
0.10786685
0.024923225
0.072168784
0.11207927
0.18462697
0.19079856
0.18812315
0.11798794
0.11812735
0.11495877
0.042887532
0.041565734
0.03997644
8.2498155e-19
5.2991837e-18
9.5411909e-18
1.1222962e-17
1.2841019e-18
-3.9031278e-18
5.4497041e-18
-1.1858461e-18
5.4210109e-20
0.037759923
0.10882864
0.17854177
0.035364906
0.10188015
0.16670518
0.033012953
0.095118385
0.15485426
0.21770065
0.21816273
0.20725163
0.2018909
0.19951906
0.18703148
0.18603591
0.18130882
0.16819528
0.16698022
0.11111555
0.041701345
0.15105961
0.10294779
0.038446466
0.13678343
0.095917373
0.035307387
0.033452217
0.032889719
0.032200999
0.093355805
0.093598422
0.092582584
0.13663227
0.14523227
0.14854473
2.4410265e-19
1.128142e-18
-3.2509125e-18
3.7745906e-19
-2.5817564e-18
2.7105054e-18
-3.5600795e-18
-2.6020852e-18
-4.3368087e-19
0.030576941
0.088295947
0.14239459
0.02830992
0.081932164
0.13076119
0.026082573
0.075512649
0.11951916
0.16939127
0.16287817
0.15010081
0.15391807
0.14649049
0.13484977
0.13905095
0.13149469
0.12158713
0.12360512
0.089754903
0.032114341
0.11293433
0.084467873
0.029194637
0.1040075
0.076346986
0.026373453
-0.11941434
-0.072168784
-0.024923225
-0.11941434
-0.072168784
-0.024923225
-0.11941434
-0.072168784
-0.024923225
-0.11941434
-0.072168784
-0.024923225
-0.11941434
-0.072168784
-0.024923225
-0.11941434
-0.072168784
-0.024923225
-0.11941434
-0.072168784
-0.024923225
-0.11941434
-0.072168784
-0.024923225
-0.11941434
-0.072168784
-0.024923225
0.024923225
0.072168784
0.10278808
0.024923225
0.072168784
0.10786685
0.024923225
0.072168784
0.11207927
0.024923225
0.072168784
0.10278808
0.024923225
0.072168784
0.10786685
0.024923225
0.072168784
0.11207927
0.024923225
0.072168784
0.10278808
0.024923225
0.072168784
0.10786685
0.024923225
0.072168784
0.11207927
0.024923225
0.072168784
0.10278808
0.024923225
0.072168784
0.10786685
0.024923225
0.072168784
0.11207927
0.024923225
0.072168784
0.10278808
0.024923225
0.072168784
0.10786685
0.024923225
0.072168784
0.11207927
0.024923225
0.072168784
0.10278808
0.024923225
0.072168784
0.10786685
0.024923225
0.072168784
0.11207927
0.041187341
0.040012847
0.038596074
0.11311104
0.11353751
0.11092363
0.17555579
0.18265272
0.18125378
0.038047789
0.037133242
0.036023374
0.10453319
0.10518317
0.10343313
0.15916941
0.16744876
0.16824651
0.035012842
0.034334602
0.033506675
0.096934506
0.097409157
0.09622685
0.14403747
0.15272456
0.15530635
0.031918549
0.031465955
0.030910145
0.090088331
0.090020883
0.08907747
0.12966024
0.1379815
0.14186023
0.029082793
0.028823335
0.028502938
0.084147523
0.083404136
0.0824857
0.11770517
0.12504716
0.12952103
0.026336944
0.026251958
0.026146444
0.076242327
0.075998632
0.075695943
0.10747656
0.11340461
0.11785445
0.28867513
0.28867513
0.28867513
0.28867513
0.28867513
0.28867513
0.28867513
0.28867513
0.14433757
0.14433757
0.47240707
0.48603889
0.37864925
0.38463884
0.14433757
0.14433757
0.14433757
0.14433757
0.14433757
0.14433757
0.25629728
0.24775119
0.19728907
0.19368993
0.14433757
0.14433757
0.14433757
0.26375191
0.21650635
0.16926079
0.28867513
0.28867513
0.28867513
0.26375191
0.21650635
0.16926079
0.14433757
0.14433757
0.14433757
0.26375191
0.21650635
0.16926079
0.28867513
0.28867513
0.28867513
0.26375191
0.21650635
0.16926079
0.14433757
0.14433757
0.14433757
0.14433757
0.14433757
0.14433757
0.28867513
0.28867513
0.28867513
0.28867513
0.28867513
0.28867513
0.14433757
0.14433757
0.14433757
0.26375191
0.21650635
0.16926079
0.28867513
0.28867513
0.28867513
0.14433757
0.14433757
0.14433757
0.26375191
0.21650635
0.16926079
0.28867513
0.28867513
0.28867513
0.14433757
0.14433757
0.14433757
0.28867513
0.28867513
0.28867513
0.14433757
0.14433757
0.14433757
0.26375191
0.21650635
0.16926079
0.28867513
0.28867513
0.28867513
0.26375191
0.21650635
0.16926079
0.14433757
0.14433757
0.14433757
0.14433757
0.14433757
0.14433757
0.28867513
0.28867513
0.28867513
0.28867513
0.28867513
0.28867513
0.4492025
0.37588867
0.29851333
0.47668054
0.48260673
0.4856287
0.43609876
0.3642077
0.28876571
0.25603842
0.25413461
0.25041783
0.35339144
0.29278126
0.23061039
0.38053624
0.38313893
0.38445987
0.34768534
0.28777162
0.22648244
0.19718101
0.19638441
0.19481997
0.24563076
0.22597295
0.20701788
0.46812151
0.43463085
0.40174699
0.455937
0.42504043
0.39456189
0.23805083
0.22009081
0.20267041
0.15308918
0.17011605
0.18774034
0.30487629
0.33600514
0.36769266
0.30395098
0.33320369
0.36284937
0.15255002
0.16846444
0.18484957
0.26375191
0.26375191
0.26375191
0.21650635
0.21650635
0.21650635
0.16926079
0.16926079
0.16926079
0.14433757
0.14433757
0.14433757
0.14433757
0.14433757
0.14433757
0.14433757
0.14433757
0.14433757
0.16926079
0.21650635
0.26375191
0.16926079
0.21650635
0.26375191
0.16926079
0.21650635
0.26375191
0.28867513
0.28867513
0.28867513
0.28867513
0.28867513
0.28867513
0.28867513
0.28867513
0.28867513
0.26375191
0.21650635
0.16926079
0.26375191
0.21650635
0.16926079
0.26375191
0.21650635
0.16926079
0.16926079
0.16926079
0.16926079
0.21650635
0.21650635
0.21650635
0.26375191
0.26375191
0.26375191
0.26375191
0.26375191
0.26375191
0.21650635
0.21650635
0.21650635
0.16926079
0.16926079
0.16926079
0.14433757
0.14433757
0.14433757
0.14433757
0.14433757
0.14433757
0.14433757
0.14433757
0.14433757
0.16926079
0.21650635
0.26375191
0.16926079
0.21650635
0.26375191
0.16926079
0.21650635
0.26375191
0.28867513
0.28867513
0.28867513
0.28867513
0.28867513
0.28867513
0.28867513
0.28867513
0.28867513
0.16926079
0.16926079
0.16926079
0.21650635
0.21650635
0.21650635
0.26375191
0.26375191
0.26375191
0.14433757
0.14433757
0.14433757
0.14433757
0.14433757
0.14433757
0.14433757
0.14433757
0.14433757
0.16926079
0.21650635
0.26375191
0.16926079
0.21650635
0.26375191
0.16926079
0.21650635
0.26375191
0.28867513
0.28867513
0.28867513
0.28867513
0.28867513
0.28867513
0.28867513
0.28867513
0.28867513
0.26375191
0.21650635
0.16926079
0.26375191
0.21650635
0.16926079
0.26375191
0.21650635
0.16926079
0.16926079
0.16926079
0.16926079
0.21650635
0.21650635
0.21650635
0.26375191
0.26375191
0.26375191
0.29180896
0.36785939
0.44020226
0.29604809
0.37293873
0.44589941
0.29821831
0.3755358
0.4488076
0.28627495
0.36101058
0.43219011
0.26367877
0.33342478
0.40048637
0.24183923
0.30661892
0.36947731
0.46775532
0.46505666
0.45976008
0.43434329
0.4322228
0.42805449
0.40153204
0.39994606
0.39682364
0.42049661
0.35061557
0.27762052
0.39130993
0.32530876
0.2569503
0.36262217
0.30058548
0.23685745
0.24041864
0.24371491
0.24540153
0.22193207
0.22448956
0.22579558
0.204034
0.2059239
0.20688716
0.23048651
0.29263112
0.35322074
0.22957324
0.29152388
0.35196124
0.22777901
0.2893466
0.34948155
0.21957645
0.27914694
0.33748938
0.19917718
0.25384351
0.30783811
0.17942775
0.22922586
0.27881552
0.36754811
0.3664809
0.3643765
0.33592171
0.33530543
0.33408838
0.3048488
0.30464557
0.30424364
0.332882
0.27511175
0.21625808
0.30518018
0.25152599
0.19727828
0.27793984
0.22846557
0.17880693
0.18575811
0.18701453
0.18765367
0.1689845
0.16970221
0.17006666
0.1527201
0.15295435
0.1530731
0.16926079
0.16926079
0.16926079
0.21650635
0.21650635
0.21650635
0.26375191
0.26375191
0.26375191
0.16926079
0.16926079
0.16926079
0.21650635
0.21650635
0.21650635
0.26375191
0.26375191
0.26375191
0.16926079
0.16926079
0.16926079
0.21650635
0.21650635
0.21650635
0.26375191
0.26375191
0.26375191
0.16926079
0.16926079
0.16926079
0.21650635
0.21650635
0.21650635
0.26375191
0.26375191
0.26375191
0.16926079
0.16926079
0.16926079
0.21650635
0.21650635
0.21650635
0.26375191
0.26375191
0.26375191
0.16926079
0.16926079
0.16926079
0.21650635
0.21650635
0.21650635
0.26375191
0.26375191
0.26375191
0.16926079
0.16926079
0.16926079
0.21650635
0.21650635
0.21650635
0.26375191
0.26375191
0.26375191
0.16926079
0.16926079
0.16926079
0.21650635
0.21650635
0.21650635
0.26375191
0.26375191
0.26375191
0.16926079
0.16926079
0.16926079
0.21650635
0.21650635
0.21650635
0.26375191
0.26375191
0.26375191
0.28601342
0.360697
0.43183817
0.28408876
0.35838828
0.42924546
0.2803254
0.35386852
0.42416185
0.26347602
0.33318059
0.40021085
0.26198281
0.33138156
0.39817989
0.25905747
0.32785331
0.39419117
0.24168952
0.30643786
0.36927198
0.24058619
0.30510302
0.36775746
0.23842064
0.30248055
0.36477819
0.21947701
0.27902617
0.33735172
0.21874361
0.27813518
0.33633566
0.21730139
0.27638156
0.33433361
0.19912042
0.25377431
0.30775888
0.19870155
0.25326352
0.30717373
0.19787639
0.25225654
0.30601895
0.17940924
0.22920322
0.27878947
0.17927255
0.22903594
0.27859701
0.17900282
0.22870564
0.27821662
0.28867513
0.28867513
-5.8546917e-18
-2.1684043e-19
7.5894152e-19
0.14433757
0.14433757
0.14433757
0.28867513
0.28867513
0.47240707
0.48603889
0.37864925
0.38463884
-7.5148763e-18
-1.5314356e-18
1.8973538e-19
0.14433757
0.14433757
0.14433757
0.56723152
0.54236453
0.42041877
0.40974402
-5.9979462e-18
-1.1047004e-17
5.1635128e-18
-1.8268807e-17
-7.6029677e-18
1.0707449e-17
-9.2157185e-19
8.7684851e-18
1.0021141e-17
-1.7618285e-18
4.5129915e-18
-8.846465e-18
0.14433757
0.14433757
0.14433757
0.14433757
0.14433757
0.14433757
0.14433757
0.14433757
0.14433757
0.14433757
0.14433757
0.14433757
0.024923225
0.072168784
0.11941434
0.024923225
0.072168784
0.11941434
0.024923225
0.072168784
0.11941434
0.024923225
0.072168784
0.11941434
4.885289e-18
-4.2317766e-18
4.8382522e-18
-1.1058862e-17
2.0464316e-18
-9.0761698e-18
-4.8789098e-18
-3.8895753e-18
-3.8307065e-19
0.14433757
0.14433757
0.14433757
0.14433757
0.14433757
0.14433757
0.14433757
0.14433757
0.14433757
0.024923225
0.072168784
0.11941434
0.024923225
0.072168784
0.11941434
0.28867513
0.28867513
0.28867513
0.28867513
0.28867513
0.28867513
0.28867513
0.28867513
0.28867513
0.28867513
0.28867513
0.28867513
0.26375191
0.21650635
0.16926079
0.26375191
0.21650635
0.16926079
0.26375191
0.21650635
0.16926079
0.26375191
0.21650635
0.16926079
0.50319416
0.53234703
0.55659596
0.47668054
0.48260673
0.4856287
0.48725134
0.51239955
0.5332435
0.56647815
0.56093773
0.55012271
0.39236521
0.40528814
0.4158435
0.38053624
0.38313893
0.38445987
0.38538234
0.39662121
0.40577998
0.42009818
0.41773515
0.41309509
0.54069314
0.49178441
0.4446241
0.46812151
0.43463085
0.40174699
0.455937
0.42504043
0.39456189
0.51856807
0.4745094
0.4317745
0.3104492
0.35281214
0.39666146
0.30487629
0.33600514
0.36769266
0.30395098
0.33320369
0.36284937
0.30882153
0.34786205
0.38805727
-4.4006538e-18
-7.8638539e-18
-6.1799524e-18
4.4820219e-18
-4.0022307e-19
8.1111875e-18
-1.6917857e-18
-1.7573869e-17
-1.1710892e-17
0.024923225
0.024923225
0.024923225
0.072168784
0.072168784
0.072168784
0.11941434
0.11941434
0.11941434
0.024923225
0.024923225
0.024923225
0.072168784
0.072168784
0.072168784
0.11941434
0.11941434
0.11941434
0.024923225
0.024923225
0.024923225
0.072168784
0.072168784
0.072168784
0.11941434
0.11941434
0.11941434
0.024923225
0.024923225
0.024923225
0.072168784
0.072168784
0.072168784
0.11941434
0.11941434
0.11941434
0.14433757
0.14433757
0.14433757
0.14433757
0.14433757
0.14433757
0.14433757
0.14433757
0.14433757
-6.6624435e-18
-3.9437854e-18
-1.6805134e-18
-9.1838224e-19
-3.3872848e-18
1.8993867e-17
2.4179709e-19
5.2467206e-18
2.4357491e-18
0.024923225
0.024923225
0.024923225
0.072168784
0.072168784
0.072168784
0.11941434
0.11941434
0.11941434
0.024923225
0.024923225
0.024923225
0.072168784
0.072168784
0.072168784
0.11941434
0.11941434
0.11941434
0.024923225
0.024923225
0.024923225
0.072168784
0.072168784
0.072168784
0.11941434
0.11941434
0.11941434
0.14433757
0.14433757
0.14433757
0.14433757
0.14433757
0.14433757
0.14433757
0.14433757
0.14433757
0.16926079
0.16926079
0.16926079
0.21650635
0.21650635
0.21650635
0.26375191
0.26375191
0.26375191
0.16926079
0.16926079
0.16926079
0.21650635
0.21650635
0.21650635
0.26375191
0.26375191
0.26375191
0.16926079
0.16926079
0.16926079
0.21650635
0.21650635
0.21650635
0.26375191
0.26375191
0.26375191
0.16926079
0.16926079
0.16926079
0.21650635
0.21650635
0.21650635
0.26375191
0.26375191
0.26375191
0.28867513
0.28867513
0.28867513
0.28867513
0.28867513
0.28867513
0.28867513
0.28867513
0.28867513
0.54053292
0.518634
0.492243
0.5506888
0.52730812
0.49917463
0.55588899
0.53174422
0.50271358
0.53122766
0.50960064
0.48351517
0.48438922
0.46742605
0.44684203
0.43911919
0.42644387
0.41097246
0.46775532
0.46505666
0.45976008
0.43434329
0.4322228
0.42805449
0.40153204
0.39994606
0.39682364
0.4692747
0.49181143
0.51043472
0.43564612
0.45347902
0.46813286
0.40259239
0.41603046
0.42701259
0.52547852
0.53510011
0.5400239
0.47991613
0.48742721
0.49126339
0.43580418
0.44139012
0.44423764
0.41554142
0.4050283
0.39215625
0.41331449
0.40311217
0.3906146
0.40894024
0.39934527
0.38758001
0.39297184
0.3844433
0.37397058
0.35068725
0.3457581
0.33967163
0.30974969
0.30812138
0.30609989
0.36754811
0.3664809
0.3643765
0.33592171
0.33530543
0.33408838
0.3048488
0.30464557
0.30424364
0.36832609
0.3774452
0.38485569
0.33640835
0.34171966
0.34601328
0.30502232
0.30678986
0.30821142
0.39076106
0.39450076
0.39640343
0.34942046
0.35157158
0.35266408
0.30933488
0.31004209
0.31040064
0.024923225
0.024923225
0.024923225
0.024923225
0.024923225
0.024923225
0.024923225
0.024923225
0.024923225
0.072168784
0.072168784
0.072168784
0.072168784
0.072168784
0.072168784
0.072168784
0.072168784
0.072168784
0.11941434
0.11941434
0.11941434
0.11941434
0.11941434
0.11941434
0.11941434
0.11941434
0.11941434
0.024923225
0.024923225
0.024923225
0.024923225
0.024923225
0.024923225
0.024923225
0.024923225
0.024923225
0.072168784
0.072168784
0.072168784
0.072168784
0.072168784
0.072168784
0.072168784
0.072168784
0.072168784
0.11941434
0.11941434
0.11941434
0.11941434
0.11941434
0.11941434
0.11941434
0.11941434
0.11941434
0.16926079
0.16926079
0.16926079
0.16926079
0.16926079
0.16926079
0.16926079
0.16926079
0.16926079
0.21650635
0.21650635
0.21650635
0.21650635
0.21650635
0.21650635
0.21650635
0.21650635
0.21650635
0.26375191
0.26375191
0.26375191
0.26375191
0.26375191
0.26375191
0.26375191
0.26375191
0.26375191
0.53059914
0.50906381
0.48308646
0.52597413
0.50511183
0.47992842
0.51693222
0.49737691
0.47373745
0.48389922
0.46700627
0.44650579
0.48029083
0.46391388
0.44402738
0.47322291
0.45785059
0.43916077
0.43875526
0.42613126
0.41072138
0.43607342
0.42382674
0.40886957
0.43081065
0.41930038
0.4052275
0.39272855
0.38423377
0.37380188
0.39093439
0.38268809
0.37255684
0.38740692
0.37964677
0.37010408
0.35054751
0.34563748
0.33957432
0.34951624
0.34474712
0.33885573
0.34748517
0.34299233
0.33743792
0.30970381
0.30808171
0.30606783
0.30936503
0.30778866
0.30583094
0.30869669
0.30721018
0.30536283
