MFEM mesh v1.0

#
# MFEM Geometry Types (see mesh/geom.hpp):
#
# POINT       = 0
# SEGMENT     = 1
# TRIANGLE    = 2
# SQUARE      = 3
# TETRAHEDRON = 4
# CUBE        = 5
#

dimension
3

elements
9
1 5 7 8 6 5 18 19 21 20
1 5 8 0 1 6 19 9 10 21
1 5 5 6 4 3 20 21 23 22
1 5 6 1 2 4 21 10 11 23
1 5 20 21 23 22 24 25 27 26
1 5 22 23 12 13 26 27 14 15
1 5 26 27 14 15 28 29 16 17
1 5 13 12 31 30 15 14 33 32
1 5 15 14 33 32 17 16 35 34

boundary
34
1 3 5 6 8 7
1 3 6 1 0 8
1 3 3 4 6 5
1 3 4 2 1 6
35 3 7 8 19 18
35 3 8 0 9 19
35 3 5 7 18 20
35 3 18 19 21 20
35 3 0 1 10 9
35 3 19 9 10 21
35 3 3 5 20 22
35 3 4 3 22 23
35 3 1 2 11 10
35 3 2 4 23 11
35 3 21 10 11 23
35 3 13 12 23 22
35 3 20 21 25 24
35 3 22 20 24 26
35 3 21 23 27 25
35 3 24 25 27 26
35 3 13 22 26 15
35 3 23 12 14 27
35 3 26 27 29 28
35 3 15 26 28 17
35 3 27 14 16 29
35 3 28 29 16 17
35 3 30 31 12 13
35 3 30 13 15 32
35 3 12 31 33 14
35 3 31 30 32 33
35 3 32 15 17 34
35 3 14 33 35 16
35 3 33 32 34 35
35 3 17 16 35 34

vertices
36

nodes
FiniteElementSpace
FiniteElementCollection: H1_3D_P4
VDim: 3
Ordering: 0

0.59718411
0.16338835
0.59718411
-1.3010426e-18
0.35742227
1.0842022e-18
0.12464717
-4.7704896e-18
0.35742227
0.46713824
0.14916884
0.46713824
0.26568513
2.9273459e-18
0.22229806
5.0957502e-18
0.17834803
-1.3010426e-18
2.4733362e-19
0.27788281
-7.3725748e-18
0.11530805
-1.1519648e-18
0.27788281
-5.5429836e-18
0.10703716
-3.496552e-18
0.20621024
-1.2739376e-18
0.14907545
2.4733362e-19
0.30721416
-5.3329194e-18
0.2473562
-3.2526065e-19
0.19040097
0.066774181
0.18738835
0.30121566
0.14774878
0.26293511
0.34370086
0.071432212
0.10061368
0.11661449
4.98733e-18
4.2961511e-18
8.6672646e-19
0.054417567
0.14850358
0.23496041
0.25872499
0.19385641
0.12713903
0.05729151
0.095601736
0.10865563
3.7133991e-18
-4.4448054e-18
-2.107418e-18
-1.0713643e-19
2.6935648e-19
1.9176826e-18
0.34338604
0.31706074
0.29123686
0.12294935
0.11983155
0.11683888
5.014488e-18
2.6219905e-18
-4.3673019e-18
0.56883747
0.49871635
0.4101988
0.54570526
0.37276546
0.19494147
0.15775963
0.14582932
0.13233522
0.44334945
0.38719222
0.31840355
0.41575527
0.28210809
0.16802253
0.14398064
0.13334871
0.12175986
0.57428987
0.53129287
0.48903764
0.16087234
0.15617343
0.15156465
0.34370086
0.26293511
0.14774878
0.066774181
0.18738835
0.30121566
-1.9515639e-18
-1.9515639e-18
-2.5410988e-21
0.12713903
0.19385641
0.25872499
0.054417567
0.14850358
0.23496041
-6.1663999e-18
1.0842022e-19
2.2971534e-18
0.34338604
0.31706074
0.29123686
-4.4555654e-18
-2.3115529e-18
-1.3552527e-20
0.19494147
0.37276546
0.54570526
0.56883747
0.49871635
0.4101988
0.16802253
0.28210809
0.41575527
0.44334945
0.38719222
0.31840355
0.57428987
0.53129287
0.48903764
0.045051695
0.091240412
0.1016584
0.11253141
0.14653832
0.18875734
0.043467228
0.11586371
0.17599419
-5.4345502e-18
-3.5575384e-19
-4.7772658e-18
-7.4945409e-18
-6.8770605e-18
-7.7351049e-18
0.11380896
0.11105087
0.10839707
0.26475786
0.24063644
0.21772426
-1.5720799e-18
-1.3069718e-18
-2.0532079e-18
0.2738931
0.28595144
0.28690326
0.22107841
0.13469044
0.046712443
3.0357661e-18
2.9951085e-18
2.9544509e-18
0.22600691
0.22809576
0.2183821
0.18477872
0.11254934
0.03904111
1.1384123e-18
1.2468325e-18
-1.0027811e-18
0.25816654
0.24396828
0.22979059
2.602297e-18
3.9166803e-18
-1.6805134e-18
0.033696021
0.092675488
0.12994856
0.17769033
0.17197081
0.15890374
0.14861194
0.091657954
0.031789198
2.0599841e-18
-9.8933448e-19
-5.9631119e-19
-4.7430404e-18
-3.2797116e-18
-2.8866883e-18
0.19513688
0.17546488
0.15766595
0.21478456
0.20045933
0.18601087
-4.3389263e-19
-1.3552527e-20
3.5778672e-18
0.27436128
0.28920801
0.30169295
0.054417567
0.15665737
0.25626493
3.3944845e-18
9.0124306e-19
2.5986971e-18
0.22771245
0.2367524
0.24414435
0.043467228
0.12534416
0.20578306
1.4781387e-19
4.679857e-19
1.2688554e-18
0.29650803
0.27667355
0.25736765
-6.2346588e-19
-1.1680584e-18
-1.722865e-18
0.18099349
0.18536559
0.18888779
0.033696021
0.097093822
0.15847443
1.5958564e-18
1.8698252e-18
4.9466724e-19
0.23743556
0.21878877
0.20021158
-1.7212371e-18
1.1142718e-18
-9.7578196e-19
0.071287575
0.11032642
0.13569934
0.070230762
0.15654023
0.22926335
0.068202148
0.18452615
0.29177901
0.064528421
0.18036776
0.28947417
0.060403686
0.16737483
0.26750875
0.056443593
0.15486836
0.24603456
0.32822566
0.24928808
0.14364113
0.29971746
0.22542847
0.1365269
0.27249156
0.20411542
0.13019707
0.115163
0.099695529
0.068835703
0.11250288
0.09801761
0.064097608
0.10995599
0.096416863
0.059585834
3.1520544e-19
4.1367236e-18
1.5871545e-18
1.5922102e-18
-6.1325185e-19
1.7279472e-19
-1.1943165e-18
1.0975429e-18
1.7957098e-19
0.05530629
0.14355592
0.22088822
0.056557115
0.12305012
0.17093481
0.05720335
0.099846052
0.11811508
0.15871024
0.17626756
0.18955766
0.29267151
0.33699445
0.36470773
0.39151394
0.46865364
0.52512428
0.39403983
0.47911655
0.54676537
0.36368665
0.44226127
0.50528512
0.33385431
0.40599502
0.4644944
0.52215091
0.35544693
0.18986734
0.47868835
0.32455002
0.18075728
0.4369776
0.29612912
0.17226802
0.15530806
0.14358728
0.13041972
0.1507451
0.13943921
0.12689403
0.14628929
0.1354195
0.12349986
0.293956
0.35222998
0.39757022
0.21478379
0.24822498
0.27279779
0.13564647
0.1501782
0.16246278
0.068202148
0.18452615
0.29177901
0.070230762
0.15654023
0.22926335
0.071287575
0.11032642
0.13569934
0.14364113
0.24928808
0.32822566
0.1365269
0.22542847
0.29971746
0.13019707
0.20411542
0.27249156
0.28947417
0.18036776
0.064528421
0.26750875
0.16737483
0.060403686
0.24603456
0.15486836
0.056443593
-2.3264819e-18
1.9886216e-18
2.2815759e-18
-1.8321323e-18
7.9456984e-19
2.0701502e-18
1.0096633e-18
1.3018896e-18
-3.1848439e-19
0.05720335
0.099846052
0.11811508
0.056557115
0.12305012
0.17093481
0.05530629
0.14355592
0.22088822
0.39151394
0.46865364
0.52512428
0.29267151
0.33699445
0.36470773
0.15871024
0.17626756
0.18955766
0.18986734
0.35544693
0.52215091
0.18075728
0.32455002
0.47868835
0.17226802
0.29612912
0.4369776
0.54676537
0.47911655
0.39403983
0.50528512
0.44226127
0.36368665
0.4644944
0.40599502
0.33385431
0.13564647
0.1501782
0.16246278
0.21478379
0.24822498
0.27279779
0.293956
0.35222998
0.39757022
0.055053577
0.094805918
0.10738383
0.050958781
0.09334793
0.10504805
0.047046277
0.091952597
0.10280561
0.12425746
0.18425015
0.24541192
0.11923549
0.1677501
0.22152322
0.1147265
0.15334878
0.19954078
0.22409873
0.14232305
0.052433323
0.20420303
0.13118102
0.048782057
0.18540025
0.12089967
0.045268158
1.4499748e-18
-1.0251431e-18
-5.9904816e-18
-2.1633221e-18
-6.0696793e-18
-7.6902146e-18
-2.0803129e-18
-9.1225448e-18
-9.3309149e-18
0.045003606
0.09273065
0.10585522
0.044650111
0.10173447
0.13168573
0.043960928
0.11210729
0.16324974
0.048302401
0.13914404
0.22809618
0.051050476
0.1463297
0.2387534
0.05338174
0.14984694
0.24105289
0.27473796
0.27595196
0.2656107
0.25197522
0.25700296
0.24995238
0.22977935
0.23806447
0.23429063
0.21475986
0.13079583
0.045356276
0.20285666
0.12349657
0.042822107
0.19101526
0.11630201
0.040334793
-5.4199521e-19
6.3155438e-18
-4.4451232e-18
4.5739779e-19
-2.596156e-18
1.0332478e-19
9.7578196e-19
8.4703295e-20
-8.8086133e-19
0.042887532
0.11798794
0.18462697
0.041565734
0.11812735
0.19079856
0.03997644
0.11495877
0.18812315
0.041701345
0.11111555
0.16698022
0.038446466
0.10294779
0.15105961
0.035307387
0.095917373
0.13678343
0.20725163
0.21816273
0.21770065
0.18703148
0.19951906
0.2018909
0.16819528
0.18130882
0.18603591
0.17854177
0.10882864
0.037759923
0.16670518
0.10188015
0.035364906
0.15485426
0.095118385
0.033012953
1.7347235e-18
1.7210518e-18
4.3399851e-19
1.9718927e-18
2.2014386e-18
-1.6364809e-18
4.0657581e-18
2.4530074e-18
-5.1510191e-19
0.033452217
0.093355805
0.13663227
0.032889719
0.093598422
0.14523227
0.032200999
0.092582584
0.14854473
0.05338174
0.15371179
0.25157215
0.051050476
0.14707862
0.2409758
0.048302401
0.13923999
0.22840594
0.26622236
0.27994908
0.29144016
0.25091767
0.26266069
0.27240154
0.23571657
0.24564909
0.25381015
0.24720195
0.15100133
0.052433323
0.2304462
0.140579
0.048782057
0.21418874
0.13051768
0.045268158
1.0497584e-19
1.9926847e-18
2.0312516e-18
2.1193823e-18
3.276297e-18
-3.5286905e-19
2.879912e-20
4.0985807e-19
1.4909881e-18
0.03997644
0.11526837
0.18929894
0.041565734
0.11986928
0.1968694
0.042887532
0.1236782
0.20307959
0.21970293
0.22788696
0.23454952
0.20446715
0.21110536
0.21647433
0.18912632
0.19427611
0.19842717
0.19747402
0.12025721
0.041701345
0.18192332
0.11084242
0.038446466
0.16654127
0.10174143
0.035307387
-5.0416493e-18
1.531687e-18
1.9778087e-18
-1.3345004e-18
6.2593088e-19
1.1737238e-18
-1.3078189e-18
2.0261028e-18
5.5396286e-19
0.032200999
0.092820411
0.15076722
0.032889719
0.094780558
0.1543411
0.033452217
0.09639271
0.15723046
0.065850962
0.17690339
0.27882285
0.067726611
0.14976785
0.21767474
0.068702254
0.10819825
0.13217024
0.061541198
0.16303424
0.25500316
0.063149413
0.13809478
0.19748302
0.063983627
0.10455781
0.12608596
0.057413909
0.15002869
0.23232419
0.058781655
0.12788115
0.17953661
0.059489253
0.10136908
0.12070401
0.37378189
0.44752391
0.50198959
0.27736272
0.31971889
0.34702589
0.15414905
0.171195
0.18439236
0.34108266
0.408538
0.45930662
0.25051547
0.289242
0.31561495
0.14620905
0.16226676
0.17518508
0.30980046
0.37118532
0.41837444
0.22642468
0.26165445
0.28689559
0.13909838
0.15415697
0.16668446
0.068702254
0.10819825
0.13217024
0.067726611
0.14976785
0.21767474
0.065850962
0.17690339
0.27882285
0.063983627
0.10455781
0.12608596
0.063149413
0.13809478
0.19748302
0.061541198
0.16303424
0.25500316
0.059489253
0.10136908
0.12070401
0.058781655
0.12788115
0.17953661
0.057413909
0.15002869
0.23232419
0.15414905
0.171195
0.18439236
0.27736272
0.31971889
0.34702589
0.37378189
0.44752391
0.50198959
0.14620905
0.16226676
0.17518508
0.25051547
0.289242
0.31561495
0.34108266
0.408538
0.45930662
0.13909838
0.15415697
0.16668446
0.22642468
0.26165445
0.28689559
0.30980046
0.37118532
0.41837444
0.054973355
0.098421506
0.11568245
0.054385005
0.11858421
0.16290547
0.053244717
0.13737156
0.20985288
0.050892374
0.095963544
0.11145935
0.050404895
0.11106298
0.1491797
0.049457816
0.12648701
0.19012164
0.046992216
0.093783219
0.10768589
0.046595007
0.10468155
0.13728104
0.045821512
0.11675851
0.17206431
0.051486356
0.14399565
0.23097362
0.049350069
0.14130585
0.23040937
0.04682288
0.13487576
0.22114425
0.047991438
0.13325606
0.21218006
0.046200108
0.13194161
0.21465847
0.044067015
0.12689
0.20804128
0.044619209
0.12308135
0.19394761
0.043142689
0.12281915
0.19900204
0.041373201
0.1190406
0.19499546
0.041187341
0.11311104
0.17555579
0.040012847
0.11353751
0.18265272
0.038596074
0.11092363
0.18125378
0.038047789
0.10453319
0.15916941
0.037133242
0.10518317
0.16744876
0.036023374
0.10343313
0.16824651
0.035012842
0.096934506
0.14403747
0.034334602
0.097409157
0.15272456
0.033506675
0.09622685
0.15530635
0.04682288
0.13500128
0.22155349
0.049350069
0.14222163
0.23315925
0.051486356
0.14830739
0.24289975
0.044067015
0.12708423
0.20869791
0.046200108
0.13320424
0.21859592
0.047991438
0.13832377
0.22682941
0.041373201
0.11931209
0.1959756
0.043142689
0.12441779
0.2043146
0.044619209
0.12865851
0.21118741
0.038596074
0.11126444
0.18263565
0.040012847
0.11537836
0.18946949
0.041187341
0.11877476
0.19505135
0.036023374
0.10379652
0.17001837
0.037133242
0.10702707
0.17552428
0.038047789
0.10968535
0.17999294
0.033506675
0.096535224
0.15740702
0.034334602
0.098923601
0.1616409
0.035012842
0.10088744
0.16506584
-0.31000795
-3.1225023e-17
0.31000795
0.39717735
0.37298049
4.5536491e-18
-2.4286129e-17
-0.39717735
-0.37298049
-0.26592163
2.9273459e-18
0.26592163
0.57019239
0.59335069
0.47240707
0.48603889
0.37864925
0.38463884
-0.3224644
-0.30722904
-6.9117888e-18
-6.7762636e-19
0.3224644
0.30722904
1.9380114e-18
8.4432244e-18
0.25629728
0.24775119
0.19728907
0.19368993
0.73185567
0.68827279
0.56723152
0.54236453
0.42041877
0.40974402
-0.39642918
-0.39095644
-0.38042078
-0.066774181
-0.19175207
-0.31218017
-8.6037372e-18
-2.2795351e-17
-1.9515639e-18
-0.071432212
-0.20490947
-0.33291588
-0.32199842
-0.31857997
-0.31195018
-0.25627281
-0.15665737
-0.054417567
-3.814957e-19
8.9395857e-18
4.5943067e-18
-0.26924508
-0.16481389
-0.05729151
-0.38359477
-0.35865241
-0.33471103
-0.36113607
-0.33926012
-0.31810788
-4.9310949e-18
1.1402758e-17
-3.3813555e-18
5.2039322e-18
3.6718878e-19
3.1950083e-18
-0.32278198
-0.34512795
-0.36435579
-0.25848698
-0.15792154
-0.054840668
-1.0408341e-17
8.2399365e-18
-1.7018586e-17
-0.27450123
-0.28926139
-0.30171525
-0.22122909
-0.13473355
-0.046712443
1.0462551e-17
2.5682039e-18
5.1804535e-18
-0.30225771
-0.2877255
-0.27339838
6.4987544e-18
-1.5043305e-18
8.3483567e-18
0.31218017
0.19175207
0.066774181
0.39642918
0.39095644
0.38042078
0.33291588
0.20490947
0.071432212
0.054417567
0.15665737
0.25627281
0.32199842
0.31857997
0.31195018
0.05729151
0.16481389
0.26924508
0.36113607
0.33926012
0.31810788
0.38359477
0.35865241
0.33471103
0.054840668
0.15792154
0.25848698
0.32278198
0.34512795
0.36435579
0.046712443
0.13473355
0.22122909
0.27450123
0.28926139
0.30171525
0.30225771
0.2877255
0.27339838
1.2734293e-17
5.3337665e-18
1.5327908e-17
0.043467228
0.12540839
0.20603062
0.25603842
0.25413461
0.25041783
0.045051695
0.1299233
0.21326717
1.470434e-17
4.6730808e-18
4.2724342e-18
7.3723498e-18
1.2384469e-17
8.9446679e-18
0.2965368
0.2767634
0.25761269
0.31047167
0.28840695
0.26717658
0.52936069
0.44639856
0.35681328
0.57741475
0.58748697
0.59264872
0.55184515
0.4667897
0.37407891
0.43609876
0.3642077
0.28876571
0.47668054
0.48260673
0.4856287
0.4492025
0.37588867
0.29851333
0.55300856
0.52078024
0.48899717
0.57437618
0.53892397
0.50413239
0.19718101
0.19638441
0.19481997
0.34768534
0.28777162
0.22648244
0.38053624
0.38313893
0.38445987
0.35339144
0.29278126
0.23061039
0.24563076
0.22597295
0.20701788
0.23805083
0.22009081
0.20267041
0.455937
0.42504043
0.39456189
0.46812151
0.43463085
0.40174699
0.59470673
0.6368947
0.67250374
0.73052242
0.72074224
0.70177661
0.62192553
0.67132121
0.71323188
0.48725134
0.51239955
0.5332435
0.56647815
0.56093773
0.55012271
0.50319416
0.53234703
0.55659596
0.66204309
0.61353593
0.56655631
0.70201769
0.64712055
0.59429927
0.38538234
0.39662121
0.40577998
0.42009818
0.41773515
0.41309509
0.39236521
0.40528814
0.4158435
0.51856807
0.4745094
0.4317745
0.54069314
0.49178441
0.4446241
-0.071287575
-0.070230762
-0.068202148
-0.20450132
-0.20151832
-0.19578843
-0.33227387
-0.32757928
-0.31855002
-0.38290171
-0.37782943
-0.36805159
-0.35805614
-0.35368804
-0.34524687
-0.33420229
-0.33047204
-0.32324632
-0.30208053
-0.1853869
-0.064528421
-0.2834601
-0.17368096
-0.060403686
-0.26549629
-0.16242373
-0.056443593
-1.2334209e-17
-6.8155141e-18
-7.367626e-18
-3.8158834e-18
-5.6355749e-18
-9.1826958e-18
1.1350241e-18
6.6415853e-18
1.4398832e-18
-0.068835703
-0.19756423
-0.32130396
-0.064097608
-0.18414088
-0.30002305
-0.059585834
-0.17133491
-0.27964793
-0.26884793
-0.26593524
-0.26028995
-0.16456385
-0.16273068
-0.15918085
-0.05720335
-0.056557115
-0.05530629
-0.065123692
-0.061462548
-0.057239495
-0.18708359
-0.17671588
-0.16473627
-0.30480318
-0.28838346
-0.26934696
-0.35310887
-0.3351712
-0.31425168
-0.33229368
-0.31665882
-0.29830605
-0.31211416
-0.29860564
-0.282648
-0.25192393
-0.1538254
-0.053402739
-0.23963301
-0.14616765
-0.05071693
-0.22753495
-0.13864694
-0.048082222
-4.3463378e-20
-1.2389445e-18
-7.2220634e-18
-1.0672615e-18
8.8938459e-18
1.2586188e-17
2.8189256e-18
1.0594688e-17
8.2790588e-18
-0.2515843
-0.24100674
-0.22849233
-0.15371483
-0.14708688
-0.13926427
-0.05338174
-0.051050476
-0.048302401
0.33227387
0.32757928
0.31855002
0.20450132
0.20151832
0.19578843
0.071287575
0.070230762
0.068202148
0.064528421
0.1853869
0.30208053
0.060403686
0.17368096
0.2834601
0.056443593
0.16242373
0.26549629
0.36805159
0.37782943
0.38290171
0.34524687
0.35368804
0.35805614
0.32324632
0.33047204
0.33420229
0.32130396
0.19756423
0.068835703
0.30002305
0.18414088
0.064097608
0.27964793
0.17133491
0.059585834
0.05720335
0.056557115
0.05530629
0.16456385
0.16273068
0.15918085
0.26884793
0.26593524
0.26028995
0.30480318
0.28838346
0.26934696
0.18708359
0.17671588
0.16473627
0.065123692
0.061462548
0.057239495
0.053402739
0.1538254
0.25192393
0.05071693
0.14616765
0.23963301
0.048082222
0.13864694
0.22753495
0.31425168
0.3351712
0.35310887
0.29830605
0.31665882
0.33229368
0.282648
0.29860564
0.31211416
0.05338174
0.051050476
0.048302401
0.15371483
0.14708688
0.13926427
0.2515843
0.24100674
0.22849233
1.6752459e-17
1.1414464e-18
-3.5511592e-18
3.1704013e-18
2.0761836e-18
3.7997898e-18
7.9345811e-19
5.9330423e-18
4.9263436e-18
0.052433323
0.1510053
0.24721777
0.048782057
0.14059278
0.23049878
0.045268158
0.13055732
0.21433924
0.30086034
0.30692361
0.31004621
0.28038435
0.28544967
0.2880526
0.26059351
0.26475334
0.26688643
0.25907068
0.15844734
0.055053577
0.24038436
0.14678344
0.050958781
0.22244486
0.13562078
0.047046277
0.045003606
0.044650111
0.043960928
0.12978633
0.12877939
0.12681563
0.21304783
0.21143496
0.20828759
0.55116224
0.54614326
0.53636295
0.46616835
0.46160566
0.45273421
0.37355141
0.36968063
0.36216784
0.34461701
0.43176726
0.51289327
0.32202007
0.40454392
0.48209907
0.30008244
0.37797121
0.45184539
0.55967856
0.56897123
0.57372932
0.52645361
0.53434305
0.53837604
0.49373779
0.50031807
0.5036764
0.53360195
0.45048953
0.36042754
0.49962501
0.42029804
0.33525945
0.46641834
0.39099869
0.31097955
0.29821831
0.29604809
0.29180896
0.3755358
0.37293873
0.36785939
0.4488076
0.44589941
0.44020226
0.24540153
0.24371491
0.24041864
0.22579558
0.22448956
0.22193207
0.20688716
0.2059239
0.204034
0.27762052
0.35061557
0.42049661
0.2569503
0.32530876
0.39130993
0.23685745
0.30058548
0.36262217
0.45976008
0.46505666
0.46775532
0.42805449
0.4322228
0.43434329
0.39682364
0.39994606
0.40153204
0.43219011
0.36101058
0.28627495
0.40048637
0.33342478
0.26367877
0.36947731
0.30661892
0.24183923
0.23048651
0.22957324
0.22777901
0.29263112
0.29152388
0.2893466
0.35322074
0.35196124
0.34948155
0.71198729
0.70285493
0.68513266
0.67027185
0.66256691
0.64758889
0.62109864
0.61502184
0.60318202
0.57573314
0.61473255
0.64754393
0.5402524
0.57349714
0.60129899
0.50539442
0.53324724
0.55640335
0.67444436
0.69183807
0.70079696
0.62397882
0.63858938
0.64609826
0.57520191
0.5872689
0.59345743
0.68493468
0.64640067
0.6008228
0.63276506
0.60024236
0.56152014
0.58243653
0.555448
0.5231085
0.50271358
0.49917463
0.492243
0.53174422
0.52730812
0.518634
0.55588899
0.5506888
0.54053292
0.4692747
0.49181143
0.51043472
0.43564612
0.45347902
0.46813286
0.40259239
0.41603046
0.42701259
0.52547852
0.53510011
0.5400239
0.47991613
0.48742721
0.49126339
0.43580418
0.44139012
0.44423764
0.53122766
0.50960064
0.48351517
0.48438922
0.46742605
0.44684203
0.43911919
0.42644387
0.41097246
0.39215625
0.3906146
0.38758001
0.4050283
0.40311217
0.39934527
0.41554142
0.41331449
0.40894024
-0.32070999
-0.31636431
-0.30799445
-0.19718729
-0.19443086
-0.18912838
-0.068702254
-0.067726611
-0.065850962
-0.29951319
-0.29577929
-0.28856923
-0.18381839
-0.18145759
-0.17690387
-0.063983627
-0.063149413
-0.061541198
-0.27921387
-0.27603204
-0.26987288
-0.1710612
-0.16905556
-0.16517688
-0.059489253
-0.058781655
-0.057413909
-0.29522195
-0.27991905
-0.26211302
-0.18105309
-0.17140402
-0.16021232
-0.062997464
-0.059592557
-0.055649738
-0.27751954
-0.2642053
-0.24860876
-0.16993766
-0.16156396
-0.15178289
-0.059083241
-0.056132298
-0.052690427
-0.2603948
-0.24891128
-0.23537093
-0.15921767
-0.15201303
-0.14353976
-0.055314214
-0.052778473
-0.049800122
0.068702254
0.067726611
0.065850962
0.19718729
0.19443086
0.18912838
0.32070999
0.31636431
0.30799445
0.063983627
0.063149413
0.061541198
0.18381839
0.18145759
0.17690387
0.29951319
0.29577929
0.28856923
0.059489253
0.058781655
0.057413909
0.1710612
0.16905556
0.16517688
0.27921387
0.27603204
0.26987288
0.062997464
0.059592557
0.055649738
0.18105309
0.17140402
0.16021232
0.29522195
0.27991905
0.26211302
0.059083241
0.056132298
0.052690427
0.16993766
0.16156396
0.15178289
0.27751954
0.2642053
0.24860876
0.055314214
0.052778473
0.049800122
0.15921767
0.15201303
0.14353976
0.2603948
0.24891128
0.23537093
0.054973355
0.054385005
0.053244717
0.15821964
0.15654938
0.15331085
0.25870846
0.25605065
0.25089302
0.050892374
0.050404895
0.049457816
0.14659468
0.14520884
0.14251541
0.24008327
0.23787206
0.23357131
0.046992216
0.046595007
0.045821512
0.1354669
0.13433619
0.13213362
0.22219877
0.22039
0.2168643
0.35994532
0.35640517
0.34952621
0.44991991
0.44573542
0.43759077
0.53297384
0.52835597
0.51934883
0.33485691
0.33189929
0.32614005
0.41982009
0.41630644
0.40945418
0.4990948
0.4951941
0.48757248
0.31064922
0.30822029
0.30348081
0.39060457
0.38770503
0.38203968
0.46597858
0.46274118
0.45640473
0.28601342
0.28408876
0.2803254
0.360697
0.35838828
0.35386852
0.43183817
0.42924546
0.42416185
0.26347602
0.26198281
0.25905747
0.33318059
0.33138156
0.32785331
0.40021085
0.39817989
0.39419117
0.24168952
0.24058619
0.23842064
0.30643786
0.30510302
0.30248055
0.36927198
0.36775746
0.36477819
0.60006164
0.59446589
0.5835531
0.64543687
0.63835733
0.62458064
0.683794
0.67542038
0.6591519
0.56087659
0.55614224
0.54689324
0.59943071
0.59346429
0.5818312
0.6318081
0.62477749
0.61108928
0.52257383
0.51863789
0.51093552
0.55477613
0.54983367
0.54017886
0.58164718
0.57584339
0.56452061
0.48308646
0.47992842
0.47373745
0.50906381
0.50511183
0.49737691
0.53059914
0.52597413
0.51693222
0.44650579
0.44402738
0.43916077
0.46700627
0.46391388
0.45785059
0.48389922
0.48029083
0.47322291
0.41072138
0.40886957
0.4052275
0.42613126
0.42382674
0.41930038
0.43875526
0.43607342
0.43081065
-0.67227043
-0.70710678
-0.67227043
-0.91774188
-0.84957113
-1
-0.91774188
-0.91774188
-0.84957113
-0.57019239
-0.59335069
-0.57019239
-0.57019239
-0.59335069
-0.47240707
-0.48603889
-0.37864925
-0.38463884
-0.73185567
-0.68827279
-0.7835347
-0.73185567
-0.73185567
-0.68827279
-0.59630391
-0.56723152
-0.56723152
-0.54236453
-0.42041877
-0.40974402
-0.3224644
-0.30722904
-0.25629728
-0.24775119
-0.19728907
-0.19368993
-0.91563372
-0.90021342
-0.87053063
-0.91563372
-0.90021342
-0.87053063
-0.99744546
-0.97878093
-0.94295653
-0.99744546
-0.97878093
-0.94295653
-0.73052242
-0.72074224
-0.70177661
-0.70177661
-0.72074224
-0.73052242
-0.78194926
-0.77032793
-0.74783558
-0.74783558
-0.77032793
-0.78194926
-0.88394836
-0.82189162
-0.76232533
-0.82051496
-0.76684993
-0.71496025
-0.88394836
-0.82189162
-0.76232533
-0.96024013
-0.88770117
-0.81864469
-0.70822101
-0.77112957
-0.82527783
-0.68307557
-0.69823377
-0.70604267
-0.74943575
-0.8239692
-0.88860063
-0.59470673
-0.6368947
-0.67250374
-0.57741475
-0.58748697
-0.59264872
-0.62192553
-0.67132121
-0.71323188
-0.65432542
-0.62067735
-0.58750416
-0.68697873
-0.64938746
-0.6125172
-0.87053063
-0.90021342
-0.91563372
-0.91563372
-0.90021342
-0.87053063
-0.94295653
-0.97878093
-0.99744546
-0.73052242
-0.72074224
-0.70177661
-0.73052242
-0.72074224
-0.70177661
-0.78194926
-0.77032793
-0.74783558
-0.82051496
-0.76684993
-0.71496025
-0.88394836
-0.82189162
-0.76232533
-0.70604267
-0.69823377
-0.68307557
-0.70822101
-0.77112957
-0.82527783
-0.59264872
-0.58748697
-0.57741475
-0.59470673
-0.6368947
-0.67250374
-0.65432542
-0.62067735
-0.58750416
-0.5954215
-0.58893516
-0.57628973
-0.56647815
-0.56093773
-0.55012271
-0.56647815
-0.56093773
-0.55012271
-0.5954215
-0.58893516
-0.57628973
-0.74929192
-0.68664807
-0.62680617
-0.70201769
-0.64712055
-0.59429927
-0.66204309
-0.61353593
-0.56655631
-0.70201769
-0.64712055
-0.59429927
-0.59470673
-0.6368947
-0.67250374
-0.57741475
-0.58748697
-0.59264872
-0.62192553
-0.67132121
-0.71323188
-0.48725134
-0.51239955
-0.5332435
-0.47668054
-0.48260673
-0.4856287
-0.50319416
-0.53234703
-0.55659596
-0.55300856
-0.52078024
-0.48899717
-0.57437618
-0.53892397
-0.50413239
-0.42009818
-0.41773515
-0.41309509
-0.38538234
-0.39662121
-0.40577998
-0.38053624
-0.38313893
-0.38445987
-0.39236521
-0.40528814
-0.4158435
-0.54069314
-0.49178441
-0.4446241
-0.51856807
-0.4745094
-0.4317745
-0.455937
-0.42504043
-0.39456189
-0.46812151
-0.43463085
-0.40174699
-0.52936069
-0.44639856
-0.35681328
-0.32199842
-0.31857997
-0.31195018
-0.55184515
-0.4667897
-0.37407891
-0.43609876
-0.3642077
-0.28876571
-0.25603842
-0.25413461
-0.25041783
-0.4492025
-0.37588867
-0.29851333
-0.2965368
-0.2767634
-0.25761269
-0.31047167
-0.28840695
-0.26717658
-0.34768534
-0.28777162
-0.22648244
-0.19718101
-0.19638441
-0.19481997
-0.35339144
-0.29278126
-0.23061039
-0.23805083
-0.22009081
-0.20267041
-0.24563076
-0.22597295
-0.20701788
-0.9949051
-0.97634361
-0.94071385
-0.97634361
-0.95853051
-0.92431526
-0.94071385
-0.92431526
-0.89277756
-0.88199055
-0.86766251
-0.84004528
-0.82019894
-0.80779937
-0.7838403
-0.76087379
-0.75023088
-0.72961731
-0.84004528
-0.86766251
-0.88199055
-0.7838403
-0.80779937
-0.82019894
-0.72961731
-0.75023088
-0.76087379
-0.90737148
-0.94059372
-0.95787615
-0.84215552
-0.87080706
-0.8856703
-0.77971541
-0.80423006
-0.81691345
-0.95787615
-0.94059372
-0.90737148
-0.8856703
-0.87080706
-0.84215552
-0.81691345
-0.80423006
-0.77971541
-0.74642532
-0.73608266
-0.71603851
-0.76880781
-0.75766307
-0.73608266
-0.7803717
-0.76880781
-0.74642532
-0.8866454
-0.82234343
-0.74817327
-0.8723379
-0.81043561
-0.73891546
-0.84476821
-0.78743445
-0.72097901
-0.7978477
-0.74720572
-0.68816517
-0.74708153
-0.70272461
-0.65067493
-0.69786565
-0.65934685
-0.61386084
-0.66446322
-0.67867041
-0.68598265
-0.62960702
-0.64209671
-0.64851389
-0.59529774
-0.60617749
-0.61175802
-0.72674901
-0.79654723
-0.85683638
-0.68452354
-0.74581288
-0.79837071
-0.64328968
-0.69664858
-0.74208589
-0.68513266
-0.64758889
-0.60318202
-0.70285493
-0.66256691
-0.61502184
-0.71198729
-0.67027185
-0.62109864
-0.94071385
-0.92431526
-0.89277756
-0.97634361
-0.95853051
-0.92431526
-0.9949051
-0.97634361
-0.94071385
-0.88199055
-0.86766251
-0.84004528
-0.82019894
-0.80779937
-0.7838403
-0.76087379
-0.75023088
-0.72961731
-0.84004528
-0.86766251
-0.88199055
-0.7838403
-0.80779937
-0.82019894
-0.72961731
-0.75023088
-0.76087379
-0.90737148
-0.94059372
-0.95787615
-0.84215552
-0.87080706
-0.8856703
-0.77971541
-0.80423006
-0.81691345
-0.7803717
-0.76880781
-0.74642532
-0.76880781
-0.75766307
-0.73608266
-0.74642532
-0.73608266
-0.71603851
-0.84476821
-0.78743445
-0.72097901
-0.8723379
-0.81043561
-0.73891546
-0.8866454
-0.82234343
-0.74817327
-0.68598265
-0.67867041
-0.66446322
-0.64851389
-0.64209671
-0.62960702
-0.61175802
-0.60617749
-0.59529774
-0.68816517
-0.74720572
-0.7978477
-0.65067493
-0.70272461
-0.74708153
-0.61386084
-0.65934685
-0.69786565
-0.71198729
-0.67027185
-0.62109864
-0.70285493
-0.66256691
-0.61502184
-0.68513266
-0.64758889
-0.60318202
-0.74784444
-0.73722887
-0.71665585
-0.6854421
-0.67658939
-0.65939112
-0.62581778
-0.6185558
-0.60441501
-0.70079696
-0.69183807
-0.67444436
-0.64609826
-0.63858938
-0.62397882
-0.59345743
-0.5872689
-0.57520191
-0.67444436
-0.69183807
-0.70079696
-0.62397882
-0.63858938
-0.64609826
-0.57520191
-0.5872689
-0.59345743
-0.71665585
-0.73722887
-0.74784444
-0.65939112
-0.67658939
-0.6854421
-0.60441501
-0.6185558
-0.62581778
-0.59454305
-0.58808576
-0.5754965
-0.58808576
-0.58184138
-0.56966385
-0.5754965
-0.56966385
-0.55828301
-0.62109864
-0.61502184
-0.60318202
-0.67027185
-0.66256691
-0.64758889
-0.71198729
-0.70285493
-0.68513266
-0.64754393
-0.61473255
-0.57573314
-0.60129899
-0.57349714
-0.5402524
-0.55640335
-0.53324724
-0.50539442
-0.55967856
-0.56897123
-0.57372932
-0.52645361
-0.53434305
-0.53837604
-0.49373779
-0.50031807
-0.5036764
-0.6008228
-0.64640067
-0.68493468
-0.56152014
-0.60024236
-0.63276506
-0.5231085
-0.555448
-0.58243653
-0.55588899
-0.5506888
-0.54053292
-0.53174422
-0.52730812
-0.518634
-0.50271358
-0.49917463
-0.492243
-0.5400239
-0.53510011
-0.52547852
-0.49126339
-0.48742721
-0.47991613
-0.44423764
-0.44139012
-0.43580418
-0.51043472
-0.49181143
-0.4692747
-0.46813286
-0.45347902
-0.43564612
-0.42701259
-0.41603046
-0.40259239
-0.45976008
-0.46505666
-0.46775532
-0.42805449
-0.4322228
-0.43434329
-0.39682364
-0.39994606
-0.40153204
-0.48351517
-0.50960064
-0.53122766
-0.44684203
-0.46742605
-0.48438922
-0.41097246
-0.42644387
-0.43911919
-0.41554142
-0.41331449
-0.40894024
-0.4050283
-0.40311217
-0.39934527
-0.39215625
-0.3906146
-0.38758001
-0.37355141
-0.36968063
-0.36216784
-0.46616835
-0.46160566
-0.45273421
-0.55116224
-0.54614326
-0.53636295
-0.51289327
-0.43176726
-0.34461701
-0.48209907
-0.40454392
-0.32202007
-0.45184539
-0.37797121
-0.30008244
-0.30086034
-0.30692361
-0.31004621
-0.28038435
-0.28544967
-0.2880526
-0.26059351
-0.26475334
-0.26688643
-0.36042754
-0.45048953
-0.53360195
-0.33525945
-0.42029804
-0.49962501
-0.31097955
-0.39099869
-0.46641834
-0.4488076
-0.44589941
-0.44020226
-0.3755358
-0.37293873
-0.36785939
-0.29821831
-0.29604809
-0.29180896
-0.42049661
-0.35061557
-0.27762052
-0.39130993
-0.32530876
-0.2569503
-0.36262217
-0.30058548
-0.23685745
-0.24041864
-0.24371491
-0.24540153
-0.22193207
-0.22448956
-0.22579558
-0.204034
-0.2059239
-0.20688716
-0.28627495
-0.36101058
-0.43219011
-0.26367877
-0.33342478
-0.40048637
-0.24183923
-0.30661892
-0.36947731
-0.35322074
-0.35196124
-0.34948155
-0.29263112
-0.29152388
-0.2893466
-0.23048651
-0.22957324
-0.22777901
-0.90529097
-0.8900699
-0.86075595
-0.93833613
-0.9218271
-0.8900699
-0.95552504
-0.93833613
-0.90529097
-0.84036022
-0.82721268
-0.80182719
-0.86886436
-0.8546431
-0.82721268
-0.88365008
-0.86886436
-0.84036022
-0.77817863
-0.76691366
-0.7451095
-0.80257142
-0.7904174
-0.76691366
-0.81519098
-0.80257142
-0.77817863
-0.81602832
-0.76244938
-0.70012126
-0.84170847
-0.78392583
-0.71691136
-0.85501838
-0.79503163
-0.72556884
-0.7629281
-0.71606589
-0.66118413
-0.78525217
-0.73481732
-0.67591135
-0.79679546
-0.74449347
-0.68349104
-0.71156067
-0.67092134
-0.62301523
-0.73080435
-0.68715175
-0.63581745
-0.74073227
-0.6955098
-0.64239441
-0.95552504
-0.93833613
-0.90529097
-0.93833613
-0.9218271
-0.8900699
-0.90529097
-0.8900699
-0.86075595
-0.88365008
-0.86886436
-0.84036022
-0.86886436
-0.8546431
-0.82721268
-0.84036022
-0.82721268
-0.80182719
-0.81519098
-0.80257142
-0.77817863
-0.80257142
-0.7904174
-0.76691366
-0.77817863
-0.76691366
-0.7451095
-0.85501838
-0.79503163
-0.72556884
-0.84170847
-0.78392583
-0.71691136
-0.81602832
-0.76244938
-0.70012126
-0.79679546
-0.74449347
-0.68349104
-0.78525217
-0.73481732
-0.67591135
-0.7629281
-0.71606589
-0.66118413
-0.74073227
-0.6955098
-0.64239441
-0.73080435
-0.68715175
-0.63581745
-0.71156067
-0.67092134
-0.62301523
-0.74640402
-0.73583997
-0.71536573
-0.73583997
-0.7256523
-0.70589967
-0.71536573
-0.70589967
-0.68753177
-0.68424181
-0.67543069
-0.65831241
-0.67543069
-0.6669237
-0.65039059
-0.65831241
-0.65039059
-0.63498425
-0.62483391
-0.61760498
-0.60352799
-0.61760498
-0.61061811
-0.59700843
-0.60352799
-0.59700843
-0.5843015
-0.683794
-0.67542038
-0.6591519
-0.64543687
-0.63835733
-0.62458064
-0.60006164
-0.59446589
-0.5835531
-0.6318081
-0.62477749
-0.61108928
-0.59943071
-0.59346429
-0.5818312
-0.56087659
-0.55614224
-0.54689324
-0.58164718
-0.57584339
-0.56452061
-0.55477613
-0.54983367
-0.54017886
-0.52257383
-0.51863789
-0.51093552
-0.53059914
-0.52597413
-0.51693222
-0.50906381
-0.50511183
-0.49737691
-0.48308646
-0.47992842
-0.47373745
-0.48389922
-0.48029083
-0.47322291
-0.46700627
-0.46391388
-0.45785059
-0.44650579
-0.44402738
-0.43916077
-0.43875526
-0.43607342
-0.43081065
-0.42613126
-0.42382674
-0.41930038
-0.41072138
-0.40886957
-0.4052275
-0.53297384
-0.52835597
-0.51934883
-0.44991991
-0.44573542
-0.43759077
-0.35994532
-0.35640517
-0.34952621
-0.4990948
-0.4951941
-0.48757248
-0.41982009
-0.41630644
-0.40945418
-0.33485691
-0.33189929
-0.32614005
-0.46597858
-0.46274118
-0.45640473
-0.39060457
-0.38770503
-0.38203968
-0.31064922
-0.30822029
-0.30348081
-0.43183817
-0.42924546
-0.42416185
-0.360697
-0.35838828
-0.35386852
-0.28601342
-0.28408876
-0.2803254
-0.40021085
-0.39817989
-0.39419117
-0.33318059
-0.33138156
-0.32785331
-0.26347602
-0.26198281
-0.25905747
-0.36927198
-0.36775746
-0.36477819
-0.30643786
-0.30510302
-0.30248055
-0.24168952
-0.24058619
-0.23842064
