MFEM mesh v1.0

#
# MFEM Geometry Types (see mesh/geom.hpp):
#
# POINT       = 0
# SEGMENT     = 1
# TRIANGLE    = 2
# SQUARE      = 3
# TETRAHEDRON = 4
# CUBE        = 5
#

dimension
3

elements
7
1 5 14 2 3 15 17 5 6 18
1 5 15 3 4 16 18 6 7 19
1 5 17 5 6 18 20 8 9 21
1 5 20 8 9 21 10 0 1 11
1 5 22 5 8 23 24 6 9 25
1 5 23 8 0 12 25 9 1 13
1 5 26 12 0 10 27 13 1 11

boundary
26
42 3 15 3 2 14
42 3 16 4 3 15
42 3 14 2 5 17
42 3 15 14 17 18
42 3 2 3 6 5
42 3 16 15 18 19
42 3 3 4 7 6
42 3 4 16 19 7
42 3 18 6 7 19
42 3 17 5 8 20
42 3 18 17 20 21
42 3 6 18 21 9
42 3 20 8 0 10
42 3 21 20 10 11
42 3 9 21 11 1
42 3 23 8 5 22
42 3 12 0 8 23
42 3 22 5 6 24
42 3 23 22 24 25
42 3 24 6 9 25
42 3 12 23 25 13
42 3 25 9 1 13
42 3 10 0 12 26
42 3 26 12 13 27
42 3 10 26 27 11
42 3 27 13 1 11

vertices
28

nodes
FiniteElementSpace
FiniteElementCollection: H1_3D_P4
VDim: 3
Ordering: 0

0.50295308
0.42586599
0.56955658
0.46850803
0.36407998
0.59296204
0.48293061
0.37107077
0.56955658
0.46850803
0.46713824
0.34802459
0.26568513
0.22229806
0.60844596
0.42529438
0.27585809
0.66119981
0.45397621
0.28596008
0.60844596
0.42529438
0.3224644
0.30721416
0.25605782
0.2473562
0.27788281
0.20621024
0.59306714
0.62793177
0.6322654
0.55210638
0.51910204
0.48604145
0.47942006
0.48609952
0.4593594
0.5751685
0.51372603
0.45497859
0.62086334
0.66475941
0.679799
0.57379344
0.53773387
0.50186198
0.49673792
0.50918859
0.48726641
0.62357606
0.55405147
0.48755517
0.62479563
0.6477558
0.65958757
0.57686803
0.58704574
0.59225409
0.47304556
0.47931323
0.48249876
0.43418521
0.44666754
0.4530997
0.45086871
0.41703402
0.38255195
0.3620126
0.34470079
0.30538533
0.39663105
0.34539203
0.29861129
0.46394198
0.42764965
0.39078646
0.37028971
0.35493607
0.31612715
0.4215852
0.36382424
0.3113495
0.36628729
0.3693244
0.37086254
0.27900709
0.28340109
0.2856537
0.59306714
0.62793177
0.6322654
0.55210638
0.51910204
0.48604145
0.47942006
0.48609952
0.4593594
0.5751685
0.51372603
0.45497859
0.65958757
0.6477558
0.62479563
0.59225409
0.58704574
0.57686803
0.48249876
0.47931323
0.47304556
0.4530997
0.44666754
0.43418521
0.51409849
0.52333947
0.50061355
0.48994713
0.46498283
0.43952689
0.42849669
0.41952128
0.38206707
0.4455633
0.40570709
0.36745852
0.49602663
0.54641841
0.58936649
0.51722285
0.54120647
0.5609475
0.43519188
0.45063922
0.46312775
0.36392887
0.39150957
0.4149139
0.55166695
0.4667491
0.37407891
0.5290318
0.44630397
0.3567853
0.32199842
0.31857997
0.31193974
0.44719251
0.37501138
0.29813393
0.4334417
0.36293034
0.28816343
0.2557952
0.2538621
0.25007894
0.31046137
0.28836607
0.26704075
0.29650803
0.27667355
0.25736765
0.46520256
0.3895673
0.3094421
0.27436128
0.28920801
0.30169295
0.39291034
0.32760198
0.25928958
0.22771245
0.2367524
0.24414435
0.25816654
0.24396828
0.22979059
0.2738931
0.28595144
0.28690326
0.44334945
0.38719222
0.31840355
0.22600691
0.22809576
0.2183821
0.32848659
0.28530396
0.23507761
0.26475786
0.24063644
0.21772426
0.48839184
0.51075941
0.49920603
0.54459574
0.55732608
0.53644343
0.60182787
0.60360936
0.57350822
0.64707443
0.63943592
0.60174623
0.66775181
0.6554501
0.61383347
0.6783565
0.66364543
0.62002198
0.55888973
0.52494399
0.49101337
0.56831912
0.53304325
0.49788919
0.57313865
0.53717326
0.50138753
0.48486456
0.49333891
0.46805239
0.49239105
0.50337667
0.48019239
0.49621887
0.50849406
0.48641936
0.46507338
0.52621925
0.59016833
0.47925127
0.54377033
0.61123709
0.48655923
0.55281834
0.62209624
0.64592
0.63792827
0.59930658
0.58221155
0.58708857
0.55869382
0.51961272
0.53613004
0.51817336
0.3297712
0.36858949
0.38260525
0.37878698
0.41471873
0.42132497
0.43088067
0.46141165
0.45950175
0.45498572
0.42038185
0.38515117
0.46066655
0.4249942
0.3887287
0.46355107
0.42733289
0.39054107
0.36462116
0.34791347
0.30874159
0.36821777
0.35236269
0.31341295
0.37004251
0.35462865
0.31580244
0.30257629
0.3511169
0.40437025
0.3081177
0.35913698
0.4152297
0.3109624
0.36326244
0.42082311
0.45553896
0.482233
0.47521186
0.39754768
0.43127548
0.43406161
0.34311817
0.3809647
0.392416
0.6783565
0.66364543
0.62002198
0.66775181
0.6554501
0.61383347
0.64707443
0.63943592
0.60174623
0.57313865
0.53717326
0.50138753
0.56831912
0.53304325
0.49788919
0.55888973
0.52494399
0.49101337
0.49621887
0.50849406
0.48641936
0.49239105
0.50337667
0.48019239
0.48486456
0.49333891
0.46805239
0.48655923
0.55281834
0.62209624
0.47925127
0.54377033
0.61123709
0.46507338
0.52621925
0.59016833
0.60182787
0.60360936
0.57350822
0.54459574
0.55732608
0.53644343
0.48839184
0.51075941
0.49920603
0.61488759
0.61438628
0.58285133
0.57535371
0.58333516
0.55943735
0.52813747
0.54567298
0.53100656
0.5441089
0.51219782
0.48015228
0.52572828
0.49626233
0.46650688
0.50331936
0.47671091
0.44967111
0.47296955
0.47754807
0.44916026
0.45802135
0.45784967
0.42596188
0.43958833
0.43382081
0.39824547
0.4431971
0.49915034
0.55766699
0.41665649
0.46634385
0.51827839
0.38543163
0.42782458
0.47206443
0.47972782
0.50569068
0.49967654
0.44049534
0.47187862
0.47195633
0.40198368
0.43767456
0.44366831
0.36214759
0.45266108
0.53609026
0.36966792
0.46155508
0.54593447
0.37355141
0.46612666
0.55098061
0.36040731
0.45041458
0.53331509
0.33518677
0.42008073
0.49896399
0.31075662
0.39044032
0.4650195
0.5123995
0.43160921
0.34456537
0.48108761
0.40415596
0.32187045
0.44990868
0.37710441
0.2996986
0.30083927
0.30691013
0.31003557
0.28031365
0.28539951
0.2880107
0.26038889
0.2645951
0.26674807
0.29783343
0.37464826
0.44678029
0.29562067
0.37197249
0.44374055
0.29128624
0.3667214
0.4377645
0.31936883
0.40155924
0.47881484
0.33630947
0.42190504
0.50176514
0.35051435
0.43885292
0.52073476
0.45294879
0.37896897
0.30078941
0.42949842
0.3588003
0.28440836
0.40566944
0.3384476
0.26799171
0.26622236
0.27994908
0.29144016
0.25091767
0.26266069
0.27240154
0.23571657
0.24564909
0.25381015
0.28447604
0.35844562
0.42831954
0.27597456
0.34807335
0.41644221
0.26554896
0.33529758
0.40176653
0.47173705
0.48804173
0.47649925
0.40683053
0.41380999
0.40028108
0.3307124
0.33175087
0.31869271
0.27473796
0.27595196
0.2656107
0.25197522
0.25700296
0.24995238
0.22977935
0.23806447
0.23429063
0.422519
0.36867256
0.30319986
0.3840552
0.33450529
0.27520271
0.34718923
0.30183278
0.24852438
0.2508724
0.26444535
0.26324321
0.30818873
0.33009288
0.33160035
0.35866594
0.39036356
0.39624531
0.61556544
0.61434144
0.58157472
0.55631427
0.56664745
0.54341782
0.49811692
0.51871218
0.50516379
0.63474594
0.62926365
0.59279187
0.57267781
0.57958723
0.55309033
0.51169862
0.52974198
0.51340773
0.64458211
0.63689183
0.59852723
0.58107004
0.58619177
0.55802404
0.51866509
0.53536659
0.51760413
0.43856266
0.46794104
0.46444439
0.38463537
0.41991184
0.42533592
0.33393731
0.37247245
0.38569647
0.4492892
0.47699285
0.47127176
0.3927958
0.42710954
0.43087067
0.33974215
0.37785209
0.38995957
0.45479063
0.48160684
0.4747415
0.3969788
0.43077771
0.43368081
0.34271416
0.38059283
0.39212291
0.64458211
0.63689183
0.59852723
0.58107004
0.58619177
0.55802404
0.51866509
0.53536659
0.51760413
0.63474594
0.62926365
0.59279187
0.57267781
0.57958723
0.55309033
0.51169862
0.52974198
0.51340773
0.61556544
0.61434144
0.58157472
0.55631427
0.56664745
0.54341782
0.49811692
0.51871218
0.50516379
0.58570744
0.59096076
0.56400058
0.53084648
0.54632561
0.52820343
0.47698249
0.50136725
0.49215326
0.54903706
0.56192239
0.54215844
0.4995781
0.5210206
0.50919664
0.45103653
0.47973882
0.47583152
0.50524946
0.52663791
0.5155459
0.46225153
0.49020095
0.48590596
0.42005452
0.45336523
0.45574123
0.35992448
0.44984319
0.5326821
0.35637935
0.44564447
0.52802594
0.34948735
0.43746487
0.51893072
0.33478257
0.41959883
0.49842503
0.33181164
0.41605402
0.49445663
0.32601999
0.40912925
0.48668491
0.31042249
0.39003854
0.46456565
0.30796375
0.3870797
0.46122062
0.30315576
0.38128233
0.45465277
0.33880086
0.42473578
0.50471154
0.32570723
0.40905902
0.48709008
0.31002057
0.39015558
0.46568678
0.31699582
0.39830073
0.47448111
0.30586071
0.38487266
0.45926507
0.29239725
0.36853944
0.4406471
0.29562375
0.37217006
0.44429446
0.28625889
0.36079002
0.43130433
0.27482855
0.34682993
0.41530287
0.31659008
0.32017686
0.3091506
0.38944074
0.39951045
0.38856871
0.45181782
0.47142106
0.46292647
0.29010927
0.29817678
0.29105743
0.35677315
0.37221077
0.36623609
0.41439185
0.43960334
0.43690605
0.26420841
0.27610135
0.27288609
0.32473156
0.34468015
0.34364826
0.37765571
0.40743381
0.41042529
0.50518149
0.4330127
0.57019239
0.47240707
0.37864925
0.59335069
0.48603889
0.38463884
0.57019239
0.47240707
0.26592163
0.22368927
0.57019239
0.47240707
0.30722904
0.24775119
0.19368993
0.3224644
0.25629728
0.19728907
0.30722904
0.24775119
0.73185567
0.68827279
0.56723152
0.54236453
0.30722904
0.24775119
0.52936069
0.44639856
0.35681328
0.55300856
0.52078024
0.48899717
0.43609876
0.3642077
0.28876571
0.2965368
0.2767634
0.25761269
0.55184515
0.4667897
0.37407891
0.57437618
0.53892397
0.50413239
0.4492025
0.37588867
0.29851333
0.31047167
0.28840695
0.26717658
0.31195018
0.31857997
0.32199842
0.57741475
0.58748697
0.59264872
0.47668054
0.48260673
0.4856287
0.25041783
0.25413461
0.25603842
0.455937
0.42504043
0.39456189
0.34768534
0.28777162
0.22648244
0.23805083
0.22009081
0.20267041
0.46812151
0.43463085
0.40174699
0.35339144
0.29278126
0.23061039
0.24563076
0.22597295
0.20701788
0.38053624
0.38313893
0.38445987
0.19481997
0.19638441
0.19718101
0.52936069
0.44639856
0.35681328
0.55300856
0.52078024
0.48899717
0.43609876
0.3642077
0.28876571
0.2965368
0.2767634
0.25761269
0.32199842
0.31857997
0.31195018
0.59264872
0.58748697
0.57741475
0.4856287
0.48260673
0.47668054
0.25603842
0.25413461
0.25041783
0.46672901
0.39031051
0.30979848
0.49271987
0.46909709
0.44547431
0.39845788
0.33097257
0.26123552
0.25850013
0.24458109
0.23085435
0.27450123
0.28926139
0.30171525
0.51895855
0.54232058
0.56170451
0.44150297
0.45572427
0.46735889
0.22879749
0.23744835
0.24461567
0.62192553
0.67132121
0.71323188
0.59470673
0.6368947
0.67250374
0.73052242
0.72074224
0.70177661
0.50319416
0.53234703
0.55659596
0.48725134
0.51239955
0.5332435
0.56647815
0.56093773
0.55012271
0.70201769
0.64712055
0.59429927
0.66204309
0.61353593
0.56655631
0.51895855
0.54232058
0.56170451
0.59470673
0.6368947
0.67250374
0.44150297
0.45572427
0.46735889
0.48725134
0.51239955
0.5332435
0.55300856
0.52078024
0.48899717
0.52936069
0.44639856
0.35681328
0.27450123
0.28926139
0.30171525
0.43609876
0.3642077
0.28876571
0.22879749
0.23744835
0.24461567
0.2965368
0.2767634
0.25761269
0.30008244
0.37797121
0.45184539
0.32202007
0.40454392
0.48209907
0.34461701
0.43176726
0.51289327
0.36216784
0.45273421
0.53636295
0.36968063
0.46160566
0.54614326
0.37355141
0.46616835
0.55116224
0.55967856
0.52645361
0.49373779
0.56897123
0.53434305
0.50031807
0.57372932
0.53837604
0.5036764
0.44020226
0.36785939
0.29180896
0.44589941
0.37293873
0.29604809
0.4488076
0.3755358
0.29821831
0.26059351
0.28038435
0.30086034
0.26475334
0.28544967
0.30692361
0.26688643
0.2880526
0.31004621
0.36042754
0.45048953
0.53360195
0.33525945
0.42029804
0.49962501
0.31097955
0.39099869
0.46641834
0.23685745
0.30058548
0.36262217
0.2569503
0.32530876
0.39130993
0.27762052
0.35061557
0.42049661
0.45976008
0.42805449
0.39682364
0.46505666
0.4322228
0.39994606
0.46775532
0.43434329
0.40153204
0.34948155
0.2893466
0.22777901
0.35196124
0.29152388
0.22957324
0.35322074
0.29263112
0.23048651
0.204034
0.22193207
0.24041864
0.2059239
0.22448956
0.24371491
0.20688716
0.22579558
0.24540153
0.28627495
0.36101058
0.43219011
0.26367877
0.33342478
0.40048637
0.24183923
0.30661892
0.36947731
0.37355141
0.46616835
0.55116224
0.36968063
0.46160566
0.54614326
0.36216784
0.45273421
0.53636295
0.57372932
0.53837604
0.5036764
0.56897123
0.53434305
0.50031807
0.55967856
0.52645361
0.49373779
0.4488076
0.3755358
0.29821831
0.44589941
0.37293873
0.29604809
0.44020226
0.36785939
0.29180896
0.26688643
0.2880526
0.31004621
0.26475334
0.28544967
0.30692361
0.26059351
0.28038435
0.30086034
0.34461701
0.43176726
0.51289327
0.32202007
0.40454392
0.48209907
0.30008244
0.37797121
0.45184539
0.35055483
0.43897996
0.52114291
0.33639963
0.422147
0.50242182
0.31958805
0.40205775
0.47994278
0.54516274
0.51409544
0.48340205
0.52721639
0.49875865
0.470527
0.50553381
0.48014297
0.45482738
0.43125656
0.35990592
0.28518538
0.42011781
0.3500401
0.27699329
0.4065422
0.33807137
0.26709061
0.25411168
0.27251983
0.29148121
0.24612485
0.26287626
0.28003783
0.23651425
0.25134031
0.26643124
0.30128386
0.37996074
0.45489614
0.28529244
0.36046079
0.43251607
0.26949349
0.34111577
0.41020232
0.68513266
0.64758889
0.60318202
0.70285493
0.66256691
0.61502184
0.71198729
0.67027185
0.62109864
0.68493468
0.64640067
0.6008228
0.63276506
0.60024236
0.56152014
0.58243653
0.555448
0.5231085
0.57573314
0.61473255
0.64754393
0.5402524
0.57349714
0.60129899
0.50539442
0.53324724
0.55640335
0.67444436
0.69183807
0.70079696
0.62397882
0.63858938
0.64609826
0.57520191
0.5872689
0.59345743
0.55588899
0.53174422
0.50271358
0.5506888
0.52730812
0.49917463
0.54053292
0.518634
0.492243
0.58476185
0.56211294
0.5349304
0.62437531
0.59597986
0.56211294
0.65774542
0.62437531
0.58476185
0.50553381
0.52721639
0.54516274
0.48014297
0.49875865
0.51409544
0.45482738
0.470527
0.48340205
0.57573314
0.61473255
0.64754393
0.5402524
0.57349714
0.60129899
0.50539442
0.53324724
0.55640335
0.52466922
0.50505703
0.48136214
0.50505703
0.48822494
0.46781941
0.48136214
0.46781941
0.45132243
0.31958805
0.40205775
0.47994278
0.33639963
0.422147
0.50242182
0.35055483
0.43897996
0.52114291
0.34461701
0.43176726
0.51289327
0.32202007
0.40454392
0.48209907
0.30008244
0.37797121
0.45184539
0.26643124
0.28003783
0.29148121
0.25134031
0.26287626
0.27251983
0.23651425
0.24612485
0.25411168
0.28518538
0.35990592
0.43125656
0.27699329
0.3500401
0.42011781
0.26709061
0.33807137
0.4065422
0.34952621
0.43759077
0.51934883
0.32614005
0.40945418
0.48757248
0.30348081
0.38203968
0.45640473
0.35640517
0.44573542
0.52835597
0.33189929
0.41630644
0.4951941
0.30822029
0.38770503
0.46274118
0.35994532
0.44991991
0.53297384
0.33485691
0.41982009
0.4990948
0.31064922
0.39060457
0.46597858
0.2803254
0.35386852
0.42416185
0.25905747
0.32785331
0.39419117
0.23842064
0.30248055
0.36477819
0.28408876
0.35838828
0.42924546
0.26198281
0.33138156
0.39817989
0.24058619
0.30510302
0.36775746
0.28601342
0.360697
0.43183817
0.26347602
0.33318059
0.40021085
0.24168952
0.30643786
0.36927198
0.35994532
0.44991991
0.53297384
0.33485691
0.41982009
0.4990948
0.31064922
0.39060457
0.46597858
0.35640517
0.44573542
0.52835597
0.33189929
0.41630644
0.4951941
0.30822029
0.38770503
0.46274118
0.34952621
0.43759077
0.51934883
0.32614005
0.40945418
0.48757248
0.30348081
0.38203968
0.45640473
0.33887239
0.42494101
0.50530977
0.31718848
0.39877664
0.47565774
0.29608868
0.3731833
0.44647023
0.32585251
0.40942271
0.48800416
0.30619588
0.38561928
0.46091144
0.28696825
0.36222233
0.43412588
0.31034083
0.3908489
0.46717045
0.29302279
0.36978595
0.44307148
0.27597604
0.3489618
0.41911909
0.683794
0.64543687
0.60006164
0.67542038
0.63835733
0.59446589
0.6591519
0.62458064
0.5835531
0.6318081
0.59943071
0.56087659
0.62477749
0.59346429
0.55614224
0.61108928
0.5818312
0.54689324
0.58164718
0.55477613
0.52257383
0.57584339
0.54983367
0.51863789
0.56452061
0.54017886
0.51093552
0.63396282
0.60319131
0.56654839
0.60319131
0.57696496
0.54559501
0.56654839
0.54559501
0.52038189
0.58981969
0.56371075
0.53243852
0.56371075
0.54139366
0.51455559
0.53243852
0.51455559
0.49293162
0.54686566
0.52509184
0.49886301
0.52509184
0.50642978
0.48386809
0.49886301
0.48386809
0.46564831
0.33887239
0.42494101
0.50530977
0.32585251
0.40942271
0.48800416
0.31034083
0.3908489
0.46717045
0.31718848
0.39877664
0.47565774
0.30619588
0.38561928
0.46091144
0.29302279
0.36978595
0.44307148
0.29608868
0.3731833
0.44647023
0.28696825
0.36222233
0.43412588
0.27597604
0.3489618
0.41911909
0.50518149
0.4330127
-0.26592163
-0.22368927
-0.18319635
2.9273459e-18
5.0957502e-18
-1.3010426e-18
0.26592163
0.22368927
0.57019239
0.47240707
0.57019239
0.47240707
-0.30722904
-0.24775119
-0.19368993
1.8566962e-18
-2.1900884e-17
5.3125906e-18
0.30722904
0.24775119
-6.7762636e-19
0.30722904
8.4432244e-18
0.24775119
0.68827279
0.54236453
-0.27450123
-0.28926139
-0.30171525
-0.25850013
-0.24458109
-0.23085435
-0.22879749
-0.23744835
-0.24461567
-0.2965368
-0.2767634
-0.25761269
1.7997756e-17
2.9070171e-17
-2.2141653e-17
2.602297e-18
3.9166803e-18
-1.6805134e-18
-5.0957502e-18
-1.4589295e-17
8.266618e-18
-3.9648196e-17
-2.1848368e-17
-5.631075e-18
-0.25627281
-0.15665737
-0.054417567
-0.22122909
-0.13473355
-0.046712443
-0.18570841
-0.11277388
-0.03904111
-0.20603062
-0.12540839
-0.043467228
-0.21657604
-0.20323217
-0.19006884
-0.1854698
-0.18926312
-0.19235298
-0.23805083
-0.22009081
-0.20267041
-4.3389263e-19
-1.3552527e-20
3.5778672e-18
-7.2641546e-18
8.5245396e-18
-5.4836913e-18
-5.9978403e-18
7.2810952e-18
5.014435e-18
-0.15180621
-0.091947467
-0.031789198
-0.16063405
-0.097405832
-0.033696021
0.27450123
0.28926139
0.30171525
0.25850013
0.24458109
0.23085435
0.22879749
0.23744835
0.24461567
0.2965368
0.2767634
0.25761269
0.054417567
0.15665737
0.25627281
0.046712443
0.13473355
0.22122909
0.03904111
0.11277388
0.18570841
0.043467228
0.12540839
0.20603062
0.51895855
0.54232058
0.56170451
0.49271987
0.46909709
0.44547431
0.44150297
0.45572427
0.46735889
0.55300856
0.52078024
0.48899717
0.52936069
0.44639856
0.35681328
0.46672901
0.39031051
0.30979848
0.39845788
0.33097257
0.26123552
0.43609876
0.3642077
0.28876571
1.0462551e-17
2.5682039e-18
5.1804535e-18
0.27450123
0.28926139
0.30171525
0.054417567
0.15665737
0.25627281
4.4452289e-18
4.8246997e-18
7.7246228e-18
0.22879749
0.23744835
0.24461567
0.043467228
0.12540839
0.20603062
7.3723498e-18
1.2384469e-17
8.9446679e-18
0.2965368
0.2767634
0.25761269
0.51895855
0.54232058
0.56170451
0.52936069
0.44639856
0.35681328
0.44150297
0.45572427
0.46735889
0.43609876
0.3642077
0.28876571
0.55300856
0.52078024
0.48899717
0.59470673
0.6368947
0.67250374
0.59470673
0.6368947
0.67250374
0.48725134
0.51239955
0.5332435
0.48725134
0.51239955
0.5332435
0.66204309
0.61353593
0.56655631
-0.25411168
-0.24612485
-0.23651425
-0.27251983
-0.26287626
-0.25134031
-0.29148121
-0.28003783
-0.26643124
-0.2515843
-0.24100674
-0.22849233
-0.15371483
-0.14708688
-0.13926427
-0.05338174
-0.051050476
-0.048302401
-0.21497499
-0.20325928
-0.1917231
-0.13085675
-0.12360635
-0.11648226
-0.045356276
-0.042822107
-0.040334793
-0.19001621
-0.19731955
-0.20337802
-0.11544658
-0.11998457
-0.12375551
-0.03997644
-0.041565734
-0.042887532
-0.21433924
-0.23049878
-0.24721777
-0.13055732
-0.14059278
-0.1510053
-0.045268158
-0.048782057
-0.052433323
-1.0660835e-18
1.3774523e-17
-9.9656073e-18
-1.4811211e-17
-1.8287441e-18
2.4868887e-18
-5.2981911e-19
3.3610267e-18
-3.6917084e-17
-0.20105879
-0.19734097
-0.19278971
-0.21791895
-0.2129265
-0.20684838
-0.23526359
-0.22887988
-0.22115153
-0.17974195
-0.16856199
-0.15754944
-0.10909928
-0.10222457
-0.095466518
-0.037759923
-0.035364906
-0.033012953
-0.15371676
-0.15690705
-0.15950801
-0.093127102
-0.095098959
-0.09670848
-0.032200999
-0.032889719
-0.033452217
-0.16815746
-0.18277153
-0.19786612
-0.10203144
-0.11103377
-0.12035597
-0.035307387
-0.038446466
-0.041701345
3.2695443e-17
-2.9553866e-17
4.6777395e-18
-2.2739645e-17
6.3468179e-18
1.9237812e-17
-1.9229765e-18
-5.475221e-18
1.8431437e-18
0.05338174
0.051050476
0.048302401
0.15371483
0.14708688
0.13926427
0.2515843
0.24100674
0.22849233
0.045356276
0.042822107
0.040334793
0.13085675
0.12360635
0.11648226
0.21497499
0.20325928
0.1917231
0.03997644
0.041565734
0.042887532
0.11544658
0.11998457
0.12375551
0.19001621
0.19731955
0.20337802
0.045268158
0.048782057
0.052433323
0.13055732
0.14059278
0.1510053
0.21433924
0.23049878
0.24721777
0.29148121
0.28003783
0.26643124
0.27251983
0.26287626
0.25134031
0.25411168
0.24612485
0.23651425
0.35055483
0.33639963
0.31958805
0.43897996
0.422147
0.40205775
0.52114291
0.50242182
0.47994278
0.30128386
0.28529244
0.26949349
0.37996074
0.36046079
0.34111577
0.45489614
0.43251607
0.41020232
0.26709061
0.27699329
0.28518538
0.33807137
0.3500401
0.35990592
0.4065422
0.42011781
0.43125656
0.30008244
0.32202007
0.34461701
0.37797121
0.40454392
0.43176726
0.45184539
0.48209907
0.51289327
0.54516274
0.52721639
0.50553381
0.51409544
0.49875865
0.48014297
0.48340205
0.470527
0.45482738
0.2515843
0.24100674
0.22849233
0.15371483
0.14708688
0.13926427
0.05338174
0.051050476
0.048302401
5.4873047e-18
1.3850617e-17
-4.3373381e-19
2.7257653e-18
1.2183722e-17
4.8043709e-18
1.8010038e-17
1.2231156e-18
4.7975946e-18
0.26643124
0.28003783
0.29148121
0.25134031
0.26287626
0.27251983
0.23651425
0.24612485
0.25411168
0.24721777
0.1510053
0.052433323
0.23049878
0.14059278
0.048782057
0.21433924
0.13055732
0.045268158
0.042887532
0.041565734
0.03997644
0.12375551
0.11998457
0.11544658
0.20337802
0.19731955
0.19001621
0.52114291
0.50242182
0.47994278
0.43897996
0.422147
0.40205775
0.35055483
0.33639963
0.31958805
0.50553381
0.52721639
0.54516274
0.48014297
0.49875865
0.51409544
0.45482738
0.470527
0.48340205
0.51289327
0.43176726
0.34461701
0.48209907
0.40454392
0.32202007
0.45184539
0.37797121
0.30008244
0.28518538
0.27699329
0.26709061
0.35990592
0.3500401
0.33807137
0.43125656
0.42011781
0.4065422
0.58476185
0.56211294
0.5349304
0.62437531
0.59597986
0.56211294
0.65774542
0.62437531
0.58476185
0.64754393
0.61473255
0.57573314
0.60129899
0.57349714
0.5402524
0.55640335
0.53324724
0.50539442
0.57573314
0.61473255
0.64754393
0.5402524
0.57349714
0.60129899
0.50539442
0.53324724
0.55640335
0.52466922
0.50505703
0.48136214
0.50505703
0.48822494
0.46781941
0.48136214
0.46781941
0.45132243
-0.2429229
-0.23321203
-0.22168459
-0.22689992
-0.21872942
-0.20897014
-0.21137498
-0.20461849
-0.1964992
-0.14831336
-0.14223591
-0.13503806
-0.1383425
-0.13324053
-0.12715888
-0.12870808
-0.1244981
-0.11944814
-0.051486356
-0.049350069
-0.04682288
-0.047991438
-0.046200108
-0.044067015
-0.044619209
-0.043142689
-0.041373201
-0.19551008
-0.19011809
-0.18359808
-0.18093839
-0.17672741
-0.17160611
-0.1667991
-0.16366742
-0.1598373
-0.11888954
-0.11553701
-0.11148964
-0.10989516
-0.10728203
-0.10410854
-0.10118939
-0.099249616
-0.096880245
-0.041187341
-0.040012847
-0.038596074
-0.038047789
-0.037133242
-0.036023374
-0.035012842
-0.034334602
-0.033506675
0.051486356
0.049350069
0.04682288
0.047991438
0.046200108
0.044067015
0.044619209
0.043142689
0.041373201
0.14831336
0.14223591
0.13503806
0.1383425
0.13324053
0.12715888
0.12870808
0.1244981
0.11944814
0.2429229
0.23321203
0.22168459
0.22689992
0.21872942
0.20897014
0.21137498
0.20461849
0.1964992
0.33887239
0.32585251
0.31034083
0.31718848
0.30619588
0.29302279
0.29608868
0.28696825
0.27597604
0.42494101
0.40942271
0.3908489
0.39877664
0.38561928
0.36978595
0.3731833
0.36222233
0.3489618
0.50530977
0.48800416
0.46717045
0.47565774
0.46091144
0.44307148
0.44647023
0.43412588
0.41911909
0.051486356
0.049350069
0.04682288
0.14831336
0.14223591
0.13503806
0.2429229
0.23321203
0.22168459
0.047991438
0.046200108
0.044067015
0.1383425
0.13324053
0.12715888
0.22689992
0.21872942
0.20897014
0.044619209
0.043142689
0.041373201
0.12870808
0.1244981
0.11944814
0.21137498
0.20461849
0.1964992
0.33887239
0.32585251
0.31034083
0.42494101
0.40942271
0.3908489
0.50530977
0.48800416
0.46717045
0.31718848
0.30619588
0.29302279
0.39877664
0.38561928
0.36978595
0.47565774
0.46091144
0.44307148
0.29608868
0.28696825
0.27597604
0.3731833
0.36222233
0.3489618
0.44647023
0.43412588
0.41911909
0.63396282
0.60319131
0.56654839
0.60319131
0.57696496
0.54559501
0.56654839
0.54559501
0.52038189
0.58981969
0.56371075
0.53243852
0.56371075
0.54139366
0.51455559
0.53243852
0.51455559
0.49293162
0.54686566
0.52509184
0.49886301
0.52509184
0.50642978
0.48386809
0.49886301
0.48386809
0.46564831
