MFEM mesh v1.0

#
# MFEM Geometry Types (see mesh/geom.hpp):
#
# POINT       = 0
# SEGMENT     = 1
# TRIANGLE    = 2
# SQUARE      = 3
# TETRAHEDRON = 4
# CUBE        = 5
#

dimension
3

elements
8
1 5 18 5 6 19 7 2 3 8
1 5 20 21 23 22 25 26 28 27
1 5 22 23 11 10 27 28 14 13
1 5 23 24 12 11 28 29 15 14
1 5 25 26 28 27 30 31 33 32
1 5 27 28 14 13 32 33 17 16
1 5 9 32 16 4 1 7 2 0
1 5 32 33 17 16 7 8 3 2

boundary
32
50 3 19 6 5 18
50 3 18 5 2 7
50 3 1 7 2 0
50 3 19 18 7 8
50 3 5 6 3 2
50 3 6 19 8 3
50 3 4 9 1 0
50 3 11 10 13 14
50 3 12 11 14 15
50 3 14 13 16 17
50 3 16 4 0 2
50 3 17 16 2 3
50 3 22 23 21 20
50 3 10 11 23 22
50 3 11 12 24 23
50 3 20 21 26 25
50 3 22 20 25 27
50 3 21 23 28 26
50 3 23 24 29 28
50 3 10 22 27 13
50 3 24 12 15 29
50 3 28 29 15 14
50 3 25 26 31 30
50 3 27 25 30 32
50 3 26 28 33 31
50 3 30 31 33 32
50 3 13 27 32 16
50 3 4 16 32 9
50 3 28 14 17 33
50 3 9 32 7 1
50 3 32 33 8 7
50 3 33 17 3 8

vertices
34

nodes
FiniteElementSpace
FiniteElementCollection: H1_3D_P4
VDim: 3
Ordering: 0

0.25513258
0.13464912
0.1716001
0.11108439
0.34303776
0.1716001
0.11108439
0.11052157
0.093042196
0.17834803
0.46713824
0.14916884
0.46713824
0.34802459
0.13575486
0.34802459
0.24764874
0.12307986
0.11052157
0.093042196
6.0986372e-18
-6.9117888e-18
0.27788281
0.11530805
0.27788281
-7.3251409e-18
1.9380114e-18
0.20621024
0.10703716
0.20621024
-4.8246997e-18
3.3203692e-18
0.14907545
0.099661134
0.16105348
0.14106084
0.1210682
0.1551505
0.12865254
0.11327701
0.10796899
0.10206329
0.096157599
0.10577027
0.098116585
0.093675514
0.16105348
0.14106084
0.1210682
0.1551505
0.12865254
0.11327701
0.10796899
0.10206329
0.096157599
0.10577027
0.098116585
0.093675514
0.11052157
0.11052157
0.11052157
0.1716001
0.1716001
0.1716001
0.11108439
0.11108439
0.11108439
0.093042196
0.093042196
0.093042196
1.6147882e-17
-5.6797794e-18
7.8503014e-18
0.05729151
0.095601736
0.10865563
0.25872499
0.19385641
0.12713903
0.054417567
0.14850358
0.23496041
5.7492825e-18
4.3939834e-18
4.5028271e-18
0.045051695
0.091240412
0.1016584
0.18875734
0.14653832
0.11253141
0.043467228
0.11586371
0.17599419
-9.0196204e-18
-5.91229e-19
-1.8465318e-19
1.470434e-17
4.6730808e-18
4.2724342e-18
0.11380896
0.11105087
0.10839707
0.26475786
0.24063644
0.21772426
0.14398064
0.13334871
0.12175986
0.41575527
0.28210809
0.16802253
0.44334945
0.38719222
0.31840355
0.13115031
0.12198608
0.11231417
0.30505112
0.21332047
0.14620981
0.32848659
0.28530396
0.23507761
0.14679702
0.1423655
0.13801655
0.4455633
0.40570709
0.36745852
0.12713903
0.19385641
0.25872499
0.44334945
0.38719222
0.31840355
0.16802253
0.28210809
0.41575527
0.11253141
0.14653832
0.18875734
0.32848659
0.28530396
0.23507761
0.14620981
0.21332047
0.30505112
0.26475786
0.24063644
0.21772426
0.4455633
0.40570709
0.36745852
8.0513129e-18
-5.2261933e-19
-6.2612675e-18
0.034353612
0.087410742
0.095458421
0.13783887
0.11628531
0.1018375
0.033696021
0.092675488
0.12994856
1.0568854e-18
-7.250602e-19
4.4079595e-18
6.7893529e-18
-1.8965068e-18
1.5111068e-18
0.10570384
0.10324662
0.10087724
0.19513688
0.17546488
0.15766595
0.11917393
0.11159766
0.1038263
0.21783141
0.16337745
0.12828767
0.23247936
0.20140429
0.16771491
0.13351519
0.12932886
0.12521837
0.32915491
0.29506258
0.26335265
0.17769033
0.17197081
0.15890374
0.33738183
0.31496836
0.27499429
0.31581277
0.26263594
0.20779901
0.13157777
0.12425001
0.11541517
0.24449919
0.2191296
0.18854233
0.23432832
0.19489085
0.15545338
0.14194135
0.15617383
0.1706731
0.11583168
0.12741862
0.14105251
0.18287465
0.20638728
0.2326811
0.27040172
0.29938498
0.32809582
0.094136148
0.096264506
0.098467542
0.11310954
0.11700064
0.12096158
0.097060167
0.10347626
0.10989236
0.10338932
0.11338456
0.1233798
0.11429691
0.13046038
0.14662386
0.1210682
0.14106084
0.16105348
0.1210682
0.14106084
0.16105348
0.1210682
0.14106084
0.16105348
0.1551505
0.12865254
0.11327701
0.1551505
0.12865254
0.11327701
0.1551505
0.12865254
0.11327701
0.10796899
0.10206329
0.096157599
0.10796899
0.10206329
0.096157599
0.10796899
0.10206329
0.096157599
0.093675514
0.098116585
0.10577027
0.093675514
0.098116585
0.10577027
0.093675514
0.098116585
0.10577027
0.11429691
0.13046038
0.14662386
0.10338932
0.11338456
0.1233798
0.097060167
0.10347626
0.10989236
0.22088822
0.17093481
0.11811508
0.14355592
0.12305012
0.099846052
0.05530629
0.056557115
0.05720335
-2.4264292e-18
2.2796713e-18
-3.523078e-18
-3.7600144e-18
6.1134338e-18
9.0081954e-19
5.4685671e-18
5.1141732e-18
-2.3344228e-18
0.055053577
0.094805918
0.10738383
0.050958781
0.09334793
0.10504805
0.047046277
0.091952597
0.10280561
0.12425746
0.18425015
0.24541192
0.11923549
0.1677501
0.22152322
0.1147265
0.15334878
0.19954078
0.22409873
0.14232305
0.052433323
0.20420303
0.13118102
0.048782057
0.18540025
0.12089967
0.045268158
0.043960928
0.044650111
0.045003606
0.11210729
0.10173447
0.09273065
0.16324974
0.13168573
0.10585522
0.39757022
0.27279779
0.16246278
0.35222998
0.24822498
0.1501782
0.293956
0.21478379
0.13564647
0.12005344
0.13131119
0.14170024
0.11690743
0.12753725
0.13745313
0.11387244
0.12387484
0.13330229
0.1639286
0.26874169
0.39511191
0.15655993
0.24515021
0.35766695
0.1496677
0.22375756
0.32257099
0.422519
0.36867256
0.30319986
0.3840552
0.33450529
0.27520271
0.34718923
0.30183278
0.24852438
0.2129586
0.16056377
0.11899318
0.2545423
0.18449365
0.13055504
0.28954314
0.20448174
0.14109502
0.16246278
0.27279779
0.39757022
0.1501782
0.24822498
0.35222998
0.13564647
0.21478379
0.293956
0.12425746
0.18425015
0.24541192
0.11923549
0.1677501
0.22152322
0.1147265
0.15334878
0.19954078
0.30319986
0.36867256
0.422519
0.27520271
0.33450529
0.3840552
0.24852438
0.30183278
0.34718923
0.39511191
0.26874169
0.1639286
0.35766695
0.24515021
0.15655993
0.32257099
0.22375756
0.1496677
0.11899318
0.16056377
0.2129586
0.13055504
0.18449365
0.2545423
0.14109502
0.20448174
0.28954314
3.616787e-18
8.8595998e-18
1.2936575e-18
1.1338725e-17
-7.2580136e-19
-6.1621647e-19
4.9440585e-18
4.2432115e-18
-2.7105054e-20
0.04310288
0.090544014
0.10053487
0.039528735
0.089265387
0.098467516
0.036103573
0.088038323
0.09647803
0.11045134
0.14023718
0.17855303
0.10679493
0.12959612
0.16082577
0.10347168
0.12051099
0.1452235
0.16698022
0.11111555
0.041701345
0.15105961
0.10294779
0.038446466
0.13678343
0.095917373
0.035307387
0.033902291
0.034188151
0.034333841
0.091675206
0.089384819
0.087676918
0.12220398
0.10716565
0.096995275
0.11078437
0.12012632
0.12902376
0.10795985
0.1166781
0.1250608
0.1052299
0.11332737
0.12118466
0.14286736
0.20344669
0.28823946
0.13682866
0.18621119
0.25835813
0.13114976
0.17080854
0.23112403
0.31035255
0.26931883
0.22211423
0.27767324
0.24064713
0.19899118
0.24740762
0.21430199
0.17793611
0.15304799
0.12517098
0.10661445
0.18045116
0.14123733
0.11545383
0.20560453
0.15609348
0.12395673
0.31126327
0.29213737
0.25692795
0.25987698
0.24648576
0.22018638
0.20648881
0.19824967
0.18066532
0.16939127
0.16287817
0.15010081
0.15391807
0.14649049
0.13484977
0.13905095
0.13149469
0.12158713
0.1581257
0.18922319
0.21829644
0.14171003
0.16814256
0.19351108
0.12760043
0.14971842
0.17152321
0.25836669
0.29745563
0.32123926
0.22870373
0.26518086
0.29059578
0.20167447
0.23450713
0.26023594
0.30193436
0.25102274
0.19871084
0.27529107
0.2288
0.18143594
0.24844274
0.20653012
0.16431058
0.15107627
0.14063317
0.12804227
0.18803848
0.17168981
0.15197875
0.2250007
0.20274644
0.17591523
0.13102558
0.11241839
0.10027769
0.11962466
0.1059856
0.097505846
0.1100959
0.10059342
0.094948372
0.10244706
0.10989337
0.11718617
0.099897148
0.10673044
0.11347976
0.097428468
0.10365323
0.10985194
0.12551192
0.15640052
0.20527887
0.1204715
0.14435093
0.18349392
0.11569729
0.13372767
0.164282
0.11429691
0.13046038
0.14662386
0.10338932
0.11338456
0.1233798
0.097060167
0.10347626
0.10989236
0.11429691
0.13046038
0.14662386
0.10338932
0.11338456
0.1233798
0.097060167
0.10347626
0.10989236
0.11429691
0.13046038
0.14662386
0.10338932
0.11338456
0.1233798
0.097060167
0.10347626
0.10989236
0.053244717
0.054385005
0.054973355
0.13737156
0.11858421
0.098421506
0.20985288
0.16290547
0.11568245
0.049457816
0.050404895
0.050892374
0.12648701
0.11106298
0.095963544
0.19012164
0.1491797
0.11145935
0.045821512
0.046595007
0.046992216
0.11675851
0.10468155
0.093783219
0.17206431
0.13728104
0.10768589
0.27861175
0.20385263
0.13238334
0.33383997
0.23554576
0.14639046
0.37735415
0.25940645
0.15841083
0.25101091
0.18499534
0.12667119
0.30064912
0.21349163
0.1396947
0.34075392
0.23589853
0.15116558
0.22551234
0.16843504
0.12151398
0.26980947
0.19389674
0.13357407
0.30656035
0.21474138
0.14444554
0.13238334
0.20385263
0.27861175
0.14639046
0.23554576
0.33383997
0.15841083
0.25940645
0.37735415
0.12667119
0.18499534
0.25101091
0.1396947
0.21349163
0.30064912
0.15116558
0.23589853
0.34075392
0.12151398
0.16843504
0.22551234
0.13357407
0.19389674
0.26980947
0.14444554
0.21474138
0.30656035
0.042138575
0.042748127
0.043060415
0.10779164
0.099054421
0.091738398
0.15494008
0.12652981
0.10412432
0.038784849
0.039255456
0.039496047
0.1005275
0.094645569
0.090005676
0.14059171
0.11787562
0.10109068
0.035556856
0.035902999
0.036079598
0.094435704
0.091019644
0.08844228
0.12807871
0.11054957
0.098343135
0.20104523
0.15325459
0.11659821
0.2399899
0.17570216
0.12766954
0.2732535
0.19481766
0.13786978
0.18025314
0.14084386
0.11237328
0.21440707
0.16062174
0.12253744
0.24441494
0.17805584
0.13207652
0.16182451
0.13016731
0.10851668
0.1914786
0.14746458
0.11780503
0.21828922
0.16320732
0.12666803
0.1966324
0.18740246
0.17014284
0.24726666
0.23261151
0.20677876
0.29623155
0.2757256
0.24123005
0.17813882
0.16772155
0.15178214
0.22344106
0.20723605
0.18315253
0.26772972
0.24555041
0.21334259
0.16018757
0.14951755
0.13563481
0.2000467
0.18344932
0.16204679
0.23956053
0.21699688
0.18810215
0.14491246
0.12057913
0.10479534
0.17015271
0.13546864
0.11319481
0.19367337
0.14944703
0.12133644
0.13119799
0.11289223
0.10155453
0.15258766
0.12569918
0.10914498
0.17309429
0.13805005
0.11660123
0.11960861
0.10639394
0.098555628
0.13748556
0.11731053
0.10536906
0.15510813
0.12809846
0.11214285
-0.28867513
-0.28867513
-0.14433757
0
-0.36084392
-0.14433757
1.0842022e-18
-0.14433757
1.0842022e-18
-0.37864925
-0.26592163
2.9273459e-18
0.26592163
-0.22368927
5.0957502e-18
0.22368927
-0.18319635
-1.3010426e-18
-0.14433757
-1.5449881e-18
-0.3224644
-7.3725748e-18
-0.30722904
-1.1519648e-18
0.30722904
-0.25629728
-5.5429836e-18
-0.24775119
-3.496552e-18
0.24775119
-0.19728907
-1.8295912e-18
-0.19368993
-1.2739376e-18
-0.14433757
-0.14433757
-0.14433757
-0.11941434
-0.072168784
-0.024923225
-2.1684043e-18
-1.9109063e-18
-6.1831288e-18
-0.11941434
-0.072168784
-0.024923225
-0.14433757
-0.14433757
-0.14433757
-0.11941434
-0.072168784
-0.024923225
-1.7347235e-18
-1.6263033e-18
2.1667103e-18
-0.11941434
-0.072168784
-0.024923225
-0.14433757
-0.14433757
-0.14433757
-0.14433757
-0.14433757
-0.14433757
-1.7347235e-18
-1.6263033e-18
2.1667103e-18
1.9515639e-18
3.1035287e-18
1.0285098e-18
-0.26924508
-0.16481389
-0.05729151
-6.1663999e-18
1.0842022e-19
2.2971534e-18
-0.25627281
-0.15665737
-0.054417567
-0.32199842
-0.31857997
-0.31195018
-0.21326717
-0.1299233
-0.045051695
-5.4345502e-18
-3.5575384e-19
-4.7772658e-18
-0.20603062
-0.12540839
-0.043467228
-0.25603842
-0.25413461
-0.25041783
-0.31047167
-0.28840695
-0.26717658
-7.4945409e-18
-6.8770605e-18
-7.7351049e-18
-1.5720799e-18
-1.3069718e-18
-2.0532079e-18
-0.2965368
-0.2767634
-0.25761269
3.0357661e-18
2.9951085e-18
2.9544509e-18
-0.22122909
-0.13473355
-0.046712443
-0.27450123
-0.28926139
-0.30171525
1.1384123e-18
1.2468325e-18
-1.0027811e-18
-0.18570841
-0.11277388
-0.03904111
-0.22879749
-0.23744835
-0.24461567
2.602297e-18
3.9166803e-18
-1.6805134e-18
-0.25850013
-0.24458109
-0.23085435
0.054417567
0.15665737
0.25627281
0.27450123
0.28926139
0.30171525
0.046712443
0.13473355
0.22122909
0.043467228
0.12540839
0.20603062
0.22879749
0.23744835
0.24461567
0.03904111
0.11277388
0.18570841
0.2965368
0.2767634
0.25761269
0.25850013
0.24458109
0.23085435
-0.16366737
-0.099285939
-0.034353612
-2.0329055e-18
-4.2758223e-18
-2.1955094e-18
-0.16063405
-0.097405832
-0.033696021
-0.19718101
-0.19638441
-0.19481997
-0.24563076
-0.22597295
-0.20701788
-6.7623802e-18
-4.0513586e-18
-2.7172817e-18
-4.7430404e-18
-3.2797116e-18
-2.8866883e-18
-0.23805083
-0.22009081
-0.20267041
2.0599841e-18
-9.8933448e-19
-5.9631119e-19
-0.15180621
-0.091947467
-0.031789198
-0.1854698
-0.18926312
-0.19235298
-4.3389263e-19
-1.3552527e-20
3.5778672e-18
-0.21657604
-0.20323217
-0.19006884
-0.34768534
-0.28777162
-0.22648244
-0.3308016
-0.27305464
-0.21442052
-0.36474496
-0.3712003
-0.37640913
-0.26375191
-0.21650635
-0.16926079
-0.26375191
-0.21650635
-0.16926079
-0.28867513
-0.28867513
-0.28867513
-0.30395098
-0.33320369
-0.36284937
-0.15255002
-0.16846444
-0.18484957
-0.15093503
-0.16356894
-0.17637257
-0.30113675
-0.32475953
-0.34838231
7.5894152e-19
-1.7618285e-18
-8.1336339e-19
-2.6020852e-18
-1.8431437e-18
1.3027367e-18
-0.024923225
-0.024923225
-0.024923225
-0.072168784
-0.072168784
-0.072168784
-0.11941434
-0.11941434
-0.11941434
-0.14433757
-0.14433757
-0.14433757
-0.14433757
-0.14433757
-0.14433757
-0.14433757
-0.14433757
-0.14433757
-0.11941434
-0.072168784
-0.024923225
-0.11941434
-0.072168784
-0.024923225
-0.11941434
-0.072168784
-0.024923225
-3.8946575e-18
2.7298813e-18
-4.2502343e-18
3.3610267e-18
2.392021e-18
-9.5058273e-19
4.3368087e-19
-7.5894152e-19
2.647825e-18
-0.024923225
-0.072168784
-0.11941434
-0.024923225
-0.072168784
-0.11941434
-0.024923225
-0.072168784
-0.11941434
-0.11941434
-0.11941434
-0.11941434
-0.072168784
-0.072168784
-0.072168784
-0.024923225
-0.024923225
-0.024923225
-0.26028995
-0.15918085
-0.05530629
-0.26593524
-0.16273068
-0.056557115
-0.26884793
-0.16456385
-0.05720335
-0.25907068
-0.15844734
-0.055053577
-0.24038436
-0.14678344
-0.050958781
-0.22244486
-0.13562078
-0.047046277
-5.9904816e-18
-1.0251431e-18
1.4499748e-18
-7.6902146e-18
-6.0696793e-18
-2.1633221e-18
-9.3309149e-18
-9.1225448e-18
-2.0803129e-18
-0.052433323
-0.1510053
-0.24721777
-0.048782057
-0.14059278
-0.23049878
-0.045268158
-0.13055732
-0.21433924
-0.30086034
-0.30692361
-0.31004621
-0.28038435
-0.28544967
-0.2880526
-0.26059351
-0.26475334
-0.26688643
-0.21304783
-0.12978633
-0.045003606
-0.21143496
-0.12877939
-0.044650111
-0.20828759
-0.12681563
-0.043960928
-0.22849233
-0.13926427
-0.048302401
-0.24100674
-0.14708688
-0.051050476
-0.2515843
-0.15371483
-0.05338174
-4.4451232e-18
6.3155438e-18
-5.4199521e-19
1.0332478e-19
-2.596156e-18
4.5739779e-19
-8.8086133e-19
8.4703295e-20
9.7578196e-19
-0.045356276
-0.13085675
-0.21497499
-0.042822107
-0.12360635
-0.20325928
-0.040334793
-0.11648226
-0.1917231
-0.26643124
-0.28003783
-0.29148121
-0.25134031
-0.26287626
-0.27251983
-0.23651425
-0.24612485
-0.25411168
-0.20337802
-0.12375551
-0.042887532
-0.19731955
-0.11998457
-0.041565734
-0.19001621
-0.11544658
-0.03997644
0.048302401
0.13926427
0.22849233
0.051050476
0.14708688
0.24100674
0.05338174
0.15371483
0.2515843
0.052433323
0.1510053
0.24721777
0.048782057
0.14059278
0.23049878
0.045268158
0.13055732
0.21433924
0.29148121
0.28003783
0.26643124
0.27251983
0.26287626
0.25134031
0.25411168
0.24612485
0.23651425
0.21497499
0.13085675
0.045356276
0.20325928
0.12360635
0.042822107
0.1917231
0.11648226
0.040334793
0.042887532
0.12375551
0.20337802
0.041565734
0.11998457
0.19731955
0.03997644
0.11544658
0.19001621
-0.20427898
-0.12435211
-0.04310288
-0.18774013
-0.1141231
-0.039528735
-0.17182424
-0.10430658
-0.036103573
-4.2823074e-18
-8.4499031e-18
-7.8575541e-19
-7.548756e-18
-2.8357604e-18
-2.2963063e-18
-6.871118e-18
-1.9769749e-18
-2.3852448e-18
-0.041701345
-0.12035597
-0.19786612
-0.038446466
-0.11103377
-0.18277153
-0.035307387
-0.10203144
-0.16815746
-0.24041864
-0.24371491
-0.24540153
-0.22193207
-0.22448956
-0.22579558
-0.204034
-0.2059239
-0.20688716
-0.16357625
-0.099229429
-0.034333841
-0.16290466
-0.09881298
-0.034188151
-0.16158613
-0.097995698
-0.033902291
4.3399851e-19
1.7210518e-18
1.7347235e-18
-1.6364809e-18
2.2014386e-18
1.9718927e-18
-5.1510191e-19
2.4530074e-18
4.0657581e-18
-0.037759923
-0.10909928
-0.17974195
-0.035364906
-0.10222457
-0.16856199
-0.033012953
-0.095466518
-0.15754944
-0.22115153
-0.22887988
-0.23526359
-0.20684838
-0.2129265
-0.21791895
-0.19278971
-0.19734097
-0.20105879
-0.15950801
-0.09670848
-0.033452217
-0.15690705
-0.095098959
-0.032889719
-0.15371676
-0.093127102
-0.032200999
-0.33449086
-0.27625716
-0.21703712
-0.34060781
-0.28158332
-0.22139884
-0.34555474
-0.28590578
-0.22494787
-0.332882
-0.27511175
-0.21625808
-0.30518018
-0.25152599
-0.19727828
-0.27793984
-0.22846557
-0.17880693
-0.18377359
-0.18128235
-0.17821531
-0.1678474
-0.16641391
-0.16463982
-0.15234785
-0.15187665
-0.15129047
-0.2065069
-0.26319381
-0.31918082
-0.19163929
-0.24461235
-0.29720144
-0.17694426
-0.22617501
-0.27528662
-0.35156084
-0.35680964
-0.36103496
-0.3266246
-0.32969232
-0.33215092
-0.3017616
-0.30278533
-0.30360219
-0.26375191
-0.21650635
-0.16926079
-0.26375191
-0.21650635
-0.16926079
-0.26375191
-0.21650635
-0.16926079
-0.1532349
-0.092862461
-0.032114341
-0.13953897
-0.084467873
-0.029194637
-0.12625881
-0.076346986
-0.026373453
1.0842022e-19
2.4387137e-18
3.2534536e-18
0
-1.3688052e-18
3.469447e-18
1.7355705e-18
3.9573379e-18
8.6736174e-19
-0.030576941
-0.088459636
-0.14610799
-0.02830992
-0.081932164
-0.13542786
-0.026082573
-0.075512649
-0.12490408
-0.11941434
-0.11941434
-0.11941434
-0.072168784
-0.072168784
-0.072168784
-0.024923225
-0.024923225
-0.024923225
-0.11941434
-0.11941434
-0.11941434
-0.072168784
-0.072168784
-0.072168784
-0.024923225
-0.024923225
-0.024923225
-0.11941434
-0.11941434
-0.11941434
-0.072168784
-0.072168784
-0.072168784
-0.024923225
-0.024923225
-0.024923225
-0.25870846
-0.15821964
-0.054973355
-0.25605065
-0.15654938
-0.054385005
-0.25089302
-0.15331085
-0.053244717
-0.24008327
-0.14659468
-0.050892374
-0.23787206
-0.14520884
-0.050404895
-0.23357131
-0.14251541
-0.049457816
-0.22219877
-0.1354669
-0.046992216
-0.22039
-0.13433619
-0.046595007
-0.2168643
-0.13213362
-0.045821512
-0.2429229
-0.14831336
-0.051486356
-0.23321203
-0.14223591
-0.049350069
-0.22168459
-0.13503806
-0.04682288
-0.22689992
-0.1383425
-0.047991438
-0.21872942
-0.13324053
-0.046200108
-0.20897014
-0.12715888
-0.044067015
-0.21137498
-0.12870808
-0.044619209
-0.20461849
-0.1244981
-0.043142689
-0.1964992
-0.11944814
-0.041373201
0.051486356
0.14831336
0.2429229
0.049350069
0.14223591
0.23321203
0.04682288
0.13503806
0.22168459
0.047991438
0.1383425
0.22689992
0.046200108
0.13324053
0.21872942
0.044067015
0.12715888
0.20897014
0.044619209
0.12870808
0.21137498
0.043142689
0.1244981
0.20461849
0.041373201
0.11944814
0.1964992
-0.20408492
-0.12423108
-0.043060415
-0.20265734
-0.12334095
-0.042748127
-0.1998685
-0.121603
-0.042138575
-0.18759023
-0.11402982
-0.039496047
-0.1864866
-0.11334325
-0.039255456
-0.18432623
-0.11199993
-0.038784849
-0.17171393
-0.10423809
-0.036079598
-0.1709012
-0.10373358
-0.035902999
-0.16930716
-0.10274448
-0.035556856
-0.19551008
-0.11888954
-0.041187341
-0.19011809
-0.11553701
-0.040012847
-0.18359808
-0.11148964
-0.038596074
-0.18093839
-0.10989516
-0.038047789
-0.17672741
-0.10728203
-0.037133242
-0.17160611
-0.10410854
-0.036023374
-0.1667991
-0.10118939
-0.035012842
-0.16366742
-0.099249616
-0.034334602
-0.1598373
-0.096880245
-0.033506675
-0.33115866
-0.27360603
-0.21502204
-0.32715104
-0.27011199
-0.21215835
-0.32218341
-0.26579534
-0.2086292
-0.30418278
-0.25065821
-0.19656837
-0.30185647
-0.2486382
-0.19491823
-0.29895959
-0.24613034
-0.19287413
-0.27761019
-0.22817991
-0.17857401
-0.27683908
-0.22751292
-0.17803085
-0.27587445
-0.22668083
-0.17735461
-0.15232928
-0.092302161
-0.031918549
-0.15023361
-0.091006511
-0.031465955
-0.14765571
-0.089414503
-0.030910145
-0.13902028
-0.084147523
-0.029082793
-0.13781586
-0.083404136
-0.028823335
-0.13632636
-0.0824857
-0.028502938
-0.12608908
-0.076242327
-0.026336944
-0.12569362
-0.075998632
-0.026251958
-0.12520201
-0.075695943
-0.026146444
0.28867513
0.28867513
0.28867513
0.28867513
0.36084392
0.14433757
0.14433757
0.28867513
0.28867513
0.37864925
0.57019239
0.59335069
0.57019239
0.47240707
0.48603889
0.47240707
0.37864925
0.38463884
0.14433757
0.14433757
0.73185567
0.7835347
0.68827279
0.73185567
0.68827279
0.56723152
0.59630391
0.54236453
0.56723152
0.54236453
0.42041877
0.43275991
0.40974402
0.42041877
0.14433757
0.14433757
0.14433757
0.14433757
0.14433757
0.14433757
0.14433757
0.14433757
0.14433757
0.14433757
0.14433757
0.14433757
0.28867513
0.28867513
0.28867513
0.28867513
0.28867513
0.28867513
0.28867513
0.28867513
0.28867513
0.28867513
0.28867513
0.28867513
0.26375191
0.21650635
0.16926079
0.26375191
0.21650635
0.16926079
0.26375191
0.21650635
0.16926079
0.26375191
0.21650635
0.16926079
0.74783558
0.77032793
0.78194926
0.78194926
0.77032793
0.74783558
0.70177661
0.72074224
0.73052242
0.73052242
0.72074224
0.70177661
0.57628973
0.58893516
0.5954215
0.5954215
0.58893516
0.57628973
0.55012271
0.56093773
0.56647815
0.56647815
0.56093773
0.55012271
0.70201769
0.64712055
0.59429927
0.74929192
0.68664807
0.62680617
0.70201769
0.64712055
0.59429927
0.66204309
0.61353593
0.56655631
0.62192553
0.67132121
0.71323188
0.57741475
0.58748697
0.59264872
0.59470673
0.6368947
0.67250374
0.50319416
0.53234703
0.55659596
0.47668054
0.48260673
0.4856287
0.48725134
0.51239955
0.5332435
0.57437618
0.53892397
0.50413239
0.55300856
0.52078024
0.48899717
0.73052242
0.72074224
0.70177661
0.59470673
0.6368947
0.67250374
0.59264872
0.58748697
0.57741475
0.56647815
0.56093773
0.55012271
0.48725134
0.51239955
0.5332435
0.4856287
0.48260673
0.47668054
0.66204309
0.61353593
0.56655631
0.55300856
0.52078024
0.48899717
0.42428975
0.42965456
0.43238884
0.43238884
0.42965456
0.42428975
0.41309509
0.41773515
0.42009818
0.42009818
0.41773515
0.41309509
0.54069314
0.49178441
0.4446241
0.56650477
0.51186117
0.45950538
0.54069314
0.49178441
0.4446241
0.51856807
0.4745094
0.4317745
0.39236521
0.40528814
0.4158435
0.38053624
0.38313893
0.38445987
0.38538234
0.39662121
0.40577998
0.46812151
0.43463085
0.40174699
0.455937
0.42504043
0.39456189
0.38538234
0.39662121
0.40577998
0.36474496
0.3712003
0.37640913
0.36474496
0.3712003
0.37640913
0.28867513
0.28867513
0.28867513
0.28867513
0.28867513
0.28867513
0.28867513
0.28867513
0.28867513
0.30395098
0.33320369
0.36284937
0.30882153
0.34786205
0.38805727
0.30395098
0.33320369
0.36284937
0.30113675
0.32475953
0.34838231
0.3104492
0.35281214
0.39666146
0.30487629
0.33600514
0.36769266
0.14433757
0.14433757
0.14433757
0.14433757
0.14433757
0.14433757
0.14433757
0.14433757
0.14433757
0.16926079
0.16926079
0.16926079
0.21650635
0.21650635
0.21650635
0.26375191
0.26375191
0.26375191
0.16926079
0.16926079
0.16926079
0.21650635
0.21650635
0.21650635
0.26375191
0.26375191
0.26375191
0.16926079
0.16926079
0.16926079
0.21650635
0.21650635
0.21650635
0.26375191
0.26375191
0.26375191
0.16926079
0.16926079
0.16926079
0.21650635
0.21650635
0.21650635
0.26375191
0.26375191
0.26375191
0.28867513
0.28867513
0.28867513
0.28867513
0.28867513
0.28867513
0.28867513
0.28867513
0.28867513
0.71603851
0.73608266
0.74642532
0.73608266
0.75766307
0.76880781
0.74642532
0.76880781
0.7803717
0.71665585
0.73722887
0.74784444
0.65939112
0.67658939
0.6854421
0.60441501
0.6185558
0.62581778
0.74784444
0.73722887
0.71665585
0.6854421
0.67658939
0.65939112
0.62581778
0.6185558
0.60441501
0.70079696
0.69183807
0.67444436
0.64609826
0.63858938
0.62397882
0.59345743
0.5872689
0.57520191
0.67444436
0.69183807
0.70079696
0.62397882
0.63858938
0.64609826
0.57520191
0.5872689
0.59345743
0.5754965
0.58808576
0.59454305
0.56966385
0.58184138
0.58808576
0.55828301
0.56966385
0.5754965
0.60318202
0.61502184
0.62109864
0.64758889
0.66256691
0.67027185
0.68513266
0.70285493
0.71198729
0.68493468
0.64640067
0.6008228
0.63276506
0.60024236
0.56152014
0.58243653
0.555448
0.5231085
0.57372932
0.56897123
0.55967856
0.53837604
0.53434305
0.52645361
0.5036764
0.50031807
0.49373779
0.57573314
0.61473255
0.64754393
0.5402524
0.57349714
0.60129899
0.50539442
0.53324724
0.55640335
0.54053292
0.5506888
0.55588899
0.518634
0.52730812
0.53174422
0.492243
0.49917463
0.50271358
0.62109864
0.61502184
0.60318202
0.67027185
0.66256691
0.64758889
0.71198729
0.70285493
0.68513266
0.70079696
0.69183807
0.67444436
0.64609826
0.63858938
0.62397882
0.59345743
0.5872689
0.57520191
0.64754393
0.61473255
0.57573314
0.60129899
0.57349714
0.5402524
0.55640335
0.53324724
0.50539442
0.55967856
0.56897123
0.57372932
0.52645361
0.53434305
0.53837604
0.49373779
0.50031807
0.5036764
0.55588899
0.5506888
0.54053292
0.53174422
0.52730812
0.518634
0.50271358
0.49917463
0.492243
0.54874516
0.55997112
0.56572267
0.49806141
0.50679149
0.51125475
0.44928672
0.45575639
0.45905725
0.56572267
0.55997112
0.54874516
0.51125475
0.50679149
0.49806141
0.45905725
0.45575639
0.44928672
0.5400239
0.53510011
0.52547852
0.49126339
0.48742721
0.47991613
0.44423764
0.44139012
0.43580418
0.52547852
0.53510011
0.5400239
0.47991613
0.48742721
0.49126339
0.43580418
0.44139012
0.44423764
0.42395342
0.42929628
0.43201931
0.4214746
0.42665598
0.42929628
0.41660841
0.4214746
0.42395342
0.53122766
0.50960064
0.48351517
0.48438922
0.46742605
0.44684203
0.43911919
0.42644387
0.41097246
0.46775532
0.46505666
0.45976008
0.43434329
0.4322228
0.42805449
0.40153204
0.39994606
0.39682364
0.4692747
0.49181143
0.51043472
0.43564612
0.45347902
0.46813286
0.40259239
0.41603046
0.42701259
0.40894024
0.41331449
0.41554142
0.39934527
0.40311217
0.4050283
0.38758001
0.3906146
0.39215625
0.36925134
0.3767269
0.38277607
0.3767269
0.38592468
0.39339497
0.38277607
0.39339497
0.4020404
0.36832609
0.3774452
0.38485569
0.33640835
0.34171966
0.34601328
0.30502232
0.30678986
0.30821142
0.38485569
0.3774452
0.36832609
0.34601328
0.34171966
0.33640835
0.30821142
0.30678986
0.30502232
0.36103496
0.35680964
0.35156084
0.33215092
0.32969232
0.3266246
0.30360219
0.30278533
0.3017616
0.35156084
0.35680964
0.36103496
0.3266246
0.32969232
0.33215092
0.3017616
0.30278533
0.30360219
0.28867513
0.28867513
0.28867513
0.28867513
0.28867513
0.28867513
0.28867513
0.28867513
0.28867513
0.39076106
0.39450076
0.39640343
0.34942046
0.35157158
0.35266408
0.30933488
0.31004209
0.31040064
0.39297184
0.3844433
0.37397058
0.35068725
0.3457581
0.33967163
0.30974969
0.30812138
0.30609989
0.36754811
0.3664809
0.3643765
0.33592171
0.33530543
0.33408838
0.3048488
0.30464557
0.30424364
0.16926079
0.16926079
0.16926079
0.16926079
0.16926079
0.16926079
0.16926079
0.16926079
0.16926079
0.21650635
0.21650635
0.21650635
0.21650635
0.21650635
0.21650635
0.21650635
0.21650635
0.21650635
0.26375191
0.26375191
0.26375191
0.26375191
0.26375191
0.26375191
0.26375191
0.26375191
0.26375191
0.71536573
0.73583997
0.74640402
0.70589967
0.7256523
0.73583997
0.68753177
0.70589967
0.71536573
0.65831241
0.67543069
0.68424181
0.65039059
0.6669237
0.67543069
0.63498425
0.65039059
0.65831241
0.60352799
0.61760498
0.62483391
0.59700843
0.61061811
0.61760498
0.5843015
0.59700843
0.60352799
0.6591519
0.67542038
0.683794
0.62458064
0.63835733
0.64543687
0.5835531
0.59446589
0.60006164
0.61108928
0.62477749
0.6318081
0.5818312
0.59346429
0.59943071
0.54689324
0.55614224
0.56087659
0.56452061
0.57584339
0.58164718
0.54017886
0.54983367
0.55477613
0.51093552
0.51863789
0.52257383
0.683794
0.67542038
0.6591519
0.64543687
0.63835733
0.62458064
0.60006164
0.59446589
0.5835531
0.6318081
0.62477749
0.61108928
0.59943071
0.59346429
0.5818312
0.56087659
0.55614224
0.54689324
0.58164718
0.57584339
0.56452061
0.55477613
0.54983367
0.54017886
0.52257383
0.51863789
0.51093552
0.548041
0.55921784
0.56494402
0.54286103
0.55367762
0.55921784
0.53274265
0.54286103
0.548041
0.49751388
0.5062068
0.51065093
0.493483
0.50190308
0.5062068
0.4855933
0.493483
0.49751388
0.44888105
0.4553239
0.45861099
0.44589236
0.452138
0.4553239
0.44003111
0.44589236
0.44888105
0.51693222
0.52597413
0.53059914
0.49737691
0.50511183
0.50906381
0.47373745
0.47992842
0.48308646
0.47322291
0.48029083
0.48389922
0.45785059
0.46391388
0.46700627
0.43916077
0.44402738
0.44650579
0.43081065
0.43607342
0.43875526
0.41930038
0.42382674
0.42613126
0.4052275
0.40886957
0.41072138
0.3662157
0.37483534
0.38183383
0.36130984
0.36878219
0.37483534
0.35523236
0.36130984
0.3662157
0.33518431
0.34020838
0.34426669
0.33233052
0.33669224
0.34020838
0.32877894
0.33233052
0.33518431
0.30461684
0.30628989
0.30763456
0.30366876
0.3051231
0.30628989
0.30248349
0.30366876
0.30461684
0.38740692
0.39093439
0.39272855
0.37964677
0.38268809
0.38423377
0.37010408
0.37255684
0.37380188
0.34748517
0.34951624
0.35054751
0.34299233
0.34474712
0.34563748
0.33743792
0.33885573
0.33957432
0.30869669
0.30936503
0.30970381
0.30721018
0.30778866
0.30808171
0.30536283
0.30583094
0.30606783
