MFEM mesh v1.0

#
# MFEM Geometry Types (see mesh/geom.hpp):
#
# POINT       = 0
# SEGMENT     = 1
# TRIANGLE    = 2
# SQUARE      = 3
# TETRAHEDRON = 4
# CUBE        = 5
#

dimension
3

elements
3
1 5 3 8 15 6 4 10 17 7
1 5 8 9 16 15 10 11 18 17
1 5 14 1 0 2 19 13 5 12

boundary
16
1 3 3 8 10 4
1 3 8 9 11 10
1 3 2 0 1 14
44 3 6 3 4 7
44 3 6 15 8 3
44 3 15 16 9 8
44 3 15 6 7 17
44 3 4 10 17 7
44 3 9 16 18 11
44 3 16 15 17 18
44 3 10 11 18 17
44 3 0 2 12 5
44 3 1 0 5 13
44 3 14 1 13 19
44 3 2 14 19 12
44 3 19 13 5 12

vertices
20

nodes
FiniteElementSpace
FiniteElementCollection: H1_3D_P4
VDim: 3
Ordering: 0

0.57680281
0.30998466
0.59718411
0.70710678
0.67220951
0.50295308
0.59296204
0.56955658
0.8867
0.2
0.80820096
0.18971773
0.46713824
0.26568513
0.35742227
0.66119981
0.17294184
0.60844596
0.16648196
0.27788281
0.74934527
0.82291871
0.87814748
0.84713093
0.7727204
0.69933787
0.62086334
0.66475941
0.679799
0.68693686
0.64928027
0.61226315
0.70801595
0.76917225
0.80964612
0.77315948
0.70721261
0.64220229
0.59306714
0.62793177
0.6322654
0.65423035
0.6204664
0.5870631
0.70601727
0.69820254
0.68302929
0.88430061
0.86669473
0.83253318
0.65958757
0.6477558
0.62479563
0.59225409
0.58704574
0.57686803
0.86121767
0.64134625
0.27707719
0.19503002
0.18596265
0.17733059
0.61191658
0.42238068
0.21145137
0.77274387
0.5586051
0.25140841
0.18549355
0.17773645
0.17029067
0.55683924
0.38061935
0.19876044
0.19968068
0.19734762
0.19286957
0.17274366
0.17129099
0.16847945
0.32270389
0.34438715
0.35846631
0.53530853
0.45101024
0.36016927
0.5956796
0.62291904
0.62215427
0.56883747
0.49871635
0.4101988
0.2738931
0.28595144
0.28690326
0.46520256
0.3895673
0.3094421
0.51409849
0.52333947
0.50061355
0.44334945
0.38719222
0.31840355
0.34338604
0.31706074
0.29123686
0.30222151
0.28764584
0.27323341
0.56417934
0.54012864
0.51586483
0.57428987
0.53129287
0.48903764
0.64255997
0.69165178
0.71380085
0.68418474
0.74297297
0.77851603
0.72660323
0.79503813
0.84359968
0.74808042
0.82127191
0.87605586
0.73880343
0.80919829
0.86070669
0.72081897
0.78581131
0.83090404
0.84487113
0.77071967
0.69759222
0.82828655
0.75603474
0.68478045
0.79609494
0.72752533
0.65991364
0.6783565
0.66364543
0.62002198
0.66775181
0.6554501
0.61383347
0.64707443
0.63943592
0.60174623
0.61149958
0.64840441
0.68593969
0.60588457
0.64196898
0.67861861
0.59492525
0.62943547
0.66438917
0.68785976
0.74457023
0.77894629
0.65005427
0.69827811
0.72082819
0.61267096
0.65221939
0.66280125
0.65262701
0.45471618
0.22097044
0.73277674
0.52214148
0.24092505
0.81617037
0.59791389
0.26373415
0.85848953
0.63870332
0.27624736
0.83851347
0.61953021
0.27024865
0.79998296
0.58343155
0.25904846
0.19473452
0.18570879
0.17711418
0.19257421
0.18385088
0.17552876
0.18842144
0.18026944
0.17246443
0.21105155
0.42106082
0.61021489
0.20814131
0.41146008
0.59776173
0.20261013
0.39325198
0.57377433
0.73364088
0.5235767
0.24092196
0.66136912
0.46218968
0.22275192
0.59203104
0.40717302
0.20657715
0.58756728
0.58220527
0.55385926
0.50805375
0.49568327
0.46799784
0.41335705
0.3988824
0.37458348
0.34601169
0.33417732
0.31413582
0.32250558
0.31499451
0.2980725
0.29914583
0.29596043
0.28220432
0.35130764
0.44035467
0.52326022
0.33463927
0.42022652
0.50037921
0.31811504
0.40015365
0.47739415
0.58176625
0.60602081
0.60122433
0.55522726
0.5736689
0.56142018
0.52839935
0.54085079
0.52157922
0.54676537
0.47911655
0.39403983
0.50528512
0.44226127
0.36368665
0.4644944
0.40599502
0.33385431
0.3307124
0.33175087
0.31869271
0.40683053
0.41380999
0.40028108
0.47173705
0.48804173
0.47649925
0.72541963
0.79349557
0.84162924
0.68314575
0.741613
0.7767624
0.64165347
0.69045679
0.71225267
0.71673458
0.78217885
0.82716165
0.67551484
0.73162393
0.76387707
0.63498921
0.68166999
0.7008722
0.69987724
0.76022151
0.79903481
0.66066792
0.71218304
0.73878219
0.62199034
0.66452165
0.67868716
0.81362431
0.59554265
0.26300008
0.73057189
0.52023513
0.24034527
0.65075495
0.45321018
0.22051505
0.79498383
0.57833472
0.25768706
0.71443326
0.50638987
0.2361393
0.63705457
0.44226178
0.21720412
0.75904105
0.54590557
0.24773519
0.68333318
0.48024139
0.22821417
0.61066328
0.42153009
0.21092971
0.39903221
0.38721558
0.36481077
0.49059594
0.48159932
0.45626068
0.56762535
0.56616001
0.54058883
0.37192504
0.3652244
0.34644766
0.45744483
0.45487997
0.43409198
0.52970039
0.53552828
0.51536683
0.34490408
0.3433109
0.32824952
0.42428354
0.42804401
0.41196587
0.49172742
0.5045463
0.48998548
0.57735027
0.67227043
0.31000795
-0.70710678
-0.67227043
0.50518149
-0.59335069
-0.57019239
-0.39717735
1.0842022e-18
-0.37298049
-1.3010426e-18
0.26592163
0.57019239
0.37298049
-0.3224644
1.2624179e-17
-0.30722904
5.9089018e-18
0.30722904
-0.66207707
-0.56663459
-0.45868172
-0.38359477
-0.35865241
-0.33471103
-0.55184515
-0.4667897
-0.37407891
-0.68697873
-0.64938746
-0.6125172
-0.6278812
-0.53501952
-0.4314642
-0.36113607
-0.33926012
-0.31810788
-0.52936069
-0.44639856
-0.35681328
-0.65432542
-0.62067735
-0.58750416
-0.70604267
-0.69823377
-0.68307557
-0.39642918
-0.39095644
-0.38042078
-0.32199842
-0.31857997
-0.31195018
-0.59264872
-0.58748697
-0.57741475
-0.33291588
-0.20490947
-0.071432212
3.2288896e-18
1.1071991e-17
1.8048578e-17
-0.26924508
-0.16481389
-0.05729151
-0.31218017
-0.19175207
-0.066774181
-5.6073316e-18
2.3877859e-18
1.2048197e-17
-0.25627281
-0.15665737
-0.054417567
-2.5410988e-21
-1.9515639e-18
-1.9515639e-18
1.1127287e-17
1.520763e-17
1.4325021e-17
0.6278812
0.53501952
0.4314642
0.59712124
0.63106638
0.65963981
0.53562341
0.45112133
0.36020918
0.32278198
0.34512795
0.36435579
0.52936069
0.44639856
0.35681328
0.51895855
0.54232058
0.56170451
0.46672901
0.39031051
0.30979848
0.27450123
0.28926139
0.30171525
0.36113607
0.33926012
0.31810788
0.65432542
0.62067735
0.58750416
0.56488866
0.54126588
0.5176431
0.30225771
0.2877255
0.27339838
-0.57031435
-0.48335598
-0.38799889
-0.6059608
-0.51551365
-0.41515227
-0.6424645
-0.54869826
-0.44335776
-0.6610298
-0.56566212
-0.45784149
-0.65334976
-0.55853883
-0.45169272
-0.63846807
-0.54477698
-0.43984281
-0.38290171
-0.35805614
-0.33420229
-0.37782943
-0.35368804
-0.33047204
-0.36805159
-0.34524687
-0.32324632
-0.37355141
-0.46616835
-0.55116224
-0.36968063
-0.46160566
-0.54614326
-0.36216784
-0.45273421
-0.53636295
-0.61175802
-0.64851389
-0.68598265
-0.60617749
-0.64209671
-0.67867041
-0.59529774
-0.62960702
-0.66446322
-0.61047448
-0.51922515
-0.41806085
-0.57793621
-0.48985902
-0.39325467
-0.54598479
-0.46122132
-0.36920602
-0.27964793
-0.17133491
-0.059585834
-0.30002305
-0.18414088
-0.064097608
-0.32130396
-0.19756423
-0.068835703
-0.33227387
-0.20450132
-0.071287575
-0.32757928
-0.20151832
-0.070230762
-0.31855002
-0.19578843
-0.068202148
-2.7065879e-18
1.1246693e-17
1.6100098e-17
1.1079207e-18
1.1047004e-17
8.3894378e-18
8.1444203e-19
3.4156604e-18
4.8280878e-18
-0.05720335
-0.16456385
-0.26884793
-0.056557115
-0.16273068
-0.26593524
-0.05530629
-0.15918085
-0.26028995
-0.30208053
-0.1853869
-0.064528421
-0.2834601
-0.17368096
-0.060403686
-0.26549629
-0.16242373
-0.056443593
0.37471292
0.46833285
0.55473086
0.40002382
0.49820397
0.58766974
0.42174123
0.52366827
0.61552794
0.41806085
0.51922515
0.61047448
0.39325467
0.48985902
0.57793621
0.36920602
0.46122132
0.54598479
0.64246372
0.61558535
0.58357371
0.61021076
0.58641982
0.5579509
0.57835327
0.55748885
0.53240437
0.52368231
0.44051335
0.35136805
0.50109777
0.4205284
0.33476634
0.47858047
0.40070419
0.31836818
0.31425168
0.3351712
0.35310887
0.29830605
0.31665882
0.33229368
0.282648
0.29860564
0.31211416
0.35055483
0.43897996
0.52114291
0.33639963
0.422147
0.50242182
0.31958805
0.40205775
0.47994278
-0.64148622
-0.5477932
-0.44257828
-0.60510614
-0.5147283
-0.41447987
-0.56957436
-0.48268043
-0.38742375
-0.63430937
-0.54116074
-0.43687127
-0.59883161
-0.50896837
-0.40955231
-0.56413793
-0.4777219
-0.38320524
-0.6203888
-0.52833245
-0.42585864
-0.58663853
-0.49780402
-0.4000213
-0.55355416
-0.46809103
-0.3750271
-0.32070999
-0.19718729
-0.068702254
-0.29951319
-0.18381839
-0.063983627
-0.27921387
-0.1710612
-0.059489253
-0.31636431
-0.19443086
-0.067726611
-0.29577929
-0.18145759
-0.063149413
-0.27603204
-0.16905556
-0.058781655
-0.30799445
-0.18912838
-0.065850962
-0.28856923
-0.17690387
-0.061541198
-0.26987288
-0.16517688
-0.057413909
0.40900023
0.508618
0.59889421
0.38871693
0.48477477
0.57273258
0.36499811
0.45672011
0.54171615
0.38537344
0.48058561
0.56775224
0.36765691
0.45966172
0.544668
0.34680988
0.43490161
0.51716093
0.36241041
0.45318612
0.53711009
0.34707236
0.43498899
0.51692722
0.32891357
0.41333483
0.49275648
0.57735027
0.67227043
0.67227043
-3.1225023e-17
0.31000795
0.50518149
1.9515639e-18
0.26592163
-7.1557343e-18
4.5536491e-18
0.37298049
0.39717735
0.57019239
0.57019239
0.84957113
2.0261028e-18
-2.6359665e-18
0.30722904
0.3224644
0.68827279
-8.8271421e-19
2.4123498e-18
1.0516761e-17
-5.0880296e-17
-8.0696829e-18
-6.1155779e-18
-1.2201999e-17
2.9933721e-17
-9.8289703e-18
1.4574684e-17
2.0938654e-18
3.3068166e-18
0.32278198
0.34512795
0.36435579
0.36113607
0.33926012
0.31810788
0.27450123
0.28926139
0.30171525
0.30225771
0.2877255
0.27339838
0.054840668
0.15792154
0.25848698
0.066774181
0.19175207
0.31218017
0.054417567
0.15665737
0.25627281
0.046712443
0.13473355
0.22122909
1.3040072e-18
-4.472334e-18
-3.1441863e-18
3.2443135e-17
1.3429707e-18
3.1069169e-18
1.0842081e-17
6.6915603e-20
1.9722315e-17
0.38042078
0.39095644
0.39642918
0.38359477
0.35865241
0.33471103
0.31195018
0.31857997
0.32199842
0.071432212
0.20490947
0.33291588
0.05729151
0.16481389
0.26924508
0.70822101
0.77112957
0.82527783
0.59712124
0.63106638
0.65963981
0.59712124
0.63106638
0.65963981
0.70822101
0.77112957
0.82527783
0.59470673
0.6368947
0.67250374
0.51895855
0.54232058
0.56170451
0.51895855
0.54232058
0.56170451
0.59470673
0.6368947
0.67250374
0.82051496
0.76684993
0.71496025
0.65432542
0.62067735
0.58750416
0.56488866
0.54126588
0.5176431
0.65432542
0.62067735
0.58750416
-3.2307402e-17
3.1117873e-18
-4.8904294e-17
-6.7548104e-18
-1.7293779e-17
-1.244609e-18
1.0147162e-17
1.9122821e-17
-2.160881e-17
0.057239495
0.061462548
0.065123692
0.16473627
0.17671588
0.18708359
0.26934696
0.28838346
0.30480318
0.064528421
0.060403686
0.056443593
0.1853869
0.17368096
0.16242373
0.30208053
0.2834601
0.26549629
0.05338174
0.051050476
0.048302401
0.15371483
0.14708688
0.13926427
0.2515843
0.24100674
0.22849233
0.048082222
0.05071693
0.053402739
0.13864694
0.14616765
0.1538254
0.22753495
0.23963301
0.25192393
0.31425168
0.3351712
0.35310887
0.29830605
0.31665882
0.33229368
0.282648
0.29860564
0.31211416
-2.6937904e-17
-2.2734364e-18
-3.7489678e-18
3.2455993e-17
4.6644781e-18
-1.0665415e-17
-5.6787552e-17
-4.4451834e-18
-2.5723143e-17
0.068202148
0.070230762
0.071287575
0.19578843
0.20151832
0.20450132
0.31855002
0.32757928
0.33227387
0.068835703
0.064097608
0.059585834
0.19756423
0.18414088
0.17133491
0.32130396
0.30002305
0.27964793
0.05720335
0.056557115
0.05530629
0.16456385
0.16273068
0.15918085
0.26884793
0.26593524
0.26028995
0.36805159
0.37782943
0.38290171
0.34524687
0.35368804
0.35805614
0.32324632
0.33047204
0.33420229
0.69333656
0.65977922
0.62011882
0.7521652
0.70963766
0.65977922
0.80266349
0.7521652
0.69333656
0.7978477
0.74720572
0.68816517
0.74708153
0.70272461
0.65067493
0.69786565
0.65934685
0.61386084
0.64246372
0.61558535
0.58357371
0.61021076
0.58641982
0.5579509
0.57835327
0.55748885
0.53240437
0.58357371
0.61558535
0.64246372
0.5579509
0.58641982
0.61021076
0.53240437
0.55748885
0.57835327
0.68816517
0.74720572
0.7978477
0.65067493
0.70272461
0.74708153
0.61386084
0.65934685
0.69786565
0.65774542
0.62437531
0.58476185
0.62437531
0.59597986
0.56211294
0.58476185
0.56211294
0.5349304
0.055649738
0.059592557
0.062997464
0.052690427
0.056132298
0.059083241
0.049800122
0.052778473
0.055314214
0.16021232
0.17140402
0.18105309
0.15178289
0.16156396
0.16993766
0.14353976
0.15201303
0.15921767
0.26211302
0.27991905
0.29522195
0.24860876
0.2642053
0.27751954
0.23537093
0.24891128
0.2603948
0.065850962
0.067726611
0.068702254
0.061541198
0.063149413
0.063983627
0.057413909
0.058781655
0.059489253
0.18912838
0.19443086
0.19718729
0.17690387
0.18145759
0.18381839
0.16517688
0.16905556
0.1710612
0.30799445
0.31636431
0.32070999
0.28856923
0.29577929
0.29951319
0.26987288
0.27603204
0.27921387
0.77672593
0.72945518
0.67420215
0.72945518
0.68956937
0.64266612
0.67420215
0.64266612
0.60529423
0.72862758
0.6871559
0.63837835
0.6871559
0.652041
0.61051328
0.63837835
0.61051328
0.57732426
0.68188046
0.6458116
0.60312952
0.6458116
0.61517064
0.57873139
0.60312952
0.57873139
0.54952602
