MFEM mesh v1.0

#
# MFEM Geometry Types (see mesh/geom.hpp):
#
# POINT       = 0
# SEGMENT     = 1
# TRIANGLE    = 2
# SQUARE      = 3
# TETRAHEDRON = 4
# CUBE        = 5
#

dimension
3

elements
7
1 5 16 17 20 19 4 5 8 7
1 5 17 18 21 20 5 6 9 8
1 5 20 21 23 22 8 9 11 10
1 5 21 2 3 23 9 0 1 11
1 5 24 25 13 12 29 30 15 14
1 5 26 27 29 28 5 8 9 6
1 5 29 30 15 14 9 11 1 0

boundary
30
53 3 19 20 17 16
53 3 20 21 18 17
53 3 22 23 21 20
53 3 23 3 2 21
53 3 16 17 5 4
53 3 17 18 6 5
53 3 19 16 4 7
53 3 20 19 7 8
53 3 4 5 8 7
53 3 18 21 9 6
53 3 21 2 0 9
53 3 22 20 8 10
53 3 23 22 10 11
53 3 8 9 11 10
53 3 2 3 1 0
53 3 3 23 11 1
53 3 13 12 14 15
53 3 15 14 0 1
53 3 12 13 25 24
53 3 28 29 27 26
53 3 24 25 30 29
53 3 12 24 29 14
53 3 25 13 15 30
53 3 26 27 8 5
53 3 28 26 5 6
53 3 27 29 9 8
53 3 29 28 6 9
53 3 29 30 11 9
53 3 14 29 9 0
53 3 30 15 1 11

vertices
31

nodes
FiniteElementSpace
FiniteElementCollection: H1_3D_P4
VDim: 3
Ordering: 0

0.11108439
0.1716001
0.11108439
0.1716001
-0.14433757
7.5894152e-19
0.11052157
-0.14433757
-2.1684043e-19
0.093042196
-5.8546917e-18
0.11052157
0.13575486
0.34802459
0.12307986
0.24764874
-0.14433757
2.1006417e-19
0.11052157
-0.14433757
8.6736174e-19
0.093042196
2.981556e-19
0.11052157
0.10703716
0.20621024
-4.8246997e-18
3.3203692e-18
0.14907545
0.099661134
0.14907545
-0.11941434
-0.072168784
-0.024923225
5.2854856e-19
-5.4379515e-19
-6.505213e-19
-0.11941434
-0.072168784
-0.024923225
-0.14433757
-0.14433757
-0.14433757
-0.11941434
-0.072168784
-0.024923225
1.0021141e-17
8.7684851e-18
-9.2157185e-19
-0.11941434
-0.072168784
-0.024923225
-0.14433757
-0.14433757
-0.14433757
-0.14433757
-0.14433757
-0.14433757
6.2341625e-19
2.0328791e-20
4.4718046e-19
-1.2468325e-18
8.6736174e-19
-2.4394549e-19
-0.14433757
-0.14433757
-0.14433757
0.024923225
0.072168784
0.099974952
0.10577027
0.098116585
0.093675514
0.024923225
0.072168784
0.089926793
0.024923225
0.072168784
0.099974952
0.10577027
0.098116585
0.093675514
0.024923225
0.072168784
0.089926793
0.11052157
0.11052157
0.11052157
0.093042196
0.093042196
0.093042196
0.093675514
0.098116585
0.10577027
0.024923225
0.072168784
0.099974952
2.9818207e-19
-1.0842022e-19
-5.2854856e-19
0.093675514
0.098116585
0.10577027
0.024923225
0.072168784
0.099974952
-3.8307065e-19
-3.8895753e-18
-4.8789098e-18
0.11052157
0.11052157
0.11052157
2.1684043e-19
1.5856457e-18
1.6284208e-19
0.10796899
0.10206329
0.096157599
0.11327701
0.12865254
0.1551505
0.16105348
0.14106084
0.1210682
0.10796899
0.10206329
0.096157599
0.11327701
0.12865254
0.1551505
0.16105348
0.14106084
0.1210682
0.11108439
0.11108439
0.11108439
0.1716001
0.1716001
0.1716001
0.11253141
0.14653832
0.18875734
0.32848659
0.28530396
0.23507761
0.14620981
0.21332047
0.30505112
0.13115031
0.12198608
0.11231417
0.1018375
0.11628531
0.13783887
0.23247936
0.20140429
0.16771491
0.12828767
0.16337745
0.21783141
0.11917393
0.11159766
0.1038263
0.10570384
0.10324662
0.10087724
0.19513688
0.17546488
0.15766595
0.32915491
0.29506258
0.26335265
0.13351519
0.12932886
0.12521837
8.0513129e-18
-5.2261933e-19
-6.2612675e-18
0.034353612
0.087410742
0.095458421
0.13783887
0.11628531
0.1018375
0.033696021
0.092675488
0.12994856
7.8604658e-19
-4.5638135e-18
3.9578144e-18
-5.4210109e-19
1.2129512e-18
2.0621017e-18
0.094136148
0.096264506
0.098467542
0.11583168
0.12741862
0.14105251
0.11583168
0.12741862
0.14105251
0.18287465
0.20638728
0.2326811
0.11310954
0.11700064
0.12096158
-0.11941434
-0.072168784
-0.024923225
-0.11941434
-0.072168784
-0.024923225
-0.11941434
-0.072168784
-0.024923225
-0.11941434
-0.072168784
-0.024923225
-0.11941434
-0.072168784
-0.024923225
-0.11941434
-0.072168784
-0.024923225
-8.9309042e-19
1.0820846e-19
4.3405145e-19
9.4874308e-20
6.7762636e-19
8.4703295e-19
-9.2157185e-19
-1.0503209e-19
-1.517883e-18
-0.024923225
-0.072168784
-0.11941434
-0.024923225
-0.072168784
-0.11941434
-0.024923225
-0.072168784
-0.11941434
-0.14433757
-0.14433757
-0.14433757
-0.14433757
-0.14433757
-0.14433757
-0.14433757
-0.14433757
-0.14433757
-0.11941434
-0.072168784
-0.024923225
-0.11941434
-0.072168784
-0.024923225
-0.11941434
-0.072168784
-0.024923225
0.024923225
0.072168784
0.090290861
0.024923225
0.072168784
0.092843846
0.024923225
0.072168784
0.097243624
0.024923225
0.072168784
0.099974952
0.024923225
0.072168784
0.099974952
0.024923225
0.072168784
0.099974952
0.10577027
0.098116585
0.093675514
0.10577027
0.098116585
0.093675514
0.10577027
0.098116585
0.093675514
0.089926793
0.072168784
0.024923225
0.089926793
0.072168784
0.024923225
0.089926793
0.072168784
0.024923225
0.024923225
0.072168784
0.097243624
0.024923225
0.072168784
0.092843846
0.024923225
0.072168784
0.090290861
0.024923225
0.072168784
0.097243624
0.024923225
0.072168784
0.092843846
0.024923225
0.072168784
0.090290861
0.093675514
0.098116585
0.10577027
0.093675514
0.098116585
0.10577027
0.093675514
0.098116585
0.10577027
0.099974952
0.072168784
0.024923225
0.099974952
0.072168784
0.024923225
0.099974952
0.072168784
0.024923225
-2.3573986e-18
-6.5179185e-19
-4.3251579e-19
-3.726945e-19
-8.2162196e-20
-2.9816883e-19
4.8789098e-19
1.3552527e-20
-2.1673456e-19
0.024923225
0.072168784
0.090290861
0.024923225
0.072168784
0.092843846
0.024923225
0.072168784
0.097243624
0.11429691
0.13046038
0.14662386
0.10338932
0.11338456
0.1233798
0.097060167
0.10347626
0.10989236
0.096157599
0.10206329
0.10796899
0.096157599
0.10206329
0.10796899
0.096157599
0.10206329
0.10796899
0.11327701
0.12865254
0.1551505
0.11327701
0.12865254
0.1551505
0.11327701
0.12865254
0.1551505
0.16105348
0.14106084
0.1210682
0.16105348
0.14106084
0.1210682
0.16105348
0.14106084
0.1210682
0.097060167
0.10347626
0.10989236
0.10338932
0.11338456
0.1233798
0.11429691
0.13046038
0.14662386
0.14109502
0.20448174
0.28954314
0.13055504
0.18449365
0.2545423
0.11899318
0.16056377
0.2129586
0.11045134
0.14023718
0.17855303
0.10679493
0.12959612
0.16082577
0.10347168
0.12051099
0.1452235
0.22211423
0.26931883
0.31035255
0.19899118
0.24064713
0.27767324
0.17793611
0.21430199
0.24740762
0.28823946
0.20344669
0.14286736
0.25835813
0.18621119
0.13682866
0.23112403
0.17080854
0.13114976
0.12902376
0.12012632
0.11078437
0.1250608
0.1166781
0.10795985
0.12118466
0.11332737
0.1052299
0.10661445
0.12517098
0.15304799
0.11545383
0.14123733
0.18045116
0.12395673
0.15609348
0.20560453
0.12220398
0.10716565
0.096995275
0.091675206
0.089384819
0.087676918
0.033902291
0.034188151
0.034333841
6.8678853e-18
-8.2699135e-18
5.9975227e-18
-3.4237469e-18
8.1281282e-18
2.3208703e-18
-2.0812923e-18
-3.882799e-18
5.9631119e-18
0.032641303
0.086796235
0.094458676
0.029494469
0.085326377
0.092616005
0.026470955
0.076626407
0.090838963
0.10027769
0.11241839
0.13102558
0.097505846
0.1059856
0.11962466
0.094948372
0.10059342
0.1100959
0.12360512
0.089754903
0.032114341
0.11293433
0.084467873
0.029194637
0.1040075
0.076346986
0.026373453
0.10027769
0.11241839
0.13102558
0.097505846
0.1059856
0.11962466
0.094948372
0.10059342
0.1100959
0.1581257
0.18922319
0.21829644
0.14171003
0.16814256
0.19351108
0.12760043
0.14971842
0.17152321
0.20527887
0.15640052
0.12551192
0.18349392
0.14435093
0.1204715
0.164282
0.13372767
0.11569729
0.11718617
0.10989337
0.10244706
0.11347976
0.10673044
0.099897148
0.10985194
0.10365323
0.097428468
-0.11941434
-0.072168784
-0.024923225
-0.11941434
-0.072168784
-0.024923225
-0.11941434
-0.072168784
-0.024923225
-0.11941434
-0.072168784
-0.024923225
-0.11941434
-0.072168784
-0.024923225
-0.11941434
-0.072168784
-0.024923225
-0.11941434
-0.072168784
-0.024923225
-0.11941434
-0.072168784
-0.024923225
-0.11941434
-0.072168784
-0.024923225
0.024923225
0.072168784
0.097243624
0.024923225
0.072168784
0.092843846
0.024923225
0.072168784
0.090290861
0.024923225
0.072168784
0.097243624
0.024923225
0.072168784
0.092843846
0.024923225
0.072168784
0.090290861
0.024923225
0.072168784
0.097243624
0.024923225
0.072168784
0.092843846
0.024923225
0.072168784
0.090290861
0.024923225
0.072168784
0.090290861
0.024923225
0.072168784
0.092843846
0.024923225
0.072168784
0.097243624
0.024923225
0.072168784
0.090290861
0.024923225
0.072168784
0.092843846
0.024923225
0.072168784
0.097243624
0.024923225
0.072168784
0.090290861
0.024923225
0.072168784
0.092843846
0.024923225
0.072168784
0.097243624
0.097060167
0.10347626
0.10989236
0.10338932
0.11338456
0.1233798
0.11429691
0.13046038
0.14662386
0.097060167
0.10347626
0.10989236
0.10338932
0.11338456
0.1233798
0.11429691
0.13046038
0.14662386
0.097060167
0.10347626
0.10989236
0.10338932
0.11338456
0.1233798
0.11429691
0.13046038
0.14662386
0.11659821
0.15325459
0.20104523
0.12766954
0.17570216
0.2399899
0.13786978
0.19481766
0.2732535
0.11237328
0.14084386
0.18025314
0.12253744
0.16062174
0.21440707
0.13207652
0.17805584
0.24441494
0.10851668
0.13016731
0.16182451
0.11780503
0.14746458
0.1914786
0.12666803
0.16320732
0.21828922
0.032279813
0.032508865
0.032625484
0.089212832
0.087921821
0.086948152
0.11681697
0.10408416
0.095710645
0.029288973
0.029419277
0.029485493
0.084738031
0.08511112
0.085300682
0.10789007
0.098994679
0.093432006
0.026404188
0.026446554
0.026468044
0.076435081
0.07655649
0.076618066
0.10053799
0.094769853
0.091333836
0.10479534
0.12057913
0.14491246
0.11319481
0.13546864
0.17015271
0.12133644
0.14944703
0.19367337
0.10155453
0.11289223
0.13119799
0.10914498
0.12569918
0.15258766
0.11660123
0.13805005
0.17309429
0.098555628
0.10639394
0.11960861
0.10536906
0.11731053
0.13748556
0.11214285
0.12809846
0.15510813
0
0.14433757
1.0842022e-18
0.14433757
-0.14433757
-0.14433757
-0.14433757
-2.1684043e-18
-1.9515639e-18
1.0842022e-18
0.14433757
0.14433757
5.0957502e-18
0.22368927
-1.3010426e-18
0.18319635
-0.14433757
-0.14433757
-0.14433757
-1.4433441e-18
-4.8789098e-19
-1.5449881e-18
0.14433757
0.14433757
-3.496552e-18
0.24775119
-0.19728907
-1.8295912e-18
-0.19368993
-1.2739376e-18
0.19368993
-0.14433757
-0.14433757
-0.14433757
-0.11941434
-0.072168784
-0.024923225
-1.4325445e-19
5.4328693e-18
2.5614276e-18
-0.11941434
-0.072168784
-0.024923225
-0.14433757
-0.14433757
-0.14433757
-0.11941434
-0.072168784
-0.024923225
1.5179889e-18
-8.8091427e-19
9.2157185e-19
-0.11941434
-0.072168784
-0.024923225
-0.14433757
-0.14433757
-0.14433757
-0.14433757
-0.14433757
-0.14433757
1.6805134e-18
-1.978669e-18
3.006967e-19
-1.7618285e-18
-2.5546514e-18
-4.0505645e-18
-0.14433757
-0.14433757
-0.14433757
-0.11941434
-0.072168784
-0.024923225
-5.8754176e-18
-6.505213e-18
3.1035287e-18
-0.14433757
-0.14433757
-0.14433757
-0.11941434
-0.072168784
-0.024923225
6.5073306e-19
1.3145951e-18
9.7578196e-19
-0.14433757
-0.14433757
-0.14433757
1.9515639e-18
3.1035287e-18
1.0285098e-18
0.024923225
0.072168784
0.11941434
0.14433757
0.14433757
0.14433757
0.024923225
0.072168784
0.11941434
0.024923225
0.072168784
0.11941434
0.14433757
0.14433757
0.14433757
0.024923225
0.072168784
0.11941434
0.14433757
0.14433757
0.14433757
0.14433757
0.14433757
0.14433757
-2.1684043e-18
-1.9109063e-18
-6.1831288e-18
0.024923225
0.072168784
0.11941434
0.14433757
0.14433757
0.14433757
-1.7347235e-18
-1.6263033e-18
2.1667103e-18
0.024923225
0.072168784
0.11941434
0.14433757
0.14433757
0.14433757
-1.7347235e-18
-1.6263033e-18
2.1667103e-18
0.14433757
0.14433757
0.14433757
0.043467228
0.12540839
0.20603062
0.22879749
0.23744835
0.24461567
0.03904111
0.11277388
0.18570841
1.1384123e-18
1.2468325e-18
-1.0027811e-18
0.033696021
0.097405832
0.16063405
0.1854698
0.18926312
0.19235298
0.031789198
0.091947467
0.15180621
2.0599841e-18
-9.8933448e-19
-5.9631119e-19
-4.7430404e-18
-3.2797116e-18
-2.8866883e-18
0.23805083
0.22009081
0.20267041
0.21657604
0.20323217
0.19006884
-4.3389263e-19
-1.3552527e-20
3.5778672e-18
-0.16366737
-0.099285939
-0.034353612
-2.0329055e-18
-4.2758223e-18
-2.1955094e-18
-0.16063405
-0.097405832
-0.033696021
-0.19718101
-0.19638441
-0.19481997
-0.15308918
-0.17011605
-0.18774034
0
1.5585406e-19
-3.6881932e-18
7.5894152e-19
-1.7618285e-18
-8.1336339e-19
-0.15255002
-0.16846444
-0.18484957
0.15255002
0.16846444
0.18484957
0.15093503
0.16356894
0.17637257
-2.6020852e-18
-1.8431437e-18
1.3027367e-18
-0.024923225
-0.024923225
-0.024923225
-0.072168784
-0.072168784
-0.072168784
-0.11941434
-0.11941434
-0.11941434
-0.14433757
-0.14433757
-0.14433757
-0.14433757
-0.14433757
-0.14433757
-0.14433757
-0.14433757
-0.14433757
-0.11941434
-0.072168784
-0.024923225
-0.11941434
-0.072168784
-0.024923225
-0.11941434
-0.072168784
-0.024923225
-2.9983113e-18
6.3056838e-18
-3.6024987e-19
-1.3213714e-18
-3.3271454e-18
-1.9757639e-18
-2.5478751e-18
-3.3102048e-18
3.1559918e-19
-0.024923225
-0.072168784
-0.11941434
-0.024923225
-0.072168784
-0.11941434
-0.024923225
-0.072168784
-0.11941434
-0.11941434
-0.11941434
-0.11941434
-0.072168784
-0.072168784
-0.072168784
-0.024923225
-0.024923225
-0.024923225
-0.024923225
-0.024923225
-0.024923225
-0.072168784
-0.072168784
-0.072168784
-0.11941434
-0.11941434
-0.11941434
-0.14433757
-0.14433757
-0.14433757
-0.14433757
-0.14433757
-0.14433757
-0.14433757
-0.14433757
-0.14433757
-0.11941434
-0.072168784
-0.024923225
-0.11941434
-0.072168784
-0.024923225
-0.11941434
-0.072168784
-0.024923225
2.4662423e-18
4.4115329e-18
4.9764993e-18
6.633962e-18
2.0354202e-18
1.3990999e-18
-8.1315163e-19
5.5971937e-18
3.9626319e-18
-0.11941434
-0.11941434
-0.11941434
-0.072168784
-0.072168784
-0.072168784
-0.024923225
-0.024923225
-0.024923225
0.11941434
0.11941434
0.11941434
0.072168784
0.072168784
0.072168784
0.024923225
0.024923225
0.024923225
0.024923225
0.072168784
0.11941434
0.024923225
0.072168784
0.11941434
0.024923225
0.072168784
0.11941434
0.14433757
0.14433757
0.14433757
0.14433757
0.14433757
0.14433757
0.14433757
0.14433757
0.14433757
0.11941434
0.072168784
0.024923225
0.11941434
0.072168784
0.024923225
0.11941434
0.072168784
0.024923225
0.024923225
0.024923225
0.024923225
0.072168784
0.072168784
0.072168784
0.11941434
0.11941434
0.11941434
0.11941434
0.11941434
0.11941434
0.072168784
0.072168784
0.072168784
0.024923225
0.024923225
0.024923225
-4.2502343e-18
2.7298813e-18
-3.8946575e-18
-9.5058273e-19
2.392021e-18
3.3610267e-18
2.647825e-18
-7.5894152e-19
4.3368087e-19
0.024923225
0.072168784
0.11941434
0.024923225
0.072168784
0.11941434
0.024923225
0.072168784
0.11941434
0.14433757
0.14433757
0.14433757
0.14433757
0.14433757
0.14433757
0.14433757
0.14433757
0.14433757
0.024923225
0.024923225
0.024923225
0.072168784
0.072168784
0.072168784
0.11941434
0.11941434
0.11941434
0.03997644
0.11544658
0.19001621
0.041565734
0.11998457
0.19731955
0.042887532
0.12375551
0.20337802
0.041701345
0.12035597
0.19786612
0.038446466
0.11103377
0.18277153
0.035307387
0.10203144
0.16815746
0.23526359
0.22887988
0.22115153
0.21791895
0.2129265
0.20684838
0.20105879
0.19734097
0.19278971
0.17974195
0.10909928
0.037759923
0.16856199
0.10222457
0.035364906
0.15754944
0.095466518
0.033012953
1.7347235e-18
1.7210518e-18
4.3399851e-19
1.9718927e-18
2.2014386e-18
-1.6364809e-18
4.0657581e-18
2.4530074e-18
-5.1510191e-19
0.033452217
0.09670848
0.15950801
0.032889719
0.095098959
0.15690705
0.032200999
0.093127102
0.15371676
-0.16158613
-0.097995698
-0.033902291
-0.16290466
-0.09881298
-0.034188151
-0.16357625
-0.099229429
-0.034333841
-0.15566941
-0.094369876
-0.032641303
-0.14092804
-0.085326377
-0.029494469
-0.12671171
-0.076626407
-0.026470955
-3.3053339e-18
-2.7151906e-18
-1.05805e-18
-3.2528712e-19
-9.2157185e-19
-4.0657581e-20
-2.4938768e-18
-8.6058547e-19
3.2526065e-19
-0.032114341
-0.092862461
-0.1532349
-0.029194637
-0.084467873
-0.13953897
-0.026373453
-0.076346986
-0.12625881
-0.18575811
-0.18701453
-0.18765367
-0.1689845
-0.16970221
-0.17006666
-0.1527201
-0.15295435
-0.1530731
0.032114341
0.092862461
0.1532349
0.029194637
0.084467873
0.13953897
0.026373453
0.076346986
0.12625881
0.18377359
0.18128235
0.17821531
0.1678474
0.16641391
0.16463982
0.15234785
0.15187665
0.15129047
0.14610799
0.088459636
0.030576941
0.13542786
0.081932164
0.02830992
0.12490408
0.075512649
0.026082573
3.2534536e-18
2.4387137e-18
1.0842022e-19
3.469447e-18
-1.3688052e-18
0
8.6736174e-19
3.9573379e-18
1.7355705e-18
-0.11941434
-0.11941434
-0.11941434
-0.072168784
-0.072168784
-0.072168784
-0.024923225
-0.024923225
-0.024923225
-0.11941434
-0.11941434
-0.11941434
-0.072168784
-0.072168784
-0.072168784
-0.024923225
-0.024923225
-0.024923225
-0.11941434
-0.11941434
-0.11941434
-0.072168784
-0.072168784
-0.072168784
-0.024923225
-0.024923225
-0.024923225
-0.11941434
-0.11941434
-0.11941434
-0.072168784
-0.072168784
-0.072168784
-0.024923225
-0.024923225
-0.024923225
-0.11941434
-0.11941434
-0.11941434
-0.072168784
-0.072168784
-0.072168784
-0.024923225
-0.024923225
-0.024923225
-0.11941434
-0.11941434
-0.11941434
-0.072168784
-0.072168784
-0.072168784
-0.024923225
-0.024923225
-0.024923225
0.024923225
0.024923225
0.024923225
0.072168784
0.072168784
0.072168784
0.11941434
0.11941434
0.11941434
0.024923225
0.024923225
0.024923225
0.072168784
0.072168784
0.072168784
0.11941434
0.11941434
0.11941434
0.024923225
0.024923225
0.024923225
0.072168784
0.072168784
0.072168784
0.11941434
0.11941434
0.11941434
0.024923225
0.024923225
0.024923225
0.072168784
0.072168784
0.072168784
0.11941434
0.11941434
0.11941434
0.024923225
0.024923225
0.024923225
0.072168784
0.072168784
0.072168784
0.11941434
0.11941434
0.11941434
0.024923225
0.024923225
0.024923225
0.072168784
0.072168784
0.072168784
0.11941434
0.11941434
0.11941434
0.041187341
0.11888954
0.19551008
0.040012847
0.11553701
0.19011809
0.038596074
0.11148964
0.18359808
0.038047789
0.10989516
0.18093839
0.037133242
0.10728203
0.17672741
0.036023374
0.10410854
0.17160611
0.035012842
0.10118939
0.1667991
0.034334602
0.099249616
0.16366742
0.033506675
0.096880245
0.1598373
-0.15559639
-0.094324636
-0.032625484
-0.15505796
-0.093991109
-0.032508865
-0.15399982
-0.093335898
-0.032279813
-0.14088648
-0.085300682
-0.029485493
-0.14057988
-0.08511112
-0.029419277
-0.13997624
-0.084738031
-0.029288973
-0.12669819
-0.076618066
-0.026468044
-0.12659842
-0.07655649
-0.026446554
-0.12640165
-0.076435081
-0.026404188
0.031918549
0.092302161
0.15232928
0.031465955
0.091006511
0.15023361
0.030910145
0.089414503
0.14765571
0.029082793
0.084147523
0.13902028
0.028823335
0.083404136
0.13781586
0.028502938
0.0824857
0.13632636
0.026336944
0.076242327
0.12608908
0.026251958
0.075998632
0.12569362
0.026146444
0.075695943
0.12520201
0.28867513
0.28867513
0.14433757
0.14433757
0.28867513
0.28867513
0.28867513
0.28867513
0.28867513
0.28867513
0.28867513
0.28867513
0.48603889
0.47240707
0.38463884
0.37864925
0.14433757
0.14433757
0.14433757
0.14433757
0.14433757
0.14433757
0.14433757
0.14433757
0.56723152
0.54236453
0.42041877
0.43275991
0.40974402
0.42041877
0.40974402
0.14433757
0.14433757
0.14433757
0.14433757
0.14433757
0.14433757
0.14433757
0.14433757
0.14433757
0.14433757
0.14433757
0.14433757
0.28867513
0.28867513
0.28867513
0.28867513
0.28867513
0.28867513
0.28867513
0.28867513
0.28867513
0.28867513
0.28867513
0.28867513
0.26375191
0.21650635
0.16926079
0.26375191
0.21650635
0.16926079
0.26375191
0.21650635
0.16926079
0.26375191
0.21650635
0.16926079
0.14433757
0.14433757
0.14433757
0.14433757
0.14433757
0.14433757
0.14433757
0.14433757
0.14433757
0.28867513
0.28867513
0.28867513
0.28867513
0.28867513
0.28867513
0.28867513
0.28867513
0.28867513
0.26375191
0.21650635
0.16926079
0.26375191
0.21650635
0.16926079
0.14433757
0.14433757
0.14433757
0.14433757
0.14433757
0.14433757
0.14433757
0.14433757
0.14433757
0.28867513
0.28867513
0.28867513
0.28867513
0.28867513
0.28867513
0.28867513
0.28867513
0.28867513
0.26375191
0.21650635
0.16926079
0.26375191
0.21650635
0.16926079
0.14433757
0.14433757
0.14433757
0.14433757
0.14433757
0.14433757
0.14433757
0.14433757
0.14433757
0.28867513
0.28867513
0.28867513
0.28867513
0.28867513
0.28867513
0.28867513
0.28867513
0.28867513
0.26375191
0.21650635
0.16926079
0.26375191
0.21650635
0.16926079
0.56647815
0.56093773
0.55012271
0.48725134
0.51239955
0.5332435
0.4856287
0.48260673
0.47668054
0.50319416
0.53234703
0.55659596
0.42009818
0.41773515
0.41309509
0.38538234
0.39662121
0.40577998
0.38445987
0.38313893
0.38053624
0.39236521
0.40528814
0.4158435
0.54069314
0.49178441
0.4446241
0.51856807
0.4745094
0.4317745
0.455937
0.42504043
0.39456189
0.46812151
0.43463085
0.40174699
0.42428975
0.42965456
0.43238884
0.43238884
0.42965456
0.42428975
0.41309509
0.41773515
0.42009818
0.42009818
0.41773515
0.41309509
0.3104492
0.35281214
0.39666146
0.31231743
0.35850883
0.40659238
0.3104492
0.35281214
0.39666146
0.30882153
0.34786205
0.38805727
0.30882153
0.34786205
0.38805727
0.30395098
0.33320369
0.36284937
0.30487629
0.33600514
0.36769266
0.14433757
0.14433757
0.14433757
0.14433757
0.14433757
0.14433757
0.14433757
0.14433757
0.14433757
0.16926079
0.16926079
0.16926079
0.21650635
0.21650635
0.21650635
0.26375191
0.26375191
0.26375191
0.16926079
0.16926079
0.16926079
0.21650635
0.21650635
0.21650635
0.26375191
0.26375191
0.26375191
0.16926079
0.16926079
0.16926079
0.21650635
0.21650635
0.21650635
0.26375191
0.26375191
0.26375191
0.16926079
0.16926079
0.16926079
0.21650635
0.21650635
0.21650635
0.26375191
0.26375191
0.26375191
0.28867513
0.28867513
0.28867513
0.28867513
0.28867513
0.28867513
0.28867513
0.28867513
0.28867513
0.14433757
0.14433757
0.14433757
0.14433757
0.14433757
0.14433757
0.14433757
0.14433757
0.14433757
0.16926079
0.16926079
0.16926079
0.21650635
0.21650635
0.21650635
0.26375191
0.26375191
0.26375191
0.16926079
0.16926079
0.16926079
0.21650635
0.21650635
0.21650635
0.26375191
0.26375191
0.26375191
0.16926079
0.16926079
0.16926079
0.21650635
0.21650635
0.21650635
0.26375191
0.26375191
0.26375191
0.28867513
0.28867513
0.28867513
0.28867513
0.28867513
0.28867513
0.28867513
0.28867513
0.28867513
0.14433757
0.14433757
0.14433757
0.14433757
0.14433757
0.14433757
0.14433757
0.14433757
0.14433757
0.16926079
0.16926079
0.16926079
0.21650635
0.21650635
0.21650635
0.26375191
0.26375191
0.26375191
0.16926079
0.16926079
0.16926079
0.21650635
0.21650635
0.21650635
0.26375191
0.26375191
0.26375191
0.16926079
0.16926079
0.16926079
0.21650635
0.21650635
0.21650635
0.26375191
0.26375191
0.26375191
0.28867513
0.28867513
0.28867513
0.28867513
0.28867513
0.28867513
0.28867513
0.28867513
0.28867513
0.14433757
0.14433757
0.14433757
0.14433757
0.14433757
0.14433757
0.14433757
0.14433757
0.14433757
0.16926079
0.16926079
0.16926079
0.21650635
0.21650635
0.21650635
0.26375191
0.26375191
0.26375191
0.16926079
0.16926079
0.16926079
0.21650635
0.21650635
0.21650635
0.26375191
0.26375191
0.26375191
0.16926079
0.16926079
0.16926079
0.21650635
0.21650635
0.21650635
0.26375191
0.26375191
0.26375191
0.28867513
0.28867513
0.28867513
0.28867513
0.28867513
0.28867513
0.28867513
0.28867513
0.28867513
0.50271358
0.49917463
0.492243
0.53174422
0.52730812
0.518634
0.55588899
0.5506888
0.54053292
0.5400239
0.53510011
0.52547852
0.49126339
0.48742721
0.47991613
0.44423764
0.44139012
0.43580418
0.51043472
0.49181143
0.4692747
0.46813286
0.45347902
0.43564612
0.42701259
0.41603046
0.40259239
0.45976008
0.46505666
0.46775532
0.42805449
0.4322228
0.43434329
0.39682364
0.39994606
0.40153204
0.48351517
0.50960064
0.53122766
0.44684203
0.46742605
0.48438922
0.41097246
0.42644387
0.43911919
0.41554142
0.41331449
0.40894024
0.4050283
0.40311217
0.39934527
0.39215625
0.3906146
0.38758001
0.41660841
0.4214746
0.42395342
0.4214746
0.42665598
0.42929628
0.42395342
0.42929628
0.43201931
0.39977979
0.40409643
0.40629423
0.35460445
0.35708017
0.35833829
0.31103811
0.31184988
0.31226165
0.40629423
0.40409643
0.39977979
0.35833829
0.35708017
0.35460445
0.31226165
0.31184988
0.31103811
0.39640343
0.39450076
0.39076106
0.35266408
0.35157158
0.34942046
0.31040064
0.31004209
0.30933488
0.39076106
0.39450076
0.39640343
0.34942046
0.35157158
0.35266408
0.30933488
0.31004209
0.31040064
0.39640343
0.39450076
0.39076106
0.35266408
0.35157158
0.34942046
0.31040064
0.31004209
0.30933488
0.38485569
0.3774452
0.36832609
0.34601328
0.34171966
0.33640835
0.30821142
0.30678986
0.30502232
0.3643765
0.3664809
0.36754811
0.33408838
0.33530543
0.33592171
0.30424364
0.30464557
0.3048488
0.37397058
0.3844433
0.39297184
0.33967163
0.3457581
0.35068725
0.30609989
0.30812138
0.30974969
0.16926079
0.16926079
0.16926079
0.16926079
0.16926079
0.16926079
0.16926079
0.16926079
0.16926079
0.21650635
0.21650635
0.21650635
0.21650635
0.21650635
0.21650635
0.21650635
0.21650635
0.21650635
0.26375191
0.26375191
0.26375191
0.26375191
0.26375191
0.26375191
0.26375191
0.26375191
0.26375191
0.16926079
0.16926079
0.16926079
0.16926079
0.16926079
0.16926079
0.16926079
0.16926079
0.16926079
0.21650635
0.21650635
0.21650635
0.21650635
0.21650635
0.21650635
0.21650635
0.21650635
0.21650635
0.26375191
0.26375191
0.26375191
0.26375191
0.26375191
0.26375191
0.26375191
0.26375191
0.26375191
0.16926079
0.16926079
0.16926079
0.16926079
0.16926079
0.16926079
0.16926079
0.16926079
0.16926079
0.21650635
0.21650635
0.21650635
0.21650635
0.21650635
0.21650635
0.21650635
0.21650635
0.21650635
0.26375191
0.26375191
0.26375191
0.26375191
0.26375191
0.26375191
0.26375191
0.26375191
0.26375191
0.16926079
0.16926079
0.16926079
0.16926079
0.16926079
0.16926079
0.16926079
0.16926079
0.16926079
0.21650635
0.21650635
0.21650635
0.21650635
0.21650635
0.21650635
0.21650635
0.21650635
0.21650635
0.26375191
0.26375191
0.26375191
0.26375191
0.26375191
0.26375191
0.26375191
0.26375191
0.26375191
0.53059914
0.52597413
0.51693222
0.50906381
0.50511183
0.49737691
0.48308646
0.47992842
0.47373745
0.48389922
0.48029083
0.47322291
0.46700627
0.46391388
0.45785059
0.44650579
0.44402738
0.43916077
0.43875526
0.43607342
0.43081065
0.42613126
0.42382674
0.41930038
0.41072138
0.40886957
0.4052275
0.39950923
0.40380843
0.4059973
0.39751436
0.40168522
0.40380843
0.3935944
0.39751436
0.39950923
0.35444935
0.35691529
0.35816842
0.35330497
0.3556989
0.35691529
0.35105216
0.35330497
0.35444935
0.31098728
0.31179591
0.31220609
0.31061202
0.31139751
0.31179591
0.30987197
0.31061202
0.31098728
0.39272855
0.39093439
0.38740692
0.38423377
0.38268809
0.37964677
0.37380188
0.37255684
0.37010408
0.35054751
0.34951624
0.34748517
0.34563748
0.34474712
0.34299233
0.33957432
0.33885573
0.33743792
0.30970381
0.30936503
0.30869669
0.30808171
0.30778866
0.30721018
0.30606783
0.30583094
0.30536283
