MFEM mesh v1.0

#
# MFEM Geometry Types (see mesh/geom.hpp):
#
# POINT       = 0
# SEGMENT     = 1
# TRIANGLE    = 2
# SQUARE      = 3
# TETRAHEDRON = 4
# CUBE        = 5
#

dimension
3

elements
7
1 5 1 0 4 6 8 2 10 18
1 5 6 4 5 7 18 10 11 19
1 5 8 2 10 18 9 3 13 20
1 5 21 22 24 23 25 26 28 27
1 5 22 10 13 24 26 11 14 28
1 5 26 11 14 28 30 12 15 31
1 5 28 14 16 29 31 15 17 32

boundary
32
1 3 1 0 2 8
1 3 8 2 3 9
36 3 6 4 0 1
36 3 7 5 4 6
36 3 6 1 8 18
36 3 0 4 10 2
36 3 7 6 18 19
36 3 4 5 11 10
36 3 5 7 19 11
36 3 18 10 11 19
36 3 18 8 9 20
36 3 2 10 13 3
36 3 10 18 20 13
36 3 9 3 13 20
36 3 10 13 14 11
36 3 11 14 15 12
36 3 14 16 17 15
36 3 23 24 22 21
36 3 24 13 10 22
36 3 21 22 26 25
36 3 22 10 11 26
36 3 23 21 25 27
36 3 24 23 27 28
36 3 25 26 28 27
36 3 13 24 28 14
36 3 29 16 14 28
36 3 26 11 12 30
36 3 28 26 30 31
36 3 30 12 15 31
36 3 29 28 31 32
36 3 16 29 32 17
36 3 31 15 17 32

vertices
33

nodes
FiniteElementSpace
FiniteElementCollection: H1_3D_P4
VDim: 3
Ordering: 0

0.57680281
0.59718411
0.67220951
0.70710678
0.19396305
0.042399647
0.18331332
0.056891641
0.80820096
0.8867
0.24847343
0.07733117
-0.012592879
0.27115431
0.091822129
-0.0043627827
0.07733117
-0.012592879
0.26996421
0.11755195
0.29620417
-0.1259328
0.092726462
-0.12430652
0.10812103
-0.17780112
-0.031599783
-0.17672131
-0.022316481
-0.031599783
-0.095037873
-0.090662349
-0.095037873
0.5956796
0.62291904
0.62215427
0.48033016
0.33796809
0.23582439
0.19864298
0.20054484
0.19234645
0.46564011
0.31081708
0.21924159
0.70801595
0.76917225
0.80964612
0.56347554
0.4066831
0.29476763
0.26402452
0.28070425
0.27870447
0.62225357
0.42374963
0.3132938
0.64042801
0.71574907
0.77979086
0.59676332
0.63090058
0.65955636
0.20371461
0.22282701
0.24051992
0.20296434
0.23497843
0.25971675
0.15817717
0.10344519
0.061094114
0.046695082
0.053101738
0.056509421
0.15375604
0.1088079
0.073222545
0.20863931
0.14702189
0.098784834
0.089865617
0.10716795
0.11592315
0.23393439
0.17974257
0.1370856
0.048423451
0.060716852
0.072176107
0.071128515
0.093776266
0.1106782
0.74934527
0.82291871
0.87814748
0.59731092
0.43527811
0.31929255
0.28745865
0.30551306
0.30484845
0.67819209
0.45953412
0.34233435
0.83253318
0.86669473
0.88430061
0.68302929
0.69820254
0.70601727
0.25543471
0.26531138
0.2704517
0.27838473
0.28976694
0.29543704
-0.085782518
-0.011764976
0.058090762
0.097385245
0.10410054
0.1076396
-0.081645202
-0.0029533937
0.07133767
-0.12541051
-0.12470589
-0.12435407
-0.15108031
-0.10175194
-0.054951579
-0.028803783
-0.024748767
-0.022608139
-0.14856027
-0.096517746
-0.047032673
-0.17745516
-0.17698634
-0.17675276
-0.13851234
-0.15762068
-0.17183881
0.06414011
0.019322474
-0.015961013
0.078410155
0.031547844
-0.0056921061
-0.13686302
-0.15610252
-0.1705909
0.22875039
0.18193156
0.12556927
0.25072743
0.20213432
0.14288406
0.06261028
0.029400173
-0.0093162761
0.081811546
0.088122514
0.091378856
0.076523564
0.04196899
0.0012276166
0.22972083
0.16529326
0.11452174
-0.024159731
-0.049721361
-0.078687713
-0.010016227
-0.0064364212
-0.0046114999
-0.016471591
-0.043197751
-0.073553197
-0.093740589
-0.091826553
-0.090802523
-0.045551292
-0.068157077
-0.086661828
0.058064364
0.026408175
-0.0002038044
0.071365765
0.037582576
0.0090008422
-0.037217733
-0.061511936
-0.081546526
0.091378856
0.088122514
0.081811546
0.06261028
0.029400173
-0.0093162761
-0.022608139
-0.024748767
-0.028803783
-0.0046114999
-0.0064364212
-0.010016227
-0.024159731
-0.049721361
-0.078687713
-0.090802523
-0.091826553
-0.093740589
0.058064364
0.026408175
-0.0002038044
-0.045551292
-0.068157077
-0.086661828
0.23090794
0.24188467
0.24064432
0.32904672
0.34543163
0.34397165
0.49001673
0.50271489
0.49077055
0.66126959
0.65352974
0.6191257
0.728404
0.70582491
0.65927659
0.78477495
0.74974496
0.69306443
0.49515529
0.35032133
0.24631962
0.52453036
0.37434146
0.26704061
0.55151037
0.39665756
0.28616928
0.21470717
0.22025973
0.21240494
0.23708456
0.24987592
0.24441958
0.25576707
0.27144772
0.26873852
0.24023568
0.33545652
0.49693738
0.27505809
0.37696532
0.55409259
0.3020322
0.40994834
0.60157662
0.64067338
0.6340379
0.59389566
0.44196174
0.44982781
0.42782151
0.32467502
0.32895168
0.31163053
0.07369982
0.071423334
0.065467211
0.11169738
0.11255383
0.10790778
0.16027992
0.16561787
0.16272204
0.16709116
0.1110461
0.067610113
0.18481186
0.12634189
0.080856399
0.20124006
0.14059399
0.093214724
0.057418213
0.066530052
0.070674113
0.072176386
0.086560166
0.092816175
0.084498442
0.10104572
0.10928558
0.088125377
0.12518035
0.17203688
0.11192264
0.1515251
0.20175212
0.12978237
0.17150763
0.22451143
0.24021407
0.23987764
0.22334949
0.18195994
0.17748099
0.16065097
0.13651071
0.12889813
0.11167315
0.83090404
0.78581131
0.72081897
0.86070669
0.80919829
0.73880343
0.87605586
0.82127191
0.74808042
0.57391888
0.41545962
0.30229267
0.58864063
0.4279126
0.3129719
0.59627204
0.43439277
0.31853437
0.27123605
0.28844114
0.28703529
0.28143814
0.29922553
0.29836387
0.28673409
0.30475976
0.30407767
0.322542
0.43514883
0.63965625
0.33515013
0.45067245
0.66398465
0.34147634
0.45847259
0.67648625
0.69248758
0.67781438
0.63060657
0.47736385
0.48267673
0.45778533
0.35319644
0.35593945
0.33695541
-0.081775556
-0.0032342975
0.070917631
-0.082724672
-0.0052826559
0.067856686
-0.084529219
-0.0091328515
0.062069739
-0.10126935
-0.032656799
0.032061717
-0.12511871
-0.065247077
-0.0087278974
-0.1432865
-0.090629838
-0.04077957
0.068448605
0.074678812
0.077962132
0.02301101
0.028348933
0.031164088
-0.012867263
-0.0083817824
-0.0060148805
0.044340098
-0.024456031
-0.09733372
0.0017747769
-0.058221456
-0.12168319
-0.031992964
-0.08478716
-0.14044314
-0.13691105
-0.13726711
-0.13798196
-0.15614672
-0.15647481
-0.15713344
-0.17062729
-0.17089738
-0.17143914
-0.15032006
-0.10019877
-0.05258786
-0.1492193
-0.097908355
-0.049122952
-0.14863995
-0.096685904
-0.047285622
0.14234235
0.20151026
0.25004576
0.13838298
0.19692937
0.24505674
0.13082534
0.18813502
0.23547901
0.094562088
0.14677794
0.19025535
0.045962837
0.091840367
0.13041917
0.0076770381
0.048609941
0.083479785
0.21511068
0.22429151
0.22906895
0.1526391
0.16059672
0.16472969
0.10363815
0.11049206
0.11403879
0.21065284
0.16553431
0.110615
0.1480801
0.10802369
0.059746266
0.098631749
0.062382318
0.019303551
-0.0061296398
0.033258468
0.066883527
-0.0015194688
0.038735923
0.072953399
0.00089594757
0.041581156
0.076094149
-0.024499268
0.012208156
0.043897641
-0.049163648
-0.015826151
0.013256058
-0.069457981
-0.039058117
-0.012338373
0.062190392
0.067981889
0.070961025
0.029896705
0.034759708
0.037245172
0.0026837038
0.0066854864
0.0087245045
0.056622075
0.023618939
-0.014998951
0.023858528
-0.0064820001
-0.041520523
-0.00369213
-0.031608777
-0.063504379
-0.037479706
-0.039402361
-0.043043165
-0.061721277
-0.063257245
-0.066161005
-0.081708711
-0.082898093
-0.085133908
-0.077153193
-0.047717562
-0.021776862
-0.074904635
-0.04487484
-0.018426153
-0.073717276
-0.043399337
-0.016706777
-0.0061296398
0.033258468
0.066883527
-0.0015194688
0.038735923
0.072953399
0.00089594757
0.041581156
0.076094149
0.070961025
0.067981889
0.062190392
0.037245172
0.034759708
0.029896705
0.0087245045
0.0066854864
0.0026837038
0.043897641
0.012208156
-0.024499268
0.013256058
-0.015826151
-0.049163648
-0.012338373
-0.039058117
-0.069457981
-0.043043165
-0.039402361
-0.037479706
-0.066161005
-0.063257245
-0.061721277
-0.085133908
-0.082898093
-0.081708711
-0.073717276
-0.043399337
-0.016706777
-0.074904635
-0.04487484
-0.018426153
-0.077153193
-0.047717562
-0.021776862
0.52206584
0.53357222
0.51608336
0.35459129
0.37089925
0.36470904
0.25251447
0.26332895
0.25830569
0.57709569
0.58136345
0.55128391
0.39627745
0.40940734
0.39339196
0.28733397
0.29549412
0.28252733
0.62162369
0.61798178
0.58092347
0.42860006
0.43764218
0.41724239
0.3137984
0.31889502
0.30273415
0.17891614
0.18391725
0.17768323
0.12822792
0.12859415
0.1209312
0.088601993
0.085669699
0.076919313
0.20858754
0.2113364
0.19837335
0.15433245
0.15257264
0.13891134
0.11197692
0.10693137
0.09268616
0.23102274
0.23130689
0.21570992
0.17395721
0.17001846
0.15401137
0.12943782
0.12234895
0.10589634
0.65686783
0.64760843
0.60524837
0.45317904
0.46004347
0.43703794
0.33375073
0.33735962
0.31943312
0.67936946
0.66665172
0.62121634
0.46852467
0.47432403
0.45008422
0.34611147
0.34909109
0.33045161
0.69091766
0.67647667
0.62947864
0.47630899
0.48167614
0.45685871
0.35235315
0.35511913
0.33617419
-0.10007664
-0.030211577
0.035740774
-0.09835918
-0.026625407
0.041109538
-0.097457711
-0.024718396
0.043949025
-0.12407755
-0.063153879
-0.0055839383
-0.122578
-0.060081304
-0.00099104641
-0.12179129
-0.058446243
0.0014401673
-0.14242728
-0.088893724
-0.038154824
-0.14118549
-0.08633725
-0.034310494
-0.1405329
-0.084974683
-0.032273571
0.099422637
0.15252595
0.19648989
0.10643664
0.16069777
0.20538666
0.11011026
0.16495281
0.21001797
0.050133334
0.096800957
0.13582179
0.056156742
0.10385201
0.14352585
0.059312879
0.10752269
0.14753152
0.011190763
0.052833187
0.08812372
0.016274096
0.058835503
0.094734699
0.018937514
0.061956428
0.098162514
-0.021628998
0.015714647
0.047814921
-0.01747419
0.020687633
0.053365721
-0.015297874
0.023267475
0.056230748
-0.046856383
-0.012947822
0.016536798
-0.043512891
-0.0088760497
0.021160172
-0.041761277
-0.0067689309
0.023534533
-0.067667837
-0.036762445
-0.0096537712
-0.065062646
-0.03351757
-0.005886275
-0.063692886
-0.031837458
-0.0039553184
-0.015297874
0.023267475
0.056230748
-0.01747419
0.020687633
0.053365721
-0.021628998
0.015714647
0.047814921
-0.041761277
-0.0067689309
0.023534533
-0.043512891
-0.0088760497
0.021160172
-0.046856383
-0.012947822
0.016536798
-0.063692886
-0.031837458
-0.0039553184
-0.065062646
-0.03351757
-0.005886275
-0.067667837
-0.036762445
-0.0096537712
0.57735027
0.31000795
0.67227043
0.70710678
0.37093401
0.2509096
0.21845228
0.14600588
0.37298049
0.39717735
0.41857316
0.28352483
0.19996325
0.43932695
0.29750051
0.2085147
0.28352483
0.19996325
0.22511841
0.15245548
0.23304203
0.61063762
0.55892108
0.6604133
0.59697122
0.40977066
0.37426538
0.44101741
0.39908046
0.37426538
0.25565524
0.26979576
0.25565524
0.53562341
0.45112133
0.36020918
0.53151106
0.45857524
0.39844885
0.3498866
0.30268408
0.24857135
0.29890385
0.26566553
0.23433475
0.6278812
0.53501952
0.4314642
0.61215467
0.52164231
0.45032057
0.38659168
0.32302303
0.25858824
0.32811467
0.27430146
0.23981836
0.32278198
0.34512795
0.36435579
0.59712124
0.63106638
0.65963981
0.37898351
0.39555948
0.41135334
0.21735311
0.21855505
0.22267877
0.34569468
0.30351735
0.26762724
0.23796105
0.20626259
0.16801524
0.20340937
0.17773486
0.15600026
0.38988744
0.34247906
0.30230706
0.26287586
0.2210081
0.17669845
0.21069335
0.18524019
0.16294692
0.25633817
0.26776484
0.27858944
0.14573186
0.1473614
0.15062118
0.66207707
0.56663459
0.45868172
0.64540109
0.54881177
0.47293736
0.40513992
0.3375144
0.26866474
0.34779971
0.28655065
0.24826847
0.38042078
0.39095644
0.39642918
0.68307557
0.69823377
0.70604267
0.42490777
0.43395344
0.43868007
0.22746703
0.23093637
0.23279266
0.60798126
0.59575625
0.57411168
0.57091939
0.58744569
0.59582899
0.65685384
0.64156216
0.61520823
0.62623084
0.64787129
0.65891293
0.40754079
0.39886588
0.3843119
0.38217166
0.39294505
0.39834785
0.43829298
0.42795781
0.41082869
0.41967974
0.43325433
0.44009249
0.56944068
0.49941728
0.4386259
0.52036894
0.45563101
0.40026483
0.55568354
0.48641666
0.42705865
0.61547916
0.53909826
0.47265047
0.44872591
0.49972072
0.54098167
0.47193998
0.52827048
0.57583119
0.30292498
0.33570563
0.36250442
0.2878203
0.2939119
0.29706934
0.31861206
0.35490835
0.38548755
0.40914976
0.35941462
0.31726928
0.21268533
0.23320287
0.24895152
0.2026164
0.20633937
0.20825305
0.22227043
0.24467413
0.26224906
0.2602218
0.26635222
0.26938448
0.35018902
0.30915063
0.27307144
0.26620095
0.23693288
0.21176633
0.27921287
0.24814063
0.22121532
0.37308381
0.32850325
0.28898462
0.29706934
0.2939119
0.2878203
0.30292498
0.33570563
0.36250442
0.39834785
0.39294505
0.38217166
0.20825305
0.20633937
0.2026164
0.21268533
0.23320287
0.24895152
0.26938448
0.26635222
0.2602218
0.26620095
0.23693288
0.21176633
0.35018902
0.30915063
0.27307144
0.26638275
0.3244863
0.37552377
0.30272194
0.37063019
0.4306185
0.34371842
0.4256719
0.49772201
0.37471292
0.46833285
0.55473086
0.40002382
0.49820397
0.58766974
0.42174123
0.52366827
0.61552794
0.5455763
0.46933228
0.40711947
0.57404304
0.49126584
0.42521295
0.60038683
0.51216621
0.44244343
0.35264015
0.30174092
0.2474075
0.36633049
0.30820792
0.24958604
0.38003448
0.31818564
0.25532983
0.2324258
0.2633324
0.29940064
0.23314545
0.26463461
0.30895686
0.23723142
0.27060638
0.32155853
0.38119722
0.47826479
0.56853725
0.31809699
0.40123821
0.48182374
0.27645233
0.34664676
0.41572555
0.17929794
0.21985622
0.2536697
0.20360436
0.24895315
0.28728871
0.23204079
0.28283146
0.32660426
0.35309506
0.31001418
0.27339735
0.36850959
0.32361979
0.2855301
0.38317302
0.3365572
0.29704544
0.24007169
0.2062923
0.16780175
0.24926819
0.21108525
0.17015974
0.25845208
0.21774991
0.17437838
0.15566569
0.17722641
0.20251225
0.15740572
0.17903723
0.20407318
0.16094533
0.18298825
0.20824192
0.24216674
0.30179478
0.36041952
0.21358856
0.26619385
0.31704289
0.18852561
0.23548407
0.28016231
0.43984281
0.54477698
0.63846807
0.45169272
0.55853883
0.65334976
0.45784149
0.56566212
0.6610298
0.62239405
0.52995455
0.45722204
0.63686978
0.5417935
0.46708057
0.64437679
0.54796734
0.47223198
0.39222757
0.32742886
0.2615774
0.40032153
0.33374599
0.26599963
0.40455978
0.33706227
0.26834241
0.24229431
0.27787299
0.33399711
0.24600452
0.28324866
0.34260813
0.24799902
0.28615638
0.34717901
0.40367461
0.5055522
0.59944746
0.33341563
0.42177037
0.506632
0.28756204
0.36265575
0.43598953
0.65538567
0.64019119
0.61398322
0.64456208
0.63008537
0.6049366
0.62332073
0.61018662
0.58709915
0.56677775
0.55507258
0.53464096
0.49684916
0.48626235
0.46817281
0.43626068
0.42690929
0.41114974
0.53152327
0.54686013
0.55462632
0.46538258
0.47875133
0.48549941
0.40878197
0.4204155
0.42626508
0.57273249
0.59745724
0.6119737
0.50126968
0.52291147
0.53582512
0.4398422
0.4584925
0.46972082
0.6140954
0.60390367
0.58389025
0.53791195
0.52916183
0.51191557
0.47163979
0.46417176
0.449388
0.41730881
0.40813374
0.39277905
0.43066498
0.42076421
0.40428371
0.43738548
0.42710193
0.41005104
0.57478791
0.52739756
0.4712203
0.56709252
0.52100259
0.46596073
0.55197867
0.50858574
0.45585661
0.50357152
0.46507324
0.41778488
0.44093268
0.40743143
0.36654287
0.38753081
0.35854478
0.32317684
0.39576716
0.40416414
0.40854938
0.34765752
0.35504016
0.35888824
0.30689572
0.3134179
0.3168063
0.43936521
0.49166018
0.53595535
0.38554989
0.43082741
0.46926237
0.33996942
0.37914523
0.41228944
0.36983074
0.34173707
0.30779319
0.37979564
0.35008411
0.31461703
0.38481089
0.35433116
0.3181335
0.33936682
0.31463424
0.28425451
0.30001432
0.27894674
0.25270424
0.26555258
0.24796037
0.22550678
0.27021106
0.27588135
0.2788131
0.24040495
0.24528674
0.24779838
0.21470401
0.21881616
0.22092788
0.2988594
0.33246956
0.3606212
0.26528413
0.29422628
0.31806278
0.23610836
0.26073005
0.28047075
0.37241148
0.36744221
0.35750564
0.32793937
0.32376706
0.31537241
0.28852453
0.28511143
0.27821633
0.25324716
0.23685189
0.21569192
0.25900437
0.24183146
0.21985711
0.26186311
0.24433362
0.22198053
0.36983074
0.34173707
0.30779319
0.37979564
0.35008411
0.31461703
0.38481089
0.35433116
0.3181335
0.2788131
0.27588135
0.27021106
0.24779838
0.24528674
0.24040495
0.22092788
0.21881616
0.21470401
0.28425451
0.31463424
0.33936682
0.25270424
0.27894674
0.30001432
0.22550678
0.24796037
0.26555258
0.35750564
0.36744221
0.37241148
0.31537241
0.32376706
0.32793937
0.27821633
0.28511143
0.28852453
0.26186311
0.24433362
0.22198053
0.25900437
0.24183146
0.21985711
0.25324716
0.23685189
0.21569192
0.34512951
0.42799307
0.5055939
0.30076508
0.36930568
0.43470283
0.26453615
0.32297993
0.37828869
0.35767065
0.44738373
0.53284912
0.30425369
0.37942756
0.45406924
0.26666746
0.33018564
0.39346591
0.37334683
0.46852727
0.55725069
0.31310105
0.39422669
0.47297848
0.27283841
0.34123391
0.40849108
0.2310995
0.2820371
0.32910056
0.2030902
0.24859907
0.28961262
0.17900645
0.21978084
0.25585318
0.23353481
0.28815166
0.34173282
0.2056793
0.25418135
0.3006618
0.18148859
0.22485533
0.26564818
0.23904958
0.29731406
0.35433639
0.21076353
0.26224814
0.31170538
0.1860232
0.23199002
0.27543605
0.38799447
0.48666656
0.57802474
0.32263546
0.40752286
0.48940348
0.27972352
0.35150299
0.42187044
0.39782236
0.49855134
0.5915031
0.32935809
0.41646917
0.50022146
0.28460854
0.35849093
0.43072286
0.402968
0.50470938
0.59849168
0.33292515
0.42113243
0.50586031
0.28720287
0.36215354
0.43535285
0.58098996
0.56844932
0.54669954
0.60063111
0.58685995
0.56323113
0.61061991
0.59619234
0.57160035
0.50914785
0.49786593
0.47868018
0.52608269
0.51378276
0.493043
0.53466375
0.52182321
0.50029045
0.44686218
0.43694691
0.42029087
0.46139667
0.45066073
0.43274058
0.46873005
0.45756031
0.43899814
0.51380908
0.47334487
0.42442743
0.52785132
0.48490548
0.43381584
0.53498928
0.49084989
0.43869902
0.44991233
0.41473267
0.37240752
0.46219678
0.42490503
0.38067635
0.46842094
0.43011756
0.38496523
0.39540563
0.36499941
0.32837706
0.40614072
0.37395461
0.33568156
0.41155838
0.37852413
0.33945595
0.34616313
0.32025488
0.28880168
0.35537547
0.3280047
0.29515236
0.35999894
0.33193654
0.29841645
0.3058203
0.28379172
0.25664304
0.31363888
0.29042731
0.26211068
0.31753846
0.29377308
0.26490506
0.2703791
0.25203106
0.22884211
0.27683379
0.25757025
0.23344458
0.28004088
0.26035397
0.23579096
0.35999894
0.33193654
0.29841645
0.35537547
0.3280047
0.29515236
0.34616313
0.32025488
0.28880168
0.31753846
0.29377308
0.26490506
0.31363888
0.29042731
0.26211068
0.3058203
0.28379172
0.25664304
0.28004088
0.26035397
0.23579096
0.27683379
0.25757025
0.23344458
0.2703791
0.25203106
0.22884211
-0.57735027
-0.67227043
-0.31000795
-3.1225023e-17
-0.36204072
-0.24629866
-0.41475441
-0.28057433
-0.37298049
-2.4286129e-17
-0.20396961
-0.14162495
-0.10269046
6.5593208e-17
1.2281645e-16
1.5040201e-16
0.14162495
0.10269046
-0.22018368
-0.15017332
8.171394e-17
-0.25064867
-0.23013366
8.0218904e-17
4.943868e-17
-0.16793162
-0.15542841
9.374565e-17
6.8677615e-17
0.15542841
-0.10949097
1.1858926e-16
0.10949097
-0.59712124
-0.63106638
-0.65963981
-0.52737352
-0.45042681
-0.38937375
-0.37146812
-0.38963884
-0.40684311
-0.60919191
-0.51756107
-0.44674376
-0.32278198
-0.34512795
-0.36435579
-0.29099422
-0.25084148
-0.2186143
-0.20377861
-0.20772185
-0.21548699
-0.32683969
-0.27329733
-0.2366211
-0.6278812
-0.53501952
-0.4314642
-0.53562341
-0.45112133
-0.36020918
-0.34073645
-0.29250438
-0.23582297
-0.38489153
-0.32299562
-0.25652682
-0.33733964
-0.29660105
-0.26227054
-0.25230909
-0.26437113
-0.27556222
-0.38604076
-0.3387521
-0.29904394
-0.19094451
-0.16911576
-0.15042799
-0.14168708
-0.14406228
-0.14801515
-0.20536428
-0.18079488
-0.15994185
-0.23332077
-0.20171173
-0.16350686
-0.2606695
-0.21941116
-0.17477528
-1.0408341e-17
8.2399365e-18
-1.7018586e-17
-5.5736731e-17
-1.7506299e-17
1.0198599e-17
6.7165461e-17
9.265978e-17
9.3458229e-17
2.7338585e-17
5.930042e-17
1.36597e-16
-0.31218017
-0.19175207
-0.066774181
-0.25848698
-0.15792154
-0.054840668
-0.17059347
-0.10468126
-0.036427225
-0.18320953
-0.1116067
-0.03870308
-0.24915414
-0.24380221
-0.23547974
-0.19182543
-0.11716514
-0.040688318
8.7405942e-17
6.2982299e-17
4.8591445e-17
-0.20916901
-0.12793477
-0.044453235
-0.16688257
-0.16349242
-0.15851665
-0.12956698
-0.079119585
-0.027468621
5.3354965e-17
7.0120985e-17
6.8477048e-17
-0.13992183
-0.085365897
-0.029619205
-0.23328235
-0.20430283
-0.17955853
-0.21422224
-0.18796632
-0.16578895
4.4267003e-17
7.0288322e-17
7.8717468e-17
5.3594456e-17
6.2842744e-17
9.7096713e-17
-0.20599411
-0.2138244
-0.22448673
6.5633939e-17
5.8234502e-17
4.0976287e-17
-0.14246403
-0.14643559
-0.15223062
-0.11861367
-0.072888907
-0.025378677
1.1309224e-16
1.0461747e-16
8.3427084e-17
1.0218968e-16
8.9468962e-17
9.36943e-17
-0.10311391
-0.10504588
-0.10789454
-0.08605067
-0.052905609
-0.018426813
1.3376104e-16
1.3131192e-16
1.2157576e-16
-0.09127057
-0.055728434
-0.019347137
-0.14587397
-0.12972903
-0.11590641
-0.1334835
-0.11971719
-0.10802855
1.2859188e-16
1.4166472e-16
1.4713242e-16
9.454392e-17
1.0348827e-16
1.204217e-16
0.025378677
0.072888907
0.11861367
0.14246403
0.14643559
0.15223062
0.027468621
0.079119585
0.12956698
0.018426813
0.052905609
0.08605067
0.10311391
0.10504588
0.10789454
0.019347137
0.055728434
0.09127057
0.1334835
0.11971719
0.10802855
0.14587397
0.12972903
0.11590641
-0.43799154
-0.41920702
-0.39948979
-0.50720129
-0.48522482
-0.46235223
-0.59680632
-0.57015949
-0.54178006
-0.61552794
-0.58766974
-0.55473086
-0.52366827
-0.49820397
-0.46833285
-0.42174123
-0.40002382
-0.37471292
-0.49357557
-0.42227225
-0.36617156
-0.42085222
-0.36126963
-0.3139491
-0.33708047
-0.29030173
-0.25281791
-0.34520909
-0.36131582
-0.37722229
-0.29317428
-0.30272387
-0.31617528
-0.2359838
-0.24137383
-0.25091761
-0.41456931
-0.48044703
-0.56688067
-0.34764736
-0.40251146
-0.47705059
-0.27583747
-0.31881452
-0.38012902
-0.31887851
-0.3047676
-0.2927536
-0.26658985
-0.25582164
-0.25028615
-0.23115235
-0.22244294
-0.21805627
-0.29365563
-0.28165618
-0.26874239
-0.33254325
-0.31879866
-0.30407002
-0.37878908
-0.36290478
-0.34600176
-0.31801369
-0.28023207
-0.24825091
-0.27339907
-0.2415256
-0.21441362
-0.22068162
-0.1953421
-0.17369075
-0.23618966
-0.24631966
-0.2560708
-0.20239088
-0.20827578
-0.21579741
-0.1637767
-0.16706338
-0.17208017
-0.27776638
-0.3145222
-0.35830218
-0.23371697
-0.26441309
-0.30087518
-0.18614199
-0.21044916
-0.23917185
-0.20130304
-0.1944346
-0.19077519
-0.17768105
-0.1722002
-0.16909031
-0.15750275
-0.15308542
-0.15046996
-0.30480318
-0.28838346
-0.26934696
-0.18708359
-0.17671588
-0.16473627
-0.065123692
-0.061462548
-0.057239495
-0.24286734
-0.20957896
-0.18277146
-0.14866421
-0.12843955
-0.11211313
-0.051669343
-0.044667442
-0.039004856
-0.17039758
-0.173254
-0.17934901
-0.10449142
-0.10593323
-0.10933973
-0.036353629
-0.036803943
-0.037933965
-0.19681174
-0.22717264
-0.27244397
-0.11983321
-0.13820257
-0.16642247
-0.041547828
-0.047898494
-0.057795424
2.0832437e-17
-1.2728281e-17
-7.9623184e-17
5.7053149e-17
-2.2164291e-17
-3.6456491e-17
7.8532137e-17
7.1212138e-17
5.2765898e-17
-0.044140065
-0.043116943
-0.0416123
-0.12706715
-0.12416746
-0.11984693
-0.2078497
-0.20326693
-0.19625493
-0.23183174
-0.22680166
-0.21910837
-0.20299004
-0.19861345
-0.19206961
-0.1784158
-0.17469356
-0.16920384
-0.17856379
-0.10905691
-0.037870615
-0.15668782
-0.095695234
-0.033228732
-0.13820659
-0.084403135
-0.029305187
6.4812464e-17
8.8103783e-17
5.9823615e-17
7.9429297e-17
8.9133086e-17
8.2567567e-17
7.3415262e-17
7.7817423e-17
9.2009736e-17
-0.041324472
-0.11896578
-0.19460908
-0.036125201
-0.10404741
-0.17034589
-0.031697647
-0.091335261
-0.1496458
-0.13902198
-0.13618064
-0.13207252
-0.084796141
-0.083051265
-0.080592019
-0.029417373
-0.028811104
-0.027967663
-0.039733929
-0.038018591
-0.036792887
-0.11438233
-0.10934081
-0.10572508
-0.187164
-0.17854785
-0.17231598
-0.20907267
-0.19950143
-0.19258016
-0.18368529
-0.17584318
-0.17033819
-0.16224455
-0.1558093
-0.15137247
-0.15975239
-0.098071164
-0.034133114
-0.14156805
-0.086960604
-0.030274335
-0.12597166
-0.077406032
-0.026951256
6.9842022e-17
8.8095605e-17
4.6448621e-17
9.6780488e-17
1.0263652e-16
9.2926552e-17
1.1189731e-16
1.0110774e-16
8.9384563e-17
-0.12697935
-0.12240423
-0.11931245
-0.077622208
-0.075033182
-0.073300542
-0.026963324
-0.026098538
-0.025521641
-0.14299575
-0.13778735
-0.13422863
-0.12740059
-0.12319104
-0.12031933
-0.11407071
-0.1107648
-0.10851157
-0.1118021
-0.068703302
-0.023920734
-0.10027762
-0.061618175
-0.021453243
-0.090500042
-0.055621818
-0.019368396
1.3315042e-16
1.2211365e-16
1.1957102e-16
1.3174693e-16
1.2558551e-16
1.0790079e-16
1.4388855e-16
1.3543848e-16
1.2994188e-16
-0.025772779
-0.074242058
-0.12159523
-0.022907401
-0.065998185
-0.10812253
-0.020467112
-0.058965495
-0.096599416
-0.090010688
-0.087837771
-0.086391619
-0.055029116
-0.053863705
-0.053100093
-0.019116655
-0.018739082
-0.018493094
0.12697935
0.12240423
0.11931245
0.077622208
0.075033182
0.073300542
0.026963324
0.026098538
0.025521641
0.023920734
0.068703302
0.1118021
0.021453243
0.061618175
0.10027762
0.019368396
0.055621818
0.090500042
0.13422863
0.13778735
0.14299575
0.12031933
0.12319104
0.12740059
0.10851157
0.1107648
0.11407071
0.12159523
0.074242058
0.025772779
0.10812253
0.065998185
0.022907401
0.096599416
0.058965495
0.020467112
0.019116655
0.018739082
0.018493094
0.055029116
0.053863705
0.053100093
0.090010688
0.087837771
0.086391619
-0.55432237
-0.52904967
-0.50167374
-0.47003359
-0.44897469
-0.42777444
-0.40589321
-0.38840385
-0.37070936
-0.46561255
-0.44349073
-0.42377646
-0.39279724
-0.3743401
-0.36154056
-0.33978529
-0.32479229
-0.31422641
-0.3707106
-0.35401875
-0.3396222
-0.31076459
-0.29757057
-0.29018167
-0.26931165
-0.25862837
-0.25263331
-0.35133395
-0.33687779
-0.32206901
-0.30868673
-0.29643303
-0.28376987
-0.27278401
-0.26225846
-0.25133138
-0.29483689
-0.28281748
-0.2740315
-0.25956865
-0.24969522
-0.24222471
-0.22973398
-0.22149621
-0.21510743
-0.23428481
-0.2258237
-0.22083018
-0.20665022
-0.19983221
-0.19558576
-0.18312026
-0.17755592
-0.17395873
-0.26583267
-0.25429373
-0.24444937
-0.22170308
-0.21320896
-0.20910381
-0.19230855
-0.18546677
-0.18227493
-0.16243635
-0.15556217
-0.1496178
-0.13503156
-0.13024841
-0.12807661
-0.11717672
-0.1133474
-0.1117248
-0.056424414
-0.054061367
-0.052007412
-0.046829256
-0.045234469
-0.044534593
-0.040643694
-0.039372083
-0.038862206
-0.19333645
-0.18904865
-0.18259371
-0.11813518
-0.1154376
-0.11148259
-0.04102578
-0.040076818
-0.03870356
-0.1692056
-0.16550182
-0.16004883
-0.10331292
-0.10100668
-0.097698213
-0.035862771
-0.035055685
-0.033912826
-0.14866165
-0.14553223
-0.14098591
-0.09070865
-0.088778101
-0.08604428
-0.031475061
-0.030802713
-0.029862854
-0.17432828
-0.16663218
-0.16114355
-0.10654349
-0.10207029
-0.098906448
-0.037011119
-0.035494792
-0.034425587
-0.15319046
-0.14693216
-0.14259963
-0.093641305
-0.090043205
-0.087574403
-0.032530162
-0.031317747
-0.030488542
-0.13532883
-0.13022947
-0.12676186
-0.082729262
-0.079827407
-0.077872694
-0.028738746
-0.027766496
-0.027113602
-0.11927394
-0.11517869
-0.11241962
-0.072905942
-0.070602369
-0.069065885
-0.025323184
-0.024556347
-0.024046426
-0.10625789
-0.10297732
-0.10077201
-0.064937058
-0.063116718
-0.06190634
-0.022552583
-0.021951221
-0.021552672
-0.095142127
-0.092597547
-0.090891686
-0.058148376
-0.056763484
-0.055847353
-0.020196175
-0.019743701
-0.019445638
0.025323184
0.024556347
0.024046426
0.072905942
0.070602369
0.069065885
0.11927394
0.11517869
0.11241962
0.022552583
0.021951221
0.021552672
0.064937058
0.063116718
0.06190634
0.10625789
0.10297732
0.10077201
0.020196175
0.019743701
0.019445638
0.058148376
0.056763484
0.055847353
0.095142127
0.092597547
0.090891686
