MFEM mesh v1.0

#
# MFEM Geometry Types (see mesh/geom.hpp):
#
# POINT       = 0
# SEGMENT     = 1
# TRIANGLE    = 2
# SQUARE      = 3
# TETRAHEDRON = 4
# CUBE        = 5
#

dimension
3

elements
7
1 5 8 9 1 2 23 24 14 15
1 5 9 3 0 1 24 11 6 14
1 5 22 10 11 24 25 12 13 26
1 5 24 11 6 14 26 13 7 16
1 5 2 1 21 20 15 14 28 27
1 5 1 0 4 21 14 6 17 28
1 5 21 4 5 19 28 17 18 29

boundary
28
1 3 2 1 9 8
1 3 1 0 3 9
1 3 20 21 1 2
1 3 21 4 0 1
1 3 19 5 4 21
37 3 8 9 24 23
37 3 9 3 11 24
37 3 24 11 10 22
37 3 2 8 23 15
37 3 23 24 14 15
37 3 3 0 6 11
37 3 22 10 12 25
37 3 24 22 25 26
37 3 10 11 13 12
37 3 25 12 13 26
37 3 14 24 26 16
37 3 11 6 7 13
37 3 6 14 16 7
37 3 26 13 7 16
37 3 0 4 17 6
37 3 4 5 18 17
37 3 20 2 15 27
37 3 21 20 27 28
37 3 15 14 28 27
37 3 14 6 17 28
37 3 19 21 28 29
37 3 5 19 29 18
37 3 28 17 18 29

vertices
30

nodes
FiniteElementSpace
FiniteElementCollection: H1_3D_P4
VDim: 3
Ordering: 0

0.57680281
0.30998466
-3.1225023e-17
0.59718411
0.67220951
0.70710678
0.19396305
0.042399647
-1.3010426e-18
0.35742227
0.11593099
0.18331332
0.052515288
0.056891641
0.063118382
-0.13198986
-0.048044756
0.24847343
0.27115431
0.39717735
-4.7704896e-18
0.37298049
0.011479379
-0.14693255
0.042616678
-0.052071601
-0.049994851
-0.1259328
0.092726462
0.10812103
0.066774181
0.18738835
0.30121566
0.32270389
0.34438715
0.35846631
0.25847359
0.15791786
0.054840668
-2.2551405e-17
-1.6046192e-17
-1.2153229e-17
-0.11100089
-0.046215589
0.013418199
0.060009789
0.054802709
0.047862098
0.032822386
-0.029107859
-0.095651607
-0.13383333
-0.13823026
-0.14372153
-0.041991928
-0.098165803
-0.13360411
0.25642348
0.13888271
0.069288107
0.26013144
0.16636104
0.093938521
-0.031416576
-0.08086326
-0.11713807
0.56883747
0.49871635
0.4101988
0.5956796
0.62291904
0.62215427
0.53530853
0.45101024
0.36016927
0.16238301
0.11873568
0.070313343
0.19864298
0.20054484
0.19234645
0.17761954
0.13927435
0.091317482
0.46564011
0.31081708
0.21924159
0.48033016
0.33796809
0.23582439
0.10212314
0.071304333
0.033974635
0.12011655
0.14402119
0.17150573
0.013009495
0.023055667
0.036364014
0.03759169
0.0055112371
-0.031103114
0.052822908
0.054662303
0.056569398
0.04125899
0.0080681266
-0.028992408
-0.051955886
-0.05122492
-0.050318465
-0.001133782
-0.022815322
-0.042420535
0.10605927
0.085897199
0.064264234
0.15375604
0.1088079
0.073222545
0.020651021
-0.012490668
-0.03833889
0.046695082
0.053101738
0.056509421
0.031277675
0.0045540258
-0.028598938
-0.049187063
-0.049803622
-0.049817461
0.15817717
0.10344519
0.061094114
0.036947138
-0.0033954647
-0.034453961
0.32278198
0.34512795
0.36435579
0.066774181
0.19175207
0.31218017
-8.6466182e-18
-1.5612511e-17
-9.5409791e-18
0.067220282
0.076900736
0.087551163
-0.085782518
-0.011764976
0.058090762
-0.13042779
-0.12816491
-0.12657291
0.30489766
0.20239339
0.1255841
-0.030262294
-0.076512864
-0.11126456
0.59676332
0.63090058
0.65955636
0.6278812
0.53501952
0.4314642
0.20371461
0.22282701
0.24051992
0.22875039
0.18193156
0.12556927
0.56347554
0.4066831
0.29476763
0.68302929
0.69820254
0.70601727
0.66207707
0.56663459
0.45868172
0.39642918
0.39095644
0.38042078
0.25543471
0.26531138
0.2704517
0.25072743
0.20213432
0.14288406
0.097385245
0.10410054
0.1076396
0.59731092
0.43527811
0.31929255
0.32694084
0.22136018
0.14211567
0.057239495
0.16472272
0.2693007
0.061462548
0.17656051
0.28791467
0.065123692
0.18558472
0.30080151
0.014824902
0.11709523
0.21076971
-0.052724824
0.02874571
0.10290277
-0.094977451
-0.025488476
0.038181264
0.26474534
0.2664275
0.26067552
0.14838891
0.15826855
0.16325061
0.075978839
0.084505028
0.090284306
0.21278247
0.1188768
0.021062651
0.12732399
0.048392381
-0.035414005
0.061062673
-0.0060105755
-0.077922293
-0.03245588
-0.035352512
-0.039317677
-0.082657349
-0.087449518
-0.094009511
-0.11908648
-0.12383403
-0.12994471
-0.1076889
-0.04237428
0.01811025
-0.10219626
-0.036470073
0.024698075
-0.097691928
-0.031586614
0.029917161
0.37458348
0.46799784
0.55385926
0.3988824
0.49568327
0.58220527
0.41335705
0.50805375
0.58756728
0.29920075
0.37215988
0.43513986
0.17280037
0.23170588
0.28483233
0.098723059
0.15017258
0.19664673
0.49001673
0.50271489
0.49077055
0.32904672
0.34543163
0.34397165
0.23090794
0.24188467
0.24064432
0.45271078
0.38539547
0.30541006
0.31683937
0.26609876
0.2030516
0.21847761
0.17678284
0.12459277
0.076097479
0.12573492
0.1705889
0.083348056
0.1332281
0.17859894
0.088258551
0.13647272
0.17803196
0.063192834
0.10984085
0.15155894
0.047768232
0.089907374
0.12673212
0.035832187
0.073856628
0.10567265
0.021604369
0.059756823
0.091663664
-0.00034719361
0.038064915
0.070879735
-0.02083421
0.016617288
0.049185339
0.10885328
0.125326
0.1451636
0.087161775
0.094928464
0.1046812
0.064795098
0.068047892
0.071920787
0.13402574
0.092790076
0.046881003
0.090985479
0.053410856
0.011436993
0.056892329
0.02228808
-0.016379264
0.016106306
0.0067463708
-6.531945e-05
-0.014690898
-0.019167551
-0.022327687
-0.039132006
-0.040905868
-0.042212834
-0.0309728
0.0056900286
0.037846241
-0.030161328
0.0067762218
0.039388771
-0.029247283
0.007897871
0.040979811
0.16027992
0.16561787
0.16272204
0.11169738
0.11255383
0.10790778
0.07369982
0.071423334
0.065467211
0.14315602
0.10756265
0.063110974
0.090198377
0.058763205
0.019621625
0.049305004
0.021107485
-0.01389901
0.03408105
0.029806868
0.024510217
-0.005502877
-0.0080389959
-0.010616168
-0.035891766
-0.037043884
-0.037731278
-0.029008057
0.0078026624
0.040796051
-0.029547656
0.0059482682
0.037980166
-0.029581529
0.0039562111
0.032780347
0.065123692
0.18708359
0.30480318
0.061462548
0.17671588
0.28838346
0.057239495
0.16473627
0.26934696
0.26482491
0.28076017
0.29713792
0.17088933
0.18269753
0.19595894
0.098041845
0.10854449
0.11997132
0.25072023
0.14283091
0.030184853
0.15783293
0.068436129
-0.025695589
0.088003071
0.012278484
-0.067849399
-0.030374732
-0.03060175
-0.03094101
-0.076911776
-0.07789475
-0.079511953
-0.1118596
-0.1133586
-0.11556786
-0.0936747
-0.026298068
0.036507028
-0.090269778
-0.020612511
0.044702507
-0.087202154
-0.014674919
0.053682698
0.42174123
0.52366827
0.61549699
0.40002382
0.49820397
0.58759702
0.37469603
0.46827742
0.55454333
0.49515529
0.52453036
0.55151037
0.35032133
0.37434146
0.39665756
0.24631962
0.26704061
0.28616928
0.52752875
0.44787932
0.35683358
0.38018157
0.31824312
0.24482672
0.27343172
0.22251661
0.16125337
0.096034064
0.14468755
0.18537454
0.10730141
0.15955665
0.20396794
0.11963203
0.1748993
0.22093311
0.45784149
0.56566212
0.6610298
0.45169272
0.55853883
0.65334976
0.43984281
0.54477698
0.63846807
0.57391888
0.58864063
0.59627204
0.41545962
0.4279126
0.43439277
0.30229267
0.3129719
0.31853437
0.5594144
0.47677102
0.38160039
0.40754585
0.34314279
0.26615702
0.2970556
0.24419761
0.17983697
0.32625739
0.32124186
0.31163368
0.22076808
0.21642257
0.2081489
0.14159648
0.13779455
0.13057518
0.13082534
0.18813502
0.23547901
0.13838298
0.19692937
0.24505674
0.14234235
0.20151026
0.25004576
0.017209998
0.1205819
0.21711777
0.01956429
0.1212937
0.21803443
0.020437876
0.11889144
0.21322621
-0.048269275
0.034569171
0.11097359
-0.041867523
0.041616847
0.11970561
-0.037342416
0.046077321
0.12451112
-0.09113055
-0.020848623
0.04408693
-0.084959247
-0.014026102
0.052005333
-0.080131754
-0.0087958598
0.057698351
0.30980178
0.38800649
0.4567711
0.31275167
0.39435127
0.46793764
0.30620366
0.38635756
0.45715961
0.18377455
0.24571151
0.30164906
0.19489603
0.258991
0.31726466
0.1998785
0.26289378
0.31734798
0.10620771
0.15932633
0.20740659
0.11533337
0.16918259
0.21822426
0.12091763
0.17325088
0.21840261
0.02286941
0.061500585
0.094030677
0.030914079
0.072365966
0.10839027
0.041740912
0.086407812
0.12616431
0.0002269857
0.038851896
0.071953713
0.0039212938
0.043841075
0.078656051
0.0090141091
0.050460214
0.087251156
-0.02059966
0.016941711
0.049630479
-0.019109934
0.018951133
0.052396901
-0.017176882
0.02141867
0.055728979
0.051074853
0.097798436
0.13990854
0.056449936
0.10298993
0.14528516
0.060317481
0.10506862
0.14366586
0.013353244
0.055576459
0.093491918
0.01565894
0.057091618
0.094636089
0.017640703
0.057144161
0.091198862
-0.015905661
0.022641537
0.057199782
-0.015702807
0.021660284
0.055428201
-0.015184256
0.020207556
0.050671706
0.022287324
0.12152322
0.21682358
0.025449803
0.12994803
0.2302415
0.028642695
0.13864538
0.24410442
-0.033557231
0.051275262
0.13130415
-0.030272284
0.057803431
0.14120971
-0.027174707
0.064924089
0.15236436
-0.075953612
-0.0032247394
0.06473568
-0.072452848
0.0028446759
0.073602511
-0.069316385
0.0091509389
0.083226227
0.31096122
0.39203739
0.46305515
0.32931177
0.41502298
0.49089947
0.34800986
0.4375372
0.51598247
0.20835117
0.27238129
0.32630711
0.22212976
0.29057369
0.3493037
0.23745947
0.30954094
0.37045716
0.12935009
0.18230093
0.22660627
0.1415914
0.19845444
0.24675856
0.15481643
0.21489918
0.26497313
0.36440345
0.45676374
0.53731681
0.37520794
0.46934688
0.55121714
0.38082945
0.47587838
0.55842743
0.25131537
0.32588941
0.38856209
0.26062541
0.33673165
0.40048801
0.26549053
0.34237245
0.40669656
0.1668797
0.22915536
0.28064655
0.17500095
0.23860433
0.29095189
0.1792525
0.24352441
0.29631924
0.57735027
0.67227043
0.70710678
0.31000795
0.67227043
0.70710678
0.37093401
0.2509096
0.39717735
0.37298049
1.615226e-16
0.21845228
1.4628094e-16
0.14600588
0.43775954
0.46758567
0.29343711
0.41857316
0.43932695
0.91774188
0.91774188
0.84957113
9.7492703e-17
0.25398595
0.24029479
1.5050849e-16
0.15907894
0.61063762
0.55892108
0.59697122
0.39642918
0.39095644
0.38042078
0.6278812
0.53501952
0.4314642
0.68307557
0.69823377
0.70604267
0.66207707
0.56663459
0.45868172
0.25331385
0.24996314
0.24415578
0.40741123
0.34465139
0.27733837
0.44644599
0.45907283
0.4661879
0.43483128
0.36757339
0.29452323
0.36675877
0.31589895
0.27345729
0.34637705
0.29990861
0.2593017
0.62284484
0.54105344
0.47060224
0.65756996
0.57389986
0.50160709
0.32278198
0.34512795
0.36435579
0.53562341
0.45112133
0.36020918
0.59712124
0.63106638
0.65963981
0.22094687
0.22787722
0.23612578
0.3498866
0.30268408
0.24857135
0.38313373
0.40634548
0.42796573
0.29890385
0.26566553
0.23433475
0.53151106
0.45857524
0.39844885
1.0968977e-16
1.0742721e-16
7.1203925e-17
0.044707034
0.12116857
0.18660734
0.044398821
0.1259362
0.20206789
1.6172193e-16
1.8419961e-16
1.5522149e-16
0.026621116
0.076027424
0.12277086
0.14709415
0.15103618
0.15627259
0.028266735
0.081290721
0.13279227
1.2022739e-16
1.4371405e-16
1.6554195e-16
1.4264583e-16
1.3939636e-16
1.5875641e-16
0.20340937
0.17773486
0.15600026
0.22291293
0.19418832
0.17016556
0.23796105
0.20626259
0.16801524
0.25787203
0.27253872
0.2867688
0.27316517
0.23079692
0.18465916
0.34569468
0.30351735
0.26762724
0.4074965
0.35677357
0.3135868
0.70822101
0.77112957
0.82527783
0.91563372
0.90021342
0.87053063
0.74943575
0.8239692
0.88860063
0.46554712
0.51019678
0.54447267
0.60798126
0.59575625
0.57411168
0.49820751
0.54982815
0.59221937
0.79232189
0.6903003
0.60084245
0.85607408
0.74895258
0.65507636
0.59712124
0.63106638
0.65963981
0.70822101
0.77112957
0.82527783
0.37898351
0.39555948
0.41135334
0.44872591
0.49972072
0.54098167
0.61215467
0.52164231
0.45032057
0.68307557
0.69823377
0.70604267
0.74943575
0.8239692
0.88860063
0.91563372
0.90021342
0.87053063
0.42490777
0.43395344
0.43868007
0.47193998
0.52827048
0.57583119
0.57091939
0.58744569
0.59582899
0.64540109
0.54881177
0.47293736
0.85193836
0.73885679
0.64199706
0.6610298
0.65334976
0.63846807
0.56566212
0.55853883
0.54477698
0.45784149
0.45169272
0.43984281
0.36658585
0.36234188
0.35311361
0.31566552
0.31229803
0.30510372
0.27292547
0.26959158
0.26347391
0.39912947
0.49424699
0.58166193
0.34485613
0.42709862
0.50401144
0.29883584
0.37079592
0.43813736
0.63373129
0.64890943
0.65663792
0.55111943
0.56535741
0.57282718
0.47980025
0.49303206
0.50030709
0.61392538
0.52360575
0.42331337
0.53445649
0.45353891
0.36521237
0.46663008
0.39485074
0.31681815
0.29366431
0.28947647
0.2822042
0.36645285
0.36094143
0.3512599
0.43353305
0.42697169
0.41535764
0.61552794
0.58766974
0.55473086
0.52366827
0.49820397
0.46833285
0.42174123
0.40002382
0.37471292
0.33852828
0.32148782
0.30430569
0.29400914
0.28149042
0.26994305
0.25468592
0.24541599
0.23719744
0.34371842
0.4256719
0.49772201
0.30272194
0.37063019
0.4306185
0.26638275
0.3244863
0.37552377
0.55020992
0.58192784
0.61053435
0.47486459
0.50359039
0.52962832
0.41193555
0.43702606
0.4602205
0.27196998
0.26124451
0.25193663
0.33727317
0.32171773
0.30735334
0.39830062
0.37887721
0.35811382
0.19901877
0.1931349
0.18834744
0.12472223
0.12263619
0.12134955
0.044198969
0.04400147
0.044296689
1.3052971e-16
1.2784002e-16
1.4603729e-16
1.5162393e-16
1.6723673e-16
1.5326489e-16
1.6520876e-16
1.760094e-16
1.6026191e-16
0.040172934
0.1108959
0.17318629
0.033520716
0.094483514
0.15035983
0.028680467
0.08166305
0.13139149
0.20539106
0.21151602
0.21902422
0.1792232
0.18426896
0.19075516
0.15719804
0.16148892
0.16714201
0.18707806
0.11589709
0.040678298
0.16248733
0.099965642
0.034889044
0.14213707
0.087117901
0.030320576
0.027870437
0.027189185
0.026730675
0.080071978
0.07792979
0.076423404
0.13057979
0.12655726
0.12359688
0.23204079
0.28283146
0.32660426
0.20360436
0.24895315
0.28728871
0.17929794
0.21985622
0.2536697
0.35668317
0.37810105
0.39827797
0.312609
0.33100062
0.34861218
0.27523847
0.29108647
0.30641894
0.37926425
0.32070138
0.25769817
0.33205197
0.28062439
0.22498344
0.29189304
0.24662351
0.19742993
0.18117463
0.17460332
0.16945895
0.2260409
0.21646678
0.20836792
0.26708225
0.25461396
0.2421157
0.8866454
0.8723379
0.84476821
0.82234343
0.81043561
0.78743445
0.74817327
0.73891546
0.72097901
0.65995632
0.72100241
0.77059661
0.5749901
0.62963216
0.67215173
0.50047247
0.54842036
0.58527166
0.81189147
0.83948622
0.85392803
0.70807528
0.73309465
0.74655746
0.61695036
0.63978196
0.65247214
0.82936049
0.76940476
0.69871492
0.72601372
0.67376166
0.61090806
0.63522544
0.58965971
0.53436168
0.49668025
0.48891634
0.47508914
0.54793432
0.5385852
0.52188285
0.58983972
0.57860103
0.5585897
0.80266349
0.7521652
0.69333656
0.7521652
0.70963766
0.65977922
0.69333656
0.65977922
0.62011882
0.5455763
0.57404304
0.60038683
0.46933228
0.49126584
0.51216621
0.40711947
0.42521295
0.44244343
0.65182775
0.7167288
0.76927585
0.55872639
0.62025547
0.66918627
0.48297896
0.53772613
0.58177715
0.45465174
0.43017511
0.40031948
0.49638672
0.46450242
0.42229191
0.52789816
0.48911689
0.4406535
0.8866454
0.82234343
0.74817327
0.8723379
0.81043561
0.73891546
0.84476821
0.78743445
0.72097901
0.62239405
0.63686978
0.64437679
0.52995455
0.5417935
0.54796734
0.45722204
0.46708057
0.47223198
0.68860983
0.76220779
0.82427129
0.58867909
0.6567602
0.71367971
0.50810624
0.56856333
0.61943878
0.85010326
0.83671423
0.81076681
0.73738201
0.72659001
0.70548395
0.64075751
0.63166955
0.61379219
0.55197867
0.50858574
0.45585661
0.56709252
0.52100259
0.46596073
0.57478791
0.52739756
0.4712203
0.42280786
0.41758066
0.40683466
0.52280785
0.51631573
0.50347113
0.613069
0.60589777
0.59172394
0.36468241
0.36019927
0.35122505
0.45269438
0.44675157
0.43526793
0.53347273
0.52656663
0.5133357
0.31606337
0.31181198
0.30408739
0.39381099
0.38814932
0.37788318
0.46542279
0.4587228
0.44653751
0.38998731
0.37027479
0.3501869
0.48341268
0.45911086
0.43337264
0.5696056
0.54297953
0.51121355
0.33752914
0.32211113
0.30783584
0.41771577
0.39706816
0.37699237
0.49309091
0.46906413
0.44195386
0.29289498
0.28094209
0.27013513
0.36275045
0.34569106
0.32949899
0.42836414
0.40746941
0.38458886
0.040365258
0.039940673
0.039941497
0.1146044
0.11240124
0.11107166
0.1841822
0.17876606
0.1745256
0.034484493
0.033834822
0.033507057
0.098616651
0.09629462
0.094781341
0.15984718
0.15501337
0.15139707
0.029909317
0.029212147
0.028767442
0.085835259
0.083589617
0.082043508
0.13976735
0.13545715
0.13227545
0.25272779
0.24302111
0.23477471
0.31385501
0.29966073
0.28675815
0.37072011
0.35275811
0.33379812
0.22066172
0.21239021
0.20566059
0.27469134
0.26259211
0.25197368
0.32455104
0.30900111
0.29301564
0.19366402
0.18654396
0.18091001
0.24147865
0.23109813
0.22222267
0.28533817
0.27187565
0.25828788
0.69757203
0.68885832
0.67196165
0.76788438
0.75695483
0.73592947
0.82743934
0.81417199
0.788735
0.60969618
0.60150006
0.58594512
0.67215319
0.6620802
0.64310724
0.72390435
0.7116049
0.68859717
0.53292799
0.52498547
0.51053748
0.58785163
0.5782421
0.56074874
0.63291001
0.62127794
0.60021895
0.64623892
0.6146932
0.57580864
0.70343164
0.66308697
0.60970944
0.74943401
0.70026603
0.63898088
0.5623539
0.53350314
0.49699742
0.6135848
0.57612792
0.52485173
0.65274864
0.60685413
0.54832756
0.48899394
0.46291393
0.43077732
0.5338318
0.49987858
0.45445775
0.56770372
0.52631969
0.47428576
0.78634144
0.7307452
0.66318199
0.81023977
0.7505439
0.67918142
0.82258962
0.76080663
0.68747756
0.68311904
0.63152766
0.56791372
0.70242889
0.64741269
0.58095503
0.71233353
0.65563716
0.58774932
0.59364327
0.5472889
0.49070213
0.6099753
0.56069921
0.50163273
0.61830933
0.56761925
0.50732882
-0.57735027
-0.67227043
-0.70710678
-0.67227043
-0.31000795
-3.1225023e-17
-0.36204072
-0.24629866
-0.91774188
-0.84957113
-0.43862719
-0.41475441
-0.29450494
-0.28057433
-0.42824044
-0.46185394
-0.28807716
-0.20396961
6.5593208e-17
-2.4286129e-17
-0.39717735
-0.37298049
-0.58040305
-0.59957576
-0.54440267
-0.38992054
-0.36647399
-0.25064867
-0.23013366
4.943868e-17
-0.91563372
-0.90021342
-0.87053063
-0.70822101
-0.77112957
-0.82527783
-0.68307557
-0.69823377
-0.70604267
-0.74943575
-0.8239692
-0.88860063
-0.59588916
-0.58197579
-0.55947685
-0.45531071
-0.49826979
-0.53078725
-0.43749377
-0.45137718
-0.45979708
-0.49171042
-0.54162967
-0.58213856
-0.8519602
-0.73970671
-0.64406137
-0.78354073
-0.67517407
-0.58557829
-0.61859413
-0.53235175
-0.4608565
-0.6553184
-0.5690496
-0.49589265
-0.70822101
-0.77112957
-0.82527783
-0.59712124
-0.63106638
-0.65963981
-0.59712124
-0.63106638
-0.65963981
-0.44243449
-0.48871055
-0.52712522
-0.37146812
-0.38963884
-0.40684311
-0.37321485
-0.39592702
-0.41794732
-0.60919191
-0.51756107
-0.44674376
-0.52737352
-0.45042681
-0.38937375
-0.46757203
-0.51751099
-0.56064793
-0.43790711
-0.43237503
-0.42186255
-0.57937045
-0.57135729
-0.55568435
-0.31442634
-0.34838027
-0.37703523
-0.29408541
-0.29098272
-0.28490983
-0.29902892
-0.32986757
-0.35519664
-0.38923911
-0.38417847
-0.37400274
-0.54015858
-0.47341171
-0.41664548
-0.40734808
-0.35643981
-0.31412606
-0.38604076
-0.3387521
-0.29904394
-0.50691427
-0.44449501
-0.39139669
-0.25230909
-0.26437113
-0.27556222
-0.25278354
-0.26705101
-0.28127341
-0.30620552
-0.33522497
-0.35729985
-0.33733964
-0.29660105
-0.26227054
-0.39851827
-0.34920431
-0.30750825
-0.6278812
-0.53501952
-0.4314642
-0.39642918
-0.39095644
-0.38042078
-0.66207707
-0.56663459
-0.45868172
-0.39832682
-0.33557479
-0.2675783
-0.24915414
-0.24380221
-0.23547974
-0.42975266
-0.36341542
-0.29094318
-0.33901691
-0.28758291
-0.24782968
-0.36405434
-0.31178358
-0.26974484
-0.53562341
-0.45112133
-0.36020918
-0.32278198
-0.34512795
-0.36435579
-0.34073645
-0.29250438
-0.23582297
-0.20599411
-0.2138244
-0.22448673
-0.29099422
-0.25084148
-0.2186143
-0.25848698
-0.15792154
-0.054840668
-1.0408341e-17
8.2399365e-18
-1.7018586e-17
-0.066774181
-0.19175207
-0.31218017
-0.17059347
-0.10468126
-0.036427225
6.5633939e-17
5.8234502e-17
4.0976287e-17
-0.19182543
-0.11716514
-0.040688318
-5.5736731e-17
-1.7506299e-17
1.0198599e-17
-5.1830611e-17
-1.4288394e-17
8.2417246e-19
-0.74817327
-0.73891546
-0.72097901
-0.82234343
-0.81043561
-0.78743445
-0.8866454
-0.8723379
-0.84476821
-0.84895356
-0.83264817
-0.80358239
-0.7360621
-0.72016229
-0.69331457
-0.64029408
-0.62563
-0.60168591
-0.76296502
-0.7151523
-0.65532736
-0.65824461
-0.61818758
-0.56555694
-0.57094286
-0.53605394
-0.48997206
-0.62981031
-0.64567271
-0.65406478
-0.54301491
-0.55854834
-0.56732898
-0.47066242
-0.48523628
-0.49389635
-0.69622871
-0.76634757
-0.82559827
-0.60548815
-0.66698249
-0.7176238
-0.52790763
-0.58152674
-0.62520188
-0.57878836
-0.5659122
-0.54493674
-0.53890956
-0.5280756
-0.51025434
-0.48948206
-0.48037707
-0.46535136
-0.69333656
-0.65977922
-0.62011882
-0.7521652
-0.70963766
-0.65977922
-0.80266349
-0.7521652
-0.69333656
-0.76037655
-0.70862972
-0.6465242
-0.65430885
-0.60786403
-0.55162504
-0.56711375
-0.52605154
-0.47644395
-0.59680632
-0.57015949
-0.54178006
-0.50720129
-0.48522482
-0.46235223
-0.43799154
-0.41920702
-0.39948979
-0.54556344
-0.57707573
-0.60597992
-0.46569028
-0.49392371
-0.52040218
-0.40174122
-0.42630733
-0.44993958
-0.51463804
-0.4782489
-0.43394434
-0.48448352
-0.45381
-0.41478629
-0.44411309
-0.41962819
-0.3913732
-0.53759056
-0.49750138
-0.44996437
-0.55215757
-0.51007168
-0.46096658
-0.55965916
-0.51664537
-0.46679122
-0.52169614
-0.48133423
-0.43449634
-0.45727995
-0.42184304
-0.38048265
-0.4026834
-0.37178137
-0.33539113
-0.40666708
-0.40177507
-0.39245993
-0.35589396
-0.35190054
-0.34418068
-0.31366534
-0.31029298
-0.30371874
-0.41177103
-0.45493186
-0.49078385
-0.3612603
-0.39905403
-0.43041224
-0.31879347
-0.35188394
-0.37919143
-0.51742168
-0.53185506
-0.53916565
-0.45371222
-0.4662645
-0.47256058
-0.39948552
-0.4104428
-0.41590607
-0.37640146
-0.34783457
-0.31396529
-0.3716821
-0.34378925
-0.3105567
-0.36221534
-0.33574503
-0.30385816
-0.37878908
-0.36290478
-0.34600176
-0.33254325
-0.31879866
-0.30407002
-0.29365563
-0.28165618
-0.26874239
-0.34739001
-0.36833424
-0.38885666
-0.30495713
-0.32291205
-0.34072602
-0.26932384
-0.28475896
-0.30014877
-0.42373924
-0.46382707
-0.49421749
-0.371289
-0.4065278
-0.43331854
-0.3269036
-0.35793663
-0.38156111
-0.34672506
-0.32275415
-0.29345284
-0.3261084
-0.30587478
-0.28049055
-0.29877996
-0.28267585
-0.26463451
-0.45784149
-0.45169272
-0.43984281
-0.56566212
-0.55853883
-0.54477698
-0.6610298
-0.65334976
-0.63846807
-0.57752925
-0.48964825
-0.39303772
-0.49565683
-0.41828667
-0.33409313
-0.42880582
-0.36128987
-0.28814463
-0.34640937
-0.35707725
-0.36296887
-0.29430694
-0.30435936
-0.31036056
-0.25363479
-0.26259046
-0.26823134
-0.42097905
-0.52160356
-0.61184359
-0.3612595
-0.44962082
-0.53005815
-0.31296059
-0.39057145
-0.46153344
-0.42781477
-0.41993548
-0.40695795
-0.36161947
-0.35460297
-0.34317122
-0.28930818
-0.28328878
-0.27375254
-0.42174123
-0.40002382
-0.37471292
-0.52366827
-0.49820397
-0.46833285
-0.61552794
-0.58766974
-0.55473086
-0.49357557
-0.42085222
-0.33708047
-0.42227225
-0.36126963
-0.29030173
-0.36617156
-0.3139491
-0.25281791
-0.29573237
-0.31283484
-0.33059137
-0.25394672
-0.26564445
-0.28024602
-0.22076337
-0.2297562
-0.24159668
-0.38856963
-0.36828674
-0.34761649
-0.32724166
-0.31009873
-0.29585683
-0.26087979
-0.24810855
-0.2384335
-0.065123692
-0.061462548
-0.057239495
-0.18708359
-0.17671588
-0.16473627
-0.30480318
-0.28838346
-0.26934696
-0.24286734
-0.14866421
-0.051669343
-0.20957896
-0.12843955
-0.044667442
-0.18277146
-0.11211313
-0.039004856
5.6866105e-17
-4.7593101e-17
-2.4813685e-17
-2.3784331e-17
-1.0030936e-17
-1.7660291e-17
1.455134e-17
1.8277446e-17
3.8754523e-17
-0.060421446
-0.17367221
-0.28332314
-0.050978736
-0.14670248
-0.23990089
-0.043837703
-0.12621738
-0.20660614
-0.187164
-0.17854785
-0.17231598
-0.11438233
-0.10934081
-0.10572508
-0.039733929
-0.038018591
-0.036792887
-0.82299751
-0.80825651
-0.78154101
-0.76435691
-0.75243936
-0.73046999
-0.69473621
-0.68529776
-0.66767364
-0.71439054
-0.69989765
-0.67514751
-0.66449961
-0.65270524
-0.63221295
-0.60357938
-0.59398904
-0.57710405
-0.62181775
-0.60830887
-0.5860315
-0.5788276
-0.56757241
-0.54877221
-0.5257324
-0.51635125
-0.50059149
-0.74159608
-0.69297566
-0.63369779
-0.69733299
-0.65711189
-0.60505608
-0.64134204
-0.60956493
-0.57128488
-0.63887579
-0.59493303
-0.54082105
-0.6019035
-0.56527361
-0.51717381
-0.55251575
-0.52347952
-0.48852289
-0.55371702
-0.51480122
-0.46722985
-0.52140903
-0.48865259
-0.44661161
-0.47813846
-0.452008
-0.42154951
-0.52077025
-0.48051975
-0.43378019
-0.51394213
-0.47458965
-0.42859977
-0.50053426
-0.46310595
-0.41868687
-0.45648928
-0.42115886
-0.37989432
-0.45062563
-0.41611909
-0.37558119
-0.43897532
-0.40621216
-0.36721088
-0.40199802
-0.37118959
-0.33489056
-0.39690679
-0.366827
-0.3312045
-0.38672239
-0.3581818
-0.32398194
-0.47913173
-0.44517665
-0.40394142
-0.45091683
-0.42225988
-0.38608867
-0.41324613
-0.39035519
-0.36426095
-0.42013186
-0.39045075
-0.35445206
-0.39520282
-0.37014655
-0.33876795
-0.36206724
-0.34206951
-0.31957502
-0.37012279
-0.34428262
-0.31282423
-0.34808903
-0.32627939
-0.29898307
-0.31888356
-0.3015076
-0.28205631
-0.6106653
-0.6028212
-0.58794455
-0.52039812
-0.51305779
-0.49932552
-0.41981283
-0.41329319
-0.40132896
-0.52843739
-0.52021925
-0.50564512
-0.44804524
-0.44054045
-0.42736199
-0.3597359
-0.3530824
-0.34173094
-0.45964786
-0.45155023
-0.4379243
-0.38879784
-0.38152036
-0.36940545
-0.31131838
-0.30501266
-0.29480627
-0.56513938
-0.53812197
-0.50646143
-0.47839681
-0.4535051
-0.42792186
-0.3833704
-0.36300681
-0.34306996
-0.4841259
-0.45931854
-0.43233736
-0.40805864
-0.38603964
-0.36624626
-0.32554476
-0.30839264
-0.29429791
-0.41835607
-0.39656669
-0.37380261
-0.35225143
-0.33355263
-0.31754507
-0.28078767
-0.26669362
-0.2556505
-0.27616286
-0.2612479
-0.2469786
-0.16920742
-0.15999455
-0.15120458
-0.058855228
-0.055633251
-0.052565467
-0.23375271
-0.22173389
-0.21224262
-0.14294826
-0.13573033
-0.13007063
-0.049676239
-0.047186484
-0.045240481
-0.201435
-0.19182112
-0.18461739
-0.12310851
-0.11744204
-0.11322788
-0.042767429
-0.040831982
-0.039396635
