MFEM mesh v1.0

#
# MFEM Geometry Types (see mesh/geom.hpp):
#
# POINT       = 0
# SEGMENT     = 1
# TRIANGLE    = 2
# SQUARE      = 3
# TETRAHEDRON = 4
# CUBE        = 5
#

dimension
3

elements
7
1 5 5 8 23 12 0 1 13 6
1 5 12 23 24 11 6 13 14 7
1 5 3 19 17 4 9 25 26 10
1 5 4 17 15 5 10 26 28 12
1 5 17 18 16 15 26 27 29 28
1 5 12 28 20 6 11 30 21 7
1 5 0 2 22 1 6 20 31 13

boundary
32
1 3 5 8 1 0
1 3 4 17 19 3
1 3 5 15 17 4
1 3 15 16 18 17
1 3 1 22 2 0
30 3 4 3 9 10
30 3 5 4 10 12
30 3 12 23 8 5
30 3 11 24 23 12
30 3 8 23 13 1
30 3 12 5 0 6
30 3 23 24 14 13
30 3 24 11 7 14
30 3 6 13 14 7
30 3 3 19 25 9
30 3 19 17 26 25
30 3 9 25 26 10
30 3 17 18 27 26
30 3 15 5 12 28
30 3 10 26 28 12
30 3 18 16 29 27
30 3 16 15 28 29
30 3 26 27 29 28
30 3 0 2 20 6
30 3 6 20 28 12
30 3 12 28 30 11
30 3 28 20 21 30
30 3 20 6 7 21
30 3 11 30 21 7
30 3 2 22 31 20
30 3 22 1 13 31
30 3 6 20 31 13

vertices
32

nodes
FiniteElementSpace
FiniteElementCollection: H1_3D_P4
VDim: 3
Ordering: 0

-0.57735027
-0.31000795
-0.67227043
-0.67227043
-0.70710678
-0.67227043
-0.50181156
-0.43409041
-0.37298049
-0.56285336
-0.59100202
-0.47536606
-0.56285336
-0.34167788
-0.3240448
-0.84957113
-0.91774188
-0.91774188
-1
-0.84957113
-0.56415734
-0.47637389
-0.37298049
-0.35883119
-0.33425364
-0.69847424
-0.74489218
-0.80045262
-0.69847424
-0.74521867
-0.56790914
-0.36480918
-0.6278812
-0.53501952
-0.4314642
-0.37114633
-0.36717953
-0.36209601
-0.53127245
-0.46660471
-0.39710557
-0.6485931
-0.61247847
-0.57941682
-0.53562341
-0.45112133
-0.36020918
-0.32941001
-0.34124458
-0.34295148
-0.481318
-0.43278634
-0.37472812
-0.56423363
-0.53884611
-0.51444479
-0.59712124
-0.63106638
-0.65963981
-0.32278198
-0.34512795
-0.36435579
-0.3421412
-0.34695176
-0.35467616
-0.51178795
-0.53274859
-0.55326985
-0.35522049
-0.34749537
-0.33895473
-0.45342467
-0.40843636
-0.36045639
-0.48929944
-0.51710764
-0.54661326
-0.33979507
-0.33449819
-0.32785839
-0.42023229
-0.38671035
-0.34674892
-0.48946553
-0.4667145
-0.44502634
-0.3242434
-0.32711436
-0.33173573
-0.44076652
-0.45505814
-0.46893623
-0.70822101
-0.77112957
-0.82527783
-0.91563372
-0.90021342
-0.87053063
-0.74943575
-0.8239692
-0.88860063
-0.68307557
-0.69823377
-0.70604267
-0.59222802
-0.64142206
-0.68118931
-0.7129444
-0.73313501
-0.74348021
-0.62323055
-0.67838257
-0.72456962
-0.5713527
-0.58363217
-0.59011109
-0.6485931
-0.61247847
-0.57941682
-0.82303509
-0.77264257
-0.72353198
-0.88661269
-0.82881629
-0.77318865
-0.68476855
-0.64590639
-0.60946048
-0.87053063
-0.90021342
-0.91563372
-0.70822101
-0.77112957
-0.82527783
-0.70604267
-0.69823377
-0.68307557
-0.74348021
-0.73313501
-0.7129444
-0.59222802
-0.64142206
-0.68118931
-0.59011109
-0.58363217
-0.5713527
-0.82303509
-0.77264257
-0.72353198
-0.94295653
-0.97878093
-0.99744546
-0.94295653
-0.97878093
-0.99744546
-0.87053063
-0.90021342
-0.91563372
-0.76220793
-0.78638217
-0.79876775
-0.79877622
-0.78645543
-0.76242131
-0.71304858
-0.73338057
-0.743797
-0.96370812
-0.89682196
-0.83286628
-0.88671376
-0.82905214
-0.77349676
-0.59317006
-0.64187369
-0.6813163
-0.51193129
-0.53332785
-0.55433298
-0.49576955
-0.5295954
-0.55644801
-0.49652174
-0.52997348
-0.55655823
-0.4408931
-0.45552042
-0.46976297
-0.67408276
-0.62989663
-0.58854699
-0.54792517
-0.51834327
-0.49039298
-0.59712124
-0.63106638
-0.65963981
-0.6278812
-0.53501952
-0.4314642
-0.32278198
-0.34512795
-0.36435579
-0.53302519
-0.46952487
-0.40180078
-0.34316238
-0.34996101
-0.35966667
-0.64900361
-0.61345019
-0.58066619
-0.37354919
-0.37228907
-0.36808969
-0.5460493
-0.4772709
-0.40309696
-0.57521607
-0.4981429
-0.4140412
-0.60776441
-0.52123753
-0.42521082
-0.61552794
-0.52366827
-0.42174123
-0.58766974
-0.49820397
-0.40002382
-0.55473086
-0.46833285
-0.37471292
-0.36360122
-0.36143137
-0.35745586
-0.34777803
-0.35016964
-0.34885634
-0.33283611
-0.34226783
-0.3432889
-0.39197009
-0.4597196
-0.52249267
-0.38226234
-0.44567899
-0.504432
-0.37568877
-0.4346356
-0.48660074
-0.5691815
-0.60100641
-0.63587239
-0.54725194
-0.57633517
-0.60791777
-0.52484285
-0.55093316
-0.57820642
-0.53461027
-0.46183163
-0.3769452
-0.51405509
-0.45440705
-0.3823153
-0.49288642
-0.44079077
-0.37852731
-0.46591242
-0.41799382
-0.36688743
-0.49073563
-0.43673913
-0.3790762
-0.51694895
-0.45614985
-0.39101553
-0.35141771
-0.34427365
-0.33620882
-0.34443531
-0.33837345
-0.33117833
-0.3400922
-0.33472609
-0.3280599
-0.35726142
-0.40398237
-0.44758118
-0.35129566
-0.39493492
-0.43555118
-0.34724232
-0.38779675
-0.42359651
-0.48237199
-0.50918465
-0.53761592
-0.46746836
-0.49220345
-0.51836298
-0.45216742
-0.47483881
-0.49868711
-0.47041933
-0.424895
-0.37067667
-0.44991044
-0.40963511
-0.36172862
-0.43021746
-0.39451076
-0.35201017
-0.74817327
-0.82234343
-0.8866454
-0.73891546
-0.81043561
-0.8723379
-0.72097901
-0.78743445
-0.84476821
-0.68589105
-0.74826109
-0.80005247
-0.64701994
-0.704899
-0.75201149
-0.61064602
-0.66284241
-0.70512467
-0.84262538
-0.87031039
-0.88464656
-0.79005086
-0.81449357
-0.82709257
-0.73898353
-0.76058393
-0.77167354
-0.85910161
-0.79772356
-0.72607808
-0.80428136
-0.74904865
-0.6838113
-0.7514592
-0.70223015
-0.64364654
-0.68364624
-0.67543845
-0.65967982
-0.64485285
-0.6371839
-0.62260353
-0.60851108
-0.60159581
-0.58849234
-0.60164484
-0.65278592
-0.69471282
-0.61515789
-0.66887829
-0.71356135
-0.62225519
-0.67723794
-0.72325109
-0.72097901
-0.78743445
-0.84476821
-0.73891546
-0.81043561
-0.8723379
-0.74817327
-0.82234343
-0.8866454
-0.88464656
-0.87031039
-0.84262538
-0.82709257
-0.81449357
-0.79005086
-0.77167354
-0.76058393
-0.73898353
-0.80005247
-0.74826109
-0.68589105
-0.75201149
-0.704899
-0.64701994
-0.70512467
-0.66284241
-0.61064602
-0.65967982
-0.67543845
-0.68364624
-0.62260353
-0.6371839
-0.64485285
-0.58849234
-0.60159581
-0.60851108
-0.62225519
-0.67723794
-0.72325109
-0.61515789
-0.66887829
-0.71356135
-0.60164484
-0.65278592
-0.69471282
-0.89277756
-0.92431526
-0.94071385
-0.92431526
-0.95853051
-0.97634361
-0.94071385
-0.97634361
-0.9949051
-0.91032432
-0.9438956
-0.96132413
-0.84985531
-0.87945668
-0.89473693
-0.79174108
-0.81771061
-0.83104963
-0.9613267
-0.94391787
-0.9103899
-0.89474295
-0.87950895
-0.85000868
-0.83105757
-0.81777939
-0.79194204
-0.88474455
-0.87038638
-0.84265748
-0.8273214
-0.81467109
-0.7901262
-0.77197248
-0.76081576
-0.73908188
-0.76072094
-0.78477676
-0.7971015
-0.74977809
-0.77297069
-0.78484148
-0.72840579
-0.74991508
-0.7609253
-0.53102512
-0.55843681
-0.5823471
-0.55809077
-0.59772097
-0.62834847
-0.58160053
-0.62804386
-0.66530481
-0.57428661
-0.62055315
-0.65789112
-0.54169932
-0.58272075
-0.61567282
-0.51107812
-0.54728029
-0.57616317
-0.65802084
-0.62101239
-0.57523894
-0.6157991
-0.58316361
-0.54260529
-0.57627965
-0.54768342
-0.51188888
-0.53868722
-0.51895158
-0.49883644
-0.51019663
-0.49276508
-0.47498699
-0.48326891
-0.46796921
-0.45230319
-0.48863238
-0.52060375
-0.545878
-0.47260481
-0.49991555
-0.52085865
-0.45403371
-0.47289055
-0.48923083
-0.37471292
-0.40002382
-0.42174123
-0.46833285
-0.49820397
-0.52366827
-0.55473086
-0.58766974
-0.61552794
-0.57821876
-0.60808349
-0.63619915
-0.55101919
-0.57675055
-0.60179273
-0.5249718
-0.54780111
-0.5701971
-0.60832549
-0.52226022
-0.42701349
-0.57653962
-0.50044501
-0.4179423
-0.5477368
-0.4801231
-0.40775977
-0.36559046
-0.34896393
-0.33323414
-0.36567324
-0.35270536
-0.34312209
-0.36244996
-0.35185851
-0.34430597
-0.48686233
-0.50527943
-0.52394777
-0.43510903
-0.4471425
-0.46216674
-0.37648934
-0.38462407
-0.3958978
-0.5957098
-0.51085595
-0.41650764
-0.56459819
-0.4895032
-0.40720252
-0.53661111
-0.46979009
-0.39741802
-0.57039687
-0.48865492
-0.39843396
-0.54259588
-0.47152239
-0.39375414
-0.51736585
-0.45464638
-0.3867729
-0.5431423
-0.46695453
-0.38109932
-0.52056299
-0.45688032
-0.3838854
-0.49816423
-0.44251541
-0.37933675
-0.50870444
-0.44972704
-0.38627405
-0.48350241
-0.43116009
-0.37501875
-0.45960467
-0.41316665
-0.36340954
-0.49185736
-0.43673383
-0.37742564
-0.46870186
-0.41987416
-0.3674588
-0.44666363
-0.4033865
-0.35692957
-0.47516454
-0.42647577
-0.37141065
-0.45405009
-0.41098381
-0.36233735
-0.43382367
-0.39567601
-0.35253132
-0.6982712
-0.76345702
-0.81829871
-0.71574839
-0.78500109
-0.8439755
-0.72484036
-0.79619094
-0.85728778
-0.65821972
-0.71844202
-0.76822671
-0.67425028
-0.73766755
-0.79094288
-0.68265855
-0.7476777
-0.80268189
-0.62068678
-0.67494595
-0.7195527
-0.6350584
-0.69209148
-0.73968135
-0.64261262
-0.70100939
-0.75004899
-0.72484036
-0.79619094
-0.85728778
-0.71574839
-0.78500109
-0.8439755
-0.6982712
-0.76345702
-0.81829871
-0.68265855
-0.7476777
-0.80268189
-0.67425028
-0.73766755
-0.79094288
-0.65821972
-0.71844202
-0.76822671
-0.64261262
-0.70100939
-0.75004899
-0.6350584
-0.69209148
-0.73968135
-0.62068678
-0.67494595
-0.7195527
-0.90824182
-0.94162678
-0.95895905
-0.89298223
-0.92502705
-0.94164646
-0.86353625
-0.89302437
-0.90830462
-0.84803173
-0.87747398
-0.8926717
-0.8346437
-0.86293443
-0.87752017
-0.80866758
-0.83474232
-0.84817865
-0.79014376
-0.81598135
-0.82925245
-0.77839571
-0.80327645
-0.81604212
-0.75550146
-0.77852483
-0.79033623
-0.56433906
-0.60800617
-0.64301531
-0.54224495
-0.57949936
-0.60831609
-0.51685615
-0.54259879
-0.56509483
-0.53292281
-0.57165192
-0.60258926
-0.51338501
-0.54642787
-0.57195113
-0.49090996
-0.5137264
-0.53364341
-0.50339761
-0.53759654
-0.56475506
-0.48620704
-0.5154026
-0.53786868
-0.46635933
-0.48651474
-0.50404288
-0.54319991
-0.57065039
-0.59616938
-0.46711893
-0.48916827
-0.51171279
-0.3814035
-0.39933655
-0.41801058
-0.52073773
-0.54321865
-0.56569167
-0.45724264
-0.47266588
-0.49142925
-0.38454107
-0.39569997
-0.4104555
-0.49840807
-0.51817432
-0.53800972
-0.44297346
-0.45607042
-0.47217815
-0.38012705
-0.38910937
-0.40131344
-0.57735027
-0.67227043
-0.31000795
-0.67227043
-0.70710678
-0.67227043
-0.39481585
-0.27129336
-0.84957113
-0.45836192
-0.48748206
-0.31402035
-0.45836192
-0.44485559
-0.3036754
-0.37298049
-1.3010426e-18
-0.39717735
1.0842022e-18
-0.37298049
-0.23441303
-0.1608673
-0.37298049
-0.57561662
-0.39093676
-0.25688057
-0.27142383
1.2352241e-16
-0.25688057
1.1474624e-16
-0.17478571
-0.24437637
-0.70822101
-0.77112957
-0.82527783
-0.79526143
-0.70009654
-0.61581707
-0.48466057
-0.52743947
-0.56119817
-0.62694424
-0.55366045
-0.48922588
-0.59712124
-0.63106638
-0.65963981
-0.62117599
-0.54242898
-0.47597826
-0.40190373
-0.41904693
-0.43653865
-0.53974077
-0.47714361
-0.42144416
-0.59712124
-0.63106638
-0.65963981
-0.70822101
-0.77112957
-0.82527783
-0.47305683
-0.52042921
-0.55886828
-0.40525545
-0.4270971
-0.44842567
-0.53812261
-0.47392419
-0.41772683
-0.33198065
-0.36050883
-0.38207948
-0.33507956
-0.37921276
-0.42931148
-0.41591536
-0.36670259
-0.32393415
-0.27632719
-0.2877368
-0.29868283
-0.36976793
-0.32679561
-0.28915255
-0.32287437
-0.35467469
-0.3800487
-0.27824531
-0.29308037
-0.30740682
-0.6278812
-0.53501952
-0.4314642
-0.39642918
-0.39095644
-0.38042078
-0.66207707
-0.56663459
-0.45868172
-0.68307557
-0.69823377
-0.70604267
-0.4293151
-0.367219
-0.29688218
-0.26116865
-0.26752909
-0.27095366
-0.45573413
-0.38890674
-0.31391663
-0.46716788
-0.47986961
-0.48656309
-0.62694424
-0.55366045
-0.48922588
-0.349983
-0.3100508
-0.27427826
-0.37222683
-0.32881551
-0.29011099
-0.66371707
-0.58810736
-0.52030098
-0.38042078
-0.39095644
-0.39642918
-0.6278812
-0.53501952
-0.4314642
-0.70604267
-0.69823377
-0.68307557
-0.27095366
-0.26752909
-0.26116865
-0.4293151
-0.367219
-0.29688218
-0.48656309
-0.47986961
-0.46716788
-0.349983
-0.3100508
-0.27427826
-0.33291588
-0.20490947
-0.071432212
-1.9515639e-18
-1.9515639e-18
-2.5410988e-21
-0.31218017
-0.19175207
-0.066774181
-0.22719501
-0.13953172
-0.048579813
1.5614573e-16
1.2756597e-16
9.870723e-17
-0.21517327
-0.13229729
-0.046091329
7.7481481e-17
4.2383494e-17
9.4476609e-17
8.888997e-17
3.6371159e-17
7.0230077e-17
-0.23651895
-0.24335275
-0.25226486
-0.37649616
-0.32915184
-0.26949932
-0.29404428
-0.251012
-0.20235027
-0.16214415
-0.16646321
-0.17195521
-0.25872691
-0.22606536
-0.18502113
-0.24049798
-0.21203827
-0.18683894
-0.21983434
-0.19424153
-0.17162696
-0.53562341
-0.45112133
-0.36020918
-0.32278198
-0.34512795
-0.36435579
-0.6278812
-0.53501952
-0.4314642
-0.23394834
-0.23620546
-0.24138293
-0.41438303
-0.35159763
-0.2828967
-0.30666509
-0.27990092
-0.24999635
-0.34483299
-0.29949372
-0.26190793
-0.51744958
-0.56345734
-0.6000776
-0.58571189
-0.63862707
-0.68144528
-0.66305283
-0.72312026
-0.77310676
-0.69333656
-0.7521652
-0.80266349
-0.65977922
-0.70963766
-0.7521652
-0.62011882
-0.65977922
-0.69333656
-0.77247785
-0.67982608
-0.59790382
-0.72108955
-0.63350528
-0.5567807
-0.65886345
-0.57644588
-0.50621018
-0.54540036
-0.51372488
-0.47354349
-0.50890975
-0.4826677
-0.44897026
-0.46382539
-0.44338495
-0.42067887
-0.47860404
-0.54180927
-0.61396407
-0.45581591
-0.51619335
-0.58532883
-0.43244344
-0.48980031
-0.55454445
-0.55126174
-0.58060463
-0.60826904
-0.4859262
-0.50842692
-0.53147062
-0.42876525
-0.44757846
-0.46675723
-0.35424332
-0.38480494
-0.40809516
-0.40090397
-0.43573749
-0.46265007
-0.45391078
-0.4937148
-0.52489662
-0.52251129
-0.46031074
-0.40593871
-0.48660886
-0.42889714
-0.37857739
-0.44234384
-0.39000116
-0.34446369
-0.37177891
-0.3514963
-0.32464555
-0.34761078
-0.33083039
-0.30819042
-0.31730617
-0.30439156
-0.28917666
-0.3279379
-0.37101797
-0.41998553
-0.31252257
-0.35340632
-0.39998575
-0.29661205
-0.33531078
-0.37946588
-0.37633587
-0.39226757
-0.40830166
-0.33268645
-0.34656448
-0.36028282
-0.29446256
-0.30666425
-0.31848857
-0.6610298
-0.56566212
-0.45784149
-0.65334976
-0.55853883
-0.45169272
-0.63846807
-0.54477698
-0.43984281
-0.58706349
-0.50134129
-0.40475325
-0.51846751
-0.44337608
-0.35837442
-0.45831859
-0.39203452
-0.3169871
-0.35674363
-0.36644583
-0.37153162
-0.31565186
-0.32385199
-0.32821669
-0.27894049
-0.28587305
-0.28959764
-0.42989955
-0.53116425
-0.62092918
-0.3799292
-0.46984219
-0.5498792
-0.33540945
-0.41527038
-0.48643304
-0.66257648
-0.65424131
-0.63822018
-0.58702535
-0.57913753
-0.56411699
-0.51932
-0.51217757
-0.49862205
-0.43725702
-0.37371215
-0.30192466
-0.44878884
-0.38317776
-0.30937635
-0.45489575
-0.38821547
-0.31336699
-0.63846807
-0.54477698
-0.43984281
-0.65334976
-0.55853883
-0.45169272
-0.6610298
-0.56566212
-0.45784149
-0.37153162
-0.36644583
-0.35674363
-0.32821669
-0.32385199
-0.31565186
-0.28959764
-0.28587305
-0.27894049
-0.40475325
-0.50134129
-0.58706349
-0.35837442
-0.44337608
-0.51846751
-0.3169871
-0.39203452
-0.45831859
-0.63822018
-0.65424131
-0.66257648
-0.56411699
-0.57913753
-0.58702535
-0.49862205
-0.51217757
-0.51932
-0.45489575
-0.38821547
-0.31336699
-0.44878884
-0.38317776
-0.30937635
-0.43725702
-0.37371215
-0.30192466
-0.31855002
-0.19578843
-0.068202148
-0.32757928
-0.20151832
-0.070230762
-0.33227387
-0.20450132
-0.071287575
-0.31197325
-0.19198096
-0.066916059
-0.2754829
-0.16942207
-0.059032034
-0.24291904
-0.14926735
-0.051984657
7.5072416e-17
5.4494829e-17
6.1251677e-17
6.6621925e-17
8.6894287e-17
1.0664091e-16
8.5322079e-17
1.0050156e-16
1.0802966e-16
-0.062712163
-0.18005167
-0.29302267
-0.05562472
-0.15965993
-0.25969274
-0.049225592
-0.14128332
-0.22976484
-0.22680209
-0.13929287
-0.048496931
-0.22395552
-0.13756444
-0.047899651
-0.21869117
-0.13439465
-0.046808857
-0.38317336
-0.33280632
-0.27213379
-0.40167624
-0.34537793
-0.28059298
-0.42031184
-0.36006118
-0.29136715
-0.40216152
-0.34393093
-0.27799585
-0.35519979
-0.30360785
-0.24520973
-0.31380482
-0.26801288
-0.21621348
-0.2362348
-0.22806118
-0.22169958
-0.20839491
-0.20137544
-0.19587312
-0.18373722
-0.17773848
-0.17302002
-0.25271063
-0.30847134
-0.35281459
-0.22327793
-0.27254727
-0.31174547
-0.19735032
-0.24102562
-0.27579395
-0.28804411
-0.2463391
-0.19888004
-0.27555606
-0.23668009
-0.19208816
-0.26296356
-0.22831171
-0.18662735
-0.61552794
-0.52366827
-0.42174123
-0.58766974
-0.49820397
-0.40002382
-0.55473086
-0.46833285
-0.37471292
-0.51243379
-0.44027769
-0.35500442
-0.45486893
-0.3960717
-0.32262256
-0.40238492
-0.35151746
-0.28761058
-0.30943018
-0.32290341
-0.33766797
-0.2800579
-0.28551704
-0.29461798
-0.24933782
-0.2523075
-0.25837578
-0.39885597
-0.49439399
-0.5801598
-0.34646975
-0.42985216
-0.50567636
-0.30311597
-0.376536
-0.44355608
-0.37879274
-0.32901786
-0.26909705
-0.39200875
-0.33555728
-0.27242352
-0.40697756
-0.34613768
-0.27908497
-0.64873166
-0.70511468
-0.7519234
-0.57249772
-0.6222701
-0.66244047
-0.50566764
-0.54886579
-0.5832268
-0.61616601
-0.66440071
-0.7036615
-0.54310414
-0.58517355
-0.61865187
-0.47942846
-0.51570388
-0.54422012
-0.57797062
-0.61348394
-0.64497016
-0.50890477
-0.53792162
-0.56444265
-0.44926672
-0.47382653
-0.4961386
-0.44353387
-0.48090524
-0.51016709
-0.39179755
-0.42452077
-0.44978763
-0.34632316
-0.37506376
-0.39694896
-0.4205005
-0.45183439
-0.47605363
-0.37154695
-0.39901971
-0.41990753
-0.32861315
-0.35280489
-0.37090031
-0.39407376
-0.41513419
-0.43392961
-0.3483062
-0.36674017
-0.38287457
-0.3082243
-0.32446528
-0.33840429
-0.59738908
-0.51044555
-0.4123936
-0.61216717
-0.52344577
-0.4233709
-0.61987165
-0.53023462
-0.42911063
-0.52795158
-0.45135299
-0.36482172
-0.5416607
-0.46290039
-0.37424424
-0.54888663
-0.46900438
-0.37924117
-0.46674708
-0.39897463
-0.32242817
-0.47903408
-0.40912802
-0.33049837
-0.48553592
-0.41452637
-0.33481197
-0.61987165
-0.53023462
-0.42911063
-0.61216717
-0.52344577
-0.4233709
-0.59738908
-0.51044555
-0.4123936
-0.54888663
-0.46900438
-0.37924117
-0.5416607
-0.46290039
-0.37424424
-0.52795158
-0.45135299
-0.36482172
-0.48553592
-0.41452637
-0.33481197
-0.47903408
-0.40912802
-0.33049837
-0.46674708
-0.39897463
-0.32242817
-0.31137652
-0.19160403
-0.066782563
-0.30703441
-0.18886035
-0.065813952
-0.29876044
-0.18365069
-0.063977622
-0.27497463
-0.16910562
-0.058920837
-0.27128743
-0.16681126
-0.058117412
-0.26437936
-0.16253846
-0.056625564
-0.24248763
-0.14900308
-0.051892548
-0.23937724
-0.1470994
-0.051231911
-0.23360943
-0.14359652
-0.050020878
-0.39369245
-0.33722702
-0.27287173
-0.37627276
-0.32355587
-0.26294529
-0.35885586
-0.31174043
-0.25503991
-0.34776125
-0.29775747
-0.24079327
-0.33240764
-0.28577114
-0.23220263
-0.31702385
-0.27539481
-0.22531974
-0.30732026
-0.26294312
-0.2124256
-0.29388164
-0.25250795
-0.20503637
-0.28036062
-0.24346583
-0.1990958
-0.51793854
-0.44392181
-0.3580506
-0.54320565
-0.46321021
-0.37364317
-0.56819426
-0.48431828
-0.39055013
-0.45783355
-0.39650546
-0.32285675
-0.47561374
-0.40677976
-0.32966759
-0.49578162
-0.42211639
-0.34058964
-0.40433901
-0.3510751
-0.28691955
-0.41889591
-0.35857382
-0.29104668
-0.43530209
-0.3703557
-0.29868511
0.57735027
0.67227043
0.67227043
-0.31000795
-3.1225023e-17
0.31000795
0.39284522
0.26924666
0.37298049
-0.23339253
2.7612418e-17
0.15964417
0.23339253
0.44195064
0.30113814
0.37298049
0.39717735
-7.1557343e-18
4.5536491e-18
-0.37298049
0.45560022
0.31136231
0.84957113
0.24331101
0.16477615
-0.25571549
5.4915776e-18
7.0682756e-17
0.25571549
0.2701723
0.17346291
0.56997242
0.32278198
0.34512795
0.36435579
0.34445192
0.29867292
0.26089093
0.23296657
0.23527615
0.24040784
0.30642472
0.27927226
0.24908576
0.59712124
0.63106638
0.65963981
0.62019334
0.54023092
0.47320079
0.39991309
0.41684211
0.43393106
0.53916965
0.47581718
0.41963161
0.53562341
0.45112133
0.36020918
0.6278812
0.53501952
0.4314642
0.41187119
0.34975433
0.2815934
0.37462899
0.32758902
0.26829074
0.22714404
0.19972963
0.17599718
0.15922394
0.16045466
0.163225
0.17040151
0.19304584
0.21873197
0.41296592
0.36383415
0.32126787
0.27428068
0.28557945
0.29630747
0.3676932
0.32464994
0.28705224
0.28062798
0.23791163
0.19101481
0.25673459
0.22431681
0.18360312
-0.32278198
-0.34512795
-0.36435579
-0.066774181
-0.19175207
-0.31218017
-8.8271421e-19
2.4123498e-18
1.0516761e-17
-0.25848698
-0.15792154
-0.054840668
-0.23546644
-0.24225316
-0.25112298
-0.21422538
-0.1317373
-0.045900099
6.1365388e-17
5.1007646e-17
-2.4211179e-17
-0.19624752
-0.12126746
-0.042346745
-0.30642472
-0.27927226
-0.24908576
-0.34968884
-0.30930815
-0.2732258
-3.8628921e-17
4.3225293e-17
-2.4558827e-17
6.3002648e-17
5.5525924e-17
4.3416911e-17
0.31218017
0.19175207
0.066774181
0.32278198
0.34512795
0.36435579
0.054840668
0.15792154
0.25848698
0.045900099
0.1317373
0.21422538
0.23546644
0.24225316
0.25112298
0.042346745
0.12126746
0.19624752
0.34968884
0.30930815
0.2732258
1.3040072e-18
-4.472334e-18
-3.1441863e-18
0.33291588
0.20490947
0.071432212
0.38042078
0.39095644
0.39642918
-5.7781378e-17
8.2447663e-17
6.084318e-17
0.04838036
0.13894376
0.22618656
0.25998031
0.2663028
0.26970531
1.3704602e-17
-5.8099458e-17
-9.7107067e-18
0.37190798
0.3280121
0.28897681
0.42688396
0.36534368
0.2954875
0.4031783
0.42476212
0.44581019
0.16089249
0.16518011
0.17064716
0.29162943
0.24903778
0.2008038
0.27613628
0.29077581
0.30487214
0.23925185
0.21071098
0.18550198
0.42643515
0.37630536
0.33230897
0.59712124
0.63106638
0.65963981
0.70822101
0.77112957
0.82527783
0.70822101
0.77112957
0.82527783
0.48153938
0.52351309
0.55622564
0.46973924
0.51624223
0.55372698
0.62616349
0.55176873
0.48666654
0.79350674
0.69592376
0.61042442
0.24846073
0.25147081
0.25746937
0.27945687
0.28493019
0.29393016
0.30919917
0.32267013
0.33736752
0.37471292
0.40002382
0.42174123
0.46833285
0.49820397
0.52366827
0.55473086
0.58766974
0.61552794
0.39840589
0.34548209
0.3018766
0.49377819
0.42847102
0.37478267
0.57931615
0.50378088
0.44116024
0.2778952
0.27130461
0.26793168
0.34446056
0.33405481
0.32750662
0.40470872
0.39005759
0.37696605
0.28652996
0.3218766
0.35472491
0.35010902
0.3950857
0.43989941
0.40068593
0.45365808
0.51195655
0.5506708
0.57991868
0.60741218
0.48456587
0.50686218
0.52953968
0.42692867
0.44551923
0.46428531
0.16992978
0.17125816
0.17428648
0.19249749
0.19405374
0.19766544
0.21815759
0.22012537
0.22458036
0.26294417
0.23132073
0.20395264
0.32673002
0.28768022
0.25388477
0.38488409
0.33906305
0.29938792
0.188958
0.18522871
0.1832379
0.23483021
0.22854378
0.2242271
0.27632805
0.26726249
0.25846132
0.19592358
0.22187519
0.25140889
0.23925113
0.27077481
0.30680097
0.2737564
0.30967952
0.350837
0.374246
0.3899778
0.40563307
0.33053354
0.34424695
0.357649
0.29236043
0.3044338
0.31600796
-0.057239495
-0.061462548
-0.065123692
-0.16473627
-0.17671588
-0.18708359
-0.26934696
-0.28838346
-0.30480318
-0.31032039
-0.32574996
-0.3419416
-0.28169202
-0.2910842
-0.30318927
-0.25095738
-0.25845985
-0.26815115
-0.29278619
-0.17991423
-0.062665562
-0.25909334
-0.15930966
-0.055505734
-0.22891099
-0.14078095
-0.049054383
3.2921815e-17
7.5042655e-17
8.6788556e-17
-1.3294974e-18
3.1227436e-17
4.9205483e-17
-3.5270255e-17
7.1925663e-17
1.8784281e-17
-0.054693771
-0.15719147
-0.25626751
-0.050331605
-0.14434957
-0.23431463
-0.045139586
-0.12930086
-0.20937598
-0.19794667
-0.20332829
-0.21046977
-0.12227345
-0.12536678
-0.12951832
-0.042692796
-0.043736992
-0.045143672
0.26934696
0.28838346
0.30480318
0.16473627
0.17671588
0.18708359
0.057239495
0.061462548
0.065123692
0.062665562
0.17991423
0.29278619
0.055505734
0.15930966
0.25909334
0.049054383
0.14078095
0.22891099
0.3419416
0.32574996
0.31032039
0.30318927
0.2910842
0.28169202
0.26815115
0.25845985
0.25095738
0.25626751
0.15719147
0.054693771
0.23431463
0.14434957
0.050331605
0.20937598
0.12930086
0.045139586
0.042692796
0.043736992
0.045143672
0.12227345
0.12536678
0.12951832
0.19794667
0.20332829
0.21046977
0.31855002
0.32757928
0.33227387
0.19578843
0.20151832
0.20450132
0.068202148
0.070230762
0.071287575
-2.8288937e-17
-1.1041648e-16
-1.2094671e-16
-3.10253e-17
-3.3300566e-17
-8.9137594e-17
2.5736731e-17
1.2011286e-17
3.2573724e-17
0.066867019
0.19183515
0.31171904
0.058906846
0.16905099
0.27483989
0.051805411
0.14873788
0.24200747
0.37121358
0.36613379
0.35644226
0.3274154
0.32306578
0.3148922
0.2884664
0.28476246
0.2778657
0.046615438
0.047702656
0.048297791
0.13382727
0.13698486
0.13870596
0.21772727
0.22296502
0.22579589
0.38123743
0.39956035
0.4179886
0.33119699
0.3436789
0.35824818
0.27088762
0.27928953
0.29000633
0.22056373
0.22687928
0.23501162
0.19464425
0.200105
0.20708835
0.17176407
0.17644745
0.18241723
0.27650956
0.34194891
0.39961624
0.24363834
0.30154637
0.35260099
0.21464332
0.26598875
0.31130215
0.41726094
0.39755096
0.37729024
0.3682598
0.35092935
0.33307842
0.32530145
0.31013708
0.29444111
0.18517858
0.19060179
0.19735723
0.22652673
0.23483888
0.24441462
0.26093172
0.27340042
0.28571988
0.69333656
0.7521652
0.80266349
0.65977922
0.70963766
0.7521652
0.62011882
0.65977922
0.69333656
0.55390036
0.5846317
0.61320884
0.48836632
0.51457263
0.54000804
0.43052009
0.45365005
0.47617762
0.66215576
0.72195443
0.77158451
0.58354417
0.63583061
0.67781681
0.51454124
0.55976276
0.59535154
0.77087611
0.7197656
0.65776352
0.67602437
0.63039086
0.57394701
0.59299269
0.55278166
0.5030377
0.41851104
0.44642685
0.47061597
0.44092466
0.47965241
0.51010361
0.46085763
0.50519484
0.54086108
0.35777594
0.37335704
0.39018665
0.32213833
0.32895315
0.33975168
0.28587611
0.29003596
0.29757909
0.44355265
0.46280643
0.48379904
0.39555619
0.40579343
0.42091863
0.34971211
0.35720286
0.36878564
0.5174551
0.54262892
0.56746492
0.45664003
0.47426456
0.49411873
0.40267328
0.41708972
0.43316115
0.25085729
0.25383374
0.25963639
0.2213666
0.22382606
0.22861735
0.19549808
0.19763435
0.20169228
0.3065387
0.31255194
0.32193325
0.27055287
0.27575631
0.2836879
0.23910864
0.24371037
0.25051467
0.35284241
0.3650029
0.3783351
0.31155123
0.32218022
0.33354991
0.27552033
0.28491086
0.29470175
-0.25955601
-0.27253429
-0.28620325
-0.15922289
-0.16729133
-0.17579736
-0.055406309
-0.058234704
-0.06121925
-0.23631172
-0.24398178
-0.25398099
-0.1455491
-0.15014738
-0.15618845
-0.050747278
-0.052333607
-0.054422636
-0.21089191
-0.21688124
-0.22473297
-0.13018832
-0.13367189
-0.13828634
-0.045443402
-0.046626221
-0.048199068
0.055406309
0.058234704
0.06121925
0.15922289
0.16729133
0.17579736
0.25955601
0.27253429
0.28620325
0.050747278
0.052333607
0.054422636
0.1455491
0.15014738
0.15618845
0.23631172
0.24398178
0.25398099
0.045443402
0.046626221
0.048199068
0.13018832
0.13367189
0.13828634
0.21089191
0.21688124
0.22473297
0.063930375
0.065765641
0.066733621
0.18351098
0.188717
0.19145852
0.29851909
0.30678527
0.31112295
0.056504899
0.05799405
0.058795882
0.16218255
0.1664463
0.1687353
0.26376807
0.27065701
0.27433318
0.049847505
0.051055047
0.051713605
0.14308688
0.14657797
0.14847461
0.23274012
0.2384826
0.24157818
0.25369947
0.26154923
0.2714193
0.31002287
0.32175206
0.33530884
0.35681274
0.37405287
0.39125914
0.22387998
0.23071299
0.23925324
0.27357772
0.28387791
0.2957576
0.31490232
0.33012515
0.34527231
0.19763577
0.20353435
0.21088204
0.24165171
0.25063058
0.26097352
0.27827805
0.2916616
0.30491623
0.57729483
0.61539893
0.64787878
0.61271265
0.66348254
0.7040321
0.64400635
0.70250501
0.75053003
0.50738211
0.5413116
0.57045488
0.53615485
0.58300754
0.61968467
0.56224435
0.61592454
0.65912608
0.44725072
0.47705564
0.50293768
0.47151734
0.51286657
0.54545718
0.49331933
0.54069073
0.57891281
