MFEM mesh v1.0

#
# MFEM Geometry Types (see mesh/geom.hpp):
#
# POINT       = 0
# SEGMENT     = 1
# TRIANGLE    = 2
# SQUARE      = 3
# TETRAHEDRON = 4
# CUBE        = 5
#

dimension
3

elements
7
1 5 0 1 5 4 6 7 17 16
1 5 6 7 17 16 8 9 19 18
1 5 8 9 19 18 10 11 21 20
1 5 9 2 12 19 11 3 13 21
1 5 14 15 23 22 0 1 5 4
1 5 14 15 1 0 24 25 7 6
1 5 24 25 7 6 26 27 9 8

boundary
26
61 3 4 0 6 16
61 3 1 5 17 7
61 3 5 4 16 17
61 3 16 6 8 18
61 3 7 17 19 9
61 3 17 16 18 19
61 3 19 12 2 9
61 3 18 8 10 20
61 3 8 9 11 10
61 3 19 18 20 21
61 3 10 11 21 20
61 3 9 2 3 11
61 3 2 12 13 3
61 3 12 19 21 13
61 3 11 3 13 21
61 3 22 23 15 14
61 3 22 14 0 4
61 3 15 23 5 1
61 3 23 22 4 5
61 3 14 15 25 24
61 3 0 14 24 6
61 3 15 1 7 25
61 3 24 25 27 26
61 3 6 24 26 8
61 3 25 7 9 27
61 3 26 27 9 8

vertices
28

nodes
FiniteElementSpace
FiniteElementCollection: H1_3D_P4
VDim: 3
Ordering: 0

-0.20609602
-0.12552145
-0.060483045
-0.064571523
-0.20835137
-0.12826879
-0.20734485
-0.12661098
-0.20785979
-0.12526221
-0.20734485
-0.12661098
-0.051243871
-0.055651449
-0.19962217
-0.10195872
-0.21114341
-0.13305751
-0.21197325
-0.13219431
-0.21114341
-0.13305751
-0.2020654
-0.10058463
-0.19875588
-0.095037873
-0.19861484
-0.090662349
-0.19140861
-0.16417749
-0.13832653
-0.12635171
-0.12765485
-0.12819138
-0.19396354
-0.16716004
-0.14134289
-0.20638705
-0.20715137
-0.20795428
-0.19284437
-0.16582067
-0.13978838
-0.12909427
-0.13184919
-0.13286812
-0.19746075
-0.17174498
-0.14633969
-0.20822504
-0.20960591
-0.21068105
-0.2063092
-0.20675142
-0.20716044
-0.12619886
-0.12697772
-0.12687781
-0.13040776
-0.13259277
-0.133107
-0.20901439
-0.21004635
-0.21082139
-0.19309214
-0.16551913
-0.13883455
-0.12796294
-0.1309066
-0.13199207
-0.19809035
-0.17192582
-0.14589877
-0.20882335
-0.21032869
-0.2114854
-0.20750394
-0.20772824
-0.20784399
-0.12627463
-0.12567549
-0.12531327
-0.13287724
-0.13248892
-0.13223045
-0.21140858
-0.21176861
-0.21194888
-0.19284437
-0.16582067
-0.13978838
-0.12909427
-0.13184919
-0.13286812
-0.19746075
-0.17174498
-0.14633969
-0.20822504
-0.20960591
-0.21068105
-0.20784399
-0.20772824
-0.20750394
-0.12531327
-0.12567549
-0.12627463
-0.13223045
-0.13248892
-0.13287724
-0.21194888
-0.21176861
-0.21140858
-0.068873834
-0.088883592
-0.1121783
-0.058804144
-0.055464336
-0.052514676
-0.06552822
-0.092237927
-0.11844563
-0.072379153
-0.09148723
-0.11392757
-0.062952489
-0.05968912
-0.056860408
-0.069171493
-0.094649635
-0.11977847
-0.060614406
-0.061562338
-0.063350815
-0.05137955
-0.052370312
-0.05429046
-0.18176939
-0.14875223
-0.11748478
-0.10223722
-0.10190328
-0.1010397
-0.18379412
-0.1498554
-0.11717632
-0.19994383
-0.20070541
-0.20159366
-0.2055515
-0.20386086
-0.20134202
-0.1235515
-0.11736352
-0.1080533
-0.12533089
-0.11749699
-0.10703999
-0.20758765
-0.20582331
-0.20353913
-0.18008155
-0.14536228
-0.11195474
-0.12327735
-0.11445666
-0.10253952
-0.20633334
-0.20396292
-0.20081988
-0.19936607
-0.19902537
-0.19882535
-0.10132012
-0.099179936
-0.096449341
-0.17924294
-0.14317721
-0.10835222
-0.12161034
-0.11191661
-0.098849367
-0.20675539
-0.20418696
-0.20081305
-0.19870522
-0.19864475
-0.19861825
-0.093740589
-0.091826553
-0.090802523
-0.19359057
-0.16685371
-0.14116744
-0.19274991
-0.16599485
-0.14044879
-0.19181949
-0.16479652
-0.13911605
-0.19172927
-0.16468102
-0.13897512
-0.19230116
-0.16545089
-0.13981385
-0.1927061
-0.16579258
-0.13993512
-0.12784442
-0.12958961
-0.13029341
-0.12914002
-0.13154426
-0.13242465
-0.12928075
-0.13193589
-0.13292979
-0.14330138
-0.16867262
-0.19493331
-0.14549897
-0.170576
-0.19629757
-0.1462613
-0.17150647
-0.19715592
-0.20861394
-0.20775954
-0.20685677
-0.20961789
-0.20866521
-0.2074957
-0.21037091
-0.20932854
-0.20800715
-0.1940564
-0.16762218
-0.14207636
-0.19580907
-0.16999008
-0.14481008
-0.1970005
-0.17131986
-0.14604081
-0.19294291
-0.16578533
-0.13957421
-0.19304786
-0.165646
-0.13914598
-0.19308754
-0.16553586
-0.13887423
-0.12882688
-0.13164156
-0.13268573
-0.12832244
-0.13121914
-0.13229048
-0.12800694
-0.13094502
-0.13202893
-0.14629343
-0.17186844
-0.19768659
-0.1460864
-0.17193711
-0.19795605
-0.1459236
-0.17192868
-0.19807513
-0.21093842
-0.20983537
-0.20841252
-0.21128708
-0.21014909
-0.20867253
-0.21146184
-0.21030728
-0.20880533
-0.19441599
-0.16748202
-0.14132445
-0.19631881
-0.17003863
-0.14425792
-0.19760212
-0.17147104
-0.14557794
-0.19308754
-0.16553586
-0.13887423
-0.19304786
-0.165646
-0.13914598
-0.19294291
-0.16578533
-0.13957421
-0.12800694
-0.13094502
-0.13202893
-0.12832244
-0.13121914
-0.13229048
-0.12882688
-0.13164156
-0.13268573
-0.1459236
-0.17192868
-0.19807513
-0.1460864
-0.17193711
-0.19795605
-0.14629343
-0.17186844
-0.19768659
-0.21146184
-0.21030728
-0.20880533
-0.21128708
-0.21014909
-0.20867253
-0.21093842
-0.20983537
-0.20841252
-0.1940564
-0.16762218
-0.14207636
-0.19580907
-0.16999008
-0.14481008
-0.1970005
-0.17131986
-0.14604081
-0.11844433
-0.09265909
-0.066563563
-0.11770946
-0.093149605
-0.068536283
-0.11500489
-0.091646535
-0.070121417
-0.11224236
-0.088971404
-0.068986856
-0.11269338
-0.089602815
-0.069812327
-0.11347035
-0.090744911
-0.071345356
-0.058936354
-0.05559705
-0.052648788
-0.059893548
-0.056562327
-0.053629489
-0.061705898
-0.05840551
-0.055521766
-0.065643285
-0.09231806
-0.11849756
-0.066481017
-0.09289958
-0.11885858
-0.06807501
-0.09395732
-0.11945723
-0.11652821
-0.09401708
-0.073492436
-0.11907355
-0.095461896
-0.072002248
-0.11977311
-0.095032614
-0.070138683
-0.1834544
-0.14978057
-0.11742915
-0.18277265
-0.14954233
-0.11782881
-0.1821021
-0.14909758
-0.11779961
-0.18430621
-0.15277889
-0.12290128
-0.18806914
-0.15882404
-0.13111471
-0.19058979
-0.16286114
-0.13657747
-0.10829643
-0.10809567
-0.10741672
-0.11759618
-0.11785474
-0.1176863
-0.12400117
-0.1249891
-0.12531492
-0.12284088
-0.15393116
-0.18618849
-0.13193457
-0.16039262
-0.18994165
-0.13873163
-0.1652379
-0.19278787
-0.20310505
-0.20229101
-0.20160866
-0.20542849
-0.20467184
-0.20405859
-0.20719571
-0.20642545
-0.20574422
-0.18145523
-0.14832306
-0.1169196
-0.1808905
-0.14728019
-0.11523688
-0.18035039
-0.14603281
-0.1130931
-0.10755741
-0.11712036
-0.1237315
-0.10589605
-0.11640279
-0.12407625
-0.1036962
-0.11518755
-0.12365475
-0.20559511
-0.20376676
-0.20114337
-0.2058808
-0.20378045
-0.20092699
-0.20618449
-0.20389573
-0.20083865
-0.18314569
-0.15026514
-0.11859641
-0.18786698
-0.1579064
-0.12906592
-0.19139194
-0.1635676
-0.13679997
-0.17983744
-0.14473545
-0.11090414
-0.17947005
-0.14377658
-0.1093241
-0.17927077
-0.14325039
-0.10847079
-0.10145504
-0.11373947
-0.12283729
-0.099840728
-0.11262358
-0.12210123
-0.098968601
-0.11200236
-0.12167029
-0.20646154
-0.20402765
-0.20081113
-0.20664581
-0.20412587
-0.20080922
-0.20674219
-0.20417952
-0.20081241
-0.18254306
-0.14850374
-0.1155942
-0.18766225
-0.1568527
-0.12706792
-0.19150443
-0.16305354
-0.135561
-0.19250785
-0.16586821
-0.14050147
-0.19363471
-0.16736873
-0.14222446
-0.19455106
-0.16834571
-0.14309747
-0.19333919
-0.16701068
-0.14180506
-0.19483076
-0.16904047
-0.14417085
-0.19587618
-0.17019397
-0.14523445
-0.19387588
-0.16753542
-0.14215257
-0.19555491
-0.16980834
-0.14478142
-0.19670992
-0.17109826
-0.14597872
-0.19419248
-0.16763981
-0.14192861
-0.19599495
-0.17006933
-0.14472617
-0.19721823
-0.17143537
-0.14598978
-0.19434528
-0.16756986
-0.1415869
-0.19621267
-0.17008102
-0.14447127
-0.19747497
-0.17149021
-0.14577174
-0.19440838
-0.16749411
-0.14135848
-0.19630697
-0.17004527
-0.14428596
-0.19758791
-0.17147508
-0.1456039
-0.19440838
-0.16749411
-0.14135848
-0.19630697
-0.17004527
-0.14428596
-0.19758791
-0.17147508
-0.1456039
-0.19434528
-0.16756986
-0.1415869
-0.19621267
-0.17008102
-0.14447127
-0.19747497
-0.17149021
-0.14577174
-0.19419248
-0.16763981
-0.14192861
-0.19599495
-0.17006933
-0.14472617
-0.19721823
-0.17143537
-0.14598978
-0.11506323
-0.091727377
-0.070233152
-0.11776247
-0.093227593
-0.068648061
-0.11849692
-0.092738897
-0.066678107
-0.11546567
-0.09230801
-0.071029423
-0.11812904
-0.09379046
-0.069456735
-0.11885741
-0.093313516
-0.06750389
-0.11614733
-0.093350326
-0.072511938
-0.11874071
-0.094805078
-0.070975127
-0.11945633
-0.094356551
-0.069070609
-0.18458616
-0.15307631
-0.12317642
-0.18521032
-0.1535379
-0.12329313
-0.18586368
-0.15383138
-0.123033
-0.18828718
-0.15907383
-0.13136433
-0.18892403
-0.15970601
-0.13183118
-0.18961489
-0.16021585
-0.13197629
-0.19084312
-0.16322084
-0.13701098
-0.19165138
-0.16422406
-0.13806815
-0.19242946
-0.1649639
-0.13860771
-0.18406532
-0.15245287
-0.12246747
-0.18795953
-0.15867887
-0.13091109
-0.19067271
-0.16300845
-0.13675865
-0.18368413
-0.15170755
-0.12119852
-0.18792632
-0.15850726
-0.13045394
-0.19104011
-0.16348417
-0.13720876
-0.1833277
-0.15078074
-0.11951365
-0.18790408
-0.1581652
-0.12961427
-0.19130208
-0.16361233
-0.13704464
-0.18297441
-0.14976868
-0.11773146
-0.18782121
-0.15763308
-0.12851963
-0.1914462
-0.16346335
-0.13649326
-0.18271019
-0.14899522
-0.11641404
-0.18772974
-0.15716691
-0.127638
-0.19149287
-0.16323247
-0.1359422
-0.18256364
-0.14856385
-0.11569433
-0.18767098
-0.15689177
-0.12713842
-0.1915037
-0.16307637
-0.13560888
-0.16024011
-0.15297542
-0.15523432
-0.15067172
-0.089606109
-0.086649793
-0.17469473
-0.16622039
-0.18108258
-0.17189891
-0.17469473
-0.16622039
-0.086191786
-0.084801907
-0.21778967
-0.20459288
-0.085924605
-0.083249948
-0.087261658
-0.084481939
-0.085924605
-0.083249948
-0.11722119
-0.11113265
-0.27553742
-0.25565524
-0.29246313
-0.26979576
-0.1596477
-0.1577054
-0.15480541
-0.14488134
-0.12450513
-0.10035198
-0.08931616
-0.08845075
-0.08729591
-0.15133533
-0.12950788
-0.1039655
-0.17403034
-0.17181754
-0.16842906
-0.15167383
-0.12437696
-0.09746746
-0.085648819
-0.084848955
-0.083812121
-0.15882993
-0.12946699
-0.10086773
-0.16254773
-0.16760119
-0.17245207
-0.15512184
-0.15981266
-0.16420906
-0.084913793
-0.083254928
-0.083068304
-0.087670076
-0.085883789
-0.085715293
-0.18036233
-0.17796474
-0.17429269
-0.15629325
-0.12736044
-0.099189431
-0.08696663
-0.086131836
-0.085061028
-0.16400744
-0.13279199
-0.10275588
-0.17664712
-0.17943344
-0.18088371
-0.16795714
-0.17043302
-0.17172178
-0.083539951
-0.084088655
-0.084433422
-0.086242793
-0.086837992
-0.087209358
-0.17403034
-0.17181754
-0.16842906
-0.15167383
-0.12437696
-0.09746746
-0.085648819
-0.084848955
-0.083812121
-0.15882993
-0.12946699
-0.10086773
-0.18088371
-0.17943344
-0.17664712
-0.17172178
-0.17043302
-0.16795714
-0.084433422
-0.084088655
-0.083539951
-0.087209358
-0.086837992
-0.086242793
-0.15789396
-0.16363474
-0.16923887
-0.14633905
-0.12491839
-0.10007182
-0.084690881
-0.083598481
-0.083999924
-0.15314072
-0.15853682
-0.16375289
-0.14245384
-0.12213784
-0.098269321
-0.083419985
-0.082397578
-0.082785344
-0.15508653
-0.15402162
-0.15202519
-0.086138838
-0.085764824
-0.085148303
-0.21683356
-0.21346292
-0.2081335
-0.19087314
-0.16151631
-0.12913456
-0.11670989
-0.11505659
-0.11263486
-0.20283796
-0.17115331
-0.13641846
-0.16684028
-0.18376326
-0.20503615
-0.1588552
-0.17409356
-0.19315145
-0.089112209
-0.095872639
-0.10522736
-0.092379633
-0.10004409
-0.11060583
-0.2742016
-0.26932878
-0.26126161
-0.18090119
-0.20937104
-0.23903663
-0.19087838
-0.22272366
-0.25653043
-0.23129971
-0.25274052
-0.26887354
-0.21686899
-0.23603111
-0.24998165
-0.29093655
-0.28536908
-0.27617204
-0.18777211
-0.21880042
-0.2514869
-0.1986606
-0.23363549
-0.27127906
-0.28098108
-0.28832361
-0.29197013
-0.2602218
-0.26635222
-0.26938448
-0.10362375
-0.10258674
-0.10116523
-0.12906702
-0.12768268
-0.12570561
-0.15079617
-0.14905002
-0.1464849
-0.16194767
-0.15997098
-0.15700614
-0.16698087
-0.16492476
-0.16181348
-0.17180408
-0.16964686
-0.16635343
-0.14430395
-0.12261408
-0.098453603
-0.14693235
-0.12217044
-0.096958742
-0.15006077
-0.12352684
-0.097088245
-0.085504939
-0.086579318
-0.087394997
-0.083812557
-0.084834977
-0.085617632
-0.083624843
-0.084653228
-0.085444045
-0.10184774
-0.12738043
-0.15064078
-0.10025054
-0.1269506
-0.15354352
-0.10043674
-0.12850602
-0.15702222
-0.15824792
-0.15634677
-0.15349313
-0.12902059
-0.1276215
-0.12561002
-0.10053527
-0.099547827
-0.098213781
-0.17596752
-0.17370135
-0.17022689
-0.17872906
-0.17638171
-0.1727825
-0.18016555
-0.17777397
-0.17411074
-0.1530557
-0.12522904
-0.097900605
-0.15507605
-0.12653799
-0.098668704
-0.15614591
-0.12726028
-0.099124215
-0.084105766
-0.085152193
-0.085961646
-0.084662413
-0.085723615
-0.086548474
-0.085011702
-0.086081385
-0.086914932
-0.10134626
-0.13041979
-0.16037816
-0.10218831
-0.13187885
-0.16264429
-0.10268471
-0.13268076
-0.1638423
-0.16337814
-0.16132939
-0.15825337
-0.13231111
-0.13081787
-0.12867493
-0.1023994
-0.10136087
-0.099967667
-0.18016555
-0.17777397
-0.17411074
-0.17872906
-0.17638171
-0.1727825
-0.17596752
-0.17370135
-0.17022689
-0.15614591
-0.12726028
-0.099124215
-0.15507605
-0.12653799
-0.098668704
-0.1530557
-0.12522904
-0.097900605
-0.085011702
-0.086081385
-0.086914932
-0.084662413
-0.085723615
-0.086548474
-0.084105766
-0.085152193
-0.085961646
-0.10268471
-0.13268076
-0.1638423
-0.10218831
-0.13187885
-0.16264429
-0.10134626
-0.13041979
-0.16037816
-0.15824792
-0.15634677
-0.15349313
-0.12902059
-0.1276215
-0.12561002
-0.10053527
-0.099547827
-0.098213781
-0.098448001
-0.097622733
-0.098449856
-0.12603086
-0.12374294
-0.12332458
-0.15408631
-0.14985149
-0.14615769
-0.16906747
-0.163473
-0.15774103
-0.16781858
-0.16229988
-0.15663717
-0.16542798
-0.16007447
-0.15455954
-0.14621259
-0.12482352
-0.10000523
-0.14529176
-0.12414367
-0.099537116
-0.14359204
-0.12292336
-0.098737083
-0.084641829
-0.083551269
-0.083951889
-0.084292508
-0.083216262
-0.083611575
-0.083727886
-0.082681782
-0.083069895
-0.14962867
-0.1456973
-0.14229292
-0.12313786
-0.12102278
-0.12067376
-0.096763759
-0.095985962
-0.096771865
-0.13582361
-0.13387073
-0.13095848
-0.17041078
-0.16788901
-0.16402083
-0.20195347
-0.19887051
-0.19404409
-0.20415957
-0.20110813
-0.19632446
-0.18301943
-0.18049584
-0.17661733
-0.16620188
-0.16408517
-0.16089297
-0.18030977
-0.15276967
-0.12221173
-0.1630605
-0.13853639
-0.11119312
-0.14945527
-0.12798099
-0.10320932
-0.10654218
-0.10867543
-0.11014626
-0.096856478
-0.098502134
-0.099669551
-0.089845134
-0.091125245
-0.092068052
-0.12866442
-0.16136566
-0.19105171
-0.11623644
-0.14536012
-0.1717669
-0.10719226
-0.13343369
-0.15652613
-0.23027356
-0.2266223
-0.22078931
-0.251588
-0.2474282
-0.2406607
-0.26760053
-0.26295987
-0.25530569
-0.20449482
-0.18339818
-0.16502236
-0.22170847
-0.1966328
-0.17254741
-0.2340873
-0.20566256
-0.17843063
-0.17355921
-0.1939165
-0.21747859
-0.18163066
-0.20837887
-0.23659802
-0.18812198
-0.21850443
-0.25077415
-0.25533816
-0.25103437
-0.243961
-0.22176843
-0.21842055
-0.21303988
-0.19012333
-0.18756027
-0.18356208
-0.27959133
-0.27450892
-0.26608812
-0.28684929
-0.28146331
-0.27254801
-0.29045053
-0.28490453
-0.27574149
-0.24306397
-0.21236962
-0.18304429
-0.24845224
-0.21646218
-0.18603026
-0.25112618
-0.2185202
-0.18756256
-0.19330447
-0.22618627
-0.26128367
-0.19668662
-0.23092439
-0.26767101
-0.19842443
-0.23331183
-0.27085153
-0.26993138
-0.26505628
-0.25705059
-0.23257797
-0.22885867
-0.22287765
-0.19783833
-0.19504133
-0.19067819
-0.1501084
-0.14839265
-0.14586698
-0.12695674
-0.12563211
-0.12374851
-0.10152071
-0.10053824
-0.09920222
-0.15299808
-0.15122461
-0.14859051
-0.12652901
-0.12520779
-0.12331943
-0.099931763
-0.09897707
-0.097683094
-0.15645335
-0.15459943
-0.15182252
-0.12806875
-0.12669818
-0.12472903
-0.10011013
-0.099137852
-0.097821399
-0.15978268
-0.15783932
-0.1549182
-0.12996351
-0.12853727
-0.12648605
-0.10100697
-0.10000548
-0.098654412
-0.1620282
-0.16001975
-0.15700104
-0.13140757
-0.12993997
-0.12783132
-0.10183861
-0.10081445
-0.099437493
-0.16321452
-0.16117072
-0.15810151
-0.13220096
-0.13071088
-0.12857201
-0.10232896
-0.10129226
-0.099900971
-0.16321452
-0.16117072
-0.15810151
-0.13220096
-0.13071088
-0.12857201
-0.10232896
-0.10129226
-0.099900971
-0.1620282
-0.16001975
-0.15700104
-0.13140757
-0.12993997
-0.12783132
-0.10183861
-0.10081445
-0.099437493
-0.15978268
-0.15783932
-0.1549182
-0.12996351
-0.12853727
-0.12648605
-0.10100697
-0.10000548
-0.098654412
-0.15394275
-0.14971659
-0.14602927
-0.125933
-0.12365037
-0.12323341
-0.098383535
-0.097560305
-0.098385986
-0.1529066
-0.14874186
-0.14511202
-0.12523038
-0.12298534
-0.1225808
-0.097937004
-0.097126454
-0.097943599
-0.15095515
-0.14692276
-0.14341426
-0.12395981
-0.12179141
-0.1214154
-0.097184217
-0.096396357
-0.097195305
-0.19024241
-0.18745877
-0.18313866
-0.16069107
-0.15842814
-0.15498807
-0.12812789
-0.12638643
-0.12381339
-0.17108268
-0.16878888
-0.16530212
-0.14479941
-0.14296937
-0.14025199
-0.11579645
-0.11440619
-0.11240508
-0.15594484
-0.15404694
-0.15122746
-0.13296207
-0.13146615
-0.12930644
-0.10682452
-0.10569605
-0.10412485
-0.21654147
-0.21324047
-0.20801467
-0.19312306
-0.19040373
-0.18618245
-0.17289338
-0.17065292
-0.16724657
-0.235554
-0.23182889
-0.22582194
-0.20751552
-0.2045208
-0.19979601
-0.18093091
-0.17856791
-0.17493309
-0.24963328
-0.24551702
-0.23878233
-0.21758243
-0.21435304
-0.20918755
-0.1873884
-0.18489328
-0.18101769
-0.26004806
-0.25557206
-0.24820697
-0.22520331
-0.22174541
-0.2161791
-0.19253197
-0.18990028
-0.1857912
-0.26636625
-0.26164079
-0.2538675
-0.22989567
-0.22627516
-0.22044511
-0.19588373
-0.19314976
-0.1888799
-0.26950973
-0.2646522
-0.2566746
-0.23225835
-0.22855065
-0.222588
-0.19760504
-0.19481535
-0.19046371
-0.15834916
-0.1509312
1.7956698e-16
0.084602851
-0.17256831
-0.16401453
-0.08837315
-0.085226585
1.7535273e-16
1.7030761e-16
0.08837315
0.085226585
1.7503644e-16
0.08393419
-0.21539192
-0.20189501
-0.084797916
-0.082015121
1.2673016e-16
1.6830079e-16
0.084797916
0.082015121
-0.27180783
-0.2519537
-0.11597792
-0.10949097
1.6724571e-16
1.6744202e-16
-0.15770081
-0.15567851
-0.15274988
-0.15305574
-0.15769285
-0.16203264
-0.17184758
-0.16956821
-0.16618471
-0.1606291
-0.1656049
-0.17036992
-0.088039214
-0.087096214
-0.085885446
-0.083509266
-0.081917967
-0.081803413
-0.084492781
-0.083643688
-0.082578446
-0.086446619
-0.084699585
-0.084571757
-0.14949288
-0.12784651
-0.10256584
-0.14287429
-0.1226508
-0.098752812
-0.14963404
-0.12263995
-0.096050543
-0.15689101
-0.12785306
-0.099568974
1.5709414e-16
1.6951544e-16
1.7610978e-16
1.7808011e-16
1.6705033e-16
1.5347891e-16
1.5220527e-16
1.6334818e-16
1.6050348e-16
1.6595476e-16
1.456003e-16
1.2345086e-16
-0.073707292
-0.045020067
-0.015627588
-0.071206852
-0.043606893
-0.015159734
-0.067986259
-0.041217122
-0.014262026
-0.070113957
-0.042350145
-0.014624525
0.088039214
0.087096214
0.085885446
0.083509266
0.081917967
0.081803413
0.084492781
0.083643688
0.082578446
0.086446619
0.084699585
0.084571757
0.015627588
0.045020067
0.073707292
0.015159734
0.043606893
0.071206852
0.014262026
0.041217122
0.067986259
0.014624525
0.042350145
0.070113957
1.7949293e-16
1.8080259e-16
1.8270109e-16
1.8002122e-16
1.7507138e-16
1.8302694e-16
1.7578996e-16
1.7040084e-16
1.5905195e-16
0.084193969
0.083965657
0.084646037
0.084026852
0.083416295
0.083629315
0.08243843
0.081254277
0.081564755
0.015260027
0.043766146
0.071039623
0.014924473
0.042933456
0.070115992
-0.21434171
-0.21082808
-0.20542964
-0.21401157
-0.23284839
-0.24645587
-0.27034474
-0.2653544
-0.25739355
-0.22868636
-0.24968568
-0.26536697
-0.16492683
-0.18172914
-0.20279254
-0.15679279
-0.17189628
-0.19067775
-0.17851609
-0.20659012
-0.23571299
-0.1885493
-0.21994794
-0.2531775
-0.11539989
-0.11360684
-0.11104982
-0.087678157
-0.094422423
-0.10368831
-0.091145528
-0.098820992
-0.10937932
-0.20065069
-0.16934768
-0.13498059
-0.18833318
-0.15928932
-0.12727359
1.4486038e-16
1.6636433e-16
1.6304585e-16
1.8818063e-16
1.6922054e-16
1.7944071e-16
1.4501368e-16
1.4350641e-16
1.4632674e-16
-0.096549106
-0.058829166
-0.02039887
-0.09127057
-0.055728434
-0.019347137
-0.16966501
-0.16743781
-0.16414281
-0.16492724
-0.16279538
-0.15966953
-0.15997216
-0.15791572
-0.15492525
-0.14889859
-0.14707112
-0.14447108
-0.12735282
-0.12588372
-0.12385663
-0.10217603
-0.10105651
-0.099577717
-0.14229983
-0.14492505
-0.14803403
-0.12077326
-0.12038403
-0.12177945
-0.096873923
-0.095445882
-0.09564519
-0.15142987
-0.15429225
-0.15625852
-0.12386727
-0.12590443
-0.12736508
-0.096796632
-0.098160681
-0.099202787
-0.155109
-0.15167625
-0.14879727
-0.12689328
-0.1253262
-0.12572551
-0.099124734
-0.09890008
-0.10045856
-0.086129703
-0.085240446
-0.084113525
-0.084396588
-0.083550029
-0.082484191
-0.084268826
-0.08342421
-0.082362946
-0.073429101
-0.072662417
-0.071704985
-0.044851255
-0.04440189
-0.043868347
-0.015569054
-0.015417178
-0.015241988
-0.069712119
-0.068189827
-0.067883711
-0.042646679
-0.041571142
-0.041223492
-0.014819224
-0.014422764
-0.014275682
-0.068383317
-0.06919266
-0.069863981
-0.041402623
-0.041824804
-0.042202581
-0.014315592
-0.014449049
-0.014573953
-0.070009318
-0.070353159
-0.072030546
-0.042363505
-0.042753769
-0.043943309
-0.014641813
-0.014806799
-0.015245759
1.5673221e-16
1.6054696e-16
1.6753685e-16
1.4763515e-16
1.6887198e-16
1.628809e-16
1.4559419e-16
1.5695565e-16
1.5939495e-16
0.015569054
0.015417178
0.015241988
0.044851255
0.04440189
0.043868347
0.073429101
0.072662417
0.071704985
0.014819224
0.014422764
0.014275682
0.042646679
0.041571142
0.041223492
0.069712119
0.068189827
0.067883711
0.014315592
0.014449049
0.014573953
0.041402623
0.041824804
0.042202581
0.068383317
0.06919266
0.069863981
0.014641813
0.014806799
0.015245759
0.042363505
0.042753769
0.043943309
0.070009318
0.070353159
0.072030546
0.086129703
0.085240446
0.084113525
0.084396588
0.083550029
0.082484191
0.084268826
0.08342421
0.082362946
1.7445397e-16
1.6857726e-16
1.8475701e-16
1.6769702e-16
1.7117906e-16
1.6963795e-16
1.7626969e-16
1.8317406e-16
1.7488395e-16
0.015096809
0.015066407
0.015170478
0.043399239
0.04325666
0.043519285
0.070778403
0.070358464
0.070660326
0.015135977
0.014960903
0.014909031
0.043423344
0.042958296
0.042863659
0.070512311
0.06988646
0.069916361
0.014628127
0.014308281
0.014235232
0.042097332
0.041239785
0.041105878
0.068816058
0.067640708
0.067686684
0.08298849
0.082475539
0.083048847
0.081459121
0.081093138
0.082104554
0.08134984
0.08103937
0.082177548
-0.26397171
-0.25920962
-0.25163582
-0.24842242
-0.24413374
-0.23738816
-0.22756121
-0.22377239
-0.2179007
-0.20183576
-0.19866688
-0.19383611
-0.18092133
-0.17830781
-0.17440115
-0.16423171
-0.16203493
-0.15881618
-0.20188383
-0.21882473
-0.23091097
-0.18111223
-0.19414894
-0.20297555
-0.16290475
-0.17031456
-0.17609432
-0.24049467
-0.24747623
-0.25187789
-0.21016289
-0.21548713
-0.21891212
-0.1811223
-0.18509921
-0.18773109
-0.24760535
-0.23380625
-0.21505307
-0.21584664
-0.20597505
-0.19176517
-0.18585867
-0.1795049
-0.17157764
-0.19967694
-0.19644605
-0.1915235
-0.16852391
-0.16584849
-0.16184645
-0.13431287
-0.13221123
-0.12915619
-0.17796764
-0.16095533
-0.14744697
-0.1507004
-0.13663868
-0.12612389
-0.12047346
-0.10956525
-0.10160135
-0.15468444
-0.16985307
-0.18898302
-0.13177717
-0.14369392
-0.15962555
-0.10579349
-0.1148471
-0.12725715
-0.10886176
-0.1072749
-0.10503949
-0.098397194
-0.097138316
-0.095423241
-0.090788412
-0.089764174
-0.088425274
-0.096061943
-0.094581978
-0.092507149
-0.058528311
-0.057639535
-0.056430531
-0.02029359
-0.01998856
-0.019580255
-0.08645937
-0.078826746
-0.073271291
-0.052819037
-0.048233466
-0.044882968
-0.018342484
-0.016762886
-0.01560579
-0.076042724
-0.082367556
-0.09107364
-0.046462697
-0.050277361
-0.055514343
-0.016131638
-0.017448774
-0.019253574
1.7626982e-16
1.5277517e-16
1.6298818e-16
1.6194593e-16
1.6236728e-16
1.6562415e-16
1.5783183e-16
1.5819089e-16
1.7831787e-16
-0.14821006
-0.14641412
-0.14385531
-0.15107747
-0.14922894
-0.14657004
-0.15448856
-0.15256606
-0.14977513
-0.12525046
-0.12384393
-0.12191311
-0.12485732
-0.12346224
-0.12153443
-0.12641266
-0.12497664
-0.12297765
-0.10008548
-0.099024339
-0.09763436
-0.098540186
-0.097516323
-0.096177483
-0.098762122
-0.097730733
-0.096379896
-0.071766418
-0.071046625
-0.070160793
-0.070102551
-0.069424363
-0.068599697
-0.069760384
-0.069090322
-0.068279946
-0.043783841
-0.043364689
-0.04287705
-0.042603895
-0.042214875
-0.041772168
-0.042216022
-0.041836846
-0.041410738
-0.015190475
-0.015049374
-0.014890304
-0.014755101
-0.014625201
-0.014482908
-0.014591155
-0.01446545
-0.014330122
0.015190475
0.015049374
0.014890304
0.014755101
0.014625201
0.014482908
0.014591155
0.01446545
0.014330122
0.043783841
0.043364689
0.04287705
0.042603895
0.042214875
0.041772168
0.042216022
0.041836846
0.041410738
0.071766418
0.071046625
0.070160793
0.070102551
0.069424363
0.068599697
0.069760384
0.069090322
0.068279946
0.014766753
0.014769435
0.01493768
0.014387156
0.014431138
0.014699871
0.014246
0.014314242
0.014620366
0.042469746
0.042420464
0.042866757
0.041439016
0.041500608
0.042222663
0.041105493
0.041228403
0.0420501
0.069331074
0.069058305
0.069646954
0.067871098
0.06774725
0.068743141
0.067577116
0.067523677
0.068650636
-0.2140316
-0.21061724
-0.20536869
-0.23266844
-0.22883703
-0.222856
-0.24636113
-0.24214393
-0.23548084
-0.19090534
-0.18809907
-0.18386505
-0.20503872
-0.20196052
-0.19725205
-0.21484591
-0.21153658
-0.20641484
-0.17085326
-0.16853341
-0.16510817
-0.17874348
-0.17630352
-0.17266527
-0.18506205
-0.18249494
-0.17863251
-0.18809728
-0.18519179
-0.18080241
-0.16910727
-0.16672048
-0.16319113
-0.15404779
-0.15206774
-0.1492127
-0.15888096
-0.15649118
-0.15295128
-0.14307561
-0.14114811
-0.13836639
-0.13125206
-0.129669
-0.12745672
-0.12665759
-0.12479308
-0.12211256
-0.11435387
-0.11286715
-0.11079399
-0.10537628
-0.10416165
-0.10253009
-0.090638367
-0.089332009
-0.087524736
-0.08201241
-0.080980823
-0.079604923
-0.075744225
-0.074908422
-0.073842709
-0.055246443
-0.054464959
-0.053418388
-0.050059998
-0.049447501
-0.048661396
-0.046280991
-0.045788538
-0.045188776
-0.019159971
-0.018892406
-0.018540281
-0.01737305
-0.017164328
-0.016902038
-0.016068493
-0.015901509
-0.015703292
