MFEM mesh v1.0

#
# MFEM Geometry Types (see mesh/geom.hpp):
#
# POINT       = 0
# SEGMENT     = 1
# TRIANGLE    = 2
# SQUARE      = 3
# TETRAHEDRON = 4
# CUBE        = 5
#

dimension
3

elements
8
1 5 14 22 11 3 15 24 13 4
1 5 22 23 10 11 24 25 12 13
1 5 15 24 13 4 2 5 1 0
1 5 18 26 28 17 21 31 33 20
1 5 26 27 29 28 31 32 34 33
1 5 17 28 30 16 20 33 35 19
1 5 31 32 34 33 7 6 8 9
1 5 14 3 18 36 15 4 21 37

boundary
36
14 3 2 5 1 0
14 3 7 6 8 9
14 3 3 11 22 14
14 3 11 10 23 22
14 3 14 22 24 15
14 3 22 23 25 24
14 3 11 3 4 13
14 3 23 10 12 25
14 3 10 11 13 12
14 3 24 25 12 13
14 3 15 24 5 2
14 3 24 13 1 5
14 3 13 4 0 1
14 3 4 15 2 0
14 3 17 28 26 18
14 3 28 29 27 26
14 3 16 30 28 17
14 3 18 26 31 21
14 3 3 18 21 4
14 3 26 27 32 31
14 3 17 18 21 20
14 3 21 31 33 20
14 3 27 29 34 32
14 3 29 28 33 34
14 3 28 30 35 33
14 3 30 16 19 35
14 3 16 17 20 19
14 3 20 33 35 19
14 3 31 32 6 7
14 3 33 31 7 9
14 3 32 34 8 6
14 3 34 33 9 8
14 3 36 18 3 14
14 3 36 14 15 37
14 3 18 36 37 21
14 3 15 4 21 37

vertices
38

nodes
FiniteElementSpace
FiniteElementCollection: H1_3D_P4
VDim: 3
Ordering: 0

-0.34715081
-0.28933241
-0.35824573
-0.43409041
-0.37954477
-0.29108888
-0.20734485
-0.29059633
-0.20785979
-0.29309622
-0.18130226
-0.3240448
-0.19962217
-0.3019618
-0.47637389
-0.40615364
-0.47536606
-0.49391193
-0.47536606
-0.40559113
-0.41631794
-0.40559113
-0.33785177
-0.18741678
-0.30903013
-0.2020654
-0.33425364
-0.17780112
-0.34238802
-0.17672131
-0.33425364
-0.30755019
-0.19875588
-0.31210537
-0.19861484
-0.30755019
-0.56790914
-0.46325474
-0.45473155
-0.41044944
-0.36342096
-0.324875
-0.32895995
-0.33476008
-0.42023229
-0.38671035
-0.34674892
-0.4408931
-0.45552042
-0.46976297
-0.39132516
-0.36030625
-0.32710656
-0.30235239
-0.30439045
-0.3073957
-0.37026921
-0.34674087
-0.318235
-0.38397889
-0.39343822
-0.40219935
-0.46288477
-0.43884384
-0.41688064
-0.33263971
-0.32288074
-0.31360574
-0.32012587
-0.31264529
-0.30547574
-0.4235462
-0.40475981
-0.38772527
-0.31197782
-0.26246378
-0.21310118
-0.18219598
-0.18412556
-0.18627115
-0.20630292
-0.25382808
-0.30036399
-0.2907455
-0.25567889
-0.22050563
-0.19994383
-0.20070541
-0.20159366
-0.21762263
-0.25171178
-0.28502009
-0.19099203
-0.19636169
-0.20036531
-0.1858554
-0.19264151
-0.19758486
-0.34964465
-0.32875229
-0.304573
-0.28904598
-0.28922368
-0.29032779
-0.3419547
-0.32456875
-0.30238343
-0.3483549
-0.35210224
-0.35620065
-0.36410046
-0.37860789
-0.39605059
-0.29276155
-0.29778388
-0.30476962
-0.29035934
-0.29366951
-0.29875203
-0.3499271
-0.35938497
-0.3719112
-0.45342467
-0.40843636
-0.36045639
-0.33662636
-0.34018887
-0.34212231
-0.47014196
-0.42181904
-0.37037483
-0.49333321
-0.48910706
-0.48101858
-0.39063827
-0.35935809
-0.32583506
-0.30886809
-0.31086427
-0.31195501
-0.4002622
-0.36692627
-0.3313809
-0.41598671
-0.41356932
-0.40889696
-0.46196373
-0.43808012
-0.41625479
-0.32949468
-0.32049942
-0.3118499
-0.33692872
-0.32670341
-0.31694254
-0.47902309
-0.45246379
-0.42817839
-0.30763853
-0.25638582
-0.20482386
-0.17745516
-0.17698634
-0.17675276
-0.31401995
-0.25965065
-0.20520415
-0.28902614
-0.25341393
-0.21758156
-0.19870522
-0.19864475
-0.19861825
-0.29263432
-0.25540666
-0.21814763
-0.18289696
-0.19061342
-0.19634799
-0.18199078
-0.19003052
-0.19606287
-0.34212231
-0.34018887
-0.33662636
-0.45342467
-0.40843636
-0.36045639
-0.48101858
-0.48910706
-0.49333321
-0.31195501
-0.31086427
-0.30886809
-0.39063827
-0.35935809
-0.32583506
-0.40889696
-0.41356932
-0.41598671
-0.32949468
-0.32049942
-0.3118499
-0.46196373
-0.43808012
-0.41625479
-0.22192514
-0.24952887
-0.27665981
-0.20750394
-0.20772824
-0.20784399
-0.22270919
-0.2508801
-0.27871518
-0.2912758
-0.29237748
-0.29300805
-0.29216009
-0.29691336
-0.30353056
-0.20633334
-0.20396292
-0.20081988
-0.20675539
-0.20418696
-0.20081305
-0.2948306
-0.30015538
-0.30758983
-0.44076652
-0.45505814
-0.46893623
-0.49576955
-0.5295954
-0.55644801
-0.49652174
-0.52997348
-0.55655823
-0.38391142
-0.39319094
-0.40174473
-0.41918903
-0.44076155
-0.45671368
-0.41963551
-0.44101229
-0.45679402
-0.54807175
-0.51261288
-0.47970536
-0.42381016
-0.38813656
-0.34776074
-0.43620059
-0.39596203
-0.35281059
-0.44867177
-0.40567636
-0.35975445
-0.44257629
-0.40095071
-0.35669875
-0.4208614
-0.38382335
-0.34434753
-0.40099951
-0.36803131
-0.33277726
-0.32983388
-0.32457055
-0.32086956
-0.32057555
-0.31625735
-0.31323962
-0.3117522
-0.30830737
-0.30593287
-0.34150003
-0.37910427
-0.41059789
-0.33176578
-0.36536999
-0.3933821
-0.32265407
-0.3528005
-0.37776864
-0.42989168
-0.44353951
-0.45676865
-0.41030497
-0.42221447
-0.433621
-0.39253981
-0.40283371
-0.41250547
-0.38774959
-0.35760403
-0.32511666
-0.38022987
-0.35205763
-0.32139815
-0.3725019
-0.34755752
-0.31874494
-0.30114974
-0.254594
-0.20713919
-0.30453904
-0.25713871
-0.2092239
-0.30935537
-0.2605737
-0.21173834
-0.30829403
-0.26170316
-0.21521495
-0.30116403
-0.25959658
-0.21805816
-0.29420593
-0.25705064
-0.21984455
-0.19003729
-0.18823856
-0.18661116
-0.19567031
-0.19436251
-0.19318322
-0.19983734
-0.19884247
-0.19796853
-0.20937696
-0.2540722
-0.29784343
-0.2136803
-0.25361737
-0.29272637
-0.21653219
-0.25244923
-0.28758492
-0.28939246
-0.25475616
-0.21989547
-0.28698009
-0.25313792
-0.2187916
-0.28536742
-0.25201815
-0.21793411
-0.38215009
-0.35307004
-0.32179205
-0.36666004
-0.34086188
-0.31305112
-0.35392037
-0.33161924
-0.3066915
-0.30334467
-0.30076135
-0.29906387
-0.29670119
-0.29487244
-0.29384547
-0.29193588
-0.29065719
-0.29029511
-0.31418122
-0.34119965
-0.36333301
-0.30775763
-0.33220084
-0.3520402
-0.30358652
-0.32618616
-0.34395934
-0.37601068
-0.38463232
-0.39252183
-0.36273477
-0.36961756
-0.37576568
-0.35228998
-0.35709068
-0.36182362
-0.34790249
-0.32748388
-0.30364904
-0.3445566
-0.32521528
-0.30227387
-0.34205418
-0.32425518
-0.30200107
-0.46961539
-0.42139466
-0.37005162
-0.46578175
-0.41830189
-0.36771783
-0.45847889
-0.41245791
-0.36336915
-0.44139093
-0.39915143
-0.35408794
-0.41989464
-0.38240082
-0.34234271
-0.40022438
-0.36693372
-0.33127884
-0.33166446
-0.33492029
-0.33668608
-0.32231063
-0.32502762
-0.32650098
-0.3133313
-0.31556177
-0.31677571
-0.36315786
-0.41142055
-0.45675483
-0.34991257
-0.39268054
-0.43283032
-0.33748482
-0.3753893
-0.41092907
-0.4784934
-0.47461811
-0.46717985
-0.45202021
-0.44877237
-0.44250401
-0.42781228
-0.4251282
-0.41993642
-0.39357472
-0.36164026
-0.32745595
-0.39777393
-0.36494338
-0.32988897
-0.39996166
-0.36668671
-0.33119879
-0.31380625
-0.25953768
-0.20518645
-0.31227141
-0.25872979
-0.20506852
-0.30946914
-0.25729284
-0.20489628
-0.30452857
-0.25649623
-0.20820626
-0.29834982
-0.25579022
-0.2130338
-0.29215516
-0.2543278
-0.21630632
-0.18260607
-0.18221269
-0.1820171
-0.19042426
-0.1901715
-0.19004718
-0.19625205
-0.19612894
-0.19607058
-0.20861163
-0.25950095
-0.31036127
-0.21350276
-0.25835622
-0.30322819
-0.2168403
-0.25650652
-0.29617651
-0.29004826
-0.25396083
-0.21772634
-0.2916344
-0.25483838
-0.21797713
-0.2925115
-0.25533661
-0.21812617
-0.45847889
-0.41245791
-0.36336915
-0.46578175
-0.41830189
-0.36771783
-0.46961539
-0.42139466
-0.37005162
-0.33668608
-0.33492029
-0.33166446
-0.32650098
-0.32502762
-0.32231063
-0.31677571
-0.31556177
-0.3133313
-0.35408794
-0.39915143
-0.44139093
-0.34234271
-0.38240082
-0.41989464
-0.33127884
-0.36693372
-0.40022438
-0.46717985
-0.47461811
-0.4784934
-0.44250401
-0.44877237
-0.45202021
-0.41993642
-0.4251282
-0.42781228
-0.39996166
-0.36668671
-0.33119879
-0.39777393
-0.36494338
-0.32988897
-0.39357472
-0.36164026
-0.32745595
-0.28607761
-0.25248581
-0.21862688
-0.28124053
-0.25090103
-0.220165
-0.2777953
-0.24982007
-0.22136174
-0.20081113
-0.20080922
-0.20081241
-0.20402765
-0.20412587
-0.20417952
-0.20646154
-0.20664581
-0.20674219
-0.21922366
-0.25430768
-0.28930431
-0.22082287
-0.25245128
-0.28384408
-0.22209619
-0.25120664
-0.27997501
-0.30745509
-0.30647661
-0.30469769
-0.30004497
-0.29924824
-0.29782407
-0.29473762
-0.29406831
-0.29289333
-0.2772054
-0.24988519
-0.22214497
-0.27811421
-0.25048198
-0.22248949
-0.27864042
-0.25083066
-0.22268207
-0.545878
-0.52060375
-0.48863238
-0.52085865
-0.49991555
-0.47260481
-0.48923083
-0.47289055
-0.45403371
-0.42977511
-0.44311716
-0.45601349
-0.41020839
-0.42186677
-0.43299662
-0.39246257
-0.40255403
-0.41199705
-0.48106098
-0.51261478
-0.53750841
-0.45487929
-0.48236382
-0.50368578
-0.43092895
-0.45453471
-0.47236502
-0.53761231
-0.51296721
-0.48175341
-0.50377845
-0.48266995
-0.45546312
-0.47244893
-0.45480196
-0.43141818
-0.41525915
-0.40510748
-0.39271535
-0.43561897
-0.42275546
-0.40494612
-0.45063188
-0.43545409
-0.41491029
-0.43697897
-0.39656618
-0.35335405
-0.42542668
-0.38762611
-0.34701968
-0.41391227
-0.38041393
-0.34241297
-0.41610066
-0.38013818
-0.34157474
-0.40619684
-0.37258709
-0.33632303
-0.39624332
-0.36647628
-0.33251103
-0.39702841
-0.36500166
-0.33052918
-0.38869418
-0.35877196
-0.32629382
-0.38020488
-0.35371283
-0.32323989
-0.30592754
-0.26002606
-0.21404428
-0.301586
-0.25698217
-0.21188142
-0.29853907
-0.25473724
-0.21009033
-0.29923806
-0.25826531
-0.21717089
-0.29571782
-0.25586326
-0.21553616
-0.29327099
-0.25411821
-0.2142001
-0.29266768
-0.256001
-0.2191559
-0.28988944
-0.25413518
-0.21790098
-0.28799431
-0.25281409
-0.21690355
-0.37896739
-0.35068871
-0.32004997
-0.37225487
-0.34581345
-0.31683529
-0.3653182
-0.34189364
-0.3145927
-0.36412785
-0.33902286
-0.31172156
-0.35894999
-0.33540803
-0.30942176
-0.3535992
-0.33267481
-0.308004
-0.35195672
-0.33022529
-0.30567821
-0.34811839
-0.32764052
-0.30407422
-0.34475119
-0.32624433
-0.30351497
-0.44604819
-0.40284529
-0.35675382
-0.45275899
-0.40820265
-0.36073076
-0.4562726
-0.41103247
-0.36286257
-0.42383628
-0.38550644
-0.34457029
-0.42948382
-0.38999375
-0.34788938
-0.43242681
-0.39235669
-0.34966641
-0.40349574
-0.36949031
-0.33310074
-0.4081661
-0.37317988
-0.33582208
-0.41059614
-0.37512306
-0.33728237
-0.30620198
-0.25733131
-0.2082903
-0.3087635
-0.25865378
-0.20847291
-0.31016591
-0.25939697
-0.20859366
-0.29974825
-0.25650302
-0.21314334
-0.30189077
-0.25763226
-0.21335271
-0.30306458
-0.25826733
-0.2134836
-0.29330172
-0.25492967
-0.21643978
-0.29506837
-0.25588861
-0.21667684
-0.29604078
-0.25643057
-0.21681966
-0.4562726
-0.41103247
-0.36286257
-0.45275899
-0.40820265
-0.36073076
-0.44604819
-0.40284529
-0.35675382
-0.43242681
-0.39235669
-0.34966641
-0.42948382
-0.38999375
-0.34788938
-0.42383628
-0.38550644
-0.34457029
-0.41059614
-0.37512306
-0.33728237
-0.4081661
-0.37317988
-0.33582208
-0.40349574
-0.36949031
-0.33310074
-0.28698457
-0.25298213
-0.21878221
-0.28840342
-0.25378455
-0.21904619
-0.28919361
-0.2542432
-0.21920141
-0.28195393
-0.25131454
-0.22034116
-0.28310171
-0.25199862
-0.2206314
-0.28375229
-0.25239522
-0.22079901
-0.27837896
-0.25018601
-0.22156425
-0.2793415
-0.25079805
-0.22188743
-0.27989641
-0.25115601
-0.22207034
-0.47500701
-0.45980326
-0.44218473
-0.50453558
-0.48505626
-0.45954055
-0.52775671
-0.50429848
-0.47445667
-0.44969446
-0.43654214
-0.42110436
-0.47547796
-0.45865414
-0.43632269
-0.49542392
-0.4752733
-0.44923227
-0.42658707
-0.41539368
-0.40198459
-0.44881
-0.43456034
-0.4152137
-0.46555422
-0.44863317
-0.4262027
0.15089524
0.15787405
0.091303978
0.27129336
0.19162046
0.08932113
0.17469473
0.17173982
0.18108258
0.1778934
0.31528657
0.3036754
0.21778967
0.2121121
0.1608673
0.11334521
0.31402035
0.33299349
0.31402035
0.21804425
0.22870071
0.21804425
0.16586463
0.16964304
0.11564168
0.11722119
0.39093676
0.40977066
0.41982036
0.44101741
0.39093676
0.26614876
0.27553742
0.28179071
0.29246313
0.26614876
0.17478571
0.12024882
0.16041054
0.16156756
0.16430423
0.28287978
0.23966278
0.192319
0.27632719
0.2877368
0.29868283
0.25872691
0.22606536
0.18502113
0.11309121
0.11359148
0.11489126
0.19792824
0.16767692
0.13426945
0.19517582
0.2027014
0.20928614
0.18297142
0.15984484
0.13054999
0.15089348
0.13404733
0.11981455
0.15545395
0.13779032
0.12265416
0.28486251
0.2528458
0.22514024
0.25471353
0.2266368
0.20266471
0.16733519
0.16936004
0.16998188
0.29307751
0.24718607
0.19725523
0.31565884
0.31353625
0.30790332
0.11634773
0.11728615
0.11747761
0.20283796
0.17115331
0.13641846
0.21816563
0.21729916
0.2144077
0.15874692
0.14032065
0.12454269
0.29522726
0.26114572
0.23166279
0.090495423
0.089419599
0.089214089
0.1494404
0.12834948
0.10343814
0.15167247
0.15408858
0.15665239
0.14576648
0.12818847
0.10512039
0.093117242
0.098879639
0.10762835
0.091962585
0.099251318
0.10931517
0.1640703
0.18008482
0.20011479
0.15416343
0.16567043
0.1815867
0.33198065
0.36050883
0.38207948
0.4000459
0.41260019
0.41895722
0.35284545
0.38491178
0.40965713
0.33240358
0.32809133
0.31981738
0.23016397
0.24847525
0.26119594
0.27116281
0.27794939
0.28133136
0.24187649
0.26196438
0.27620984
0.22837318
0.22598036
0.22134013
0.29439277
0.26086442
0.23175616
0.36591551
0.32284856
0.28465257
0.39231907
0.34477791
0.30239179
0.31178815
0.27541766
0.24369039
0.39806871
0.40712513
0.41038045
0.41967974
0.43325433
0.44009249
0.42802472
0.43832931
0.44186317
0.26996425
0.27459223
0.27601861
0.28098108
0.28832361
0.29197013
0.28613446
0.2914
0.29301807
0.38286857
0.33658783
0.29548759
0.41145051
0.36035883
0.31471456
0.41895722
0.41260019
0.4000459
0.33198065
0.36050883
0.38207948
0.31981738
0.32809133
0.33240358
0.28133136
0.27794939
0.27116281
0.23016397
0.24847525
0.26119594
0.22134013
0.22598036
0.22837318
0.36591551
0.32284856
0.28465257
0.29439277
0.26086442
0.23175616
0.1750026
0.17462063
0.17302545
0.17664712
0.17943344
0.18088371
0.18141823
0.18101015
0.17928634
0.17361208
0.17629636
0.17770026
0.18707752
0.21703984
0.24848958
0.19087838
0.22272366
0.25653043
0.1986606
0.23363549
0.27127906
0.194511
0.22728945
0.26216525
0.27824531
0.29308037
0.30740682
0.29404428
0.251012
0.20235027
0.16214415
0.16646321
0.17195521
0.19609831
0.20556231
0.21419154
0.20421187
0.1738183
0.1395184
0.11398714
0.11611165
0.11883121
0.16355238
0.14439285
0.12790452
0.26041073
0.26924532
0.27846013
0.22592839
0.23018962
0.23652042
0.18461366
0.18652995
0.19023858
0.1504832
0.15155358
0.15404374
0.13371738
0.13460828
0.13664688
0.11954228
0.12020159
0.12176894
0.18030429
0.22480178
0.2653809
0.15991283
0.19956181
0.2356308
0.14240047
0.1778306
0.20995229
0.28028788
0.27015985
0.25947949
0.24899989
0.24031041
0.23091826
0.22197509
0.21465592
0.20648055
0.24292178
0.2122089
0.17360283
0.21617972
0.18879851
0.15431286
0.19342949
0.16894248
0.13798796
0.13034431
0.13133432
0.13321973
0.15986601
0.16245709
0.16599874
0.18428059
0.19001598
0.19545205
0.28660151
0.29159062
0.29344791
0.24245935
0.24622763
0.24756195
0.1941902
0.19677436
0.19761602
0.15677511
0.15857312
0.15908524
0.13885517
0.14027912
0.14063554
0.12348153
0.12457836
0.12482037
0.18463431
0.23146255
0.27445949
0.16327525
0.20481623
0.2428678
0.14494219
0.18188107
0.21560914
0.29562415
0.29378686
0.28871351
0.26155362
0.26016676
0.25604202
0.23205446
0.23102775
0.22773863
0.13519298
0.13641976
0.13670233
0.16912737
0.17098314
0.1714808
0.19992393
0.20245775
0.20319814
0.10737532
0.10768196
0.10870339
0.098601905
0.098423797
0.098880217
0.092627668
0.091808665
0.091797512
0.12688143
0.15841755
0.1868277
0.11507612
0.14330273
0.16865433
0.10650026
0.13206047
0.15429819
0.19763877
0.19176939
0.18491698
0.17817857
0.17379511
0.16842607
0.16264924
0.15951419
0.15606893
0.17355335
0.1517377
0.12393754
0.1587184
0.13902185
0.11377479
0.14842528
0.13057107
0.10712092
0.104201
0.1031787
0.10319187
0.12732498
0.12694153
0.1277979
0.1453737
0.14657744
0.14846883
0.35220261
0.38417124
0.4088333
0.34749333
0.37873185
0.40275087
0.33840606
0.36811494
0.39077324
0.31122352
0.33783833
0.35778985
0.27572735
0.29896042
0.31601929
0.24480499
0.26481909
0.27906867
0.37427291
0.38574479
0.3915346
0.32983884
0.33936011
0.34413206
0.29034323
0.29803608
0.30187369
0.38301263
0.36018539
0.33035404
0.33699246
0.31760086
0.2917336
0.29606848
0.28001457
0.25793005
0.31125011
0.30730991
0.29972615
0.27497084
0.27169568
0.26535478
0.2433257
0.24064895
0.23545413
0.23381907
0.25274046
0.26600744
0.23891211
0.25859934
0.27251484
0.24151978
0.26156074
0.27576918
0.42713413
0.43740284
0.44093077
0.42055215
0.43055624
0.43403282
0.40753888
0.41699867
0.42035576
0.37242363
0.38061251
0.38347782
0.32824936
0.33493362
0.33716083
0.28901312
0.29432017
0.29600401
0.39196142
0.40437403
0.41060888
0.34419622
0.35451343
0.35966436
0.30167627
0.31001266
0.31415729
0.41225908
0.40912446
0.39979909
0.36107061
0.35859387
0.35097134
0.31532342
0.31342284
0.3073726
0.2751611
0.27999369
0.28148373
0.28217256
0.28728435
0.28885766
0.28566268
0.29090978
0.29252303
0.33840606
0.36811494
0.39077324
0.34749333
0.37873185
0.40275087
0.35220261
0.38417124
0.4088333
0.3915346
0.38574479
0.37427291
0.34413206
0.33936011
0.32983884
0.30187369
0.29803608
0.29034323
0.35778985
0.33783833
0.31122352
0.31601929
0.29896042
0.27572735
0.27906867
0.26481909
0.24480499
0.29972615
0.30730991
0.31125011
0.26535478
0.27169568
0.27497084
0.23545413
0.24064895
0.2433257
0.24151978
0.26156074
0.27576918
0.23891211
0.25859934
0.27251484
0.23381907
0.25274046
0.26600744
0.25180659
0.25578761
0.25698095
0.21941871
0.22230122
0.22311271
0.18871062
0.19070089
0.19121291
0.26128367
0.26767101
0.27085153
0.22618627
0.23092439
0.23331183
0.19330447
0.19668662
0.19842443
0.27178914
0.2704337
0.26592255
0.23406564
0.23315574
0.22994196
0.19902694
0.19846894
0.19629774
0.26176531
0.25880476
0.25288146
0.22698234
0.22472952
0.2202779
0.19428275
0.19261499
0.18938275
0.17493502
0.17657143
0.17696264
0.17766525
0.17935833
0.17976099
0.17909074
0.1808109
0.18121846
0.19888004
0.2463391
0.28804411
0.19208816
0.23668009
0.27555606
0.18662735
0.22831171
0.26296356
0.26118632
0.2750077
0.28828931
0.23227065
0.24429004
0.25568537
0.20753791
0.2178755
0.2274613
0.27563491
0.2351727
0.18942977
0.24420907
0.20814323
0.16738698
0.2169852
0.18476925
0.14837016
0.16098102
0.1559836
0.15205021
0.14229552
0.13820877
0.13499047
0.12625939
0.12306748
0.12055805
0.13138135
0.16108254
0.18553066
0.13421061
0.16584551
0.19334774
0.13771681
0.17125279
0.20075295
0.17324141
0.17502473
0.17841573
0.21211406
0.21610667
0.22193537
0.24454753
0.2528229
0.26133249
0.15403454
0.15555259
0.15836566
0.18877329
0.19225546
0.19718309
0.21769873
0.22496646
0.23223444
0.13776409
0.13896273
0.14118084
0.16895568
0.17188331
0.17591489
0.19481324
0.20109294
0.20716679
0.18199007
0.18429277
0.18499683
0.22733526
0.23071061
0.23184837
0.2687634
0.27324937
0.27485009
0.16128008
0.16311474
0.1636171
0.2016409
0.20435576
0.20519283
0.23842823
0.24206426
0.24326392
0.14347315
0.14489756
0.14524754
0.17949181
0.181626
0.18222813
0.21221522
0.21510421
0.2159855
0.12372262
0.12446447
0.12600367
0.15173391
0.15393876
0.15697995
0.17473736
0.17987602
0.18466552
0.11352349
0.11365618
0.11449798
0.13894607
0.1402442
0.14228129
0.15966543
0.16351326
0.16701809
0.10659733
0.10592303
0.10617647
0.13014903
0.13023737
0.13140248
0.14874202
0.15079515
0.15313904
0.31713764
0.34482933
0.36577145
0.32546568
0.35454788
0.37672136
0.32976845
0.35951131
0.38226384
0.28070863
0.30483186
0.32270412
0.28767199
0.31293296
0.33180204
0.29124736
0.31704317
0.33637543
0.24891151
0.26963268
0.28452249
0.25461418
0.27622858
0.29188678
0.2575341
0.27956326
0.29557278
0.38110953
0.38966532
0.39262703
0.39299692
0.40204849
0.40512598
0.39899003
0.40828265
0.41141127
0.33550944
0.34249575
0.34480899
0.34536902
0.352765
0.35518597
0.35030586
0.35790124
0.360372
0.29491735
0.30046303
0.3022196
0.30287424
0.30874497
0.31059545
0.30683972
0.31286841
0.31476358
0.32976845
0.35951131
0.38226384
0.32546568
0.35454788
0.37672136
0.31713764
0.34482933
0.36577145
0.29124736
0.31704317
0.33637543
0.28767199
0.31293296
0.33180204
0.28070863
0.30483186
0.32270412
0.2575341
0.27956326
0.29557278
0.25461418
0.27622858
0.29188678
0.24891151
0.26963268
0.28452249
0.25635366
0.26050486
0.26175194
0.26246314
0.26684682
0.2681643
0.26551296
0.27000874
0.27136014
0.22275522
0.22574354
0.22658753
0.22732185
0.23045604
0.23134288
0.22962933
0.23283347
0.233741
0.19107369
0.19312106
0.19364889
0.1943689
0.19649641
0.19704411
0.19606729
0.19823304
0.19879015
0.17505993
0.21425934
0.24682551
0.18005713
0.22198117
0.25853502
0.18626342
0.23088164
0.27009921
0.15551065
0.19050809
0.21951472
0.15965062
0.19704791
0.22963549
0.1647793
0.20455499
0.23952302
0.13894106
0.17033706
0.19624158
0.14223117
0.1757233
0.20485203
0.14629806
0.18185914
0.21311441
-0.14945863
-0.15633221
-0.15915685
-0.26924666
-0.18998382
-0.17002888
-0.08837315
-0.088288133
1.3785883e-16
1.1950258e-16
-0.31136795
-0.30113814
-0.21539192
-0.21027127
-0.31136231
-0.21613735
0.15964417
1.1511418e-16
-0.15964417
0.11222493
1.0735856e-16
-0.11222493
-0.38645085
-0.402592
-0.26348491
-0.27180783
-0.16477615
-0.16793162
4.2665629e-17
9.374565e-17
0.16477615
-0.11461186
-0.11597792
1.0421333e-16
1.014807e-16
0.11461186
-0.17346291
-0.11908157
-0.32907141
-0.35706911
-0.37799116
-0.32004085
-0.35121805
-0.37591429
-0.27428068
-0.28557945
-0.29630747
-0.27613628
-0.29077581
-0.30487214
-0.22815726
-0.24625555
-0.2587022
-0.22289799
-0.24278426
-0.25746065
-0.19354328
-0.20102674
-0.20751704
-0.19443659
-0.20381286
-0.21233908
-0.29186293
-0.25859295
-0.22973249
-0.36178432
-0.31936297
-0.28173224
-0.28245896
-0.25068918
-0.22320164
-0.25273264
-0.22479615
-0.20096242
-0.39314814
-0.40130897
-0.40364944
-0.33148008
-0.36475777
-0.39132055
-0.31202038
-0.31039262
-0.30518175
-0.26711483
-0.27137338
-0.27244767
-0.22868636
-0.24968568
-0.26536697
-0.21586872
-0.21519722
-0.2124856
-0.37643935
-0.3314124
-0.29132139
-0.29164895
-0.25812781
-0.22908341
-0.16103597
-0.16499706
-0.16851575
-0.1585138
-0.16332563
-0.16791081
-0.15024146
-0.15264431
-0.15515387
-0.15051588
-0.15379964
-0.15737659
-0.16577576
-0.18262906
-0.20360883
-0.18524811
-0.21494763
-0.24605043
-0.16251333
-0.17845382
-0.19836022
-0.15271841
-0.16417758
-0.18000844
-0.15922394
-0.16045466
-0.163225
-0.13768385
-0.084357888
-0.029337381
8.8890546e-17
6.7409995e-17
3.7857447e-17
-0.028917971
-0.082851609
-0.13418418
-0.11199343
-0.11253938
-0.11386269
-0.095629906
-0.058470928
-0.020313987
7.5940905e-17
6.0225725e-17
1.1705605e-16
-0.020240776
-0.058045393
-0.094196316
-0.14968106
-0.13286872
-0.118675
-0.15437647
-0.13673477
-0.12161723
6.7798766e-17
7.8337339e-17
8.1633229e-17
6.9927466e-17
1.0262215e-16
8.2093561e-17
-0.16621258
-0.16809829
-0.16846276
-0.13992183
-0.085365897
-0.029619205
6.820471e-17
7.3527148e-17
6.686961e-17
-0.11530526
-0.11619096
-0.11629388
-0.096549106
-0.058829166
-0.02039887
7.9452782e-17
1.0040757e-16
1.1107759e-16
-0.15717609
-0.138938
-0.12326776
7.7937497e-17
8.2436686e-17
9.4144985e-17
0.029337381
0.084357888
0.13768385
0.15922394
0.16045466
0.163225
0.13418418
0.082851609
0.028917971
0.020313987
0.058470928
0.095629906
0.11199343
0.11253938
0.11386269
0.094196316
0.058045393
0.020240776
0.15437647
0.13673477
0.12161723
0.14968106
0.13286872
0.118675
-0.088584936
-0.088664497
-0.088443379
-0.073707292
-0.045020067
-0.015627588
1.4149239e-16
1.0308962e-16
1.126571e-16
-0.073786166
-0.045208168
-0.015720639
-0.090931252
-0.098225943
-0.10828945
-0.091145528
-0.098820992
-0.10937932
1.3527115e-16
1.1608904e-16
1.0217603e-16
8.6514485e-17
1.0997091e-16
1.0809006e-16
-0.25673459
-0.22431681
-0.18360312
-0.16089249
-0.16518011
-0.17064716
-0.29162943
-0.24903778
-0.2008038
-0.18135535
-0.1583609
-0.12928398
-0.11284866
-0.11495525
-0.11766736
-0.20240951
-0.17223151
-0.1381924
-0.16225219
-0.14314676
-0.12671274
-0.28701991
-0.30205824
-0.31467303
-0.30575091
-0.32808954
-0.34443569
-0.32189514
-0.34829121
-0.36800348
-0.30847087
-0.33461956
-0.35400456
-0.27328529
-0.29616529
-0.3127954
-0.24265787
-0.26241555
-0.27634556
-0.35207639
-0.32920017
-0.30014402
-0.31115096
-0.29155727
-0.26625401
-0.27497131
-0.25857
-0.23682035
-0.27802478
-0.2680856
-0.25750021
-0.24694996
-0.23840324
-0.22908082
-0.22011823
-0.21290728
-0.20478222
-0.25915115
-0.27279692
-0.28587089
-0.23038924
-0.24227052
-0.25350183
-0.20580605
-0.21603988
-0.22550295
-0.22395333
-0.24115206
-0.25297088
-0.21412558
-0.22894652
-0.23888754
-0.2020088
-0.21210652
-0.21981191
-0.32458606
-0.33036054
-0.33217253
-0.35666775
-0.36347732
-0.36556681
-0.38226065
-0.39001148
-0.392291
-0.36791556
-0.37533353
-0.37742229
-0.32447941
-0.3305884
-0.33224975
-0.28587858
-0.29075595
-0.29202619
-0.36604287
-0.3414331
-0.31044215
-0.32260746
-0.30154476
-0.27462007
-0.28407941
-0.26650272
-0.24345974
-0.29227989
-0.29086168
-0.2861507
-0.25870096
-0.25761892
-0.25376493
-0.22959332
-0.2287917
-0.22570779
-0.26091316
-0.26495521
-0.26597969
-0.24576987
-0.24933225
-0.25024085
-0.2253995
-0.2284246
-0.22918884
-0.21474226
-0.2309725
-0.24193567
-0.191814
-0.20417151
-0.21195357
-0.1717922
-0.17849174
-0.18335838
-0.24082116
-0.2278572
-0.21002759
-0.21105569
-0.20167125
-0.18803414
-0.18265841
-0.17655134
-0.16884847
-0.19594771
-0.19016075
-0.18334317
-0.17659977
-0.17228326
-0.16693813
-0.16113734
-0.15805891
-0.15462967
-0.18412033
-0.19262982
-0.2002505
-0.1675156
-0.17419653
-0.17998741
-0.15502341
-0.15946898
-0.16374102
-0.15920858
-0.16304867
-0.1664542
-0.15545443
-0.15892284
-0.16197893
-0.1518071
-0.1545936
-0.15728535
-0.028816591
-0.0288721
-0.029153931
-0.082573486
-0.082828161
-0.083768806
-0.13379016
-0.1345436
-0.13651905
-0.14930483
-0.1504451
-0.15297079
-0.13256778
-0.13351917
-0.13559152
-0.11842725
-0.11913696
-0.12073212
-0.12894758
-0.078961643
-0.027452176
-0.11413786
-0.06982412
-0.024262959
-0.10147337
-0.062041949
-0.021553288
5.5782359e-17
9.1874662e-17
8.7574722e-17
8.4664023e-17
8.1699278e-17
8.4060426e-17
9.0071262e-17
8.3444948e-17
7.0804568e-17
-0.027082962
-0.077616117
-0.1257695
-0.023991399
-0.0687895
-0.11157269
-0.021402522
-0.061380722
-0.099610354
-0.093971192
-0.094226219
-0.095092899
-0.057880748
-0.057886716
-0.058226583
-0.020179939
-0.020157798
-0.020243808
-0.029510821
-0.029737472
-0.029735618
-0.084913466
-0.08564224
-0.085685541
-0.13875967
-0.1401832
-0.1403952
-0.15567201
-0.15735991
-0.15766688
-0.13778363
-0.1391335
-0.13935267
-0.12243204
-0.12347232
-0.12361469
-0.13092632
-0.079845788
-0.027697476
-0.11568269
-0.070500772
-0.024446891
-0.10260825
-0.062513277
-0.021674102
9.0190608e-17
7.5838009e-17
7.8014856e-17
4.5997475e-17
6.8794541e-17
6.4970509e-17
9.7267907e-17
9.9609959e-17
9.2760859e-17
-0.096129074
-0.096780335
-0.0968223
-0.058709346
-0.059023137
-0.059006913
-0.020383821
-0.020476669
-0.020462498
0.13379016
0.1345436
0.13651905
0.082573486
0.082828161
0.083768806
0.028816591
0.0288721
0.029153931
0.027452176
0.078961643
0.12894758
0.024262959
0.06982412
0.11413786
0.021553288
0.062041949
0.10147337
0.15297079
0.1504451
0.14930483
0.13559152
0.13351917
0.13256778
0.12073212
0.11913696
0.11842725
0.1257695
0.077616117
0.027082962
0.11157269
0.0687895
0.023991399
0.099610354
0.061380722
0.021402522
0.020179939
0.020157798
0.020243808
0.057880748
0.057886716
0.058226583
0.093971192
0.094226219
0.095092899
-0.10886754
-0.10960473
-0.10966889
-0.098595357
-0.099076936
-0.09907042
-0.091143298
-0.091429875
-0.091367836
-0.09107364
-0.055514343
-0.019253574
-0.082367556
-0.050277361
-0.017448774
-0.076042724
-0.046462697
-0.016131638
1.2988656e-16
1.0642634e-16
1.0431391e-16
1.1688851e-16
9.4815679e-17
9.2669492e-17
1.1658086e-16
9.9641216e-17
1.1494607e-16
-0.01920555
-0.055270357
-0.090366909
-0.017469395
-0.050244308
-0.082046052
-0.016204982
-0.046591535
-0.076017355
-0.073857806
-0.073980844
-0.073887618
-0.045203513
-0.045218611
-0.045135145
-0.015709449
-0.015702995
-0.015668386
-0.19735723
-0.19060179
-0.18517858
-0.24441462
-0.23483888
-0.22652673
-0.28571988
-0.27340042
-0.26093172
-0.24098772
-0.21049824
-0.17220345
-0.21437353
-0.1871772
-0.15296413
-0.19175183
-0.16741403
-0.13669492
-0.15081145
-0.15471692
-0.15969327
-0.13378948
-0.13698553
-0.14105776
-0.11939926
-0.12189
-0.12507237
-0.18791686
-0.233261
-0.27332256
-0.16595074
-0.20636551
-0.24210739
-0.14700973
-0.18312221
-0.21508675
-0.19899022
-0.19166051
-0.18389772
-0.16968683
-0.16431482
-0.15957831
-0.13639873
-0.13290529
-0.13009663
-0.30185163
-0.32652353
-0.3448015
-0.28687175
-0.30779015
-0.32296055
-0.26941778
-0.28351313
-0.29521474
-0.26766117
-0.28929332
-0.30500462
-0.25477275
-0.27319403
-0.2862741
-0.23954959
-0.25199867
-0.26208672
-0.23798784
-0.2567222
-0.26992374
-0.22709542
-0.2431553
-0.2542092
-0.21393878
-0.22483421
-0.23337986
-0.35788753
-0.3649276
-0.36695301
-0.3341882
-0.34036417
-0.34220545
-0.30430032
-0.30952704
-0.31111172
-0.31600342
-0.32179603
-0.32339414
-0.29572436
-0.30079928
-0.30223163
-0.26972356
-0.27400973
-0.27522701
-0.27891093
-0.28353628
-0.28475048
-0.26196419
-0.2660253
-0.26710333
-0.23965492
-0.24309074
-0.24399932
-0.2110509
-0.22651114
-0.23695729
-0.20223826
-0.21564341
-0.22448178
-0.19125788
-0.20044453
-0.20734676
-0.18891266
-0.20075566
-0.208226
-0.18221043
-0.19269027
-0.19913877
-0.17348041
-0.18080656
-0.18596902
-0.16965998
-0.17613582
-0.18086279
-0.16479507
-0.17069003
-0.17488965
-0.15925951
-0.16375772
-0.16739693
-0.12541322
-0.12610498
-0.12789558
-0.077363237
-0.077590719
-0.078433562
-0.026990473
-0.027038201
-0.027288554
-0.111284
-0.1118433
-0.11329024
-0.068581598
-0.068747284
-0.069406993
-0.023915035
-0.023944308
-0.024135559
-0.099369155
-0.099749538
-0.10082841
-0.061204971
-0.061278626
-0.06173695
-0.021337618
-0.021337658
-0.021462882
-0.1299145
-0.13118601
-0.13136088
-0.079457996
-0.080106084
-0.080136855
-0.027606419
-0.027807325
-0.027803074
-0.11491447
-0.11592646
-0.11604593
-0.070216943
-0.070727352
-0.07074085
-0.024383644
-0.024540563
-0.024533453
-0.10206779
-0.10284011
-0.10290937
-0.062333996
-0.062714735
-0.06271013
-0.021640898
-0.021755776
-0.021744716
0.026990473
0.027038201
0.027288554
0.077363237
0.077590719
0.078433562
0.12541322
0.12610498
0.12789558
0.023915035
0.023944308
0.024135559
0.068581598
0.068747284
0.069406993
0.111284
0.1118433
0.11329024
0.021337618
0.021337658
0.021462882
0.061204971
0.061278626
0.06173695
0.099369155
0.099749538
0.10082841
-0.090774654
-0.091308775
-0.091322985
-0.055456953
-0.055705005
-0.055675907
-0.019258094
-0.019329168
-0.01931128
-0.082288254
-0.082619378
-0.082581215
-0.050336635
-0.050470005
-0.050414867
-0.017490552
-0.017523522
-0.017497726
-0.076135245
-0.076311972
-0.07623223
-0.046614007
-0.04666029
-0.046583965
-0.016202946
-0.01620703
-0.01617467
-0.26786861
-0.25645648
-0.24485698
-0.22901445
-0.22018801
-0.21251555
-0.18477109
-0.17859621
-0.17363232
-0.23748566
-0.22771814
-0.21768254
-0.20281171
-0.19536163
-0.18885968
-0.163358
-0.15825199
-0.15413836
-0.21126352
-0.20309111
-0.19454439
-0.18023712
-0.17414333
-0.16878642
-0.14494757
-0.14089641
-0.13762803
