MFEM mesh v1.0

#
# MFEM Geometry Types (see mesh/geom.hpp):
#
# POINT       = 0
# SEGMENT     = 1
# TRIANGLE    = 2
# SQUARE      = 3
# TETRAHEDRON = 4
# CUBE        = 5
#

dimension
3

elements
8
1 5 10 18 8 4 11 19 9 5
1 5 20 21 13 14 23 24 16 17
1 5 21 22 12 13 24 25 15 16
1 5 22 10 4 12 25 11 5 15
1 5 25 11 5 15 6 3 0 2
1 5 13 12 27 26 16 15 29 28
1 5 12 4 8 27 15 5 9 29
1 5 15 5 9 29 2 0 1 7

boundary
28
19 3 6 3 0 2
19 3 2 0 1 7
19 3 4 8 18 10
19 3 10 18 19 11
19 3 18 8 9 19
19 3 11 19 9 5
19 3 5 9 1 0
19 3 11 5 0 3
19 3 14 13 21 20
19 3 13 12 22 21
19 3 12 4 10 22
19 3 20 21 24 23
19 3 21 22 25 24
19 3 22 10 11 25
19 3 14 20 23 17
19 3 13 14 17 16
19 3 23 24 16 17
19 3 24 25 15 16
19 3 25 11 3 6
19 3 15 25 6 2
19 3 26 27 12 13
19 3 27 8 4 12
19 3 26 13 16 28
19 3 27 26 28 29
19 3 16 15 29 28
19 3 8 27 29 9
19 3 29 15 2 7
19 3 9 29 7 1

vertices
30

nodes
FiniteElementSpace
FiniteElementCollection: H1_3D_P4
VDim: 3
Ordering: 0

-0.34715081
-0.28933241
-0.35824573
-0.35793389
-0.43409041
-0.37954477
-0.37443101
-0.29108888
-0.3240448
-0.3019618
-0.47536606
-0.40559113
-0.47637389
-0.495475
-0.47637389
-0.40615364
-0.41723435
-0.40615364
-0.33425364
-0.30755019
-0.56790914
-0.59803778
-0.56790914
-0.46325474
-0.47972374
-0.46325474
-0.34774374
-0.33785177
-0.31435986
-0.30903013
-0.45342467
-0.40843636
-0.36045639
-0.3242434
-0.32711436
-0.33173573
-0.42023229
-0.38671035
-0.34674892
-0.44076652
-0.45505814
-0.46893623
-0.39063827
-0.35935809
-0.32583506
-0.3021024
-0.30365143
-0.30616256
-0.37026921
-0.34674087
-0.318235
-0.38391142
-0.39319094
-0.40174473
-0.46196373
-0.43808012
-0.41625479
-0.32949468
-0.32049942
-0.3118499
-0.32012587
-0.31264529
-0.30547574
-0.4235462
-0.40475981
-0.38772527
-0.57744947
-0.59054243
-0.59714211
-0.51745313
-0.55460319
-0.58496907
-0.49487805
-0.49052079
-0.48218954
-0.49652174
-0.52997348
-0.55655823
-0.46854531
-0.47568847
-0.4792407
-0.43177284
-0.45500738
-0.47250916
-0.416891
-0.41438734
-0.40956005
-0.41963551
-0.44101229
-0.45679402
-0.54807175
-0.51261288
-0.47970536
-0.57563883
-0.53554585
-0.49831672
-0.4804563
-0.45366626
-0.42918375
-0.46288477
-0.43884384
-0.41688064
-0.59714211
-0.59054243
-0.57744947
-0.49652174
-0.52997348
-0.55655823
-0.48218954
-0.49052079
-0.49487805
-0.4792407
-0.47568847
-0.46854531
-0.41963551
-0.44101229
-0.45679402
-0.40956005
-0.41438734
-0.416891
-0.54807175
-0.51261288
-0.47970536
-0.46288477
-0.43884384
-0.41688064
-0.49576955
-0.5295954
-0.55644801
-0.4408931
-0.45552042
-0.46976297
-0.41918903
-0.44076155
-0.45671368
-0.38397889
-0.39343822
-0.40219935
-0.36061786
-0.36643162
-0.37191306
-0.34833471
-0.35199212
-0.35596145
-0.3483549
-0.35210224
-0.35620065
-0.36090113
-0.36661505
-0.37197667
-0.38928172
-0.41794066
-0.44722054
-0.36375315
-0.37819098
-0.39554362
-0.3499271
-0.35938497
-0.3719112
-0.36410046
-0.37860789
-0.39605059
-0.45473155
-0.41044944
-0.36342096
-0.34742028
-0.34507082
-0.34074089
-0.47211122
-0.42479954
-0.37477476
-0.39132516
-0.36030625
-0.32710656
-0.31418377
-0.31290806
-0.31057331
-0.40134196
-0.36837628
-0.33331799
-0.33263971
-0.32288074
-0.31360574
-0.34160731
-0.33025772
-0.31959149
-0.324875
-0.32895995
-0.33476008
-0.30235239
-0.30439045
-0.3073957
-0.3419547
-0.32456875
-0.30238343
-0.28904598
-0.28922368
-0.29032779
-0.34964465
-0.32875229
-0.304573
-0.29035934
-0.29366951
-0.29875203
-0.29276155
-0.29778388
-0.30476962
-0.42359651
-0.38779675
-0.34724232
-0.43555118
-0.39493492
-0.35129566
-0.44758118
-0.40398237
-0.35726142
-0.44139093
-0.39915143
-0.35408794
-0.41989464
-0.38240082
-0.34234271
-0.40022438
-0.36693372
-0.33127884
-0.32719018
-0.32295695
-0.32031724
-0.3185762
-0.31503976
-0.31282341
-0.31028383
-0.30742001
-0.30563116
-0.34150003
-0.37910427
-0.41059789
-0.33176578
-0.36536999
-0.3933821
-0.32265407
-0.3528005
-0.37776864
-0.42977511
-0.44311716
-0.45601349
-0.41020839
-0.42186677
-0.43299662
-0.39246257
-0.40255403
-0.41199705
-0.38718377
-0.3568144
-0.32405731
-0.37990056
-0.35158797
-0.32076654
-0.37239407
-0.34740351
-0.31853119
-0.50295161
-0.51206774
-0.51680591
-0.53764655
-0.54836278
-0.55385503
-0.565549
-0.57788197
-0.58412486
-0.55683586
-0.5688103
-0.57482452
-0.51995596
-0.52990919
-0.53487417
-0.48569626
-0.49376375
-0.49777523
-0.56364657
-0.53559949
-0.50101576
-0.52550686
-0.50168521
-0.47171672
-0.49015853
-0.47045523
-0.44490501
-0.4799097
-0.475913
-0.46825079
-0.453208
-0.4498551
-0.44339489
-0.42880474
-0.42602867
-0.42067083
-0.48175341
-0.51296721
-0.53761231
-0.45546312
-0.48266995
-0.50377845
-0.43141818
-0.45480196
-0.47244893
-0.46183879
-0.46864669
-0.4720484
-0.44542808
-0.45150728
-0.45458689
-0.4234057
-0.42868479
-0.43140074
-0.51680591
-0.51206774
-0.50295161
-0.55385503
-0.54836278
-0.53764655
-0.58412486
-0.57788197
-0.565549
-0.57482452
-0.5688103
-0.55683586
-0.53487417
-0.52990919
-0.51995596
-0.49777523
-0.49376375
-0.48569626
-0.53761231
-0.51296721
-0.48175341
-0.50377845
-0.48266995
-0.45546312
-0.47244893
-0.45480196
-0.43141818
-0.46825079
-0.475913
-0.4799097
-0.44339489
-0.4498551
-0.453208
-0.42067083
-0.42602867
-0.42880474
-0.4720484
-0.46864669
-0.46183879
-0.45458689
-0.45150728
-0.44542808
-0.43140074
-0.42868479
-0.4234057
-0.48923083
-0.47289055
-0.45403371
-0.52085865
-0.49991555
-0.47260481
-0.545878
-0.52060375
-0.48863238
-0.53750841
-0.51261478
-0.48106098
-0.50368578
-0.48236382
-0.45487929
-0.47236502
-0.45453471
-0.43092895
-0.42989168
-0.44353951
-0.45676865
-0.41030497
-0.42221447
-0.433621
-0.39253981
-0.40283371
-0.41250547
-0.45063188
-0.43545409
-0.41491029
-0.43561897
-0.42275546
-0.40494612
-0.41525915
-0.40510748
-0.39271535
-0.44153331
-0.42743494
-0.40808774
-0.41365249
-0.4033612
-0.38850493
-0.38630909
-0.37935542
-0.37067151
-0.39211471
-0.38441393
-0.37595188
-0.37543623
-0.36944838
-0.36269208
-0.36155375
-0.3569604
-0.35226131
-0.37601068
-0.38463232
-0.39252183
-0.36273477
-0.36961756
-0.37576568
-0.35228998
-0.35709068
-0.36182362
-0.40849722
-0.42767182
-0.44161126
-0.38885829
-0.40358014
-0.41372651
-0.3709815
-0.37955429
-0.38637647
-0.36954055
-0.36421947
-0.35857531
-0.3643369
-0.35949781
-0.35435673
-0.35878782
-0.35444392
-0.35020335
-0.37440459
-0.37173265
-0.36675738
-0.42434365
-0.42102336
-0.41475723
-0.47156291
-0.46757285
-0.45998048
-0.44257629
-0.40095071
-0.35669875
-0.4208614
-0.38382335
-0.34434753
-0.40099951
-0.36803131
-0.33277726
-0.33526041
-0.33918594
-0.34131435
-0.32503629
-0.3282656
-0.33001673
-0.31534785
-0.31796863
-0.31939511
-0.36703298
-0.41408729
-0.45854526
-0.35290089
-0.39480203
-0.43430436
-0.33974442
-0.37704887
-0.41213184
-0.40102804
-0.39874488
-0.39437373
-0.36811991
-0.36625606
-0.3627337
-0.33311374
-0.3316451
-0.32892123
-0.35975445
-0.35281059
-0.34776074
-0.40567636
-0.39596203
-0.38813656
-0.44867177
-0.43620059
-0.42381016
-0.32086956
-0.32457055
-0.32983388
-0.31323962
-0.31625735
-0.32057555
-0.30593287
-0.30830737
-0.3117522
-0.38774959
-0.38022987
-0.3725019
-0.35760403
-0.35205763
-0.34755752
-0.32511666
-0.32139815
-0.31874494
-0.36333301
-0.34119965
-0.31418122
-0.3520402
-0.33220084
-0.30775763
-0.34395934
-0.32618616
-0.30358652
-0.29906387
-0.30076135
-0.30334467
-0.29384547
-0.29487244
-0.29670119
-0.29029511
-0.29065719
-0.29193588
-0.32179205
-0.35307004
-0.38215009
-0.31305112
-0.34086188
-0.36666004
-0.3066915
-0.33161924
-0.35392037
-0.34790249
-0.3445566
-0.34205418
-0.32748388
-0.32521528
-0.32425518
-0.30364904
-0.30227387
-0.30200107
-0.43599015
-0.3950524
-0.35115863
-0.42483761
-0.38670803
-0.34568551
-0.41371759
-0.38010978
-0.34195627
-0.41529615
-0.37894344
-0.33989121
-0.40571906
-0.37186433
-0.33530248
-0.39608485
-0.36623683
-0.33216208
-0.39638696
-0.36408398
-0.32927609
-0.3883172
-0.35822142
-0.3255403
-0.38008053
-0.35353136
-0.3229836
-0.54588439
-0.55718026
-0.56287813
-0.5200454
-0.52988829
-0.53491635
-0.48769225
-0.49607778
-0.50042386
-0.51073205
-0.5201516
-0.524871
-0.48865734
-0.49692114
-0.50111568
-0.46050486
-0.46757633
-0.47122059
-0.47814716
-0.48581392
-0.48964397
-0.45975458
-0.46654902
-0.46998922
-0.43562056
-0.44148143
-0.44449574
-0.56287813
-0.55718026
-0.54588439
-0.53491635
-0.52988829
-0.5200454
-0.50042386
-0.49607778
-0.48769225
-0.524871
-0.5201516
-0.51073205
-0.50111568
-0.49692114
-0.48865734
-0.47122059
-0.46757633
-0.46050486
-0.48964397
-0.48581392
-0.47814716
-0.46998922
-0.46654902
-0.45975458
-0.44449574
-0.44148143
-0.43562056
-0.52775671
-0.50429848
-0.47445667
-0.50453558
-0.48505626
-0.45954055
-0.47500701
-0.45980326
-0.44218473
-0.49542392
-0.4752733
-0.44923227
-0.47547796
-0.45865414
-0.43632269
-0.44969446
-0.43654214
-0.42110436
-0.46555422
-0.44863317
-0.4262027
-0.44881
-0.43456034
-0.4152137
-0.42658707
-0.41539368
-0.40198459
-0.43624254
-0.42277525
-0.40430405
-0.42292967
-0.41142349
-0.39531111
-0.40462171
-0.39545594
-0.38417764
-0.40964559
-0.39973595
-0.38546882
-0.39987744
-0.39120078
-0.37849367
-0.38573911
-0.37861183
-0.36950982
-0.38352616
-0.37676038
-0.36835274
-0.37688888
-0.37078876
-0.36309512
-0.36858746
-0.3631937
-0.35716208
-0.45804308
-0.45438618
-0.44741089
-0.41367089
-0.41063678
-0.40490087
-0.36669632
-0.3642667
-0.3597378
-0.43388393
-0.43081979
-0.42495049
-0.39445519
-0.39192678
-0.3871344
-0.35262245
-0.35061314
-0.34686463
-0.41178444
-0.40925113
-0.40439371
-0.37676393
-0.37468651
-0.37075152
-0.33951677
-0.33787559
-0.33482172
-0.43697897
-0.42542668
-0.41391227
-0.39656618
-0.38762611
-0.38041393
-0.35335405
-0.34701968
-0.34241297
-0.41610066
-0.40619684
-0.39624332
-0.38013818
-0.37258709
-0.36647628
-0.34157474
-0.33632303
-0.33251103
-0.39702841
-0.38869418
-0.38020488
-0.36500166
-0.35877196
-0.35371283
-0.33052918
-0.32629382
-0.32323989
-0.37896739
-0.37225487
-0.3653182
-0.35068871
-0.34581345
-0.34189364
-0.32004997
-0.31683529
-0.3145927
-0.36412785
-0.35894999
-0.3535992
-0.33902286
-0.33540803
-0.33267481
-0.31172156
-0.30942176
-0.308004
-0.35195672
-0.34811839
-0.34475119
-0.33022529
-0.32764052
-0.32624433
-0.30567821
-0.30407422
-0.30351497
0.15089524
0.15787405
0.091303978
0.16068586
0.27129336
0.19162046
0.091154634
0.08932113
0.3036754
0.2121121
0.31402035
0.21804425
0.1608673
2.2323609e-16
-0.1608673
0.11334521
3.3973247e-16
-0.11334521
0.39093676
0.26614876
-0.17478571
1.8554714e-16
0.17478571
-0.12024882
2.6346234e-16
0.12024882
2.3055129e-16
0.16586463
2.8376897e-16
0.11564168
0.33198065
0.36050883
0.38207948
0.32287437
0.35467469
0.3800487
0.27632719
0.2877368
0.29868283
0.27824531
0.29308037
0.30740682
0.23016397
0.24847525
0.26119594
0.22486528
0.2450148
0.25997754
0.19517582
0.2027014
0.20928614
0.19609831
0.20556231
0.21419154
0.29439277
0.26086442
0.23175616
0.36591551
0.32284856
0.28465257
0.28486251
0.2528458
0.22514024
0.25471353
0.2266368
0.20266471
-0.14617313
-0.089641156
-0.031184901
2.429096e-16
1.8643684e-16
2.0662888e-16
-0.029134115
-0.083474693
-0.13520491
-0.16214415
-0.16646321
-0.17195521
-0.10038993
-0.061424271
-0.021347031
3.1803247e-16
2.6484664e-16
2.7372033e-16
-0.020454359
-0.05864994
-0.095153291
-0.11398714
-0.11611165
-0.11883121
-0.16355238
-0.14439285
-0.12790452
1.8614683e-16
2.4339478e-16
2.8554102e-16
2.39145e-16
2.7261358e-16
3.0378605e-16
-0.15089348
-0.13404733
-0.11981455
0.031184901
0.089641156
0.14617313
0.16214415
0.16646321
0.17195521
0.13520491
0.083474693
0.029134115
0.021347031
0.061424271
0.10038993
0.11398714
0.11611165
0.11883121
0.095153291
0.05864994
0.020454359
0.16355238
0.14439285
0.12790452
0.15089348
0.13404733
0.11981455
0.29404428
0.251012
0.20235027
0.25872691
0.22606536
0.18502113
0.20421187
0.1738183
0.1395184
0.18297142
0.15984484
0.13054999
0.15211937
0.13079208
0.10550734
0.15195994
0.15527244
0.1588859
0.14576648
0.12818847
0.10512039
0.090785058
0.090323234
0.090736551
0.094173554
0.10228573
0.11332984
0.16731724
0.18426962
0.20540837
0.15416343
0.16567043
0.1815867
0.093117242
0.098879639
0.10762835
0.16041054
0.16156756
0.16430423
0.029516511
0.084881578
0.13856966
2.6598585e-16
2.109377e-16
2.4047414e-16
0.11309121
0.11359148
0.11489126
0.020504594
0.05901286
0.096499052
3.0629391e-16
3.0778998e-16
2.8727445e-16
0.15545395
0.13779032
0.12265416
2.4579903e-16
2.1998485e-16
2.8289492e-16
0.28287978
0.23966278
0.192319
0.19792824
0.16767692
0.13426945
0.15167247
0.15408858
0.15665239
0.1494404
0.12834948
0.10343814
0.090495423
0.089419599
0.089214089
0.1640703
0.18008482
0.20011479
0.091962585
0.099251318
0.10931517
0.28917666
0.30439156
0.31730617
0.30819042
0.33083039
0.34761078
0.32464555
0.3514963
0.37177891
0.31122352
0.33783833
0.35778985
0.27572735
0.29896042
0.31601929
0.24480499
0.26481909
0.27906867
0.35589674
0.33242019
0.30281124
0.31439822
0.29434351
0.26861485
0.27771606
0.26097406
0.23891065
0.28028788
0.27015985
0.25947949
0.24899989
0.24031041
0.23091826
0.22197509
0.21465592
0.20648055
0.26118632
0.2750077
0.28828931
0.23227065
0.24429004
0.25568537
0.20753791
0.2178755
0.2274613
0.22589082
0.24327164
0.25533267
0.21592562
0.23086587
0.24099473
0.20368513
0.21385406
0.22169056
-0.13624439
-0.084082402
-0.029341739
-0.13960267
-0.085951678
-0.029960793
-0.14391135
-0.088356097
-0.030756429
-0.13671992
-0.083790631
-0.029139583
-0.1206103
-0.07383564
-0.02566374
-0.10678067
-0.065330867
-0.022702499
2.085232e-16
2.3752559e-16
2.7319342e-16
2.6017006e-16
2.6133847e-16
2.7030323e-16
2.8152312e-16
2.7248566e-16
2.9804404e-16
-0.027300299
-0.078240369
-0.12678555
-0.024208436
-0.069408735
-0.11256838
-0.021617536
-0.061990694
-0.10058042
-0.15205021
-0.1559836
-0.16098102
-0.13499047
-0.13820877
-0.14229552
-0.12055805
-0.12306748
-0.12625939
-0.099290348
-0.060831192
-0.021155184
-0.097245388
-0.059764287
-0.020815557
-0.095665449
-0.05894128
-0.020552809
0.029341739
0.084082402
0.13624439
0.029960793
0.085951678
0.13960267
0.030756429
0.088356097
0.14391135
0.029139583
0.083790631
0.13671992
0.02566374
0.07383564
0.1206103
0.022702499
0.065330867
0.10678067
0.16098102
0.1559836
0.15205021
0.14229552
0.13820877
0.13499047
0.12625939
0.12306748
0.12055805
0.12678555
0.078240369
0.027300299
0.11256838
0.069408735
0.024208436
0.10058042
0.061990694
0.021617536
0.021155184
0.060831192
0.099290348
0.020815557
0.059764287
0.097245388
0.020552809
0.05894128
0.095665449
0.18662735
0.22831171
0.26296356
0.19208816
0.23668009
0.27555606
0.19888004
0.2463391
0.28804411
0.18942977
0.2351727
0.27563491
0.16738698
0.20814323
0.24420907
0.14837016
0.18476925
0.2169852
0.24292178
0.2122089
0.17360283
0.21617972
0.18879851
0.15431286
0.19342949
0.16894248
0.13798796
0.13771681
0.17125279
0.20075295
0.13421061
0.16584551
0.19334774
0.13138135
0.16108254
0.18553066
0.13145861
0.16380863
0.19240191
0.11853085
0.14739646
0.17300687
0.10901333
0.13501731
0.15753953
0.20200594
0.19430083
0.18571895
0.18159931
0.17575321
0.16902326
0.16526242
0.16095374
0.15647806
0.17355335
0.1517377
0.12393754
0.1587184
0.13902185
0.11377479
0.14842528
0.13057107
0.10712092
0.10816445
0.10988468
0.11213816
0.099211079
0.1000964
0.10147003
0.093068679
0.092986121
0.093665525
0.10490761
0.12980493
0.15062409
0.10419095
0.12811263
0.1477705
0.10452191
0.12768813
0.14571643
0.029334938
0.084296092
0.13740276
0.029065293
0.083387207
0.13546669
0.029025494
0.083176226
0.13477915
0.1504832
0.15155358
0.15404374
0.13371738
0.13460828
0.13664688
0.11954228
0.12020159
0.12176894
0.12982992
0.079488164
0.027633154
0.11501304
0.070356151
0.02444767
0.10234344
0.062580221
0.021741869
2.2050245e-16
2.3894527e-16
2.5042816e-16
2.5844829e-16
2.5905303e-16
2.8582016e-16
2.8221812e-16
2.7413343e-16
2.7605875e-16
0.020389002
0.058472569
0.094908372
0.020357303
0.058451735
0.09512263
0.020436021
0.058772181
0.095963894
0.19023858
0.23652042
0.27846013
0.18652995
0.23018962
0.26924532
0.18461366
0.22592839
0.26041073
0.2653809
0.22480178
0.18030429
0.2356308
0.19956181
0.15991283
0.20995229
0.1778306
0.14240047
0.13034431
0.15986601
0.18428059
0.13133432
0.16245709
0.19001598
0.13321973
0.16599874
0.19545205
0.18491698
0.19176939
0.19763877
0.16842607
0.17379511
0.17817857
0.15606893
0.15951419
0.16264924
0.1868277
0.15841755
0.12688143
0.16865433
0.14330273
0.11507612
0.15429819
0.13206047
0.10650026
0.10870339
0.10768196
0.10737532
0.098880217
0.098423797
0.098601905
0.091797512
0.091808665
0.092627668
0.104201
0.12732498
0.1453737
0.1031787
0.12694153
0.14657744
0.10319187
0.1277979
0.14846883
0.30446122
0.32953251
0.34830902
0.28920125
0.31038381
0.32593472
0.27149382
0.28574354
0.29770731
0.2699908
0.2919253
0.3080145
0.25688179
0.27550256
0.2888729
0.2414602
0.25402603
0.26431431
0.24005163
0.25900535
0.272489
0.22899467
0.24519885
0.25647087
0.21569016
0.22667109
0.23536832
-0.1346724
-0.082634276
-0.028755309
-0.13076953
-0.080471355
-0.028042434
-0.12772416
-0.078787221
-0.027486719
-0.11895344
-0.072912391
-0.025359252
-0.11579512
-0.071190449
-0.024796887
-0.11332972
-0.069848642
-0.024357914
-0.10549477
-0.064627671
-0.022473107
-0.1030662
-0.0633356
-0.022057045
-0.10117544
-0.062331183
-0.021732753
0.028755309
0.082634276
0.1346724
0.028042434
0.080471355
0.13076953
0.027486719
0.078787221
0.12772416
0.025359252
0.072912391
0.11895344
0.024796887
0.071190449
0.11579512
0.024357914
0.069848642
0.11332972
0.022473107
0.064627671
0.10549477
0.022057045
0.0633356
0.1030662
0.021732753
0.062331183
0.10117544
0.18626342
0.23088164
0.27009921
0.18005713
0.22198117
0.25853502
0.17505993
0.21425934
0.24682551
0.1647793
0.20455499
0.23952302
0.15965062
0.19704791
0.22963549
0.15551065
0.19050809
0.21951472
0.14629806
0.18185914
0.21311441
0.14223117
0.1757233
0.20485203
0.13894106
0.17033706
0.19624158
0.12992546
0.16158805
0.18935962
0.12697707
0.1569065
0.18281003
0.12463481
0.15280226
0.17582987
0.11744763
0.14576004
0.17065251
0.11555525
0.14248093
0.16575995
0.11422127
0.13975563
0.16048343
0.10829949
0.13387979
0.15580324
0.10725583
0.13177794
0.15237312
0.10709957
0.13071396
0.14930097
0.027201049
0.077968495
0.12639964
0.027233909
0.078154616
0.12702895
0.027472142
0.078965739
0.12877948
0.02412628
0.069184558
0.11225433
0.024142731
0.069314513
0.11275961
0.024323145
0.069945676
0.11416976
0.021547702
0.061801085
0.10031765
0.021537118
0.061845035
0.10065299
0.021653666
0.062280348
0.10170186
0.17324141
0.21211406
0.24454753
0.17502473
0.21610667
0.2528229
0.17841573
0.22193537
0.26133249
0.15403454
0.18877329
0.21769873
0.15555259
0.19225546
0.22496646
0.15836566
0.19718309
0.23223444
0.13776409
0.16895568
0.19481324
0.13896273
0.17188331
0.20109294
0.14118084
0.17591489
0.20716679
0.12372262
0.15173391
0.17473736
0.12446447
0.15393876
0.17987602
0.12600367
0.15697995
0.18466552
0.11352349
0.13894607
0.15966543
0.11365618
0.1402442
0.16351326
0.11449798
0.14228129
0.16701809
0.10659733
0.13014903
0.14874202
0.10592303
0.13023737
0.15079515
0.10617647
0.13140248
0.15313904
0.14945863
0.15633221
0.15915685
0.090262432
0.26924666
0.18998382
0.090084957
0.17002888
0.30113814
0.21027127
0.15964417
0.11222493
0.31136231
0.32993951
0.31136231
0.21613735
0.22662754
0.21613735
0.16477615
0.11461186
0.17346291
0.18216265
0.17346291
0.11908157
0.12353354
0.11908157
0.41419046
0.38645085
0.27866566
0.26348491
0.15922394
0.16045466
0.163225
0.28062798
0.23791163
0.19101481
0.27428068
0.28557945
0.29630747
0.25673459
0.22431681
0.18360312
0.11199343
0.11253938
0.11386269
0.19621657
0.16621894
0.13308542
0.19354328
0.20102674
0.20751704
0.18135535
0.1583609
0.12928398
0.14968106
0.13286872
0.118675
0.15437647
0.13673477
0.12161723
0.28245896
0.25068918
0.22320164
0.25273264
0.22479615
0.20096242
0.17604584
0.17985132
0.18188411
0.30845894
0.26267507
0.21118492
0.3293631
0.32514685
0.31704664
0.29162943
0.24903778
0.2008038
0.1203903
0.12233846
0.12338902
0.21183865
0.17963025
0.14360731
0.22630552
0.22395207
0.21938478
0.20240951
0.17223151
0.1381924
0.16225219
0.14314676
0.12671274
0.17013507
0.14957585
0.13181275
0.30890231
0.27286912
0.24146498
0.29186293
0.25859295
0.22973249
0.18188411
0.17985132
0.17604584
0.29162943
0.24903778
0.2008038
0.31704664
0.32514685
0.3293631
0.12338902
0.12233846
0.1203903
0.20240951
0.17223151
0.1381924
0.21938478
0.22395207
0.22630552
0.16225219
0.14314676
0.12671274
0.29186293
0.25859295
0.22973249
0.16089249
0.16518011
0.17064716
0.27613628
0.29077581
0.30487214
0.11284866
0.11495525
0.11766736
0.19443659
0.20381286
0.21233908
0.089733496
0.089261146
0.089668962
0.14433866
0.12684373
0.10395195
0.15051588
0.15379964
0.15737659
0.1505937
0.12938092
0.10429827
0.093085637
0.10117007
0.11218353
0.092064315
0.097803802
0.10652499
0.15271841
0.16417758
0.18000844
0.16577576
0.18262906
0.20360883
0.32907141
0.35706911
0.37799116
0.41336589
0.40728572
0.39523207
0.34943166
0.38072576
0.40456285
0.22815726
0.24625555
0.2587022
0.27822126
0.27494816
0.26836343
0.23965976
0.25943766
0.27330711
0.36178432
0.31936297
0.28173224
0.38717943
0.34052527
0.29891421
0.32004085
0.35121805
0.37591429
0.22289799
0.24278426
0.25746065
0.15024146
0.15264431
0.15515387
0.1585138
0.16332563
0.16791081
0.16103597
0.16499706
0.16851575
0.16251333
0.17845382
0.19836022
0.18524811
0.21494763
0.24605043
0.25846132
0.26726249
0.27632805
0.2242271
0.22854378
0.23483021
0.1832379
0.18522871
0.188958
0.14930483
0.1504451
0.15297079
0.13256778
0.13351917
0.13559152
0.11842725
0.11913696
0.12073212
0.17902254
0.22310599
0.26323243
0.15867463
0.19797051
0.23367414
0.14120054
0.17633178
0.20816479
0.27802478
0.2680856
0.25750021
0.24694996
0.23840324
0.22908082
0.22011823
0.21290728
0.20478222
0.24098772
0.21049824
0.17220345
0.21437353
0.1871772
0.15296413
0.19175183
0.16741403
0.13669492
0.12910389
0.13014054
0.13204352
0.15840891
0.16103693
0.16456581
0.18268821
0.18841882
0.19379275
0.29674266
0.30409086
0.30793238
0.25316541
0.25911777
0.26224667
0.20389962
0.2084438
0.21085298
0.16459595
0.16804391
0.16988317
0.14505997
0.14787135
0.14937058
0.12822321
0.13045331
0.13164898
0.19734868
0.24571657
0.28874533
0.17368557
0.21669443
0.25500239
0.15318517
0.19148451
0.22565082
0.30837635
0.30452222
0.29709471
0.27243161
0.26922293
0.26300367
0.241107
0.23847819
0.23337191
0.27332256
0.233261
0.18791686
0.24210739
0.20636551
0.16595074
0.21508675
0.18312221
0.14700973
0.13979819
0.14216982
0.14343232
0.17448201
0.17770826
0.17939835
0.20530326
0.2094147
0.2115462
0.30793238
0.30409086
0.29674266
0.26224667
0.25911777
0.25316541
0.21085298
0.2084438
0.20389962
0.16988317
0.16804391
0.16459595
0.14937058
0.14787135
0.14505997
0.13164898
0.13045331
0.12822321
0.18791686
0.233261
0.27332256
0.16595074
0.20636551
0.24210739
0.14700973
0.18312221
0.21508675
0.29709471
0.30452222
0.30837635
0.26300367
0.26922293
0.27243161
0.23337191
0.23847819
0.241107
0.14343232
0.14216982
0.13979819
0.17939835
0.17770826
0.17448201
0.2115462
0.2094147
0.20530326
0.28571988
0.27340042
0.26093172
0.24441462
0.23483888
0.22652673
0.19735723
0.19060179
0.18517858
0.15969327
0.15471692
0.15081145
0.14105776
0.13698553
0.13378948
0.12507237
0.12189
0.11939926
0.25915115
0.27279692
0.28587089
0.23038924
0.24227052
0.25350183
0.20580605
0.21603988
0.22550295
0.13639873
0.13290529
0.13009663
0.16968683
0.16431482
0.15957831
0.19899022
0.19166051
0.18389772
0.11099383
0.10874658
0.10704341
0.10035554
0.098985529
0.098117488
0.092579338
0.091904104
0.091998806
0.12269518
0.1502929
0.17199163
0.11256802
0.13763338
0.15723672
0.10594035
0.12921515
0.1469877
0.18412033
0.19262982
0.2002505
0.1675156
0.17419653
0.17998741
0.15502341
0.15946898
0.16374102
0.19068407
0.16227373
0.1301618
0.17141268
0.14593159
0.1172739
0.15600634
0.13358825
0.10778674
0.10370396
0.10299732
0.10334202
0.12840691
0.12673776
0.12633257
0.14911808
0.14630209
0.14427814
0.40377288
0.3979328
0.38639571
0.38001004
0.37474904
0.36445845
0.34880577
0.3442178
0.33535142
0.30847087
0.33461956
0.35400456
0.27328529
0.29616529
0.3127954
0.24265787
0.26241555
0.27634556
0.36985196
0.38088249
0.38642884
0.32613164
0.33531709
0.33990495
0.28726037
0.29470921
0.2984144
0.37833694
0.35630125
0.32714872
0.33308809
0.31429287
0.28894012
0.29285063
0.27723815
0.25552728
0.23930987
0.23675149
0.23175036
0.25904384
0.25615401
0.25042929
0.27287972
0.2697215
0.26339328
0.36800348
0.34443569
0.31467303
0.34829121
0.32808954
0.30205824
0.32189514
0.30575091
0.28701991
0.30014402
0.32920017
0.35207639
0.26625401
0.29155727
0.31115096
0.23682035
0.25857
0.27497131
0.22395333
0.21412558
0.2020088
0.24115206
0.22894652
0.21210652
0.25297088
0.23888754
0.21981191
0.18334317
0.19016075
0.19594771
0.16693813
0.17228326
0.17659977
0.15462967
0.15805891
0.16113734
0.21002759
0.2278572
0.24082116
0.18803414
0.20167125
0.21105569
0.16884847
0.17655134
0.18265841
0.24193567
0.2309725
0.21474226
0.21195357
0.20417151
0.191814
0.18335838
0.17849174
0.1717922
0.15920858
0.15545443
0.1518071
0.16304867
0.15892284
0.1545936
0.1664542
0.16197893
0.15728535
0.17188143
0.17373584
0.17715111
0.21044717
0.21449431
0.22028983
0.24265344
0.25090418
0.25928679
0.15271931
0.1542992
0.15713736
0.18718861
0.19071975
0.19562761
0.21592607
0.22318064
0.23035488
0.13649915
0.13774933
0.13998851
0.16745716
0.17042576
0.17444361
0.19316258
0.19943541
0.20543849
0.19073449
0.19486317
0.19704771
0.23704161
0.2424773
0.24532676
0.27802313
0.28475597
0.28826483
0.16826597
0.17165123
0.17343918
0.20951533
0.21402053
0.21637287
0.24606072
0.25168681
0.25460338
0.14885239
0.1515552
0.15298755
0.1856747
0.18931992
0.19122429
0.21833549
0.22294091
0.22532493
0.19704771
0.19486317
0.19073449
0.24532676
0.2424773
0.23704161
0.28826483
0.28475597
0.27802313
0.17343918
0.17165123
0.16826597
0.21637287
0.21402053
0.20951533
0.25460338
0.25168681
0.24606072
0.15298755
0.1515552
0.14885239
0.19122429
0.18931992
0.1856747
0.22532493
0.22294091
0.21833549
0.18477109
0.17859621
0.17363232
0.22901445
0.22018801
0.21251555
0.26786861
0.25645648
0.24485698
0.163358
0.15825199
0.15413836
0.20281171
0.19536163
0.18885968
0.23748566
0.22771814
0.21768254
0.14494757
0.14089641
0.13762803
0.18023712
0.17414333
0.16878642
0.21126352
0.20309111
0.19454439
0.12863455
0.12569701
0.12337417
0.16007003
0.15541843
0.1513382
0.18767393
0.18118719
0.17425285
0.11619516
0.11431032
0.11299606
0.14430783
0.14105077
0.13834848
0.16908019
0.16423031
0.15898818
0.1070778
0.10604248
0.10590094
0.13246336
0.13038352
0.12933997
0.15428839
0.15089347
0.14784936
0.32657825
0.32238403
0.31425419
0.35564921
0.35084443
0.34141684
0.37761803
0.37228956
0.36172965
0.2884655
0.28497377
0.27816432
0.313752
0.30976325
0.30188648
0.33249369
0.32808287
0.31928313
0.25513968
0.25228002
0.24668929
0.2767989
0.27355164
0.26711882
0.29237117
0.28880221
0.28165476
0.30185163
0.28687175
0.26941778
0.32652353
0.30779015
0.28351313
0.3448015
0.32296055
0.29521474
0.26766117
0.25477275
0.23954959
0.28929332
0.27319403
0.25199867
0.30500462
0.2862741
0.26208672
0.23798784
0.22709542
0.21393878
0.2567222
0.2431553
0.22483421
0.26992374
0.2542092
0.23337986
0.2110509
0.20223826
0.19125788
0.22651114
0.21564341
0.20044453
0.23695729
0.22448178
0.20734676
0.18891266
0.18221043
0.17348041
0.20075566
0.19269027
0.18080656
0.208226
0.19913877
0.18596902
0.16965998
0.16479507
0.15925951
0.17613582
0.17069003
0.16375772
0.18086279
0.17488965
0.16739693
