MFEM mesh v1.0

#
# MFEM Geometry Types (see mesh/geom.hpp):
#
# POINT       = 0
# SEGMENT     = 1
# TRIANGLE    = 2
# SQUARE      = 3
# TETRAHEDRON = 4
# CUBE        = 5
#

dimension
3

elements
6
1 5 0 1 4 3 12 13 18 17
1 5 1 2 5 4 13 14 19 18
1 5 3 4 7 6 17 18 21 20
1 5 12 13 18 17 15 16 23 22
1 5 8 17 20 9 10 22 24 11
1 5 17 18 21 20 22 23 25 24

boundary
24
1 3 0 1 13 12
1 3 1 2 14 13
1 3 12 13 16 15
62 3 3 4 1 0
62 3 4 5 2 1
62 3 6 7 4 3
62 3 9 8 10 11
62 3 3 0 12 17
62 3 2 5 19 14
62 3 5 4 18 19
62 3 13 14 19 18
62 3 6 3 17 20
62 3 9 20 17 8
62 3 4 7 21 18
62 3 7 6 20 21
62 3 17 12 15 22
62 3 8 17 22 10
62 3 13 18 23 16
62 3 15 16 23 22
62 3 20 9 11 24
62 3 10 22 24 11
62 3 18 21 25 23
62 3 21 20 24 25
62 3 22 23 25 24

vertices
26

nodes
FiniteElementSpace
FiniteElementCollection: H1_3D_P4
VDim: 3
Ordering: 0

0.59718411
0.16338835
0.59718411
0.18331332
0.11593099
0.18331332
0.056891641
0.052515288
0.24847343
0.07733117
0.27115431
0.091822129
0.80820096
0.18971773
0.80820096
0.8867
0.2
0.26996421
0.16569087
0.26996421
0.11755195
0.1095832
0.29620417
0.17778643
0.13450498
0.12432409
0.54570526
0.37276546
0.19494147
0.15457024
0.14062549
0.12504385
0.17150573
0.14402119
0.12011655
0.46564011
0.31081708
0.21924159
0.77274387
0.5586051
0.25140841
0.18660524
0.18000858
0.17154656
0.25558328
0.21805829
0.17736732
0.62225357
0.42374963
0.3132938
0.64042801
0.71574907
0.77979086
0.16867947
0.17799615
0.18607508
0.12808891
0.14682727
0.16038542
0.20296434
0.23497843
0.25971675
0.19494147
0.37276546
0.54570526
0.46564011
0.31081708
0.21924159
0.12011655
0.14402119
0.17150573
0.25140841
0.5586051
0.77274387
0.62225357
0.42374963
0.3132938
0.17736732
0.21805829
0.25558328
0.64042801
0.71574907
0.77979086
0.20296434
0.23497843
0.25971675
0.10605927
0.085897199
0.064264234
0.056569398
0.054662303
0.052822908
0.15375604
0.1088079
0.073222545
0.15876594
0.14224406
0.1216985
0.11741333
0.11409825
0.11026482
0.23393439
0.17974257
0.1370856
0.065981571
0.087345272
0.10326297
0.071128515
0.093776266
0.1106782
0.86121767
0.64134625
0.27707719
0.19742394
0.19100913
0.18294869
0.28121173
0.24110666
0.19460798
0.67819209
0.45953412
0.34233435
0.83253318
0.86669473
0.88430061
0.19286957
0.19734762
0.19968068
0.16986315
0.17510327
0.17748362
0.27838473
0.28976694
0.29543704
0.26402452
0.28070425
0.27870447
0.089865617
0.10716795
0.11592315
0.20863931
0.14702189
0.098784834
0.28745865
0.30551306
0.30484845
0.25793182
0.20053322
0.15525996
0.10488499
0.12313709
0.13271242
0.22972083
0.16529326
0.11452174
0.25543471
0.26531138
0.2704517
0.12309187
0.13044035
0.13402339
0.081811546
0.088122514
0.091378856
0.17157722
0.15637466
0.13645932
0.13433408
0.13024282
0.12526057
0.11459327
0.12096965
0.12393532
0.20369932
0.16605093
0.13169751
0.28574511
0.22248486
0.15570667
0.42498045
0.31027452
0.18473758
0.59071611
0.40676336
0.20528689
0.67107281
0.47086369
0.22469643
0.7411781
0.53054223
0.24282382
0.16170378
0.15014733
0.13645392
0.1733445
0.1647562
0.15394856
0.18261512
0.17558011
0.16658224
0.13314146
0.16022681
0.19026991
0.15407187
0.18717693
0.22116685
0.17047209
0.2089084
0.24550282
0.24023568
0.33545652
0.49693738
0.27505809
0.37696532
0.55409259
0.3020322
0.40994834
0.60157662
0.58262057
0.43450609
0.24565851
0.39528767
0.31300097
0.2157669
0.2953807
0.24505314
0.18880371
0.13169751
0.16605093
0.20369932
0.15570667
0.22248486
0.28574511
0.18473758
0.31027452
0.42498045
0.20528689
0.40676336
0.59071611
0.22469643
0.47086369
0.67107281
0.24282382
0.53054223
0.7411781
0.49693738
0.33545652
0.24023568
0.55409259
0.37696532
0.27505809
0.60157662
0.40994834
0.3020322
0.19026991
0.16022681
0.13314146
0.22116685
0.18717693
0.15407187
0.24550282
0.2089084
0.17047209
0.24565851
0.43450609
0.58262057
0.2157669
0.31300097
0.39528767
0.18880371
0.24505314
0.2953807
0.071920787
0.068047892
0.064795098
0.1046812
0.094928464
0.087161775
0.1451636
0.125326
0.10885328
0.11881856
0.099329156
0.077838908
0.13864895
0.12045114
0.099337332
0.15310819
0.13607454
0.11534469
0.066343624
0.068515618
0.070744412
0.087827976
0.09066161
0.093417156
0.10387713
0.10737327
0.11050573
0.088125377
0.12518035
0.17203688
0.11192264
0.1515251
0.20175212
0.12978237
0.17150763
0.22451143
0.22353453
0.19555143
0.16620657
0.17470957
0.15992551
0.14523281
0.13563883
0.12932165
0.1228644
0.79998296
0.58343155
0.25904846
0.83851347
0.61953021
0.27024865
0.85848953
0.63870332
0.27624736
0.18999368
0.18363833
0.17546808
0.19470958
0.18842941
0.18041242
0.19710332
0.19071702
0.1826645
0.18304808
0.22560026
0.26389013
0.19056379
0.23561149
0.27499815
0.1941443
0.24046289
0.28047946
0.322542
0.43514883
0.63965625
0.33515013
0.45067245
0.66398465
0.34147634
0.45847259
0.67648625
0.63996784
0.48637788
0.27466722
0.43183661
0.34297752
0.23965494
0.32410272
0.27030409
0.2065246
0.11167315
0.12889813
0.13651071
0.16065097
0.17748099
0.18195994
0.22334949
0.23987764
0.24021407
0.27123605
0.28844114
0.28703529
0.28143814
0.29922553
0.29836387
0.28673409
0.30475976
0.30407767
0.24164079
0.18645182
0.14299538
0.25205376
0.19547217
0.15087655
0.25723132
0.19993126
0.15474
0.12137866
0.11222303
0.094542773
0.12864642
0.1191615
0.10107637
0.13223267
0.12266285
0.10442913
0.10363815
0.1526391
0.21511068
0.11049206
0.16059672
0.22429151
0.11403879
0.16472969
0.22906895
0.24506596
0.26281767
0.26419697
0.17947924
0.19733412
0.20266374
0.12794175
0.14612206
0.15456283
0.16320333
0.14710726
0.12673046
0.16874838
0.15322264
0.13311708
0.17125592
0.15601256
0.13607294
0.11534603
0.11949447
0.12299867
0.12183227
0.12648319
0.13032287
0.12486392
0.1298041
0.13386404
0.24716768
0.21701974
0.18254564
0.19528105
0.17880827
0.16075105
0.15371336
0.1462941
0.1380799
0.45467479
0.33223846
0.19587267
0.30883897
0.24101231
0.1679975
0.22364008
0.18287008
0.14439416
0.51185214
0.37610197
0.21694413
0.34865524
0.27363547
0.18915176
0.25736193
0.2115416
0.16513574
0.56108436
0.4161794
0.2363989
0.38141118
0.30120662
0.20742978
0.28416132
0.23505374
0.18173742
0.19587267
0.33223846
0.45467479
0.1679975
0.24101231
0.30883897
0.14439416
0.18287008
0.22364008
0.21694413
0.37610197
0.51185214
0.18915176
0.27363547
0.34865524
0.16513574
0.2115416
0.25736193
0.2363989
0.4161794
0.56108436
0.20742978
0.30120662
0.38141118
0.18173742
0.23505374
0.28416132
0.16274257
0.14090199
0.1221365
0.1206518
0.10973977
0.10080663
0.086662602
0.082243011
0.078458309
0.19164318
0.1665823
0.1432924
0.14656656
0.13371747
0.12243396
0.11034971
0.10501028
0.10015459
0.21419705
0.18699856
0.15952084
0.16651134
0.15228146
0.13869242
0.12832579
0.1223117
0.11638806
0.60073787
0.45036713
0.25407581
0.40690519
0.32275772
0.22308373
0.30462519
0.25329906
0.19465064
0.62565817
0.47296001
0.26680198
0.42277968
0.33575556
0.23356549
0.31708591
0.26427012
0.20238095
0.63825704
0.48476058
0.27373393
0.43076634
0.3421194
0.23894932
0.32327277
0.26959492
0.20605119
0.23004431
0.24703639
0.24787219
0.16646867
0.18369867
0.18860519
0.11672368
0.13432707
0.14234857
0.23949466
0.25700934
0.25826511
0.17466192
0.19232929
0.19757483
0.12380127
0.14181245
0.15016588
0.24439699
0.26212216
0.26349251
0.17890132
0.19673545
0.20206092
0.12744621
0.14560774
0.15404356
0.23119965
0.20258036
0.17164604
0.18141433
0.16615174
0.15047104
0.14157693
0.13497165
0.12802213
0.24144604
0.2119051
0.17875118
0.1903297
0.1743435
0.15719696
0.14940463
0.14232373
0.13460655
0.24649336
0.21642047
0.18210936
0.19469877
0.17828591
0.16034138
0.15320801
0.14583062
0.13767879
-0.31000795
-3.1225023e-17
0.31000795
-0.21845228
1.615226e-16
0.21845228
-0.14600588
1.4628094e-16
-0.41857316
-0.28352483
-0.43932695
-0.29750051
-0.37298049
-4.7704896e-18
0.37298049
-0.39717735
1.0842022e-18
-0.22511841
1.4902351e-16
0.22511841
-0.15245548
1.810862e-16
-0.23304203
8.5115663e-17
-0.15834293
2.0032826e-16
-0.25848698
-0.15792154
-0.054840668
1.5851139e-17
1.551433e-16
1.1983819e-16
-0.18660734
-0.12116857
-0.044707034
-0.29890385
-0.26566553
-0.23433475
-0.31218017
-0.19175207
-0.066774181
-5.2701695e-17
-2.6740549e-17
8.6301636e-17
-0.19185798
-0.1264028
-0.049879079
-0.32811467
-0.27430146
-0.23981836
-0.32278198
-0.34512795
-0.36435579
-8.6466182e-18
-1.5612511e-17
-9.5409791e-18
1.215494e-16
1.1163887e-16
1.2970227e-16
-0.21735311
-0.21855505
-0.22267877
0.054840668
0.15792154
0.25848698
0.29890385
0.26566553
0.23433475
0.044707034
0.12116857
0.18660734
0.066774181
0.19175207
0.31218017
0.32811467
0.27430146
0.23981836
0.049879079
0.1264028
0.19185798
0.32278198
0.34512795
0.36435579
0.21735311
0.21855505
0.22267877
1.4264583e-16
1.3939636e-16
1.5875641e-16
-0.12277086
-0.076027424
-0.026621116
-0.20340937
-0.17773486
-0.15600026
1.5293288e-16
1.760275e-16
1.99197e-16
-0.12767654
-0.07890839
-0.027710945
-0.21069335
-0.18524019
-0.16294692
1.5626952e-16
1.7541614e-16
1.8220856e-16
-0.14573186
-0.1473614
-0.15062118
-0.33291588
-0.20490947
-0.071432212
2.3720402e-17
2.0872802e-17
7.775369e-17
-0.19860491
-0.13046905
-0.052788423
-0.34779971
-0.28655065
-0.24826847
-0.38042078
-0.39095644
-0.39642918
8.6672646e-19
4.2961511e-18
4.98733e-18
1.2823827e-16
8.9664662e-17
3.6970504e-17
-0.22746703
-0.23093637
-0.23279266
-0.38659168
-0.32302303
-0.25858824
-0.26287586
-0.2210081
-0.17669845
-0.38988744
-0.34247906
-0.30230706
-0.40513992
-0.3375144
-0.26866474
-0.21857035
-0.19243355
-0.16935223
-0.27526669
-0.23067476
-0.18380226
-0.40914976
-0.35941462
-0.31726928
-0.42490777
-0.43395344
-0.43868007
-0.15419117
-0.15677123
-0.15815483
-0.2878203
-0.2939119
-0.29706934
9.7043553e-17
1.5446816e-16
1.9552173e-16
-0.13247046
-0.081876277
-0.028826801
1.7550125e-16
1.9383351e-16
1.9932959e-16
-0.20115147
-0.13247809
-0.050007139
-0.22738887
-0.15340069
-0.06263699
-0.25266199
-0.16283417
-0.068089368
-0.26934696
-0.16473627
-0.057239495
-0.28838346
-0.17671588
-0.061462548
-0.30480318
-0.18708359
-0.065123692
5.4033562e-17
8.419109e-17
8.9036707e-17
4.4030161e-17
3.0764408e-17
8.0103899e-17
1.4512332e-17
1.9668649e-17
9.8053225e-17
-0.045308829
-0.12144121
-0.18589142
-0.04692049
-0.12286411
-0.18670128
-0.048872309
-0.12513327
-0.18986461
-0.2324258
-0.2633324
-0.29940064
-0.23314545
-0.26463461
-0.30895686
-0.23723142
-0.27060638
-0.32155853
-0.27588666
-0.17109913
-0.07777115
-0.23044257
-0.15402314
-0.071273943
-0.2046137
-0.13761723
-0.055113557
0.050007139
0.13247809
0.20115147
0.06263699
0.15340069
0.22738887
0.068089368
0.16283417
0.25266199
0.057239495
0.16473627
0.26934696
0.061462548
0.17671588
0.28838346
0.065123692
0.18708359
0.30480318
0.29940064
0.2633324
0.2324258
0.30895686
0.26463461
0.23314545
0.32155853
0.27060638
0.23723142
0.18589142
0.12144121
0.045308829
0.18670128
0.12286411
0.04692049
0.18986461
0.12513327
0.048872309
0.07777115
0.17109913
0.27588666
0.071273943
0.15402314
0.23044257
0.055113557
0.13761723
0.2046137
-0.13139149
-0.08166305
-0.028680467
-0.15035983
-0.094483514
-0.033520716
-0.17318629
-0.1108959
-0.040172934
1.1925594e-16
1.187916e-16
1.5697837e-16
1.2441233e-16
1.6034599e-16
1.8341095e-16
1.2469865e-16
1.6985864e-16
1.7461204e-16
-0.026616145
-0.075948015
-0.12256115
-0.026875898
-0.076620522
-0.12372874
-0.027393288
-0.078042958
-0.12621648
-0.15566569
-0.17722641
-0.20251225
-0.15740572
-0.17903723
-0.20407318
-0.16094533
-0.18298825
-0.20824192
-0.17896827
-0.11638391
-0.044297387
-0.15640851
-0.099203282
-0.036017257
-0.13678876
-0.085135763
-0.030125596
-0.31855002
-0.19578843
-0.068202148
-0.32757928
-0.20151832
-0.070230762
-0.33227387
-0.20450132
-0.071287575
-2.6883899e-17
3.4204436e-17
4.4427147e-17
-1.2746144e-18
1.3624353e-17
3.6590458e-17
-1.3994791e-17
1.1132941e-17
5.4010775e-17
-0.050789111
-0.12760186
-0.19382035
-0.05207502
-0.12938605
-0.19679531
-0.052704411
-0.13033963
-0.19838682
-0.24229431
-0.27787299
-0.33399711
-0.24600452
-0.28324866
-0.34260813
-0.24799902
-0.28615638
-0.34717901
-0.29270717
-0.17792771
-0.084203778
-0.23876337
-0.1570191
-0.077014355
-0.21076841
-0.14220061
-0.056668521
-0.28016231
-0.23548407
-0.18852561
-0.31704289
-0.26619385
-0.21358856
-0.36041952
-0.30179478
-0.24216674
-0.39222757
-0.32742886
-0.2615774
-0.40032153
-0.33374599
-0.26599963
-0.40455978
-0.33706227
-0.26834241
-0.21302061
-0.1873689
-0.16483711
-0.21647603
-0.1905216
-0.16764537
-0.21832088
-0.19220552
-0.16914794
-0.17880347
-0.2239438
-0.26665205
-0.18192164
-0.22816278
-0.27206341
-0.18357421
-0.23037299
-0.2748807
-0.30689572
-0.34765752
-0.39576716
-0.3134179
-0.35504016
-0.40416414
-0.3168063
-0.35888824
-0.40854938
-0.37755078
-0.31513688
-0.25170458
-0.33207484
-0.27794551
-0.22222775
-0.29343012
-0.2458643
-0.19617502
1.5773959e-16
1.6275456e-16
1.9158607e-16
1.2485125e-16
1.9553101e-16
1.8067484e-16
9.3571817e-17
1.8206455e-16
1.8183928e-16
-0.028021863
-0.079749346
-0.12906499
-0.02851388
-0.081056383
-0.13117366
-0.028788285
-0.081776561
-0.13231283
-0.18536519
-0.12065747
-0.046889642
-0.16234167
-0.10326863
-0.037991242
-0.14202173
-0.088514516
-0.031481424
-0.25309848
-0.16267113
-0.069251084
-0.22516541
-0.15264606
-0.063786388
-0.19980427
-0.13261161
-0.050783662
-0.26044582
-0.16539228
-0.072614731
-0.22474662
-0.15243867
-0.06657373
-0.20005865
-0.13395874
-0.052572754
-0.27047216
-0.16904392
-0.076035738
-0.22806287
-0.15331538
-0.069658264
-0.20276942
-0.13624272
-0.054354906
0.069251084
0.16267113
0.25309848
0.063786388
0.15264606
0.22516541
0.050783662
0.13261161
0.19980427
0.072614731
0.16539228
0.26044582
0.06657373
0.15243867
0.22474662
0.052572754
0.13395874
0.20005865
0.076035738
0.16904392
0.27047216
0.069658264
0.15331538
0.22806287
0.054354906
0.13624272
0.20276942
-0.17264849
-0.11113343
-0.040589667
-0.15006667
-0.094582868
-0.033683154
-0.13116347
-0.081627614
-0.02871276
-0.17383353
-0.11263966
-0.041829824
-0.15147809
-0.095809404
-0.034372154
-0.13245159
-0.082470523
-0.029077877
-0.17702011
-0.11503116
-0.043437985
-0.15458138
-0.09795548
-0.035417892
-0.13518436
-0.084135249
-0.029732765
-0.280841
-0.17299998
-0.079485002
-0.2328403
-0.15479142
-0.072848578
-0.20638948
-0.13893551
-0.055703313
-0.28823806
-0.17599209
-0.082338702
-0.23652365
-0.15611001
-0.075401323
-0.20910852
-0.14096206
-0.056372913
-0.29217336
-0.17768266
-0.0839867
-0.23849161
-0.15690711
-0.076821434
-0.21056579
-0.14205229
-0.056631921
-0.36561248
-0.30584045
-0.24499168
-0.321604
-0.26975735
-0.21614989
-0.28419703
-0.23863258
-0.19079201
-0.3730954
-0.31166299
-0.24918176
-0.3281699
-0.27488581
-0.21994314
-0.28999258
-0.24316377
-0.19415058
-0.37701243
-0.31471859
-0.25139815
-0.33160351
-0.27757763
-0.2219506
-0.29301537
-0.2455395
-0.19592923
-0.18082808
-0.11764652
-0.045085636
-0.15813958
-0.10038731
-0.036587426
-0.13830805
-0.086100221
-0.030506795
-0.18364724
-0.11952608
-0.046228634
-0.16075025
-0.10217685
-0.037457762
-0.14061051
-0.087588514
-0.031104372
-0.18515635
-0.12052152
-0.046810647
-0.16214862
-0.10313707
-0.037926522
-0.14185003
-0.088402043
-0.031435175
-0.67227043
-0.70710678
-0.67227043
-0.41475441
-0.43862719
-0.41475441
-0.28057433
-0.29450494
-0.20396961
-0.14162495
1.186113e-16
1.8234972e-16
-0.37298049
-0.39717735
-0.37298049
-7.1557343e-18
4.5536491e-18
-0.22018368
-0.23847528
-0.22018368
-0.15017332
-0.1569856
1.3330816e-16
1.6213473e-16
1.9675356e-16
1.8504917e-16
-0.68307557
-0.69823377
-0.70604267
-0.65236609
-0.55350989
-0.47383529
-0.42186255
-0.43237503
-0.43790711
-0.60919191
-0.51756107
-0.44674376
-0.38042078
-0.39095644
-0.39642918
-0.36786568
-0.30821838
-0.25901183
-0.22494547
-0.23299418
-0.23775433
-0.32683969
-0.27329733
-0.2366211
-0.6278812
-0.53501952
-0.4314642
-0.66207707
-0.56663459
-0.45868172
-0.40796129
-0.34519398
-0.27669215
-0.38489153
-0.32299562
-0.25652682
-0.70604267
-0.69823377
-0.68307557
-0.60919191
-0.51756107
-0.44674376
-0.43790711
-0.43237503
-0.42186255
-0.39642918
-0.39095644
-0.38042078
-0.32683969
-0.27329733
-0.2366211
-0.23775433
-0.23299418
-0.22494547
-0.6278812
-0.53501952
-0.4314642
-0.38489153
-0.32299562
-0.25652682
-0.40734808
-0.35643981
-0.31412606
-0.28490983
-0.29098272
-0.29408541
-0.38604076
-0.3387521
-0.29904394
-0.22023636
-0.19131914
-0.16777172
-0.15220064
-0.15519317
-0.15677019
-0.20536428
-0.18079488
-0.15994185
-0.2732857
-0.22983159
-0.18285711
-0.2606695
-0.21941116
-0.17477528
1.3040072e-18
-4.472334e-18
-3.1441863e-18
1.4614032e-17
4.987637e-18
1.8552405e-16
1.4595487e-16
1.3159959e-16
1.1939815e-16
9.2405194e-17
1.2638976e-16
1.2443908e-16
-0.31218017
-0.19175207
-0.066774181
-0.33291588
-0.20490947
-0.071432212
-0.19903003
-0.12163751
-0.042221304
-0.18320953
-0.1116067
-0.03870308
-0.20377861
-0.20772185
-0.21548699
-0.14168708
-0.14406228
-0.14801515
-0.19094451
-0.16911576
-0.15042799
1.2544205e-16
1.321925e-16
1.1320785e-16
1.4419672e-16
1.7350014e-16
1.9321882e-16
1.7358366e-16
1.785821e-16
1.8964881e-16
1.3982053e-16
1.5653807e-16
1.659138e-16
-0.17059347
-0.10468126
-0.036427225
-0.12504201
-0.076218126
-0.026434226
-0.11861367
-0.072888907
-0.025378677
2.0204375e-16
2.0323035e-16
1.7796725e-16
1.8865244e-16
1.7731774e-16
1.8490093e-16
-0.13056263
-0.079418643
-0.027508038
-0.45462878
-0.46644469
-0.47288001
-0.52731122
-0.5432846
-0.55233694
-0.62028102
-0.63880084
-0.65072868
-0.63846807
-0.65334976
-0.6610298
-0.54477698
-0.55853883
-0.56566212
-0.43984281
-0.45169272
-0.45784149
-0.61033848
-0.51658911
-0.44111896
-0.52245117
-0.44037718
-0.37395729
-0.4239481
-0.3559653
-0.30028193
-0.40726239
-0.40184879
-0.39168062
-0.34450139
-0.33919127
-0.32939065
-0.2759687
-0.27087709
-0.2619544
-0.41456931
-0.48044703
-0.56688067
-0.34764736
-0.40251146
-0.47705059
-0.27583747
-0.31881452
-0.38012902
-0.33365303
-0.35173498
-0.36607631
-0.28070609
-0.29579779
-0.30638773
-0.24235185
-0.25232165
-0.25828708
-0.47288001
-0.46644469
-0.45462878
-0.55233694
-0.5432846
-0.52731122
-0.65072868
-0.63880084
-0.62028102
-0.6610298
-0.65334976
-0.63846807
-0.56566212
-0.55853883
-0.54477698
-0.45784149
-0.45169272
-0.43984281
-0.56688067
-0.48044703
-0.41456931
-0.47705059
-0.40251146
-0.34764736
-0.38012902
-0.31881452
-0.27583747
-0.39168062
-0.40184879
-0.40726239
-0.32939065
-0.33919127
-0.34450139
-0.2619544
-0.27087709
-0.2759687
-0.36607631
-0.35173498
-0.33365303
-0.30638773
-0.29579779
-0.28070609
-0.25828708
-0.25232165
-0.24235185
-0.30371874
-0.31029298
-0.31366534
-0.34418068
-0.35190054
-0.35589396
-0.39245993
-0.40177507
-0.40666708
-0.3785791
-0.33094581
-0.29152127
-0.31977421
-0.2788931
-0.24530363
-0.25580427
-0.22251575
-0.19533176
-0.27290261
-0.27007885
-0.26456819
-0.22951548
-0.22717839
-0.22262451
-0.18260353
-0.18075627
-0.17720227
-0.27776638
-0.3145222
-0.35830218
-0.23371697
-0.26441309
-0.30087518
-0.18614199
-0.21044916
-0.23917185
-0.20940634
-0.21596636
-0.21973522
-0.18380494
-0.188443
-0.19097739
-0.16225144
-0.16569562
-0.16752733
-0.31855002
-0.32757928
-0.33227387
-0.19578843
-0.20151832
-0.20450132
-0.068202148
-0.070230762
-0.071287575
-0.3090753
-0.25839029
-0.21630717
-0.19086501
-0.15891354
-0.13228064
-0.066571959
-0.055287018
-0.045918653
-0.19833562
-0.19410001
-0.1871655
-0.12113139
-0.11835725
-0.1140044
-0.042030384
-0.041046621
-0.03952536
-0.19681174
-0.22717264
-0.27244397
-0.11983321
-0.13820257
-0.16642247
-0.041547828
-0.047898494
-0.057795424
5.1345074e-17
-1.0257976e-16
3.3907993e-17
8.0284938e-17
4.8670944e-17
5.3415151e-17
1.6053988e-16
7.2839608e-17
9.5463624e-17
-0.15046996
-0.15308542
-0.15750275
-0.16909031
-0.1722002
-0.17768105
-0.19077519
-0.1944346
-0.20130304
-0.17039758
-0.173254
-0.17934901
-0.10449142
-0.10593323
-0.10933973
-0.036353629
-0.036803943
-0.037933965
-0.17093842
-0.15054041
-0.13318395
-0.10417632
-0.091779708
-0.081193237
-0.036133512
-0.031837581
-0.028162457
-0.12333541
-0.1203318
-0.11862977
-0.075275487
-0.073684118
-0.07285178
-0.026125245
-0.025614434
-0.025360044
-0.12597166
-0.14156805
-0.15975239
-0.077406032
-0.086960604
-0.098071164
-0.026951256
-0.030274335
-0.034133114
1.3393687e-16
1.2342074e-16
1.3716916e-16
1.421972e-16
1.5851187e-16
1.5879781e-16
1.5293433e-16
1.5443023e-16
1.7962932e-16
-0.18362521
-0.15932701
-0.13958767
-0.11206853
-0.097088663
-0.084953124
-0.038875164
-0.033656115
-0.029431805
-0.13038147
-0.1290842
-0.12665127
-0.07930934
-0.078538903
-0.0771284
-0.027470035
-0.02720818
-0.026734654
1.423374e-16
1.4543641e-16
2.0396735e-16
1.9157302e-16
1.7074531e-16
1.8091969e-16
1.8063465e-16
1.7520662e-16
1.8226562e-16
-0.57784289
-0.5968787
-0.60872599
-0.49010959
-0.50627029
-0.51543219
-0.42225115
-0.43391628
-0.44021079
-0.4874011
-0.507885
-0.52086345
-0.41215642
-0.42913393
-0.43908065
-0.35509208
-0.36675312
-0.37311584
-0.38830991
-0.40807569
-0.42226257
-0.32720998
-0.34363064
-0.35432306
-0.28230557
-0.29322506
-0.29950865
-0.60872599
-0.5968787
-0.57784289
-0.51543219
-0.50627029
-0.49010959
-0.44021079
-0.43391628
-0.42225115
-0.52086345
-0.507885
-0.4874011
-0.43908065
-0.42913393
-0.41215642
-0.37311584
-0.36675312
-0.35509208
-0.42226257
-0.40807569
-0.38830991
-0.35432306
-0.34363064
-0.32720998
-0.29950865
-0.29322506
-0.28230557
-0.36435565
-0.37324841
-0.37793052
-0.319524
-0.326709
-0.33043512
-0.28199981
-0.28801033
-0.29109825
-0.306434
-0.31474287
-0.31917468
-0.26879044
-0.27513587
-0.27844357
-0.2372723
-0.24233966
-0.24494887
-0.24380903
-0.2511646
-0.25525745
-0.21395788
-0.21928179
-0.22212824
-0.18888158
-0.19292782
-0.19504446
-0.27780937
-0.29350709
-0.30723309
-0.23338919
-0.24652431
-0.25645419
-0.20161474
-0.21029253
-0.21565175
-0.16941908
-0.1793351
-0.1893803
-0.14205892
-0.1503631
-0.15735057
-0.12277609
-0.12830344
-0.13184979
-0.058786337
-0.062263308
-0.066012207
-0.049241334
-0.052151941
-0.054696777
-0.042564086
-0.04450826
-0.045769523
-0.15957757
-0.16224018
-0.16761488
-0.1415133
-0.14377467
-0.148023
-0.12597171
-0.12785854
-0.13123973
-0.097897025
-0.099245858
-0.10223705
-0.086870438
-0.088010983
-0.090339187
-0.077356179
-0.078291501
-0.080105536
-0.034065852
-0.03448824
-0.035477669
-0.030236896
-0.03059277
-0.031355706
-0.026928118
-0.027216598
-0.027803302
-0.17427441
-0.17987428
-0.18317798
-0.15298829
-0.15687063
-0.15903125
-0.13503259
-0.13785905
-0.13938287
-0.10617658
-0.10964957
-0.11177571
-0.093215605
-0.095559285
-0.096902872
-0.082251753
-0.083911768
-0.084830675
-0.036815794
-0.038021891
-0.03877047
-0.032321217
-0.033124075
-0.033590403
-0.028514182
-0.02907504
-0.029389615
