MFEM mesh v1.0

#
# MFEM Geometry Types (see mesh/geom.hpp):
#
# POINT       = 0
# SEGMENT     = 1
# TRIANGLE    = 2
# SQUARE      = 3
# TETRAHEDRON = 4
# CUBE        = 5
#

dimension
3

elements
10
1 5 22 8 3 11 23 9 4 12
1 5 23 9 4 12 24 10 5 13
1 5 24 10 5 13 14 2 0 1
1 5 25 15 3 8 26 16 4 9
1 5 26 16 4 9 27 17 5 10
1 5 27 17 5 10 19 7 0 2
1 5 28 15 16 29 11 3 4 12
1 5 29 16 17 30 12 4 5 13
1 5 31 20 6 18 32 21 7 19
1 5 32 21 7 19 14 1 0 2

boundary
30
39 3 11 3 8 22
39 3 22 8 9 23
39 3 11 22 23 12
39 3 23 9 10 24
39 3 12 23 24 13
39 3 24 10 2 14
39 3 13 24 14 1
39 3 5 13 1 0
39 3 8 3 15 25
39 3 25 15 16 26
39 3 8 25 26 9
39 3 26 16 17 27
39 3 9 26 27 10
39 3 27 17 7 19
39 3 6 18 19 7
39 3 10 27 19 2
39 3 17 5 0 7
39 3 29 16 15 28
39 3 30 17 16 29
39 3 20 6 7 21
39 3 28 15 3 11
39 3 29 28 11 12
39 3 30 29 12 13
39 3 17 30 13 5
39 3 21 7 0 1
39 3 18 6 20 31
39 3 31 20 21 32
39 3 18 31 32 19
39 3 32 21 1 14
39 3 19 32 14 2

vertices
33

nodes
FiniteElementSpace
FiniteElementCollection: H1_3D_P4
VDim: 3
Ordering: 0

-0.072282681
-0.12552145
-0.066449439
-0.064571523
-0.060483045
-0.064571523
0.042399647
-0.034346884
-0.055651449
-0.051243871
-0.055651449
-0.12661098
-0.12526221
-0.12661098
-0.12826879
-0.012592879
-0.0043627827
-0.012592879
0.056891641
-0.017873777
-0.048044756
-0.10195872
-0.13305751
-0.13219431
-0.13305751
0.024510883
0.034794825
0.024510883
-0.095037873
-0.090662349
-0.095037873
-0.049994851
-0.10058463
-0.069171493
-0.094649635
-0.11977847
-0.062952489
-0.05968912
-0.056860408
-0.072379153
-0.09148723
-0.11392757
-0.12909427
-0.13184919
-0.13286812
-0.06552822
-0.092237927
-0.11844563
-0.058804144
-0.055464336
-0.052514676
-0.068873834
-0.088883592
-0.1121783
-0.12796294
-0.1309066
-0.13199207
-0.13287724
-0.13248892
-0.13223045
-0.05429046
-0.052370312
-0.05137955
-0.063350815
-0.061562338
-0.060614406
-0.12627463
-0.12567549
-0.12531327
-0.069171493
-0.094649635
-0.11977847
-0.062952489
-0.05968912
-0.056860408
-0.072379153
-0.09148723
-0.11392757
-0.12909427
-0.13184919
-0.13286812
-0.13223045
-0.13248892
-0.13287724
-0.05137955
-0.052370312
-0.05429046
-0.060614406
-0.061562338
-0.063350815
-0.12531327
-0.12567549
-0.12627463
-0.074293252
-0.093365462
-0.11568114
-0.071553679
-0.069466641
-0.067407686
-0.077010687
-0.092876383
-0.11334053
-0.12635171
-0.12765485
-0.12819138
-0.13040776
-0.13259277
-0.133107
-0.06461044
-0.060761276
-0.057236285
-0.071416057
-0.068776884
-0.065957888
-0.12619886
-0.12697772
-0.12687781
-0.0025344991
0.012130686
0.021326418
-0.058451718
-0.043031366
-0.023960944
-0.042060405
-0.016023474
0.010261752
0.006182438
0.021580443
0.031392017
-0.053797726
-0.037201615
-0.016616971
-0.036808174
-0.0089871351
0.019403303
0.0279164
0.032363553
0.0345054
-0.010016227
-0.0064364212
-0.0046114999
-0.0025344991
0.012130686
0.021326418
-0.058451718
-0.043031366
-0.023960944
-0.042060405
-0.016023474
0.010261752
0.0345054
0.032363553
0.0279164
-0.0046114999
-0.0064364212
-0.010016227
-0.030959133
-0.024646095
-0.019741721
-0.069178618
-0.058400491
-0.043639409
-0.060525737
-0.045875873
-0.028179065
-0.007230945
0.0089509933
0.02014637
-0.030496019
-0.022610626
-0.015638032
-0.024159731
-0.049721361
-0.078687713
-0.016471591
-0.043197751
-0.073553197
-0.093740589
-0.091826553
-0.090802523
-0.12327735
-0.11445666
-0.10253952
-0.12161034
-0.11191661
-0.098849367
-0.024159731
-0.049721361
-0.078687713
-0.090802523
-0.091826553
-0.093740589
-0.12327735
-0.11445666
-0.10253952
-0.049187063
-0.049803622
-0.049817461
0.031277675
0.0045540258
-0.028598938
0.046695082
0.053101738
0.056509421
0.04125899
0.0080681266
-0.028992408
-0.10223722
-0.10190328
-0.1010397
-0.042188938
-0.062244886
-0.087308644
-0.02984797
-0.055724559
-0.0844892
-0.060592854
-0.078330936
-0.093501777
-0.060081661
-0.079413879
-0.095014962
0.025683513
-0.0015543827
-0.024088777
0.041821368
0.016001912
-0.0068587042
-0.12533089
-0.11749699
-0.10703999
-0.1235515
-0.11736352
-0.1080533
-0.11652821
-0.09401708
-0.073492436
-0.11907355
-0.095461896
-0.072002248
-0.11977311
-0.095032614
-0.070138683
-0.11945723
-0.09395732
-0.06807501
-0.11885858
-0.09289958
-0.066481017
-0.11849756
-0.09231806
-0.065643285
-0.055521766
-0.05840551
-0.061705898
-0.053629489
-0.056562327
-0.059893548
-0.052648788
-0.05559705
-0.058936354
-0.071345356
-0.090744911
-0.11347035
-0.069812327
-0.089602815
-0.11269338
-0.068986856
-0.088971404
-0.11224236
-0.12882688
-0.13164156
-0.13268573
-0.12832244
-0.13121914
-0.13229048
-0.12800694
-0.13094502
-0.13202893
-0.11844433
-0.09265909
-0.066563563
-0.11770946
-0.093149605
-0.068536283
-0.11500489
-0.091646535
-0.070121417
-0.11849756
-0.09231806
-0.065643285
-0.11885858
-0.09289958
-0.066481017
-0.11945723
-0.09395732
-0.06807501
-0.052648788
-0.05559705
-0.058936354
-0.053629489
-0.056562327
-0.059893548
-0.055521766
-0.05840551
-0.061705898
-0.068986856
-0.088971404
-0.11224236
-0.069812327
-0.089602815
-0.11269338
-0.071345356
-0.090744911
-0.11347035
-0.12800694
-0.13094502
-0.13202893
-0.12832244
-0.13121914
-0.13229048
-0.12882688
-0.13164156
-0.13268573
-0.11977311
-0.095032614
-0.070138683
-0.11907355
-0.095461896
-0.072002248
-0.11652821
-0.09401708
-0.073492436
-0.12003125
-0.095325515
-0.070476147
-0.11987162
-0.096357232
-0.072991836
-0.1179227
-0.095544417
-0.075097803
-0.058406756
-0.061167619
-0.064364411
-0.061855411
-0.064361057
-0.067309704
-0.065612969
-0.067833172
-0.070243972
-0.073515883
-0.092224976
-0.11435413
-0.07569013
-0.093453204
-0.11473328
-0.077204726
-0.093510449
-0.1140848
-0.12928075
-0.13193589
-0.13292979
-0.12914002
-0.13154426
-0.13242465
-0.12784442
-0.12958961
-0.13029341
-0.11574206
-0.093706211
-0.07500874
-0.1154471
-0.094208033
-0.076427142
-0.1142492
-0.093685598
-0.077371219
-0.043545315
-0.047456141
-0.053099868
-0.018292242
-0.024448792
-0.034973323
0.0073759283
-0.0010180976
-0.014479354
0.0246499
0.015175517
0.00022282989
0.028996434
0.019272481
0.0040083327
0.031108244
0.021304364
0.0059215267
-0.021663272
-0.04123922
-0.057045175
-0.018472531
-0.038698964
-0.055012887
-0.016838901
-0.03738195
-0.053945277
-0.040402953
-0.013753434
0.013289073
-0.038123477
-0.010703243
0.01723299
-0.036965865
-0.0091923197
0.019147162
0.016333841
0.0074227391
-0.0066701448
-0.011372195
-0.01780678
-0.028724154
-0.038352694
-0.042403893
-0.048146267
0.031108244
0.021304364
0.0059215267
0.028996434
0.019272481
0.0040083327
0.0246499
0.015175517
0.00022282989
-0.016838901
-0.03738195
-0.053945277
-0.018472531
-0.038698964
-0.055012887
-0.021663272
-0.04123922
-0.057045175
-0.036965865
-0.0091923197
0.019147162
-0.038123477
-0.010703243
0.01723299
-0.040402953
-0.013753434
0.013289073
0.0073759283
-0.0010180976
-0.014479354
-0.018292242
-0.024448792
-0.034973323
-0.043545315
-0.047456141
-0.053099868
0.017142034
0.0083087856
-0.0057933098
0.0063068854
-0.0011583546
-0.013605699
-0.009318649
-0.015087488
-0.023601157
-0.026652322
-0.045140937
-0.060057044
-0.032894598
-0.049855647
-0.06348633
-0.040070303
-0.055492002
-0.067172316
-0.043974509
-0.018901582
0.0064490194
-0.048665481
-0.026122798
-0.0035301705
-0.054931122
-0.037479236
-0.01821514
-0.029933857
-0.034522689
-0.040442408
-0.047356386
-0.05095465
-0.055743205
-0.061665993
-0.064269457
-0.067346807
-0.073717276
-0.043399337
-0.016706777
-0.074904635
-0.04487484
-0.018426153
-0.077153193
-0.047717562
-0.021776862
-0.087010667
-0.059398412
-0.035029865
-0.10033125
-0.075208547
-0.05287567
-0.11022796
-0.08728089
-0.067230474
-0.028235245
-0.053736998
-0.082637132
-0.047577377
-0.071014404
-0.097239304
-0.06318949
-0.084264287
-0.10811698
-0.098968601
-0.099840728
-0.10145504
-0.11200236
-0.11262358
-0.11373947
-0.12167029
-0.12210123
-0.12283729
-0.077153193
-0.047717562
-0.021776862
-0.074904635
-0.04487484
-0.018426153
-0.073717276
-0.043399337
-0.016706777
-0.035029865
-0.059398412
-0.087010667
-0.05287567
-0.075208547
-0.10033125
-0.067230474
-0.08728089
-0.11022796
-0.10145504
-0.099840728
-0.098968601
-0.11373947
-0.11262358
-0.11200236
-0.12283729
-0.12210123
-0.12167029
0.040796051
0.037980166
0.032780347
0.0078026624
0.0059482682
0.0039562111
-0.029008057
-0.029547656
-0.029581529
-0.060721666
-0.061188004
-0.060982648
-0.078768009
-0.079711014
-0.079972273
-0.093994908
-0.094975166
-0.09536204
-0.041638848
-0.01016987
0.015205087
-0.062646411
-0.033994751
-0.010923492
-0.079687422
-0.053462746
-0.032430112
0.029877917
0.036583014
0.040809888
0.0023796727
0.0092531612
0.014303479
-0.020484362
-0.013873213
-0.0087536968
0.02684408
-0.0049920577
-0.040512507
0.0022203032
-0.027167249
-0.059904382
-0.019469487
-0.046521552
-0.076630753
-0.085194455
-0.086605516
-0.087466197
-0.05689243
-0.059668944
-0.062098163
-0.031543266
-0.035651395
-0.040712288
-0.10741672
-0.10809567
-0.10829643
-0.1176863
-0.11785474
-0.11759618
-0.12531492
-0.1249891
-0.12400117
-0.094039713
-0.07003304
-0.050948142
-0.10439091
-0.082258297
-0.064759696
-0.11124565
-0.090497424
-0.074448754
-0.039595377
-0.06424677
-0.091712491
-0.055970661
-0.078497138
-0.10350618
-0.069457733
-0.089555789
-0.11238732
-0.11945633
-0.094356551
-0.069070609
-0.11874071
-0.094805078
-0.070975127
-0.11614733
-0.093350326
-0.072511938
-0.11885741
-0.093313516
-0.06750389
-0.11812904
-0.09379046
-0.069456735
-0.11546567
-0.09230801
-0.071029423
-0.11849692
-0.092738897
-0.066678107
-0.11776247
-0.093227593
-0.068648061
-0.11506323
-0.091727377
-0.070233152
-0.11849692
-0.092738897
-0.066678107
-0.11776247
-0.093227593
-0.068648061
-0.11506323
-0.091727377
-0.070233152
-0.11885741
-0.093313516
-0.06750389
-0.11812904
-0.09379046
-0.069456735
-0.11546567
-0.09230801
-0.071029423
-0.11945633
-0.094356551
-0.069070609
-0.11874071
-0.094805078
-0.070975127
-0.11614733
-0.093350326
-0.072511938
-0.1200345
-0.095700289
-0.071418097
-0.11934295
-0.096094517
-0.07320602
-0.11688674
-0.094686648
-0.074641627
-0.11986641
-0.096680968
-0.073846593
-0.11925611
-0.097025991
-0.075459084
-0.11701316
-0.095674577
-0.076693194
-0.11795996
-0.095858783
-0.075860899
-0.11748841
-0.096190129
-0.077217038
-0.11586884
-0.09523697
-0.07814632
0.010337175
0.0017051863
-0.012001869
-0.016061581
-0.022355416
-0.033028705
-0.04190356
-0.045888519
-0.051568915
0.014194817
0.0053557859
-0.0086200676
-0.013067479
-0.019469611
-0.030312315
-0.039655842
-0.043693115
-0.049420467
0.016083283
0.0071777969
-0.0069013499
-0.011573439
-0.018006233
-0.028914793
-0.038507009
-0.042558531
-0.048297516
0.016083283
0.0071777969
-0.0069013499
-0.011573439
-0.018006233
-0.028914793
-0.038507009
-0.042558531
-0.048297516
0.014194817
0.0053557859
-0.0086200676
-0.013067479
-0.019469611
-0.030312315
-0.039655842
-0.043693115
-0.049420467
0.010337175
0.0017051863
-0.012001869
-0.016061581
-0.022355416
-0.033028705
-0.04190356
-0.045888519
-0.051568915
0.0037213114
-0.0043754264
-0.017344617
-0.021064094
-0.027050925
-0.037240564
-0.04539542
-0.049239091
-0.054751696
-0.005962193
-0.012882432
-0.024393321
-0.02811473
-0.033380797
-0.042613165
-0.050013497
-0.05349333
-0.058636967
-0.020153302
-0.025574817
-0.033516742
-0.039129586
-0.043411914
-0.049948754
-0.056130713
-0.059214785
-0.063227515
-0.085713299
-0.057666057
-0.032928887
-0.083797589
-0.05520005
-0.029969255
-0.082778084
-0.053912647
-0.028443689
-0.099444194
-0.073953037
-0.05126521
-0.098084338
-0.072121539
-0.048952259
-0.097342899
-0.071148198
-0.047743467
-0.10965371
-0.086405579
-0.06602843
-0.10872051
-0.085084684
-0.06426032
-0.1081917
-0.084364017
-0.063319613
-0.082778084
-0.053912647
-0.028443689
-0.083797589
-0.05520005
-0.029969255
-0.085713299
-0.057666057
-0.032928887
-0.097342899
-0.071148198
-0.047743467
-0.098084338
-0.072121539
-0.048952259
-0.099444194
-0.073953037
-0.05126521
-0.1081917
-0.084364017
-0.063319613
-0.10872051
-0.085084684
-0.06426032
-0.10965371
-0.086405579
-0.06602843
-0.040872703
-0.041933186
-0.042381226
-0.0056964386
-0.0081591268
-0.010532952
0.025826631
0.022269637
0.016783321
-0.060606482
-0.062165949
-0.06305475
-0.02831424
-0.031339282
-0.03404701
0.00061820299
-0.0036668519
-0.0093010136
-0.07738574
-0.078947998
-0.079903875
-0.047746552
-0.050732167
-0.053355454
-0.021211571
-0.025526315
-0.030884342
-0.092323583
-0.093504636
-0.094181473
-0.065299067
-0.067769452
-0.069897777
-0.041170383
-0.044954694
-0.049599921
-0.10389199
-0.10445694
-0.10455207
-0.079269966
-0.080924201
-0.082198677
-0.057252154
-0.060130541
-0.063683945
-0.11252801
-0.1124887
-0.11169392
-0.090002472
-0.090818939
-0.090815436
-0.070356939
-0.072230581
-0.074049638
0.14235082
0.15297542
0.085685808
0.15067172
0.15523432
0.15067172
0.2509096
0.17837139
0.084801907
0.086191786
0.084801907
0.16622039
0.17189891
0.16622039
0.086649793
0.19996325
0.2085147
0.19996325
0.14600588
0.10394788
0.29343711
0.20459288
0.083249948
0.084481939
0.083249948
0.1070958
0.11026941
0.1070958
0.25565524
0.26979576
0.25565524
0.15907894
0.11113265
0.083419985
0.082397578
0.082785344
0.14245384
0.12213784
0.098269321
0.15314072
0.15853682
0.16375289
0.15167383
0.12437696
0.09746746
0.084690881
0.083598481
0.083999924
0.14633905
0.12491839
0.10007182
0.15789396
0.16363474
0.16923887
0.15629325
0.12736044
0.099189431
0.083539951
0.084088655
0.084433422
0.085148303
0.085764824
0.086138838
0.15202519
0.15402162
0.15508653
0.16795714
0.17043302
0.17172178
0.083419985
0.082397578
0.082785344
0.14245384
0.12213784
0.098269321
0.15314072
0.15853682
0.16375289
0.15167383
0.12437696
0.09746746
0.084433422
0.084088655
0.083539951
0.086138838
0.085764824
0.085148303
0.15508653
0.15402162
0.15202519
0.17172178
0.17043302
0.16795714
0.085398594
0.085320451
0.086068969
0.1374372
0.12065127
0.098748073
0.14349751
0.14705163
0.15097418
0.14488134
0.12450513
0.10035198
0.084913793
0.083254928
0.083068304
0.085073443
0.084382523
0.084524629
0.1432571
0.14607656
0.14914579
0.15512184
0.15981266
0.16420906
0.18598414
0.15656967
0.12466186
0.15636183
0.17093788
0.18909813
0.086888106
0.092936594
0.10157909
0.19350847
0.16223885
0.12861952
0.16145954
0.17719445
0.19681289
0.088461925
0.0950379
0.1043597
0.10800945
0.10940125
0.11016456
0.2026164
0.20633937
0.20825305
0.18598414
0.15656967
0.12466186
0.15636183
0.17093788
0.18909813
0.086888106
0.092936594
0.10157909
0.11016456
0.10940125
0.10800945
0.20825305
0.20633937
0.2026164
0.16982935
0.14756402
0.11995919
0.14519363
0.1553091
0.16942494
0.08703916
0.091708842
0.099062166
0.10377242
0.10452532
0.10615261
0.18207761
0.18984122
0.19685024
0.21268533
0.23320287
0.24895152
0.22227043
0.24467413
0.26224906
0.2602218
0.26635222
0.26938448
0.18090119
0.20937104
0.23903663
0.18777211
0.21880042
0.2514869
0.21268533
0.23320287
0.24895152
0.26938448
0.26635222
0.2602218
0.18090119
0.20937104
0.23903663
0.27316517
0.23079692
0.18465916
0.25787203
0.27253872
0.2867688
0.23796105
0.20626259
0.16801524
0.14709415
0.15103618
0.15627259
0.19087314
0.16151631
0.12913456
0.18266278
0.19190172
0.2005811
0.10454069
0.10668306
0.10956822
0.14893887
0.13200227
0.11770383
0.27489866
0.24371265
0.21704763
0.23555723
0.20988982
0.18826025
0.1369194
0.12191708
0.10951341
0.089112209
0.095872639
0.10522736
0.1588552
0.17409356
0.19315145
0.14962867
0.1456973
0.14229292
0.12313786
0.12102278
0.12067376
0.096763759
0.095985962
0.096771865
0.083069895
0.082681782
0.083727886
0.083611575
0.083216262
0.084292508
0.083951889
0.083551269
0.084641829
0.098737083
0.12292336
0.14359204
0.099537116
0.12414367
0.14529176
0.10000523
0.12482352
0.14621259
0.15455954
0.16007447
0.16542798
0.15663717
0.16229988
0.16781858
0.15774103
0.163473
0.16906747
0.1530557
0.12522904
0.097900605
0.15507605
0.12653799
0.098668704
0.15614591
0.12726028
0.099124215
0.098448001
0.097622733
0.098449856
0.12603086
0.12374294
0.12332458
0.15408631
0.14985149
0.14615769
0.083951889
0.083551269
0.084641829
0.083611575
0.083216262
0.084292508
0.083069895
0.082681782
0.083727886
0.10000523
0.12482352
0.14621259
0.099537116
0.12414367
0.14529176
0.098737083
0.12292336
0.14359204
0.15774103
0.163473
0.16906747
0.15663717
0.16229988
0.16781858
0.15455954
0.16007447
0.16542798
0.15614591
0.12726028
0.099124215
0.15507605
0.12653799
0.098668704
0.1530557
0.12522904
0.097900605
0.096763759
0.095985962
0.096771865
0.12313786
0.12102278
0.12067376
0.14962867
0.1456973
0.14229292
0.082602747
0.082215019
0.083190515
0.082788691
0.082353559
0.083194342
0.08439079
0.083817233
0.084234569
0.097836102
0.12136147
0.14121155
0.097442412
0.12008932
0.13886004
0.098044571
0.12002372
0.13724811
0.15154147
0.15677181
0.1618269
0.14823915
0.15300472
0.15759625
0.1449739
0.14893786
0.15306448
0.15006077
0.12352684
0.097088245
0.14693235
0.12217044
0.096958742
0.14430395
0.12261408
0.098453603
0.099569646
0.098484968
0.098400868
0.12330928
0.12123059
0.12039081
0.14317433
0.13995906
0.13756935
0.10072186
0.12517603
0.14669901
0.10793381
0.13494821
0.15963652
0.11817315
0.14834474
0.17599091
0.12581657
0.15828805
0.1882938
0.1275546
0.1607612
0.19157561
0.12848953
0.16206071
0.19327544
0.19148915
0.17284607
0.15789132
0.1948447
0.17557411
0.16011845
0.19657662
0.17699881
0.16129644
0.087295727
0.09351314
0.10237107
0.087991223
0.094438031
0.10359102
0.088404154
0.094964833
0.10426679
0.12165562
0.1533883
0.18274793
0.11059746
0.13888758
0.16507824
0.10274884
0.12823092
0.15101054
0.12848953
0.16206071
0.19327544
0.1275546
0.1607612
0.19157561
0.12581657
0.15828805
0.1882938
0.19657662
0.17699881
0.16129644
0.1948447
0.17557411
0.16011845
0.19148915
0.17284607
0.15789132
0.088404154
0.094964833
0.10426679
0.087991223
0.094438031
0.10359102
0.087295727
0.09351314
0.10237107
0.11817315
0.14834474
0.17599091
0.10793381
0.13494821
0.15963652
0.10072186
0.12517603
0.14669901
0.12340009
0.15465428
0.1832411
0.12114015
0.15070347
0.17741428
0.11986147
0.14773755
0.17135918
0.18631592
0.16871249
0.15462816
0.17998459
0.16381845
0.15097986
0.17287582
0.15814844
0.14717122
0.086543868
0.092381122
0.10077685
0.086206954
0.091581025
0.09943362
0.086653895
0.091482609
0.098879604
0.11428076
0.1405184
0.16151196
0.1056843
0.1295726
0.1484994
0.10024794
0.12250038
0.13960764
0.26186311
0.24433362
0.22198053
0.25900437
0.24183146
0.21985711
0.25324716
0.23685189
0.21569192
0.23320244
0.21926586
0.20085718
0.20500775
0.19481996
0.18062029
0.17792756
0.17116943
0.16288604
0.20950235
0.22950608
0.24496213
0.18761057
0.20287351
0.21400051
0.16849543
0.17728247
0.18455687
0.25112618
0.24845224
0.24306397
0.2185202
0.21646218
0.21236962
0.18756256
0.18603026
0.18304429
0.25324716
0.23685189
0.21569192
0.25900437
0.24183146
0.21985711
0.26186311
0.24433362
0.22198053
0.20085718
0.21926586
0.23320244
0.18062029
0.19481996
0.20500775
0.16288604
0.17116943
0.17792756
0.24306397
0.24845224
0.25112618
0.21236962
0.21646218
0.2185202
0.18304429
0.18603026
0.18756256
0.16945895
0.20836792
0.2421157
0.17460332
0.21646678
0.25461396
0.18117463
0.2260409
0.26708225
0.17295795
0.21626385
0.25594914
0.15337256
0.19187749
0.22701885
0.1367805
0.17113923
0.20234783
0.2687163
0.25552783
0.24194597
0.23841513
0.22707667
0.21534586
0.2126046
0.20301047
0.19293579
0.22353689
0.19379133
0.15771625
0.19940133
0.17296333
0.14061245
0.17909763
0.155504
0.12637699
0.13790571
0.1415214
0.14634819
0.12273563
0.12576129
0.12982121
0.1101841
0.11263461
0.11592962
0.12717482
0.15878441
0.18725692
0.12352095
0.15326986
0.17977878
0.12071189
0.14866309
0.17218045
0.12221173
0.15276967
0.18030977
0.11119312
0.13853639
0.1630605
0.10320932
0.12798099
0.14945527
0.18958129
0.18178211
0.17338187
0.17125406
0.16522834
0.15854493
0.15661898
0.15206694
0.14747341
0.09958698
0.10139896
0.10387517
0.092076998
0.093208858
0.094888077
0.087136263
0.087430287
0.088433443
0.097184217
0.096396357
0.097195305
0.12395981
0.12179141
0.1214154
0.15095515
0.14692276
0.14341426
0.097937004
0.097126454
0.097943599
0.12523038
0.12298534
0.1225808
0.1529066
0.14874186
0.14511202
0.098383535
0.097560305
0.098385986
0.125933
0.12365037
0.12323341
0.15394275
0.14971659
0.14602927
0.098383535
0.097560305
0.098385986
0.125933
0.12365037
0.12323341
0.15394275
0.14971659
0.14602927
0.097937004
0.097126454
0.097943599
0.12523038
0.12298534
0.1225808
0.1529066
0.14874186
0.14511202
0.097184217
0.096396357
0.097195305
0.12395981
0.12179141
0.1214154
0.15095515
0.14692276
0.14341426
0.09638831
0.095627293
0.096376167
0.12231383
0.12026728
0.11993349
0.14807457
0.14428195
0.14100546
0.096274842
0.095494967
0.096140084
0.12102591
0.11910088
0.11881214
0.14508652
0.14160889
0.1386808
0.097721177
0.096830761
0.097078375
0.12147117
0.11958151
0.11908688
0.14257344
0.13943172
0.13699862
0.1191798
0.14986577
0.17805857
0.10867984
0.13611167
0.16127541
0.1012627
0.12605104
0.14796983
0.12071008
0.15206584
0.18100487
0.10985403
0.13783365
0.1636526
0.10216018
0.12739027
0.14985802
0.12153995
0.15322886
0.18253774
0.11050581
0.1387598
0.16490565
0.10267556
0.12812833
0.15087004
0.12153995
0.15322886
0.18253774
0.11050581
0.1387598
0.16490565
0.10267556
0.12812833
0.15087004
0.12071008
0.15206584
0.18100487
0.10985403
0.13783365
0.1636526
0.10216018
0.12739027
0.14985802
0.1191798
0.14986577
0.17805857
0.10867984
0.13611167
0.16127541
0.1012627
0.12605104
0.14796983
0.11708517
0.14666512
0.17354791
0.10715256
0.13368991
0.15771247
0.10020072
0.12428765
0.14526194
0.11518142
0.14321544
0.1683401
0.10593223
0.13123733
0.15375077
0.099567576
0.1227149
0.14246644
0.11416016
0.14065195
0.16288353
0.10549893
0.12959342
0.14957736
0.099840483
0.12220938
0.1400425
0.23700922
0.22252748
0.20357505
0.24209005
0.2269643
0.20732304
0.24462284
0.22920344
0.20924301
0.20786806
0.19733757
0.18278014
0.21176495
0.20083866
0.18582036
0.2137341
0.20262905
0.1873953
0.17999941
0.17305006
0.16460529
0.18287395
0.17570912
0.16704095
0.18435643
0.17709314
0.16832199
0.24462284
0.22920344
0.20924301
0.24209005
0.2269643
0.20732304
0.23700922
0.22252748
0.20357505
0.2137341
0.20262905
0.1873953
0.21176495
0.20083866
0.18582036
0.20786806
0.19733757
0.18278014
0.18435643
0.17709314
0.16832199
0.18287395
0.17570912
0.16704095
0.17999941
0.17305006
0.16460529
0.16974596
0.21187901
0.25031903
0.16370343
0.20306554
0.238792
0.15900606
0.19566459
0.22728179
0.15066656
0.18816763
0.2222118
0.14558356
0.18070203
0.21234848
0.14166292
0.17448069
0.20250819
0.13456797
0.16807748
0.19833071
0.13041974
0.16189263
0.1900364
0.12722777
0.15673668
0.1816854
0.12050551
0.15036895
0.17709929
0.11734508
0.14551829
0.17043049
0.11494163
0.14148612
0.16361199
0.10992649
0.13670687
0.16053207
0.10772244
0.13314397
0.15542859
0.10615235
0.13028378
0.15015874
0.10230656
0.12663464
0.14752216
0.10091725
0.12418116
0.1437987
0.10036934
0.12276146
0.14051196
0.1407231
0.1509312
0.14912767
-0.084602851
1.5390328e-16
0.084602851
0.24629866
0.17637382
-0.08393419
1.6223969e-16
0.08393419
-0.085226585
1.4824977e-16
0.085226585
0.16401453
-0.10269046
1.5040201e-16
0.10269046
0.28057433
0.19840661
0.28807716
0.20189501
-0.082015121
1.5418774e-16
0.082015121
-0.10663477
1.6105666e-16
0.10663477
-0.10949097
1.1858926e-16
0.10949097
0.36647399
0.2519537
-0.08243843
-0.081254277
-0.081564755
-0.084026852
-0.083416295
-0.083629315
-0.084193969
-0.083965657
-0.084646037
-0.083509266
-0.081917967
-0.081803413
1.5830062e-16
1.5312241e-16
1.4969673e-16
1.6103237e-16
1.5857223e-16
1.6455996e-16
1.4415091e-16
1.3715583e-16
1.5280732e-16
1.4427035e-16
1.5638521e-16
1.511686e-16
-0.067986259
-0.041217122
-0.014262026
-0.070115992
-0.042933456
-0.014924473
-0.071039623
-0.043766146
-0.015260027
-0.071206852
-0.043606893
-0.015159734
0.08243843
0.081254277
0.081564755
0.084026852
0.083416295
0.083629315
0.084193969
0.083965657
0.084646037
0.083509266
0.081917967
0.081803413
0.014262026
0.041217122
0.067986259
0.014924473
0.042933456
0.070115992
0.015260027
0.043766146
0.071039623
0.015159734
0.043606893
0.071206852
0.15145151
0.15658798
0.16160951
0.14165457
0.14452085
0.14760508
0.14179023
0.1451616
0.14896369
0.15305574
0.15769285
0.16203264
0.14963404
0.12263995
0.096050543
0.14097573
0.12087842
0.097260338
0.13583574
0.11918871
0.09751595
0.14287429
0.1226508
0.098752812
-0.10270055
-0.10377581
-0.10562076
-0.086035921
-0.090732483
-0.097963547
-0.086140106
-0.092393061
-0.10113301
1.4939668e-16
1.552312e-16
1.5269547e-16
1.5724113e-16
1.5636952e-16
1.5138445e-16
1.6674915e-16
1.7174144e-16
1.60161e-16
-0.088800519
-0.054148642
-0.018787187
-0.08605067
-0.052905609
-0.018426813
0.10270055
0.10377581
0.10562076
0.086035921
0.090732483
0.097963547
0.086140106
0.092393061
0.10113301
0.018787187
0.054148642
0.088800519
0.018426813
0.052905609
0.08605067
0.18025947
0.18821967
0.1953046
0.14359279
0.15368729
0.16761186
0.15490076
0.16953306
0.18763461
0.18475775
0.15577314
0.1241113
0.16786873
0.14583081
0.11851873
-0.10311391
-0.10504588
-0.10789454
1.3376104e-16
1.3131192e-16
1.2157576e-16
-0.09127057
-0.055728434
-0.019347137
-0.087678157
-0.094422423
-0.10368831
1.324117e-16
1.1632062e-16
1.224346e-16
0.10311391
0.10504588
0.10789454
0.019347137
0.055728434
0.09127057
0.087678157
0.094422423
0.10368831
0.30620552
0.33522497
0.35729985
0.25278354
0.26705101
0.28127341
0.25230909
0.26437113
0.27556222
0.29902892
0.32986757
0.35519664
0.21401157
0.23284839
0.24645587
0.18047091
0.18941512
0.19791782
0.21073826
0.23043473
0.24550277
0.34336871
0.3038571
0.26891201
0.27018675
0.24000807
0.21406995
0.23161206
0.20695136
0.18601182
0.26357146
0.23484694
0.21007308
0.17851609
0.20659012
0.23571299
0.15679279
0.17189628
0.19067775
-0.08298849
-0.082475539
-0.083048847
-0.081459121
-0.081093138
-0.082104554
-0.08134984
-0.08103937
-0.082177548
-0.067686684
-0.067640708
-0.068816058
-0.041105878
-0.041239785
-0.042097332
-0.014235232
-0.014308281
-0.014628127
-0.069916361
-0.06988646
-0.070512311
-0.042863659
-0.042958296
-0.043423344
-0.014909031
-0.014960903
-0.015135977
-0.070660326
-0.070358464
-0.070778403
-0.043519285
-0.04325666
-0.043399239
-0.015170478
-0.015066407
-0.015096809
-0.069712119
-0.068189827
-0.067883711
-0.042646679
-0.041571142
-0.041223492
-0.014819224
-0.014422764
-0.014275682
1.5212969e-16
1.5740753e-16
1.5429564e-16
1.5045011e-16
1.519329e-16
1.5107885e-16
1.5355882e-16
1.4599415e-16
1.5837953e-16
0.014235232
0.014308281
0.014628127
0.041105878
0.041239785
0.042097332
0.067686684
0.067640708
0.068816058
0.014909031
0.014960903
0.015135977
0.042863659
0.042958296
0.043423344
0.069916361
0.06988646
0.070512311
0.015170478
0.015066407
0.015096809
0.043519285
0.04325666
0.043399239
0.070660326
0.070358464
0.070778403
0.014819224
0.014422764
0.014275682
0.042646679
0.041571142
0.041223492
0.069712119
0.068189827
0.067883711
0.08134984
0.08103937
0.082177548
0.081459121
0.081093138
0.082104554
0.08298849
0.082475539
0.083048847
0.095361934
0.094670047
0.095635724
0.1214252
0.11940741
0.11926256
0.14763294
0.14384495
0.14065648
0.096802156
0.096336831
0.096852534
0.12008726
0.11875901
0.11860583
0.13973278
0.13735618
0.13568431
0.097040644
0.096961274
0.097971558
0.11880241
0.11947004
0.12146506
0.13586686
0.13808435
0.14119254
0.096873923
0.095445882
0.09564519
0.12077326
0.12038403
0.12177945
0.14229983
0.14492505
0.14803403
0.159708
0.15483997
0.14986212
0.15552308
0.15109277
0.14655979
0.1510348
0.14703909
0.14327171
-0.08577088
-0.085365055
-0.085730264
-0.091804118
-0.090905977
-0.090635468
-0.10027799
-0.098762288
-0.097940287
-0.088034667
-0.086720652
-0.086025795
-0.053757036
-0.053134616
-0.052858886
-0.018664515
-0.018478327
-0.018406492
-0.082116415
-0.07613386
-0.072237144
-0.050514961
-0.046894996
-0.044518548
-0.017599111
-0.016347992
-0.01552285
-0.071971491
-0.077094742
-0.084256329
-0.044075546
-0.047146699
-0.05141907
-0.015323329
-0.016380889
-0.017847794
1.6053505e-16
1.5309551e-16
1.5557245e-16
1.6448875e-16
1.5338131e-16
1.5346788e-16
1.6577185e-16
1.6151875e-16
1.5133166e-16
0.018664515
0.018478327
0.018406492
0.053757036
0.053134616
0.052858886
0.088034667
0.086720652
0.086025795
0.017599111
0.016347992
0.01552285
0.050514961
0.046894996
0.044518548
0.082116415
0.07613386
0.072237144
0.015323329
0.016380889
0.017847794
0.044075546
0.047146699
0.05141907
0.071971491
0.077094742
0.084256329
0.10027799
0.098762288
0.097940287
0.091804118
0.090905977
0.090635468
0.08577088
0.085365055
0.085730264
0.12277662
0.12028383
0.11864366
0.15379813
0.14962316
0.14626097
0.18199794
0.17603433
0.169668
0.11301394
0.10455779
0.099096414
0.13896886
0.12819402
0.12111163
0.15974143
0.14692306
0.13805231
0.099850237
0.10728475
0.11762973
0.12406994
0.13406252
0.1475519
0.14536847
0.15844564
0.17481306
0.18486559
0.17847852
0.1712079
0.16731588
0.16239298
0.1566196
0.15316873
0.14949675
0.14562358
-0.019116655
-0.018739082
-0.018493094
-0.055029116
-0.053863705
-0.053100093
-0.090010688
-0.087837771
-0.086391619
-0.10232484
-0.099918457
-0.098323906
-0.09344445
-0.091863601
-0.090958809
-0.087005658
-0.086081494
-0.085986969
1.39347e-16
1.2032015e-16
1.2872657e-16
1.4196849e-16
1.3909901e-16
1.211348e-16
1.4694858e-16
1.4485537e-16
1.542147e-16
-0.018342484
-0.052819037
-0.08645937
-0.016762886
-0.048233466
-0.078826746
-0.01560579
-0.044882968
-0.073271291
0.090010688
0.087837771
0.086391619
0.055029116
0.053863705
0.053100093
0.019116655
0.018739082
0.018493094
0.098323906
0.099918457
0.10232484
0.090958809
0.091863601
0.09344445
0.085986969
0.086081494
0.087005658
0.08645937
0.052819037
0.018342484
0.078826746
0.048233466
0.016762886
0.073271291
0.044882968
0.01560579
0.29345284
0.28049055
0.26463451
0.32275415
0.30587478
0.28267585
0.34672506
0.3261084
0.29877996
0.33484095
0.31425478
0.28713564
0.29652537
0.27867127
0.25492164
0.26278637
0.24766528
0.2271295
0.26391744
0.25079043
0.23759244
0.23469181
0.22348586
0.21210492
0.20964916
0.20022396
0.19046238
0.23719859
0.24847584
0.2589119
0.2118134
0.22172082
0.23081601
0.19023069
0.19886284
0.20665588
0.28081932
0.30954068
0.33298511
0.25001768
0.27501852
0.29508164
0.22336
0.24487168
0.26168139
0.24037
0.22751418
0.20963883
0.22602542
0.21526783
0.19986557
0.20725055
0.19891372
0.18829699
0.23091097
0.21882473
0.20188383
0.20297555
0.19414894
0.18111223
0.17609432
0.17031456
0.16290475
0.18714907
0.17952768
0.17140177
0.16909956
0.16323628
0.15679359
0.15459257
0.15017196
0.14577557
0.19904875
0.21674672
0.23009331
0.17895314
0.192606
0.20237484
0.16121621
0.16913374
0.17563252
-0.067577116
-0.067523677
-0.068650636
-0.067871098
-0.06774725
-0.068743141
-0.069331074
-0.069058305
-0.069646954
-0.041105493
-0.041228403
-0.0420501
-0.041439016
-0.041500608
-0.042222663
-0.042469746
-0.042420464
-0.042866757
-0.014246
-0.014314242
-0.014620366
-0.014387156
-0.014431138
-0.014699871
-0.014766753
-0.014769435
-0.01493768
0.014246
0.014314242
0.014620366
0.014387156
0.014431138
0.014699871
0.014766753
0.014769435
0.01493768
0.041105493
0.041228403
0.0420501
0.041439016
0.041500608
0.042222663
0.042469746
0.042420464
0.042866757
0.067577116
0.067523677
0.068650636
0.067871098
0.06774725
0.068743141
0.069331074
0.069058305
0.069646954
0.094958204
0.09428297
0.095211658
0.094770559
0.094067836
0.094899873
0.096144544
0.095321634
0.095738571
0.12058859
0.11863955
0.11850762
0.11925697
0.11742118
0.11733434
0.11964275
0.11783287
0.11751996
0.14608827
0.14243608
0.13937201
0.14311241
0.13975962
0.13703579
0.14059552
0.13756209
0.13530881
-0.083617464
-0.0825638
-0.082064267
-0.076667876
-0.076098325
-0.076026435
-0.071718363
-0.071530403
-0.071952591
-0.05109989
-0.050623135
-0.050454691
-0.046947191
-0.046739599
-0.046806971
-0.043974918
-0.043976871
-0.044324045
-0.017749224
-0.017611302
-0.017574431
-0.016322109
-0.016273168
-0.016314424
-0.015297389
-0.015317616
-0.015452228
0.017749224
0.017611302
0.017574431
0.016322109
0.016273168
0.016314424
0.015297389
0.015317616
0.015452228
0.05109989
0.050623135
0.050454691
0.046947191
0.046739599
0.046806971
0.043974918
0.043976871
0.044324045
0.083617464
0.0825638
0.082064267
0.076667876
0.076098325
0.076026435
0.071718363
0.071530403
0.071952591
0.11648906
0.11440211
0.11308248
0.10647115
0.10514612
0.10452072
0.099306083
0.098600203
0.098780427
0.14583098
0.14220691
0.1393172
0.13278126
0.13023191
0.12837626
0.1231665
0.12153094
0.12091898
0.17236124
0.16704754
0.16133588
0.15651694
0.15249584
0.14815647
0.14392846
0.1410937
0.13858101
-0.085390749
-0.083577341
-0.082402963
-0.052233882
-0.051280009
-0.050676316
-0.018151061
-0.017845526
-0.017653802
-0.078074022
-0.076928445
-0.076308982
-0.047834906
-0.047271127
-0.04698984
-0.01663508
-0.016461858
-0.016379659
-0.072766165
-0.072145872
-0.072177011
-0.044629905
-0.04436832
-0.044469525
-0.015527275
-0.015456127
-0.015504214
0.018151061
0.017845526
0.017653802
0.052233882
0.051280009
0.050676316
0.085390749
0.083577341
0.082402963
0.01663508
0.016461858
0.016379659
0.047834906
0.047271127
0.04698984
0.078074022
0.076928445
0.076308982
0.015527275
0.015456127
0.015504214
0.044629905
0.04436832
0.044469525
0.072766165
0.072145872
0.072177011
0.32509931
0.30584404
0.28028738
0.30290425
0.28710155
0.2653815
0.27562297
0.263491
0.24864245
0.2882798
0.2715248
0.24910022
0.26926056
0.25543088
0.23631073
0.24550504
0.23487483
0.22178194
0.25597854
0.24172808
0.22228273
0.24000276
0.22814494
0.2114699
0.21952974
0.21037561
0.19892386
0.22560349
0.21414204
0.19802742
0.21285918
0.20320209
0.18923584
0.19595781
0.18841129
0.17872995
0.19896796
0.19053253
0.17805727
0.18958037
0.18232051
0.17129773
0.17647857
0.17065583
0.16286567
0.17333343
0.1677478
0.16059916
0.16702327
0.16207218
0.15558574
0.15937279
0.15509125
0.15010077
