MFEM mesh v1.0

#
# MFEM Geometry Types (see mesh/geom.hpp):
#
# POINT       = 0
# SEGMENT     = 1
# TRIANGLE    = 2
# SQUARE      = 3
# TETRAHEDRON = 4
# CUBE        = 5
#

dimension
3

elements
3
1 5 3 8 15 6 4 10 17 7
1 5 8 9 16 15 10 11 18 17
1 5 14 1 0 2 19 13 5 12

boundary
16
1 3 3 8 10 4
1 3 8 9 11 10
1 3 2 0 1 14
44 3 6 3 4 7
44 3 6 15 8 3
44 3 15 16 9 8
44 3 15 6 7 17
44 3 4 10 17 7
44 3 9 16 18 11
44 3 16 15 17 18
44 3 10 11 18 17
44 3 0 2 12 5
44 3 1 0 5 13
44 3 14 1 13 19
44 3 2 14 19 12
44 3 19 13 5 12

vertices
20

nodes
FiniteElementSpace
FiniteElementCollection: H1_3D_P4
VDim: 3
Ordering: 0

0.57680281
0.30998466
0.59718411
0.70710678
0.67220951
0.19396305
0.27115431
0.24847343
0.8867
0.2
0.80820096
0.18971773
0.18331332
0.063118382
0.35742227
0.29620417
0.17778643
0.26996421
0.16569087
0.042616678
0.74934527
0.82291871
0.87814748
0.67819209
0.45953412
0.34233435
0.28745865
0.30551306
0.30484845
0.59731092
0.43527811
0.31929255
0.70801595
0.76917225
0.80964612
0.62225357
0.42374963
0.3132938
0.26402452
0.28070425
0.27870447
0.56347554
0.4066831
0.29476763
0.70601727
0.69820254
0.68302929
0.88430061
0.86669473
0.83253318
0.29543704
0.28976694
0.27838473
0.2704517
0.26531138
0.25543471
0.86121767
0.64134625
0.27707719
0.19742394
0.19100913
0.18294869
0.28121173
0.24110666
0.19460798
0.77274387
0.5586051
0.25140841
0.18660524
0.18000858
0.17154656
0.25558328
0.21805829
0.17736732
0.19968068
0.19734762
0.19286957
0.17748362
0.17510327
0.16986315
0.32270389
0.34438715
0.35846631
0.53530853
0.45101024
0.36016927
0.5956796
0.62291904
0.62215427
0.56883747
0.49871635
0.4101988
0.060009789
0.054802709
0.047862098
0.17761954
0.13927435
0.091317482
0.19864298
0.20054484
0.19234645
0.16238301
0.11873568
0.070313343
0.25642348
0.13888271
0.069288107
0.26013144
0.16636104
0.093938521
0.48033016
0.33796809
0.23582439
0.46564011
0.31081708
0.21924159
0.33695541
0.35593945
0.35319644
0.45778533
0.48267673
0.47736385
0.63060657
0.67781438
0.69248758
0.74808042
0.82127191
0.87605586
0.73880343
0.80919829
0.86070669
0.72081897
0.78581131
0.83090404
0.67648625
0.45847259
0.34147634
0.66398465
0.45067245
0.33515013
0.63965625
0.43514883
0.322542
0.30407767
0.30475976
0.28673409
0.29836387
0.29922553
0.28143814
0.28703529
0.28844114
0.27123605
0.31853437
0.43439277
0.59627204
0.3129719
0.4279126
0.58864063
0.30229267
0.41545962
0.57391888
0.59389566
0.6340379
0.64067338
0.42782151
0.44982781
0.44196174
0.31163053
0.32895168
0.32467502
0.32410272
0.27030409
0.2065246
0.43183661
0.34297752
0.23965494
0.63996784
0.48637788
0.27466722
0.85848953
0.63870332
0.27624736
0.83851347
0.61953021
0.27024865
0.79998296
0.58343155
0.25904846
0.19710332
0.19071702
0.1826645
0.19470958
0.18842941
0.18041242
0.18999368
0.18363833
0.17546808
0.1941443
0.24046289
0.28047946
0.19056379
0.23561149
0.27499815
0.18304808
0.22560026
0.26389013
0.58262057
0.43450609
0.24565851
0.39528767
0.31300097
0.2157669
0.2953807
0.24505314
0.18880371
0.58756728
0.58220527
0.55385926
0.50805375
0.49568327
0.46799784
0.41335705
0.3988824
0.37458348
0.26474534
0.2664275
0.26067552
0.14838891
0.15826855
0.16325061
0.075978839
0.084505028
0.090284306
0.30541006
0.38539547
0.45271078
0.2030516
0.26609876
0.31683937
0.12459277
0.17678284
0.21847761
0.49077055
0.50271489
0.49001673
0.34397165
0.34543163
0.32904672
0.24064432
0.24188467
0.23090794
0.43513986
0.37215988
0.29920075
0.28483233
0.23170588
0.17280037
0.19664673
0.15017258
0.098723059
0.076097479
0.083348056
0.088258551
0.12573492
0.1332281
0.13647272
0.1705889
0.17859894
0.17803196
0.62947864
0.67647667
0.69091766
0.45685871
0.48167614
0.47630899
0.33617419
0.35511913
0.35235315
0.62121634
0.66665172
0.67936946
0.45008422
0.47432403
0.46852467
0.33045161
0.34909109
0.34611147
0.60524837
0.64760843
0.65686783
0.43703794
0.46004347
0.45317904
0.31943312
0.33735962
0.33375073
0.63825704
0.48476058
0.27373393
0.43076634
0.3421194
0.23894932
0.32327277
0.26959492
0.20605119
0.62565817
0.47296001
0.26680198
0.42277968
0.33575556
0.23356549
0.31708591
0.26427012
0.20238095
0.60073787
0.45036713
0.25407581
0.40690519
0.32275772
0.22308373
0.30462519
0.25329906
0.19465064
0.30980178
0.31275167
0.30620366
0.38800649
0.39435127
0.38635756
0.4567711
0.46793764
0.45715961
0.18377455
0.19489603
0.1998785
0.24571151
0.258991
0.26289378
0.30164906
0.31726466
0.31734798
0.10620771
0.11533337
0.12091763
0.15932633
0.16918259
0.17325088
0.20740659
0.21822426
0.21840261
0.57735027
0.67227043
0.31000795
-0.70710678
-0.67227043
0.37093401
-0.43932695
-0.41857316
-0.39717735
1.0842022e-18
-0.37298049
-1.3010426e-18
0.21845228
0.43775954
0.37298049
-0.23304203
8.5115663e-17
-0.22511841
1.4044314e-16
0.24029479
-0.66207707
-0.56663459
-0.45868172
-0.34779971
-0.28655065
-0.24826847
-0.40513992
-0.3375144
-0.26866474
-0.64540109
-0.54881177
-0.47293736
-0.6278812
-0.53501952
-0.4314642
-0.32811467
-0.27430146
-0.23981836
-0.38659168
-0.32302303
-0.25858824
-0.61215467
-0.52164231
-0.45032057
-0.70604267
-0.69823377
-0.68307557
-0.39642918
-0.39095644
-0.38042078
-0.23279266
-0.23093637
-0.22746703
-0.43868007
-0.43395344
-0.42490777
-0.33291588
-0.20490947
-0.071432212
2.3720402e-17
2.0872802e-17
7.775369e-17
-0.19860491
-0.13046905
-0.052788423
-0.31218017
-0.19175207
-0.066774181
4.4730019e-17
4.8720746e-17
7.5185061e-17
-0.19185798
-0.1264028
-0.049879079
-2.5410988e-21
-1.9515639e-18
-1.9515639e-18
9.6179687e-17
9.4486488e-17
1.2032973e-16
0.6278812
0.53501952
0.4314642
0.59712124
0.63106638
0.65963981
0.53562341
0.45112133
0.36020918
0.32278198
0.34512795
0.36435579
0.40741123
0.34465139
0.27733837
0.38313373
0.40634548
0.42796573
0.3498866
0.30268408
0.24857135
0.22094687
0.22787722
0.23612578
0.34637705
0.29990861
0.2593017
0.62284484
0.54105344
0.47060224
0.53151106
0.45857524
0.39844885
0.29890385
0.26566553
0.23433475
-0.43598953
-0.36265575
-0.28756204
-0.506632
-0.42177037
-0.33341563
-0.59944746
-0.5055522
-0.40367461
-0.6610298
-0.56566212
-0.45784149
-0.65334976
-0.55853883
-0.45169272
-0.63846807
-0.54477698
-0.43984281
-0.34717901
-0.28615638
-0.24799902
-0.34260813
-0.28324866
-0.24600452
-0.33399711
-0.27787299
-0.24229431
-0.26834241
-0.33706227
-0.40455978
-0.26599963
-0.33374599
-0.40032153
-0.2615774
-0.32742886
-0.39222757
-0.47223198
-0.54796734
-0.64437679
-0.46708057
-0.5417935
-0.63686978
-0.45722204
-0.52995455
-0.62239405
-0.56853725
-0.47826479
-0.38119722
-0.48182374
-0.40123821
-0.31809699
-0.41572555
-0.34664676
-0.27645233
-0.21076841
-0.14220061
-0.056668521
-0.23876337
-0.1570191
-0.077014355
-0.29270717
-0.17792771
-0.084203778
-0.33227387
-0.20450132
-0.071287575
-0.32757928
-0.20151832
-0.070230762
-0.31855002
-0.19578843
-0.068202148
4.4439946e-17
4.0304202e-17
5.6511127e-17
2.0960934e-17
4.4439299e-17
7.8884095e-17
6.7050584e-17
7.3667503e-17
8.4734886e-17
-0.052704411
-0.13033963
-0.19838682
-0.05207502
-0.12938605
-0.19679531
-0.050789111
-0.12760186
-0.19382035
-0.27588666
-0.17109913
-0.07777115
-0.23044257
-0.15402314
-0.071273943
-0.2046137
-0.13761723
-0.055113557
0.37471292
0.46833285
0.55473086
0.40002382
0.49820397
0.58766974
0.42174123
0.52366827
0.61552794
0.39912947
0.49424699
0.58166193
0.34485613
0.42709862
0.50401144
0.29883584
0.37079592
0.43813736
0.61053435
0.58192784
0.55020992
0.52962832
0.50359039
0.47486459
0.4602205
0.43702606
0.41193555
0.49772201
0.4256719
0.34371842
0.4306185
0.37063019
0.30272194
0.37552377
0.3244863
0.26638275
0.30430569
0.32148782
0.33852828
0.26994305
0.28149042
0.29400914
0.23719744
0.24541599
0.25468592
0.27196998
0.33727317
0.39830062
0.26124451
0.32171773
0.37887721
0.25193663
0.30735334
0.35811382
-0.59849168
-0.50470938
-0.402968
-0.50586031
-0.42113243
-0.33292515
-0.43535285
-0.36215354
-0.28720287
-0.5915031
-0.49855134
-0.39782236
-0.50022146
-0.41646917
-0.32935809
-0.43072286
-0.35849093
-0.28460854
-0.57802474
-0.48666656
-0.38799447
-0.48940348
-0.40752286
-0.32263546
-0.42187044
-0.35150299
-0.27972352
-0.29217336
-0.17768266
-0.0839867
-0.23849161
-0.15690711
-0.076821434
-0.21056579
-0.14205229
-0.056631921
-0.28823806
-0.17599209
-0.082338702
-0.23652365
-0.15611001
-0.075401323
-0.20910852
-0.14096206
-0.056372913
-0.280841
-0.17299998
-0.079485002
-0.2328403
-0.15479142
-0.072848578
-0.20638948
-0.13893551
-0.055703313
0.38998731
0.48341268
0.5696056
0.37027479
0.45911086
0.54297953
0.3501869
0.43337264
0.51121355
0.33752914
0.41771577
0.49309091
0.32211113
0.39706816
0.46906413
0.30783584
0.37699237
0.44195386
0.29289498
0.36275045
0.42836414
0.28094209
0.34569106
0.40746941
0.27013513
0.32949899
0.38458886
0.57735027
0.67227043
0.67227043
-3.1225023e-17
0.31000795
0.36204072
1.186113e-16
0.20396961
-7.1557343e-18
4.5536491e-18
0.37298049
0.39717735
0.41475441
0.42824044
0.84957113
1.3330816e-16
1.6213473e-16
0.22018368
0.23847528
0.54440267
-8.8271421e-19
2.4123498e-18
1.0516761e-17
9.2405194e-17
1.2638976e-16
1.2443908e-16
1.2544205e-16
1.321925e-16
1.1320785e-16
1.235126e-17
6.5475266e-17
1.3713772e-16
0.32278198
0.34512795
0.36435579
0.32683969
0.27329733
0.2366211
0.20377861
0.20772185
0.21548699
0.29099422
0.25084148
0.2186143
0.054840668
0.15792154
0.25848698
0.066774181
0.19175207
0.31218017
0.03870308
0.1116067
0.18320953
0.036427225
0.10468126
0.17059347
1.3040072e-18
-4.472334e-18
-3.1441863e-18
1.4614032e-17
4.987637e-18
1.8552405e-16
1.4595487e-16
1.3159959e-16
1.1939815e-16
0.38042078
0.39095644
0.39642918
0.36786568
0.30821838
0.25901183
0.22494547
0.23299418
0.23775433
0.071432212
0.20490947
0.33291588
0.042221304
0.12163751
0.19903003
0.70822101
0.77112957
0.82527783
0.59712124
0.63106638
0.65963981
0.59712124
0.63106638
0.65963981
0.70822101
0.77112957
0.82527783
0.45531071
0.49826979
0.53078725
0.37321485
0.39592702
0.41794732
0.37146812
0.38963884
0.40684311
0.44243449
0.48871055
0.52712522
0.78354073
0.67517407
0.58557829
0.61859413
0.53235175
0.4608565
0.52737352
0.45042681
0.38937375
0.60919191
0.51756107
0.44674376
1.1261729e-16
1.2552835e-16
1.1045198e-16
1.0966662e-16
8.6230172e-17
8.2772526e-17
5.4088272e-17
1.2750163e-16
4.6105158e-17
0.057239495
0.061462548
0.065123692
0.16473627
0.17671588
0.18708359
0.26934696
0.28838346
0.30480318
0.057795424
0.047898494
0.041547828
0.16642247
0.13820257
0.11983321
0.27244397
0.22717264
0.19681174
0.037933965
0.036803943
0.036353629
0.10933973
0.10593323
0.10449142
0.17934901
0.173254
0.17039758
0.039004856
0.044667442
0.051669343
0.11211313
0.12843955
0.14866421
0.18277146
0.20957896
0.24286734
0.2927536
0.3047676
0.31887851
0.25028615
0.25582164
0.26658985
0.21805627
0.22244294
0.23115235
1.6053988e-16
7.2839608e-17
9.5463624e-17
8.0284938e-17
4.8670944e-17
5.3415151e-17
5.1345074e-17
-1.0257976e-16
3.3907993e-17
0.068202148
0.070230762
0.071287575
0.19578843
0.20151832
0.20450132
0.31855002
0.32757928
0.33227387
0.066571959
0.055287018
0.045918653
0.19086501
0.15891354
0.13228064
0.3090753
0.25839029
0.21630717
0.042030384
0.041046621
0.03952536
0.12113139
0.11835725
0.1140044
0.19833562
0.19410001
0.1871655
0.33365303
0.35173498
0.36607631
0.28070609
0.29579779
0.30638773
0.24235185
0.25232165
0.25828708
0.69333656
0.65977922
0.62011882
0.7521652
0.70963766
0.65977922
0.80266349
0.7521652
0.69333656
0.76296502
0.7151523
0.65532736
0.65824461
0.61818758
0.56555694
0.57094286
0.53605394
0.48997206
0.60597992
0.57707573
0.54556344
0.52040218
0.49392371
0.46569028
0.44993958
0.42630733
0.40174122
0.54178006
0.57015949
0.59680632
0.46235223
0.48522482
0.50720129
0.39948979
0.41920702
0.43799154
0.6465242
0.70862972
0.76037655
0.55162504
0.60786403
0.65430885
0.47644395
0.52605154
0.56711375
0.51463804
0.48448352
0.44411309
0.4782489
0.45381
0.41962819
0.43394434
0.41478629
0.3913732
0.052007412
0.054061367
0.056424414
0.044534593
0.045234469
0.046829256
0.038862206
0.039372083
0.040643694
0.1496178
0.15556217
0.16243635
0.12807661
0.13024841
0.13503156
0.1117248
0.1133474
0.11717672
0.24444937
0.25429373
0.26583267
0.20910381
0.21320896
0.22170308
0.18227493
0.18546677
0.19230855
0.058786337
0.062263308
0.066012207
0.049241334
0.052151941
0.054696777
0.042564086
0.04450826
0.045769523
0.16941908
0.1793351
0.1893803
0.14205892
0.1503631
0.15735057
0.12277609
0.12830344
0.13184979
0.27780937
0.29350709
0.30723309
0.23338919
0.24652431
0.25645419
0.20161474
0.21029253
0.21565175
0.74159608
0.69733299
0.64134204
0.69297566
0.65711189
0.60956493
0.63369779
0.60505608
0.57128488
0.63887579
0.6019035
0.55251575
0.59493303
0.56527361
0.52347952
0.54082105
0.51717381
0.48852289
0.55371702
0.52140903
0.47813846
0.51480122
0.48865259
0.452008
0.46722985
0.44661161
0.42154951
