MFEM mesh v1.0

#
# MFEM Geometry Types (see mesh/geom.hpp):
#
# POINT       = 0
# SEGMENT     = 1
# TRIANGLE    = 2
# SQUARE      = 3
# TETRAHEDRON = 4
# CUBE        = 5
#

dimension
3

elements
8
1 5 18 5 6 19 7 2 3 8
1 5 20 21 23 22 25 26 28 27
1 5 22 23 11 10 27 28 14 13
1 5 23 24 12 11 28 29 15 14
1 5 25 26 28 27 30 31 33 32
1 5 27 28 14 13 32 33 17 16
1 5 9 32 16 4 1 7 2 0
1 5 32 33 17 16 7 8 3 2

boundary
32
50 3 19 6 5 18
50 3 18 5 2 7
50 3 1 7 2 0
50 3 19 18 7 8
50 3 5 6 3 2
50 3 6 19 8 3
50 3 4 9 1 0
50 3 11 10 13 14
50 3 12 11 14 15
50 3 14 13 16 17
50 3 16 4 0 2
50 3 17 16 2 3
50 3 22 23 21 20
50 3 10 11 23 22
50 3 11 12 24 23
50 3 20 21 26 25
50 3 22 20 25 27
50 3 21 23 28 26
50 3 23 24 29 28
50 3 10 22 27 13
50 3 24 12 15 29
50 3 28 29 15 14
50 3 25 26 31 30
50 3 27 25 30 32
50 3 26 28 33 31
50 3 30 31 33 32
50 3 13 27 32 16
50 3 4 16 32 9
50 3 28 14 17 33
50 3 9 32 7 1
50 3 32 33 8 7
50 3 33 17 3 8

vertices
34

nodes
FiniteElementSpace
FiniteElementCollection: H1_3D_P4
VDim: 3
Ordering: 0

-0.072282681
-0.12552145
-0.066449439
-0.063851502
-0.034346884
-0.055651449
-0.052520803
-0.12826879
-0.12805102
-0.10195872
0.18331332
0.11593099
0.18331332
0.056891641
0.052515288
0.056891641
-0.017873777
-0.013835471
-0.13305751
-0.13292294
-0.14693255
-0.16007234
0.042616678
0.011479379
0.042616678
-0.18741678
-0.19139576
-0.049994851
-0.052071601
-0.049994851
-0.2020654
-0.20364901
-0.10058463
-0.099343286
-0.069171493
-0.094649635
-0.11977847
-0.054645458
-0.053284743
-0.052611447
-0.066645128
-0.09316097
-0.11923584
-0.13309179
-0.13302136
-0.13293514
-0.074293252
-0.093365462
-0.11568114
-0.065639626
-0.0645048
-0.06393002
-0.072240951
-0.092096523
-0.11513837
-0.1282519
-0.12814857
-0.12806312
-0.13040776
-0.13259277
-0.133107
-0.06461044
-0.060761276
-0.057236285
-0.061892812
-0.057874731
-0.054178786
-0.13028059
-0.13248609
-0.13298051
-0.15020639
-0.15591435
-0.15953404
-0.125257
-0.065572412
-0.013082399
0.036364014
0.023055667
0.013009495
-0.11100089
-0.046215589
0.013418199
-0.18851168
-0.19025126
-0.19125319
-0.16554693
-0.11837159
-0.074075685
-0.050318465
-0.05122492
-0.051955886
-0.16213849
-0.11574069
-0.071898434
-0.15761784
-0.17270959
-0.18317521
-0.1682478
-0.1798876
-0.18802295
-0.001133782
-0.022815322
-0.042420535
0.020651021
-0.012490668
-0.03833889
0.10212314
0.071304333
0.033974635
0.17150573
0.14402119
0.12011655
0.16238301
0.11873568
0.070313343
0.03759169
0.0055112371
-0.031103114
0.056569398
0.054662303
0.052822908
0.04125899
0.0080681266
-0.028992408
0.10605927
0.085897199
0.064264234
0.15375604
0.1088079
0.073222545
0.013009495
0.023055667
0.036364014
0.16238301
0.11873568
0.070313343
0.12011655
0.14402119
0.17150573
-0.051955886
-0.05122492
-0.050318465
0.04125899
0.0080681266
-0.028992408
0.052822908
0.054662303
0.056569398
0.020651021
-0.012490668
-0.03833889
0.15375604
0.1088079
0.073222545
-0.20251159
-0.20320476
-0.20359427
-0.18489992
-0.15006878
-0.11645442
-0.10017756
-0.099633895
-0.099375938
-0.18379412
-0.1498554
-0.11717632
-0.19099203
-0.19636169
-0.20036531
-0.19426998
-0.19870743
-0.20214338
-0.061282198
-0.077561934
-0.092262547
-0.060592854
-0.078330936
-0.093501777
-0.026245823
-0.052988017
-0.082732718
-0.016434119
-0.014691694
-0.013931999
-0.02984797
-0.055724559
-0.0844892
0.040685401
0.018432362
-0.0030248151
0.041821368
0.016001912
-0.0068587042
-0.10223722
-0.10190328
-0.1010397
-0.030959133
-0.024646095
-0.019741721
-0.042188938
-0.062244886
-0.087308644
-0.12635171
-0.12765485
-0.12819138
-0.071553679
-0.069466641
-0.067407686
-0.077010687
-0.092876383
-0.11334053
-0.1235515
-0.11736352
-0.1080533
-0.12533089
-0.11749699
-0.10703999
-0.060525737
-0.045875873
-0.028179065
-0.069178618
-0.058400491
-0.043639409
-0.12496556
-0.11673351
-0.1059018
-0.057496285
-0.042244249
-0.024138942
-0.11926168
-0.093210093
-0.066721614
-0.11943532
-0.093570056
-0.06728515
-0.11968901
-0.094224704
-0.068390654
-0.12003125
-0.095325515
-0.070476147
-0.11987162
-0.096357232
-0.072991836
-0.1179227
-0.095544417
-0.075097803
-0.056254378
-0.054926681
-0.054267284
-0.059846102
-0.058589744
-0.0579598
-0.06375766
-0.062572774
-0.061974144
-0.068032979
-0.093894778
-0.11951403
-0.070723895
-0.095075195
-0.11940849
-0.073063552
-0.094378688
-0.11747244
-0.13299244
-0.13307471
-0.13314261
-0.13249604
-0.13256693
-0.13262344
-0.13029024
-0.13036029
-0.13042526
-0.11556387
-0.092996285
-0.073661664
-0.11531585
-0.092439345
-0.072765728
-0.11516071
-0.0921377
-0.072302632
0.0079472017
-0.0033902386
-0.011786068
-0.050462549
-0.058806788
-0.064687075
-0.11445587
-0.12069074
-0.12468269
-0.16036125
-0.16499801
-0.16783366
-0.17462766
-0.17776339
-0.17962012
-0.18450132
-0.18662171
-0.18784822
-0.13534412
-0.077370518
-0.025714557
-0.14987825
-0.096022049
-0.04675852
-0.16079066
-0.11128839
-0.065180756
-6.531945e-05
0.0067463708
0.016106306
-0.022327687
-0.019167551
-0.014690898
-0.042212834
-0.040905868
-0.039132006
-0.0069747171
-0.063192505
-0.12400217
-0.037600457
-0.088369249
-0.1428004
-0.061294276
-0.10739758
-0.1564021
-0.16305958
-0.1645483
-0.16542202
-0.11639141
-0.11753576
-0.11826399
-0.072328106
-0.073271964
-0.073968096
0.15155894
0.12673212
0.10567265
0.10984085
0.089907374
0.073856628
0.063192834
0.047768232
0.035832187
0.021604369
0.059756823
0.091663664
-0.00034719361
0.038064915
0.070879735
-0.02083421
0.016617288
0.049185339
0.10885328
0.125326
0.1451636
0.087161775
0.094928464
0.1046812
0.064795098
0.068047892
0.071920787
0.13402574
0.092790076
0.046881003
0.090985479
0.053410856
0.011436993
0.056892329
0.02228808
-0.016379264
-0.029247283
-0.030161328
-0.0309728
0.007897871
0.0067762218
0.0056900286
0.040979811
0.039388771
0.037846241
0.10567265
0.12673212
0.15155894
0.073856628
0.089907374
0.10984085
0.035832187
0.047768232
0.063192834
-6.531945e-05
0.0067463708
0.016106306
-0.022327687
-0.019167551
-0.014690898
-0.042212834
-0.040905868
-0.039132006
0.046881003
0.092790076
0.13402574
0.011436993
0.053410856
0.090985479
-0.016379264
0.02228808
0.056892329
0.1451636
0.125326
0.10885328
0.1046812
0.094928464
0.087161775
0.071920787
0.068047892
0.064795098
-0.0309728
-0.030161328
-0.029247283
0.0056900286
0.0067762218
0.007897871
0.037846241
0.039388771
0.040979811
-0.19190035
-0.19333422
-0.19415378
-0.19701654
-0.19804293
-0.19862519
-0.20086429
-0.20164268
-0.20208154
-0.16978943
-0.1249034
-0.082480796
-0.17666889
-0.13599629
-0.097151011
-0.18232927
-0.14558525
-0.11022208
-0.06122331
-0.060887727
-0.060587408
-0.077566425
-0.077651117
-0.077986831
-0.092290996
-0.09253062
-0.093072021
-0.081493033
-0.12318209
-0.16711843
-0.097431181
-0.13530146
-0.17492662
-0.11092979
-0.1453093
-0.18108177
-0.18410938
-0.18459167
-0.18486204
-0.14991596
-0.15000536
-0.15006056
-0.11694692
-0.11662622
-0.11647449
-0.041001903
-0.0053853229
0.026021691
-0.058695523
-0.025261346
0.0044970279
-0.074876863
-0.043828276
-0.016016197
0.040842093
0.041701759
0.04221236
0.018423464
0.018211032
0.017174385
-0.0031041342
-0.0037694111
-0.0054178562
0.02684408
-0.0049920577
-0.040512507
0.0022203032
-0.027167249
-0.059904382
-0.019469487
-0.046521552
-0.076630753
-0.083909161
-0.083137972
-0.082780062
-0.054777099
-0.053591311
-0.053056594
-0.028585801
-0.027023981
-0.026334743
-0.040712288
-0.035651395
-0.031543266
-0.062098163
-0.059668944
-0.05689243
-0.087466197
-0.086605516
-0.085194455
-0.10829643
-0.10809567
-0.10741672
-0.11759618
-0.11785474
-0.1176863
-0.12400117
-0.1249891
-0.12531492
-0.091712491
-0.06424677
-0.039595377
-0.10350618
-0.078497138
-0.055970661
-0.11238732
-0.089555789
-0.069457733
-0.029933857
-0.034522689
-0.040442408
-0.047356386
-0.05095465
-0.055743205
-0.061665993
-0.064269457
-0.067346807
-0.050948142
-0.07003304
-0.094039713
-0.064759696
-0.082258297
-0.10439091
-0.074448754
-0.090497424
-0.11124565
-0.1142492
-0.1154471
-0.11574206
-0.093685598
-0.094208033
-0.093706211
-0.077371219
-0.076427142
-0.07500874
-0.10668123
-0.10618289
-0.10593357
-0.11728499
-0.11694633
-0.11675844
-0.12526021
-0.1250939
-0.12498092
-0.090075794
-0.061626166
-0.036044648
-0.10230366
-0.076377438
-0.052859231
-0.11166018
-0.088055758
-0.067034333
-0.024241701
-0.025040107
-0.026782427
-0.042345976
-0.043110323
-0.04468675
-0.057586019
-0.058246349
-0.059566221
-0.11994974
-0.094920015
-0.069726129
-0.11970543
-0.094289014
-0.068654703
-0.1195395
-0.093942617
-0.068108197
-0.11979501
-0.095991425
-0.072298174
-0.11957786
-0.095427839
-0.071304473
-0.11943071
-0.095117601
-0.070793632
-0.11784536
-0.095215919
-0.074488111
-0.11763352
-0.094701114
-0.073591296
-0.11749391
-0.094417706
-0.073128249
-0.12682418
-0.1317623
-0.13488325
-0.06645882
-0.072594836
-0.07674036
-0.011013422
-0.019083075
-0.024824635
-0.14464103
-0.14772887
-0.14960527
-0.090223676
-0.093550561
-0.095700869
-0.039645054
-0.043615094
-0.046342128
-0.15757435
-0.15948913
-0.16062636
-0.10836066
-0.11005346
-0.11112832
-0.062131587
-0.063818831
-0.064999709
0.041740912
0.030914079
0.02286941
0.086407812
0.072365966
0.061500585
0.12616431
0.10839027
0.094030677
0.0090141091
0.0039212938
0.0002269857
0.050460214
0.043841075
0.038851896
0.087251156
0.078656051
0.071953713
-0.017176882
-0.019109934
-0.02059966
0.02141867
0.018951133
0.016941711
0.055728979
0.052396901
0.049630479
0.02286941
0.030914079
0.041740912
0.061500585
0.072365966
0.086407812
0.094030677
0.10839027
0.12616431
0.0002269857
0.0039212938
0.0090141091
0.038851896
0.043841075
0.050460214
0.071953713
0.078656051
0.087251156
-0.02059966
-0.019109934
-0.017176882
0.016941711
0.018951133
0.02141867
0.049630479
0.052396901
0.055728979
-0.16784594
-0.16901208
-0.16969224
-0.1236052
-0.12435278
-0.12483198
-0.081635785
-0.082061564
-0.08242284
-0.17540777
-0.17616824
-0.1766066
-0.13546695
-0.13576682
-0.13596611
-0.097272139
-0.097145063
-0.097146739
-0.18143224
-0.18197673
-0.18228563
-0.14537694
-0.14549421
-0.14557299
-0.1106863
-0.11037278
-0.11023861
-0.040389141
-0.040598504
-0.040941468
-0.0046690232
-0.0048506073
-0.0053011971
0.027200326
0.026837885
0.02614624
-0.059392857
-0.058862133
-0.05870977
-0.02633061
-0.025510652
-0.025280741
0.0032650669
0.0042475747
0.004480277
-0.076023534
-0.075254942
-0.074919476
-0.045546676
-0.044382297
-0.043888676
-0.018200652
-0.016706192
-0.016091805
-0.094181473
-0.093504636
-0.092323583
-0.069897777
-0.067769452
-0.065299067
-0.049599921
-0.044954694
-0.041170383
-0.10455207
-0.10445694
-0.10389199
-0.082198677
-0.080924201
-0.079269966
-0.063683945
-0.060130541
-0.057252154
-0.11169392
-0.1124887
-0.11252801
-0.090815436
-0.090818939
-0.090002472
-0.074049638
-0.072230581
-0.070356939
-0.09118999
-0.090471368
-0.090122429
-0.063365235
-0.062229802
-0.061695414
-0.038388362
-0.036849067
-0.036137646
-0.10315453
-0.1026214
-0.10234229
-0.077823358
-0.07689989
-0.076438926
-0.054965454
-0.053610225
-0.052947989
-0.1122047
-0.11187724
-0.11168733
-0.08910577
-0.088448945
-0.088102709
-0.068704291
-0.067644706
-0.067107469
-0.14235082
-0.15297542
-0.085685808
2.6396614e-16
-0.17837139
-0.084801907
2.6049899e-16
-0.086649793
2.8885851e-16
-0.20459288
-0.21845228
1.6385724e-16
0.21845228
-0.14600588
2.1851926e-16
0.14600588
-0.10394788
2.6653676e-16
-0.083249948
2.6612454e-16
-0.25398595
1.8559212e-16
-0.24029479
2.2596782e-16
0.24029479
-0.16964304
2.3355121e-16
-0.15907894
2.7255864e-16
0.15907894
-0.11722119
3.0083916e-16
-0.11113265
2.4603927e-16
-0.083419985
-0.082397578
-0.082785344
-0.070842025
-0.04337976
-0.015080257
2.6627168e-16
2.652607e-16
2.6379436e-16
-0.069027497
-0.041863968
-0.014488665
-0.085398594
-0.085320451
-0.086068969
-0.071958594
-0.044340926
-0.015462074
2.690965e-16
2.6199619e-16
2.6979228e-16
-0.072427385
-0.044381653
-0.015434005
-0.084913793
-0.083254928
-0.083068304
-0.085073443
-0.084382523
-0.084524629
2.81018e-16
2.7115151e-16
2.6112486e-16
2.8964116e-16
2.7312673e-16
2.5741636e-16
-0.21223898
-0.13020735
-0.045349813
2.0512799e-16
2.0534707e-16
2.3070079e-16
-0.20206789
-0.1259362
-0.044398821
-0.25331385
-0.24996314
-0.24415578
-0.1413401
-0.086235197
-0.029923696
2.2012333e-16
2.3985378e-16
2.656622e-16
-0.13279227
-0.081290721
-0.028266735
-0.16882906
-0.16601178
-0.16175405
-0.23623567
-0.2066377
-0.18144526
2.1619229e-16
2.137979e-16
2.2862821e-16
1.8986531e-16
1.7880842e-16
2.3092173e-16
-0.22291293
-0.19418832
-0.17016556
2.0582785e-16
2.0262698e-16
1.671034e-16
-0.18660734
-0.12116857
-0.044707034
-0.22094687
-0.22787722
-0.23612578
2.3258941e-16
2.0879378e-16
2.5341561e-16
-0.12277086
-0.076027424
-0.026621116
-0.14709415
-0.15103618
-0.15627259
1.8727229e-16
2.0771528e-16
2.283888e-16
-0.20340937
-0.17773486
-0.15600026
0.044398821
0.1259362
0.20206789
0.22094687
0.22787722
0.23612578
0.044707034
0.12116857
0.18660734
0.028266735
0.081290721
0.13279227
0.14709415
0.15103618
0.15627259
0.026621116
0.076027424
0.12277086
0.22291293
0.19418832
0.17016556
0.20340937
0.17773486
0.15600026
-0.097593971
-0.059478223
-0.020626863
2.9529377e-16
2.8571758e-16
2.728977e-16
-0.09267075
-0.056615187
-0.019661445
-0.11670989
-0.11505659
-0.11263486
-0.15874692
-0.14032065
-0.12454269
2.5740943e-16
2.85446e-16
2.7052966e-16
2.5719303e-16
2.586824e-16
2.6622734e-16
-0.14893887
-0.13200227
-0.11770383
2.6023127e-16
2.6306601e-16
2.6831734e-16
-0.087125347
-0.053590523
-0.018672006
-0.10454069
-0.10668306
-0.10956822
2.1978964e-16
2.4383346e-16
2.4742619e-16
-0.1369194
-0.12191708
-0.10951341
-0.19087314
-0.16151631
-0.12913456
-0.16982935
-0.14756402
-0.11995919
-0.18266278
-0.19190172
-0.2005811
-0.14488134
-0.12450513
-0.10035198
-0.1374372
-0.12065127
-0.098748073
-0.14349751
-0.14705163
-0.15097418
-0.1588552
-0.17409356
-0.19315145
-0.089112209
-0.095872639
-0.10522736
-0.08703916
-0.091708842
-0.099062166
-0.14519363
-0.1553091
-0.16942494
2.7993962e-16
2.6473645e-16
2.5499116e-16
2.6994293e-16
2.7747072e-16
2.7011751e-16
-0.014458919
-0.014516184
-0.014804903
-0.041744614
-0.041834311
-0.042603709
-0.068715766
-0.068601984
-0.069638101
-0.082602747
-0.082215019
-0.083190515
-0.082788691
-0.082353559
-0.083194342
-0.08439079
-0.083817233
-0.084234569
-0.07066922
-0.043329613
-0.015072163
-0.07070444
-0.043468531
-0.015140115
-0.071400179
-0.04397842
-0.015331075
2.6021762e-16
2.5456639e-16
2.6638317e-16
2.6845301e-16
2.6860781e-16
2.686148e-16
2.7456468e-16
2.6853661e-16
2.8086132e-16
-0.014510757
-0.04189273
-0.068954742
-0.014676134
-0.042289559
-0.069330033
-0.015088378
-0.043407953
-0.070914101
-0.071999369
-0.071519199
-0.071688735
-0.044174458
-0.043992063
-0.044168142
-0.015371268
-0.015326557
-0.015399584
-0.20492559
-0.12712177
-0.044661734
-0.2092703
-0.12899964
-0.045084453
-0.21176462
-0.13003564
-0.045299916
-0.19724401
-0.12080685
-0.042022756
-0.17234366
-0.10534585
-0.036597222
-0.15122037
-0.092312572
-0.032042283
2.2145273e-16
2.1958403e-16
2.1458209e-16
2.2961797e-16
2.1495687e-16
1.9253907e-16
2.402155e-16
2.2927658e-16
2.2810647e-16
-0.040678298
-0.11589709
-0.18707806
-0.034889044
-0.099965642
-0.16248733
-0.030320576
-0.087117901
-0.14213707
-0.22653866
-0.2321053
-0.23546817
-0.19743497
-0.20253281
-0.20578279
-0.17304166
-0.17760666
-0.18060013
-0.14065564
-0.085815923
-0.029777781
-0.13834556
-0.084451243
-0.029315169
-0.13491196
-0.082479723
-0.028657526
-0.18834744
-0.12134955
-0.044296689
-0.1931349
-0.12263619
-0.04400147
-0.19901877
-0.12472223
-0.044198969
1.9041902e-16
2.1608282e-16
1.9365891e-16
1.9119307e-16
2.1606463e-16
2.1080375e-16
2.3104467e-16
2.3610032e-16
2.2859217e-16
-0.040172934
-0.1108959
-0.17318629
-0.033520716
-0.094483514
-0.15035983
-0.028680467
-0.08166305
-0.13139149
-0.20539106
-0.21151602
-0.21902422
-0.1792232
-0.18426896
-0.19075516
-0.15719804
-0.16148892
-0.16714201
-0.13057979
-0.080071978
-0.027870437
-0.12655726
-0.07792979
-0.027189185
-0.12359688
-0.076423404
-0.026730675
0.044296689
0.12134955
0.18834744
0.04400147
0.12263619
0.1931349
0.044198969
0.12472223
0.19901877
0.040678298
0.11589709
0.18707806
0.034889044
0.099965642
0.16248733
0.030320576
0.087117901
0.14213707
0.21902422
0.21151602
0.20539106
0.19075516
0.18426896
0.1792232
0.16714201
0.16148892
0.15719804
0.17318629
0.1108959
0.040172934
0.15035983
0.094483514
0.033520716
0.13139149
0.08166305
0.028680467
0.027870437
0.080071978
0.13057979
0.027189185
0.07792979
0.12655726
0.026730675
0.076423404
0.12359688
-0.13222365
-0.080634779
-0.027972101
-0.11682679
-0.071197013
-0.024689047
-0.10367295
-0.063169354
-0.021903646
2.6969343e-16
2.4681052e-16
2.6637335e-16
2.8030034e-16
2.6063113e-16
2.7297748e-16
2.8443903e-16
2.7555061e-16
2.695969e-16
-0.026411493
-0.076001943
-0.12426856
-0.023352467
-0.067245456
-0.11007181
-0.020810888
-0.05993519
-0.09813099
-0.15141049
-0.1553511
-0.15797566
-0.13408521
-0.13741266
-0.13964836
-0.11940387
-0.12212916
-0.12397705
-0.097166178
-0.0592171
-0.020536095
-0.09581159
-0.058413236
-0.020262093
-0.093858463
-0.057285576
-0.019883335
2.4909208e-16
2.5409648e-16
2.2779532e-16
2.7515654e-16
2.4723062e-16
2.50028e-16
2.6019276e-16
2.6379832e-16
2.5113993e-16
-0.024817938
-0.071022788
-0.11499165
-0.021952539
-0.062958306
-0.10224111
-0.01967009
-0.056455274
-0.091783773
-0.13790571
-0.1415214
-0.14634819
-0.12273563
-0.12576129
-0.12982121
-0.1101841
-0.11263461
-0.11592962
-0.091438824
-0.055932836
-0.019436926
-0.089229862
-0.054741703
-0.019050167
-0.087603684
-0.053867138
-0.018765896
-0.17218045
-0.14866309
-0.12071189
-0.17977878
-0.15326986
-0.12352095
-0.18725692
-0.15878441
-0.12717482
-0.18030977
-0.15276967
-0.12221173
-0.1630605
-0.13853639
-0.11119312
-0.14945527
-0.12798099
-0.10320932
-0.10387517
-0.10139896
-0.09958698
-0.094888077
-0.093208858
-0.092076998
-0.088433443
-0.087430287
-0.087136263
-0.11428076
-0.1405184
-0.16151196
-0.1056843
-0.1295726
-0.1484994
-0.10024794
-0.12250038
-0.13960764
-0.17338187
-0.18178211
-0.18958129
-0.15854493
-0.16522834
-0.17125406
-0.14747341
-0.15206694
-0.15661898
-0.14317433
-0.12330928
-0.099569646
-0.13995906
-0.12123059
-0.098484968
-0.13756935
-0.12039081
-0.098400868
-0.087774694
-0.053654095
-0.018638601
-0.08007222
-0.049027111
-0.017044499
-0.074502779
-0.045666498
-0.015883463
2.6879409e-16
2.7172526e-16
2.7309957e-16
2.6098923e-16
2.7436481e-16
2.7439742e-16
2.7649933e-16
2.7071708e-16
2.7544044e-16
-0.017806745
-0.051100323
-0.083047623
-0.016527136
-0.047405613
-0.076956712
-0.015706461
-0.045043206
-0.073083623
-0.068638141
-0.068517051
-0.069503573
-0.041768175
-0.041847018
-0.042579321
-0.014478706
-0.014531226
-0.01480573
-0.069005457
-0.068821373
-0.069668223
-0.042153796
-0.042176414
-0.042802272
-0.014639232
-0.014669371
-0.014903804
-0.070531965
-0.07020651
-0.070658756
-0.04323059
-0.043147282
-0.043504908
-0.015035797
-0.015026395
-0.015162938
-0.19665406
-0.12052785
-0.041947039
-0.19405842
-0.11924176
-0.04158481
-0.18980052
-0.11717162
-0.041012731
-0.17164159
-0.10494083
-0.036463184
-0.1690308
-0.10347696
-0.035989328
-0.1650031
-0.10128907
-0.035296585
-0.15051253
-0.091884576
-0.031895851
-0.14806826
-0.090453964
-0.031414588
-0.14440379
-0.088373943
-0.030727626
-0.1841822
-0.1146044
-0.040365258
-0.17876606
-0.11240124
-0.039940673
-0.1745256
-0.11107166
-0.039941497
-0.15984718
-0.098616651
-0.034484493
-0.15501337
-0.09629462
-0.033834822
-0.15139707
-0.094781341
-0.033507057
-0.13976735
-0.085835259
-0.029909317
-0.13545715
-0.083589617
-0.029212147
-0.13227545
-0.082043508
-0.028767442
0.040365258
0.1146044
0.1841822
0.039940673
0.11240124
0.17876606
0.039941497
0.11107166
0.1745256
0.034484493
0.098616651
0.15984718
0.033834822
0.09629462
0.15501337
0.033507057
0.094781341
0.15139707
0.029909317
0.085835259
0.13976735
0.029212147
0.083589617
0.13545715
0.028767442
0.082043508
0.13227545
-0.13157421
-0.08023575
-0.027833226
-0.12941781
-0.078954385
-0.027396756
-0.12623215
-0.077113127
-0.026779056
-0.11626114
-0.070849136
-0.024567759
-0.11442268
-0.069752877
-0.024193141
-0.1117288
-0.068188467
-0.023666053
-0.10319858
-0.062878868
-0.021802545
-0.10168187
-0.06197632
-0.021494409
-0.099479361
-0.060700159
-0.021064854
-0.12221906
-0.074862856
-0.026037503
-0.11849507
-0.072851261
-0.025388815
-0.11575562
-0.071417486
-0.024938223
-0.10834299
-0.066277985
-0.023032587
-0.10520309
-0.064563815
-0.022473508
-0.10289211
-0.063320911
-0.02207175
-0.096728762
-0.059153819
-0.020552885
-0.094192173
-0.057774926
-0.020103367
-0.092323526
-0.056765655
-0.019774863
-0.17709929
-0.15036895
-0.12050551
-0.17043049
-0.14551829
-0.11734508
-0.16361199
-0.14148612
-0.11494163
-0.16053207
-0.13670687
-0.10992649
-0.15542859
-0.13314397
-0.10772244
-0.15015874
-0.13028378
-0.10615235
-0.14752216
-0.12663464
-0.10230656
-0.1437987
-0.12418116
-0.10091725
-0.14051196
-0.12276146
-0.10036934
-0.086715299
-0.05307332
-0.018448517
-0.084835491
-0.052072381
-0.018125713
-0.083471395
-0.051347183
-0.017891027
-0.079313044
-0.048622988
-0.016914472
-0.078076146
-0.047995504
-0.01671779
-0.077254048
-0.047579617
-0.016586933
-0.073992312
-0.045409477
-0.015803454
-0.07330074
-0.045099677
-0.015714766
-0.073153627
-0.045081709
-0.015719629
0.1407231
0.1509312
0.14912767
0.15363836
0.17637382
0.08393419
0.085372903
0.16401453
0.16959823
0.20189501
0.41475441
0.43862719
0.41475441
0.28057433
0.29450494
0.28057433
0.19840661
0.20680315
0.082015121
0.083307822
0.59957576
0.64614232
0.54440267
0.58040305
0.54440267
0.402592
0.4320356
0.36647399
0.38992054
0.36647399
0.27180783
0.2880561
0.2519537
0.26553634
0.08243843
0.081254277
0.081564755
0.084300743
0.084938341
0.085319233
0.083761352
0.082514739
0.082841229
0.082328122
0.082903006
0.083258134
0.15145151
0.15658798
0.16160951
0.15047192
0.15244527
0.15349312
0.15613922
0.16161024
0.16700857
0.16572498
0.16815929
0.1694245
0.14963404
0.12263995
0.096050543
0.14097573
0.12087842
0.097260338
0.14482112
0.12366049
0.099098404
0.15419687
0.12562616
0.097819809
0.61424887
0.6344852
0.64475025
0.64130222
0.62457008
0.59790658
0.55568435
0.57135729
0.57937045
0.59588916
0.58197579
0.55947685
0.41198411
0.42477035
0.43117185
0.42887509
0.41809155
0.40120177
0.37400274
0.38417847
0.38923911
0.3999702
0.39080203
0.37625429
0.55872008
0.48993061
0.43065563
0.60170433
0.52701712
0.46261365
0.54015858
0.47341171
0.41664548
0.50691427
0.44449501
0.39139669
0.46757203
0.51751099
0.56064793
0.42186255
0.43237503
0.43790711
0.44243449
0.48871055
0.52712522
0.31442634
0.34838027
0.37703523
0.28490983
0.29098272
0.29408541
0.29902892
0.32986757
0.35519664
0.40734808
0.35643981
0.31412606
0.38604076
0.3387521
0.29904394
0.57937045
0.57135729
0.55568435
0.44243449
0.48871055
0.52712522
0.43790711
0.43237503
0.42186255
0.38923911
0.38417847
0.37400274
0.29902892
0.32986757
0.35519664
0.29408541
0.29098272
0.28490983
0.50691427
0.44449501
0.39139669
0.38604076
0.3387521
0.29904394
0.27705043
0.2840969
0.28758494
0.28639124
0.28072036
0.27169389
0.25635947
0.26224563
0.26514392
0.27034474
0.2653544
0.25739355
0.37643935
0.3314124
0.29132139
0.40346336
0.35403068
0.30972461
0.36506137
0.32229313
0.28415293
0.34336871
0.3038571
0.26891201
0.22009592
0.24154161
0.25830387
0.20103405
0.20468691
0.20654933
0.21073826
0.23043473
0.24550277
0.2764435
0.24585726
0.21934327
0.26357146
0.23484694
0.21007308
0.21401157
0.23284839
0.24645587
0.18025947
0.18821967
0.1953046
0.18047091
0.18941512
0.19791782
0.15305574
0.15769285
0.16203264
0.14165457
0.14452085
0.14760508
0.14179023
0.1451616
0.14896369
0.15679279
0.17189628
0.19067775
0.17851609
0.20659012
0.23571299
0.15490076
0.16953306
0.18763461
0.14359279
0.15368729
0.16761186
0.18524235
0.21574245
0.24771187
0.15995019
0.17570901
0.19521964
0.082791989
0.082466536
0.083711456
0.082441432
0.082122409
0.083354479
0.081872939
0.081562434
0.08276732
0.095361934
0.094670047
0.095635724
0.1214252
0.11940741
0.11926256
0.14763294
0.14384495
0.14065648
0.097745189
0.098560315
0.099031631
0.12167121
0.12289161
0.12356658
0.14210858
0.14379041
0.14469691
0.097351824
0.096351476
0.097093547
0.12190923
0.12212434
0.12432125
0.14446938
0.1479476
0.15203822
0.097753859
0.097291412
0.096503135
0.12552663
0.12480713
0.12349754
0.15405176
0.15299712
0.15100155
0.1632614
0.15810786
0.1528567
0.16561392
0.16029977
0.15490517
0.16684041
0.16145165
0.1559893
0.57158743
0.58827132
0.59677302
0.59539218
0.61391127
0.62333639
0.6102408
0.63002802
0.6399933
0.57229908
0.59097798
0.60042583
0.50169043
0.51780266
0.52591994
0.44082685
0.45470744
0.4616736
0.59715087
0.58129754
0.55652495
0.52298641
0.50916352
0.48765143
0.45915567
0.44734296
0.42891693
0.53916565
0.53185506
0.51742168
0.47256058
0.4662645
0.45371222
0.41590607
0.4104428
0.39948552
0.52099471
0.54202895
0.55514848
0.45677796
0.47513727
0.48669052
0.40201001
0.41783394
0.42781429
0.40920761
0.42175728
0.4280307
0.39955176
0.41139512
0.41729751
0.38427701
0.39509756
0.40047886
0.44996437
0.46096658
0.46679122
0.49750138
0.51007168
0.51664537
0.53759056
0.55215757
0.55965916
0.52169614
0.48133423
0.43449634
0.45727995
0.42184304
0.38048265
0.4026834
0.37178137
0.33539113
0.40666708
0.40177507
0.39245993
0.35589396
0.35190054
0.34418068
0.31366534
0.31029298
0.30371874
0.41177103
0.45493186
0.49078385
0.3612603
0.39905403
0.43041224
0.31879347
0.35188394
0.37919143
0.36221534
0.3716821
0.37640146
0.33574503
0.34378925
0.34783457
0.30385816
0.3105567
0.31396529
0.46679122
0.46096658
0.44996437
0.51664537
0.51007168
0.49750138
0.55965916
0.55215757
0.53759056
0.53916565
0.53185506
0.51742168
0.47256058
0.4662645
0.45371222
0.41590607
0.4104428
0.39948552
0.49078385
0.45493186
0.41177103
0.43041224
0.39905403
0.3612603
0.37919143
0.35188394
0.31879347
0.39245993
0.40177507
0.40666708
0.34418068
0.35190054
0.35589396
0.30371874
0.31029298
0.31366534
0.37640146
0.3716821
0.36221534
0.34783457
0.34378925
0.33574503
0.31396529
0.3105567
0.30385816
0.38508403
0.3968156
0.40267442
0.33868642
0.34849956
0.35337468
0.29726793
0.30524412
0.30919433
0.40059752
0.39079864
0.37539769
0.3516851
0.34364626
0.33091293
0.3078437
0.30140181
0.29114964
0.36443271
0.35976504
0.35035427
0.32176201
0.3178178
0.3098246
0.28371609
0.28046683
0.27386638
0.35234898
0.36566071
0.37403705
0.31138553
0.32246596
0.32940989
0.27506478
0.28405756
0.28968567
0.27552942
0.28248661
0.2859273
0.27033339
0.2769932
0.28027743
0.26204039
0.26823377
0.2712832
0.35322035
0.32672508
0.29509481
0.31233522
0.2897527
0.26227504
0.27600568
0.25721481
0.23369649
0.27605621
0.27319748
0.26758971
0.24552732
0.24309237
0.23829953
0.21906539
0.21701532
0.21298425
0.28081932
0.30954068
0.33298511
0.25001768
0.27501852
0.29508164
0.22336
0.24487168
0.26168139
0.24965861
0.25519866
0.25793497
0.23399104
0.23880967
0.24121499
0.21369448
0.21775897
0.21981568
0.18829699
0.19891372
0.20725055
0.19986557
0.21526783
0.22602542
0.20963883
0.22751418
0.24037
0.20188383
0.21882473
0.23091097
0.18111223
0.19414894
0.20297555
0.16290475
0.17031456
0.17609432
0.23009331
0.21674672
0.19904875
0.20237484
0.192606
0.17895314
0.17563252
0.16913374
0.16121621
0.18486559
0.17847852
0.1712079
0.16731588
0.16239298
0.1566196
0.15316873
0.14949675
0.14562358
0.17140177
0.17952768
0.18714907
0.15679359
0.16323628
0.16909956
0.14577557
0.15017196
0.15459257
0.1510348
0.15552308
0.159708
0.14703909
0.15109277
0.15483997
0.14327171
0.14655979
0.14986212
0.23960834
0.24479901
0.24736622
0.20950576
0.21347767
0.21547123
0.18061722
0.18353996
0.18503773
0.2414472
0.22668488
0.20750444
0.21111659
0.20046171
0.18582098
0.18213004
0.17513671
0.16674562
0.19498978
0.19329939
0.19000265
0.17551732
0.17411836
0.17142656
0.15978968
0.15862841
0.15642296
0.095802179
0.095100572
0.096076638
0.096575301
0.095849481
0.09684126
0.097028346
0.096288568
0.097287609
0.12225313
0.12018158
0.12000917
0.1235246
0.12137335
0.12117235
0.12422402
0.12203282
0.12181909
0.14894678
0.14505987
0.14176783
0.15087542
0.14685617
0.14344274
0.15189677
0.14781506
0.14434339
0.56844522
0.58669899
0.59591001
0.55448198
0.57153689
0.58013856
0.53226292
0.54767699
0.55547126
0.4982231
0.51398797
0.52191706
0.48598346
0.50075513
0.50816447
0.46664079
0.48003483
0.48674711
0.43780811
0.45141623
0.45823614
0.42727643
0.44008471
0.44648087
0.41064273
0.42231373
0.4281339
0.50053426
0.51394213
0.52077025
0.46310595
0.47458965
0.48051975
0.41868687
0.42859977
0.43378019
0.43897532
0.45062563
0.45648928
0.40621216
0.41611909
0.42115886
0.36721088
0.37558119
0.37989432
0.38672239
0.39690679
0.40199802
0.3581818
0.366827
0.37118959
0.32398194
0.3312045
0.33489056
0.52077025
0.51394213
0.50053426
0.48051975
0.47458965
0.46310595
0.43378019
0.42859977
0.41868687
0.45648928
0.45062563
0.43897532
0.42115886
0.41611909
0.40621216
0.37989432
0.37558119
0.36721088
0.40199802
0.39690679
0.38672239
0.37118959
0.366827
0.3581818
0.33489056
0.3312045
0.32398194
0.38254833
0.39407564
0.39982473
0.37374246
0.38464847
0.39007018
0.35978129
0.36977458
0.37473272
0.33658502
0.34624681
0.35104111
0.32930981
0.33849352
0.34303622
0.31771477
0.32617621
0.33035305
0.29556168
0.30342944
0.30732209
0.28968713
0.2971996
0.30090531
0.28030165
0.28726336
0.29069124
0.33950839
0.34827677
0.35263594
0.31501419
0.32247742
0.3262203
0.28531313
0.29152042
0.29466961
0.30067324
0.30814454
0.31183994
0.27973598
0.28613081
0.28932228
0.25389545
0.25922115
0.2619116
0.26634381
0.27253858
0.27559679
0.24883736
0.25418787
0.25685557
0.22663965
0.23112474
0.23339092
0.19802742
0.21414204
0.22560349
0.18923584
0.20320209
0.21285918
0.17872995
0.18841129
0.19595781
0.17805727
0.19053253
0.19896796
0.17129773
0.18232051
0.18958037
0.16286567
0.17065583
0.17647857
0.16059916
0.1677478
0.17333343
0.15558574
0.16207218
0.16702327
0.15010077
0.15509125
0.15937279
0.23378396
0.23868731
0.24112169
0.21992959
0.22423301
0.22639357
0.20172311
0.20538716
0.20725299
0.20516155
0.20894925
0.21085849
0.19507048
0.19848478
0.20022448
0.18108414
0.18407047
0.18561073
0.17766718
0.18048418
0.1819342
0.17098638
0.17359695
0.17495166
0.16291789
0.16531822
0.16657568
