MFEM mesh v1.0

#
# MFEM Geometry Types (see mesh/geom.hpp):
#
# POINT       = 0
# SEGMENT     = 1
# TRIANGLE    = 2
# SQUARE      = 3
# TETRAHEDRON = 4
# CUBE        = 5
#

dimension
3

elements
6
1 5 8 5 10 20 9 6 11 21
1 5 9 6 11 21 4 0 7 12
1 5 16 5 6 15 22 10 11 25
1 5 13 14 2 3 23 24 18 19
1 5 14 15 1 2 24 25 17 18
1 5 15 6 0 1 25 11 7 17

boundary
24
1 3 8 5 6 9
1 3 9 6 0 4
1 3 15 6 5 16
1 3 3 2 14 13
1 3 2 1 15 14
1 3 1 0 6 15
43 3 20 10 5 8
43 3 20 8 9 21
43 3 10 20 21 11
43 3 21 9 4 12
43 3 11 21 12 7
43 3 4 0 7 12
43 3 16 5 10 22
43 3 13 14 24 23
43 3 15 16 22 25
43 3 14 15 25 24
43 3 22 10 11 25
43 3 3 13 23 19
43 3 2 3 19 18
43 3 23 24 18 19
43 3 1 2 18 17
43 3 24 25 17 18
43 3 0 1 17 7
43 3 25 11 7 17

vertices
26

nodes
FiniteElementSpace
FiniteElementCollection: H1_3D_P4
VDim: 3
Ordering: 0

0.57680281
0.30998466
-3.1225023e-17
-0.31000795
0.59718411
0.70710678
0.67220951
0.19396305
0.8867
0.80820096
0.27115431
0.24847343
0.18331332
-0.37298049
-1.3010426e-18
0.37298049
0.39717735
0.063118382
-0.13198986
-0.34167788
0.29620417
0.26996421
0.10812103
-0.35883119
-0.1259328
0.092726462
0.74934527
0.82291871
0.87814748
0.59731092
0.43527811
0.31929255
0.28745865
0.30551306
0.30484845
0.67819209
0.45953412
0.34233435
0.70801595
0.76917225
0.80964612
0.56347554
0.4066831
0.29476763
0.26402452
0.28070425
0.27870447
0.62225357
0.42374963
0.3132938
0.88430061
0.86669473
0.83253318
0.70601727
0.69820254
0.68302929
0.2704517
0.26531138
0.25543471
0.29543704
0.28976694
0.27838473
0.5956796
0.62291904
0.62215427
0.48033016
0.33796809
0.23582439
0.19864298
0.20054484
0.19234645
0.46564011
0.31081708
0.21924159
0.64042801
0.71574907
0.77979086
0.59676332
0.63090058
0.65955636
0.20371461
0.22282701
0.24051992
0.20296434
0.23497843
0.25971675
0.66207707
0.56663459
0.45868172
0.6278812
0.53501952
0.4314642
0.38042078
0.39095644
0.39642918
0.25072743
0.20213432
0.14288406
0.22875039
0.18193156
0.12556927
0.1076396
0.10410054
0.097385245
0.32694084
0.22136018
0.14211567
0.30489766
0.20239339
0.1255841
-0.31218017
-0.19175207
-0.066774181
-2.2551405e-17
-1.6046192e-17
-1.2153229e-17
-0.054840668
-0.15792154
-0.25848698
-0.32278198
-0.34512795
-0.36435579
-0.3196866
-0.24365386
-0.16650804
-0.13042779
-0.12816491
-0.12657291
-0.16880044
-0.2387523
-0.30704892
-0.3421412
-0.34695176
-0.35467616
-0.37114633
-0.36717953
-0.36209601
-0.030262294
-0.076512864
-0.11126456
-0.031416576
-0.08086326
-0.11713807
-0.32941001
-0.34124458
-0.34295148
0.066774181
0.19175207
0.31218017
0.32278198
0.34512795
0.36435579
0.25847359
0.15791786
0.054840668
-0.085782518
-0.011764976
0.058090762
0.067220282
0.076900736
0.087551163
0.032822386
-0.029107859
-0.095651607
0.26013144
0.16636104
0.093938521
0.53530853
0.45101024
0.36016927
0.17761954
0.13927435
0.091317482
0.35319644
0.35593945
0.33695541
0.47736385
0.48267673
0.45778533
0.69248758
0.67781438
0.63060657
0.87605586
0.82127191
0.74808042
0.86070669
0.80919829
0.73880343
0.83090404
0.78581131
0.72081897
0.59627204
0.43439277
0.31853437
0.58864063
0.4279126
0.3129719
0.57391888
0.41545962
0.30229267
0.28673409
0.30475976
0.30407767
0.28143814
0.29922553
0.29836387
0.27123605
0.28844114
0.28703529
0.34147634
0.45847259
0.67648625
0.33515013
0.45067245
0.66398465
0.322542
0.43514883
0.63965625
0.64067338
0.6340379
0.59389566
0.44196174
0.44982781
0.42782151
0.32467502
0.32895168
0.31163053
0.78477495
0.74974496
0.69306443
0.728404
0.70582491
0.65927659
0.66126959
0.65352974
0.6191257
0.55151037
0.39665756
0.28616928
0.52453036
0.37434146
0.26704061
0.49515529
0.35032133
0.24631962
0.25576707
0.27144772
0.26873852
0.23708456
0.24987592
0.24441958
0.21470717
0.22025973
0.21240494
0.3020322
0.40994834
0.60157662
0.27505809
0.37696532
0.55409259
0.24023568
0.33545652
0.49693738
0.49001673
0.50271489
0.49077055
0.32904672
0.34543163
0.34397165
0.23090794
0.24188467
0.24064432
0.43984281
0.54477698
0.63846807
0.45169272
0.55853883
0.65334976
0.45784149
0.56566212
0.6610298
0.38160039
0.47677102
0.5594144
0.26615702
0.34314279
0.40754585
0.17983697
0.24419761
0.2970556
0.52752875
0.44787932
0.35683358
0.38018157
0.31824312
0.24482672
0.27343172
0.22251661
0.16125337
0.31163368
0.32124186
0.32625739
0.2081489
0.21642257
0.22076808
0.13057518
0.13779455
0.14159648
0.14234235
0.20151026
0.25004576
0.13838298
0.19692937
0.24505674
0.13082534
0.18813502
0.23547901
-0.26934696
-0.16473627
-0.057239495
-0.28838346
-0.17671588
-0.061462548
-0.30480318
-0.18708359
-0.065123692
-0.31520293
-0.20482049
-0.09088854
-0.31893416
-0.22443216
-0.12768762
-0.32010098
-0.23830887
-0.15510001
-0.030374732
-0.03060175
-0.03094101
-0.076911776
-0.07789475
-0.079511953
-0.1118596
-0.1133586
-0.11556786
-0.084096006
-0.18338394
-0.28009681
-0.12673569
-0.21360361
-0.29828108
-0.15683178
-0.23219735
-0.30571168
-0.33283611
-0.34777803
-0.36360122
-0.34226783
-0.35016964
-0.36143137
-0.3432889
-0.34885634
-0.35745586
-0.31641656
-0.24199453
-0.16636472
-0.31054631
-0.23926005
-0.16648666
-0.30719665
-0.23826116
-0.16762882
0.057239495
0.16473627
0.26934696
0.061462548
0.17671588
0.28838346
0.065123692
0.18708359
0.30480318
0.030184853
0.14283091
0.25072023
-0.025695589
0.068436129
0.15783293
-0.067849399
0.012278484
0.088003071
0.29713792
0.28076017
0.26482491
0.19595894
0.18269753
0.17088933
0.11997132
0.10854449
0.098041845
0.21278247
0.1188768
0.021062651
0.12732399
0.048392381
-0.035414005
0.061062673
-0.0060105755
-0.077922293
-0.087202154
-0.014674919
0.053682698
-0.090269778
-0.020612511
0.044702507
-0.0936747
-0.026298068
0.036507028
0.37469603
0.46827742
0.55454333
0.40002382
0.49820397
0.58759702
0.42174123
0.52366827
0.61549699
0.45271078
0.38539547
0.30541006
0.31683937
0.26609876
0.2030516
0.21847761
0.17678284
0.12459277
0.11963203
0.1748993
0.22093311
0.10730141
0.15955665
0.20396794
0.096034064
0.14468755
0.18537454
0.69091766
0.67647667
0.62947864
0.47630899
0.48167614
0.45685871
0.35235315
0.35511913
0.33617419
0.67936946
0.66665172
0.62121634
0.46852467
0.47432403
0.45008422
0.34611147
0.34909109
0.33045161
0.65686783
0.64760843
0.60524837
0.45317904
0.46004347
0.43703794
0.33375073
0.33735962
0.31943312
0.62162369
0.61798178
0.58092347
0.42860006
0.43764218
0.41724239
0.3137984
0.31889502
0.30273415
0.57709569
0.58136345
0.55128391
0.39627745
0.40940734
0.39339196
0.28733397
0.29549412
0.28252733
0.52206584
0.53357222
0.51608336
0.35459129
0.37089925
0.36470904
0.25251447
0.26332895
0.25830569
0.38082945
0.47587838
0.55842743
0.37520794
0.46934688
0.55121714
0.36440345
0.45676374
0.53731681
0.26549053
0.34237245
0.40669656
0.26062541
0.33673165
0.40048801
0.25131537
0.32588941
0.38856209
0.1792525
0.24352441
0.29631924
0.17500095
0.23860433
0.29095189
0.1668797
0.22915536
0.28064655
-0.30879975
-0.2008629
-0.089567355
-0.2955001
-0.19266778
-0.086836738
-0.28295638
-0.18498967
-0.08436022
-0.31420901
-0.22171516
-0.1270042
-0.30512357
-0.21662899
-0.12588355
-0.29896046
-0.21354497
-0.12585899
-0.31639616
-0.23635041
-0.15481892
-0.30976271
-0.23308432
-0.15468978
-0.30574871
-0.23163512
-0.15563291
0.028642695
0.13864538
0.24410442
0.025449803
0.12994803
0.2302415
0.022287324
0.12152322
0.21682358
-0.027174707
0.064924089
0.15236436
-0.030272284
0.057803431
0.14120971
-0.033557231
0.051275262
0.13130415
-0.069316385
0.0091509389
0.083226227
-0.072452848
0.0028446759
0.073602511
-0.075953612
-0.0032247394
0.06473568
0.34800986
0.4375372
0.51598247
0.32931177
0.41502298
0.49089947
0.31096122
0.39203739
0.46305515
0.23745947
0.30954094
0.37045716
0.22212976
0.29057369
0.3493037
0.20835117
0.27238129
0.32630711
0.15481643
0.21489918
0.26497313
0.1415914
0.19845444
0.24675856
0.12935009
0.18230093
0.22660627
0.57735027
0.67227043
0.70710678
0.67227043
0.31000795
0.70710678
0.67227043
0.37093401
0.39717735
0.37298049
0.43932695
0.41857316
0.21845228
0.84957113
0.91774188
0.84957113
0.91774188
0.43775954
0.46758567
0.44485559
0.23304203
0.22511841
0.59697122
0.57561662
0.61063762
0.55892108
0.66207707
0.56663459
0.45868172
0.64540109
0.54881177
0.47293736
0.40513992
0.3375144
0.26866474
0.34779971
0.28655065
0.24826847
0.6278812
0.53501952
0.4314642
0.61215467
0.52164231
0.45032057
0.38659168
0.32302303
0.25858824
0.32811467
0.27430146
0.23981836
0.39642918
0.39095644
0.38042078
0.70604267
0.69823377
0.68307557
0.43868007
0.43395344
0.42490777
0.23279266
0.23093637
0.22746703
0.53562341
0.45112133
0.36020918
0.53151106
0.45857524
0.39844885
0.3498866
0.30268408
0.24857135
0.29890385
0.26566553
0.23433475
0.32278198
0.34512795
0.36435579
0.59712124
0.63106638
0.65963981
0.37898351
0.39555948
0.41135334
0.21735311
0.21855505
0.22267877
0.74943575
0.8239692
0.88860063
0.70822101
0.77112957
0.82527783
0.87053063
0.90021342
0.91563372
0.47193998
0.52827048
0.57583119
0.44872591
0.49972072
0.54098167
0.59582899
0.58744569
0.57091939
0.85193836
0.73885679
0.64199706
0.79232189
0.6903003
0.60084245
0.87053063
0.90021342
0.91563372
0.74943575
0.8239692
0.88860063
0.70604267
0.69823377
0.68307557
0.70822101
0.77112957
0.82527783
0.58759421
0.6036558
0.61067272
0.49820751
0.54982815
0.59221937
0.46733572
0.46242214
0.45213207
0.47305683
0.52042921
0.55886828
0.79526143
0.70009654
0.61581707
0.85607408
0.74895258
0.65507636
0.65756996
0.57389986
0.50160709
0.62117599
0.54242898
0.47597826
0.91563372
0.90021342
0.87053063
0.70822101
0.77112957
0.82527783
0.68307557
0.69823377
0.70604267
0.60798126
0.59575625
0.57411168
0.46554712
0.51019678
0.54447267
0.44644599
0.45907283
0.4661879
0.62284484
0.54105344
0.47060224
0.59712124
0.63106638
0.65963981
0.38313373
0.40634548
0.42796573
0.28756204
0.36265575
0.43598953
0.33341563
0.42177037
0.506632
0.40367461
0.5055522
0.59944746
0.45784149
0.56566212
0.6610298
0.45169272
0.55853883
0.65334976
0.43984281
0.54477698
0.63846807
0.64437679
0.54796734
0.47223198
0.63686978
0.5417935
0.46708057
0.62239405
0.52995455
0.45722204
0.40455978
0.33706227
0.26834241
0.40032153
0.33374599
0.26599963
0.39222757
0.32742886
0.2615774
0.24799902
0.28615638
0.34717901
0.24600452
0.28324866
0.34260813
0.24229431
0.27787299
0.33399711
0.38119722
0.47826479
0.56853725
0.31809699
0.40123821
0.48182374
0.27645233
0.34664676
0.41572555
0.42174123
0.52366827
0.61552794
0.40002382
0.49820397
0.58766974
0.37471292
0.46833285
0.55473086
0.60038683
0.51216621
0.44244343
0.57404304
0.49126584
0.42521295
0.5455763
0.46933228
0.40711947
0.38003448
0.31818564
0.25532983
0.36633049
0.30820792
0.24958604
0.35264015
0.30174092
0.2474075
0.23723142
0.27060638
0.32155853
0.23314545
0.26463461
0.30895686
0.2324258
0.2633324
0.29940064
0.34371842
0.4256719
0.49772201
0.30272194
0.37063019
0.4306185
0.26638275
0.3244863
0.37552377
0.84476821
0.78743445
0.72097901
0.8723379
0.81043561
0.73891546
0.8866454
0.82234343
0.74817327
0.82427129
0.76220779
0.68860983
0.71367971
0.6567602
0.58867909
0.61943878
0.56856333
0.50810624
0.65182775
0.7167288
0.76927585
0.55872639
0.62025547
0.66918627
0.48297896
0.53772613
0.58177715
0.81076681
0.83671423
0.85010326
0.70548395
0.72659001
0.73738201
0.61379219
0.63166955
0.64075751
0.57478791
0.52739756
0.4712203
0.56709252
0.52100259
0.46596073
0.55197867
0.50858574
0.45585661
0.72097901
0.73891546
0.74817327
0.78743445
0.81043561
0.82234343
0.84476821
0.8723379
0.8866454
0.81419883
0.84082186
0.8543874
0.71583735
0.73756721
0.74807653
0.62896632
0.64677762
0.6548508
0.82936049
0.76940476
0.69871492
0.72601372
0.67376166
0.61090806
0.63522544
0.58965971
0.53436168
0.65630638
0.6479656
0.63217367
0.57297023
0.5658036
0.55201423
0.50113017
0.49545876
0.4839906
0.65886345
0.72108955
0.77247785
0.57644588
0.63350528
0.67982608
0.50621018
0.5567807
0.59790382
0.57017156
0.58538015
0.5921517
0.5301296
0.54345709
0.54960615
0.481188
0.492546
0.49793234
0.74817327
0.73891546
0.72097901
0.82234343
0.81043561
0.78743445
0.8866454
0.8723379
0.84476821
0.85392803
0.83948622
0.81189147
0.74655746
0.73309465
0.70807528
0.65247214
0.63978196
0.61695036
0.77059661
0.72100241
0.65995632
0.67215173
0.62963216
0.5749901
0.58527166
0.54842036
0.50047247
0.63373129
0.64890943
0.65663792
0.55111943
0.56535741
0.57282718
0.47980025
0.49303206
0.50030709
0.58983972
0.57860103
0.5585897
0.54793432
0.5385852
0.52188285
0.49668025
0.48891634
0.47508914
0.69333656
0.65977922
0.62011882
0.7521652
0.70963766
0.65977922
0.80266349
0.7521652
0.69333656
0.55020992
0.58192784
0.61053435
0.47486459
0.50359039
0.52962832
0.41193555
0.43702606
0.4602205
0.52789816
0.48911689
0.4406535
0.49638672
0.46450242
0.42229191
0.45465174
0.43017511
0.40031948
0.402968
0.50470938
0.59849168
0.33292515
0.42113243
0.50586031
0.28720287
0.36215354
0.43535285
0.39782236
0.49855134
0.5915031
0.32935809
0.41646917
0.50022146
0.28460854
0.35849093
0.43072286
0.38799447
0.48666656
0.57802474
0.32263546
0.40752286
0.48940348
0.27972352
0.35150299
0.42187044
0.37334683
0.46852727
0.55725069
0.31310105
0.39422669
0.47297848
0.27283841
0.34123391
0.40849108
0.35767065
0.44738373
0.53284912
0.30425369
0.37942756
0.45406924
0.26666746
0.33018564
0.39346591
0.34512951
0.42799307
0.5055939
0.30076508
0.36930568
0.43470283
0.26453615
0.32297993
0.37828869
0.82258962
0.76080663
0.68747756
0.81023977
0.7505439
0.67918142
0.78634144
0.7307452
0.66318199
0.71233353
0.65563716
0.58774932
0.70242889
0.64741269
0.58095503
0.68311904
0.63152766
0.56791372
0.61830933
0.56761925
0.50732882
0.6099753
0.56069921
0.50163273
0.59364327
0.5472889
0.49070213
0.79019253
0.81503088
0.82774222
0.7360246
0.75709046
0.76794923
0.67113472
0.6884276
0.69744143
0.69462548
0.71507584
0.7250878
0.64614765
0.66388322
0.6727809
0.58707725
0.60217092
0.60993551
0.61030651
0.62714252
0.63490694
0.56742504
0.5821657
0.58919772
0.51515145
0.52771289
0.53386884
0.82743934
0.81417199
0.788735
0.76788438
0.75695483
0.73592947
0.69757203
0.68885832
0.67196165
0.72390435
0.7116049
0.68859717
0.67215319
0.6620802
0.64310724
0.60969618
0.60150006
0.58594512
0.63291001
0.62127794
0.60021895
0.58785163
0.5782421
0.56074874
0.53292799
0.52498547
0.51053748
0.74943401
0.70026603
0.63898088
0.70343164
0.66308697
0.60970944
0.64623892
0.6146932
0.57580864
0.65274864
0.60685413
0.54832756
0.6135848
0.57612792
0.52485173
0.5623539
0.53350314
0.49699742
0.56770372
0.52631969
0.47428576
0.5338318
0.49987858
0.45445775
0.48899394
0.46291393
0.43077732
0.57735027
0.67227043
0.70710678
0.67227043
0.67227043
-3.1225023e-17
0.31000795
0.36204072
-2.4286129e-17
0.37298049
6.5593208e-17
0.20396961
0.41475441
0.37298049
0.39717735
0.37298049
-2.4286129e-17
0.42824044
0.46185394
0.44195064
8.171394e-17
0.22018368
4.943868e-17
0.24331101
0.25064867
0.23013366
-1.0408341e-17
8.2399365e-18
-1.7018586e-17
-5.5736731e-17
-1.7506299e-17
1.0198599e-17
6.7165461e-17
9.265978e-17
9.3458229e-17
2.7338585e-17
5.930042e-17
1.36597e-16
0.32278198
0.34512795
0.36435579
0.29099422
0.25084148
0.2186143
0.20377861
0.20772185
0.21548699
0.32683969
0.27329733
0.2366211
0.066774181
0.19175207
0.31218017
0.054840668
0.15792154
0.25848698
0.036427225
0.10468126
0.17059347
0.03870308
0.1116067
0.18320953
0.59712124
0.63106638
0.65963981
0.52737352
0.45042681
0.38937375
0.37146812
0.38963884
0.40684311
0.60919191
0.51756107
0.44674376
0.6278812
0.53501952
0.4314642
0.53562341
0.45112133
0.36020918
0.34073645
0.29250438
0.23582297
0.38489153
0.32299562
0.25652682
-1.0408341e-17
8.2399365e-18
-1.7018586e-17
0.32278198
0.34512795
0.36435579
0.31218017
0.19175207
0.066774181
6.5633939e-17
5.8234502e-17
4.0976287e-17
0.20599411
0.2138244
0.22448673
0.040688318
0.11716514
0.19182543
-5.1830611e-17
-1.4288394e-17
8.2417246e-19
0.33901691
0.28758291
0.24782968
0.38042078
0.39095644
0.39642918
0.66207707
0.56663459
0.45868172
0.70604267
0.69823377
0.68307557
0.6278812
0.53501952
0.4314642
0.24608512
0.24995403
0.25123206
0.42975266
0.36341542
0.29094318
0.46222311
0.45834295
0.44887885
0.41187119
0.34975433
0.2815934
0.34445192
0.29867292
0.26089093
0.36405434
0.31178358
0.26974484
0.6553184
0.5690496
0.49589265
0.62019334
0.54023092
0.47320079
0.39642918
0.39095644
0.38042078
0.6278812
0.53501952
0.4314642
0.68307557
0.69823377
0.70604267
0.24915414
0.24380221
0.23547974
0.39832682
0.33557479
0.2675783
0.43749377
0.45137718
0.45979708
0.61859413
0.53235175
0.4608565
0.59712124
0.63106638
0.65963981
0.37321485
0.39592702
0.41794732
7.8532137e-17
7.1212138e-17
5.2765898e-17
5.7053149e-17
-2.2164291e-17
-3.6456491e-17
2.0832437e-17
-1.2728281e-17
-7.9623184e-17
0.065123692
0.061462548
0.057239495
0.18708359
0.17671588
0.16473627
0.30480318
0.28838346
0.26934696
0.051669343
0.044667442
0.039004856
0.14866421
0.12843955
0.11211313
0.24286734
0.20957896
0.18277146
0.036353629
0.036803943
0.037933965
0.10449142
0.10593323
0.10933973
0.17039758
0.173254
0.17934901
0.041547828
0.047898494
0.057795424
0.11983321
0.13820257
0.16642247
0.19681174
0.22717264
0.27244397
0.31887851
0.3047676
0.2927536
0.26658985
0.25582164
0.25028615
0.23115235
0.22244294
0.21805627
0.42174123
0.40002382
0.37471292
0.52366827
0.49820397
0.46833285
0.61552794
0.58766974
0.55473086
0.33708047
0.29030173
0.25281791
0.42085222
0.36126963
0.3139491
0.49357557
0.42227225
0.36617156
0.2359838
0.24137383
0.25091761
0.29317428
0.30272387
0.31617528
0.34520909
0.36131582
0.37722229
0.27583747
0.31881452
0.38012902
0.34764736
0.40251146
0.47705059
0.41456931
0.48044703
0.56688067
0.59680632
0.57015949
0.54178006
0.50720129
0.48522482
0.46235223
0.43799154
0.41920702
0.39948979
0.30480318
0.28838346
0.26934696
0.18708359
0.17671588
0.16473627
0.065123692
0.061462548
0.057239495
-2.4813685e-17
-4.7593101e-17
5.6866105e-17
-1.7660291e-17
-1.0030936e-17
-2.3784331e-17
3.8754523e-17
1.8277446e-17
1.455134e-17
0.29573237
0.31283484
0.33059137
0.25394672
0.26564445
0.28024602
0.22076337
0.2297562
0.24159668
0.28332314
0.17367221
0.060421446
0.23990089
0.14670248
0.050978736
0.20660614
0.12621738
0.043837703
0.039733929
0.038018591
0.036792887
0.11438233
0.10934081
0.10572508
0.187164
0.17854785
0.17231598
0.63846807
0.65334976
0.6610298
0.54477698
0.55853883
0.56566212
0.43984281
0.45169272
0.45784149
0.35065069
0.35944168
0.36375029
0.30307346
0.30932388
0.31201656
0.26408171
0.26860403
0.27025429
0.42097905
0.52160356
0.61184359
0.3612595
0.44962082
0.53005815
0.31296059
0.39057145
0.46153344
0.65434675
0.64647517
0.63104311
0.56871895
0.56252949
0.54950046
0.49606601
0.49147147
0.48085638
0.57931615
0.49377819
0.39840589
0.50378088
0.42847102
0.34548209
0.44116024
0.37478267
0.3018766
0.28501325
0.28981006
0.29151244
0.35459091
0.36127708
0.36389009
0.41809346
0.42663591
0.43013099
0.6610298
0.65334976
0.63846807
0.56566212
0.55853883
0.54477698
0.45784149
0.45169272
0.43984281
0.36296887
0.35707725
0.34640937
0.31036056
0.30435936
0.29430694
0.26823134
0.26259046
0.25363479
0.39303772
0.48964825
0.57752925
0.33409313
0.41828667
0.49565683
0.28814463
0.36128987
0.42880582
0.62981031
0.64567271
0.65406478
0.54301491
0.55854834
0.56732898
0.47066242
0.48523628
0.49389635
0.28930818
0.28328878
0.27375254
0.36161947
0.35460297
0.34317122
0.42781477
0.41993548
0.40695795
0.61552794
0.58766974
0.55473086
0.52366827
0.49820397
0.46833285
0.42174123
0.40002382
0.37471292
0.54556344
0.57707573
0.60597992
0.46569028
0.49392371
0.52040218
0.40174122
0.42630733
0.44993958
0.26087979
0.24810855
0.2384335
0.32724166
0.31009873
0.29585683
0.38856963
0.36828674
0.34761649
0.056424414
0.054061367
0.052007412
0.046829256
0.045234469
0.044534593
0.040643694
0.039372083
0.038862206
0.16243635
0.15556217
0.1496178
0.13503156
0.13024841
0.12807661
0.11717672
0.1133474
0.1117248
0.26583267
0.25429373
0.24444937
0.22170308
0.21320896
0.20910381
0.19230855
0.18546677
0.18227493
0.3707106
0.35401875
0.3396222
0.31076459
0.29757057
0.29018167
0.26931165
0.25862837
0.25263331
0.46561255
0.44349073
0.42377646
0.39279724
0.3743401
0.36154056
0.33978529
0.32479229
0.31422641
0.55432237
0.52904967
0.50167374
0.47003359
0.44897469
0.42777444
0.40589321
0.38840385
0.37070936
0.058855228
0.055633251
0.052565467
0.16920742
0.15999455
0.15120458
0.27616286
0.2612479
0.2469786
0.049676239
0.047186484
0.045240481
0.14294826
0.13573033
0.13007063
0.23375271
0.22173389
0.21224262
0.042767429
0.040831982
0.039396635
0.12310851
0.11744204
0.11322788
0.201435
0.19182112
0.18461739
0.40547552
0.41556955
0.42056292
0.50244785
0.51475649
0.52095751
0.58934123
0.60362626
0.61094281
0.35068324
0.35811684
0.36141354
0.43532328
0.4450322
0.44954923
0.51221161
0.52410611
0.52977483
0.3057569
0.31129642
0.31343242
0.38017617
0.3877542
0.3909089
0.44801838
0.45759434
0.46173287
0.41981283
0.41329319
0.40132896
0.52039812
0.51305779
0.49932552
0.6106653
0.6028212
0.58794455
0.3597359
0.3530824
0.34173094
0.44804524
0.44054045
0.42736199
0.52843739
0.52021925
0.50564512
0.31131838
0.30501266
0.29480627
0.38879784
0.38152036
0.36940545
0.45964786
0.45155023
0.4379243
0.3833704
0.36300681
0.34306996
0.47839681
0.4535051
0.42792186
0.56513938
0.53812197
0.50646143
0.32554476
0.30839264
0.29429791
0.40805864
0.38603964
0.36624626
0.4841259
0.45931854
0.43233736
0.28078767
0.26669362
0.2556505
0.35225143
0.33355263
0.31754507
0.41835607
0.39656669
0.37380261
