MFEM mesh v1.0

#
# MFEM Geometry Types (see mesh/geom.hpp):
#
# POINT       = 0
# SEGMENT     = 1
# TRIANGLE    = 2
# SQUARE      = 3
# TETRAHEDRON = 4
# CUBE        = 5
#

dimension
3

elements
7
1 5 6 12 4 0 8 24 15 7
1 5 12 13 5 4 24 25 14 15
1 5 24 25 14 15 26 27 16 17
1 5 22 23 21 20 28 29 31 30
1 5 23 3 2 21 29 11 10 31
1 5 20 21 19 18 30 31 33 32
1 5 21 2 1 19 31 10 9 33

boundary
30
1 3 0 4 12 6
1 3 4 5 13 12
1 3 20 21 23 22
1 3 21 2 3 23
1 3 18 19 21 20
1 3 19 1 2 21
23 3 0 6 8 7
23 3 3 2 10 11
23 3 2 1 9 10
23 3 6 12 24 8
23 3 12 13 25 24
23 3 4 0 7 15
23 3 8 24 15 7
23 3 13 5 14 25
23 3 5 4 15 14
23 3 24 25 27 26
23 3 15 24 26 17
23 3 25 14 16 27
23 3 14 15 17 16
23 3 26 27 16 17
23 3 22 23 29 28
23 3 23 3 11 29
23 3 20 22 28 30
23 3 28 29 31 30
23 3 29 11 10 31
23 3 18 20 30 32
23 3 19 18 32 33
23 3 30 31 33 32
23 3 1 19 33 9
23 3 31 10 9 33

vertices
34

nodes
FiniteElementSpace
FiniteElementCollection: H1_3D_P4
VDim: 3
Ordering: 0

-0.57735027
0.30998466
-3.1225023e-17
-0.31000795
-0.67227043
-0.70710678
-0.67227043
-0.50181156
-0.56285336
0.063118382
-0.13198986
-0.34167788
-0.84957113
-0.91774188
-0.5930304
-0.56415734
-0.495475
-0.47637389
0.12464717
0.35742227
4.5536491e-18
-2.4286129e-17
-0.39717735
-0.37298049
-0.69847424
-0.74521867
-0.56790914
-0.59803778
-0.38137006
-0.36480918
-0.16007234
-0.14693255
0.011479379
0.042616678
-0.70822101
-0.77112957
-0.82527783
-0.70822101
-0.77112957
-0.82527783
-0.59712124
-0.63106638
-0.65963981
-0.59712124
-0.63106638
-0.65963981
-0.59222802
-0.64142206
-0.68118931
-0.59317006
-0.64187369
-0.6813163
-0.51193129
-0.53332785
-0.55433298
-0.51178795
-0.53274859
-0.55326985
-0.6485931
-0.61247847
-0.57941682
-0.82303509
-0.77264257
-0.72353198
-0.64900361
-0.61345019
-0.58066619
-0.56423363
-0.53884611
-0.51444479
-0.87053063
-0.90021342
-0.91563372
-0.74943575
-0.8239692
-0.88860063
-0.68307557
-0.69823377
-0.70604267
-0.71304858
-0.73338057
-0.743797
-0.62476887
-0.67926621
-0.72504399
-0.59211603
-0.58546773
-0.57287141
-0.88671376
-0.82905214
-0.77349676
-0.68541143
-0.64742617
-0.61140713
-0.57744947
-0.59054243
-0.59714211
-0.51745313
-0.55460319
-0.58496907
-0.49487805
-0.49052079
-0.48218954
-0.49652174
-0.52997348
-0.55655823
-0.67408276
-0.62989663
-0.58854699
-0.71772937
-0.66793663
-0.62132376
-0.57504123
-0.54216655
-0.51107865
-0.54792517
-0.51834327
-0.49039298
-0.39642918
-0.39095644
-0.38042078
-0.066774181
-0.19175207
-0.31218017
-8.6037372e-18
-2.2795351e-17
-1.9515639e-18
-0.071432212
-0.20490947
-0.33291588
-0.38082685
-0.37688296
-0.36964025
-0.32725209
-0.25526002
-0.183783
-0.15953404
-0.15591435
-0.15020639
-0.34214564
-0.26796628
-0.19613208
-0.39667848
-0.3929224
-0.38601301
-0.37354919
-0.37228907
-0.36808969
-0.041991928
-0.098165803
-0.13360411
-0.060639756
-0.11941338
-0.14943831
-0.32278198
-0.34512795
-0.36435579
-0.054840668
-0.15792154
-0.25848698
-1.0408341e-17
8.2399365e-18
-1.7018586e-17
-0.34316238
-0.34996101
-0.35966667
-0.16880044
-0.2387523
-0.30704892
-0.13383333
-0.13823026
-0.14372153
-0.32941001
-0.34124458
-0.34295148
-0.031416576
-0.08086326
-0.11713807
0.30121566
0.18738835
0.066774181
0.14774878
0.26293511
0.34370086
0.11661449
0.10061368
0.071432212
-0.11100089
-0.046215589
0.013418199
0.013009495
0.023055667
0.036364014
-0.125257
-0.065572412
-0.013082399
0.25642348
0.13888271
0.069288107
0.096354296
0.055535868
0.024984853
0.25847359
0.15791786
0.054840668
0.32270389
0.34438715
0.35846631
0.032822386
-0.029107859
-0.095651607
0.060009789
0.054802709
0.047862098
0.26013144
0.16636104
0.093938521
-0.62011882
-0.65977922
-0.69333656
-0.65977922
-0.70963766
-0.7521652
-0.69333656
-0.7521652
-0.80266349
-0.68589105
-0.74826109
-0.80005247
-0.64701994
-0.704899
-0.75201149
-0.61064602
-0.66284241
-0.70512467
-0.80009162
-0.74840238
-0.68618689
-0.75210333
-0.70522874
-0.64771449
-0.70524497
-0.66327102
-0.61154484
-0.63619915
-0.60808349
-0.57821876
-0.60179273
-0.57675055
-0.55101919
-0.5701971
-0.54780111
-0.5249718
-0.57820642
-0.60791777
-0.63587239
-0.55093316
-0.57633517
-0.60100641
-0.52484285
-0.54725194
-0.5691815
-0.58160053
-0.62804386
-0.66530481
-0.55809077
-0.59772097
-0.62834847
-0.53102512
-0.55843681
-0.5823471
-0.72097901
-0.73891546
-0.74817327
-0.78743445
-0.81043561
-0.82234343
-0.84476821
-0.8723379
-0.8866454
-0.84265748
-0.87038638
-0.88474455
-0.7901262
-0.81467109
-0.8273214
-0.73908188
-0.76081576
-0.77197248
-0.85924919
-0.79800145
-0.72656304
-0.80462572
-0.74969679
-0.68495323
-0.75190784
-0.70306989
-0.64511689
-0.68428139
-0.67601976
-0.66015894
-0.64635491
-0.63855834
-0.62373816
-0.61043508
-0.60335695
-0.58994826
-0.69494798
-0.71394731
-0.72371492
-0.65336733
-0.66964867
-0.67810787
-0.6027657
-0.61653887
-0.62377455
-0.68771944
-0.70670163
-0.71640617
-0.64183346
-0.65837419
-0.66679099
-0.59889052
-0.61313755
-0.620345
-0.69890921
-0.65607187
-0.60490009
-0.65152912
-0.61393145
-0.56868009
-0.60714425
-0.57437522
-0.53454749
-0.57418394
-0.56794229
-0.55611279
-0.54141557
-0.53594472
-0.52555162
-0.51043026
-0.50569861
-0.49667537
-0.57523894
-0.62101239
-0.65802084
-0.54260529
-0.58316361
-0.6157991
-0.51188888
-0.54768342
-0.57627965
-0.565549
-0.57788197
-0.58412486
-0.53764655
-0.54836278
-0.55385503
-0.50295161
-0.51206774
-0.51680591
-0.071287575
-0.070230762
-0.068202148
-0.20450132
-0.20151832
-0.19578843
-0.33227387
-0.32757928
-0.31855002
-0.39594938
-0.39062089
-0.38054105
-0.3922546
-0.38740065
-0.37838998
-0.38542407
-0.38116103
-0.37331679
-0.31838949
-0.21020172
-0.099870383
-0.32558949
-0.23524993
-0.14485744
-0.3277605
-0.25028571
-0.17328645
-0.045184194
-0.052450921
-0.059347902
-0.1027277
-0.11173202
-0.11834812
-0.1374161
-0.14424342
-0.14874907
-0.11514983
-0.2263102
-0.3388697
-0.16275012
-0.25172152
-0.34432421
-0.18766071
-0.26441227
-0.34397763
-0.34164523
-0.33805434
-0.33153205
-0.26751745
-0.26434526
-0.25878631
-0.19565416
-0.19238561
-0.18700426
-0.065123692
-0.061462548
-0.057239495
-0.18708359
-0.17671588
-0.16473627
-0.30480318
-0.28838346
-0.26934696
-0.36559046
-0.34896393
-0.33323414
-0.36567324
-0.35270536
-0.34312209
-0.36244996
-0.35185851
-0.34430597
-0.28009681
-0.18338394
-0.084096006
-0.29828108
-0.21360361
-0.12673569
-0.30571168
-0.23219735
-0.15683178
-0.03245588
-0.035352512
-0.039317677
-0.082657349
-0.087449518
-0.094009511
-0.11908648
-0.12383403
-0.12994471
-0.32271961
-0.31434319
-0.30849305
-0.25160372
-0.24501173
-0.24022549
-0.18054652
-0.17487494
-0.1704785
0.13569934
0.22926335
0.29177901
0.11032642
0.15654023
0.18452615
0.071287575
0.070230762
0.068202148
0.014824902
0.11709523
0.21076971
-0.052724824
0.02874571
0.10290277
-0.094977451
-0.025488476
0.038181264
0.23967648
0.18204744
0.11137147
0.12588649
0.092698571
0.061181605
0.060937054
0.042343407
0.027515588
0.081370197
0.045044461
-0.012730381
0.033695318
-0.016340044
-0.07959117
0.00089616369
-0.05147291
-0.11363113
-0.12468269
-0.12069074
-0.11445587
-0.064687075
-0.058806788
-0.050462549
-0.011786068
-0.0033902386
0.0079472017
0.30080151
0.28791467
0.2693007
0.18558472
0.17656051
0.16472272
0.065123692
0.061462548
0.057239495
0.021062651
0.1188768
0.21278247
-0.035414005
0.048392381
0.12732399
-0.077922293
-0.0060105755
0.061062673
0.26067552
0.2664275
0.26474534
0.16325061
0.15826855
0.14838891
0.090284306
0.084505028
0.075978839
-0.1076889
-0.10219626
-0.097691928
-0.04237428
-0.036470073
-0.031586614
0.01811025
0.024698075
0.029917161
-0.67194806
-0.7305083
-0.77891288
-0.6403369
-0.69057679
-0.73060177
-0.604083
-0.6404357
-0.67218111
-0.63438688
-0.68899971
-0.73306275
-0.60636347
-0.65308341
-0.68922073
-0.57403573
-0.60660577
-0.63493407
-0.59939483
-0.64863893
-0.68823436
-0.57435623
-0.6164086
-0.64892704
-0.5456052
-0.57468273
-0.6001056
-0.81837171
-0.84409553
-0.85743214
-0.7636394
-0.78524346
-0.79646447
-0.69862519
-0.71618439
-0.72531955
-0.7683973
-0.79122309
-0.80301863
-0.71886762
-0.7382326
-0.74831576
-0.65904963
-0.67527512
-0.68378642
-0.71977525
-0.74004648
-0.75048769
-0.67549799
-0.69282352
-0.70183605
-0.62175725
-0.63637821
-0.64406485
-0.67079478
-0.68855649
-0.69767113
-0.63180873
-0.64707042
-0.6549892
-0.5842641
-0.59718568
-0.60397104
-0.62700676
-0.64252551
-0.65045385
-0.59267094
-0.60606353
-0.61298607
-0.55055904
-0.56191854
-0.56786609
-0.58601463
-0.59941546
-0.60622324
-0.55597338
-0.56758839
-0.57356141
-0.51883147
-0.52870015
-0.53384505
-0.33820988
-0.33344439
-0.32450589
-0.22573515
-0.22173599
-0.21475015
-0.11436017
-0.10959476
-0.10325442
-0.34370016
-0.33922812
-0.33103819
-0.25112256
-0.24695209
-0.23977604
-0.16195649
-0.15681407
-0.14913073
-0.34343018
-0.33952095
-0.33241311
-0.26390665
-0.26035747
-0.25417792
-0.18708361
-0.18319324
-0.1769484
-0.3114145
-0.29703813
-0.28347222
-0.20517766
-0.1951237
-0.18580069
-0.096550101
-0.090645767
-0.085591317
-0.31970501
-0.3083885
-0.30006447
-0.23052008
-0.22176235
-0.21526987
-0.14071732
-0.13366964
-0.12844268
-0.3227599
-0.31357934
-0.30704891
-0.24621801
-0.23894568
-0.23362869
-0.16963801
-0.16335597
-0.15855888
-0.010290781
0.0012065073
0.011240119
0.052088454
0.084631564
0.10991889
0.093497687
0.15122496
0.19765227
-0.078130743
-0.069200191
-0.057932692
-0.0134867
0.0028805807
0.021222286
0.038303593
0.0642141
0.091964495
-0.11272183
-0.10709717
-0.099162865
-0.050124852
-0.041927711
-0.030892154
0.0029415541
0.015211306
0.030943116
0.017209998
0.01956429
0.020437876
0.1205819
0.1212937
0.11889144
0.21711777
0.21803443
0.21322621
-0.048269275
-0.041867523
-0.037342416
0.034569171
0.041616847
0.046077321
0.11097359
0.11970561
0.12451112
-0.09113055
-0.084959247
-0.080131754
-0.020848623
-0.014026102
-0.0087958598
0.04408693
0.052005333
0.057698351
-0.57735027
0.67227043
0.70710678
0.67227043
-0.31000795
-3.1225023e-17
-0.67227043
-0.39481585
-0.45836192
0.43775954
0.46758567
0.44485559
-0.37298049
-1.3010426e-18
2.030329e-16
-0.23441303
2.2323609e-16
-0.1608673
-1.3010426e-18
0.37298049
1.0842022e-18
0.39717735
-4.7704896e-18
0.37298049
-0.25688057
1.1474624e-16
-0.17478571
1.8554714e-16
1.8591148e-16
0.24437637
1.8559212e-16
0.25398595
2.2596782e-16
0.24029479
-0.6278812
-0.53501952
-0.4314642
-0.32278198
-0.34512795
-0.36435579
-0.53562341
-0.45112133
-0.36020918
-0.59712124
-0.63106638
-0.65963981
-0.4293151
-0.367219
-0.29688218
-0.23651895
-0.24335275
-0.25226486
-0.37649616
-0.32915184
-0.26949932
-0.40525545
-0.4270971
-0.44842567
-0.62694424
-0.55366045
-0.48922588
-0.349983
-0.3100508
-0.27427826
-0.30666509
-0.27990092
-0.24999635
-0.53974077
-0.47714361
-0.42144416
-0.31218017
-0.19175207
-0.066774181
-2.2551405e-17
-1.6046192e-17
-1.2153229e-17
-0.25848698
-0.15792154
-0.054840668
-0.21517327
-0.13229729
-0.046091329
1.7835137e-16
7.5704636e-17
1.0796567e-16
-0.042514507
-0.12176004
-0.19708091
8.888997e-17
3.6371159e-17
7.0230077e-17
5.2759543e-17
9.9154415e-18
6.7476579e-17
-0.14617313
-0.089641156
-0.031184901
2.429096e-16
1.8643684e-16
2.0662888e-16
-0.029134115
-0.083474693
-0.13520491
-0.16214415
-0.16646321
-0.17195521
-0.24049798
-0.21203827
-0.18683894
1.1598724e-16
1.740725e-16
2.0475543e-16
2.2388506e-16
2.3537703e-16
2.1294422e-16
-0.21983434
-0.19424153
-0.17162696
0.066774181
0.19175207
0.31218017
0.39642918
0.39095644
0.38042078
0.071432212
0.20490947
0.33291588
4.98733e-18
4.2961511e-18
8.6672646e-19
0.043729249
0.12557338
0.20448388
0.24730601
0.25169586
0.25388973
0.045349813
0.13020735
0.21223898
1.6069779e-16
1.3156904e-16
1.6661364e-16
5.7824952e-17
1.0956767e-16
1.3405897e-16
0.34483299
0.29949372
0.26190793
0.36675877
0.31589895
0.27345729
7.5286023e-17
9.4685423e-17
1.6497786e-16
0.6278812
0.53501952
0.4314642
0.70604267
0.69823377
0.68307557
0.66207707
0.56663459
0.45868172
0.41438303
0.35159763
0.2828967
0.46733572
0.46242214
0.45213207
0.43483128
0.36757339
0.29452323
0.62117599
0.54242898
0.47597826
0.65756996
0.57389986
0.50160709
0.38042078
0.39095644
0.39642918
0.066774181
0.19175207
0.31218017
-1.9515639e-18
-1.9515639e-18
-2.5410988e-21
0.25331385
0.24996314
0.24415578
0.044398821
0.1259362
0.20206789
2.0512799e-16
2.0534707e-16
2.3070079e-16
0.34637705
0.29990861
0.2593017
1.0166261e-16
1.876163e-16
1.7590238e-16
0.68307557
0.69823377
0.70604267
0.6278812
0.53501952
0.4314642
0.44644599
0.45907283
0.4661879
0.40741123
0.34465139
0.27733837
0.62284484
0.54105344
0.47060224
-0.55473086
-0.46833285
-0.37471292
-0.58766974
-0.49820397
-0.40002382
-0.61552794
-0.52366827
-0.42174123
-0.58706349
-0.50134129
-0.40475325
-0.51846751
-0.44337608
-0.35837442
-0.45831859
-0.39203452
-0.3169871
-0.34222881
-0.32602138
-0.31057155
-0.30391455
-0.29177496
-0.28234295
-0.26918135
-0.25944797
-0.25189887
-0.35500442
-0.44027769
-0.51243379
-0.32262256
-0.3960717
-0.45486893
-0.28761058
-0.35151746
-0.40238492
-0.55454445
-0.58532883
-0.61396407
-0.48980031
-0.51619335
-0.54180927
-0.43244344
-0.45581591
-0.47860404
-0.42031184
-0.36006118
-0.29136715
-0.40167624
-0.34537793
-0.28059298
-0.38317336
-0.33280632
-0.27213379
-0.26934696
-0.16473627
-0.057239495
-0.28838346
-0.17671588
-0.061462548
-0.30480318
-0.18708359
-0.065123692
-0.29302267
-0.18005167
-0.062712163
-0.25969274
-0.15965993
-0.05562472
-0.22976484
-0.14128332
-0.049225592
7.5722511e-17
5.0524384e-17
2.2830434e-17
8.2961724e-17
5.287693e-17
7.3349762e-17
7.4919824e-17
9.1937468e-17
1.2124328e-16
-0.054732731
-0.15730621
-0.25646116
-0.050433462
-0.14464951
-0.23482475
-0.045287969
-0.12973748
-0.2101173
-0.21140128
-0.13007053
-0.045332468
-0.20422884
-0.12590214
-0.043920091
-0.19880782
-0.12278379
-0.042866939
-0.20142726
-0.12381792
-0.043131669
-0.17751197
-0.10903887
-0.037967644
-0.15631554
-0.095920567
-0.033380656
1.4929381e-16
1.4243543e-16
1.5524709e-16
1.8791488e-16
1.7235648e-16
2.1898055e-16
1.8439238e-16
1.7943714e-16
1.8459091e-16
-0.039902606
-0.11425854
-0.18487982
-0.035254266
-0.10095278
-0.1633539
-0.031112063
-0.089120093
-0.14428798
-0.22169958
-0.22806118
-0.2362348
-0.19587312
-0.20137544
-0.20839491
-0.17302002
-0.17773848
-0.18373722
-0.14391135
-0.088356097
-0.030756429
-0.13960267
-0.085951678
-0.029960793
-0.13624439
-0.084082402
-0.029341739
0.071287575
0.20450132
0.33227387
0.070230762
0.20151832
0.32757928
0.068202148
0.19578843
0.31855002
0.061795806
0.17740359
0.28870737
0.053682063
0.15409601
0.25074416
0.046900317
0.13465498
0.21920176
0.35116677
0.36043334
0.36569213
0.30411104
0.31109481
0.3151286
0.26528434
0.2704235
0.27316109
0.30796989
0.19124589
0.067602746
0.26488427
0.16370696
0.057373355
0.2287291
0.14059515
0.049053192
3.9945806e-17
5.8827934e-17
6.7276977e-17
1.0629375e-16
8.6559269e-17
9.2840809e-17
1.5131261e-16
1.7048263e-16
1.3263236e-16
0.04415641
0.12686193
0.20677869
0.044841961
0.12888639
0.2102904
0.045258815
0.13003088
0.21210565
0.45784149
0.56566212
0.6610298
0.45169272
0.55853883
0.65334976
0.43984281
0.54477698
0.63846807
0.39885597
0.49439399
0.5801598
0.34646975
0.42985216
0.50567636
0.30311597
0.376536
0.44355608
0.63217367
0.6479656
0.65630638
0.55201423
0.5658036
0.57297023
0.4839906
0.49545876
0.50113017
0.61392538
0.52360575
0.42331337
0.53445649
0.45353891
0.36521237
0.46663008
0.39485074
0.31681815
0.28649159
0.35666057
0.42090501
0.29183638
0.36395783
0.43017651
0.29444388
0.36745801
0.43462228
0.068202148
0.19578843
0.31855002
0.070230762
0.20151832
0.32757928
0.071287575
0.20450132
0.33227387
0.36658585
0.36234188
0.35311361
0.31566552
0.31229803
0.30510372
0.27292547
0.26959158
0.26347391
0.2922902
0.18608237
0.070363565
0.25387154
0.16238256
0.05939657
0.21869974
0.13725749
0.048950319
8.5630945e-17
4.4737477e-17
6.435289e-17
1.6274573e-16
1.2336219e-16
8.8103091e-17
2.0245119e-16
1.8734129e-16
1.9056992e-16
0.045299916
0.13003564
0.21176462
0.045084453
0.12899964
0.2092703
0.044661734
0.12712177
0.20492559
0.43984281
0.54477698
0.63846807
0.45169272
0.55853883
0.65334976
0.45784149
0.56566212
0.6610298
0.65663792
0.64890943
0.63373129
0.57282718
0.56535741
0.55111943
0.50030709
0.49303206
0.47980025
0.58166193
0.49424699
0.39912947
0.50401144
0.42709862
0.34485613
0.43813736
0.37079592
0.29883584
0.29366431
0.36645285
0.43353305
0.28947647
0.36094143
0.42697169
0.2822042
0.3512599
0.41535764
-0.57490402
-0.49081634
-0.39589085
-0.54917221
-0.46831385
-0.37736664
-0.52165628
-0.4460417
-0.35960582
-0.50764459
-0.43449366
-0.35121757
-0.48509896
-0.41606028
-0.33694498
-0.46271226
-0.40025287
-0.32564537
-0.44864661
-0.38428312
-0.3109381
-0.42884836
-0.36856257
-0.29927044
-0.40903436
-0.35496323
-0.29000858
-0.28643461
-0.17593244
-0.061265123
-0.27275453
-0.16742083
-0.058278759
-0.25976128
-0.15934409
-0.05544771
-0.25456782
-0.15653268
-0.054539726
-0.2445434
-0.15047826
-0.052446269
-0.23684166
-0.14586113
-0.050853445
-0.22557096
-0.13878111
-0.048367886
-0.21768844
-0.13414996
-0.046789423
-0.21166068
-0.1306423
-0.045598072
-0.19795998
-0.12178784
-0.042443057
-0.19142362
-0.11802435
-0.041174901
-0.18639992
-0.11515439
-0.040209911
-0.1745718
-0.10734001
-0.037395746
-0.16900355
-0.1041768
-0.036338181
-0.16468504
-0.10173584
-0.035522603
-0.15382834
-0.094499171
-0.032905157
-0.14910399
-0.09184613
-0.03202416
-0.14542199
-0.089784727
-0.031339285
0.062975397
0.18075351
0.29404648
0.064830157
0.18586406
0.30197932
0.066469388
0.18956651
0.30674558
0.054474628
0.15638331
0.25452893
0.05578137
0.16004403
0.26037905
0.056860049
0.16269899
0.26398882
0.047418381
0.13619671
0.22188129
0.048273233
0.1386731
0.22605716
0.048855088
0.14021477
0.22838433
0.40605702
0.50319391
0.59032345
0.41657639
0.51586077
0.60495299
0.42233049
0.52259886
0.61273232
0.35189414
0.43694978
0.51439265
0.36003036
0.44732477
0.52698966
0.36451525
0.45281926
0.53359058
0.30719872
0.38217654
0.4507265
0.31336847
0.39042124
0.46106669
0.3165461
0.39454496
0.46620771
0.069027644
0.19269423
0.30823502
0.070164219
0.19245239
0.30525835
0.070126379
0.18880016
0.29778279
0.057802053
0.16438656
0.26500935
0.058635856
0.16474455
0.26293855
0.05915472
0.16352164
0.25773808
0.049220479
0.14070316
0.22843618
0.049193238
0.13995111
0.22609816
0.049016732
0.13833454
0.22168189
0.42280786
0.52280785
0.613069
0.41758066
0.51631573
0.60589777
0.40683466
0.50347113
0.59172394
0.36468241
0.45269438
0.53347273
0.36019927
0.44675157
0.52656663
0.35122505
0.43526793
0.5133357
0.31606337
0.39381099
0.46542279
0.31181198
0.38814932
0.4587228
0.30408739
0.37788318
0.44653751
0.57735027
0.67227043
0.70710678
0.67227043
0.67227043
0.70710678
0.31000795
0.39284522
0.23339253
0.42824044
0.46185394
0.44195064
0.37298049
0.39717735
0.48424752
0.45560022
0.32993951
0.31136231
0.91774188
0.84957113
1
0.91774188
0.91774188
0.84957113
0.25571549
0.2701723
0.17346291
0.18216265
0.61371409
0.56997242
0.64614232
0.59957576
0.58040305
0.54440267
0.32278198
0.34512795
0.36435579
0.6278812
0.53501952
0.4314642
0.59712124
0.63106638
0.65963981
0.53562341
0.45112133
0.36020918
0.23546644
0.24225316
0.25112298
0.42688396
0.36534368
0.2954875
0.4031783
0.42476212
0.44581019
0.37462899
0.32758902
0.26829074
0.30642472
0.27927226
0.24908576
0.34968884
0.30930815
0.2732258
0.62616349
0.55176873
0.48666654
0.53916965
0.47581718
0.41963161
0.38042078
0.39095644
0.39642918
0.66207707
0.56663459
0.45868172
0.68307557
0.69823377
0.70604267
0.25998031
0.2663028
0.26970531
0.45294329
0.38682007
0.31240194
0.48334486
0.4767668
0.46427223
0.37190798
0.3280121
0.28897681
0.66283404
0.58591723
0.51730779
0.17604584
0.17985132
0.18188411
0.30845894
0.26267507
0.21118492
0.3293631
0.32514685
0.31704664
0.29162943
0.24903778
0.2008038
0.23925185
0.21071098
0.18550198
0.25252151
0.22200757
0.19505504
0.45321993
0.39967272
0.35248389
0.42643515
0.37630536
0.33230897
0.91563372
0.90021342
0.87053063
0.91563372
0.90021342
0.87053063
0.99744546
0.97878093
0.94295653
0.99744546
0.97878093
0.94295653
0.612391
0.60267304
0.58365285
0.58118992
0.5955756
0.60067267
0.64475025
0.6344852
0.61424887
0.62657076
0.64272849
0.64790968
0.85618723
0.75011215
0.65754281
0.79350674
0.69592376
0.61042442
0.8519602
0.73970671
0.64406137
0.92864585
0.80034803
0.69495367
0.70822101
0.77112957
0.82527783
0.70604267
0.69823377
0.68307557
0.74943575
0.8239692
0.88860063
0.46973924
0.51624223
0.55372698
0.46222311
0.45834295
0.44887885
0.49171042
0.54162967
0.58213856
0.62019334
0.54023092
0.47320079
0.6553184
0.5690496
0.49589265
0.87053063
0.90021342
0.91563372
0.91563372
0.90021342
0.87053063
0.94295653
0.97878093
0.99744546
0.59588916
0.58197579
0.55947685
0.57937045
0.57135729
0.55568435
0.64130222
0.62457008
0.59790658
0.78354073
0.67517407
0.58557829
0.84631272
0.72383693
0.62511386
0.68307557
0.69823377
0.70604267
0.70822101
0.77112957
0.82527783
0.43749377
0.45137718
0.45979708
0.45531071
0.49826979
0.53078725
0.61859413
0.53235175
0.4608565
0.55473086
0.58766974
0.61552794
0.46833285
0.49820397
0.52366827
0.37471292
0.40002382
0.42174123
0.31032039
0.32574996
0.3419416
0.28169202
0.2910842
0.30318927
0.25095738
0.25845985
0.26815115
0.40439473
0.50084008
0.5863855
0.3574764
0.44214051
0.51682428
0.31572261
0.39032068
0.45607614
0.61320884
0.5846317
0.55390036
0.54000804
0.51457263
0.48836632
0.47617762
0.45365005
0.43052009
0.51195655
0.43989941
0.35472491
0.45365808
0.3950857
0.3218766
0.40068593
0.35010902
0.28652996
0.27088762
0.27928953
0.29000633
0.33119699
0.3436789
0.35824818
0.38123743
0.39956035
0.4179886
0.63846807
0.65334976
0.6610298
0.54477698
0.55853883
0.56566212
0.43984281
0.45169272
0.45784149
0.35644226
0.36613379
0.37121358
0.3148922
0.32306578
0.3274154
0.2778657
0.28476246
0.2884664
0.4295093
0.53061506
0.62017941
0.3789495
0.46847201
0.54801295
0.33403288
0.4133624
0.48386225
0.66169682
0.65338697
0.63741008
0.58484559
0.57703109
0.56214112
0.51634169
0.50930519
0.49593944
0.30049718
0.30789618
0.31185656
0.37177782
0.38115074
0.3861362
0.4347239
0.4460985
0.45211726
0.24315735
0.24896587
0.25209108
0.21404534
0.21898858
0.22164283
0.18833164
0.19251161
0.19474803
0.29209928
0.36190781
0.42392179
0.25700471
0.31885392
0.37379433
0.22601008
0.28084803
0.32958565
0.4523766
0.44622988
0.4345465
0.39894003
0.39359387
0.38340181
0.35185551
0.34726196
0.33846382
0.39961624
0.34194891
0.27650956
0.35260099
0.30154637
0.24363834
0.31130215
0.26598875
0.21464332
0.20389962
0.2084438
0.21085298
0.25316541
0.25911777
0.26224667
0.29674266
0.30409086
0.30793238
0.9949051
0.97634361
0.94071385
0.97634361
0.95853051
0.92431526
0.94071385
0.92431526
0.89277756
0.8542537
0.84013147
0.81284642
0.74845888
0.7363407
0.7127717
0.65611397
0.64562745
0.62513986
0.81217498
0.83816876
0.85087783
0.71103576
0.7313156
0.7399827
0.62281217
0.63891909
0.64497955
0.87469252
0.90745348
0.92589163
0.75847453
0.7848115
0.79847491
0.65998417
0.68205659
0.69339614
0.92571758
0.90955439
0.87843148
0.80102979
0.79126469
0.76776045
0.69636762
0.69001736
0.67179537
0.62520489
0.61514261
0.59541916
0.6413128
0.63088092
0.6103858
0.64649452
0.63606057
0.61553415
0.8866454
0.82234343
0.74817327
0.8723379
0.81043561
0.73891546
0.84476821
0.78743445
0.72097901
0.77087611
0.7197656
0.65776352
0.67602437
0.63039086
0.57394701
0.59299269
0.55278166
0.5030377
0.63104311
0.64647517
0.65434675
0.54950046
0.56252949
0.56871895
0.48085638
0.49147147
0.49606601
0.69622871
0.76634757
0.82559827
0.60548815
0.66698249
0.7176238
0.52790763
0.58152674
0.62520188
0.56434625
0.52539906
0.47745792
0.57803523
0.53750592
0.48786941
0.58305048
0.54222161
0.49210718
0.94071385
0.92431526
0.89277756
0.97634361
0.95853051
0.92431526
0.9949051
0.97634361
0.94071385
0.84895356
0.83264817
0.80358239
0.7360621
0.72016229
0.69331457
0.64029408
0.62563
0.60168591
0.80104658
0.82665036
0.84326267
0.68940459
0.71038189
0.7222101
0.59780238
0.61483441
0.62377977
0.86959746
0.90445119
0.92665671
0.74488955
0.77659836
0.79552085
0.64380453
0.67202865
0.69023379
0.6399933
0.63002802
0.6102408
0.62333639
0.61391127
0.59539218
0.59677302
0.58827132
0.57158743
0.84476821
0.78743445
0.72097901
0.8723379
0.81043561
0.73891546
0.8866454
0.82234343
0.74817327
0.65406478
0.64567271
0.62981031
0.56732898
0.55854834
0.54301491
0.49389635
0.48523628
0.47066242
0.65532736
0.7151523
0.76296502
0.56555694
0.61818758
0.65824461
0.48997206
0.53605394
0.57094286
0.57878836
0.53890956
0.48948206
0.5659122
0.5280756
0.48037707
0.54493674
0.51025434
0.46535136
0.35930402
0.37703882
0.39554302
0.44563983
0.46786588
0.49033057
0.52111472
0.54855804
0.57424752
0.32486884
0.33611819
0.35034469
0.39922869
0.41495293
0.43330005
0.4614263
0.48366046
0.5060694
0.28888963
0.29809462
0.30970589
0.35350799
0.3670167
0.3826272
0.40726049
0.42689779
0.44650293
0.41202601
0.42298938
0.42872147
0.50993039
0.52290981
0.52968705
0.59669171
0.61143823
0.61912452
0.36390065
0.37328741
0.37826428
0.45007898
0.46156764
0.46763882
0.52624543
0.53985714
0.54702811
0.3211327
0.32915375
0.33343934
0.39720612
0.40727453
0.41262513
0.46441144
0.47655504
0.48297641
0.28111522
0.28794235
0.29159398
0.34792013
0.35663803
0.36127026
0.40691843
0.41753681
0.4231488
0.2475993
0.25345142
0.25657356
0.30674364
0.31430118
0.31830419
0.3589897
0.3682465
0.37312387
0.21802411
0.22300107
0.2256451
0.27047169
0.27695944
0.28037899
0.31683855
0.32482395
0.32901077
0.87639462
0.86146478
0.83263275
0.90734045
0.89118879
0.86013851
0.92327809
0.90594794
0.87358128
0.76603506
0.75335997
0.72869824
0.78943697
0.77603102
0.74996709
0.79915337
0.78544045
0.75891976
0.67031754
0.65943549
0.63814725
0.68847741
0.67714132
0.65493065
0.69481417
0.68340474
0.66108555
0.78834676
0.73450057
0.66986998
0.81260448
0.75508622
0.68677018
0.82452302
0.76530523
0.69527387
0.69025778
0.64257853
0.58421886
0.70939312
0.65925343
0.59846775
0.71773362
0.66681523
0.60516435
0.60471051
0.5628808
0.51156058
0.62000297
0.57638214
0.52315408
0.62593322
0.58192684
0.52811953
0.923305
0.90369802
0.87139099
0.90118744
0.88310199
0.8535372
0.86663819
0.84952925
0.82237015
0.79374094
0.78032949
0.75443742
0.77484289
0.76170797
0.73726653
0.74314799
0.73080563
0.70864006
0.68864343
0.67745162
0.65589069
0.67053052
0.66020724
0.64018848
0.64245986
0.63299899
0.61481183
0.82299751
0.76435691
0.69473621
0.80825651
0.75243936
0.68529776
0.78154101
0.73046999
0.66767364
0.71439054
0.66449961
0.60357938
0.69989765
0.65270524
0.59398904
0.67514751
0.63221295
0.57710405
0.62181775
0.5788276
0.5257324
0.60830887
0.56757241
0.51635125
0.5860315
0.54877221
0.50059149
