MFEM mesh v1.0

#
# MFEM Geometry Types (see mesh/geom.hpp):
#
# POINT       = 0
# SEGMENT     = 1
# TRIANGLE    = 2
# SQUARE      = 3
# TETRAHEDRON = 4
# CUBE        = 5
#

dimension
3

elements
11
1 5 17 18 21 20 23 24 27 26
1 5 18 19 22 21 24 25 28 27
1 5 20 21 4 3 26 27 6 5
1 5 23 24 27 26 29 30 33 32
1 5 24 25 28 27 30 31 34 33
1 5 26 27 6 5 32 33 9 8
1 5 27 28 7 6 33 34 10 9
1 5 32 33 9 8 14 15 1 0
1 5 33 34 10 9 15 16 2 1
1 5 14 35 36 15 0 11 12 1
1 5 15 36 37 16 1 12 13 2

boundary
36
26 3 4 3 5 6
26 3 6 5 8 9
26 3 7 6 9 10
26 3 9 8 0 1
26 3 0 11 12 1
26 3 10 9 1 2
26 3 1 12 13 2
26 3 20 21 18 17
26 3 21 22 19 18
26 3 3 4 21 20
26 3 17 18 24 23
26 3 18 19 25 24
26 3 20 17 23 26
26 3 19 22 28 25
26 3 22 21 27 28
26 3 3 20 26 5
26 3 21 4 6 27
26 3 6 7 28 27
26 3 23 24 30 29
26 3 24 25 31 30
26 3 26 23 29 32
26 3 29 30 33 32
26 3 25 28 34 31
26 3 30 31 34 33
26 3 5 26 32 8
26 3 28 7 10 34
26 3 32 33 15 14
26 3 33 34 16 15
26 3 8 32 14 0
26 3 34 10 2 16
26 3 15 36 35 14
26 3 16 37 36 15
26 3 14 35 11 0
26 3 35 36 12 11
26 3 36 37 13 12
26 3 37 16 2 13

vertices
38

nodes
FiniteElementSpace
FiniteElementCollection: H1_3D_P4
VDim: 3
Ordering: 0

-0.28933241
-0.20609602
-0.12552145
-0.29059633
-0.20734485
-0.29309622
-0.20785979
-0.12526221
-0.29059633
-0.20734485
-0.12661098
-0.29108888
-0.20835137
-0.12826879
-0.3019618
-0.19962217
-0.10195872
-0.33425364
-0.17780112
-0.031599783
-0.30755019
-0.19875588
-0.095037873
-0.34238802
-0.17672131
-0.022316481
-0.31210537
-0.19861484
-0.090662349
-0.33425364
-0.17780112
-0.031599783
-0.30755019
-0.19875588
-0.095037873
-0.30903013
-0.2020654
-0.10058463
-0.30763853
-0.25638582
-0.20482386
-0.18289696
-0.19061342
-0.19634799
-0.28902614
-0.25341393
-0.21758156
-0.32949468
-0.32049942
-0.3118499
-0.31401995
-0.25965065
-0.20520415
-0.18199078
-0.19003052
-0.19606287
-0.29263432
-0.25540666
-0.21814763
-0.33692872
-0.32670341
-0.31694254
-0.33662636
-0.34018887
-0.34212231
-0.17745516
-0.17698634
-0.17675276
-0.19870522
-0.19864475
-0.19861825
-0.30886809
-0.31086427
-0.31195501
-0.15108031
-0.10175194
-0.054951579
-0.045551292
-0.068157077
-0.086661828
-0.18008155
-0.14536228
-0.11195474
-0.14856027
-0.096517746
-0.047032673
-0.037217733
-0.061511936
-0.081546526
-0.17924294
-0.14317721
-0.10835222
-0.028803783
-0.024748767
-0.022608139
-0.093740589
-0.091826553
-0.090802523
-0.20633334
-0.20396292
-0.20081988
-0.27665981
-0.24952887
-0.22192514
-0.29216009
-0.29691336
-0.30353056
-0.20675539
-0.20418696
-0.20081305
-0.27871518
-0.2508801
-0.22270919
-0.2948306
-0.30015538
-0.30758983
-0.20750394
-0.20772824
-0.20784399
-0.2912758
-0.29237748
-0.29300805
-0.30763853
-0.25638582
-0.20482386
-0.18289696
-0.19061342
-0.19634799
-0.28902614
-0.25341393
-0.21758156
-0.32949468
-0.32049942
-0.3118499
-0.34212231
-0.34018887
-0.33662636
-0.17675276
-0.17698634
-0.17745516
-0.19861825
-0.19864475
-0.19870522
-0.31195501
-0.31086427
-0.30886809
-0.15108031
-0.10175194
-0.054951579
-0.045551292
-0.068157077
-0.086661828
-0.18008155
-0.14536228
-0.11195474
-0.022608139
-0.024748767
-0.028803783
-0.090802523
-0.091826553
-0.093740589
-0.20633334
-0.20396292
-0.20081988
-0.27665981
-0.24952887
-0.22192514
-0.29216009
-0.29691336
-0.30353056
-0.20784399
-0.20772824
-0.20750394
-0.29300805
-0.29237748
-0.2912758
-0.12161034
-0.11191661
-0.098849367
-0.19309214
-0.16551913
-0.13883455
-0.12327735
-0.11445666
-0.10253952
-0.19284437
-0.16582067
-0.13978838
-0.12531327
-0.12567549
-0.12627463
-0.28502009
-0.25171178
-0.21762263
-0.2055515
-0.20386086
-0.20134202
-0.27574469
-0.24872871
-0.22087044
-0.29035934
-0.29366951
-0.29875203
-0.3021024
-0.30365143
-0.30616256
-0.19936607
-0.19902537
-0.19882535
-0.2063092
-0.20675142
-0.20716044
-0.28901548
-0.28903983
-0.2899452
-0.18176939
-0.14875223
-0.11748478
-0.1235515
-0.11736352
-0.1080533
-0.19140861
-0.16417749
-0.13832653
-0.10132012
-0.099179936
-0.096449341
-0.12619886
-0.12697772
-0.12687781
-0.30235239
-0.30439045
-0.3073957
-0.2907455
-0.25567889
-0.22050563
-0.19994383
-0.20070541
-0.20159366
-0.28904598
-0.28922368
-0.29032779
-0.27721972
-0.25024311
-0.22282412
-0.20638705
-0.20715137
-0.20795428
-0.29276155
-0.29778388
-0.30476962
-0.20758765
-0.20582331
-0.20353913
-0.18379412
-0.1498554
-0.11717632
-0.10223722
-0.10190328
-0.1010397
-0.19396354
-0.16716004
-0.14134289
-0.12635171
-0.12765485
-0.12819138
-0.12533089
-0.11749699
-0.10703999
-0.29215516
-0.2543278
-0.21630632
-0.29834982
-0.25579022
-0.2130338
-0.30452857
-0.25649623
-0.20820626
-0.30946914
-0.25729284
-0.20489628
-0.31227141
-0.25872979
-0.20506852
-0.31380625
-0.25953768
-0.20518645
-0.18260607
-0.19042426
-0.19625205
-0.18221269
-0.1901715
-0.19612894
-0.1820171
-0.19004718
-0.19607058
-0.21772634
-0.25396083
-0.29004826
-0.21797713
-0.25483838
-0.2916344
-0.21812617
-0.25533661
-0.2925115
-0.3133313
-0.32231063
-0.33166446
-0.31556177
-0.32502762
-0.33492029
-0.31677571
-0.32650098
-0.33668608
-0.31036127
-0.25950095
-0.20861163
-0.30322819
-0.25835622
-0.21350276
-0.29617651
-0.25650652
-0.2168403
-0.17656122
-0.13980857
-0.10450562
-0.16841124
-0.12727
-0.087936734
-0.15785958
-0.11158313
-0.067569201
-0.15032006
-0.10019877
-0.05258786
-0.1492193
-0.097908355
-0.049122952
-0.14863995
-0.096685904
-0.047285622
-0.043043165
-0.066161005
-0.085133908
-0.039402361
-0.063257245
-0.082898093
-0.037479706
-0.061721277
-0.081708711
-0.11090414
-0.14473545
-0.17983744
-0.1093241
-0.14377658
-0.17947005
-0.10847079
-0.14325039
-0.17927077
-0.15566001
-0.10693938
-0.060487589
-0.16679122
-0.12367773
-0.082342089
-0.17546825
-0.1371659
-0.10025482
-0.2777953
-0.24982007
-0.22136174
-0.28124053
-0.25090103
-0.220165
-0.28607761
-0.25248581
-0.21862688
-0.20081113
-0.20402765
-0.20646154
-0.20080922
-0.20412587
-0.20664581
-0.20081241
-0.20417952
-0.20674219
-0.22214497
-0.24988519
-0.2772054
-0.22248949
-0.25048198
-0.27811421
-0.22268207
-0.25083066
-0.27864042
-0.29289333
-0.29782407
-0.30469769
-0.29406831
-0.29924824
-0.30647661
-0.29473762
-0.30004497
-0.30745509
-0.28930431
-0.25430768
-0.21922366
-0.28384408
-0.25245128
-0.22082287
-0.27997501
-0.25120664
-0.22209619
-0.31380625
-0.25953768
-0.20518645
-0.31227141
-0.25872979
-0.20506852
-0.30946914
-0.25729284
-0.20489628
-0.1820171
-0.19004718
-0.19607058
-0.18221269
-0.1901715
-0.19612894
-0.18260607
-0.19042426
-0.19625205
-0.21812617
-0.25533661
-0.2925115
-0.21797713
-0.25483838
-0.2916344
-0.21772634
-0.25396083
-0.29004826
-0.31677571
-0.32650098
-0.33668608
-0.31556177
-0.32502762
-0.33492029
-0.3133313
-0.32231063
-0.33166446
-0.30452857
-0.25649623
-0.20820626
-0.29834982
-0.25579022
-0.2130338
-0.29215516
-0.2543278
-0.21630632
-0.14863995
-0.096685904
-0.047285622
-0.1492193
-0.097908355
-0.049122952
-0.15032006
-0.10019877
-0.05258786
-0.037479706
-0.061721277
-0.081708711
-0.039402361
-0.063257245
-0.082898093
-0.043043165
-0.066161005
-0.085133908
-0.10847079
-0.14325039
-0.17927077
-0.1093241
-0.14377658
-0.17947005
-0.11090414
-0.14473545
-0.17983744
-0.15785958
-0.11158313
-0.067569201
-0.16841124
-0.12727
-0.087936734
-0.17656122
-0.13980857
-0.10450562
-0.20081241
-0.20417952
-0.20674219
-0.20080922
-0.20412587
-0.20664581
-0.20081113
-0.20402765
-0.20646154
-0.22268207
-0.25083066
-0.27864042
-0.22248949
-0.25048198
-0.27811421
-0.22214497
-0.24988519
-0.2772054
-0.29473762
-0.30004497
-0.30745509
-0.29406831
-0.29924824
-0.30647661
-0.29289333
-0.29782407
-0.30469769
-0.28607761
-0.25248581
-0.21862688
-0.28124053
-0.25090103
-0.220165
-0.2777953
-0.24982007
-0.22136174
-0.19150443
-0.16305354
-0.135561
-0.18766225
-0.1568527
-0.12706792
-0.18254306
-0.14850374
-0.1155942
-0.098968601
-0.11200236
-0.12167029
-0.099840728
-0.11262358
-0.12210123
-0.10145504
-0.11373947
-0.12283729
-0.13887423
-0.16553586
-0.19308754
-0.13914598
-0.165646
-0.19304786
-0.13957421
-0.16578533
-0.19294291
-0.18314569
-0.15026514
-0.11859641
-0.18786698
-0.1579064
-0.12906592
-0.19139194
-0.1635676
-0.13679997
-0.28795821
-0.25286345
-0.21744941
-0.28611765
-0.25199291
-0.2173075
-0.28507343
-0.25162536
-0.21742375
-0.20083865
-0.20389573
-0.20618449
-0.20092699
-0.20378045
-0.2058808
-0.20114337
-0.20376676
-0.20559511
-0.22169469
-0.24918802
-0.27613778
-0.22128312
-0.24872211
-0.27545823
-0.22097373
-0.24863321
-0.27547444
-0.29145809
-0.29599157
-0.30231813
-0.29041172
-0.29447191
-0.30015359
-0.29023447
-0.29371856
-0.29886094
-0.28266044
-0.25098481
-0.21850852
-0.27893204
-0.24977584
-0.21975928
-0.27650497
-0.24899306
-0.22060477
-0.18035039
-0.14603281
-0.1130931
-0.1808905
-0.14728019
-0.11523688
-0.18145523
-0.14832306
-0.1169196
-0.1036962
-0.11518755
-0.12365475
-0.10589605
-0.11640279
-0.12407625
-0.10755741
-0.11712036
-0.1237315
-0.13993512
-0.16579258
-0.1927061
-0.13981385
-0.16545089
-0.19230116
-0.13897512
-0.16468102
-0.19172927
-0.18430621
-0.15277889
-0.12290128
-0.18806914
-0.15882404
-0.13111471
-0.19058979
-0.16286114
-0.13657747
-0.21793411
-0.2187916
-0.21989547
-0.25201815
-0.25313792
-0.25475616
-0.28536742
-0.28698009
-0.28939246
-0.29906387
-0.30076135
-0.30334467
-0.29384547
-0.29487244
-0.29670119
-0.29029511
-0.29065719
-0.29193588
-0.28751091
-0.25436178
-0.22103587
-0.28224127
-0.25219922
-0.22181917
-0.27848343
-0.25070432
-0.22248023
-0.20310505
-0.20229101
-0.20160866
-0.20542849
-0.20467184
-0.20405859
-0.20719571
-0.20642545
-0.20574422
-0.27550959
-0.27566894
-0.27657366
-0.24868158
-0.24899684
-0.24974701
-0.22104018
-0.22163662
-0.222402
-0.11779961
-0.11782881
-0.11742915
-0.14909758
-0.14954233
-0.14978057
-0.1821021
-0.18277265
-0.1834544
-0.18618849
-0.15393116
-0.12284088
-0.18994165
-0.16039262
-0.13193457
-0.19278787
-0.1652379
-0.13873163
-0.10741672
-0.10809567
-0.10829643
-0.1176863
-0.11785474
-0.11759618
-0.12531492
-0.1249891
-0.12400117
-0.19181949
-0.19274991
-0.19359057
-0.16479652
-0.16599485
-0.16685371
-0.13911605
-0.14044879
-0.14116744
-0.30620198
-0.25733131
-0.2082903
-0.29974825
-0.25650302
-0.21314334
-0.29330172
-0.25492967
-0.21643978
-0.3087635
-0.25865378
-0.20847291
-0.30189077
-0.25763226
-0.21335271
-0.29506837
-0.25588861
-0.21667684
-0.31016591
-0.25939697
-0.20859366
-0.30306458
-0.25826733
-0.2134836
-0.29604078
-0.25643057
-0.21681966
-0.15719754
-0.11020821
-0.065458397
-0.1679265
-0.12621272
-0.086275345
-0.17623822
-0.13904035
-0.10325398
-0.15623648
-0.10817558
-0.062359018
-0.16721833
-0.12463958
-0.083825736
-0.17576009
-0.13788215
-0.1013916
-0.15572977
-0.10708897
-0.060714179
-0.16684302
-0.12379431
-0.082521948
-0.17550379
-0.13725295
-0.10039293
-0.28698457
-0.25298213
-0.21878221
-0.28195393
-0.25131454
-0.22034116
-0.27837896
-0.25018601
-0.22156425
-0.28840342
-0.25378455
-0.21904619
-0.28310171
-0.25199862
-0.2206314
-0.2793415
-0.25079805
-0.22188743
-0.28919361
-0.2542432
-0.21920141
-0.28375229
-0.25239522
-0.22079901
-0.27989641
-0.25115601
-0.22207034
-0.31016591
-0.25939697
-0.20859366
-0.30306458
-0.25826733
-0.2134836
-0.29604078
-0.25643057
-0.21681966
-0.3087635
-0.25865378
-0.20847291
-0.30189077
-0.25763226
-0.21335271
-0.29506837
-0.25588861
-0.21667684
-0.30620198
-0.25733131
-0.2082903
-0.29974825
-0.25650302
-0.21314334
-0.29330172
-0.25492967
-0.21643978
-0.15572977
-0.10708897
-0.060714179
-0.16684302
-0.12379431
-0.082521948
-0.17550379
-0.13725295
-0.10039293
-0.15623648
-0.10817558
-0.062359018
-0.16721833
-0.12463958
-0.083825736
-0.17576009
-0.13788215
-0.1013916
-0.15719754
-0.11020821
-0.065458397
-0.1679265
-0.12621272
-0.086275345
-0.17623822
-0.13904035
-0.10325398
-0.28919361
-0.2542432
-0.21920141
-0.28375229
-0.25239522
-0.22079901
-0.27989641
-0.25115601
-0.22207034
-0.28840342
-0.25378455
-0.21904619
-0.28310171
-0.25199862
-0.2206314
-0.2793415
-0.25079805
-0.22188743
-0.28698457
-0.25298213
-0.21878221
-0.28195393
-0.25131454
-0.22034116
-0.27837896
-0.25018601
-0.22156425
-0.18256364
-0.14856385
-0.11569433
-0.18767098
-0.15689177
-0.12713842
-0.1915037
-0.16307637
-0.13560888
-0.18271019
-0.14899522
-0.11641404
-0.18772974
-0.15716691
-0.127638
-0.19149287
-0.16323247
-0.1359422
-0.18297441
-0.14976868
-0.11773146
-0.18782121
-0.15763308
-0.12851963
-0.1914462
-0.16346335
-0.13649326
-0.28514246
-0.25199261
-0.21848055
-0.28052471
-0.25049923
-0.21999247
-0.27723838
-0.24947481
-0.22115352
-0.28356012
-0.25122544
-0.2182996
-0.2794189
-0.24992028
-0.21973946
-0.2764653
-0.24899967
-0.22080903
-0.28269567
-0.25091031
-0.21835111
-0.27893835
-0.24972777
-0.21967978
-0.27638407
-0.24892204
-0.2206072
-0.1833277
-0.15078074
-0.11951365
-0.18790408
-0.1581652
-0.12961427
-0.19130208
-0.16361233
-0.13704464
-0.18368413
-0.15170755
-0.12119852
-0.18792632
-0.15850726
-0.13045394
-0.19104011
-0.16348417
-0.13720876
-0.18406532
-0.15245287
-0.12246747
-0.18795953
-0.15867887
-0.13091109
-0.19067271
-0.16300845
-0.13675865
-0.28293363
-0.28426683
-0.28633158
-0.25122726
-0.25215941
-0.25355278
-0.21876236
-0.21950635
-0.22048768
-0.27908663
-0.27988268
-0.28134213
-0.24992527
-0.2505312
-0.25156376
-0.21993698
-0.220528
-0.22135361
-0.2764551
-0.27674882
-0.27778645
-0.24901838
-0.24937191
-0.25018268
-0.22073642
-0.22128997
-0.22205334
-0.18458616
-0.18521032
-0.18586368
-0.15307631
-0.1535379
-0.15383138
-0.12317642
-0.12329313
-0.123033
-0.18828718
-0.18892403
-0.18961489
-0.15907383
-0.15970601
-0.16021585
-0.13136433
-0.13183118
-0.13197629
-0.19084312
-0.19165138
-0.19242946
-0.16322084
-0.16422406
-0.1649639
-0.13701098
-0.13806815
-0.13860771
-0.15787405
-0.16024011
-0.15297542
-0.17173982
-0.17469473
-0.1778934
-0.18108258
-0.17189891
-0.17173982
-0.17469473
-0.16622039
-0.08932113
-0.089606109
-0.086649793
-0.2121121
-0.21778967
-0.20459288
-0.39093676
-0.40977066
-0.37426538
-0.26614876
-0.27553742
-0.25565524
-0.41982036
-0.44101741
-0.39908046
-0.28179071
-0.29246313
-0.26979576
-0.39093676
-0.40977066
-0.37426538
-0.26614876
-0.27553742
-0.25565524
-0.11564168
-0.11722119
-0.11113265
-0.39806871
-0.40712513
-0.41038045
-0.38286857
-0.33658783
-0.29548759
-0.26996425
-0.27459223
-0.27601861
-0.36591551
-0.32284856
-0.28465257
-0.42802472
-0.43832931
-0.44186317
-0.41145051
-0.36035883
-0.31471456
-0.28613446
-0.2914
-0.29301807
-0.39231907
-0.34477791
-0.30239179
-0.4000459
-0.41260019
-0.41895722
-0.41967974
-0.43325433
-0.44009249
-0.28098108
-0.28832361
-0.29197013
-0.27116281
-0.27794939
-0.28133136
-0.40754079
-0.39886588
-0.3843119
-0.35018902
-0.30915063
-0.27307144
-0.2742016
-0.26932878
-0.26126161
-0.43829298
-0.42795781
-0.41082869
-0.37308381
-0.32850325
-0.28898462
-0.29093655
-0.28536908
-0.27617204
-0.38217166
-0.39294505
-0.39834785
-0.2602218
-0.26635222
-0.26938448
-0.19087838
-0.22272366
-0.25653043
-0.17302545
-0.17462063
-0.1750026
-0.18707752
-0.21703984
-0.24848958
-0.1986606
-0.23363549
-0.27127906
-0.17928634
-0.18101015
-0.18141823
-0.194511
-0.22728945
-0.26216525
-0.17664712
-0.17943344
-0.18088371
-0.17361208
-0.17629636
-0.17770026
-0.39806871
-0.40712513
-0.41038045
-0.38286857
-0.33658783
-0.29548759
-0.26996425
-0.27459223
-0.27601861
-0.36591551
-0.32284856
-0.28465257
-0.41895722
-0.41260019
-0.4000459
-0.44009249
-0.43325433
-0.41967974
-0.29197013
-0.28832361
-0.28098108
-0.28133136
-0.27794939
-0.27116281
-0.40754079
-0.39886588
-0.3843119
-0.35018902
-0.30915063
-0.27307144
-0.2742016
-0.26932878
-0.26126161
-0.39834785
-0.39294505
-0.38217166
-0.26938448
-0.26635222
-0.2602218
-0.19087838
-0.22272366
-0.25653043
-0.17302545
-0.17462063
-0.1750026
-0.18707752
-0.21703984
-0.24848958
-0.18088371
-0.17943344
-0.17664712
-0.17770026
-0.17629636
-0.17361208
-0.18777211
-0.21880042
-0.2514869
-0.18036233
-0.17796474
-0.17429269
-0.18090119
-0.20937104
-0.23903663
-0.17403034
-0.17181754
-0.16842906
-0.17172178
-0.17043302
-0.16795714
-0.2144077
-0.21729916
-0.21816563
-0.16684028
-0.18376326
-0.20503615
-0.15890144
-0.1602153
-0.16052066
-0.1640703
-0.18008482
-0.20011479
-0.22486528
-0.2450148
-0.25997754
-0.23129971
-0.25274052
-0.26887354
-0.16254773
-0.16760119
-0.17245207
-0.16007141
-0.16493679
-0.16958679
-0.21683356
-0.21346292
-0.2081335
-0.1588552
-0.17409356
-0.19315145
-0.1596477
-0.1577054
-0.15480541
-0.21686899
-0.23603111
-0.24998165
-0.15512184
-0.15981266
-0.16420906
-0.19792824
-0.16767692
-0.13426945
-0.11634773
-0.11728615
-0.11747761
-0.20283796
-0.17115331
-0.13641846
-0.1494404
-0.12834948
-0.10343814
-0.089498169
-0.08977829
-0.089774343
-0.15133533
-0.12950788
-0.1039655
-0.091962585
-0.099251318
-0.10931517
-0.092379633
-0.10004409
-0.11060583
-0.11670989
-0.11505659
-0.11263486
-0.19087314
-0.16151631
-0.12913456
-0.08931616
-0.08845075
-0.08729591
-0.14488134
-0.12450513
-0.10035198
-0.089112209
-0.095872639
-0.10522736
-0.28901312
-0.29432017
-0.29600401
-0.32824936
-0.33493362
-0.33716083
-0.37242363
-0.38061251
-0.38347782
-0.40753888
-0.41699867
-0.42035576
-0.42055215
-0.43055624
-0.43403282
-0.42713413
-0.43740284
-0.44093077
-0.39196142
-0.34419622
-0.30167627
-0.40437403
-0.35451343
-0.31001266
-0.41060888
-0.35966436
-0.31415729
-0.28148373
-0.27999369
-0.2751611
-0.28885766
-0.28728435
-0.28217256
-0.29252303
-0.29090978
-0.28566268
-0.29034323
-0.32983884
-0.37427291
-0.29803608
-0.33936011
-0.38574479
-0.30187369
-0.34413206
-0.3915346
-0.39979909
-0.40912446
-0.41225908
-0.35097134
-0.35859387
-0.36107061
-0.3073726
-0.31342284
-0.31532342
-0.29400448
-0.28852244
-0.27941451
-0.33480549
-0.32809571
-0.31690717
-0.38078794
-0.37279462
-0.3594261
-0.41730881
-0.40813374
-0.39277905
-0.43066498
-0.42076421
-0.40428371
-0.43738548
-0.42710193
-0.41005104
-0.35750564
-0.31537241
-0.27821633
-0.36744221
-0.32376706
-0.28511143
-0.37241148
-0.32793937
-0.28852453
-0.26608812
-0.27450892
-0.27959133
-0.27254801
-0.28146331
-0.28684929
-0.27574149
-0.28490453
-0.29045053
-0.40894048
-0.39948806
-0.38383808
-0.35825605
-0.35042649
-0.33745757
-0.31300084
-0.30668851
-0.29623942
-0.18871062
-0.19070089
-0.19121291
-0.21941871
-0.22230122
-0.22311271
-0.25180659
-0.25578761
-0.25698095
-0.26128367
-0.22618627
-0.19330447
-0.26767101
-0.23092439
-0.19668662
-0.27085153
-0.23331183
-0.19842443
-0.17696264
-0.17657143
-0.17493502
-0.17976099
-0.17935833
-0.17766525
-0.18121846
-0.1808109
-0.17909074
-0.18938275
-0.2202779
-0.25288146
-0.19261499
-0.22472952
-0.25880476
-0.19428275
-0.22698234
-0.26176531
-0.26592255
-0.2704337
-0.27178914
-0.22994196
-0.23315574
-0.23406564
-0.19629774
-0.19846894
-0.19902694
-0.42713413
-0.43740284
-0.44093077
-0.42055215
-0.43055624
-0.43403282
-0.40753888
-0.41699867
-0.42035576
-0.41060888
-0.35966436
-0.31415729
-0.40437403
-0.35451343
-0.31001266
-0.39196142
-0.34419622
-0.30167627
-0.29252303
-0.29090978
-0.28566268
-0.28885766
-0.28728435
-0.28217256
-0.28148373
-0.27999369
-0.2751611
-0.30187369
-0.34413206
-0.3915346
-0.29803608
-0.33936011
-0.38574479
-0.29034323
-0.32983884
-0.37427291
-0.37242363
-0.38061251
-0.38347782
-0.32824936
-0.33493362
-0.33716083
-0.28901312
-0.29432017
-0.29600401
-0.43738548
-0.42710193
-0.41005104
-0.43066498
-0.42076421
-0.40428371
-0.41730881
-0.40813374
-0.39277905
-0.37241148
-0.32793937
-0.28852453
-0.36744221
-0.32376706
-0.28511143
-0.35750564
-0.31537241
-0.27821633
-0.27574149
-0.28490453
-0.29045053
-0.27254801
-0.28146331
-0.28684929
-0.26608812
-0.27450892
-0.27959133
-0.38078794
-0.37279462
-0.3594261
-0.33480549
-0.32809571
-0.31690717
-0.29400448
-0.28852244
-0.27941451
-0.27085153
-0.23331183
-0.19842443
-0.26767101
-0.23092439
-0.19668662
-0.26128367
-0.22618627
-0.19330447
-0.18121846
-0.1808109
-0.17909074
-0.17976099
-0.17935833
-0.17766525
-0.17696264
-0.17657143
-0.17493502
-0.19428275
-0.22698234
-0.26176531
-0.19261499
-0.22472952
-0.25880476
-0.18938275
-0.2202779
-0.25288146
-0.25180659
-0.25578761
-0.25698095
-0.21941871
-0.22230122
-0.22311271
-0.18871062
-0.19070089
-0.19121291
-0.19783833
-0.19504133
-0.19067819
-0.23257797
-0.22885867
-0.22287765
-0.26993138
-0.26505628
-0.25705059
-0.25112618
-0.2185202
-0.18756256
-0.24845224
-0.21646218
-0.18603026
-0.24306397
-0.21236962
-0.18304429
-0.17411074
-0.17777397
-0.18016555
-0.1727825
-0.17638171
-0.17872906
-0.17022689
-0.17370135
-0.17596752
-0.25533816
-0.25103437
-0.243961
-0.22176843
-0.21842055
-0.21303988
-0.19012333
-0.18756027
-0.18356208
-0.26359981
-0.2679832
-0.26933633
-0.24813778
-0.25198026
-0.25316538
-0.22746797
-0.23070627
-0.23169206
-0.25077415
-0.21850443
-0.18812198
-0.23659802
-0.20837887
-0.18163066
-0.21747859
-0.1939165
-0.17355921
-0.17275295
-0.17238125
-0.17083335
-0.16789005
-0.16754136
-0.16608986
-0.16282932
-0.16250626
-0.16114303
-0.18444006
-0.21306839
-0.24313865
-0.17823792
-0.20352123
-0.22993616
-0.17044482
-0.189734
-0.21188855
-0.20213868
-0.20466742
-0.20539638
-0.18162758
-0.18357001
-0.18408901
-0.165257
-0.16676401
-0.16713415
-0.26760053
-0.26295987
-0.25530569
-0.251588
-0.2474282
-0.2406607
-0.23027356
-0.2266223
-0.22078931
-0.2340873
-0.20566256
-0.17843063
-0.22170847
-0.1966328
-0.17254741
-0.20449482
-0.18339818
-0.16502236
-0.16635343
-0.16964686
-0.17180408
-0.16181348
-0.16492476
-0.16698087
-0.15700614
-0.15997098
-0.16194767
-0.20415957
-0.20110813
-0.19632446
-0.18301943
-0.18049584
-0.17661733
-0.16620188
-0.16408517
-0.16089297
-0.20319814
-0.1714808
-0.13670233
-0.20245775
-0.17098314
-0.13641976
-0.19992393
-0.16912737
-0.13519298
-0.1868277
-0.15841755
-0.12688143
-0.16865433
-0.14330273
-0.11507612
-0.15429819
-0.13206047
-0.10650026
-0.10990701
-0.11069601
-0.1108422
-0.099638609
-0.10017525
-0.10024636
-0.092196386
-0.092542063
-0.092557078
-0.12866442
-0.16136566
-0.19105171
-0.11623644
-0.14536012
-0.1717669
-0.10719226
-0.13343369
-0.15652613
-0.150287
-0.12889769
-0.10371415
-0.15137361
-0.12962368
-0.10412745
-0.15160314
-0.12973951
-0.10415609
-0.19404409
-0.16402083
-0.13095848
-0.19887051
-0.16788901
-0.13387073
-0.20195347
-0.17041078
-0.13582361
-0.11014626
-0.10867543
-0.10654218
-0.099669551
-0.098502134
-0.096856478
-0.092068052
-0.091125245
-0.089845134
-0.12221173
-0.15276967
-0.18030977
-0.11119312
-0.13853639
-0.1630605
-0.10320932
-0.12798099
-0.14945527
-0.15079617
-0.12906702
-0.10362375
-0.14905002
-0.12768268
-0.10258674
-0.1464849
-0.12570561
-0.10116523
-0.38110953
-0.38966532
-0.39262703
-0.33550944
-0.34249575
-0.34480899
-0.29491735
-0.30046303
-0.3022196
-0.39299692
-0.40204849
-0.40512598
-0.34536902
-0.352765
-0.35518597
-0.30287424
-0.30874497
-0.31059545
-0.39899003
-0.40828265
-0.41141127
-0.35030586
-0.35790124
-0.360372
-0.30683972
-0.31286841
-0.31476358
-0.38975815
-0.38132416
-0.36724465
-0.3423223
-0.33527338
-0.32352811
-0.30012765
-0.29439424
-0.28486626
-0.40198106
-0.39290955
-0.37783275
-0.35249785
-0.34495991
-0.33243646
-0.30836191
-0.30226596
-0.2921515
-0.40811401
-0.3987068
-0.38312592
-0.35757298
-0.34977796
-0.33686273
-0.31245193
-0.30616515
-0.29575639
-0.25635366
-0.26050486
-0.26175194
-0.22275522
-0.22574354
-0.22658753
-0.19107369
-0.19312106
-0.19364889
-0.26246314
-0.26684682
-0.2681643
-0.22732185
-0.23045604
-0.23134288
-0.1943689
-0.19649641
-0.19704411
-0.26551296
-0.27000874
-0.27136014
-0.22962933
-0.23283347
-0.233741
-0.19606729
-0.19823304
-0.19879015
-0.39899003
-0.40828265
-0.41141127
-0.35030586
-0.35790124
-0.360372
-0.30683972
-0.31286841
-0.31476358
-0.39299692
-0.40204849
-0.40512598
-0.34536902
-0.352765
-0.35518597
-0.30287424
-0.30874497
-0.31059545
-0.38110953
-0.38966532
-0.39262703
-0.33550944
-0.34249575
-0.34480899
-0.29491735
-0.30046303
-0.3022196
-0.40811401
-0.3987068
-0.38312592
-0.35757298
-0.34977796
-0.33686273
-0.31245193
-0.30616515
-0.29575639
-0.40198106
-0.39290955
-0.37783275
-0.35249785
-0.34495991
-0.33243646
-0.30836191
-0.30226596
-0.2921515
-0.38975815
-0.38132416
-0.36724465
-0.3423223
-0.33527338
-0.32352811
-0.30012765
-0.29439424
-0.28486626
-0.26551296
-0.27000874
-0.27136014
-0.22962933
-0.23283347
-0.233741
-0.19606729
-0.19823304
-0.19879015
-0.26246314
-0.26684682
-0.2681643
-0.22732185
-0.23045604
-0.23134288
-0.1943689
-0.19649641
-0.19704411
-0.25635366
-0.26050486
-0.26175194
-0.22275522
-0.22574354
-0.22658753
-0.19107369
-0.19312106
-0.19364889
-0.26950973
-0.2646522
-0.2566746
-0.23225835
-0.22855065
-0.222588
-0.19760504
-0.19481535
-0.19046371
-0.26636625
-0.26164079
-0.2538675
-0.22989567
-0.22627516
-0.22044511
-0.19588373
-0.19314976
-0.1888799
-0.26004806
-0.25557206
-0.24820697
-0.22520331
-0.22174541
-0.2161791
-0.19253197
-0.18990028
-0.1857912
-0.24629906
-0.25007759
-0.25121098
-0.21535159
-0.21810808
-0.21888426
-0.18602961
-0.18795381
-0.18845083
-0.23267566
-0.23600822
-0.23700369
-0.2055459
-0.20803894
-0.20873798
-0.17968897
-0.18148108
-0.18194382
-0.21419403
-0.217024
-0.21785662
-0.1914861
-0.19365969
-0.19425638
-0.17178744
-0.17344133
-0.17386408
-0.24963328
-0.24551702
-0.23878233
-0.21758243
-0.21435304
-0.20918755
-0.1873884
-0.18489328
-0.18101769
-0.235554
-0.23182889
-0.22582194
-0.20751552
-0.2045208
-0.19979601
-0.18093091
-0.17856791
-0.17493309
-0.21654147
-0.21324047
-0.20801467
-0.19312306
-0.19040373
-0.18618245
-0.17289338
-0.17065292
-0.16724657
-0.18857347
-0.15967114
-0.12766393
-0.19077807
-0.16126804
-0.12870515
-0.19139486
-0.16167374
-0.12892754
-0.1699725
-0.14420862
-0.11560931
-0.17164739
-0.14537376
-0.11633927
-0.17207626
-0.14563231
-0.11646382
-0.15527128
-0.13269628
-0.10684478
-0.15652189
-0.13352801
-0.10733995
-0.15680509
-0.1336767
-0.10739263
-0.19024241
-0.16069107
-0.12812789
-0.18745877
-0.15842814
-0.12638643
-0.18313866
-0.15498807
-0.12381339
-0.17108268
-0.14479941
-0.11579645
-0.16878888
-0.14296937
-0.11440619
-0.16530212
-0.14025199
-0.11240508
-0.15594484
-0.13296207
-0.10682452
-0.15404694
-0.13146615
-0.10569605
-0.15122746
-0.12930644
-0.10412485
0.15633221
0.15834916
0.1509312
-0.088288133
-0.08837315
1.4467211e-16
1.7535273e-16
1.7030761e-16
0.088288133
0.08837315
0.085226585
0.17002888
0.17256831
0.16401453
0.21027127
0.21539192
0.20189501
-0.16477615
-0.16793162
-0.15542841
-0.11461186
-0.11597792
-0.10949097
1.3462974e-16
9.2694312e-17
1.8571576e-16
1.6260622e-16
1.6724571e-16
1.6744202e-16
0.16477615
0.16793162
0.15542841
0.11461186
0.11597792
0.10949097
0.26348491
0.27180783
0.2519537
-0.16621258
-0.16809829
-0.16846276
-0.15717609
-0.138938
-0.12326776
-0.11530526
-0.11619096
-0.11629388
-0.15437647
-0.13673477
-0.12161723
1.483953e-16
1.0033326e-16
1.320599e-16
1.4052128e-16
1.3898698e-16
1.5556963e-16
1.4026841e-16
1.375213e-16
1.4830113e-16
9.7341043e-17
9.3955297e-17
1.3377747e-16
-0.13768385
-0.084357888
-0.029337381
-0.13992183
-0.085365897
-0.029619205
-0.096549106
-0.058829166
-0.02039887
-0.095629906
-0.058470928
-0.020313987
-0.16688257
-0.16349242
-0.15851665
-0.14587397
-0.12972903
-0.11590641
-0.11539989
-0.11360684
-0.11104982
9.9654625e-17
1.62745e-16
2.2272969e-16
1.5717466e-16
1.5899586e-16
1.4754123e-16
1.4486038e-16
1.6636433e-16
1.6304585e-16
-0.12956698
-0.079119585
-0.027468621
-0.09127057
-0.055728434
-0.019347137
-0.091145528
-0.098820992
-0.10937932
-0.088443379
-0.088664497
-0.088584936
-0.090931252
-0.098225943
-0.10828945
1.4501368e-16
1.4350641e-16
1.4632674e-16
1.3738805e-16
1.4879552e-16
1.5920666e-16
1.2483833e-16
1.1913603e-16
1.2905193e-16
-0.073707292
-0.045020067
-0.015627588
-0.073786166
-0.045208168
-0.015720639
0.16621258
0.16809829
0.16846276
0.15717609
0.138938
0.12326776
0.11530526
0.11619096
0.11629388
0.15437647
0.13673477
0.12161723
0.029337381
0.084357888
0.13768385
0.029619205
0.085365897
0.13992183
0.02039887
0.058829166
0.096549106
0.020313987
0.058470928
0.095629906
0.16688257
0.16349242
0.15851665
0.14587397
0.12972903
0.11590641
0.11539989
0.11360684
0.11104982
0.027468621
0.079119585
0.12956698
0.019347137
0.055728434
0.09127057
0.091145528
0.098820992
0.10937932
0.088443379
0.088664497
0.088584936
0.090931252
0.098225943
0.10828945
0.015627588
0.045020067
0.073707292
0.015720639
0.045208168
0.073786166
1.8818063e-16
1.6922054e-16
1.7944071e-16
1.5709414e-16
1.6951544e-16
1.7610978e-16
0.087678157
0.094422423
0.10368831
0.088039214
0.087096214
0.085885446
0.015159734
0.043606893
0.071206852
0.2124856
0.21519722
0.21586872
0.16492683
0.18172914
0.20279254
0.15730806
0.15850799
0.15869135
0.16251333
0.17845382
0.19836022
0.19621657
0.16621894
0.13308542
0.20065069
0.16934768
0.13498059
0.14949288
0.12784651
0.10256584
0.14793015
0.12697354
0.10226924
0.21434171
0.21082808
0.20542964
0.15679279
0.17189628
0.19067775
0.15770081
0.15567851
0.15274988
0.18833318
0.15928932
0.12727359
0.14287429
0.1226508
0.098752812
0.22289799
0.24278426
0.25746065
0.26711483
0.27137338
0.27244767
0.22868636
0.24968568
0.26536697
0.1585138
0.16332563
0.16791081
0.17124709
0.17270107
0.1729425
0.1606291
0.1656049
0.17036992
0.18524811
0.21494763
0.24605043
0.1885493
0.21994794
0.2531775
0.27034474
0.2653544
0.25739355
0.21401157
0.23284839
0.24645587
0.17184758
0.16956821
0.16618471
0.15305574
0.15769285
0.16203264
0.17851609
0.20659012
0.23571299
-0.12243204
-0.12347232
-0.12361469
-0.13778363
-0.1391335
-0.13935267
-0.15567201
-0.15735991
-0.15766688
-0.13875967
-0.1401832
-0.1403952
-0.084913466
-0.08564224
-0.085685541
-0.029510821
-0.029737472
-0.029735618
-0.13092632
-0.11568269
-0.10260825
-0.079845788
-0.070500772
-0.062513277
-0.027697476
-0.024446891
-0.021674102
-0.0968223
-0.096780335
-0.096129074
-0.059006913
-0.059023137
-0.058709346
-0.020462498
-0.020476669
-0.020383821
-0.10147337
-0.11413786
-0.12894758
-0.062041949
-0.06982412
-0.078961643
-0.021553288
-0.024262959
-0.027452176
1.1008647e-16
1.1456935e-16
1.1286678e-16
8.0634846e-17
1.1549293e-16
1.2309598e-16
1.3958737e-16
1.2203967e-16
1.2359941e-16
-0.12262257
-0.12060052
-0.11769252
-0.13814679
-0.13563408
-0.13198386
-0.15621937
-0.15314771
-0.14865641
-0.13902198
-0.13618064
-0.13207252
-0.084796141
-0.083051265
-0.080592019
-0.029417373
-0.028811104
-0.027967663
-0.12159523
-0.10812253
-0.096599416
-0.074242058
-0.065998185
-0.058965495
-0.025772779
-0.022907401
-0.020467112
-0.092507149
-0.094581978
-0.096061943
-0.056430531
-0.057639535
-0.058528311
-0.019580255
-0.01998856
-0.02029359
1.2114421e-16
1.6033995e-16
1.6255259e-16
1.4345779e-16
1.7411564e-16
1.5670189e-16
1.5803003e-16
1.4291712e-16
1.4784845e-16
-0.091143298
-0.091429875
-0.091367836
-0.098595357
-0.099076936
-0.09907042
-0.10886754
-0.10960473
-0.10966889
-0.09107364
-0.082367556
-0.076042724
-0.055514343
-0.050277361
-0.046462697
-0.019253574
-0.017448774
-0.016131638
-0.073887618
-0.073980844
-0.073857806
-0.045135145
-0.045218611
-0.045203513
-0.015668386
-0.015702995
-0.015709449
-0.076017355
-0.082046052
-0.090366909
-0.046591535
-0.050244308
-0.055270357
-0.016204982
-0.017469395
-0.01920555
1.3632118e-16
1.2345811e-16
1.5104357e-16
1.2562847e-16
1.6172442e-16
1.4937428e-16
1.2881992e-16
1.4384947e-16
1.4192244e-16
0.029510821
0.029737472
0.029735618
0.084913466
0.08564224
0.085685541
0.13875967
0.1401832
0.1403952
0.027697476
0.024446891
0.021674102
0.079845788
0.070500772
0.062513277
0.13092632
0.11568269
0.10260825
0.020462498
0.020476669
0.020383821
0.059006913
0.059023137
0.058709346
0.0968223
0.096780335
0.096129074
0.021553288
0.024262959
0.027452176
0.062041949
0.06982412
0.078961643
0.10147337
0.11413786
0.12894758
0.15567201
0.15735991
0.15766688
0.13778363
0.1391335
0.13935267
0.12243204
0.12347232
0.12361469
0.029417373
0.028811104
0.027967663
0.084796141
0.083051265
0.080592019
0.13902198
0.13618064
0.13207252
0.025772779
0.022907401
0.020467112
0.074242058
0.065998185
0.058965495
0.12159523
0.10812253
0.096599416
0.019580255
0.01998856
0.02029359
0.056430531
0.057639535
0.058528311
0.092507149
0.094581978
0.096061943
0.15621937
0.15314771
0.14865641
0.13814679
0.13563408
0.13198386
0.12262257
0.12060052
0.11769252
0.019253574
0.017448774
0.016131638
0.055514343
0.050277361
0.046462697
0.09107364
0.082367556
0.076042724
0.015668386
0.015702995
0.015709449
0.045135145
0.045218611
0.045203513
0.073887618
0.073980844
0.073857806
0.016204982
0.017469395
0.01920555
0.046591535
0.050244308
0.055270357
0.076017355
0.082046052
0.090366909
0.10886754
0.10960473
0.10966889
0.098595357
0.099076936
0.09907042
0.091143298
0.091429875
0.091367836
1.5783183e-16
1.5819089e-16
1.7831787e-16
1.6194593e-16
1.6236728e-16
1.6562415e-16
1.7626982e-16
1.5277517e-16
1.6298818e-16
0.018342484
0.016762886
0.01560579
0.052819037
0.048233466
0.044882968
0.08645937
0.078826746
0.073271291
0.015241988
0.015417178
0.015569054
0.043868347
0.04440189
0.044851255
0.071704985
0.072662417
0.073429101
0.10886176
0.1072749
0.10503949
0.098397194
0.097138316
0.095423241
0.090788412
0.089764174
0.088425274
0.13398987
0.1351501
0.13533051
0.16763174
0.16938687
0.16975312
0.19814764
0.20053279
0.20110289
0.12725715
0.1148471
0.10579349
0.15962555
0.14369392
0.13177717
0.18898302
0.16985307
0.15468444
0.10280472
0.10286203
0.10251841
0.12813332
0.12812058
0.12748431
0.14982055
0.14970794
0.1487289
0.10533398
0.11391397
0.12570965
0.13068766
0.14192119
0.15699302
0.15278717
0.16709876
0.18518121
0.20031211
0.20268177
0.20323997
0.17993652
0.18174689
0.18212552
0.16364725
0.16503759
0.16528333
0.13431287
0.13221123
0.12915619
0.16852391
0.16584849
0.16184645
0.19967694
0.19644605
0.1915235
0.12047346
0.10956525
0.10160135
0.1507004
0.13663868
0.12612389
0.17796764
0.16095533
0.14744697
0.099577717
0.10105651
0.10217603
0.12385663
0.12588372
0.12735282
0.14447108
0.14707112
0.14889859
0.20183576
0.19866688
0.19383611
0.18092133
0.17830781
0.17440115
0.16423171
0.16203493
0.15881618
0.22918884
0.25024085
0.26597969
0.2284246
0.24933225
0.26495521
0.2253995
0.24576987
0.26091316
0.21002759
0.2278572
0.24082116
0.18803414
0.20167125
0.21105569
0.16884847
0.17655134
0.18265841
0.24920709
0.25286987
0.25376259
0.21720536
0.21984969
0.22043732
0.18679564
0.18861404
0.18896016
0.24760535
0.23380625
0.21505307
0.21584664
0.20597505
0.19176517
0.18585867
0.1795049
0.17157764
0.15953166
0.1644194
0.16909272
0.16077643
0.16574268
0.1705035
0.16097373
0.16595873
0.17073691
0.2179007
0.23738816
0.25163582
0.22377239
0.24413374
0.25920962
0.22756121
0.24842242
0.26397171
0.25187789
0.24747623
0.24049467
0.21891212
0.21548713
0.21016289
0.18773109
0.18509921
0.1811223
0.23091097
0.21882473
0.20188383
0.20297555
0.19414894
0.18111223
0.17609432
0.17031456
0.16290475
0.15997216
0.16492724
0.16966501
0.15791572
0.16279538
0.16743781
0.15492525
0.15966953
0.16414281
-0.1299145
-0.13118601
-0.13136088
-0.11491447
-0.11592646
-0.11604593
-0.10206779
-0.10284011
-0.10290937
-0.079457996
-0.080106084
-0.080136855
-0.070216943
-0.070727352
-0.07074085
-0.062333996
-0.062714735
-0.06271013
-0.027606419
-0.027807325
-0.027803074
-0.024383644
-0.024540563
-0.024533453
-0.021640898
-0.021755776
-0.021744716
-0.13010871
-0.12754208
-0.12384507
-0.11501072
-0.11292199
-0.1099338
-0.10206318
-0.10039029
-0.0980231
-0.079330758
-0.077761295
-0.075557827
-0.070081185
-0.068813417
-0.067047088
-0.062175457
-0.061167083
-0.059780233
-0.027515498
-0.026971412
-0.026217493
-0.024299271
-0.023861513
-0.023259916
-0.021555681
-0.021208855
-0.020738954
-0.090774654
-0.091308775
-0.091322985
-0.082288254
-0.082619378
-0.082581215
-0.076135245
-0.076311972
-0.07623223
-0.055456953
-0.055705005
-0.055675907
-0.050336635
-0.050470005
-0.050414867
-0.046614007
-0.04666029
-0.046583965
-0.019258094
-0.019329168
-0.01931128
-0.017490552
-0.017523522
-0.017497726
-0.016202946
-0.01620703
-0.01617467
0.027606419
0.027807325
0.027803074
0.024383644
0.024540563
0.024533453
0.021640898
0.021755776
0.021744716
0.079457996
0.080106084
0.080136855
0.070216943
0.070727352
0.07074085
0.062333996
0.062714735
0.06271013
0.1299145
0.13118601
0.13136088
0.11491447
0.11592646
0.11604593
0.10206779
0.10284011
0.10290937
0.027515498
0.026971412
0.026217493
0.024299271
0.023861513
0.023259916
0.021555681
0.021208855
0.020738954
0.079330758
0.077761295
0.075557827
0.070081185
0.068813417
0.067047088
0.062175457
0.061167083
0.059780233
0.13010871
0.12754208
0.12384507
0.11501072
0.11292199
0.1099338
0.10206318
0.10039029
0.0980231
0.019258094
0.019329168
0.01931128
0.017490552
0.017523522
0.017497726
0.016202946
0.01620703
0.01617467
0.055456953
0.055705005
0.055675907
0.050336635
0.050470005
0.050414867
0.046614007
0.04666029
0.046583965
0.090774654
0.091308775
0.091322985
0.082288254
0.082619378
0.082581215
0.076135245
0.076311972
0.07623223
0.019159971
0.018892406
0.018540281
0.01737305
0.017164328
0.016902038
0.016068493
0.015901509
0.015703292
0.055246443
0.054464959
0.053418388
0.050059998
0.049447501
0.048661396
0.046280991
0.045788538
0.045188776
0.090638367
0.089332009
0.087524736
0.08201241
0.080980823
0.079604923
0.075744225
0.074908422
0.073842709
0.12647278
0.1274502
0.12757891
0.11442447
0.11508907
0.11512615
0.10565189
0.1060776
0.10604327
0.15821124
0.15971512
0.16000229
0.14279259
0.14387107
0.14402454
0.13128657
0.1320299
0.13207573
0.18686882
0.18894018
0.1894063
0.16836639
0.16992661
0.17022844
0.15371284
0.15485679
0.15502334
0.12665759
0.12479308
0.12211256
0.11435387
0.11286715
0.11079399
0.10537628
0.10416165
0.10253009
0.15888096
0.15649118
0.15295128
0.14307561
0.14114811
0.13836639
0.13125206
0.129669
0.12745672
0.18809728
0.18519179
0.18080241
0.16910727
0.16672048
0.16319113
0.15404779
0.15206774
0.1492127
0.21224416
0.23047718
0.24383449
0.21488667
0.23356629
0.247318
0.21552615
0.23432338
0.24816978
0.18971498
0.20360281
0.21322657
0.19173823
0.20590677
0.21575952
0.19218048
0.20642071
0.21632301
0.1701321
0.17793149
0.18416711
0.17165863
0.17957572
0.18592668
0.17194833
0.17988947
0.18626261
0.2140316
0.23266844
0.24636113
0.21061724
0.22883703
0.24214393
0.20536869
0.222856
0.23548084
0.19090534
0.20503872
0.21484591
0.18809907
0.20196052
0.21153658
0.18386505
0.19725205
0.20641484
0.17085326
0.17874348
0.18506205
0.16853341
0.17630352
0.18249494
0.16510817
0.17266527
0.17863251
