MFEM mesh v1.0

#
# MFEM Geometry Types (see mesh/geom.hpp):
#
# POINT       = 0
# SEGMENT     = 1
# TRIANGLE    = 2
# SQUARE      = 3
# TETRAHEDRON = 4
# CUBE        = 5
#

dimension
3

elements
7
1 5 4 5 3 2 10 11 13 12
1 5 2 3 1 0 12 13 6 7
1 5 10 11 13 12 17 18 21 20
1 5 12 13 6 7 20 21 8 9
1 5 14 15 17 16 22 23 25 24
1 5 16 17 20 19 24 25 28 27
1 5 17 18 21 20 25 26 29 28

boundary
28
1 3 2 3 5 4
1 3 0 1 3 2
22 3 4 5 11 10
22 3 2 4 10 12
22 3 5 3 13 11
22 3 0 2 12 7
22 3 3 1 6 13
22 3 1 0 7 6
22 3 16 17 15 14
22 3 10 11 18 17
22 3 12 10 17 20
22 3 19 20 17 16
22 3 11 13 21 18
22 3 7 12 20 9
22 3 13 6 8 21
22 3 6 7 9 8
22 3 20 21 8 9
22 3 14 15 23 22
22 3 16 14 22 24
22 3 15 17 25 23
22 3 22 23 25 24
22 3 17 18 26 25
22 3 19 16 24 27
22 3 20 19 27 28
22 3 24 25 28 27
22 3 18 21 29 26
22 3 21 20 28 29
22 3 25 26 29 28

vertices
30

nodes
FiniteElementSpace
FiniteElementCollection: H1_3D_P4
VDim: 3
Ordering: 0

-0.70710678
-0.67227043
-0.91774188
-0.84957113
-1
-0.91774188
-0.56415734
-0.5930304
-0.47637389
-0.495475
-0.80045262
-0.74489218
-0.74521867
-0.69847424
-0.56790914
-0.59803778
-0.59773854
-0.63264032
-0.59773854
-0.56790914
-0.59803778
-0.56790914
-0.46325474
-0.47972374
-0.47947073
-0.49801262
-0.47947073
-0.46325474
-0.47972374
-0.46325474
-0.99744546
-0.97878093
-0.94295653
-0.87053063
-0.90021342
-0.91563372
-0.91563372
-0.90021342
-0.87053063
-0.94295653
-0.97878093
-0.99744546
-0.79876775
-0.78638217
-0.76220793
-0.74348021
-0.73313501
-0.7129444
-0.743797
-0.73338057
-0.71304858
-0.79877622
-0.78645543
-0.76242131
-0.96370812
-0.89682196
-0.83286628
-0.88661269
-0.82881629
-0.77318865
-0.82303509
-0.77264257
-0.72353198
-0.88671376
-0.82905214
-0.77349676
-0.70822101
-0.77112957
-0.82527783
-0.70604267
-0.69823377
-0.68307557
-0.74943575
-0.8239692
-0.88860063
-0.59317006
-0.64187369
-0.6813163
-0.57287141
-0.58546773
-0.59211603
-0.62476887
-0.67926621
-0.72504399
-0.64900361
-0.61345019
-0.58066619
-0.68541143
-0.64742617
-0.61140713
-0.63160818
-0.62397339
-0.60880568
-0.59685216
-0.59031996
-0.57735677
-0.59714211
-0.59054243
-0.57744947
-0.63161657
-0.62404461
-0.60900588
-0.76901555
-0.71221114
-0.65913824
-0.71739483
-0.66760673
-0.62101268
-0.67408276
-0.62989663
-0.58854699
-0.71772937
-0.66793663
-0.62132376
-0.49652174
-0.52997348
-0.55655823
-0.48218954
-0.49052079
-0.49487805
-0.51745313
-0.55460319
-0.58496907
-0.54792517
-0.51834327
-0.49039298
-0.57504123
-0.54216655
-0.51107865
-0.57744947
-0.59054243
-0.59714211
-0.60900588
-0.62404461
-0.63161657
-0.60880568
-0.62397339
-0.63160818
-0.57735677
-0.59031996
-0.59685216
-0.46854531
-0.47568847
-0.4792407
-0.48560882
-0.4935421
-0.49747975
-0.48543232
-0.49347574
-0.49747172
-0.46847222
-0.47550498
-0.47899624
-0.54807175
-0.51261288
-0.47970536
-0.57563883
-0.53554585
-0.49831672
-0.60715366
-0.56151765
-0.51914991
-0.5753512
-0.53527669
-0.49805966
-0.57744947
-0.59054243
-0.59714211
-0.59685216
-0.59031996
-0.57735677
-0.49747975
-0.4935421
-0.48560882
-0.46854531
-0.47568847
-0.4792407
-0.47899624
-0.47550498
-0.46847222
-0.57563883
-0.53554585
-0.49831672
-0.54807175
-0.51261288
-0.47970536
-0.49747172
-0.49347574
-0.48543232
-0.47899624
-0.47550498
-0.46847222
-0.4792407
-0.47568847
-0.46854531
-0.5753512
-0.53527669
-0.49805966
-0.54807175
-0.51261288
-0.47970536
-0.94071385
-0.92431526
-0.89277756
-0.97634361
-0.95853051
-0.92431526
-0.9949051
-0.97634361
-0.94071385
-0.96132413
-0.9438956
-0.91032432
-0.89473693
-0.87945668
-0.84985531
-0.83104963
-0.81771061
-0.79174108
-0.88464656
-0.87031039
-0.84262538
-0.82709257
-0.81449357
-0.79005086
-0.77167354
-0.76058393
-0.73898353
-0.84265748
-0.87038638
-0.88474455
-0.7901262
-0.81467109
-0.8273214
-0.73908188
-0.76081576
-0.77197248
-0.9103899
-0.94391787
-0.9613267
-0.85000868
-0.87950895
-0.89474295
-0.79194204
-0.81777939
-0.83105757
-0.7971015
-0.78477676
-0.76072094
-0.78484148
-0.77297069
-0.74977809
-0.7609253
-0.74991508
-0.72840579
-0.74817327
-0.73891546
-0.72097901
-0.82234343
-0.81043561
-0.78743445
-0.8866454
-0.8723379
-0.84476821
-0.80009162
-0.74840238
-0.68618689
-0.75210333
-0.70522874
-0.64771449
-0.70524497
-0.66327102
-0.61154484
-0.66015894
-0.67601976
-0.68428139
-0.62373816
-0.63855834
-0.64635491
-0.58994826
-0.60335695
-0.61043508
-0.72656304
-0.79800145
-0.85924919
-0.68495323
-0.74969679
-0.80462572
-0.64511689
-0.70306989
-0.75190784
-0.72371492
-0.71394731
-0.69494798
-0.67810787
-0.66964867
-0.65336733
-0.62377455
-0.61653887
-0.6027657
-0.76745601
-0.75598031
-0.73352339
-0.71087401
-0.70101444
-0.68161609
-0.6580055
-0.64963333
-0.63305999
-0.71608161
-0.70645025
-0.68761296
-0.66647103
-0.65812696
-0.64172916
-0.62004348
-0.6129055
-0.59879333
-0.68771944
-0.70670163
-0.71640617
-0.64183346
-0.65837419
-0.66679099
-0.59889052
-0.61313755
-0.620345
-0.73374258
-0.75605585
-0.76746477
-0.6818336
-0.70109011
-0.71088282
-0.6332669
-0.64970629
-0.65801406
-0.6305899
-0.62298602
-0.60788023
-0.62304879
-0.61567841
-0.60102598
-0.60807162
-0.60115267
-0.58740794
-0.65802084
-0.62101239
-0.57523894
-0.6157991
-0.58316361
-0.54260529
-0.57627965
-0.54768342
-0.51188888
-0.55611279
-0.56794229
-0.57418394
-0.52555162
-0.53594472
-0.54141557
-0.49667537
-0.50569861
-0.51043026
-0.60490009
-0.65607187
-0.69890921
-0.56868009
-0.61393145
-0.65152912
-0.53454749
-0.57437522
-0.60714425
-0.58412486
-0.57788197
-0.565549
-0.55385503
-0.54836278
-0.53764655
-0.51680591
-0.51206774
-0.50295161
-0.60788023
-0.62298602
-0.6305899
-0.60102598
-0.61567841
-0.62304879
-0.58740794
-0.60115267
-0.60807162
-0.55683586
-0.5688103
-0.57482452
-0.51995596
-0.52990919
-0.53487417
-0.48569626
-0.49376375
-0.49777523
-0.58566857
-0.59935898
-0.60622716
-0.54387079
-0.55514372
-0.56076079
-0.5050314
-0.51406294
-0.51854728
-0.6062189
-0.59928936
-0.58547479
-0.56075272
-0.55507624
-0.54368679
-0.51853923
-0.51399633
-0.50485305
-0.57454596
-0.56859733
-0.55674772
-0.53461376
-0.52971168
-0.51987544
-0.49752678
-0.49357676
-0.48562131
-0.47399488
-0.48142214
-0.48511028
-0.48131336
-0.48913523
-0.49301702
-0.48494206
-0.49295873
-0.49694147
-0.58740794
-0.60115267
-0.60807162
-0.60102598
-0.61567841
-0.62304879
-0.60788023
-0.62298602
-0.6305899
-0.60622716
-0.59935898
-0.58566857
-0.56076079
-0.55514372
-0.54387079
-0.51854728
-0.51406294
-0.5050314
-0.57482452
-0.5688103
-0.55683586
-0.53487417
-0.52990919
-0.51995596
-0.49777523
-0.49376375
-0.48569626
-0.55674772
-0.56859733
-0.57454596
-0.51987544
-0.52971168
-0.53461376
-0.48562131
-0.49357676
-0.49752678
-0.48494206
-0.49295873
-0.49694147
-0.48131336
-0.48913523
-0.49301702
-0.47399488
-0.48142214
-0.48511028
-0.6062189
-0.59928936
-0.58547479
-0.56075272
-0.55507624
-0.54368679
-0.51853923
-0.51399633
-0.50485305
-0.57454596
-0.56859733
-0.55674772
-0.53461376
-0.52971168
-0.51987544
-0.49752678
-0.49357676
-0.48562131
-0.55683586
-0.5688103
-0.57482452
-0.51995596
-0.52990919
-0.53487417
-0.48569626
-0.49376375
-0.49777523
-0.49694147
-0.49295873
-0.48494206
-0.49301702
-0.48913523
-0.48131336
-0.48511028
-0.48142214
-0.47399488
-0.95895905
-0.94162678
-0.90824182
-0.94164646
-0.92502705
-0.89298223
-0.90830462
-0.89302437
-0.86353625
-0.8926717
-0.87747398
-0.84803173
-0.87752017
-0.86293443
-0.8346437
-0.84817865
-0.83474232
-0.80866758
-0.82925245
-0.81598135
-0.79014376
-0.81604212
-0.80327645
-0.77839571
-0.79033623
-0.77852483
-0.75550146
-0.85743214
-0.84409553
-0.81837171
-0.79646447
-0.78524346
-0.7636394
-0.72531955
-0.71618439
-0.69862519
-0.80301863
-0.79122309
-0.7683973
-0.74831576
-0.7382326
-0.71886762
-0.68378642
-0.67527512
-0.65904963
-0.75048769
-0.74004648
-0.71977525
-0.70183605
-0.69282352
-0.67549799
-0.64406485
-0.63637821
-0.62175725
-0.76591448
-0.7544932
-0.73214296
-0.75455991
-0.74354508
-0.72197148
-0.73235284
-0.72211203
-0.70206108
-0.70955322
-0.69973737
-0.68042562
-0.69980416
-0.69031659
-0.67163722
-0.6806338
-0.67177619
-0.65434818
-0.65688745
-0.64855023
-0.63204669
-0.64861456
-0.64054063
-0.62454737
-0.63224459
-0.62467883
-0.60970376
-0.69767113
-0.68855649
-0.67079478
-0.6549892
-0.64707042
-0.63180873
-0.60397104
-0.59718568
-0.5842641
-0.65045385
-0.64252551
-0.62700676
-0.61298607
-0.60606353
-0.59267094
-0.56786609
-0.56191854
-0.55055904
-0.60622324
-0.59941546
-0.58601463
-0.57356141
-0.56758839
-0.55597338
-0.53384505
-0.52870015
-0.51883147
-0.56596942
-0.57852343
-0.58482038
-0.57840136
-0.59176034
-0.59845634
-0.58463524
-0.59839503
-0.60529731
-0.52758149
-0.53798848
-0.5431732
-0.53787373
-0.54890899
-0.5544038
-0.5429976
-0.55434444
-0.55999978
-0.49188863
-0.50029613
-0.50447119
-0.50018588
-0.50906437
-0.51347107
-0.50430116
-0.51341254
-0.51793968
-0.58463524
-0.59839503
-0.60529731
-0.57840136
-0.59176034
-0.59845634
-0.56596942
-0.57852343
-0.58482038
-0.5429976
-0.55434444
-0.55999978
-0.53787373
-0.54890899
-0.5544038
-0.52758149
-0.53798848
-0.5431732
-0.50430116
-0.51341254
-0.51793968
-0.50018588
-0.50906437
-0.51347107
-0.49188863
-0.50029613
-0.50447119
-0.60529731
-0.59839503
-0.58463524
-0.59845634
-0.59176034
-0.57840136
-0.58482038
-0.57852343
-0.56596942
-0.55999978
-0.55434444
-0.5429976
-0.5544038
-0.54890899
-0.53787373
-0.5431732
-0.53798848
-0.52758149
-0.51793968
-0.51341254
-0.50430116
-0.51347107
-0.50906437
-0.50018588
-0.50447119
-0.50029613
-0.49188863
-3.1225023e-17
0.31000795
-1.3010426e-18
0.37298049
1.0842022e-18
0.39717735
0.23441303
2.030329e-16
0.1608673
2.2323609e-16
1.2352241e-16
0.27142383
1.1474624e-16
0.25688057
-0.17478571
1.6533649e-16
-0.1835471
1.4258337e-16
0.1835471
-0.17478571
1.8554714e-16
0.17478571
-0.12024882
2.5553119e-16
-0.1247171
2.414996e-16
0.1247171
-0.12024882
2.6346234e-16
0.12024882
0.071432212
0.20490947
0.33291588
0.38042078
0.39095644
0.39642918
0.066774181
0.19175207
0.31218017
-1.9515639e-18
-1.9515639e-18
-2.5410988e-21
0.048579813
0.13953172
0.22719501
0.27095366
0.26752909
0.26116865
0.046091329
0.13229729
0.21517327
1.5614573e-16
1.2756597e-16
9.870723e-17
7.7481481e-17
4.2383494e-17
9.4476609e-17
0.37222683
0.32881551
0.29011099
0.349983
0.3100508
0.27427826
8.888997e-17
3.6371159e-17
7.0230077e-17
0.32278198
0.34512795
0.36435579
0.054840668
0.15792154
0.25848698
-2.2551405e-17
-1.6046192e-17
-1.2153229e-17
0.23651895
0.24335275
0.25226486
0.19708091
0.12176004
0.042514507
1.7835137e-16
7.5704636e-17
1.0796567e-16
0.30666509
0.27990092
0.24999635
5.2759543e-17
9.9154415e-18
6.7476579e-17
0.032577529
0.093768086
0.15326334
0.18326617
0.18121703
0.17738438
0.031184901
0.089641156
0.14617313
1.5234182e-16
1.4830498e-16
1.7780764e-16
1.5298094e-16
1.5698848e-16
1.5777803e-16
0.25385543
0.22341716
0.19646183
0.24049798
0.21203827
0.18683894
1.1598724e-16
1.740725e-16
2.0475543e-16
0.16214415
0.16646321
0.17195521
0.13520491
0.083474693
0.029134115
2.429096e-16
1.8643684e-16
2.0662888e-16
0.21983434
0.19424153
0.17162696
2.2388506e-16
2.3537703e-16
2.1294422e-16
-0.14617313
-0.089641156
-0.031184901
1.8162136e-16
1.6009384e-16
1.5069667e-16
-0.15326334
-0.093768086
-0.032577529
-0.17738438
-0.18121703
-0.18326617
-0.10038993
-0.061424271
-0.021347031
2.4286601e-16
2.581845e-16
2.5748457e-16
-0.10393676
-0.063425242
-0.022009469
-0.12156124
-0.12351656
-0.12457184
-0.16355238
-0.14439285
-0.12790452
1.7895295e-16
2.0247097e-16
2.133645e-16
2.0312537e-16
2.2331048e-16
2.4229117e-16
-0.17148825
-0.15085849
-0.13302677
-0.14617313
-0.089641156
-0.031184901
-0.18326617
-0.18121703
-0.17738438
2.4250319e-16
2.7321083e-16
2.5390961e-16
-0.10038993
-0.061424271
-0.021347031
-0.12457184
-0.12351656
-0.12156124
1.8614683e-16
2.4339478e-16
2.8554102e-16
-0.16355238
-0.14439285
-0.12790452
0.022009469
0.063425242
0.10393676
0.12457184
0.12351656
0.12156124
0.021347031
0.061424271
0.10038993
0.17148825
0.15085849
0.13302677
0.16355238
0.14439285
0.12790452
0.068202148
0.19578843
0.31855002
0.070230762
0.20151832
0.32757928
0.071287575
0.20450132
0.33227387
0.066916059
0.19198096
0.31197325
0.059032034
0.16942207
0.2754829
0.051984657
0.14926735
0.24291904
0.37153162
0.36644583
0.35674363
0.32821669
0.32385199
0.31565186
0.28959764
0.28587305
0.27894049
0.29302267
0.18005167
0.062712163
0.25969274
0.15965993
0.05562472
0.22976484
0.14128332
0.049225592
6.1251677e-17
5.4494829e-17
7.5072416e-17
1.0664091e-16
8.6894287e-17
6.6621925e-17
1.0802966e-16
1.0050156e-16
8.5322079e-17
0.048496931
0.13929287
0.22680209
0.047899651
0.13756444
0.22395552
0.046808857
0.13439465
0.21869117
0.057239495
0.16473627
0.26934696
0.061462548
0.17671588
0.28838346
0.065123692
0.18708359
0.30480318
0.34222881
0.32602138
0.31057155
0.30391455
0.29177496
0.28234295
0.26918135
0.25944797
0.25189887
0.25646116
0.15730621
0.054732731
0.23482475
0.14464951
0.050433462
0.2101173
0.12973748
0.045287969
2.2830434e-17
5.0524384e-17
7.5722511e-17
7.3349762e-17
5.287693e-17
8.2961724e-17
1.2124328e-16
9.1937468e-17
7.4919824e-17
0.045332468
0.13007053
0.21140128
0.043920091
0.12590214
0.20422884
0.042866939
0.12278379
0.19880782
0.045378298
0.13037825
0.21241196
0.039832493
0.11452137
0.18680128
0.034925172
0.10048615
0.16412454
0.25342174
0.25027395
0.24442689
0.22304931
0.2203736
0.21539417
0.19615213
0.1938973
0.18968658
0.20142726
0.12381792
0.043131669
0.17751197
0.10903887
0.037967644
0.15631554
0.095920567
0.033380656
1.2429901e-16
1.0202333e-16
1.5127343e-16
1.6106359e-16
1.6954266e-16
1.6343678e-16
1.9615619e-16
2.0617723e-16
1.8779045e-16
0.032530917
0.093631758
0.15303235
0.032196564
0.092647331
0.15136167
0.03158562
0.090837967
0.14825489
0.2362348
0.22806118
0.22169958
0.20839491
0.20137544
0.19587312
0.18373722
0.17773848
0.17302002
0.18487982
0.11425854
0.039902606
0.1633539
0.10095278
0.035254266
0.14428798
0.089120093
0.031112063
1.5524709e-16
1.4243543e-16
1.4929381e-16
2.1898055e-16
1.7235648e-16
1.8791488e-16
1.8459091e-16
1.7943714e-16
1.8439238e-16
0.030756429
0.088356097
0.14391135
0.029960793
0.085951678
0.13960267
0.029341739
0.084082402
0.13624439
-0.15303235
-0.093631758
-0.032530917
-0.15136167
-0.092647331
-0.032196564
-0.14825489
-0.090837967
-0.03158562
-0.13671992
-0.083790631
-0.029139583
-0.1206103
-0.07383564
-0.02566374
-0.10678067
-0.065330867
-0.022702499
1.5663316e-16
1.9663625e-16
1.9240164e-16
2.2327979e-16
2.3395666e-16
2.3216856e-16
2.3154195e-16
2.4193828e-16
2.2958962e-16
-0.030388897
-0.087502134
-0.14312389
-0.026662436
-0.076817549
-0.12579947
-0.023474792
-0.067652402
-0.11086444
-0.17123428
-0.16938089
-0.16590958
-0.15065176
-0.14914265
-0.14631517
-0.13286207
-0.1316602
-0.12942035
-0.10141332
-0.061988451
-0.021531012
-0.10296951
-0.062867217
-0.021822251
-0.10381833
-0.063356719
-0.021986246
-0.14825489
-0.090837967
-0.03158562
-0.15136167
-0.092647331
-0.032196564
-0.15303235
-0.093631758
-0.032530917
1.8012387e-16
1.9710295e-16
1.8312301e-16
2.4791132e-16
2.1786432e-16
2.3221152e-16
2.4734487e-16
2.7659125e-16
2.9835093e-16
-0.029139583
-0.083790631
-0.13671992
-0.02566374
-0.07383564
-0.1206103
-0.022702499
-0.065330867
-0.10678067
-0.16590958
-0.16938089
-0.17123428
-0.14631517
-0.14914265
-0.15065176
-0.12942035
-0.1316602
-0.13286207
-0.10381833
-0.063356719
-0.021986246
-0.10296951
-0.062867217
-0.021822251
-0.10141332
-0.061988451
-0.021531012
0.030388897
0.087502134
0.14312389
0.026662436
0.076817549
0.12579947
0.023474792
0.067652402
0.11086444
0.17123428
0.16938089
0.16590958
0.15065176
0.14914265
0.14631517
0.13286207
0.1316602
0.12942035
0.13671992
0.083790631
0.029139583
0.1206103
0.07383564
0.02566374
0.10678067
0.065330867
0.022702499
0.021986246
0.063356719
0.10381833
0.021822251
0.062867217
0.10296951
0.021531012
0.061988451
0.10141332
0.066782563
0.19160403
0.31137652
0.065813952
0.18886035
0.30703441
0.063977622
0.18365069
0.29876044
0.058920837
0.16910562
0.27497463
0.058117412
0.16681126
0.27128743
0.056625564
0.16253846
0.26437936
0.051892548
0.14900308
0.24248763
0.051231911
0.1470994
0.23937724
0.050020878
0.14359652
0.23360943
0.061265123
0.17593244
0.28643461
0.058278759
0.16742083
0.27275453
0.05544771
0.15934409
0.25976128
0.054539726
0.15653268
0.25456782
0.052446269
0.15047826
0.2445434
0.050853445
0.14586113
0.23684166
0.048367886
0.13878111
0.22557096
0.046789423
0.13414996
0.21768844
0.045598072
0.1306423
0.21166068
0.045302905
0.13016023
0.21205082
0.044762586
0.12859019
0.20944689
0.043776639
0.12571258
0.20463151
0.039769987
0.11433959
0.18649688
0.039321625
0.11302858
0.18429856
0.03850342
0.11062441
0.1802274
0.034873409
0.10033502
0.16386938
0.034502517
0.099245269
0.16202675
0.033824778
0.097243072
0.15860416
0.042443057
0.12178784
0.19795998
0.041174901
0.11802435
0.19142362
0.040209911
0.11515439
0.18639992
0.037395746
0.10734001
0.1745718
0.036338181
0.1041768
0.16900355
0.035522603
0.10173584
0.16468504
0.032905157
0.094499171
0.15382834
0.03202416
0.09184613
0.14910399
0.031339285
0.089784727
0.14542199
-0.13860144
-0.084866646
-0.029498712
-0.14140767
-0.086493998
-0.030046857
-0.14291536
-0.087379444
-0.030347003
-0.12213349
-0.074697136
-0.025949344
-0.12440735
-0.076004654
-0.026387599
-0.12563017
-0.076718497
-0.026628694
-0.10797036
-0.065993864
-0.022920224
-0.10976039
-0.06701228
-0.02325934
-0.1107299
-0.067574208
-0.023448231
-0.14291536
-0.087379444
-0.030347003
-0.14140767
-0.086493998
-0.030046857
-0.13860144
-0.084866646
-0.029498712
-0.12563017
-0.076718497
-0.026628694
-0.12440735
-0.076004654
-0.026387599
-0.12213349
-0.074697136
-0.025949344
-0.1107299
-0.067574208
-0.023448231
-0.10976039
-0.06701228
-0.02325934
-0.10797036
-0.065993864
-0.022920224
0.030347003
0.087379444
0.14291536
0.030046857
0.086493998
0.14140767
0.029498712
0.084866646
0.13860144
0.026628694
0.076718497
0.12563017
0.026387599
0.076004654
0.12440735
0.025949344
0.074697136
0.12213349
0.023448231
0.067574208
0.1107299
0.02325934
0.06701228
0.10976039
0.022920224
0.065993864
0.10797036
0.70710678
0.67227043
0.39717735
0.37298049
4.5536491e-18
-2.4286129e-17
0.45560022
0.48424752
0.31136231
0.32993951
7.0682756e-17
2.6302809e-17
0.2701723
0.25571549
-0.17346291
-0.18216265
1.0397587e-16
8.461021e-17
7.6317698e-18
0.17346291
0.18216265
0.17346291
-0.11908157
-0.12353354
1.2536659e-16
1.0135141e-16
1.4722685e-16
0.11908157
0.12353354
0.11908157
-8.6037372e-18
-2.2795351e-17
-1.9515639e-18
0.31218017
0.19175207
0.066774181
0.39642918
0.39095644
0.38042078
0.33291588
0.20490947
0.071432212
6.4068601e-17
2.6182305e-17
-2.6045883e-17
0.045900099
0.1317373
0.21422538
0.26970531
0.2663028
0.25998031
0.04838036
0.13894376
0.22618656
1.3704602e-17
-5.8099458e-17
-9.7107067e-18
1.4320561e-18
1.4386942e-17
-3.0936298e-17
0.34968884
0.30930815
0.2732258
0.37190798
0.3280121
0.28897681
0.6278812
0.53501952
0.4314642
0.70604267
0.69823377
0.68307557
0.66207707
0.56663459
0.45868172
0.42688396
0.36534368
0.2954875
0.46427223
0.4767668
0.48334486
0.45294329
0.38682007
0.31240194
0.62616349
0.55176873
0.48666654
0.66283404
0.58591723
0.51730779
9.179839e-17
8.9363501e-17
6.1503076e-17
0.030953022
0.088972701
0.14507462
0.18188411
0.17985132
0.17604584
0.032342379
0.093085424
0.15212563
4.5851343e-17
5.844411e-17
4.646894e-17
2.7370919e-17
3.3950094e-17
4.3546098e-17
0.23925185
0.21071098
0.18550198
0.25252151
0.22200757
0.19505504
0.29162943
0.24903778
0.2008038
0.31704664
0.32514685
0.3293631
0.30845894
0.26267507
0.21118492
0.42643515
0.37630536
0.33230897
0.45321993
0.39967272
0.35248389
-0.17604584
-0.17985132
-0.18188411
-0.15212563
-0.093085424
-0.032342379
1.0834539e-16
1.2573237e-16
5.0055651e-17
-0.14507462
-0.088972701
-0.030953022
-0.1203903
-0.12233846
-0.12338902
-0.10293787
-0.062803847
-0.021791557
1.2423431e-16
1.0170147e-16
7.0601742e-17
-0.099396634
-0.060799201
-0.021126514
-0.16225219
-0.14314676
-0.12671274
-0.17013507
-0.14957585
-0.13181275
7.6155932e-17
1.2018541e-16
9.4740666e-17
1.3346151e-16
7.8584134e-17
9.3342727e-17
0.17604584
0.17985132
0.18188411
0.030953022
0.088972701
0.14507462
0.021791557
0.062803847
0.10293787
0.1203903
0.12233846
0.12338902
0.021126514
0.060799201
0.099396634
0.17013507
0.14957585
0.13181275
0.16225219
0.14314676
0.12671274
9.3068061e-17
1.103938e-16
1.1272413e-16
0.021126514
0.060799201
0.099396634
0.12338902
0.12233846
0.1203903
3.6932207e-17
5.984863e-17
8.7697049e-17
0.16225219
0.14314676
0.12671274
0.33227387
0.32757928
0.31855002
0.20450132
0.20151832
0.19578843
0.071287575
0.070230762
0.068202148
-3.9788136e-17
-6.058654e-17
3.6804835e-17
-1.5167181e-17
4.9656208e-17
3.3098425e-17
-6.4354752e-17
-1.4707762e-17
-3.672614e-17
0.062665562
0.17991423
0.29278619
0.055505734
0.15930966
0.25909334
0.049054383
0.14078095
0.22891099
0.35644226
0.36613379
0.37121358
0.3148922
0.32306578
0.3274154
0.2778657
0.28476246
0.2884664
0.31171904
0.19183515
0.066867019
0.27483989
0.16905099
0.058906846
0.24200747
0.14873788
0.051805411
0.048297791
0.047702656
0.046615438
0.13870596
0.13698486
0.13382727
0.22579589
0.22296502
0.21772727
0.6610298
0.65334976
0.63846807
0.56566212
0.55853883
0.54477698
0.45784149
0.45169272
0.43984281
0.40439473
0.50084008
0.5863855
0.3574764
0.44214051
0.51682428
0.31572261
0.39032068
0.45607614
0.63741008
0.65338697
0.66169682
0.56214112
0.57703109
0.58484559
0.49593944
0.50930519
0.51634169
0.62017941
0.53061506
0.4295093
0.54801295
0.46847201
0.3789495
0.48386225
0.4133624
0.33403288
0.31185656
0.30789618
0.30049718
0.3861362
0.38115074
0.37177782
0.45211726
0.4460985
0.4347239
-1.4389549e-17
2.1514268e-17
4.695374e-17
6.2193096e-17
1.4096715e-17
4.0457043e-17
8.6305194e-17
3.0467717e-17
4.3362789e-17
0.042925119
0.12321446
0.20041023
0.037743115
0.10838605
0.17642179
0.03314929
0.095251527
0.15520966
0.24315735
0.24896587
0.25209108
0.21404534
0.21898858
0.22164283
0.18833164
0.19251161
0.19474803
0.21133413
0.12974726
0.045163778
0.18565552
0.11384474
0.039601382
0.16297312
0.09979931
0.034689313
0.032295916
0.031962526
0.031352984
0.092949704
0.091969333
0.090166129
0.1518962
0.15023624
0.14714671
0.27650956
0.34194891
0.39961624
0.24363834
0.30154637
0.35260099
0.21464332
0.26598875
0.31130215
0.4345465
0.44622988
0.4523766
0.38340181
0.39359387
0.39894003
0.33846382
0.34726196
0.35185551
0.42392179
0.36190781
0.29209928
0.37379433
0.31885392
0.25700471
0.32958565
0.28084803
0.22601008
0.21085298
0.2084438
0.20389962
0.26224667
0.25911777
0.25316541
0.30793238
0.30409086
0.29674266
-0.031352984
-0.031962526
-0.032295916
-0.090166129
-0.091969333
-0.092949704
-0.14714671
-0.15023624
-0.1518962
-0.16459595
-0.16804391
-0.16988317
-0.14505997
-0.14787135
-0.14937058
-0.12822321
-0.13045331
-0.13164898
-0.14200703
-0.086827806
-0.030155855
-0.12473142
-0.07616461
-0.026435348
-0.10984427
-0.067021159
-0.023253964
7.7861671e-17
7.9937626e-17
1.1190525e-16
1.2858084e-16
1.0872698e-16
9.6172998e-17
1.0152904e-16
1.1539469e-16
1.0358372e-16
-0.028908584
-0.083126848
-0.13563565
-0.025436493
-0.073186606
-0.11956254
-0.022479744
-0.064698079
-0.10577033
-0.10041926
-0.10197303
-0.10281978
-0.061364775
-0.062245258
-0.062735287
-0.021311318
-0.021603741
-0.021768271
0.14714671
0.15023624
0.1518962
0.090166129
0.091969333
0.092949704
0.031352984
0.031962526
0.032295916
0.030155855
0.086827806
0.14200703
0.026435348
0.07616461
0.12473142
0.023253964
0.067021159
0.10984427
0.16988317
0.16804391
0.16459595
0.14937058
0.14787135
0.14505997
0.13164898
0.13045331
0.12822321
0.13563565
0.083126848
0.028908584
0.11956254
0.073186606
0.025436493
0.10577033
0.064698079
0.022479744
0.021311318
0.021603741
0.021768271
0.061364775
0.062245258
0.062735287
0.10041926
0.10197303
0.10281978
3.1391968e-17
3.1473719e-17
6.6968091e-17
1.0711967e-16
8.7400194e-17
6.351759e-17
1.0855226e-16
9.3101465e-17
7.2746267e-17
0.028908584
0.083126848
0.13563565
0.025436493
0.073186606
0.11956254
0.022479744
0.064698079
0.10577033
0.16459595
0.16804391
0.16988317
0.14505997
0.14787135
0.14937058
0.12822321
0.13045331
0.13164898
0.021768271
0.021603741
0.021311318
0.062735287
0.062245258
0.061364775
0.10281978
0.10197303
0.10041926
0.066733621
0.065765641
0.063930375
0.19145852
0.188717
0.18351098
0.31112295
0.30678527
0.29851909
0.058795882
0.05799405
0.056504899
0.1687353
0.1664463
0.16218255
0.27433318
0.27065701
0.26376807
0.051713605
0.051055047
0.049847505
0.14847461
0.14657797
0.14308688
0.24157818
0.2384826
0.23274012
0.42872147
0.42298938
0.41202601
0.52968705
0.52290981
0.50993039
0.61912452
0.61143823
0.59669171
0.37826428
0.37328741
0.36390065
0.46763882
0.46156764
0.45007898
0.54702811
0.53985714
0.52624543
0.33343934
0.32915375
0.3211327
0.41262513
0.40727453
0.39720612
0.48297641
0.47655504
0.46441144
0.045088692
0.044550473
0.043567988
0.12953029
0.12796753
0.12510191
0.21097527
0.20838724
0.20359856
0.039539139
0.03909256
0.038277208
0.1136639
0.11235933
0.10996552
0.18535324
0.1831697
0.17912298
0.03463774
0.034268119
0.033592318
0.099648905
0.098564125
0.096569663
0.16271975
0.16088944
0.15748688
0.29159398
0.28794235
0.28111522
0.36127026
0.35663803
0.34792013
0.4231488
0.41753681
0.40691843
0.25657356
0.25345142
0.2475993
0.31830419
0.31430118
0.30674364
0.37312387
0.3682465
0.3589897
0.2256451
0.22300107
0.21802411
0.28037899
0.27695944
0.27047169
0.32901077
0.32482395
0.31683855
-0.13750925
-0.14030114
-0.14179982
-0.08420045
-0.085823257
-0.086705586
-0.029267282
-0.029814567
-0.030114063
-0.12108104
-0.12334598
-0.12456298
-0.074047439
-0.075353335
-0.076065786
-0.025722251
-0.026160613
-0.026401628
-0.10695805
-0.10874382
-0.10971021
-0.065361842
-0.066381057
-0.066942991
-0.022698087
-0.023038098
-0.023227361
0.029267282
0.029814567
0.030114063
0.08420045
0.085823257
0.086705586
0.13750925
0.14030114
0.14179982
0.025722251
0.026160613
0.026401628
0.074047439
0.075353335
0.076065786
0.12108104
0.12334598
0.12456298
0.022698087
0.023038098
0.023227361
0.065361842
0.066381057
0.066942991
0.10695805
0.10874382
0.10971021
0.030114063
0.029814567
0.029267282
0.086705586
0.085823257
0.08420045
0.14179982
0.14030114
0.13750925
0.026401628
0.026160613
0.025722251
0.076065786
0.075353335
0.074047439
0.12456298
0.12334598
0.12108104
0.023227361
0.023038098
0.022698087
0.066942991
0.066381057
0.065361842
0.10971021
0.10874382
0.10695805
