MFEM mesh v1.0

#
# MFEM Geometry Types (see mesh/geom.hpp):
#
# POINT       = 0
# SEGMENT     = 1
# TRIANGLE    = 2
# SQUARE      = 3
# TETRAHEDRON = 4
# CUBE        = 5
#

dimension
3

elements
5
1 5 12 17 6 3 5 14 1 0
1 5 13 18 15 4 12 19 16 5
1 5 12 19 16 5 3 7 2 0
1 5 20 21 23 22 24 25 27 26
1 5 24 25 27 26 8 10 11 9

boundary
24
29 3 6 3 0 1
29 3 3 7 2 0
29 3 8 10 11 9
29 3 3 6 17 12
29 3 12 17 14 5
29 3 4 13 12 5
29 3 17 6 1 14
29 3 5 14 1 0
29 3 4 15 18 13
29 3 13 18 19 12
29 3 18 15 16 19
29 3 15 4 5 16
29 3 12 19 7 3
29 3 19 16 2 7
29 3 16 5 0 2
29 3 22 23 21 20
29 3 20 21 25 24
29 3 22 20 24 26
29 3 21 23 27 25
29 3 23 22 26 27
29 3 24 25 10 8
29 3 26 24 8 9
29 3 25 27 11 10
29 3 27 26 9 11

vertices
28

nodes
FiniteElementSpace
FiniteElementCollection: H1_3D_P4
VDim: 3
Ordering: 0

-0.34715081
-0.28933241
-0.35824573
-0.35793389
-0.43409041
-0.37954477
-0.29059633
-0.37443101
-0.29108888
-0.20835137
-0.29394633
-0.20955488
-0.40559113
-0.47536606
-0.3019618
-0.47637389
-0.40615364
-0.30755019
-0.56790914
-0.46325474
-0.33785177
-0.34774374
-0.18741678
-0.19139576
-0.30903013
-0.31435986
-0.2020654
-0.20364901
-0.39063827
-0.35935809
-0.32583506
-0.29216009
-0.29691336
-0.30353056
-0.34933903
-0.32840181
-0.30414012
-0.36375315
-0.37819098
-0.39554362
-0.37026921
-0.34674087
-0.318235
-0.29035934
-0.29366951
-0.29875203
-0.3419547
-0.32456875
-0.30238343
-0.3499271
-0.35938497
-0.3719112
-0.38391142
-0.39319094
-0.40174473
-0.3021024
-0.30365143
-0.30616256
-0.28901548
-0.28903983
-0.2899452
-0.34833471
-0.35199212
-0.35596145
-0.49576955
-0.5295954
-0.55644801
-0.49652174
-0.52997348
-0.55655823
-0.4408931
-0.45552042
-0.46976297
-0.44076652
-0.45505814
-0.46893623
-0.41918903
-0.44076155
-0.45671368
-0.41963551
-0.44101229
-0.45679402
-0.38397889
-0.39343822
-0.40219935
-0.41625479
-0.43808012
-0.46196373
-0.54807175
-0.51261288
-0.47970536
-0.46288477
-0.43884384
-0.41688064
-0.4235462
-0.40475981
-0.38772527
-0.36061786
-0.36643162
-0.37191306
-0.36090113
-0.36661505
-0.37197667
-0.3483549
-0.35210224
-0.35620065
-0.38928172
-0.41794066
-0.44722054
-0.36410046
-0.37860789
-0.39605059
-0.34074089
-0.34507082
-0.34742028
-0.32049899
-0.26878628
-0.21775571
-0.18851168
-0.19025126
-0.19125319
-0.31197782
-0.26246378
-0.21310118
-0.31057331
-0.31290806
-0.31418377
-0.29525313
-0.25885162
-0.22259219
-0.20251159
-0.20320476
-0.20359427
-0.2907455
-0.25567889
-0.22050563
-0.33263971
-0.32288074
-0.31360574
-0.34160731
-0.33025772
-0.31959149
-0.19426998
-0.19870743
-0.20214338
-0.19099203
-0.19636169
-0.20036531
-0.29186963
-0.29312824
-0.2938459
-0.27967756
-0.25209714
-0.22422849
-0.2087058
-0.20923203
-0.20951547
-0.27721972
-0.25024311
-0.22282412
-0.29276155
-0.29778388
-0.30476962
-0.29583677
-0.3015448
-0.3095016
-0.2088037
-0.20710647
-0.20498073
-0.20758765
-0.20582331
-0.20353913
-0.35355857
-0.33119978
-0.30616352
-0.36618405
-0.34026817
-0.31229315
-0.38154327
-0.35225643
-0.3207211
-0.38718377
-0.3568144
-0.32405731
-0.37990056
-0.35158797
-0.32076654
-0.37239407
-0.34740351
-0.31853119
-0.30231813
-0.29599157
-0.29145809
-0.30015359
-0.29447191
-0.29041172
-0.29886094
-0.29371856
-0.29023447
-0.3033134
-0.3272127
-0.34766814
-0.30211391
-0.32508592
-0.34444749
-0.30197472
-0.32423217
-0.34203324
-0.36155375
-0.37543623
-0.39211471
-0.3569604
-0.36944838
-0.38441393
-0.35226131
-0.36269208
-0.37595188
-0.36333301
-0.34119965
-0.31418122
-0.3520402
-0.33220084
-0.30775763
-0.34395934
-0.32618616
-0.30358652
-0.45403371
-0.47289055
-0.48923083
-0.47260481
-0.49991555
-0.52085865
-0.48863238
-0.52060375
-0.545878
-0.48106098
-0.51261478
-0.53750841
-0.45487929
-0.48236382
-0.50368578
-0.43092895
-0.45453471
-0.47236502
-0.53761231
-0.51296721
-0.48175341
-0.50377845
-0.48266995
-0.45546312
-0.47244893
-0.45480196
-0.43141818
-0.45676865
-0.44353951
-0.42989168
-0.433621
-0.42221447
-0.41030497
-0.41250547
-0.40283371
-0.39253981
-0.42977511
-0.44311716
-0.45601349
-0.41020839
-0.42186677
-0.43299662
-0.39246257
-0.40255403
-0.41199705
-0.41491029
-0.43545409
-0.45063188
-0.40494612
-0.42275546
-0.43561897
-0.39271535
-0.40510748
-0.41525915
-0.40808774
-0.42743494
-0.44153331
-0.38850493
-0.4033612
-0.41365249
-0.37067151
-0.37935542
-0.38630909
-0.44161126
-0.42767182
-0.40849722
-0.41372651
-0.40358014
-0.38885829
-0.38637647
-0.37955429
-0.3709815
-0.39252183
-0.38463232
-0.37601068
-0.37576568
-0.36961756
-0.36273477
-0.36182362
-0.35709068
-0.35228998
-0.35857531
-0.36421947
-0.36954055
-0.35435673
-0.35949781
-0.3643369
-0.35020335
-0.35444392
-0.35878782
-0.21439889
-0.21643753
-0.21759242
-0.26425588
-0.26702811
-0.2685706
-0.31443428
-0.31817091
-0.32021445
-0.33526041
-0.33918594
-0.34131435
-0.32503629
-0.3282656
-0.33001673
-0.31534785
-0.31796863
-0.31939511
-0.31597715
-0.26730543
-0.2191905
-0.30743491
-0.2640603
-0.22106209
-0.299272
-0.26061667
-0.22218707
-0.19415378
-0.19333422
-0.19190035
-0.19862519
-0.19804293
-0.19701654
-0.20208154
-0.20164268
-0.20086429
-0.21521495
-0.26170316
-0.30829403
-0.21805816
-0.25959658
-0.30116403
-0.21984455
-0.25705064
-0.29420593
-0.29202884
-0.29400815
-0.29510034
-0.25656716
-0.25796051
-0.25874206
-0.22108913
-0.22200437
-0.22251958
-0.3061315
-0.30820467
-0.3093444
-0.29884383
-0.30049514
-0.30141693
-0.29361047
-0.29496268
-0.29573009
-0.29151376
-0.25719067
-0.22291682
-0.28543726
-0.2545049
-0.22342434
-0.28112141
-0.25266729
-0.22392893
-0.20493117
-0.20457821
-0.20394688
-0.20706315
-0.20675318
-0.20619165
-0.20876354
-0.20847443
-0.2079427
-0.22103587
-0.25436178
-0.28751091
-0.22181917
-0.25219922
-0.28224127
-0.22248023
-0.25070432
-0.27848343
-0.27787947
-0.27896491
-0.27958903
-0.2507421
-0.2515595
-0.25203049
-0.22321995
-0.22383653
-0.22418011
-0.37847061
-0.35001509
-0.31916291
-0.36374473
-0.3385397
-0.31110418
-0.35167275
-0.32989329
-0.30525924
-0.37196963
-0.34541759
-0.31631295
-0.35873949
-0.33513702
-0.30907545
-0.3479752
-0.32747092
-0.30386022
-0.36522599
-0.3417654
-0.31441819
-0.3535345
-0.3325911
-0.30789413
-0.34471357
-0.3262018
-0.30346175
-0.47445667
-0.50429848
-0.52775671
-0.45954055
-0.48505626
-0.50453558
-0.44218473
-0.45980326
-0.47500701
-0.44923227
-0.4752733
-0.49542392
-0.43632269
-0.45865414
-0.47547796
-0.42110436
-0.43654214
-0.44969446
-0.4262027
-0.44863317
-0.46555422
-0.4152137
-0.43456034
-0.44881
-0.40198459
-0.41539368
-0.42658707
-0.40430405
-0.42277525
-0.43624254
-0.39531111
-0.41142349
-0.42292967
-0.38417764
-0.39545594
-0.40462171
-0.38546882
-0.39973595
-0.40964559
-0.37849367
-0.39120078
-0.39987744
-0.36950982
-0.37861183
-0.38573911
-0.36835274
-0.37676038
-0.38352616
-0.36309512
-0.37078876
-0.37688888
-0.35716208
-0.3631937
-0.36858746
-0.31050931
-0.31387889
-0.31572065
-0.26329229
-0.26574921
-0.26711457
-0.21632693
-0.21806858
-0.21905167
-0.30297002
-0.30572075
-0.30722529
-0.26086114
-0.26281932
-0.26390812
-0.2189006
-0.22021712
-0.22095769
-0.29565682
-0.29788004
-0.29910157
-0.25805472
-0.25961997
-0.26049433
-0.22050048
-0.22152774
-0.22210561
-0.28864233
-0.2904007
-0.29137708
-0.25514849
-0.25639136
-0.25709236
-0.22156084
-0.22238628
-0.22285127
-0.28312508
-0.28453218
-0.28532553
-0.25282965
-0.25384436
-0.25442334
-0.22226707
-0.22297174
-0.22336842
-0.27919823
-0.28036144
-0.28102731
-0.25123513
-0.25209953
-0.25259714
-0.22288691
-0.22352269
-0.22387885
-0.15089524
-0.15787405
-0.091303978
-0.16068586
-0.27129336
-0.19162046
-0.17173982
-0.091154634
-0.08932113
-0.089606109
3.2123222e-16
3.02278e-16
-0.21804425
-0.31402035
-0.2121121
-0.1608673
-0.11334521
-0.26614876
-0.17478571
-0.12024882
-0.16586463
2.3055129e-16
-0.16964304
2.3355121e-16
-0.11564168
2.8376897e-16
-0.11722119
3.0083916e-16
-0.23016397
-0.24847525
-0.26119594
-0.18707752
-0.21703984
-0.24848958
-0.16255956
-0.16656143
-0.17016528
-0.16731724
-0.18426962
-0.20540837
-0.19517582
-0.2027014
-0.20928614
-0.1640703
-0.18008482
-0.20011479
-0.15167247
-0.15408858
-0.15665239
-0.15416343
-0.16567043
-0.1815867
-0.19609831
-0.20556231
-0.21419154
-0.22486528
-0.2450148
-0.25997754
-0.16007141
-0.16493679
-0.16958679
-0.15195994
-0.15527244
-0.1588859
-0.29404428
-0.251012
-0.20235027
-0.16214415
-0.16646321
-0.17195521
-0.25872691
-0.22606536
-0.18502113
-0.27824531
-0.29308037
-0.30740682
-0.20421187
-0.1738183
-0.1395184
-0.11398714
-0.11611165
-0.11883121
-0.18297142
-0.15984484
-0.13054999
-0.23175616
-0.26086442
-0.29439277
-0.16355238
-0.14439285
-0.12790452
-0.15089348
-0.13404733
-0.11981455
-0.25471353
-0.2266368
-0.20266471
-0.15211937
-0.13079208
-0.10550734
-0.090785058
-0.090323234
-0.090736551
-0.14576648
-0.12818847
-0.10512039
-0.094173554
-0.10228573
-0.11332984
-0.093117242
-0.098879639
-0.10762835
-0.13856966
-0.084881578
-0.029516511
2.435898e-16
2.1895831e-16
2.5372357e-16
-0.1413401
-0.086235197
-0.029923696
-0.16733519
-0.16936004
-0.16998188
-0.096499052
-0.05901286
-0.020504594
2.7460903e-16
2.900956e-16
3.1069214e-16
-0.097593971
-0.059478223
-0.020626863
-0.11634773
-0.11728615
-0.11747761
-0.15545395
-0.13779032
-0.12265416
2.4579903e-16
2.1998485e-16
2.8289492e-16
2.5740943e-16
2.85446e-16
2.7052966e-16
-0.15874692
-0.14032065
-0.12454269
-0.074667928
-0.045764632
-0.015917168
3.1996503e-16
3.0709161e-16
2.8818726e-16
-0.07475662
-0.045679846
-0.015860183
-0.089498169
-0.08977829
-0.089774343
-0.091962585
-0.099251318
-0.10931517
3.1814995e-16
2.9465457e-16
2.8717709e-16
3.0301481e-16
3.0427018e-16
2.9671594e-16
-0.092379633
-0.10004409
-0.11060583
-0.17334507
-0.18012002
-0.18510962
-0.19349585
-0.20597141
-0.21393386
-0.21662252
-0.23302815
-0.2442264
-0.22589082
-0.24327164
-0.25533267
-0.21592562
-0.23086587
-0.24099473
-0.20368513
-0.21385406
-0.22169056
-0.24313865
-0.21306839
-0.18444006
-0.22993616
-0.20352123
-0.17823792
-0.21188855
-0.189734
-0.17044482
-0.16807181
-0.16458761
-0.16071193
-0.16353784
-0.16041411
-0.15692072
-0.15879693
-0.15604741
-0.15324465
-0.16526242
-0.18159931
-0.20200594
-0.16095374
-0.17575321
-0.19430083
-0.15647806
-0.16902326
-0.18571895
-0.18491698
-0.19176939
-0.19763877
-0.16842607
-0.17379511
-0.17817857
-0.15606893
-0.15951419
-0.16264924
-0.26296356
-0.22831171
-0.18662735
-0.27555606
-0.23668009
-0.19208816
-0.28804411
-0.2463391
-0.19888004
-0.27563491
-0.2351727
-0.18942977
-0.24420907
-0.20814323
-0.16738698
-0.2169852
-0.18476925
-0.14837016
-0.16098102
-0.1559836
-0.15205021
-0.14229552
-0.13820877
-0.13499047
-0.12625939
-0.12306748
-0.12055805
-0.17360283
-0.2122089
-0.24292178
-0.15431286
-0.18879851
-0.21617972
-0.13798796
-0.16894248
-0.19342949
-0.26118632
-0.2750077
-0.28828931
-0.23227065
-0.24429004
-0.25568537
-0.20753791
-0.2178755
-0.2274613
-0.20075295
-0.17125279
-0.13771681
-0.19334774
-0.16584551
-0.13421061
-0.18553066
-0.16108254
-0.13138135
-0.19240191
-0.16380863
-0.13145861
-0.17300687
-0.14739646
-0.11853085
-0.15753953
-0.13501731
-0.10901333
-0.11213816
-0.10988468
-0.10816445
-0.10147003
-0.1000964
-0.099211079
-0.093665525
-0.092986121
-0.093068679
-0.12393754
-0.1517377
-0.17355335
-0.11377479
-0.13902185
-0.1587184
-0.10712092
-0.13057107
-0.14842528
-0.15062409
-0.12980493
-0.10490761
-0.1477705
-0.12811263
-0.10419095
-0.14571643
-0.12768813
-0.10452191
-0.14164048
-0.086434922
-0.029995169
-0.14120397
-0.086242773
-0.029942666
-0.13966808
-0.085447034
-0.029692697
-0.12982992
-0.079488164
-0.027633154
-0.11501304
-0.070356151
-0.02444767
-0.10234344
-0.062580221
-0.021741869
2.3429298e-16
2.3966927e-16
2.5862972e-16
2.2906211e-16
2.6946661e-16
2.7752147e-16
2.560901e-16
2.8481893e-16
3.008757e-16
-0.027972101
-0.080634779
-0.13222365
-0.024689047
-0.071197013
-0.11682679
-0.021903646
-0.063169354
-0.10367295
-0.15908524
-0.15857312
-0.15677511
-0.14063554
-0.14027912
-0.13885517
-0.12482037
-0.12457836
-0.12348153
-0.097005753
-0.059253711
-0.020574887
-0.097698134
-0.059590395
-0.020675364
-0.097815145
-0.05962164
-0.020678046
-0.091236675
-0.055816147
-0.019398039
-0.082920746
-0.050796691
-0.017664657
-0.076897866
-0.047147628
-0.016401462
2.9543792e-16
2.9379046e-16
2.9024524e-16
3.011023e-16
2.6417284e-16
2.9556513e-16
2.9998374e-16
3.0610709e-16
3.0140816e-16
-0.019482065
-0.05616291
-0.09211013
-0.017680737
-0.05093405
-0.083409083
-0.016365357
-0.047125026
-0.077094113
-0.1108422
-0.11069601
-0.10990701
-0.10024636
-0.10017525
-0.099638609
-0.092557078
-0.092542063
-0.092196386
-0.074756711
-0.045769703
-0.015909231
-0.074928165
-0.045813685
-0.015912697
-0.074899175
-0.045770503
-0.01589226
-0.21287484
-0.22848485
-0.2391391
-0.19055924
-0.20250388
-0.21013544
-0.1711901
-0.1777321
-0.18257104
-0.20394952
-0.21745252
-0.2264525
-0.18378565
-0.19433093
-0.20090522
-0.16628273
-0.17222272
-0.17651342
-0.19286753
-0.20211345
-0.20912934
-0.17499069
-0.18235586
-0.18760686
-0.16071074
-0.16523466
-0.1689424
-0.27009921
-0.23088164
-0.18626342
-0.25853502
-0.22198117
-0.18005713
-0.24682551
-0.21425934
-0.17505993
-0.23952302
-0.20455499
-0.1647793
-0.22963549
-0.19704791
-0.15965062
-0.21951472
-0.19050809
-0.15551065
-0.21311441
-0.18185914
-0.14629806
-0.20485203
-0.1757233
-0.14223117
-0.19624158
-0.17033706
-0.13894106
-0.18935962
-0.16158805
-0.12992546
-0.18281003
-0.1569065
-0.12697707
-0.17582987
-0.15280226
-0.12463481
-0.17065251
-0.14576004
-0.11744763
-0.16575995
-0.14248093
-0.11555525
-0.16048343
-0.13975563
-0.11422127
-0.15580324
-0.13387979
-0.10829949
-0.15237312
-0.13177794
-0.10725583
-0.14930097
-0.13071396
-0.10709957
-0.13081255
-0.079990154
-0.027788665
-0.13217104
-0.080688158
-0.028006558
-0.13252258
-0.080833821
-0.02804382
-0.11579818
-0.070750675
-0.024568319
-0.11686695
-0.071291967
-0.024735411
-0.1171026
-0.071379063
-0.024754501
-0.10294467
-0.062873767
-0.021829526
-0.10376038
-0.063278099
-0.021952159
-0.10391369
-0.063326445
-0.021959875
-0.091653474
-0.056006592
-0.019451621
-0.092228775
-0.05627826
-0.019530676
-0.092312881
-0.056293657
-0.01952861
-0.083176407
-0.050896274
-0.01768816
-0.083552707
-0.051056621
-0.017730417
-0.083581263
-0.051044153
-0.017719789
-0.077032856
-0.047179848
-0.016402686
-0.077258327
-0.047255398
-0.016416861
-0.077244453
-0.047220748
-0.016399226
0.14945863
0.15633221
0.15915685
0.090262432
0.26924666
0.18998382
0.088288133
0.090084957
0.17002888
0.17256831
0.1760707
0.17881949
0.11222493
0.15964417
0.21027127
0.31136231
0.21613735
0.11461186
0.17346291
0.11908157
0.38645085
0.41419046
0.402592
0.4320356
0.26348491
0.27866566
0.27180783
0.2880561
0.11199343
0.11253938
0.11386269
0.090931252
0.098225943
0.10828945
0.089472391
0.088410032
0.088196537
0.092064315
0.097803802
0.10652499
0.19354328
0.20102674
0.20751704
0.16251333
0.17845382
0.19836022
0.15024146
0.15264431
0.15515387
0.15271841
0.16417758
0.18000844
0.18135535
0.1583609
0.12928398
0.19621657
0.16621894
0.13308542
0.14793015
0.12697354
0.10226924
0.14433866
0.12684373
0.10395195
0.16089249
0.16518011
0.17064716
0.29162943
0.24903778
0.2008038
0.27613628
0.29077581
0.30487214
0.25673459
0.22431681
0.18360312
0.11284866
0.11495525
0.11766736
0.20240951
0.17223151
0.1381924
0.19443659
0.20381286
0.21233908
0.118675
0.13286872
0.14968106
0.16225219
0.14314676
0.12671274
0.29186293
0.25859295
0.22973249
0.25273264
0.22479615
0.20096242
0.089733496
0.089261146
0.089668962
0.1505937
0.12938092
0.10429827
0.15051588
0.15379964
0.15737659
0.093085637
0.10117007
0.11218353
0.16577576
0.18262906
0.20360883
0.39523207
0.40728572
0.41336589
0.42182529
0.43098967
0.43340561
0.41198411
0.42477035
0.43117185
0.39314814
0.40130897
0.40364944
0.26836343
0.27494816
0.27822126
0.28277478
0.28758808
0.28879124
0.27705043
0.2840969
0.28758494
0.26711483
0.27137338
0.27244767
0.36178432
0.31936297
0.28173224
0.38717943
0.34052527
0.29891421
0.40346336
0.35403068
0.30972461
0.37643935
0.3314124
0.29132139
0.17186915
0.1745044
0.17588134
0.17738769
0.17895827
0.17922089
0.17448112
0.17720755
0.1786252
0.17124709
0.17270107
0.1729425
0.18524811
0.21494763
0.24605043
0.19253377
0.22495462
0.2593506
0.19613708
0.23051561
0.26737849
0.1885493
0.21994794
0.2531775
0.091596423
0.090797488
0.090780169
0.097545896
0.097400344
0.097863592
0.10629362
0.10664079
0.10768098
0.12910389
0.13014054
0.13204352
0.15840891
0.16103693
0.16456581
0.18268821
0.18841882
0.19379275
0.12570965
0.11391397
0.10533398
0.15699302
0.14192119
0.13068766
0.18518121
0.16709876
0.15278717
0.10204304
0.10204227
0.10305165
0.12645195
0.12562307
0.1259981
0.14699852
0.1451543
0.14395706
0.10594035
0.11256802
0.12269518
0.12921515
0.13763338
0.1502929
0.1469877
0.15723672
0.17199163
0.18334317
0.19016075
0.19594771
0.16693813
0.17228326
0.17659977
0.15462967
0.15805891
0.16113734
0.26093172
0.27340042
0.28571988
0.22652673
0.23483888
0.24441462
0.18517858
0.19060179
0.19735723
0.15081145
0.15471692
0.15969327
0.13378948
0.13698553
0.14105776
0.11939926
0.12189
0.12507237
0.18791686
0.233261
0.27332256
0.16595074
0.20636551
0.24210739
0.14700973
0.18312221
0.21508675
0.28587089
0.27279692
0.25915115
0.25350183
0.24227052
0.23038924
0.22550295
0.21603988
0.20580605
0.24098772
0.21049824
0.17220345
0.21437353
0.1871772
0.15296413
0.19175183
0.16741403
0.13669492
0.13009663
0.13290529
0.13639873
0.15957831
0.16431482
0.16968683
0.18389772
0.19166051
0.19899022
0.10704341
0.10874658
0.11099383
0.098117488
0.098985529
0.10035554
0.091998806
0.091904104
0.092579338
0.1301618
0.16227373
0.19068407
0.1172739
0.14593159
0.17141268
0.10778674
0.13358825
0.15600634
0.2002505
0.19262982
0.18412033
0.17998741
0.17419653
0.1675156
0.16374102
0.15946898
0.15502341
0.10334202
0.10299732
0.10370396
0.12633257
0.12673776
0.12840691
0.14427814
0.14630209
0.14911808
0.41313063
0.42605276
0.43253193
0.41074798
0.42363908
0.43011512
0.40225319
0.4147066
0.42097818
0.36985196
0.38088249
0.38642884
0.32613164
0.33531709
0.33990495
0.28726037
0.29470921
0.2984144
0.39416782
0.40251751
0.40470743
0.34635146
0.35325369
0.35504859
0.30362172
0.30914107
0.31054942
0.40267442
0.3968156
0.38508403
0.35337468
0.34849956
0.33868642
0.30919433
0.30524412
0.29726793
0.37742229
0.37533353
0.36791556
0.33224975
0.3305884
0.32447941
0.29202619
0.29075595
0.28587858
0.27216228
0.27895032
0.28231968
0.27660075
0.28363199
0.28711722
0.27771889
0.28480612
0.28831745
0.2503313
0.25609025
0.25896279
0.21811326
0.22245898
0.22465524
0.18751016
0.1906777
0.19231038
0.26290734
0.26703351
0.26803928
0.22746008
0.23039481
0.23105367
0.19422107
0.19620009
0.19658122
0.2669685
0.26391487
0.25776684
0.23020279
0.22789434
0.22330617
0.19590722
0.19421484
0.19091769
0.25376259
0.25286987
0.24920709
0.22043732
0.21984969
0.21720536
0.18896016
0.18861404
0.18679564
0.1731223
0.17579973
0.17719616
0.17461397
0.17734283
0.17876349
0.17486297
0.17760115
0.17902574
0.12250476
0.12328809
0.12484093
0.11233878
0.11250488
0.1133494
0.10543989
0.10478571
0.10502881
0.15031393
0.15255104
0.15557935
0.13757945
0.13890391
0.14092425
0.128815
0.12891834
0.1300578
0.17319692
0.17833191
0.18306613
0.15820056
0.16204631
0.16550353
0.14731938
0.14936895
0.15166695
0.17363232
0.17859621
0.18477109
0.21251555
0.22018801
0.22901445
0.24485698
0.25645648
0.26786861
0.15413836
0.15825199
0.163358
0.18885968
0.19536163
0.20281171
0.21768254
0.22771814
0.23748566
0.13762803
0.14089641
0.14494757
0.16878642
0.17414333
0.18023712
0.19454439
0.20309111
0.21126352
0.12337417
0.12569701
0.12863455
0.1513382
0.15541843
0.16007003
0.17425285
0.18118719
0.18767393
0.11299606
0.11431032
0.11619516
0.13834848
0.14105077
0.14430783
0.15898818
0.16423031
0.16908019
0.10590094
0.10604248
0.1070778
0.12933997
0.13038352
0.13246336
0.14784936
0.15089347
0.15428839
0.37628006
0.38767569
0.39339682
0.38400643
0.39580862
0.40172077
0.38614202
0.39798678
0.40391026
0.33149488
0.34098223
0.34571451
0.33786396
0.34769781
0.35259448
0.33957647
0.34946756
0.35438714
0.29160373
0.29929062
0.30310925
0.2966899
0.30465781
0.30861038
0.29800856
0.30603618
0.31001576
0.25363169
0.25955912
0.2625113
0.25744451
0.26357543
0.26662422
0.25837524
0.26455529
0.26762741
0.22046193
0.22491127
0.22715609
0.2231995
0.22777701
0.23008244
0.22381062
0.22841924
0.23073971
0.18911155
0.19233594
0.19399596
0.1909809
0.19427662
0.19597019
0.19133917
0.19465001
0.19635074
