MFEM mesh v1.0

#
# MFEM Geometry Types (see mesh/geom.hpp):
#
# POINT       = 0
# SEGMENT     = 1
# TRIANGLE    = 2
# SQUARE      = 3
# TETRAHEDRON = 4
# CUBE        = 5
#

dimension
3

elements
5
1 5 6 7 10 9 12 13 16 15
1 5 7 8 11 10 13 14 17 16
1 5 8 1 0 11 14 3 2 17
1 5 13 14 17 16 18 19 21 20
1 5 14 3 2 17 19 5 4 21

boundary
20
45 3 1 0 2 3
45 3 3 2 4 5
45 3 9 10 7 6
45 3 10 11 8 7
45 3 11 0 1 8
45 3 6 7 13 12
45 3 7 8 14 13
45 3 8 1 3 14
45 3 9 6 12 15
45 3 10 9 15 16
45 3 12 13 16 15
45 3 11 10 16 17
45 3 0 11 17 2
45 3 13 14 19 18
45 3 14 3 5 19
45 3 16 13 18 20
45 3 17 16 20 21
45 3 18 19 21 20
45 3 2 17 21 4
45 3 19 5 4 21

vertices
22

nodes
FiniteElementSpace
FiniteElementCollection: H1_3D_P4
VDim: 3
Ordering: 0

-0.13198986
-0.34167788
-0.18130226
-0.3240448
-0.19962217
-0.3019618
-0.36480918
-0.38137006
-0.36480918
-0.14693255
-0.16007234
-0.14693255
-0.33785177
-0.34774374
-0.33785177
-0.18741678
-0.19139576
-0.18741678
-0.31435986
-0.30903013
-0.20364901
-0.2020654
-0.36964025
-0.37688296
-0.38082685
-0.34214564
-0.26796628
-0.19613208
-0.15020639
-0.15591435
-0.15953404
-0.32725209
-0.25526002
-0.183783
-0.34074089
-0.34507082
-0.34742028
-0.32049899
-0.26878628
-0.21775571
-0.18851168
-0.19025126
-0.19125319
-0.31197782
-0.26246378
-0.21310118
-0.3609721
-0.35248796
-0.34303087
-0.37620851
-0.36541918
-0.35390841
-0.1682478
-0.1798876
-0.18802295
-0.15761784
-0.17270959
-0.18317521
-0.38082685
-0.37688296
-0.36964025
-0.32725209
-0.25526002
-0.183783
-0.15953404
-0.15591435
-0.15020639
-0.34742028
-0.34507082
-0.34074089
-0.31197782
-0.26246378
-0.21310118
-0.19125319
-0.19025126
-0.18851168
-0.3609721
-0.35248796
-0.34303087
-0.15761784
-0.17270959
-0.18317521
-0.34316238
-0.34996101
-0.35966667
-0.16880044
-0.2387523
-0.30704892
-0.13383333
-0.13823026
-0.14372153
-0.324875
-0.32895995
-0.33476008
-0.20630292
-0.25382808
-0.30036399
-0.18219598
-0.18412556
-0.18627115
-0.33979507
-0.33449819
-0.32785839
-0.14441743
-0.16274193
-0.17590544
-0.31418377
-0.31290806
-0.31057331
-0.2907455
-0.25567889
-0.22050563
-0.20359427
-0.20320476
-0.20251159
-0.29525313
-0.25885162
-0.22259219
-0.34160731
-0.33025772
-0.31959149
-0.33263971
-0.32288074
-0.31360574
-0.19099203
-0.19636169
-0.20036531
-0.19426998
-0.19870743
-0.20214338
-0.30235239
-0.30439045
-0.3073957
-0.21762263
-0.25171178
-0.28502009
-0.19994383
-0.20070541
-0.20159366
-0.32012587
-0.31264529
-0.30547574
-0.1858554
-0.19264151
-0.19758486
-0.18700426
-0.19238561
-0.19565416
-0.25878631
-0.26434526
-0.26751745
-0.33153205
-0.33805434
-0.34164523
-0.36540604
-0.37207534
-0.37570695
-0.35625454
-0.36191483
-0.36499448
-0.34620424
-0.35096616
-0.35355198
-0.33949438
-0.27004178
-0.20247887
-0.33286129
-0.27119356
-0.21078525
-0.32494439
-0.27000139
-0.21590076
-0.16783366
-0.16499801
-0.16036125
-0.17962012
-0.17776339
-0.17462766
-0.18784822
-0.18662171
-0.18450132
-0.19204787
-0.25873303
-0.32589833
-0.20324227
-0.26219677
-0.3214966
-0.210421
-0.26286321
-0.315515
-0.31443428
-0.31817091
-0.32021445
-0.26425588
-0.26702811
-0.2685706
-0.21439889
-0.21643753
-0.21759242
-0.19565416
-0.19238561
-0.18700426
-0.26751745
-0.26434526
-0.25878631
-0.34164523
-0.33805434
-0.33153205
-0.37570695
-0.37207534
-0.36540604
-0.36499448
-0.36191483
-0.35625454
-0.35355198
-0.35096616
-0.34620424
-0.32589833
-0.25873303
-0.19204787
-0.3214966
-0.26219677
-0.20324227
-0.315515
-0.26286321
-0.210421
-0.16036125
-0.16499801
-0.16783366
-0.17462766
-0.17776339
-0.17962012
-0.18450132
-0.18662171
-0.18784822
-0.32021445
-0.31817091
-0.31443428
-0.2685706
-0.26702811
-0.26425588
-0.21759242
-0.21643753
-0.21439889
-0.18054652
-0.17487494
-0.1704785
-0.25160372
-0.24501173
-0.24022549
-0.32271961
-0.31434319
-0.30849305
-0.35622785
-0.34734466
-0.3410816
-0.34846062
-0.34091815
-0.33559438
-0.33963335
-0.33326635
-0.32877402
-0.30750536
-0.24384639
-0.17868802
-0.30605545
-0.25006903
-0.1928337
-0.30266349
-0.25312382
-0.20251828
-0.14612669
-0.15008136
-0.15487905
-0.16411923
-0.1671884
-0.17074683
-0.17695402
-0.17923377
-0.18179575
-0.30935537
-0.30453904
-0.30114974
-0.2605737
-0.25713871
-0.254594
-0.21173834
-0.2092239
-0.20713919
-0.34131435
-0.33918594
-0.33526041
-0.33001673
-0.3282656
-0.32503629
-0.31939511
-0.31796863
-0.31534785
-0.30829403
-0.26170316
-0.21521495
-0.30116403
-0.25959658
-0.21805816
-0.29420593
-0.25705064
-0.21984455
-0.19190035
-0.19333422
-0.19415378
-0.19701654
-0.19804293
-0.19862519
-0.20086429
-0.20164268
-0.20208154
-0.2191905
-0.26730543
-0.31597715
-0.22106209
-0.2640603
-0.30743491
-0.22218707
-0.26061667
-0.299272
-0.29510034
-0.29400815
-0.29202884
-0.25874206
-0.25796051
-0.25656716
-0.22251958
-0.22200437
-0.22108913
-0.32983388
-0.32457055
-0.32086956
-0.32057555
-0.31625735
-0.31323962
-0.3117522
-0.30830737
-0.30593287
-0.29784343
-0.2540722
-0.20937696
-0.29272637
-0.25361737
-0.2136803
-0.28758492
-0.25244923
-0.21653219
-0.18661116
-0.18823856
-0.19003729
-0.19318322
-0.19436251
-0.19567031
-0.19796853
-0.19884247
-0.19983734
-0.28939246
-0.28698009
-0.28536742
-0.25475616
-0.25313792
-0.25201815
-0.21989547
-0.2187916
-0.21793411
-0.32979719
-0.33575761
-0.33903606
-0.26188492
-0.26683894
-0.26964539
-0.19482517
-0.19938277
-0.20208792
-0.32476265
-0.32974547
-0.33247989
-0.26472723
-0.26867058
-0.27088286
-0.20530277
-0.20860373
-0.21051279
-0.31822995
-0.32236515
-0.32462877
-0.26488238
-0.2680123
-0.26975701
-0.21194064
-0.21434038
-0.21570701
-0.33903606
-0.33575761
-0.32979719
-0.26964539
-0.26683894
-0.26188492
-0.20208792
-0.19938277
-0.19482517
-0.33247989
-0.32974547
-0.32476265
-0.27088286
-0.26867058
-0.26472723
-0.21051279
-0.20860373
-0.20530277
-0.32462877
-0.32236515
-0.31822995
-0.26975701
-0.2680123
-0.26488238
-0.21570701
-0.21434038
-0.21194064
-0.3217418
-0.31412677
-0.30876158
-0.25543846
-0.24951583
-0.24516037
-0.18921879
-0.18420264
-0.18022775
-0.31801456
-0.31162817
-0.3071184
-0.25953928
-0.25473058
-0.25116108
-0.20110845
-0.1972413
-0.19408882
-0.31261462
-0.30729291
-0.30353728
-0.2607337
-0.25686778
-0.25399432
-0.20882994
-0.20590724
-0.20348898
-0.31572065
-0.31387889
-0.31050931
-0.26711457
-0.26574921
-0.26329229
-0.21905167
-0.21806858
-0.21632693
-0.30722529
-0.30572075
-0.30297002
-0.26390812
-0.26281932
-0.26086114
-0.22095769
-0.22021712
-0.2189006
-0.29910157
-0.29788004
-0.29565682
-0.26049433
-0.25961997
-0.25805472
-0.22210561
-0.22152774
-0.22050048
-0.30592754
-0.301586
-0.29853907
-0.26002606
-0.25698217
-0.25473724
-0.21404428
-0.21188142
-0.21009033
-0.29923806
-0.29571782
-0.29327099
-0.25826531
-0.25586326
-0.25411821
-0.21717089
-0.21553616
-0.2142001
-0.29266768
-0.28988944
-0.28799431
-0.256001
-0.25413518
-0.25281409
-0.2191559
-0.21790098
-0.21690355
0.46758567
0.44485559
0.31528657
0.3036754
0.21778967
0.2121121
-0.24437637
1.8591148e-16
0.24437637
-0.25398595
1.8559212e-16
0.25398595
-0.16586463
2.3055129e-16
0.16586463
-0.16964304
2.3355121e-16
0.16964304
2.8376897e-16
0.11564168
3.0083916e-16
0.11722119
-0.20448388
-0.12557338
-0.043729249
1.6069779e-16
1.3156904e-16
1.6661364e-16
-0.21223898
-0.13020735
-0.045349813
-0.24730601
-0.25169586
-0.25388973
-0.13856966
-0.084881578
-0.029516511
2.435898e-16
2.1895831e-16
2.5372357e-16
-0.1413401
-0.086235197
-0.029923696
-0.16733519
-0.16936004
-0.16998188
-0.22823611
-0.20083654
-0.17709517
1.9311212e-16
2.4257727e-16
2.4694993e-16
2.1619229e-16
2.137979e-16
2.2862821e-16
-0.23623567
-0.2066377
-0.18144526
0.043729249
0.12557338
0.20448388
0.24730601
0.25169586
0.25388973
0.045349813
0.13020735
0.21223898
0.029516511
0.084881578
0.13856966
0.16733519
0.16936004
0.16998188
0.029923696
0.086235197
0.1413401
0.22823611
0.20083654
0.17709517
0.23623567
0.2066377
0.18144526
0.41438303
0.35159763
0.2828967
0.46733572
0.46242214
0.45213207
0.43483128
0.36757339
0.29452323
0.28287978
0.23966278
0.192319
0.31565884
0.31353625
0.30790332
0.29307751
0.24718607
0.19725523
0.41591536
0.36670259
0.32393415
0.43612428
0.38286968
0.33693966
0.020504594
0.05901286
0.096499052
0.11634773
0.11728615
0.11747761
0.020626863
0.059478223
0.097593971
2.7460903e-16
2.900956e-16
3.1069214e-16
2.4579903e-16
2.1998485e-16
2.8289492e-16
0.15545395
0.13779032
0.12265416
0.15874692
0.14032065
0.12454269
2.5740943e-16
2.85446e-16
2.7052966e-16
0.19792824
0.16767692
0.13426945
0.21816563
0.21729916
0.2144077
0.20283796
0.17115331
0.13641846
0.28486251
0.2528458
0.22514024
0.29522726
0.26114572
0.23166279
-0.21210565
-0.13003088
-0.045258815
-0.2102904
-0.12888639
-0.044841961
-0.20677869
-0.12686193
-0.04415641
-0.19093326
-0.11720976
-0.040808487
-0.16792991
-0.10300863
-0.03584825
-0.14799771
-0.090702167
-0.031549385
2.0058935e-16
1.7463539e-16
1.9449773e-16
2.4091906e-16
1.8640226e-16
1.9066145e-16
2.1804459e-16
2.381549e-16
2.4148236e-16
-0.042022756
-0.12080685
-0.19724401
-0.036597222
-0.10534585
-0.17234366
-0.032042283
-0.092312572
-0.15122037
-0.23629705
-0.23455249
-0.23077791
-0.20688561
-0.20574798
-0.20285043
-0.18177149
-0.18101161
-0.17872887
-0.13966808
-0.085447034
-0.029692697
-0.14120397
-0.086242773
-0.029942666
-0.14164048
-0.086434922
-0.029995169
0.045258815
0.13003088
0.21210565
0.044841961
0.12888639
0.2102904
0.04415641
0.12686193
0.20677869
0.040808487
0.11720976
0.19093326
0.03584825
0.10300863
0.16792991
0.031549385
0.090702167
0.14799771
0.23077791
0.23455249
0.23629705
0.20285043
0.20574798
0.20688561
0.17872887
0.18101161
0.18177149
0.19724401
0.12080685
0.042022756
0.17234366
0.10534585
0.036597222
0.15122037
0.092312572
0.032042283
0.029692697
0.085447034
0.13966808
0.029942666
0.086242773
0.14120397
0.029995169
0.086434922
0.14164048
0.29444388
0.36745801
0.43462228
0.29183638
0.36395783
0.43017651
0.28649159
0.35666057
0.42090501
0.26428064
0.32861585
0.38743877
0.23266944
0.28955741
0.34156596
0.20527694
0.25568786
0.30173867
0.42251916
0.43179238
0.43605368
0.37222526
0.37982462
0.38305416
0.3285702
0.33481722
0.3372694
0.40548465
0.34251766
0.2741395
0.3558902
0.3003555
0.2400323
0.31318847
0.26418836
0.21091434
0.1941902
0.24245935
0.28660151
0.19677436
0.24622763
0.29159062
0.19761602
0.24756195
0.29344791
0.027633154
0.079488164
0.12982992
0.02444767
0.070356151
0.11501304
0.021741869
0.062580221
0.10234344
0.15677511
0.15857312
0.15908524
0.13885517
0.14027912
0.14063554
0.12348153
0.12457836
0.12482037
0.13222365
0.080634779
0.027972101
0.11682679
0.071197013
0.024689047
0.10367295
0.063169354
0.021903646
2.5862972e-16
2.3966927e-16
2.3429298e-16
2.7752147e-16
2.6946661e-16
2.2906211e-16
3.008757e-16
2.8481893e-16
2.560901e-16
0.020574887
0.059253711
0.097005753
0.020675364
0.059590395
0.097698134
0.020678046
0.05962164
0.097815145
0.18030429
0.22480178
0.2653809
0.15991283
0.19956181
0.2356308
0.14240047
0.1778306
0.20995229
0.28871351
0.29378686
0.29562415
0.25604202
0.26016676
0.26155362
0.22773863
0.23102775
0.23205446
0.27445949
0.23146255
0.18463431
0.2428678
0.20481623
0.16327525
0.21560914
0.18188107
0.14494219
0.13519298
0.16912737
0.19992393
0.13641976
0.17098314
0.20245775
0.13670233
0.1714808
0.20319814
-0.19289652
-0.11828691
-0.041159797
-0.19587429
-0.11995747
-0.041715237
-0.19727484
-0.12078794
-0.042004389
-0.16945791
-0.10381932
-0.036106503
-0.17169652
-0.10502403
-0.036495555
-0.17255949
-0.10548003
-0.036641811
-0.14922299
-0.091338228
-0.031748808
-0.150963
-0.092248918
-0.032037023
-0.15150984
-0.092505261
-0.032111464
0.041159797
0.11828691
0.19289652
0.041715237
0.11995747
0.19587429
0.042004389
0.12078794
0.19727484
0.036106503
0.10381932
0.16945791
0.036495555
0.10502403
0.17169652
0.036641811
0.10548003
0.17255949
0.031748808
0.091338228
0.14922299
0.032037023
0.092248918
0.150963
0.032111464
0.092505261
0.15150984
0.26743005
0.33313474
0.39331457
0.27208418
0.33960447
0.40162435
0.27421083
0.34255744
0.40544663
0.23520144
0.29327079
0.34645467
0.23884045
0.29846007
0.35322536
0.24029276
0.30060151
0.35609077
0.20734842
0.25876811
0.30582455
0.21024913
0.26297218
0.31136686
0.21125919
0.26453885
0.31352127
0.027788665
0.079990154
0.13081255
0.028006558
0.080688158
0.13217104
0.02804382
0.080833821
0.13252258
0.024568319
0.070750675
0.11579818
0.024735411
0.071291967
0.11686695
0.024754501
0.071379063
0.1171026
0.021829526
0.062873767
0.10294467
0.021952159
0.063278099
0.10376038
0.021959875
0.063326445
0.10391369
0.18199007
0.22733526
0.2687634
0.18429277
0.23071061
0.27324937
0.18499683
0.23184837
0.27485009
0.16128008
0.2016409
0.23842823
0.16311474
0.20435576
0.24206426
0.1636171
0.20519283
0.24326392
0.14347315
0.17949181
0.21221522
0.14489756
0.181626
0.21510421
0.14524754
0.18222813
0.2159855
0.46185394
0.44195064
0.31136795
0.30113814
0.21539192
0.21027127
0.56997242
0.61371409
0.56997242
0.59957576
0.64614232
0.59957576
0.38645085
0.41419046
0.38645085
0.402592
0.4320356
0.402592
0.27866566
0.26348491
0.2880561
0.27180783
0.58365285
0.60267304
0.612391
0.62657076
0.64272849
0.64790968
0.61424887
0.6344852
0.64475025
0.58118992
0.5955756
0.60067267
0.39523207
0.40728572
0.41336589
0.42182529
0.43098967
0.43340561
0.41198411
0.42477035
0.43117185
0.39314814
0.40130897
0.40364944
0.53243005
0.46852081
0.41289334
0.57303052
0.50364635
0.44307491
0.60170433
0.52701712
0.46261365
0.55872008
0.48993061
0.43065563
0.612391
0.60267304
0.58365285
0.58118992
0.5955756
0.60067267
0.64475025
0.6344852
0.61424887
0.41336589
0.40728572
0.39523207
0.39314814
0.40130897
0.40364944
0.43117185
0.42477035
0.41198411
0.53243005
0.46852081
0.41289334
0.55872008
0.48993061
0.43065563
0.46973924
0.51624223
0.55372698
0.46222311
0.45834295
0.44887885
0.49171042
0.54162967
0.58213856
0.32004085
0.35121805
0.37591429
0.31202038
0.31039262
0.30518175
0.33148008
0.36475777
0.39132055
0.41296592
0.36383415
0.32126787
0.43055685
0.37788529
0.3326584
0.27822126
0.27494816
0.26836343
0.26711483
0.27137338
0.27244767
0.28758494
0.2840969
0.27705043
0.28277478
0.28758808
0.28879124
0.38717943
0.34052527
0.29891421
0.36178432
0.31936297
0.28173224
0.37643935
0.3314124
0.29132139
0.40346336
0.35403068
0.30972461
0.22289799
0.24278426
0.25746065
0.21586872
0.21519722
0.2124856
0.22868636
0.24968568
0.26536697
0.28245896
0.25068918
0.22320164
0.29164895
0.25812781
0.22908341
0.61553415
0.63606057
0.64649452
0.6103858
0.63088092
0.6413128
0.59541916
0.61514261
0.62520489
0.54514903
0.56280097
0.57180548
0.47955959
0.49482946
0.50259148
0.4224206
0.4355375
0.4421745
0.58468629
0.59915044
0.60348853
0.51345329
0.52541083
0.52871684
0.45139929
0.46143782
0.46410683
0.60042583
0.59097798
0.57229908
0.52591994
0.51780266
0.50169043
0.4616736
0.45470744
0.44082685
0.55990668
0.55556418
0.54263358
0.49114359
0.48782796
0.47712321
0.43178166
0.42915594
0.42019695
0.40225319
0.4147066
0.42097818
0.41074798
0.42363908
0.43011512
0.41313063
0.42605276
0.43253193
0.64649452
0.63606057
0.61553415
0.6413128
0.63088092
0.6103858
0.62520489
0.61514261
0.59541916
0.57180548
0.56280097
0.54514903
0.50259148
0.49482946
0.47955959
0.4421745
0.4355375
0.4224206
0.54263358
0.55556418
0.55990668
0.47712321
0.48782796
0.49114359
0.42019695
0.42915594
0.43178166
0.57229908
0.59097798
0.60042583
0.50169043
0.51780266
0.52591994
0.44082685
0.45470744
0.4616736
0.42097818
0.4147066
0.40225319
0.43011512
0.42363908
0.41074798
0.43253193
0.42605276
0.41313063
0.58305048
0.54222161
0.49210718
0.57803523
0.53750592
0.48786941
0.56434625
0.52539906
0.47745792
0.51732042
0.4823753
0.43898233
0.45536833
0.42483868
0.38675068
0.40149714
0.37489046
0.34146914
0.41924353
0.4277462
0.43105346
0.36908643
0.37605462
0.37851789
0.32569182
0.3314497
0.3333211
0.45842286
0.50492371
0.54255988
0.4023565
0.44308078
0.4758955
0.35417744
0.38987138
0.41847786
0.38226065
0.35666775
0.32458606
0.39001148
0.36347732
0.33036054
0.392291
0.36556681
0.33217253
0.38642884
0.38088249
0.36985196
0.33990495
0.33531709
0.32613164
0.2984144
0.29470921
0.28726037
0.36791556
0.37533353
0.37742229
0.32447941
0.3305884
0.33224975
0.28587858
0.29075595
0.29202619
0.38508403
0.3968156
0.40267442
0.33868642
0.34849956
0.35337468
0.29726793
0.30524412
0.30919433
0.40470743
0.40251751
0.39416782
0.35504859
0.35325369
0.34635146
0.31054942
0.30914107
0.30362172
0.28231968
0.27895032
0.27216228
0.28711722
0.28363199
0.27660075
0.28831745
0.28480612
0.27771889
0.35207639
0.32920017
0.30014402
0.31115096
0.29155727
0.26625401
0.27497131
0.25857
0.23682035
0.2861507
0.29086168
0.29227989
0.25376493
0.25761892
0.25870096
0.22570779
0.2287917
0.22959332
0.31044215
0.3414331
0.36604287
0.27462007
0.30154476
0.32260746
0.24345974
0.26650272
0.28407941
0.26091316
0.24576987
0.2253995
0.26495521
0.24933225
0.2284246
0.26597969
0.25024085
0.22918884
0.55584502
0.57411887
0.58342455
0.56928322
0.58822612
0.59784649
0.57365628
0.59259403
0.60218973
0.48857504
0.50435965
0.51236883
0.49969918
0.5160301
0.52429258
0.50304097
0.51936504
0.5276036
0.4300764
0.44362879
0.45047423
0.43939563
0.45341891
0.46048339
0.44205749
0.45609762
0.46315485
0.58342455
0.57411887
0.55584502
0.59784649
0.58822612
0.56928322
0.60218973
0.59259403
0.57365628
0.51236883
0.50435965
0.48857504
0.52429258
0.5160301
0.49969918
0.5276036
0.51936504
0.50304097
0.45047423
0.44362879
0.4300764
0.46048339
0.45341891
0.43939563
0.46315485
0.45609762
0.44205749
0.52698793
0.49071343
0.44599917
0.53929716
0.50160913
0.45534683
0.54357817
0.50564483
0.4589601
0.46352128
0.43185892
0.39263549
0.47370936
0.44085815
0.40032194
0.47697321
0.44391615
0.4030325
0.40841861
0.38083904
0.34643861
0.41693352
0.38833366
0.35280815
0.41950165
0.39070763
0.35488283
0.39339682
0.38767569
0.37628006
0.40172077
0.39580862
0.38400643
0.40391026
0.39798678
0.38614202
0.34571451
0.34098223
0.33149488
0.35259448
0.34769781
0.33786396
0.35438714
0.34946756
0.33957647
0.30310925
0.29929062
0.29160373
0.30861038
0.30465781
0.2966899
0.31001576
0.30603618
0.29800856
0.35788753
0.3341882
0.30430032
0.3649276
0.34036417
0.30952704
0.36695301
0.34220545
0.31111172
0.31600342
0.29572436
0.26972356
0.32179603
0.30079928
0.27400973
0.32339414
0.30223163
0.27522701
0.27891093
0.26196419
0.23965492
0.28353628
0.2660253
0.24309074
0.28475048
0.26710333
0.24399932
