MFEM mesh v1.0

#
# MFEM Geometry Types (see mesh/geom.hpp):
#
# POINT       = 0
# SEGMENT     = 1
# TRIANGLE    = 2
# SQUARE      = 3
# TETRAHEDRON = 4
# CUBE        = 5
#

dimension
3

elements
5
1 5 2 3 0 1 12 13 4 5
1 5 12 13 4 5 14 15 6 7
1 5 1 0 11 10 5 4 17 16
1 5 5 4 17 16 7 6 19 18
1 5 7 6 19 18 9 8 21 20

boundary
20
1 3 1 0 3 2
1 3 10 11 0 1
17 3 2 3 13 12
17 3 1 2 12 5
17 3 3 0 4 13
17 3 12 13 15 14
17 3 5 12 14 7
17 3 13 4 6 15
17 3 14 15 6 7
17 3 7 6 8 9
17 3 10 1 5 16
17 3 0 11 17 4
17 3 11 10 16 17
17 3 16 5 7 18
17 3 4 17 19 6
17 3 17 16 18 19
17 3 18 7 9 20
17 3 6 19 21 8
17 3 19 18 20 21
17 3 9 8 21 20

vertices
22

nodes
FiniteElementSpace
FiniteElementCollection: H1_3D_P4
VDim: 3
Ordering: 0

-3.1225023e-17
-0.31000795
-0.37298049
-1.3010426e-18
-0.13198986
-0.34167788
-0.18130226
-0.3240448
-0.19962217
-0.3019618
-0.37298049
-4.7704896e-18
-0.36480918
-0.14693255
-0.33785177
-0.18741678
-0.35883119
-0.1259328
-0.33425364
-0.17780112
-0.30755019
-0.19875588
-0.31218017
-0.19175207
-0.066774181
-2.2551405e-17
-1.6046192e-17
-1.2153229e-17
-0.054840668
-0.15792154
-0.25848698
-0.32278198
-0.34512795
-0.36435579
-0.32725209
-0.25526002
-0.183783
-0.13383333
-0.13823026
-0.14372153
-0.16880044
-0.2387523
-0.30704892
-0.34316238
-0.34996101
-0.35966667
-0.37354919
-0.37228907
-0.36808969
-0.041991928
-0.098165803
-0.13360411
-0.031416576
-0.08086326
-0.11713807
-0.32941001
-0.34124458
-0.34295148
-0.31197782
-0.26246378
-0.21310118
-0.18219598
-0.18412556
-0.18627115
-0.20630292
-0.25382808
-0.30036399
-0.324875
-0.32895995
-0.33476008
-0.3609721
-0.35248796
-0.34303087
-0.15761784
-0.17270959
-0.18317521
-0.14441743
-0.16274193
-0.17590544
-0.33979507
-0.33449819
-0.32785839
-8.6466182e-18
-1.5612511e-17
-9.5409791e-18
-0.31218017
-0.19175207
-0.066774181
-0.32278198
-0.34512795
-0.36435579
-0.13042779
-0.12816491
-0.12657291
-0.3196866
-0.24365386
-0.16650804
-0.3421412
-0.34695176
-0.35467616
-0.030262294
-0.076512864
-0.11126456
-0.37114633
-0.36717953
-0.36209601
-0.1804993
-0.17921471
-0.17821886
-0.30763853
-0.25638582
-0.20482386
-0.3242434
-0.32711436
-0.33173573
-0.13851234
-0.15762068
-0.17183881
-0.35522049
-0.34749537
-0.33895473
-0.21762263
-0.25171178
-0.28502009
-0.19936607
-0.19902537
-0.19882535
-0.28902614
-0.25341393
-0.21758156
-0.3021024
-0.30365143
-0.30616256
-0.32012587
-0.31264529
-0.30547574
-0.1858554
-0.19264151
-0.19758486
-0.18289696
-0.19061342
-0.19634799
-0.32949468
-0.32049942
-0.3118499
-0.26934696
-0.16473627
-0.057239495
-0.28838346
-0.17671588
-0.061462548
-0.30480318
-0.18708359
-0.065123692
-0.31838949
-0.21020172
-0.099870383
-0.32558949
-0.23524993
-0.14485744
-0.3277605
-0.25028571
-0.17328645
-0.039317677
-0.035352512
-0.03245588
-0.094009511
-0.087449518
-0.082657349
-0.12994471
-0.12383403
-0.11908648
-0.084096006
-0.18338394
-0.28009681
-0.12673569
-0.21360361
-0.29828108
-0.15683178
-0.23219735
-0.30571168
-0.33323414
-0.34896393
-0.36559046
-0.34312209
-0.35270536
-0.36567324
-0.34430597
-0.35185851
-0.36244996
-0.32271961
-0.25160372
-0.18054652
-0.31434319
-0.24501173
-0.17487494
-0.30849305
-0.24022549
-0.1704785
-0.32589833
-0.25873303
-0.19204787
-0.3214966
-0.26219677
-0.20324227
-0.315515
-0.26286321
-0.210421
-0.15487905
-0.15008136
-0.14612669
-0.17074683
-0.1671884
-0.16411923
-0.18179575
-0.17923377
-0.17695402
-0.17868802
-0.24384639
-0.30750536
-0.1928337
-0.25006903
-0.30605545
-0.20251828
-0.25312382
-0.30266349
-0.3410816
-0.34734466
-0.35622785
-0.33559438
-0.34091815
-0.34846062
-0.32877402
-0.33326635
-0.33963335
-0.30935537
-0.2605737
-0.21173834
-0.30453904
-0.25713871
-0.2092239
-0.30114974
-0.254594
-0.20713919
-0.30480318
-0.18708359
-0.065123692
-0.28838346
-0.17671588
-0.061462548
-0.26934696
-0.16473627
-0.057239495
-0.03094101
-0.03060175
-0.030374732
-0.079511953
-0.07789475
-0.076911776
-0.11556786
-0.1133586
-0.1118596
-0.09088854
-0.20482049
-0.31520293
-0.12768762
-0.22443216
-0.31893416
-0.15510001
-0.23830887
-0.32010098
-0.36360122
-0.34777803
-0.33283611
-0.36143137
-0.35016964
-0.34226783
-0.35745586
-0.34885634
-0.3432889
-0.30719665
-0.23826116
-0.16762882
-0.31054631
-0.23926005
-0.16648666
-0.31641656
-0.24199453
-0.16636472
-0.14295259
-0.14075395
-0.13916043
-0.16152926
-0.159639
-0.1582118
-0.1749678
-0.17347437
-0.17232167
-0.17617398
-0.2478684
-0.31868667
-0.19050582
-0.25320519
-0.31533836
-0.20072283
-0.2558313
-0.31056228
-0.35141771
-0.34443531
-0.3400922
-0.34427365
-0.33837345
-0.33472609
-0.33620882
-0.33117833
-0.3280599
-0.30038113
-0.25351151
-0.20567066
-0.30230862
-0.25401064
-0.20497954
-0.30570729
-0.25546697
-0.20479571
-0.29784343
-0.2540722
-0.20937696
-0.29272637
-0.25361737
-0.2136803
-0.28758492
-0.25244923
-0.21653219
-0.18517582
-0.18408924
-0.18324874
-0.19216091
-0.19140899
-0.19084484
-0.1972596
-0.19678851
-0.19647
-0.20820626
-0.25649623
-0.30452857
-0.2130338
-0.25579022
-0.29834982
-0.21630632
-0.2543278
-0.29215516
-0.32719018
-0.32295695
-0.32031724
-0.3185762
-0.31503976
-0.31282341
-0.31028383
-0.30742001
-0.30563116
-0.28507343
-0.25162536
-0.21742375
-0.28611765
-0.25199291
-0.2173075
-0.28795821
-0.25286345
-0.21744941
-0.3114145
-0.20517766
-0.096550101
-0.29703813
-0.1951237
-0.090645767
-0.28347222
-0.18580069
-0.085591317
-0.31970501
-0.23052008
-0.14071732
-0.3083885
-0.22176235
-0.13366964
-0.30006447
-0.21526987
-0.12844268
-0.3227599
-0.24621801
-0.16963801
-0.31357934
-0.23894568
-0.16335597
-0.30704891
-0.23362869
-0.15855888
-0.3217418
-0.25543846
-0.18921879
-0.31412677
-0.24951583
-0.18420264
-0.30876158
-0.24516037
-0.18022775
-0.31801456
-0.25953928
-0.20110845
-0.31162817
-0.25473058
-0.1972413
-0.3071184
-0.25116108
-0.19408882
-0.31261462
-0.2607337
-0.20882994
-0.30729291
-0.25686778
-0.20590724
-0.30353728
-0.25399432
-0.20348898
-0.28295638
-0.18498967
-0.08436022
-0.2955001
-0.19266778
-0.086836738
-0.30879975
-0.2008629
-0.089567355
-0.29896046
-0.21354497
-0.12585899
-0.30512357
-0.21662899
-0.12588355
-0.31420901
-0.22171516
-0.1270042
-0.30574871
-0.23163512
-0.15563291
-0.30976271
-0.23308432
-0.15468978
-0.31639616
-0.23635041
-0.15481892
-0.30751495
-0.24329543
-0.17755474
-0.31048438
-0.24407473
-0.17637399
-0.31571883
-0.2464058
-0.17610589
-0.30603966
-0.24958641
-0.19188249
-0.30848787
-0.25016003
-0.19082524
-0.31285266
-0.25202047
-0.19049899
-0.30266222
-0.25274704
-0.20177877
-0.30475173
-0.25325961
-0.20095659
-0.30845364
-0.25483229
-0.20070971
-0.29787152
-0.25380778
-0.20884197
-0.29964931
-0.25429785
-0.208277
-0.30276116
-0.25564831
-0.20815901
-0.29277401
-0.25343975
-0.2133039
-0.29427434
-0.25390279
-0.21294905
-0.29687375
-0.25506586
-0.21294943
-0.28763788
-0.25233505
-0.21627848
-0.28884896
-0.25274504
-0.21609055
-0.29095107
-0.25371895
-0.21618902
0.70710678
0.67227043
0.37298049
0.39717735
0.46758567
0.44485559
0.31528657
0.3036754
0.21778967
0.2121121
0.84957113
0.91774188
0.24437637
0.25398595
0.16586463
0.16964304
0.57561662
0.61063762
0.39093676
0.40977066
0.26614876
0.27553742
0.38042078
0.39095644
0.39642918
0.66207707
0.56663459
0.45868172
0.70604267
0.69823377
0.68307557
0.6278812
0.53501952
0.4314642
0.24730601
0.25169586
0.25388973
0.43483128
0.36757339
0.29452323
0.46733572
0.46242214
0.45213207
0.41438303
0.35159763
0.2828967
0.34483299
0.29949372
0.26190793
0.36675877
0.31589895
0.27345729
0.65756996
0.57389986
0.50160709
0.62117599
0.54242898
0.47597826
0.16733519
0.16936004
0.16998188
0.29307751
0.24718607
0.19725523
0.31565884
0.31353625
0.30790332
0.28287978
0.23966278
0.192319
0.22823611
0.20083654
0.17709517
0.23623567
0.2066377
0.18144526
0.43612428
0.38286968
0.33693966
0.41591536
0.36670259
0.32393415
0.74943575
0.8239692
0.88860063
0.87053063
0.90021342
0.91563372
0.70822101
0.77112957
0.82527783
0.49820751
0.54982815
0.59221937
0.58759421
0.6036558
0.61067272
0.47305683
0.52042921
0.55886828
0.85607408
0.74895258
0.65507636
0.79526143
0.70009654
0.61581707
0.33591704
0.37026574
0.39793859
0.39806871
0.40712513
0.41038045
0.32287437
0.35467469
0.3800487
0.56944068
0.49941728
0.4386259
0.53812261
0.47392419
0.41772683
0.21816563
0.21729916
0.2144077
0.23129971
0.25274052
0.26887354
0.26996425
0.27459223
0.27601861
0.22486528
0.2450148
0.25997754
0.28486251
0.2528458
0.22514024
0.29522726
0.26114572
0.23166279
0.38286857
0.33658783
0.29548759
0.36591551
0.32284856
0.28465257
0.63846807
0.65334976
0.6610298
0.54477698
0.55853883
0.56566212
0.43984281
0.45169272
0.45784149
0.35116677
0.36043334
0.36569213
0.30411104
0.31109481
0.3151286
0.26528434
0.2704235
0.27316109
0.42331337
0.52360575
0.61392538
0.36521237
0.45353891
0.53445649
0.31681815
0.39485074
0.46663008
0.65630638
0.6479656
0.63217367
0.57297023
0.5658036
0.55201423
0.50113017
0.49545876
0.4839906
0.5801598
0.49439399
0.39885597
0.50567636
0.42985216
0.34646975
0.44355608
0.376536
0.30311597
0.28649159
0.29183638
0.29444388
0.35666057
0.36395783
0.36745801
0.42090501
0.43017651
0.43462228
0.23077791
0.23455249
0.23629705
0.20285043
0.20574798
0.20688561
0.17872887
0.18101161
0.18177149
0.2741395
0.34251766
0.40548465
0.2400323
0.3003555
0.3558902
0.21091434
0.26418836
0.31318847
0.43605368
0.43179238
0.42251916
0.38305416
0.37982462
0.37222526
0.3372694
0.33481722
0.3285702
0.38743877
0.32861585
0.26428064
0.34156596
0.28955741
0.23266944
0.30173867
0.25568786
0.20527694
0.1941902
0.19677436
0.19761602
0.24245935
0.24622763
0.24756195
0.28660151
0.29159062
0.29344791
0.84476821
0.8723379
0.8866454
0.78743445
0.81043561
0.82234343
0.72097901
0.73891546
0.74817327
0.69871492
0.76940476
0.82936049
0.61090806
0.67376166
0.72601372
0.53436168
0.58965971
0.63522544
0.8543874
0.84082186
0.81419883
0.74807653
0.73756721
0.71583735
0.6548508
0.64677762
0.62896632
0.77247785
0.72108955
0.65886345
0.67982608
0.63350528
0.57644588
0.59790382
0.5567807
0.50621018
0.481188
0.492546
0.49793234
0.5301296
0.54345709
0.54960615
0.57017156
0.58538015
0.5921517
0.46474922
0.51290745
0.55234677
0.40802977
0.45021763
0.48458686
0.35903881
0.39594115
0.42580879
0.56967794
0.5635679
0.54905491
0.49990159
0.49517209
0.48314867
0.43921843
0.43552047
0.42552787
0.52251129
0.48660886
0.44234384
0.46031074
0.42889714
0.39000116
0.40593871
0.37857739
0.34446369
0.32764963
0.33392663
0.33630251
0.36043866
0.36791291
0.37070997
0.38678911
0.39535995
0.39848761
0.28871351
0.29378686
0.29562415
0.25604202
0.26016676
0.26155362
0.22773863
0.23102775
0.23205446
0.31447816
0.34640769
0.37198509
0.27798857
0.30562546
0.32741757
0.24629838
0.2698655
0.28797888
0.38347782
0.38061251
0.37242363
0.33716083
0.33493362
0.32824936
0.29600401
0.29432017
0.28901312
0.35589674
0.33242019
0.30281124
0.31439822
0.29434351
0.26861485
0.27771606
0.26097406
0.23891065
0.22746797
0.23070627
0.23169206
0.24813778
0.25198026
0.25316538
0.26359981
0.2679832
0.26933633
0.40605702
0.41657639
0.42233049
0.50319391
0.51586077
0.52259886
0.59032345
0.60495299
0.61273232
0.35189414
0.36003036
0.36451525
0.43694978
0.44732477
0.45281926
0.51439265
0.52698966
0.53359058
0.30719872
0.31336847
0.3165461
0.38217654
0.39042124
0.39454496
0.4507265
0.46106669
0.46620771
0.26743005
0.27208418
0.27421083
0.33313474
0.33960447
0.34255744
0.39331457
0.40162435
0.40544663
0.23520144
0.23884045
0.24029276
0.29327079
0.29846007
0.30060151
0.34645467
0.35322536
0.35609077
0.20734842
0.21024913
0.21125919
0.25876811
0.26297218
0.26453885
0.30582455
0.31136686
0.31352127
0.67113472
0.6884276
0.69744143
0.7360246
0.75709046
0.76794923
0.79019253
0.81503088
0.82774222
0.58707725
0.60217092
0.60993551
0.64614765
0.66388322
0.6727809
0.69462548
0.71507584
0.7250878
0.51515145
0.52771289
0.53386884
0.56742504
0.5821657
0.58919772
0.61030651
0.62714252
0.63490694
0.44975229
0.45999058
0.46467009
0.49546809
0.50751968
0.51288663
0.53283525
0.54658165
0.55248394
0.3962166
0.40464295
0.4082173
0.43636346
0.4463321
0.45046994
0.46902535
0.48041516
0.48498289
0.34969644
0.35664571
0.35938005
0.38488447
0.39314385
0.39634437
0.4133105
0.42277039
0.42633106
0.3071673
0.31282706
0.3148908
0.33768164
0.34443146
0.3468747
0.36205002
0.36979695
0.37254307
0.27223611
0.27684688
0.27841371
0.29871836
0.30422384
0.30609612
0.31950953
0.3258309
0.32795498
0.24186093
0.24554196
0.24670805
0.26452597
0.26891091
0.27031192
0.28185125
0.28687272
0.28847218
-0.70710678
-0.67227043
-0.84957113
-0.91774188
-0.46185394
-0.44195064
-0.31136795
-0.30113814
-0.21539192
-0.21027127
-0.37298049
-0.39717735
-0.56997242
-0.59957576
-0.38645085
-0.402592
-0.24331101
-0.25064867
-0.16477615
-0.16793162
-0.11461186
-0.11597792
-0.87053063
-0.90021342
-0.91563372
-0.74943575
-0.8239692
-0.88860063
-0.70604267
-0.69823377
-0.68307557
-0.70822101
-0.77112957
-0.82527783
-0.58118992
-0.5955756
-0.60067267
-0.49171042
-0.54162967
-0.58213856
-0.46222311
-0.45834295
-0.44887885
-0.46973924
-0.51624223
-0.55372698
-0.79350674
-0.69592376
-0.61042442
-0.8519602
-0.73970671
-0.64406137
-0.6553184
-0.5690496
-0.49589265
-0.62019334
-0.54023092
-0.47320079
-0.39314814
-0.40130897
-0.40364944
-0.33148008
-0.36475777
-0.39132055
-0.31202038
-0.31039262
-0.30518175
-0.32004085
-0.35121805
-0.37591429
-0.53243005
-0.46852081
-0.41289334
-0.55872008
-0.48993061
-0.43065563
-0.43055685
-0.37788529
-0.3326584
-0.41296592
-0.36383415
-0.32126787
-0.66207707
-0.56663459
-0.45868172
-0.38042078
-0.39095644
-0.39642918
-0.6278812
-0.53501952
-0.4314642
-0.42975266
-0.36341542
-0.29094318
-0.24608512
-0.24995403
-0.25123206
-0.41187119
-0.34975433
-0.2815934
-0.36405434
-0.31178358
-0.26974484
-0.34445192
-0.29867292
-0.26089093
-0.28963475
-0.24452371
-0.1952389
-0.16621258
-0.16809829
-0.16846276
-0.28062798
-0.23791163
-0.19101481
-0.23328235
-0.20430283
-0.17955853
-0.22714404
-0.19972963
-0.17599718
-0.21586872
-0.21519722
-0.2124856
-0.20065069
-0.16934768
-0.13498059
-0.11530526
-0.11619096
-0.11629388
-0.19621657
-0.16621894
-0.13308542
-0.28245896
-0.25068918
-0.22320164
-0.29164895
-0.25812781
-0.22908341
-0.15717609
-0.138938
-0.12326776
-0.15437647
-0.13673477
-0.12161723
-0.72097901
-0.73891546
-0.74817327
-0.78743445
-0.81043561
-0.82234343
-0.84476821
-0.8723379
-0.8866454
-0.81217498
-0.83816876
-0.85087783
-0.71103576
-0.7313156
-0.7399827
-0.62281217
-0.63891909
-0.64497955
-0.82559827
-0.76634757
-0.69622871
-0.7176238
-0.66698249
-0.60548815
-0.62520188
-0.58152674
-0.52790763
-0.65434675
-0.64647517
-0.63104311
-0.56871895
-0.56252949
-0.54950046
-0.49606601
-0.49147147
-0.48085638
-0.65776352
-0.7197656
-0.77087611
-0.57394701
-0.63039086
-0.67602437
-0.5030377
-0.55278166
-0.59299269
-0.56434625
-0.57803523
-0.58305048
-0.52539906
-0.53750592
-0.54222161
-0.47745792
-0.48786941
-0.49210718
-0.54263358
-0.55556418
-0.55990668
-0.47712321
-0.48782796
-0.49114359
-0.42019695
-0.42915594
-0.43178166
-0.54255988
-0.50492371
-0.45842286
-0.4758955
-0.44308078
-0.4023565
-0.41847786
-0.38987138
-0.35417744
-0.43105346
-0.4277462
-0.41924353
-0.37851789
-0.37605462
-0.36908643
-0.3333211
-0.3314497
-0.32569182
-0.43898233
-0.4823753
-0.51732042
-0.38675068
-0.42483868
-0.45536833
-0.34146914
-0.37489046
-0.40149714
-0.38226065
-0.39001148
-0.392291
-0.35666775
-0.36347732
-0.36556681
-0.32458606
-0.33036054
-0.33217253
-0.43984281
-0.45169272
-0.45784149
-0.54477698
-0.55853883
-0.56566212
-0.63846807
-0.65334976
-0.6610298
-0.61184359
-0.52160356
-0.42097905
-0.53005815
-0.44962082
-0.3612595
-0.46153344
-0.39057145
-0.31296059
-0.36375029
-0.35944168
-0.35065069
-0.31201656
-0.30932388
-0.30307346
-0.27025429
-0.26860403
-0.26408171
-0.39840589
-0.49377819
-0.57931615
-0.34548209
-0.42847102
-0.50378088
-0.3018766
-0.37478267
-0.44116024
-0.41809346
-0.42663591
-0.43013099
-0.35459091
-0.36127708
-0.36389009
-0.28501325
-0.28981006
-0.29151244
-0.40057734
-0.33858261
-0.27088305
-0.35152088
-0.29694394
-0.23735741
-0.30943525
-0.26128779
-0.20870439
-0.23390161
-0.23290841
-0.22956029
-0.20492332
-0.20428454
-0.20166561
-0.18012702
-0.17969103
-0.17758522
-0.26294417
-0.32673002
-0.38488409
-0.23132073
-0.28768022
-0.33906305
-0.20395264
-0.25388477
-0.29938792
-0.28420221
-0.28884094
-0.29026304
-0.24061927
-0.24414309
-0.24512813
-0.19283771
-0.19525204
-0.19580603
-0.2861507
-0.29086168
-0.29227989
-0.25376493
-0.25761892
-0.25870096
-0.22570779
-0.2287917
-0.22959332
-0.27130422
-0.22901171
-0.18277916
-0.24017882
-0.20269083
-0.16164786
-0.21327654
-0.17998734
-0.14345759
-0.15766688
-0.15735991
-0.15567201
-0.13935267
-0.1391335
-0.13778363
-0.12361469
-0.12347232
-0.12243204
-0.17902254
-0.22310599
-0.26323243
-0.15867463
-0.19797051
-0.23367414
-0.14120054
-0.17633178
-0.20816479
-0.19814764
-0.20053279
-0.20110289
-0.16763174
-0.16938687
-0.16975312
-0.13398987
-0.1351501
-0.13533051
-0.78834676
-0.81260448
-0.82452302
-0.73450057
-0.75508622
-0.76530523
-0.66986998
-0.68677018
-0.69527387
-0.69025778
-0.70939312
-0.71773362
-0.64257853
-0.65925343
-0.66681523
-0.58421886
-0.59846775
-0.60516435
-0.60471051
-0.62000297
-0.62593322
-0.5628808
-0.57638214
-0.58192684
-0.51156058
-0.52315408
-0.52811953
-0.52698793
-0.53929716
-0.54357817
-0.49071343
-0.50160913
-0.50564483
-0.44599917
-0.45534683
-0.4589601
-0.46352128
-0.47370936
-0.47697321
-0.43185892
-0.44085815
-0.44391615
-0.39263549
-0.40032194
-0.4030325
-0.40841861
-0.41693352
-0.41950165
-0.38083904
-0.38833366
-0.39070763
-0.34643861
-0.35280815
-0.35488283
-0.58934123
-0.60362626
-0.61094281
-0.50244785
-0.51475649
-0.52095751
-0.40547552
-0.41556955
-0.42056292
-0.51221161
-0.52410611
-0.52977483
-0.43532328
-0.4450322
-0.44954923
-0.35068324
-0.35811684
-0.36141354
-0.44801838
-0.45759434
-0.46173287
-0.38017617
-0.3877542
-0.3909089
-0.3057569
-0.31129642
-0.31343242
-0.39048354
-0.39812203
-0.40107448
-0.33104905
-0.33697739
-0.33914511
-0.26594769
-0.27014016
-0.27150285
-0.34372863
-0.34996162
-0.35213972
-0.29124453
-0.29602749
-0.2975808
-0.23375579
-0.23707766
-0.23799992
-0.30330252
-0.30843555
-0.31007597
-0.25685837
-0.2607698
-0.26191569
-0.20596254
-0.20865219
-0.20930581
-0.2664884
-0.27067541
-0.27190941
-0.22556524
-0.22873635
-0.2295849
-0.18067025
-0.18283567
-0.18330728
-0.23637663
-0.23979086
-0.24072557
-0.19999573
-0.20256298
-0.20319607
-0.16001628
-0.16175592
-0.16209987
-0.2103548
-0.21307519
-0.21376061
-0.17795147
-0.17997331
-0.18042546
-0.14225331
-0.1436053
-0.14383985
