MFEM mesh v1.0

#
# MFEM Geometry Types (see mesh/geom.hpp):
#
# POINT       = 0
# SEGMENT     = 1
# TRIANGLE    = 2
# SQUARE      = 3
# TETRAHEDRON = 4
# CUBE        = 5
#

dimension
3

elements
7
1 5 7 8 21 20 2 3 11 10
1 5 8 9 22 21 3 4 12 11
1 5 18 19 17 16 23 24 26 25
1 5 0 16 13 1 5 25 27 6
1 5 16 17 14 13 25 26 28 27
1 5 13 14 3 2 27 28 11 10
1 5 14 15 4 3 28 29 12 11

boundary
28
1 3 7 8 3 2
1 3 8 9 4 3
1 3 16 17 19 18
1 3 1 13 16 0
1 3 13 14 17 16
1 3 2 3 14 13
1 3 3 4 15 14
54 3 1 0 5 6
54 3 20 21 8 7
54 3 21 22 9 8
54 3 20 7 2 10
54 3 21 20 10 11
54 3 9 22 12 4
54 3 22 21 11 12
54 3 18 19 24 23
54 3 16 18 23 25
54 3 0 16 25 5
54 3 19 17 26 24
54 3 23 24 26 25
54 3 13 1 6 27
54 3 5 25 27 6
54 3 17 14 28 26
54 3 25 26 28 27
54 3 14 15 29 28
54 3 2 13 27 10
54 3 27 28 11 10
54 3 15 4 12 29
54 3 28 29 12 11

vertices
30

nodes
FiniteElementSpace
FiniteElementCollection: H1_3D_P4
VDim: 3
Ordering: 0

-3.1225023e-17
0.30998466
0.59718411
0.16338835
0.59718411
-0.13198986
0.063118382
0.80820096
0.18971773
0.80820096
0.18331332
0.11593099
0.18331332
0.35742227
0.12464717
0.35742227
-7.1557343e-18
4.5536491e-18
-0.37298049
-0.39717735
0.26996421
0.16569087
0.26996421
-0.36480918
-0.38137006
-0.14693255
-0.16007234
0.042616678
0.011479379
0.042616678
0.77274387
0.5586051
0.25140841
0.18660524
0.18000858
0.17154656
0.25558328
0.21805829
0.17736732
0.62225357
0.42374963
0.3132938
0.54570526
0.37276546
0.19494147
0.15457024
0.14062549
0.12504385
0.17150573
0.14402119
0.12011655
0.46564011
0.31081708
0.21924159
0.64042801
0.71574907
0.77979086
0.16867947
0.17799615
0.18607508
0.12808891
0.14682727
0.16038542
0.20296434
0.23497843
0.25971675
0.25140841
0.5586051
0.77274387
0.62225357
0.42374963
0.3132938
0.17736732
0.21805829
0.25558328
0.19494147
0.37276546
0.54570526
0.46564011
0.31081708
0.21924159
0.12011655
0.14402119
0.17150573
0.64042801
0.71574907
0.77979086
0.20296434
0.23497843
0.25971675
-0.38042078
-0.39095644
-0.39642918
-0.071432212
-0.20490947
-0.33291588
1.3040072e-18
-4.472334e-18
-3.1441863e-18
-0.066774181
-0.19175207
-0.31218017
-0.36964025
-0.37688296
-0.38082685
-0.34214564
-0.26796628
-0.19613208
-0.15020639
-0.15591435
-0.15953404
-0.32725209
-0.25526002
-0.183783
-0.37354919
-0.37228907
-0.36808969
-0.39667848
-0.3929224
-0.38601301
-0.060639756
-0.11941338
-0.14943831
-0.041991928
-0.098165803
-0.13360411
-8.8271421e-19
2.4123498e-18
1.0516761e-17
0.30121566
0.18738835
0.066774181
0.32270389
0.34438715
0.35846631
0.054840668
0.15791786
0.25847359
-0.13383333
-0.13823026
-0.14372153
-0.11100089
-0.046215589
0.013418199
0.060009789
0.054802709
0.047862098
-0.095651607
-0.029107859
0.032822386
-0.031416576
-0.08086326
-0.11713807
0.25642348
0.13888271
0.069288107
0.26013144
0.16636104
0.093938521
0.11661449
0.10061368
0.071432212
0.34370086
0.26293511
0.14774878
-0.125257
-0.065572412
-0.013082399
0.036364014
0.023055667
0.013009495
0.096354296
0.055535868
0.024984853
0.15775963
0.14582932
0.13233522
0.56883747
0.49871635
0.4101988
0.10212314
0.071304333
0.033974635
0.16238301
0.11873568
0.070313343
0.14774878
0.26293511
0.34370086
0.56883747
0.49871635
0.4101988
0.013009495
0.023055667
0.036364014
0.16238301
0.11873568
0.070313343
0.25642348
0.13888271
0.069288107
0.2953807
0.24505314
0.18880371
0.39528767
0.31300097
0.2157669
0.58262057
0.43450609
0.24565851
0.7411781
0.53054223
0.24282382
0.67107281
0.47086369
0.22469643
0.59071611
0.40676336
0.20528689
0.18261512
0.17558011
0.16658224
0.1733445
0.1647562
0.15394856
0.16170378
0.15014733
0.13645392
0.17047209
0.2089084
0.24550282
0.15407187
0.18717693
0.22116685
0.13314146
0.16022681
0.19026991
0.3020322
0.40994834
0.60157662
0.27505809
0.37696532
0.55409259
0.24023568
0.33545652
0.49693738
0.42498045
0.31027452
0.18473758
0.28574511
0.22248486
0.15570667
0.20369932
0.16605093
0.13169751
0.18880371
0.24505314
0.2953807
0.2157669
0.31300097
0.39528767
0.24565851
0.43450609
0.58262057
0.24282382
0.53054223
0.7411781
0.22469643
0.47086369
0.67107281
0.20528689
0.40676336
0.59071611
0.60157662
0.40994834
0.3020322
0.55409259
0.37696532
0.27505809
0.49693738
0.33545652
0.24023568
0.24550282
0.2089084
0.17047209
0.22116685
0.18717693
0.15407187
0.19026991
0.16022681
0.13314146
0.18473758
0.31027452
0.42498045
0.15570667
0.22248486
0.28574511
0.13169751
0.16605093
0.20369932
-0.068202148
-0.070230762
-0.071287575
-0.19578843
-0.20151832
-0.20450132
-0.31855002
-0.32757928
-0.33227387
-0.38054105
-0.39062089
-0.39594938
-0.37838998
-0.38740065
-0.3922546
-0.37331679
-0.38116103
-0.38542407
-0.3388697
-0.2263102
-0.11514983
-0.34432421
-0.25172152
-0.16275012
-0.34397763
-0.26441227
-0.18766071
-0.059347902
-0.052450921
-0.045184194
-0.11834812
-0.11173202
-0.1027277
-0.14874907
-0.14424342
-0.1374161
-0.099870383
-0.21020172
-0.31838949
-0.14485744
-0.23524993
-0.32558949
-0.17328645
-0.25028571
-0.3277605
-0.33153205
-0.33805434
-0.34164523
-0.25878631
-0.26434526
-0.26751745
-0.18700426
-0.19238561
-0.19565416
0.2693007
0.28791467
0.30080151
0.16472272
0.17656051
0.18558472
0.057239495
0.061462548
0.065123692
-0.03245588
-0.035352512
-0.039317677
-0.082657349
-0.087449518
-0.094009511
-0.11908648
-0.12383403
-0.12994471
0.014824902
0.11709523
0.21076971
-0.052724824
0.02874571
0.10290277
-0.094977451
-0.025488476
0.038181264
0.26474534
0.2664275
0.26067552
0.14838891
0.15826855
0.16325061
0.075978839
0.084505028
0.090284306
0.21278247
0.1188768
0.021062651
0.12732399
0.048392381
-0.035414005
0.061062673
-0.0060105755
-0.077922293
-0.097691928
-0.10219626
-0.1076889
-0.031586614
-0.036470073
-0.04237428
0.029917161
0.024698075
0.01811025
0.29177901
0.22926335
0.13569934
0.18452615
0.15654023
0.11032642
0.068202148
0.070230762
0.071287575
-0.012730381
0.045044461
0.081370197
-0.07959117
-0.016340044
0.033695318
-0.11363113
-0.05147291
0.00089616369
0.11137147
0.18204744
0.23967648
0.061181605
0.092698571
0.12588649
0.027515588
0.042343407
0.060937054
-0.11445587
-0.12069074
-0.12468269
-0.050462549
-0.058806788
-0.064687075
0.0079472017
-0.0033902386
-0.011786068
0.52512428
0.36470773
0.18955766
0.46865364
0.33699445
0.17626756
0.39151394
0.29267151
0.15871024
0.10948373
0.1301903
0.14686402
0.074724158
0.10522312
0.12972397
0.046861053
0.082739983
0.11205165
0.43513986
0.37215988
0.29920075
0.28483233
0.23170588
0.17280037
0.19664673
0.15017258
0.098723059
0.063192834
0.047768232
0.035832187
0.10984085
0.089907374
0.073856628
0.15155894
0.12673212
0.10567265
0.18955766
0.36470773
0.52512428
0.17626756
0.33699445
0.46865364
0.15871024
0.29267151
0.39151394
0.11137147
0.18204744
0.23967648
0.061181605
0.092698571
0.12588649
0.027515588
0.042343407
0.060937054
0.29920075
0.37215988
0.43513986
0.17280037
0.23170588
0.28483233
0.098723059
0.15017258
0.19664673
0.035832187
0.047768232
0.063192834
0.073856628
0.089907374
0.10984085
0.10567265
0.12673212
0.15155894
0.56108436
0.4161794
0.2363989
0.38141118
0.30120662
0.20742978
0.28416132
0.23505374
0.18173742
0.51185214
0.37610197
0.21694413
0.34865524
0.27363547
0.18915176
0.25736193
0.2115416
0.16513574
0.45467479
0.33223846
0.19587267
0.30883897
0.24101231
0.1679975
0.22364008
0.18287008
0.14439416
0.2363989
0.4161794
0.56108436
0.20742978
0.30120662
0.38141118
0.18173742
0.23505374
0.28416132
0.21694413
0.37610197
0.51185214
0.18915176
0.27363547
0.34865524
0.16513574
0.2115416
0.25736193
0.19587267
0.33223846
0.45467479
0.1679975
0.24101231
0.30883897
0.14439416
0.18287008
0.22364008
-0.32450589
-0.33344439
-0.33820988
-0.21475015
-0.22173599
-0.22573515
-0.10325442
-0.10959476
-0.11436017
-0.33103819
-0.33922812
-0.34370016
-0.23977604
-0.24695209
-0.25112256
-0.14913073
-0.15681407
-0.16195649
-0.33241311
-0.33952095
-0.34343018
-0.25417792
-0.26035747
-0.26390665
-0.1769484
-0.18319324
-0.18708361
0.020437876
0.01956429
0.017209998
0.11889144
0.1212937
0.1205819
0.21322621
0.21803443
0.21711777
-0.037342416
-0.041867523
-0.048269275
0.046077321
0.041616847
0.034569171
0.12451112
0.11970561
0.11097359
-0.080131754
-0.084959247
-0.09113055
-0.0087958598
-0.014026102
-0.020848623
0.057698351
0.052005333
0.04408693
0.011240119
0.0012065073
-0.010290781
0.10991889
0.084631564
0.052088454
0.19765227
0.15122496
0.093497687
-0.057932692
-0.069200191
-0.078130743
0.021222286
0.0028805807
-0.0134867
0.091964495
0.0642141
0.038303593
-0.099162865
-0.10709717
-0.11272183
-0.030892154
-0.041927711
-0.050124852
0.030943116
0.015211306
0.0029415541
0.27850193
0.20977046
0.12720088
0.34345506
0.25490795
0.15292388
0.39806878
0.2917664
0.17426896
0.15764299
0.11897047
0.08156327
0.21243076
0.16358924
0.11467753
0.2615758
0.20311329
0.14253971
0.089156915
0.067478906
0.049871934
0.13825138
0.11036518
0.086852629
0.18224846
0.14790734
0.11761652
0.12720088
0.20977046
0.27850193
0.15292388
0.25490795
0.34345506
0.17426896
0.2917664
0.39806878
0.08156327
0.11897047
0.15764299
0.11467753
0.16358924
0.21243076
0.14253971
0.20311329
0.2615758
0.049871934
0.067478906
0.089156915
0.086852629
0.11036518
0.13825138
0.11761652
0.14790734
0.18224846
-0.70710678
-0.67227043
-0.31000795
-3.1225023e-17
0.31000795
-0.46758567
-0.43775954
-0.37298049
-1.3010426e-18
0.37298049
-0.21845228
1.6385724e-16
0.21845228
-0.37298049
-1.3010426e-18
0.37298049
-0.39717735
1.0842022e-18
-0.37298049
-4.7704896e-18
-0.22511841
1.4044314e-16
0.22511841
-0.24437637
1.8591148e-16
-0.25398595
1.8559212e-16
-0.24029479
2.2596782e-16
0.24029479
-0.31218017
-0.19175207
-0.066774181
4.4730019e-17
4.8720746e-17
7.5185061e-17
-0.19185798
-0.1264028
-0.049879079
-0.32811467
-0.27430146
-0.23981836
-0.25848698
-0.15792154
-0.054840668
6.6625018e-17
1.1588527e-16
1.7335971e-16
-0.18660734
-0.12116857
-0.044707034
-0.29890385
-0.26566553
-0.23433475
-0.32278198
-0.34512795
-0.36435579
-2.2551405e-17
-1.6046192e-17
-1.2153229e-17
1.6121926e-16
1.6765209e-16
2.1700697e-16
-0.21735311
-0.21855505
-0.22267877
0.066774181
0.19175207
0.31218017
0.32811467
0.27430146
0.23981836
0.049879079
0.1264028
0.19185798
0.054840668
0.15792154
0.25848698
0.29890385
0.26566553
0.23433475
0.044707034
0.12116857
0.18660734
0.32278198
0.34512795
0.36435579
0.21735311
0.21855505
0.22267877
-0.31218017
-0.19175207
-0.066774181
4.98733e-18
4.2961511e-18
8.6672646e-19
-0.33291588
-0.20490947
-0.071432212
-0.39642918
-0.39095644
-0.38042078
-0.20448388
-0.12557338
-0.043729249
1.6069779e-16
1.3156904e-16
1.6661364e-16
-0.21223898
-0.13020735
-0.045349813
-0.24730601
-0.25169586
-0.25388973
-0.34483299
-0.29949372
-0.26190793
5.7824952e-17
1.0956767e-16
1.3405897e-16
7.5286023e-17
9.4685423e-17
1.6497786e-16
-0.36675877
-0.31589895
-0.27345729
-0.66207707
-0.56663459
-0.45868172
-0.38042078
-0.39095644
-0.39642918
-0.6278812
-0.53501952
-0.4314642
-0.70604267
-0.69823377
-0.68307557
-0.43483128
-0.36757339
-0.29452323
-0.25331385
-0.24996314
-0.24415578
-0.40741123
-0.34465139
-0.27733837
-0.4661879
-0.45907283
-0.44644599
-0.65756996
-0.57389986
-0.50160709
-0.34637705
-0.29990861
-0.2593017
-0.62284484
-0.54105344
-0.47060224
-1.9515639e-18
-1.9515639e-18
-2.5410988e-21
-0.31218017
-0.19175207
-0.066774181
2.0512799e-16
2.0534707e-16
2.3070079e-16
-0.20206789
-0.1259362
-0.044398821
1.0166261e-16
1.876163e-16
1.7590238e-16
-2.2551405e-17
-1.6046192e-17
-1.2153229e-17
-0.32278198
-0.34512795
-0.36435579
2.0582785e-16
2.0262698e-16
1.671034e-16
-0.22094687
-0.22787722
-0.23612578
0.066774181
0.19175207
0.31218017
0.32278198
0.34512795
0.36435579
0.044398821
0.1259362
0.20206789
0.22094687
0.22787722
0.23612578
0.34637705
0.29990861
0.2593017
-0.2046137
-0.13761723
-0.055113557
-0.23044257
-0.15402314
-0.071273943
-0.27588666
-0.17109913
-0.07777115
-0.30480318
-0.18708359
-0.065123692
-0.28838346
-0.17671588
-0.061462548
-0.26934696
-0.16473627
-0.057239495
1.4221015e-17
4.885599e-17
1.1449303e-16
7.7094111e-18
1.0747505e-16
2.2313708e-16
-2.2966811e-18
1.4596767e-16
1.9333974e-16
-0.048872309
-0.12513327
-0.18986461
-0.04692049
-0.12286411
-0.18670128
-0.045308829
-0.12144121
-0.18589142
-0.23723142
-0.27060638
-0.32155853
-0.23314545
-0.26463461
-0.30895686
-0.2324258
-0.2633324
-0.29940064
-0.25266199
-0.16283417
-0.068089368
-0.22738887
-0.15340069
-0.06263699
-0.20115147
-0.13247809
-0.050007139
0.055113557
0.13761723
0.2046137
0.071273943
0.15402314
0.23044257
0.07777115
0.17109913
0.27588666
0.065123692
0.18708359
0.30480318
0.061462548
0.17671588
0.28838346
0.057239495
0.16473627
0.26934696
0.32155853
0.27060638
0.23723142
0.30895686
0.26463461
0.23314545
0.29940064
0.2633324
0.2324258
0.18986461
0.12513327
0.048872309
0.18670128
0.12286411
0.04692049
0.18589142
0.12144121
0.045308829
0.068089368
0.16283417
0.25266199
0.06263699
0.15340069
0.22738887
0.050007139
0.13247809
0.20115147
-0.33227387
-0.20450132
-0.071287575
-0.32757928
-0.20151832
-0.070230762
-0.31855002
-0.19578843
-0.068202148
-0.28870737
-0.17740359
-0.061795806
-0.25074416
-0.15409601
-0.053682063
-0.21920176
-0.13465498
-0.046900317
6.7276977e-17
5.8827934e-17
3.9945806e-17
9.2840809e-17
8.6559269e-17
1.0629375e-16
1.3263236e-16
1.7048263e-16
1.5131261e-16
-0.067602746
-0.19124589
-0.30796989
-0.057373355
-0.16370696
-0.26488427
-0.049053192
-0.14059515
-0.2287291
-0.36569213
-0.36043334
-0.35116677
-0.3151286
-0.31109481
-0.30411104
-0.27316109
-0.2704235
-0.26528434
-0.20677869
-0.12686193
-0.04415641
-0.2102904
-0.12888639
-0.044841961
-0.21210565
-0.13003088
-0.045258815
-0.63846807
-0.54477698
-0.43984281
-0.65334976
-0.55853883
-0.45169272
-0.6610298
-0.56566212
-0.45784149
-0.61392538
-0.52360575
-0.42331337
-0.53445649
-0.45353891
-0.36521237
-0.46663008
-0.39485074
-0.31681815
-0.36658585
-0.36234188
-0.35311361
-0.31566552
-0.31229803
-0.30510372
-0.27292547
-0.26959158
-0.26347391
-0.39912947
-0.49424699
-0.58166193
-0.34485613
-0.42709862
-0.50401144
-0.29883584
-0.37079592
-0.43813736
-0.63373129
-0.64890943
-0.65663792
-0.55111943
-0.56535741
-0.57282718
-0.47980025
-0.49303206
-0.50030709
-0.43353305
-0.36645285
-0.29366431
-0.42697169
-0.36094143
-0.28947647
-0.41535764
-0.3512599
-0.2822042
-0.31855002
-0.19578843
-0.068202148
-0.32757928
-0.20151832
-0.070230762
-0.33227387
-0.20450132
-0.071287575
6.435289e-17
4.4737477e-17
8.5630945e-17
8.8103091e-17
1.2336219e-16
1.6274573e-16
1.9056992e-16
1.8734129e-16
2.0245119e-16
-0.070363565
-0.18608237
-0.2922902
-0.05939657
-0.16238256
-0.25387154
-0.048950319
-0.13725749
-0.21869974
-0.21176462
-0.13003564
-0.045299916
-0.2092703
-0.12899964
-0.045084453
-0.20492559
-0.12712177
-0.044661734
-0.26934696
-0.16473627
-0.057239495
-0.28838346
-0.17671588
-0.061462548
-0.30480318
-0.18708359
-0.065123692
1.0358682e-16
6.1305291e-17
2.9016461e-17
1.3123811e-16
1.197845e-16
1.7232041e-16
1.450121e-16
2.228089e-16
1.9985351e-16
-0.30430569
-0.32148782
-0.33852828
-0.26994305
-0.28149042
-0.29400914
-0.23719744
-0.24541599
-0.25468592
-0.19901877
-0.12472223
-0.044198969
-0.1931349
-0.12263619
-0.04400147
-0.18834744
-0.12134955
-0.044296689
0.057239495
0.16473627
0.26934696
0.061462548
0.17671588
0.28838346
0.065123692
0.18708359
0.30480318
0.070363565
0.18608237
0.2922902
0.05939657
0.16238256
0.25387154
0.048950319
0.13725749
0.21869974
0.33852828
0.32148782
0.30430569
0.29400914
0.28149042
0.26994305
0.25468592
0.24541599
0.23719744
0.044198969
0.12472223
0.19901877
0.04400147
0.12263619
0.1931349
0.044296689
0.12134955
0.18834744
-0.27047216
-0.16904392
-0.076035738
-0.22806287
-0.15331538
-0.069658264
-0.20276942
-0.13624272
-0.054354906
-0.26044582
-0.16539228
-0.072614731
-0.22474662
-0.15243867
-0.06657373
-0.20005865
-0.13395874
-0.052572754
-0.25309848
-0.16267113
-0.069251084
-0.22516541
-0.15264606
-0.063786388
-0.19980427
-0.13261161
-0.050783662
0.076035738
0.16904392
0.27047216
0.069658264
0.15331538
0.22806287
0.054354906
0.13624272
0.20276942
0.072614731
0.16539228
0.26044582
0.06657373
0.15243867
0.22474662
0.052572754
0.13395874
0.20005865
0.069251084
0.16267113
0.25309848
0.063786388
0.15264606
0.22516541
0.050783662
0.13261161
0.19980427
-0.29404648
-0.18075351
-0.062975397
-0.30197932
-0.18586406
-0.064830157
-0.30674558
-0.18956651
-0.066469388
-0.25452893
-0.15638331
-0.054474628
-0.26037905
-0.16004403
-0.05578137
-0.26398882
-0.16269899
-0.056860049
-0.22188129
-0.13619671
-0.047418381
-0.22605716
-0.1386731
-0.048273233
-0.22838433
-0.14021477
-0.048855088
-0.613069
-0.52280785
-0.42280786
-0.60589777
-0.51631573
-0.41758066
-0.59172394
-0.50347113
-0.40683466
-0.53347273
-0.45269438
-0.36468241
-0.52656663
-0.44675157
-0.36019927
-0.5133357
-0.43526793
-0.35122505
-0.46542279
-0.39381099
-0.31606337
-0.4587228
-0.38814932
-0.31181198
-0.44653751
-0.37788318
-0.30408739
-0.30823502
-0.19269423
-0.069027644
-0.30525835
-0.19245239
-0.070164219
-0.29778279
-0.18880016
-0.070126379
-0.26500935
-0.16438656
-0.057802053
-0.26293855
-0.16474455
-0.058635856
-0.25773808
-0.16352164
-0.05915472
-0.22843618
-0.14070316
-0.049220479
-0.22609816
-0.13995111
-0.049193238
-0.22168189
-0.13833454
-0.049016732
-0.28575154
-0.18249155
-0.070099713
-0.27171641
-0.17448686
-0.069312891
-0.25738131
-0.16595338
-0.068183234
-0.24943346
-0.16101369
-0.059759041
-0.2399288
-0.15781867
-0.060564397
-0.23097685
-0.15462645
-0.061742877
-0.21537885
-0.13610416
-0.048862346
-0.20886995
-0.13407305
-0.04892448
-0.20315719
-0.13271456
-0.049449482
0.070099713
0.18249155
0.28575154
0.069312891
0.17448686
0.27171641
0.068183234
0.16595338
0.25738131
0.059759041
0.16101369
0.24943346
0.060564397
0.15781867
0.2399288
0.061742877
0.15462645
0.23097685
0.048862346
0.13610416
0.21537885
0.04892448
0.13407305
0.20886995
0.049449482
0.13271456
0.20315719
0.70710678
0.67227043
0.67227043
0.70710678
0.67227043
0.46185394
0.42824044
0.37298049
0.39717735
0.37298049
0.41475441
0.43862719
0.41475441
0.84957113
0.91774188
0.84957113
0.91774188
1
0.84957113
0.91774188
0.22018368
0.23847528
0.22018368
0.56997242
0.61371409
0.59957576
0.64614232
0.54440267
0.58040305
0.54440267
0.38042078
0.39095644
0.39642918
0.36786568
0.30821838
0.25901183
0.22494547
0.23299418
0.23775433
0.32683969
0.27329733
0.2366211
0.68307557
0.69823377
0.70604267
0.65236609
0.55350989
0.47383529
0.42186255
0.43237503
0.43790711
0.60919191
0.51756107
0.44674376
0.6278812
0.53501952
0.4314642
0.66207707
0.56663459
0.45868172
0.40796129
0.34519398
0.27669215
0.38489153
0.32299562
0.25652682
0.39642918
0.39095644
0.38042078
0.32683969
0.27329733
0.2366211
0.23775433
0.23299418
0.22494547
0.70604267
0.69823377
0.68307557
0.60919191
0.51756107
0.44674376
0.43790711
0.43237503
0.42186255
0.6278812
0.53501952
0.4314642
0.38489153
0.32299562
0.25652682
0.87053063
0.90021342
0.91563372
0.99744546
0.97878093
0.94295653
0.94295653
0.97878093
0.99744546
0.91563372
0.90021342
0.87053063
0.58365285
0.60267304
0.612391
0.62657076
0.64272849
0.64790968
0.61424887
0.6344852
0.64475025
0.58118992
0.5955756
0.60067267
0.79350674
0.69592376
0.61042442
0.85618723
0.75011215
0.65754281
0.92864585
0.80034803
0.69495367
0.8519602
0.73970671
0.64406137
0.74943575
0.8239692
0.88860063
0.87053063
0.90021342
0.91563372
0.70822101
0.77112957
0.82527783
0.70604267
0.69823377
0.68307557
0.49171042
0.54162967
0.58213856
0.59588916
0.58197579
0.55947685
0.45531071
0.49826979
0.53078725
0.45979708
0.45137718
0.43749377
0.6553184
0.5690496
0.49589265
0.78354073
0.67517407
0.58557829
0.61859413
0.53235175
0.4608565
0.94295653
0.97878093
0.99744546
0.87053063
0.90021342
0.91563372
0.64130222
0.62457008
0.59790658
0.55568435
0.57135729
0.57937045
0.84631272
0.72383693
0.62511386
0.74943575
0.8239692
0.88860063
0.70822101
0.77112957
0.82527783
0.46757203
0.51751099
0.56064793
0.44243449
0.48871055
0.52712522
0.91563372
0.90021342
0.87053063
0.70822101
0.77112957
0.82527783
0.57937045
0.57135729
0.55568435
0.44243449
0.48871055
0.52712522
0.78354073
0.67517407
0.58557829
0.24235185
0.25232165
0.25828708
0.28070609
0.29579779
0.30638773
0.33365303
0.35173498
0.36607631
0.43984281
0.45169272
0.45784149
0.54477698
0.55853883
0.56566212
0.63846807
0.65334976
0.6610298
0.4239481
0.3559653
0.30028193
0.52245117
0.44037718
0.37395729
0.61033848
0.51658911
0.44111896
0.2759687
0.27087709
0.2619544
0.34450139
0.33919127
0.32939065
0.40726239
0.40184879
0.39168062
0.27583747
0.31881452
0.38012902
0.34764736
0.40251146
0.47705059
0.41456931
0.48044703
0.56688067
0.62028102
0.63880084
0.65072868
0.52731122
0.5432846
0.55233694
0.45462878
0.46644469
0.47288001
0.25828708
0.25232165
0.24235185
0.30638773
0.29579779
0.28070609
0.36607631
0.35173498
0.33365303
0.45784149
0.45169272
0.43984281
0.56566212
0.55853883
0.54477698
0.6610298
0.65334976
0.63846807
0.38012902
0.31881452
0.27583747
0.47705059
0.40251146
0.34764736
0.56688067
0.48044703
0.41456931
0.2619544
0.27087709
0.2759687
0.32939065
0.33919127
0.34450139
0.39168062
0.40184879
0.40726239
0.65072868
0.63880084
0.62028102
0.55233694
0.5432846
0.52731122
0.47288001
0.46644469
0.45462878
0.94071385
0.97634361
0.9949051
0.92431526
0.95853051
0.97634361
0.89277756
0.92431526
0.94071385
0.81284642
0.84013147
0.8542537
0.7127717
0.7363407
0.74845888
0.62513986
0.64562745
0.65611397
0.87843148
0.90955439
0.92571758
0.76776045
0.79126469
0.80102979
0.67179537
0.69001736
0.69636762
0.92589163
0.90745348
0.87469252
0.79847491
0.7848115
0.75847453
0.69339614
0.68205659
0.65998417
0.85087783
0.83816876
0.81217498
0.7399827
0.7313156
0.71103576
0.64497955
0.63891909
0.62281217
0.59541916
0.61514261
0.62520489
0.6103858
0.63088092
0.6413128
0.61553415
0.63606057
0.64649452
0.72097901
0.78743445
0.84476821
0.73891546
0.81043561
0.8723379
0.74817327
0.82234343
0.8866454
0.69622871
0.76634757
0.82559827
0.60548815
0.66698249
0.7176238
0.52790763
0.58152674
0.62520188
0.84895356
0.83264817
0.80358239
0.7360621
0.72016229
0.69331457
0.64029408
0.62563
0.60168591
0.76296502
0.7151523
0.65532736
0.65824461
0.61818758
0.56555694
0.57094286
0.53605394
0.48997206
0.62981031
0.64567271
0.65406478
0.54301491
0.55854834
0.56732898
0.47066242
0.48523628
0.49389635
0.48948206
0.53890956
0.57878836
0.48037707
0.5280756
0.5659122
0.46535136
0.51025434
0.54493674
0.89277756
0.92431526
0.94071385
0.92431526
0.95853051
0.97634361
0.94071385
0.97634361
0.9949051
0.92665671
0.90445119
0.86959746
0.79552085
0.77659836
0.74488955
0.69023379
0.67202865
0.64380453
0.84326267
0.82665036
0.80104658
0.7222101
0.71038189
0.68940459
0.62377977
0.61483441
0.59780238
0.6102408
0.63002802
0.6399933
0.59539218
0.61391127
0.62333639
0.57158743
0.58827132
0.59677302
0.72097901
0.73891546
0.74817327
0.78743445
0.81043561
0.82234343
0.84476821
0.8723379
0.8866454
0.81939168
0.76023912
0.69178145
0.70015567
0.64830073
0.5882756
0.60395995
0.55789664
0.50464548
0.6465242
0.70862972
0.76037655
0.55162504
0.60786403
0.65430885
0.47644395
0.52605154
0.56711375
0.53759056
0.55215757
0.55965916
0.49750138
0.51007168
0.51664537
0.44996437
0.46096658
0.46679122
0.74817327
0.73891546
0.72097901
0.82234343
0.81043561
0.78743445
0.8866454
0.8723379
0.84476821
0.84326267
0.82665036
0.80104658
0.7222101
0.71038189
0.68940459
0.62377977
0.61483441
0.59780238
0.76037655
0.70862972
0.6465242
0.65430885
0.60786403
0.55162504
0.56711375
0.52605154
0.47644395
0.55965916
0.55215757
0.53759056
0.51664537
0.51007168
0.49750138
0.46679122
0.46096658
0.44996437
0.38830991
0.40807569
0.42226257
0.32720998
0.34363064
0.35432306
0.28230557
0.29322506
0.29950865
0.4874011
0.507885
0.52086345
0.41215642
0.42913393
0.43908065
0.35509208
0.36675312
0.37311584
0.57784289
0.5968787
0.60872599
0.49010959
0.50627029
0.51543219
0.42225115
0.43391628
0.44021079
0.42226257
0.40807569
0.38830991
0.35432306
0.34363064
0.32720998
0.29950865
0.29322506
0.28230557
0.52086345
0.507885
0.4874011
0.43908065
0.42913393
0.41215642
0.37311584
0.36675312
0.35509208
0.60872599
0.5968787
0.57784289
0.51543219
0.50627029
0.49010959
0.44021079
0.43391628
0.42225115
0.83263275
0.86146478
0.87639462
0.86013851
0.89118879
0.90734045
0.87358128
0.90594794
0.92327809
0.72869824
0.75335997
0.76603506
0.74996709
0.77603102
0.78943697
0.75891976
0.78544045
0.79915337
0.63814725
0.65943549
0.67031754
0.65493065
0.67714132
0.68847741
0.66108555
0.68340474
0.69481417
0.69473621
0.76435691
0.82299751
0.68529776
0.75243936
0.80825651
0.66767364
0.73046999
0.78154101
0.60357938
0.66449961
0.71439054
0.59398904
0.65270524
0.69989765
0.57710405
0.63221295
0.67514751
0.5257324
0.5788276
0.62181775
0.51635125
0.56757241
0.60830887
0.50059149
0.54877221
0.5860315
0.87139099
0.90369802
0.923305
0.8535372
0.88310199
0.90118744
0.82237015
0.84952925
0.86663819
0.75443742
0.78032949
0.79374094
0.73726653
0.76170797
0.77484289
0.70864006
0.73080563
0.74314799
0.65589069
0.67745162
0.68864343
0.64018848
0.66020724
0.67053052
0.61481183
0.63299899
0.64245986
0.77658575
0.80060869
0.81656952
0.72223561
0.74329334
0.75777934
0.65817111
0.67712932
0.68991477
0.66750682
0.68722465
0.6985533
0.61904994
0.63657975
0.64685072
0.56159738
0.57772869
0.58701638
0.57845361
0.59433356
0.60273441
0.53562764
0.54940587
0.55679988
0.48474077
0.49700945
0.50366617
0.81656952
0.80060869
0.77658575
0.75777934
0.74329334
0.72223561
0.68991477
0.67712932
0.65817111
0.6985533
0.68722465
0.66750682
0.64685072
0.63657975
0.61904994
0.58701638
0.57772869
0.56159738
0.60273441
0.59433356
0.57845361
0.55679988
0.54940587
0.53562764
0.50366617
0.49700945
0.48474077
