MFEM mesh v1.0

#
# MFEM Geometry Types (see mesh/geom.hpp):
#
# POINT       = 0
# SEGMENT     = 1
# TRIANGLE    = 2
# SQUARE      = 3
# TETRAHEDRON = 4
# CUBE        = 5
#

dimension
3

elements
4
1 5 7 8 18 17 9 10 20 19
1 5 12 11 22 21 14 13 25 24
1 5 4 15 23 16 0 1 6 3
1 5 15 14 24 23 1 2 5 6

boundary
22
5 3 0 1 6 3
5 3 1 2 5 6
5 3 17 18 8 7
5 3 17 7 9 19
5 3 7 8 10 9
5 3 8 18 20 10
5 3 18 17 19 20
5 3 9 10 20 19
5 3 12 11 13 14
5 3 4 15 1 0
5 3 15 14 2 1
5 3 16 4 0 3
5 3 21 22 11 12
5 3 16 23 15 4
5 3 21 12 14 24
5 3 23 24 14 15
5 3 11 22 25 13
5 3 22 21 24 25
5 3 14 13 25 24
5 3 23 16 3 6
5 3 14 24 5 2
5 3 24 23 6 5

vertices
26

nodes
FiniteElementSpace
FiniteElementCollection: H1_3D_P4
VDim: 3
Ordering: 0

-0.34715081
-0.35824573
-0.36439324
-0.35793389
-0.37954477
-0.38159255
-0.37443101
-0.3240448
-0.18130226
-0.3019618
-0.19962217
-0.47637389
-0.495475
-0.40615364
-0.41723435
-0.40615364
-0.40559113
-0.33785177
-0.18741678
-0.30903013
-0.2020654
-0.59803778
-0.56790914
-0.46325474
-0.47972374
-0.46325474
-0.30036399
-0.25382808
-0.20630292
-0.18219598
-0.18412556
-0.18627115
-0.31197782
-0.26246378
-0.21310118
-0.324875
-0.32895995
-0.33476008
-0.28502009
-0.25171178
-0.21762263
-0.19994383
-0.20070541
-0.20159366
-0.2907455
-0.25567889
-0.22050563
-0.30235239
-0.30439045
-0.3073957
-0.32012587
-0.31264529
-0.30547574
-0.1858554
-0.19264151
-0.19758486
-0.19099203
-0.19636169
-0.20036531
-0.33263971
-0.32288074
-0.31360574
-0.48218954
-0.49052079
-0.49487805
-0.49652174
-0.52997348
-0.55655823
-0.59714211
-0.59054243
-0.57744947
-0.51745313
-0.55460319
-0.58496907
-0.40956005
-0.41438734
-0.416891
-0.41963551
-0.44101229
-0.45679402
-0.4792407
-0.47568847
-0.46854531
-0.43177284
-0.45500738
-0.47250916
-0.4804563
-0.45366626
-0.42918375
-0.46288477
-0.43884384
-0.41688064
-0.54807175
-0.51261288
-0.47970536
-0.57563883
-0.53554585
-0.49831672
-0.38397889
-0.39343822
-0.40219935
-0.41963551
-0.44101229
-0.45679402
-0.41918903
-0.44076155
-0.45671368
-0.38391142
-0.39319094
-0.40174473
-0.3483549
-0.35210224
-0.35620065
-0.36090113
-0.36661505
-0.37197667
-0.36061786
-0.36643162
-0.37191306
-0.34833471
-0.35199212
-0.35596145
-0.3499271
-0.35938497
-0.3719112
-0.36410046
-0.37860789
-0.39605059
-0.38928172
-0.41794066
-0.44722054
-0.36375315
-0.37819098
-0.39554362
-0.416891
-0.41438734
-0.40956005
-0.46854531
-0.47568847
-0.4792407
-0.3600644
-0.36275461
-0.36419335
-0.36722256
-0.3732476
-0.37896698
-0.38136836
-0.37973821
-0.37661531
-0.37087187
-0.38675415
-0.40602805
-0.39765129
-0.42902166
-0.46170298
-0.30935537
-0.2605737
-0.21173834
-0.30453904
-0.25713871
-0.2092239
-0.30114974
-0.254594
-0.20713919
-0.29784343
-0.2540722
-0.20937696
-0.29272637
-0.25361737
-0.2136803
-0.28758492
-0.25244923
-0.21653219
-0.18661116
-0.18823856
-0.19003729
-0.19318322
-0.19436251
-0.19567031
-0.19796853
-0.19884247
-0.19983734
-0.21521495
-0.26170316
-0.30829403
-0.21805816
-0.25959658
-0.30116403
-0.21984455
-0.25705064
-0.29420593
-0.32983388
-0.32457055
-0.32086956
-0.32057555
-0.31625735
-0.31323962
-0.3117522
-0.30830737
-0.30593287
-0.28536742
-0.25201815
-0.21793411
-0.28698009
-0.25313792
-0.2187916
-0.28939246
-0.25475616
-0.21989547
-0.58412486
-0.57788197
-0.565549
-0.55385503
-0.54836278
-0.53764655
-0.51680591
-0.51206774
-0.50295161
-0.4799097
-0.475913
-0.46825079
-0.453208
-0.4498551
-0.44339489
-0.42880474
-0.42602867
-0.42067083
-0.48175341
-0.51296721
-0.53761231
-0.45546312
-0.48266995
-0.50377845
-0.43141818
-0.45480196
-0.47244893
-0.55683586
-0.5688103
-0.57482452
-0.51995596
-0.52990919
-0.53487417
-0.48569626
-0.49376375
-0.49777523
-0.56364657
-0.53559949
-0.50101576
-0.52550686
-0.50168521
-0.47171672
-0.49015853
-0.47045523
-0.44490501
-0.43140074
-0.42868479
-0.4234057
-0.45458689
-0.45150728
-0.44542808
-0.4720484
-0.46864669
-0.46183879
-0.41491029
-0.43545409
-0.45063188
-0.40494612
-0.42275546
-0.43561897
-0.39271535
-0.40510748
-0.41525915
-0.37601068
-0.38463232
-0.39252183
-0.36273477
-0.36961756
-0.37576568
-0.35228998
-0.35709068
-0.36182362
-0.40849722
-0.42767182
-0.44161126
-0.38885829
-0.40358014
-0.41372651
-0.3709815
-0.37955429
-0.38637647
-0.44153331
-0.42743494
-0.40808774
-0.41365249
-0.4033612
-0.38850493
-0.38630909
-0.37935542
-0.37067151
-0.39211471
-0.38441393
-0.37595188
-0.37543623
-0.36944838
-0.36269208
-0.36155375
-0.3569604
-0.35226131
-0.35020335
-0.35444392
-0.35878782
-0.35435673
-0.35949781
-0.3643369
-0.35857531
-0.36421947
-0.36954055
-0.46183879
-0.46864669
-0.4720484
-0.44542808
-0.45150728
-0.45458689
-0.4234057
-0.42868479
-0.43140074
-0.39911398
-0.4034571
-0.40571864
-0.38107215
-0.38462625
-0.38649666
-0.36612165
-0.36908076
-0.37065393
-0.41942043
-0.44014398
-0.45548738
-0.39775355
-0.41346319
-0.424435
-0.37826325
-0.38726565
-0.39454242
-0.46127955
-0.45814685
-0.451876
-0.42868863
-0.42624916
-0.42143577
-0.39739405
-0.39551502
-0.39187553
-0.36278309
-0.36554626
-0.36701855
-0.36861032
-0.37150587
-0.37303643
-0.37410476
-0.37715157
-0.37874772
-0.29853907
-0.25473724
-0.21009033
-0.301586
-0.25698217
-0.21188142
-0.30592754
-0.26002606
-0.21404428
-0.29327099
-0.25411821
-0.2142001
-0.29571782
-0.25586326
-0.21553616
-0.29923806
-0.25826531
-0.21717089
-0.28799431
-0.25281409
-0.21690355
-0.28988944
-0.25413518
-0.21790098
-0.29266768
-0.256001
-0.2191559
-0.50042386
-0.49607778
-0.48769225
-0.53491635
-0.52988829
-0.5200454
-0.56287813
-0.55718026
-0.54588439
-0.47122059
-0.46757633
-0.46050486
-0.50111568
-0.49692114
-0.48865734
-0.524871
-0.5201516
-0.51073205
-0.44449574
-0.44148143
-0.43562056
-0.46998922
-0.46654902
-0.45975458
-0.48964397
-0.48581392
-0.47814716
-0.38417764
-0.39545594
-0.40462171
-0.39531111
-0.41142349
-0.42292967
-0.40430405
-0.42277525
-0.43624254
-0.36950982
-0.37861183
-0.38573911
-0.37849367
-0.39120078
-0.39987744
-0.38546882
-0.39973595
-0.40964559
-0.35716208
-0.3631937
-0.36858746
-0.36309512
-0.37078876
-0.37688888
-0.36835274
-0.37676038
-0.38352616
-0.41189578
-0.41663684
-0.41908798
-0.43160908
-0.43701721
-0.43977071
-0.4460706
-0.45206987
-0.45508265
-0.39158062
-0.39545308
-0.39747614
-0.4066413
-0.41094143
-0.41315943
-0.41710268
-0.42174756
-0.42411379
-0.37319587
-0.37636133
-0.37803569
-0.38191079
-0.38526728
-0.38702482
-0.38891035
-0.39245443
-0.39429313
-0.15089524
-0.091303978
2.4504454e-16
-0.16068586
-0.19162046
2.7206589e-16
-0.091154634
-0.3036754
-0.31528657
-0.2121121
-0.21778967
0.1608673
2.2566351e-16
0.11334521
2.4629561e-16
-0.11334521
-0.21804425
-0.16586463
-0.16964304
-0.11564168
-0.11722119
1.6533649e-16
0.17478571
-0.12024882
2.5553119e-16
0.12024882
-0.30790332
-0.31353625
-0.31565884
-0.29307751
-0.24718607
-0.19725523
-0.16733519
-0.16936004
-0.16998188
-0.28287978
-0.23966278
-0.192319
-0.2144077
-0.21729916
-0.21816563
-0.20283796
-0.17115331
-0.13641846
-0.11634773
-0.11728615
-0.11747761
-0.19792824
-0.16767692
-0.13426945
-0.28486251
-0.2528458
-0.22514024
-0.29522726
-0.26114572
-0.23166279
-0.15874692
-0.14032065
-0.12454269
-0.15545395
-0.13779032
-0.12265416
0.13520491
0.083474693
0.029134115
0.16214415
0.16646321
0.17195521
0.031184901
0.089641156
0.14617313
2.1779538e-16
2.1433767e-16
2.1526518e-16
0.095153291
0.05864994
0.020454359
0.11398714
0.11611165
0.11883121
0.021347031
0.061424271
0.10038993
2.3597269e-16
2.7209549e-16
2.7501336e-16
2.1563487e-16
2.331469e-16
2.2333187e-16
0.15089348
0.13404733
0.11981455
0.16355238
0.14439285
0.12790452
1.7895295e-16
2.0247097e-16
2.133645e-16
-0.18297142
-0.15984484
-0.13054999
-0.11398714
-0.11611165
-0.11883121
-0.20421187
-0.1738183
-0.1395184
-0.19609831
-0.20556231
-0.21419154
-0.14576648
-0.12818847
-0.10512039
-0.090785058
-0.090323234
-0.090736551
-0.15211937
-0.13079208
-0.10550734
-0.15195994
-0.15527244
-0.1588859
-0.15416343
-0.16567043
-0.1815867
-0.093117242
-0.098879639
-0.10762835
-0.094173554
-0.10228573
-0.11332984
-0.16731724
-0.18426962
-0.20540837
-0.020454359
-0.05864994
-0.095153291
-0.10038993
-0.061424271
-0.021347031
-0.07674149
-0.047347161
-0.016521151
2.5749345e-16
2.4055739e-16
2.8462392e-16
-0.016260256
-0.046741048
-0.076225003
2.6878243e-16
2.8436752e-16
2.1626008e-16
2.4266244e-16
2.721829e-16
2.4807944e-16
-0.1941902
-0.19677436
-0.19761602
-0.24245935
-0.24622763
-0.24756195
-0.28660151
-0.29159062
-0.29344791
-0.28871351
-0.29378686
-0.29562415
-0.25604202
-0.26016676
-0.26155362
-0.22773863
-0.23102775
-0.23205446
-0.27445949
-0.23146255
-0.18463431
-0.2428678
-0.20481623
-0.16327525
-0.21560914
-0.18188107
-0.14494219
-0.15908524
-0.15857312
-0.15677511
-0.14063554
-0.14027912
-0.13885517
-0.12482037
-0.12457836
-0.12348153
-0.18030429
-0.22480178
-0.2653809
-0.15991283
-0.19956181
-0.2356308
-0.14240047
-0.1778306
-0.20995229
-0.19992393
-0.20245775
-0.20319814
-0.16912737
-0.17098314
-0.1714808
-0.13519298
-0.13641976
-0.13670233
0.030756429
0.088356097
0.14391135
0.029960793
0.085951678
0.13960267
0.029341739
0.084082402
0.13624439
0.027300299
0.078240369
0.12678555
0.024208436
0.069408735
0.11256838
0.021617536
0.061990694
0.10058042
0.15205021
0.1559836
0.16098102
0.13499047
0.13820877
0.14229552
0.12055805
0.12306748
0.12625939
0.13671992
0.083790631
0.029139583
0.1206103
0.07383564
0.02566374
0.10678067
0.065330867
0.022702499
1.8443357e-16
2.1194791e-16
2.3095533e-16
1.8718382e-16
2.2800992e-16
2.3211049e-16
2.6380081e-16
2.7132552e-16
2.5283765e-16
0.020552809
0.05894128
0.095665449
0.020815557
0.059764287
0.097245388
0.021155184
0.060831192
0.099290348
-0.20075295
-0.17125279
-0.13771681
-0.19334774
-0.16584551
-0.13421061
-0.18553066
-0.16108254
-0.13138135
-0.17355335
-0.1517377
-0.12393754
-0.1587184
-0.13902185
-0.11377479
-0.14842528
-0.13057107
-0.10712092
-0.10816445
-0.10988468
-0.11213816
-0.099211079
-0.1000964
-0.10147003
-0.093068679
-0.092986121
-0.093665525
-0.13145861
-0.16380863
-0.19240191
-0.11853085
-0.14739646
-0.17300687
-0.10901333
-0.13501731
-0.15753953
-0.20200594
-0.19430083
-0.18571895
-0.18159931
-0.17575321
-0.16902326
-0.16526242
-0.16095374
-0.15647806
-0.14571643
-0.12768813
-0.10452191
-0.1477705
-0.12811263
-0.10419095
-0.15062409
-0.12980493
-0.10490761
-0.099290348
-0.060831192
-0.021155184
-0.097245388
-0.059764287
-0.020815557
-0.095665449
-0.05894128
-0.020552809
-0.090366726
-0.055717189
-0.01943473
-0.083080874
-0.051270936
-0.017891239
-0.078269235
-0.048312691
-0.016859976
2.5115723e-16
2.6839146e-16
2.7024397e-16
2.4473284e-16
2.3227596e-16
2.5629773e-16
2.7309755e-16
2.4677667e-16
2.5072962e-16
-0.020133263
-0.057918984
-0.094626887
-0.018224962
-0.052395855
-0.085488175
-0.016814672
-0.048323875
-0.078777098
-0.076261059
-0.047032921
-0.016406941
-0.075751551
-0.046632756
-0.01625329
-0.075936607
-0.046622598
-0.016228928
-0.2687634
-0.27324937
-0.27485009
-0.22733526
-0.23071061
-0.23184837
-0.18199007
-0.18429277
-0.18499683
-0.23842823
-0.24206426
-0.24326392
-0.2016409
-0.20435576
-0.20519283
-0.16128008
-0.16311474
-0.1636171
-0.21221522
-0.21510421
-0.2159855
-0.17949181
-0.181626
-0.18222813
-0.14347315
-0.14489756
-0.14524754
0.027486719
0.078787221
0.12772416
0.028042434
0.080471355
0.13076953
0.028755309
0.082634276
0.1346724
0.024357914
0.069848642
0.11332972
0.024796887
0.071190449
0.11579512
0.025359252
0.072912391
0.11895344
0.021732753
0.062331183
0.10117544
0.022057045
0.0633356
0.1030662
0.022473107
0.064627671
0.10549477
-0.17582987
-0.15280226
-0.12463481
-0.18281003
-0.1569065
-0.12697707
-0.18935962
-0.16158805
-0.12992546
-0.16048343
-0.13975563
-0.11422127
-0.16575995
-0.14248093
-0.11555525
-0.17065251
-0.14576004
-0.11744763
-0.14930097
-0.13071396
-0.10709957
-0.15237312
-0.13177794
-0.10725583
-0.15580324
-0.13387979
-0.10829949
-0.090790656
-0.055956267
-0.019515262
-0.09204507
-0.056589217
-0.019713796
-0.093711604
-0.057434923
-0.019978466
-0.083338685
-0.051412824
-0.017938587
-0.083921998
-0.05165653
-0.018005032
-0.08487852
-0.052090369
-0.018130584
-0.078205017
-0.04825686
-0.016838262
-0.078010769
-0.04804329
-0.016748932
-0.078414981
-0.048162499
-0.01676881
-0.14945863
-0.15915685
-0.16449075
-0.090262432
-0.18998382
-0.09191693
-0.090084957
-0.30113814
-0.31136795
-0.21027127
-0.21539192
-0.31136231
-0.32993951
-0.21613735
-0.22662754
-0.21613735
-0.11222493
-0.38645085
-0.402592
-0.26348491
-0.27180783
-0.18216265
-0.17346291
-0.11908157
-0.12353354
-0.11908157
-0.30518175
-0.31039262
-0.31202038
-0.33148008
-0.36475777
-0.39132055
-0.39314814
-0.40130897
-0.40364944
-0.32004085
-0.35121805
-0.37591429
-0.2124856
-0.21519722
-0.21586872
-0.22868636
-0.24968568
-0.26536697
-0.26711483
-0.27137338
-0.27244767
-0.22289799
-0.24278426
-0.25746065
-0.28245896
-0.25068918
-0.22320164
-0.29164895
-0.25812781
-0.22908341
-0.37643935
-0.3314124
-0.29132139
-0.36178432
-0.31936297
-0.28173224
-0.31704664
-0.32514685
-0.3293631
-0.29162943
-0.24903778
-0.2008038
-0.18188411
-0.17985132
-0.17604584
-0.30845894
-0.26267507
-0.21118492
-0.21938478
-0.22395207
-0.22630552
-0.20240951
-0.17223151
-0.1381924
-0.12338902
-0.12233846
-0.1203903
-0.21183865
-0.17963025
-0.14360731
-0.30890231
-0.27286912
-0.24146498
-0.29186293
-0.25859295
-0.22973249
-0.16225219
-0.14314676
-0.12671274
-0.17013507
-0.14957585
-0.13181275
-0.19443659
-0.20381286
-0.21233908
-0.20240951
-0.17223151
-0.1381924
-0.11284866
-0.11495525
-0.11766736
-0.18135535
-0.1583609
-0.12928398
-0.15051588
-0.15379964
-0.15737659
-0.1505937
-0.12938092
-0.10429827
-0.089733496
-0.089261146
-0.089668962
-0.14433866
-0.12684373
-0.10395195
-0.15271841
-0.16417758
-0.18000844
-0.16577576
-0.18262906
-0.20360883
-0.093085637
-0.10117007
-0.11218353
-0.092064315
-0.097803802
-0.10652499
-0.22630552
-0.22395207
-0.21938478
-0.1203903
-0.12233846
-0.12338902
-0.16073751
-0.16307149
-0.1643177
-0.15519433
-0.13277622
-0.10660583
-0.091849406
-0.091370178
-0.090560057
-0.17177861
-0.19009168
-0.21297031
-0.095178627
-0.10401121
-0.11603422
-0.38226065
-0.39001148
-0.392291
-0.35666775
-0.36347732
-0.36556681
-0.32458606
-0.33036054
-0.33217253
-0.2861507
-0.29086168
-0.29227989
-0.25376493
-0.25761892
-0.25870096
-0.22570779
-0.2287917
-0.22959332
-0.31044215
-0.3414331
-0.36604287
-0.27462007
-0.30154476
-0.32260746
-0.24345974
-0.26650272
-0.28407941
-0.37742229
-0.37533353
-0.36791556
-0.33224975
-0.3305884
-0.32447941
-0.29202619
-0.29075595
-0.28587858
-0.35207639
-0.32920017
-0.30014402
-0.31115096
-0.29155727
-0.26625401
-0.27497131
-0.25857
-0.23682035
-0.2253995
-0.2284246
-0.22918884
-0.24576987
-0.24933225
-0.25024085
-0.26091316
-0.26495521
-0.26597969
-0.21085298
-0.2084438
-0.20389962
-0.26224667
-0.25911777
-0.25316541
-0.30793238
-0.30409086
-0.29674266
-0.30837635
-0.30452222
-0.29709471
-0.27243161
-0.26922293
-0.26300367
-0.241107
-0.23847819
-0.23337191
-0.27332256
-0.233261
-0.18791686
-0.24210739
-0.20636551
-0.16595074
-0.21508675
-0.18312221
-0.14700973
-0.16459595
-0.16804391
-0.16988317
-0.14505997
-0.14787135
-0.14937058
-0.12822321
-0.13045331
-0.13164898
-0.19734868
-0.24571657
-0.28874533
-0.17368557
-0.21669443
-0.25500239
-0.15318517
-0.19148451
-0.22565082
-0.2115462
-0.2094147
-0.20530326
-0.17939835
-0.17770826
-0.17448201
-0.14343232
-0.14216982
-0.13979819
-0.13009663
-0.13290529
-0.13639873
-0.15957831
-0.16431482
-0.16968683
-0.18389772
-0.19166051
-0.19899022
-0.18412033
-0.19262982
-0.2002505
-0.1675156
-0.17419653
-0.17998741
-0.15502341
-0.15946898
-0.16374102
-0.19068407
-0.16227373
-0.1301618
-0.17141268
-0.14593159
-0.1172739
-0.15600634
-0.13358825
-0.10778674
-0.11099383
-0.10874658
-0.10704341
-0.10035554
-0.098985529
-0.098117488
-0.092579338
-0.091904104
-0.091998806
-0.12269518
-0.1502929
-0.17199163
-0.11256802
-0.13763338
-0.15723672
-0.10594035
-0.12921515
-0.1469877
-0.14427814
-0.14630209
-0.14911808
-0.12633257
-0.12673776
-0.12840691
-0.10334202
-0.10299732
-0.10370396
-0.13979819
-0.14216982
-0.14343232
-0.17448201
-0.17770826
-0.17939835
-0.20530326
-0.2094147
-0.2115462
-0.20650374
-0.21057576
-0.21268278
-0.18490001
-0.18815426
-0.18985764
-0.1675742
-0.17019685
-0.17158622
-0.1990584
-0.16877713
-0.13486776
-0.17803668
-0.15091175
-0.12078984
-0.16118552
-0.13737969
-0.11041253
-0.1159082
-0.11499071
-0.11330578
-0.10391441
-0.10321634
-0.10196852
-0.09510387
-0.094568327
-0.093645983
-0.15194252
-0.15395511
-0.15504449
-0.13034758
-0.13183658
-0.13266128
-0.10491371
-0.1059349
-0.10652261
-0.30430032
-0.30952704
-0.31111172
-0.3341882
-0.34036417
-0.34220545
-0.35788753
-0.3649276
-0.36695301
-0.26972356
-0.27400973
-0.27522701
-0.29572436
-0.30079928
-0.30223163
-0.31600342
-0.32179603
-0.32339414
-0.23965492
-0.24309074
-0.24399932
-0.26196419
-0.2660253
-0.26710333
-0.27891093
-0.28353628
-0.28475048
-0.28826483
-0.28475597
-0.27802313
-0.24532676
-0.2424773
-0.23704161
-0.19704771
-0.19486317
-0.19073449
-0.25460338
-0.25168681
-0.24606072
-0.21637287
-0.21402053
-0.20951533
-0.17343918
-0.17165123
-0.16826597
-0.22532493
-0.22294091
-0.21833549
-0.19122429
-0.18931992
-0.1856747
-0.15298755
-0.1515552
-0.14885239
-0.17425285
-0.18118719
-0.18767393
-0.1513382
-0.15541843
-0.16007003
-0.12337417
-0.12569701
-0.12863455
-0.15898818
-0.16423031
-0.16908019
-0.13834848
-0.14105077
-0.14430783
-0.11299606
-0.11431032
-0.11619516
-0.14784936
-0.15089347
-0.15428839
-0.12933997
-0.13038352
-0.13246336
-0.10590094
-0.10604248
-0.1070778
-0.19324756
-0.19689719
-0.19879796
-0.16424387
-0.16707855
-0.16857248
-0.13154702
-0.13360834
-0.13471446
-0.17340763
-0.17630048
-0.17782644
-0.14740848
-0.14958446
-0.1507508
-0.11827694
-0.1198226
-0.12067106
-0.15753645
-0.15980272
-0.16101726
-0.13468238
-0.13634289
-0.13725332
-0.10850532
-0.1096639
-0.11031993
