MFEM mesh v1.0

#
# MFEM Geometry Types (see mesh/geom.hpp):
#
# POINT       = 0
# SEGMENT     = 1
# TRIANGLE    = 2
# SQUARE      = 3
# TETRAHEDRON = 4
# CUBE        = 5
#

dimension
3

elements
8
1 5 20 8 9 21 23 10 11 25
1 5 21 9 2 6 25 11 3 7
1 5 22 23 25 24 15 16 19 18
1 5 23 10 11 25 16 4 5 19
1 5 25 11 3 7 19 5 0 1
1 5 12 26 27 13 15 29 30 16
1 5 14 28 29 15 17 31 32 18
1 5 15 29 30 16 18 32 33 19

boundary
32
51 3 2 6 7 3
51 3 3 7 1 0
51 3 21 9 8 20
51 3 6 2 9 21
51 3 20 8 10 23
51 3 21 20 23 25
51 3 24 25 23 22
51 3 8 9 11 10
51 3 6 21 25 7
51 3 9 2 3 11
51 3 22 23 16 15
51 3 13 12 15 16
51 3 23 10 4 16
51 3 24 22 15 18
51 3 15 14 17 18
51 3 25 24 18 19
51 3 10 11 5 4
51 3 16 4 5 19
51 3 7 25 19 1
51 3 11 3 0 5
51 3 19 5 0 1
51 3 13 27 26 12
51 3 12 26 29 15
51 3 15 29 28 14
51 3 26 27 30 29
51 3 27 13 16 30
51 3 14 28 31 17
51 3 28 29 32 31
51 3 17 31 32 18
51 3 29 30 33 32
51 3 30 16 19 33
51 3 18 32 33 19

vertices
34

nodes
FiniteElementSpace
FiniteElementCollection: H1_3D_P4
VDim: 3
Ordering: 0

-0.072282681
-0.12552145
-0.060483045
-0.064571523
0.042399647
-0.034346884
-0.12526221
-0.12661098
0.091822129
-0.0043627827
0.07733117
-0.012592879
-0.13198986
0.063118382
-0.3240448
-0.18130226
-0.048044756
-0.3019618
-0.19962217
-0.10195872
-0.022316481
-0.090662349
-0.17780112
-0.031599783
-0.19875588
-0.095037873
-0.14693255
0.042616678
-0.33785177
-0.18741678
-0.049994851
-0.30903013
-0.2020654
-0.10058463
0.076523564
0.04196899
0.0012276166
0.071365765
0.037582576
0.0090008422
-0.016471591
-0.043197751
-0.073553197
-0.037217733
-0.061511936
-0.081546526
0.06261028
0.029400173
-0.0093162761
0.058064364
0.026408175
-0.0002038044
-0.024159731
-0.049721361
-0.078687713
-0.045551292
-0.068157077
-0.086661828
-0.022608139
-0.024748767
-0.028803783
0.091378856
0.088122514
0.081811546
-0.0046114999
-0.0064364212
-0.010016227
-0.090802523
-0.091826553
-0.093740589
-0.053797726
-0.037201615
-0.016616971
-0.068873834
-0.088883592
-0.1121783
-0.12161034
-0.11191661
-0.098849367
-0.058451718
-0.043031366
-0.023960944
-0.072379153
-0.09148723
-0.11392757
-0.12327735
-0.11445666
-0.10253952
-0.060614406
-0.061562338
-0.063350815
-0.12531327
-0.12567549
-0.12627463
-0.15108031
-0.10175194
-0.054951579
-0.18008155
-0.14536228
-0.11195474
-0.18289696
-0.19061342
-0.19634799
-0.15660163
-0.11125682
-0.068863748
-0.060081661
-0.079413879
-0.095014962
-0.18176939
-0.14875223
-0.11748478
-0.1858554
-0.19264151
-0.19758486
-0.1804993
-0.17921471
-0.17821886
-0.046207631
-0.040917181
-0.034698153
-0.10132012
-0.099179936
-0.096449341
-0.19936607
-0.19902537
-0.19882535
0.031277675
0.0045540258
-0.028598938
0.025683513
-0.0015543827
-0.024088777
-0.042188938
-0.062244886
-0.087308644
0.048423451
0.060716852
0.072176107
-0.030496019
-0.022610626
-0.015638032
-0.069178618
-0.058400491
-0.043639409
-0.077010687
-0.092876383
-0.11334053
-0.1235515
-0.11736352
-0.1080533
-0.071416057
-0.068776884
-0.065957888
-0.12619886
-0.12697772
-0.12687781
-0.13383333
-0.13823026
-0.14372153
-0.11100089
-0.046215589
0.013418199
0.060009789
0.054802709
0.047862098
-0.095651607
-0.029107859
0.032822386
-0.18219598
-0.18412556
-0.18627115
-0.16213849
-0.11574069
-0.071898434
-0.049187063
-0.049803622
-0.049817461
-0.14441743
-0.16274193
-0.17590544
-0.15761784
-0.17270959
-0.18317521
0.020651021
-0.012490668
-0.03833889
0.036947138
-0.0033954647
-0.034453961
-0.324875
-0.32895995
-0.33476008
-0.31197782
-0.26246378
-0.21310118
-0.30036399
-0.25382808
-0.20630292
-0.30235239
-0.30439045
-0.3073957
-0.2907455
-0.25567889
-0.22050563
-0.19994383
-0.20070541
-0.20159366
-0.28502009
-0.25171178
-0.21762263
-0.32012587
-0.31264529
-0.30547574
-0.33263971
-0.32288074
-0.31360574
-0.19099203
-0.19636169
-0.20036531
-0.18379412
-0.1498554
-0.11717632
-0.10223722
-0.10190328
-0.1010397
-0.060592854
-0.078330936
-0.093501777
-0.063504379
-0.031608777
-0.00369213
-0.041520523
-0.0064820001
0.023858528
-0.014998951
0.023618939
0.056622075
0.00089594757
0.041581156
0.076094149
-0.0015194688
0.038735923
0.072953399
-0.0061296398
0.033258468
0.066883527
0.070961025
0.037245172
0.0087245045
0.067981889
0.034759708
0.0066854864
0.062190392
0.029896705
0.0026837038
-0.016706777
-0.043399337
-0.073717276
-0.018426153
-0.04487484
-0.074904635
-0.021776862
-0.047717562
-0.077153193
-0.081708711
-0.061721277
-0.037479706
-0.082898093
-0.063257245
-0.039402361
-0.085133908
-0.066161005
-0.043043165
-0.024499268
0.012208156
0.043897641
-0.049163648
-0.015826151
0.013256058
-0.069457981
-0.039058117
-0.012338373
-0.10811698
-0.084264287
-0.06318949
-0.097239304
-0.071014404
-0.047577377
-0.082637132
-0.053736998
-0.028235245
-0.016838901
-0.03738195
-0.053945277
-0.018472531
-0.038698964
-0.055012887
-0.021663272
-0.04123922
-0.057045175
-0.068986856
-0.088971404
-0.11224236
-0.069812327
-0.089602815
-0.11269338
-0.071345356
-0.090744911
-0.11347035
-0.12167029
-0.11200236
-0.098968601
-0.12210123
-0.11262358
-0.099840728
-0.12283729
-0.11373947
-0.10145504
-0.087010667
-0.059398412
-0.035029865
-0.10033125
-0.075208547
-0.05287567
-0.11022796
-0.08728089
-0.067230474
-0.17656122
-0.13980857
-0.10450562
-0.16841124
-0.12727
-0.087936734
-0.15785958
-0.11158313
-0.067569201
-0.15193898
-0.10346544
-0.05756747
-0.15374342
-0.10686587
-0.062750138
-0.1556228
-0.10993748
-0.067189553
-0.048326788
-0.070357416
-0.088333214
-0.053874109
-0.07472368
-0.091612856
-0.058524955
-0.078291445
-0.094228305
-0.1130931
-0.14603281
-0.18035039
-0.11523688
-0.14728019
-0.1808905
-0.1169196
-0.14832306
-0.18145523
-0.19647
-0.19084484
-0.18324874
-0.19678851
-0.19140899
-0.18408924
-0.1972596
-0.19216091
-0.18517582
-0.1626016
-0.11985452
-0.079794427
-0.17181531
-0.13342631
-0.097275901
-0.17880459
-0.14410381
-0.11129
-0.012922184
0.025017018
0.057586538
-0.020211932
0.015633093
0.046848718
-0.026473178
0.0070352252
0.035360795
0.053303718
0.022349859
-0.0035889778
0.04268596
0.01321401
-0.011316863
0.03126239
0.0032780897
-0.019903268
-0.027016958
-0.052002662
-0.080414074
-0.033227303
-0.056882076
-0.083799857
-0.040003888
-0.061203572
-0.086527388
-0.041638848
-0.01016987
0.015205087
-0.062646411
-0.033994751
-0.010923492
-0.079687422
-0.053462746
-0.032430112
-0.026652322
-0.045140937
-0.060057044
-0.032894598
-0.049855647
-0.06348633
-0.040070303
-0.055492002
-0.067172316
-0.073515883
-0.092224976
-0.11435413
-0.07569013
-0.093453204
-0.11473328
-0.077204726
-0.093510449
-0.1140848
-0.12365475
-0.11518755
-0.1036962
-0.12407625
-0.11640279
-0.10589605
-0.1237315
-0.11712036
-0.10755741
-0.094039713
-0.07003304
-0.050948142
-0.10439091
-0.082258297
-0.064759696
-0.11124565
-0.090497424
-0.074448754
0.029917161
0.024698075
0.01811025
-0.031586614
-0.036470073
-0.04237428
-0.097691928
-0.10219626
-0.1076889
-0.14612669
-0.15008136
-0.15487905
-0.16411923
-0.1671884
-0.17074683
-0.17695402
-0.17923377
-0.18179575
-0.12400217
-0.063192505
-0.0069747171
-0.1428004
-0.088369249
-0.037600457
-0.1564021
-0.10739758
-0.061294276
0.024510217
0.029806868
0.03408105
-0.010616168
-0.0080389959
-0.005502877
-0.037731278
-0.037043884
-0.035891766
0.0088269557
-0.048710096
-0.11059923
-0.028123596
-0.078689604
-0.1330475
-0.05648977
-0.1014418
-0.14962613
-0.15755953
-0.15936043
-0.16118122
-0.11233615
-0.11386875
-0.11509731
-0.070002663
-0.071055644
-0.071561336
-0.20713919
-0.2092239
-0.21173834
-0.254594
-0.25713871
-0.2605737
-0.30114974
-0.30453904
-0.30935537
-0.32086956
-0.32457055
-0.32983388
-0.31323962
-0.31625735
-0.32057555
-0.30593287
-0.30830737
-0.3117522
-0.30829403
-0.26170316
-0.21521495
-0.30116403
-0.25959658
-0.21805816
-0.29420593
-0.25705064
-0.21984455
-0.19003729
-0.18823856
-0.18661116
-0.19567031
-0.19436251
-0.19318322
-0.19983734
-0.19884247
-0.19796853
-0.20937696
-0.2540722
-0.29784343
-0.2136803
-0.25361737
-0.29272637
-0.21653219
-0.25244923
-0.28758492
-0.28536742
-0.28698009
-0.28939246
-0.25201815
-0.25313792
-0.25475616
-0.21793411
-0.2187916
-0.21989547
-0.16711843
-0.12318209
-0.081493033
-0.17492662
-0.13530146
-0.097431181
-0.18108177
-0.1453093
-0.11092979
-0.060721666
-0.061188004
-0.060982648
-0.078768009
-0.079711014
-0.079972273
-0.093994908
-0.094975166
-0.09536204
-0.1821021
-0.18277265
-0.1834544
-0.14909758
-0.14954233
-0.14978057
-0.11779961
-0.11782881
-0.11742915
-0.015297874
0.023267475
0.056230748
-0.041761277
-0.0067689309
0.023534533
-0.063692886
-0.031837458
-0.0039553184
-0.01747419
0.020687633
0.053365721
-0.043512891
-0.0088760497
0.021160172
-0.065062646
-0.03351757
-0.005886275
-0.021628998
0.015714647
0.047814921
-0.046856383
-0.012947822
0.016536798
-0.067667837
-0.036762445
-0.0096537712
-0.082778084
-0.053912647
-0.028443689
-0.097342899
-0.071148198
-0.047743467
-0.1081917
-0.084364017
-0.063319613
-0.083797589
-0.05520005
-0.029969255
-0.098084338
-0.072121539
-0.048952259
-0.10872051
-0.085084684
-0.06426032
-0.085713299
-0.057666057
-0.032928887
-0.099444194
-0.073953037
-0.05126521
-0.10965371
-0.086405579
-0.06602843
-0.15860578
-0.11309676
-0.069902013
-0.16895476
-0.1284265
-0.089764902
-0.17691979
-0.14063849
-0.10587096
-0.16016526
-0.11608157
-0.074498716
-0.17008025
-0.13067817
-0.09333087
-0.17765296
-0.14222025
-0.10849065
-0.16177364
-0.11873984
-0.078378361
-0.1712285
-0.13263403
-0.096261243
-0.17840655
-0.14356342
-0.11058754
-0.027746792
0.0082228829
0.039280314
-0.051772022
-0.01910155
0.0093648684
-0.071476031
-0.04167066
-0.015542493
-0.034284799
-0.00029769226
0.029403689
-0.056990895
-0.026108239
0.00099760459
-0.075478332
-0.04727195
-0.022493021
-0.039829172
-0.0080283473
0.018859965
-0.061322826
-0.032374097
-0.0079415266
-0.078741432
-0.052245402
-0.029997977
-0.08845108
-0.061349102
-0.037533814
-0.10128932
-0.076596508
-0.054787375
-0.11078453
-0.088175278
-0.068594903
-0.09123712
-0.065520361
-0.04300741
-0.10295447
-0.079412218
-0.058814769
-0.1115325
-0.08982799
-0.071314602
-0.093422957
-0.069173975
-0.049027028
-0.10406033
-0.081718544
-0.063299172
-0.11140774
-0.090521599
-0.073790889
-0.11250418
-0.11652597
-0.12125149
-0.051030404
-0.055296446
-0.060176088
0.0061297838
0.0017276535
-0.0034541335
-0.13456313
-0.13760508
-0.14094699
-0.080487015
-0.083515559
-0.086591283
-0.030144838
-0.032982325
-0.03578423
-0.15076184
-0.15293775
-0.15519617
-0.10274704
-0.10471744
-0.10645493
-0.057901649
-0.059460874
-0.060578405
-0.29853907
-0.301586
-0.30592754
-0.25473724
-0.25698217
-0.26002606
-0.21009033
-0.21188142
-0.21404428
-0.29327099
-0.29571782
-0.29923806
-0.25411821
-0.25586326
-0.25826531
-0.2142001
-0.21553616
-0.21717089
-0.28799431
-0.28988944
-0.29266768
-0.25281409
-0.25413518
-0.256001
-0.21690355
-0.21790098
-0.2191559
-0.16340454
-0.16488842
-0.16635707
-0.12074312
-0.12191943
-0.12276178
-0.080708924
-0.081365025
-0.081427484
-0.17238142
-0.17341577
-0.17441727
-0.13403147
-0.13474331
-0.13513394
-0.097866207
-0.09804766
-0.097646923
-0.17920177
-0.17995895
-0.18070603
-0.14451831
-0.14500164
-0.14523207
-0.11167496
-0.11168701
-0.11120858
-0.14235082
-0.15297542
-0.15523432
-0.15067172
-0.2509096
-0.17837139
-0.17189891
-0.16622039
-0.29750051
-0.2085147
-0.28352483
-0.19996325
-0.46758567
-0.43775954
-0.3036754
-0.31528657
-0.29343711
-0.2121121
-0.21778967
-0.20459288
-0.39908046
-0.26979576
-0.40977066
-0.37426538
-0.27553742
-0.25565524
-0.25398595
-0.24029479
-0.16586463
-0.16964304
-0.15907894
-0.11564168
-0.11722119
-0.11113265
-0.31861206
-0.35490835
-0.38548755
-0.27921287
-0.24814063
-0.22121532
-0.22227043
-0.24467413
-0.26224906
-0.37308381
-0.32850325
-0.28898462
-0.30292498
-0.33570563
-0.36250442
-0.26620095
-0.23693288
-0.21176633
-0.21268533
-0.23320287
-0.24895152
-0.35018902
-0.30915063
-0.27307144
-0.39834785
-0.39294505
-0.38217166
-0.29706934
-0.2939119
-0.2878203
-0.20825305
-0.20633937
-0.2026164
-0.26938448
-0.26635222
-0.2602218
-0.16145954
-0.17719445
-0.19681289
-0.15789396
-0.16363474
-0.16923887
-0.18777211
-0.21880042
-0.2514869
-0.15636183
-0.17093788
-0.18909813
-0.15314072
-0.15853682
-0.16375289
-0.18090119
-0.20937104
-0.23903663
-0.15508653
-0.15402162
-0.15202519
-0.17172178
-0.17043302
-0.16795714
-0.40754079
-0.39886588
-0.3843119
-0.2742016
-0.26932878
-0.26126161
-0.38286857
-0.33658783
-0.29548759
-0.31386987
-0.30837071
-0.29940974
-0.27489866
-0.24371265
-0.21704763
-0.21683356
-0.21346292
-0.2081335
-0.29522726
-0.26114572
-0.23166279
-0.33591704
-0.37026574
-0.39793859
-0.31196648
-0.34179786
-0.36468183
-0.21686899
-0.23603111
-0.24998165
-0.23129971
-0.25274052
-0.26887354
-0.25787203
-0.27253872
-0.2867688
-0.23555723
-0.20988982
-0.18826025
-0.18266278
-0.19190172
-0.2005811
-0.25633817
-0.26776484
-0.27858944
-0.18207761
-0.18984122
-0.19685024
-0.14519363
-0.1553091
-0.16942494
-0.14349751
-0.14705163
-0.15097418
-0.1588552
-0.17409356
-0.19315145
-0.1432571
-0.14607656
-0.14914579
-0.15512184
-0.15981266
-0.16420906
-0.43483128
-0.36757339
-0.29452323
-0.25331385
-0.24996314
-0.24415578
-0.40741123
-0.34465139
-0.27733837
-0.4661879
-0.45907283
-0.44644599
-0.29307751
-0.24718607
-0.19725523
-0.16882906
-0.16601178
-0.16175405
-0.27316517
-0.23079692
-0.18465916
-0.43612428
-0.38286968
-0.33693966
-0.23623567
-0.2066377
-0.18144526
-0.22291293
-0.19418832
-0.17016556
-0.4074965
-0.35677357
-0.3135868
-0.28287978
-0.23966278
-0.192319
-0.16733519
-0.16936004
-0.16998188
-0.30790332
-0.31353625
-0.31565884
-0.19792824
-0.16767692
-0.13426945
-0.11634773
-0.11728615
-0.11747761
-0.20283796
-0.17115331
-0.13641846
-0.2144077
-0.21729916
-0.21816563
-0.28486251
-0.2528458
-0.22514024
-0.15545395
-0.13779032
-0.12265416
-0.15874692
-0.14032065
-0.12454269
-0.11670989
-0.11505659
-0.11263486
-0.19087314
-0.16151631
-0.12913456
-0.14893887
-0.13200227
-0.11770383
-0.28047075
-0.26073005
-0.23610836
-0.31806278
-0.29422628
-0.26528413
-0.3606212
-0.33246956
-0.2988594
-0.38481089
-0.35433116
-0.3181335
-0.37979564
-0.35008411
-0.31461703
-0.36983074
-0.34173707
-0.30779319
-0.2788131
-0.24779838
-0.22092788
-0.27588135
-0.24528674
-0.21881616
-0.27021106
-0.24040495
-0.21470401
-0.22198053
-0.24433362
-0.26186311
-0.21985711
-0.24183146
-0.25900437
-0.21569192
-0.23685189
-0.25324716
-0.28852453
-0.32793937
-0.37241148
-0.28511143
-0.32376706
-0.36744221
-0.27821633
-0.31537241
-0.35750564
-0.33936682
-0.31463424
-0.28425451
-0.30001432
-0.27894674
-0.25270424
-0.26555258
-0.24796037
-0.22550678
-0.18455687
-0.17728247
-0.16849543
-0.21400051
-0.20287351
-0.18761057
-0.24496213
-0.22950608
-0.20950235
-0.19657662
-0.17699881
-0.16129644
-0.1948447
-0.17557411
-0.16011845
-0.19148915
-0.17284607
-0.15789132
-0.15774103
-0.163473
-0.16906747
-0.15663717
-0.16229988
-0.16781858
-0.15455954
-0.16007447
-0.16542798
-0.18756256
-0.2185202
-0.25112618
-0.18603026
-0.21646218
-0.24845224
-0.18304429
-0.21236962
-0.24306397
-0.23320244
-0.21926586
-0.20085718
-0.20500775
-0.19481996
-0.18062029
-0.17792756
-0.17116943
-0.16288604
-0.29400448
-0.28852244
-0.27941451
-0.33480549
-0.32809571
-0.31690717
-0.38078794
-0.37279462
-0.3594261
-0.39586669
-0.38774386
-0.37411392
-0.36848581
-0.36147235
-0.3497856
-0.33439032
-0.32840885
-0.31857951
-0.34130421
-0.3015455
-0.26673964
-0.32001685
-0.28316078
-0.25121888
-0.29219784
-0.25889003
-0.23030076
-0.25530569
-0.26295987
-0.26760053
-0.2406607
-0.2474282
-0.251588
-0.22078931
-0.2266223
-0.23027356
-0.28797888
-0.32741757
-0.37198509
-0.2698655
-0.30562546
-0.34640769
-0.24629838
-0.27798857
-0.31447816
-0.29387661
-0.28874326
-0.28043275
-0.25994445
-0.25552573
-0.24843497
-0.23062394
-0.22690528
-0.22099028
-0.35372411
-0.32845488
-0.2973719
-0.33250068
-0.31145782
-0.28460675
-0.30455927
-0.28822045
-0.26931749
-0.26158323
-0.23290858
-0.2083411
-0.25142352
-0.22397913
-0.20064811
-0.24066396
-0.21442333
-0.1922569
-0.20916776
-0.22870602
-0.24367354
-0.20084347
-0.21783599
-0.23054413
-0.19037527
-0.20238275
-0.21241892
-0.2687163
-0.25552783
-0.24194597
-0.23841513
-0.22707667
-0.21534586
-0.2126046
-0.20301047
-0.19293579
-0.18631592
-0.16871249
-0.15462816
-0.17998459
-0.16381845
-0.15097986
-0.17287582
-0.15814844
-0.14717122
-0.15154147
-0.15677181
-0.1618269
-0.14823915
-0.15300472
-0.15759625
-0.1449739
-0.14893786
-0.15306448
-0.17843063
-0.20566256
-0.2340873
-0.17254741
-0.1966328
-0.22170847
-0.16502236
-0.18339818
-0.20449482
-0.18958129
-0.18178211
-0.17338187
-0.17125406
-0.16522834
-0.15854493
-0.15661898
-0.15206694
-0.14747341
-0.41535764
-0.3512599
-0.2822042
-0.42697169
-0.36094143
-0.28947647
-0.43353305
-0.36645285
-0.29366431
-0.40548465
-0.34251766
-0.2741395
-0.3558902
-0.3003555
-0.2400323
-0.31318847
-0.26418836
-0.21091434
-0.23546817
-0.2321053
-0.22653866
-0.20578279
-0.20253281
-0.19743497
-0.18060013
-0.17760666
-0.17304166
-0.25769817
-0.32070138
-0.37926425
-0.22498344
-0.28062439
-0.33205197
-0.19742993
-0.24662351
-0.29189304
-0.41570525
-0.42773411
-0.43465927
-0.36407292
-0.37490948
-0.38135723
-0.32000931
-0.32962161
-0.33547147
-0.29175907
-0.24604739
-0.19631755
-0.28671013
-0.24183423
-0.19300136
-0.2785508
-0.23515642
-0.18789695
-0.29344791
-0.24756195
-0.19761602
-0.29159062
-0.24622763
-0.19677436
-0.28660151
-0.24245935
-0.1941902
-0.2653809
-0.22480178
-0.18030429
-0.2356308
-0.19956181
-0.15991283
-0.20995229
-0.1778306
-0.14240047
-0.15677511
-0.15857312
-0.15908524
-0.13885517
-0.14027912
-0.14063554
-0.12348153
-0.12457836
-0.12482037
-0.18463431
-0.23146255
-0.27445949
-0.16327525
-0.20481623
-0.2428678
-0.14494219
-0.18188107
-0.21560914
-0.29562415
-0.29378686
-0.28871351
-0.26155362
-0.26016676
-0.25604202
-0.23205446
-0.23102775
-0.22773863
-0.19992393
-0.16912737
-0.13519298
-0.20245775
-0.17098314
-0.13641976
-0.20319814
-0.1714808
-0.13670233
-0.15797566
-0.1553511
-0.15141049
-0.13964836
-0.13741266
-0.13408521
-0.12397705
-0.12212916
-0.11940387
-0.17295795
-0.21626385
-0.25594914
-0.15337256
-0.19187749
-0.22701885
-0.1367805
-0.17113923
-0.20234783
-0.20195347
-0.17041078
-0.13582361
-0.19887051
-0.16788901
-0.13387073
-0.19404409
-0.16402083
-0.13095848
-0.35999894
-0.33193654
-0.29841645
-0.31753846
-0.29377308
-0.26490506
-0.28004088
-0.26035397
-0.23579096
-0.35537547
-0.3280047
-0.29515236
-0.31363888
-0.29042731
-0.26211068
-0.27683379
-0.25757025
-0.23344458
-0.34616313
-0.32025488
-0.28880168
-0.3058203
-0.28379172
-0.25664304
-0.2703791
-0.25203106
-0.22884211
-0.24462284
-0.22920344
-0.20924301
-0.2137341
-0.20262905
-0.1873953
-0.18435643
-0.17709314
-0.16832199
-0.24209005
-0.2269643
-0.20732304
-0.21176495
-0.20083866
-0.18582036
-0.18287395
-0.17570912
-0.16704095
-0.23700922
-0.22252748
-0.20357505
-0.20786806
-0.19733757
-0.18278014
-0.17999941
-0.17305006
-0.16460529
-0.37004295
-0.3625372
-0.34999183
-0.32574005
-0.31940658
-0.30886558
-0.286572
-0.28136832
-0.27275023
-0.34472364
-0.33820601
-0.32740195
-0.30414655
-0.29858658
-0.28942981
-0.26860404
-0.26397795
-0.25641292
-0.31302466
-0.30744379
-0.29832975
-0.27669758
-0.27189879
-0.26412538
-0.24518413
-0.24115144
-0.23467379
-0.33120759
-0.30786699
-0.2790585
-0.29299668
-0.27307416
-0.24816955
-0.25968193
-0.24299455
-0.2216472
-0.31142199
-0.29193994
-0.26706434
-0.27583342
-0.25912025
-0.23760567
-0.24511685
-0.23101968
-0.21251947
-0.28533656
-0.2701737
-0.25266797
-0.25301418
-0.23994798
-0.2248051
-0.22537994
-0.21429422
-0.20125611
-0.22858876
-0.21530082
-0.1977367
-0.2015209
-0.19174102
-0.17812517
-0.17558727
-0.16903044
-0.16103012
-0.21688932
-0.20553702
-0.19019055
-0.19291528
-0.1843912
-0.1722915
-0.16991507
-0.16403298
-0.15674328
-0.20056256
-0.19152192
-0.18062463
-0.18027949
-0.17331262
-0.16456554
-0.16267032
-0.15750238
-0.15177987
-0.40411978
-0.34133456
-0.27320246
-0.39774614
-0.33598682
-0.26909439
-0.38672252
-0.3268501
-0.2622147
-0.35448077
-0.29913092
-0.23903179
-0.34855334
-0.29416561
-0.23515504
-0.33865683
-0.28601603
-0.22896547
-0.31182084
-0.26300369
-0.20993837
-0.30644798
-0.2585123
-0.20640663
-0.29768822
-0.25132733
-0.20091992
-0.2687634
-0.22733526
-0.18199007
-0.27324937
-0.23071061
-0.18429277
-0.27485009
-0.23184837
-0.18499683
-0.23842823
-0.2016409
-0.16128008
-0.24206426
-0.20435576
-0.16311474
-0.24326392
-0.20519283
-0.1636171
-0.21221522
-0.17949181
-0.14347315
-0.21510421
-0.181626
-0.14489756
-0.2159855
-0.18222813
-0.14524754
-0.2732032
-0.23038143
-0.18374602
-0.26849292
-0.22645926
-0.18066064
-0.26093258
-0.22028622
-0.17594353
-0.24175248
-0.20386429
-0.16249914
-0.23770238
-0.20050951
-0.15987024
-0.23126242
-0.19528035
-0.15588768
-0.21464658
-0.18106773
-0.14428615
-0.21124309
-0.17826892
-0.14210809
-0.20588105
-0.17394757
-0.13883855
0.1407231
0.1509312
1.7956698e-16
0.084602851
0.24629866
0.17637382
1.7030761e-16
0.085226585
1.8234972e-16
1.8082004e-16
0.14162495
0.10269046
0.46185394
0.42824044
0.30113814
0.31136795
0.28807716
0.21027127
0.21539192
0.20189501
1.8571576e-16
1.6744202e-16
0.16793162
0.15542841
0.11597792
0.10949097
0.59957576
0.54440267
0.38645085
0.402592
0.36647399
0.26348491
0.27180783
0.2519537
1.5245314e-16
1.4738805e-16
1.6753834e-16
1.5133088e-16
1.6367468e-16
1.7599819e-16
1.9259158e-16
1.7022314e-16
1.7451354e-16
1.5717466e-16
1.5899586e-16
1.4754123e-16
0.14246403
0.14643559
0.15223062
0.1334835
0.11971719
0.10802855
0.10311391
0.10504588
0.10789454
0.14587397
0.12972903
0.11590641
0.027468621
0.079119585
0.12956698
0.025378677
0.072888907
0.11861367
0.018426813
0.052905609
0.08605067
0.019347137
0.055728434
0.09127057
1.7758228e-16
1.9161046e-16
1.952484e-16
1.7949293e-16
1.8080259e-16
1.8270109e-16
1.8818063e-16
1.6922054e-16
1.7944071e-16
0.086035921
0.090732483
0.097963547
0.084193969
0.083965657
0.084646037
0.087678157
0.094422423
0.10368831
0.015260027
0.043766146
0.071039623
0.015159734
0.043606893
0.071206852
0.16688257
0.16349242
0.15851665
0.11539989
0.11360684
0.11104982
0.15717609
0.138938
0.12326776
0.30966554
0.30363945
0.29422556
0.27018675
0.24000807
0.21406995
0.21434171
0.21082808
0.20542964
0.29164895
0.25812781
0.22908341
0.28963475
0.24452371
0.1952389
0.26813922
0.22628085
0.18066932
0.18833318
0.15928932
0.12727359
0.20065069
0.16934768
0.13498059
0.25278354
0.26705101
0.28127341
0.23161206
0.20695136
0.18601182
0.18047091
0.18941512
0.19791782
0.23332077
0.20171173
0.16350686
0.16786873
0.14583081
0.11851873
0.14359279
0.15368729
0.16761186
0.14179023
0.1451616
0.14896369
0.15679279
0.17189628
0.19067775
0.13583574
0.11918871
0.09751595
0.14287429
0.1226508
0.098752812
0.49171042
0.54162967
0.58213856
0.59588916
0.58197579
0.55947685
0.45531071
0.49826979
0.53078725
0.45979708
0.45137718
0.43749377
0.33148008
0.36475777
0.39132055
0.3999702
0.39080203
0.37625429
0.30620552
0.33522497
0.35729985
0.43055685
0.37788529
0.3326584
0.55872008
0.48993061
0.43065563
0.50691427
0.44449501
0.39139669
0.39851827
0.34920431
0.30750825
0.32004085
0.35121805
0.37591429
0.39314814
0.40130897
0.40364944
0.30518175
0.31039262
0.31202038
0.22289799
0.24278426
0.25746065
0.26711483
0.27137338
0.27244767
0.22868636
0.24968568
0.26536697
0.2124856
0.21519722
0.21586872
0.28245896
0.25068918
0.22320164
0.36178432
0.31936297
0.28173224
0.37643935
0.3314124
0.29132139
0.27034474
0.2653544
0.25739355
0.21401157
0.23284839
0.24645587
0.34336871
0.3038571
0.26891201
1.5174492e-16
1.6276956e-16
1.9012589e-16
1.4998417e-16
1.4086405e-16
1.4586743e-16
1.7774813e-16
1.5392604e-16
1.6659236e-16
0.026963324
0.026098538
0.025521641
0.077622208
0.075033182
0.073300542
0.12697935
0.12240423
0.11931245
0.023920734
0.021453243
0.019368396
0.068703302
0.061618175
0.055621818
0.1118021
0.10027762
0.090500042
0.018493094
0.018739082
0.019116655
0.053100093
0.053863705
0.055029116
0.086391619
0.087837771
0.090010688
0.020467112
0.022907401
0.025772779
0.058965495
0.065998185
0.074242058
0.096599416
0.10812253
0.12159523
0.14299575
0.13778735
0.13422863
0.12740059
0.12319104
0.12031933
0.11407071
0.1107648
0.10851157
1.8637202e-16
1.7993646e-16
1.7692432e-16
1.7041743e-16
1.7743914e-16
1.7335246e-16
1.7441915e-16
1.7575218e-16
1.9117526e-16
0.017599111
0.016347992
0.01552285
0.050514961
0.046894996
0.044518548
0.082116415
0.07613386
0.072237144
0.015170478
0.015066407
0.015096809
0.043519285
0.04325666
0.043399239
0.070660326
0.070358464
0.070778403
0.01560579
0.016762886
0.018342484
0.044882968
0.048233466
0.052819037
0.073271291
0.078826746
0.08645937
0.10232484
0.099918457
0.098323906
0.09344445
0.091863601
0.090958809
0.087005658
0.086081494
0.085986969
0.12262257
0.12060052
0.11769252
0.13814679
0.13563408
0.13198386
0.15621937
0.15314771
0.14865641
0.19405307
0.19014814
0.18431682
0.2431255
0.23833883
0.23100267
0.28804351
0.28245571
0.27377146
0.16956416
0.15081204
0.13474244
0.21234409
0.18883935
0.16869569
0.25153758
0.22355286
0.19955226
0.12915619
0.13221123
0.13431287
0.16184645
0.16584849
0.16852391
0.1915235
0.19644605
0.19967694
0.14345759
0.16164786
0.18277916
0.17998734
0.20269083
0.22901171
0.21327654
0.24017882
0.27130422
0.29006254
0.28450434
0.27584571
0.25676466
0.2520704
0.24478272
0.22793241
0.22403633
0.21802044
0.17678151
0.169676
0.1646139
0.22118946
0.2111241
0.20325712
0.26183657
0.24914578
0.23686298
0.1540969
0.13820081
0.12469603
0.19000124
0.17026935
0.15352237
0.21958408
0.19648211
0.1768825
0.11908194
0.12165846
0.1252752
0.14669325
0.15104585
0.15652921
0.16998255
0.1773437
0.18472101
0.26391744
0.25079043
0.23759244
0.23469181
0.22348586
0.21210492
0.20964916
0.20022396
0.19046238
0.11301394
0.10455779
0.099096414
0.13896886
0.12819402
0.12111163
0.15974143
0.14692306
0.13805231
0.097040644
0.096961274
0.097971558
0.11880241
0.11947004
0.12146506
0.13586686
0.13808435
0.14119254
0.10160135
0.10956525
0.12047346
0.12612389
0.13663868
0.1507004
0.14744697
0.16095533
0.17796764
0.18714907
0.17952768
0.17140177
0.16909956
0.16323628
0.15679359
0.15459257
0.15017196
0.14577557
0.46535136
0.51025434
0.54493674
0.48037707
0.5280756
0.5659122
0.48948206
0.53890956
0.57878836
0.45842286
0.50492371
0.54255988
0.4023565
0.44308078
0.4758955
0.35417744
0.38987138
0.41847786
0.55514848
0.54202895
0.52099471
0.48669052
0.47513727
0.45677796
0.42781429
0.41783394
0.40201001
0.49421749
0.46382707
0.42373924
0.43331854
0.4065278
0.371289
0.38156111
0.35793663
0.3269036
0.40723136
0.42038647
0.42849108
0.35687065
0.36855081
0.37590373
0.31416602
0.32435255
0.33084712
0.32965128
0.3626373
0.38887214
0.32314753
0.35510612
0.3802447
0.31293465
0.34317831
0.36653802
0.33217253
0.36556681
0.392291
0.33036054
0.36347732
0.39001148
0.32458606
0.35666775
0.38226065
0.30014402
0.32920017
0.35207639
0.26625401
0.29155727
0.31115096
0.23682035
0.25857
0.27497131
0.36791556
0.37533353
0.37742229
0.32447941
0.3305884
0.33224975
0.28587858
0.29075595
0.29202619
0.36604287
0.3414331
0.31044215
0.32260746
0.30154476
0.27462007
0.28407941
0.26650272
0.24345974
0.29227989
0.29086168
0.2861507
0.25870096
0.25761892
0.25376493
0.22959332
0.2287917
0.22570779
0.2253995
0.24576987
0.26091316
0.2284246
0.24933225
0.26495521
0.22918884
0.25024085
0.26597969
0.37403705
0.36566071
0.35234898
0.32940989
0.32246596
0.31138553
0.28968567
0.28405756
0.27506478
0.33484095
0.31425478
0.28713564
0.29652537
0.27867127
0.25492164
0.26278637
0.24766528
0.2271295
0.22756121
0.24842242
0.26397171
0.22377239
0.24413374
0.25920962
0.2179007
0.23738816
0.25163582
0.025323184
0.024556347
0.024046426
0.022552583
0.021951221
0.021552672
0.020196175
0.019743701
0.019445638
0.072905942
0.070602369
0.069065885
0.064937058
0.063116718
0.06190634
0.058148376
0.056763484
0.055847353
0.11927394
0.11517869
0.11241962
0.10625789
0.10297732
0.10077201
0.095142127
0.092597547
0.090891686
0.018151061
0.017845526
0.017653802
0.01663508
0.016461858
0.016379659
0.015527275
0.015456127
0.015504214
0.052233882
0.051280009
0.050676316
0.047834906
0.047271127
0.04698984
0.044629905
0.04436832
0.044469525
0.085390749
0.083577341
0.082402963
0.078074022
0.076928445
0.076308982
0.072766165
0.072145872
0.072177011
0.18169296
0.17814296
0.17286181
0.16074279
0.15782155
0.15350269
0.14271469
0.1403514
0.13688943
0.22771957
0.22333712
0.21664611
0.20159732
0.19794553
0.1924019
0.17907713
0.17608727
0.17158484
0.26982334
0.26467759
0.25670663
0.23890989
0.23457614
0.22789294
0.21220764
0.20862061
0.2031245
0.16605081
0.15963831
0.15507936
0.14794619
0.14271531
0.13899475
0.13245974
0.12830077
0.12533392
0.20770662
0.19854497
0.19139268
0.18499577
0.17738443
0.17142386
0.165578
0.15937779
0.15447923
0.24574831
0.23408909
0.22280882
0.21867434
0.20880694
0.19920892
0.19551998
0.18730073
0.17919047
0.1187512
0.11566211
0.11349404
0.10830344
0.10620139
0.10487256
0.10070481
0.09939981
0.099063484
0.14829157
0.14350573
0.13972258
0.13482022
0.13135426
0.12873608
0.12479119
0.12242632
0.12121813
0.174774
0.16822243
0.16163432
0.15845447
0.15347666
0.148425
0.14554025
0.1419273
0.1388298
0.45619195
0.50223669
0.53930025
0.44743732
0.49189431
0.52711456
0.43320735
0.47508871
0.50745265
0.40022317
0.4405595
0.47290722
0.39228794
0.43127711
0.46211287
0.37964307
0.4164291
0.44488896
0.35223108
0.38760141
0.41583543
0.34522233
0.37946044
0.40646517
0.33418031
0.36654314
0.39157682
0.30430032
0.3341882
0.35788753
0.30952704
0.34036417
0.3649276
0.31111172
0.34220545
0.36695301
0.26972356
0.29572436
0.31600342
0.27400973
0.30079928
0.32179603
0.27522701
0.30223163
0.32339414
0.23965492
0.26196419
0.27891093
0.24309074
0.2660253
0.28353628
0.24399932
0.26710333
0.28475048
0.3087393
0.33946863
0.36379156
0.30273937
0.33254136
0.35589178
0.29333937
0.32158004
0.34333254
0.27315782
0.29987373
0.32071835
0.26808995
0.2940569
0.31414246
0.26016836
0.28485274
0.30365986
0.24222701
0.26510856
0.28252602
0.23802257
0.2603213
0.27717107
0.23148012
0.25276536
0.26863515
