MFEM mesh v1.0

#
# MFEM Geometry Types (see mesh/geom.hpp):
#
# POINT       = 0
# SEGMENT     = 1
# TRIANGLE    = 2
# SQUARE      = 3
# TETRAHEDRON = 4
# CUBE        = 5
#

dimension
3

elements
7
1 5 1 0 2 7 8 4 11 20
1 5 8 4 11 20 9 5 13 22
1 5 20 11 12 21 22 13 14 23
1 5 9 5 13 22 10 6 15 24
1 5 1 0 4 8 16 3 17 25
1 5 0 2 11 4 3 19 26 17
1 5 4 11 13 5 17 26 27 18

boundary
26
1 3 7 2 0 1
1 3 1 0 3 16
1 3 0 2 19 3
63 3 7 1 8 20
63 3 2 7 20 11
63 3 21 12 11 20
63 3 20 8 9 22
63 3 8 4 5 9
63 3 21 20 22 23
63 3 11 12 14 13
63 3 12 21 23 14
63 3 22 13 14 23
63 3 22 9 10 24
63 3 9 5 6 10
63 3 5 13 15 6
63 3 13 22 24 15
63 3 10 6 15 24
63 3 8 1 16 25
63 3 4 8 25 17
63 3 16 3 17 25
63 3 5 4 17 18
63 3 2 11 26 19
63 3 3 19 26 17
63 3 11 13 27 26
63 3 13 5 18 27
63 3 17 26 27 18

vertices
28

nodes
FiniteElementSpace
FiniteElementCollection: H1_3D_P4
VDim: 3
Ordering: 0

0.57680281
0.30998466
0.59718411
0.67220951
0.19396305
0.042399647
-0.034346884
0.35742227
0.063118382
-0.048044756
-0.10195872
0.18331332
0.11593099
0.056891641
0.052515288
-0.017873777
0.37298049
0.24847343
0.07733117
0.80820096
0.042616678
0.011479379
-0.049994851
-0.052071601
-0.10058463
0.092726462
0.26996421
0.11755195
0.53530853
0.45101024
0.36016927
0.5956796
0.62291904
0.62215427
0.56883747
0.49871635
0.4101988
0.32270389
0.34438715
0.35846631
0.17761954
0.13927435
0.091317482
0.19864298
0.20054484
0.19234645
0.16238301
0.11873568
0.070313343
0.060009789
0.054802709
0.047862098
0.26013144
0.16636104
0.093938521
0.48033016
0.33796809
0.23582439
0.46564011
0.31081708
0.21924159
0.25642348
0.13888271
0.069288107
0.031277675
0.0045540258
-0.028598938
0.046695082
0.053101738
0.056509421
0.04125899
0.0080681266
-0.028992408
-0.049187063
-0.049803622
-0.049817461
0.036947138
-0.0033954647
-0.034453961
0.15817717
0.10344519
0.061094114
0.15375604
0.1088079
0.073222545
0.020651021
-0.012490668
-0.03833889
0.17150573
0.14402119
0.12011655
0.10212314
0.071304333
0.033974635
0.036364014
0.023055667
0.013009495
0.056569398
0.054662303
0.052822908
0.03759169
0.0055112371
-0.031103114
-0.050318465
-0.05122492
-0.051955886
0.10605927
0.085897199
0.064264234
-0.001133782
-0.022815322
-0.042420535
-0.042188938
-0.062244886
-0.087308644
-0.030959133
-0.024646095
-0.019741721
-0.02984797
-0.055724559
-0.0844892
-0.10223722
-0.10190328
-0.1010397
-0.060081661
-0.079413879
-0.095014962
0.025683513
-0.0015543827
-0.024088777
0.041821368
0.016001912
-0.0068587042
-0.060592854
-0.078330936
-0.093501777
0.6278812
0.53501952
0.4314642
0.56347554
0.4066831
0.29476763
0.22875039
0.18193156
0.12556927
0.30489766
0.20239339
0.1255841
0.32278198
0.34512795
0.36435579
0.59676332
0.63090058
0.65955636
0.20371461
0.22282701
0.24051992
0.067220282
0.076900736
0.087551163
0.70801595
0.76917225
0.80964612
0.62225357
0.42374963
0.3132938
0.26402452
0.28070425
0.27870447
0.64042801
0.71574907
0.77979086
0.20296434
0.23497843
0.25971675
0.23393439
0.17974257
0.1370856
0.089865617
0.10716795
0.11592315
0.20863931
0.14702189
0.098784834
0.071128515
0.093776266
0.1106782
0.048423451
0.060716852
0.072176107
0.41335705
0.50805375
0.58756728
0.3988824
0.49568327
0.58220527
0.37458348
0.46799784
0.55385926
0.30541006
0.38539547
0.45271078
0.2030516
0.26609876
0.31683937
0.12459277
0.17678284
0.21847761
0.49077055
0.50271489
0.49001673
0.34397165
0.34543163
0.32904672
0.24064432
0.24188467
0.23090794
0.43513986
0.37215988
0.29920075
0.28483233
0.23170588
0.17280037
0.19664673
0.15017258
0.098723059
0.26474534
0.2664275
0.26067552
0.14838891
0.15826855
0.16325061
0.075978839
0.084505028
0.090284306
0.088258551
0.13647272
0.17803196
0.083348056
0.1332281
0.17859894
0.076097479
0.12573492
0.1705889
0.063110974
0.10756265
0.14315602
0.019621625
0.058763205
0.090198377
-0.01389901
0.021107485
0.049305004
0.16272204
0.16561787
0.16027992
0.10790778
0.11255383
0.11169738
0.065467211
0.071423334
0.07369982
0.13402574
0.092790076
0.046881003
0.090985479
0.053410856
0.011436993
0.056892329
0.02228808
-0.016379264
0.024510217
0.029806868
0.03408105
-0.010616168
-0.0080389959
-0.005502877
-0.037731278
-0.037043884
-0.035891766
-0.029581529
0.0039562111
0.032780347
-0.029547656
0.0059482682
0.037980166
-0.029008057
0.0078026624
0.040796051
0.035832187
0.073856628
0.10567265
0.047768232
0.089907374
0.12673212
0.063192834
0.10984085
0.15155894
0.1451636
0.125326
0.10885328
0.1046812
0.094928464
0.087161775
0.071920787
0.068047892
0.064795098
0.091663664
0.059756823
0.021604369
0.070879735
0.038064915
-0.00034719361
0.049185339
0.016617288
-0.02083421
-6.531945e-05
0.0067463708
0.016106306
-0.022327687
-0.019167551
-0.014690898
-0.042212834
-0.040905868
-0.039132006
-0.029247283
0.007897871
0.040979811
-0.030161328
0.0067762218
0.039388771
-0.0309728
0.0056900286
0.037846241
-0.041638848
-0.01016987
0.015205087
-0.062646411
-0.033994751
-0.010923492
-0.079687422
-0.053462746
-0.032430112
0.029877917
0.036583014
0.040809888
0.0023796727
0.0092531612
0.014303479
-0.020484362
-0.013873213
-0.0087536968
0.02684408
-0.0049920577
-0.040512507
0.0022203032
-0.027167249
-0.059904382
-0.019469487
-0.046521552
-0.076630753
-0.060721666
-0.061188004
-0.060982648
-0.078768009
-0.079711014
-0.079972273
-0.093994908
-0.094975166
-0.09536204
-0.087466197
-0.062098163
-0.040712288
-0.086605516
-0.059668944
-0.035651395
-0.085194455
-0.05689243
-0.031543266
0.37469603
0.46827742
0.55454333
0.40002382
0.49820397
0.58759702
0.42174123
0.52366827
0.61549699
0.49515529
0.35032133
0.24631962
0.52453036
0.37434146
0.26704061
0.55151037
0.39665756
0.28616928
0.18537454
0.14468755
0.096034064
0.20396794
0.15955665
0.10730141
0.22093311
0.1748993
0.11963203
0.098041845
0.17088933
0.26482491
0.10854449
0.18269753
0.28076017
0.11997132
0.19595894
0.29713792
0.35683358
0.44787932
0.52752875
0.24482672
0.31824312
0.38018157
0.16125337
0.22251661
0.27343172
0.6191257
0.65352974
0.66126959
0.65927659
0.70582491
0.728404
0.69306443
0.74974496
0.78477495
0.49693738
0.33545652
0.24023568
0.55409259
0.37696532
0.27505809
0.60157662
0.40994834
0.3020322
0.21240494
0.22025973
0.21470717
0.24441958
0.24987592
0.23708456
0.26873852
0.27144772
0.25576707
0.59389566
0.6340379
0.64067338
0.42782151
0.44982781
0.44196174
0.31163053
0.32895168
0.32467502
0.17203688
0.12518035
0.088125377
0.20175212
0.1515251
0.11192264
0.22451143
0.17150763
0.12978237
0.070674113
0.066530052
0.057418213
0.092816175
0.086560166
0.072176386
0.10928558
0.10104572
0.084498442
0.067610113
0.1110461
0.16709116
0.080856399
0.12634189
0.18481186
0.093214724
0.14059399
0.20124006
0.22334949
0.23987764
0.24021407
0.16065097
0.17748099
0.18195994
0.11167315
0.12889813
0.13651071
0.30620366
0.38635756
0.45715961
0.31275167
0.39435127
0.46793764
0.30980178
0.38800649
0.4567711
0.1998785
0.26289378
0.31734798
0.19489603
0.258991
0.31726466
0.18377455
0.24571151
0.30164906
0.12091763
0.17325088
0.21840261
0.11533337
0.16918259
0.21822426
0.10620771
0.15932633
0.20740659
0.060317481
0.10506862
0.14366586
0.056449936
0.10298993
0.14528516
0.051074853
0.097798436
0.13990854
0.017640703
0.057144161
0.091198862
0.01565894
0.057091618
0.094636089
0.013353244
0.055576459
0.093491918
-0.015184256
0.020207556
0.050671706
-0.015702807
0.021660284
0.055428201
-0.015905661
0.022641537
0.057199782
0.041740912
0.086407812
0.12616431
0.030914079
0.072365966
0.10839027
0.02286941
0.061500585
0.094030677
0.0090141091
0.050460214
0.087251156
0.0039212938
0.043841075
0.078656051
0.0002269857
0.038851896
0.071953713
-0.017176882
0.02141867
0.055728979
-0.019109934
0.018951133
0.052396901
-0.02059966
0.016941711
0.049630479
-0.042381226
-0.010532952
0.016783321
-0.041933186
-0.0081591268
0.022269637
-0.040872703
-0.0056964386
0.025826631
-0.06305475
-0.03404701
-0.0093010136
-0.062165949
-0.031339282
-0.0036668519
-0.060606482
-0.02831424
0.00061820299
-0.079903875
-0.053355454
-0.030884342
-0.078947998
-0.050732167
-0.025526315
-0.07738574
-0.047746552
-0.021211571
0.31096122
0.39203739
0.46305515
0.20835117
0.27238129
0.32630711
0.12935009
0.18230093
0.22660627
0.32931177
0.41502298
0.49089947
0.22212976
0.29057369
0.3493037
0.1415914
0.19845444
0.24675856
0.34800986
0.4375372
0.51598247
0.23745947
0.30954094
0.37045716
0.15481643
0.21489918
0.26497313
0.51608336
0.53357222
0.52206584
0.36470904
0.37089925
0.35459129
0.25830569
0.26332895
0.25251447
0.55128391
0.58136345
0.57709569
0.39339196
0.40940734
0.39627745
0.28252733
0.29549412
0.28733397
0.58092347
0.61798178
0.62162369
0.41724239
0.43764218
0.42860006
0.30273415
0.31889502
0.3137984
0.17768323
0.18391725
0.17891614
0.1209312
0.12859415
0.12822792
0.076919313
0.085669699
0.088601993
0.19837335
0.2113364
0.20858754
0.13891134
0.15257264
0.15433245
0.09268616
0.10693137
0.11197692
0.21570992
0.23130689
0.23102274
0.15401137
0.17001846
0.17395721
0.10589634
0.12234895
0.12943782
-0.57735027
-0.67227043
-0.31000795
-0.67227043
-0.37093401
-0.2509096
-0.17837139
-0.37298049
-0.43775954
-0.29343711
-0.20459288
-0.21845228
1.615226e-16
-0.14600588
1.4628094e-16
-0.10394788
-0.84957113
-0.41857316
-0.28352483
-0.37298049
-0.24029479
9.7492703e-17
-0.15907894
1.5050849e-16
-0.11113265
-0.55892108
-0.22511841
-0.15245548
-0.59712124
-0.63106638
-0.65963981
-0.53562341
-0.45112133
-0.36020918
-0.32278198
-0.34512795
-0.36435579
-0.6278812
-0.53501952
-0.4314642
-0.38313373
-0.40634548
-0.42796573
-0.3498866
-0.30268408
-0.24857135
-0.22094687
-0.22787722
-0.23612578
-0.40741123
-0.34465139
-0.27733837
-0.62284484
-0.54105344
-0.47060224
-0.53151106
-0.45857524
-0.39844885
-0.29890385
-0.26566553
-0.23433475
-0.34637705
-0.29990861
-0.2593017
-0.25787203
-0.27253872
-0.2867688
-0.23796105
-0.20626259
-0.16801524
-0.14709415
-0.15103618
-0.15627259
-0.27316517
-0.23079692
-0.18465916
-0.4074965
-0.35677357
-0.3135868
-0.34569468
-0.30351735
-0.26762724
-0.20340937
-0.17773486
-0.15600026
-0.22291293
-0.19418832
-0.17016556
-0.18660734
-0.12116857
-0.044707034
1.0968977e-16
1.0742721e-16
7.1203925e-17
-0.20206789
-0.1259362
-0.044398821
-0.12277086
-0.076027424
-0.026621116
1.6172193e-16
1.8419961e-16
1.5522149e-16
-0.13279227
-0.081290721
-0.028266735
1.4264583e-16
1.3939636e-16
1.5875641e-16
1.2022739e-16
1.4371405e-16
1.6554195e-16
-0.18266278
-0.19190172
-0.2005811
-0.16982935
-0.14756402
-0.11995919
-0.10454069
-0.10668306
-0.10956822
-0.19087314
-0.16151631
-0.12913456
-0.27489866
-0.24371265
-0.21704763
-0.23555723
-0.20988982
-0.18826025
-0.1369194
-0.12191708
-0.10951341
-0.14893887
-0.13200227
-0.11770383
-0.70822101
-0.77112957
-0.82527783
-0.61215467
-0.52164231
-0.45032057
-0.44872591
-0.49972072
-0.54098167
-0.79232189
-0.6903003
-0.60084245
-0.70822101
-0.77112957
-0.82527783
-0.59712124
-0.63106638
-0.65963981
-0.37898351
-0.39555948
-0.41135334
-0.46554712
-0.51019678
-0.54447267
-0.6278812
-0.53501952
-0.4314642
-0.32811467
-0.27430146
-0.23981836
-0.38659168
-0.32302303
-0.25858824
-0.32278198
-0.34512795
-0.36435579
-0.21735311
-0.21855505
-0.22267877
-0.21069335
-0.18524019
-0.16294692
-0.26287586
-0.2210081
-0.17669845
-0.38988744
-0.34247906
-0.30230706
-0.14573186
-0.1473614
-0.15062118
-0.25633817
-0.26776484
-0.27858944
-0.42174123
-0.40002382
-0.37471292
-0.52366827
-0.49820397
-0.46833285
-0.61552794
-0.58766974
-0.55473086
-0.61053435
-0.58192784
-0.55020992
-0.52962832
-0.50359039
-0.47486459
-0.4602205
-0.43702606
-0.41193555
-0.49772201
-0.4256719
-0.34371842
-0.4306185
-0.37063019
-0.30272194
-0.37552377
-0.3244863
-0.26638275
-0.30430569
-0.32148782
-0.33852828
-0.26994305
-0.28149042
-0.29400914
-0.23719744
-0.24541599
-0.25468592
-0.39912947
-0.49424699
-0.58166193
-0.34485613
-0.42709862
-0.50401144
-0.29883584
-0.37079592
-0.43813736
-0.39830062
-0.37887721
-0.35811382
-0.33727317
-0.32171773
-0.30735334
-0.27196998
-0.26124451
-0.25193663
-0.39827797
-0.37810105
-0.35668317
-0.34861218
-0.33100062
-0.312609
-0.30641894
-0.29108647
-0.27523847
-0.32660426
-0.28283146
-0.23204079
-0.28728871
-0.24895315
-0.20360436
-0.2536697
-0.21985622
-0.17929794
-0.20539106
-0.21151602
-0.21902422
-0.1792232
-0.18426896
-0.19075516
-0.15719804
-0.16148892
-0.16714201
-0.25769817
-0.32070138
-0.37926425
-0.22498344
-0.28062439
-0.33205197
-0.19742993
-0.24662351
-0.29189304
-0.26708225
-0.25461396
-0.2421157
-0.2260409
-0.21646678
-0.20836792
-0.18117463
-0.17460332
-0.16945895
-0.044198969
-0.04400147
-0.044296689
-0.12472223
-0.12263619
-0.12134955
-0.19901877
-0.1931349
-0.18834744
-0.17318629
-0.1108959
-0.040172934
-0.15035983
-0.094483514
-0.033520716
-0.13139149
-0.08166305
-0.028680467
1.4603729e-16
1.2784002e-16
1.3052971e-16
1.5326489e-16
1.6723673e-16
1.5162393e-16
1.6026191e-16
1.760094e-16
1.6520876e-16
-0.040678298
-0.11589709
-0.18707806
-0.034889044
-0.099965642
-0.16248733
-0.030320576
-0.087117901
-0.14213707
-0.13057979
-0.12655726
-0.12359688
-0.080071978
-0.07792979
-0.076423404
-0.027870437
-0.027189185
-0.026730675
-0.2687163
-0.25552783
-0.24194597
-0.23841513
-0.22707667
-0.21534586
-0.2126046
-0.20301047
-0.19293579
-0.22353689
-0.19379133
-0.15771625
-0.19940133
-0.17296333
-0.14061245
-0.17909763
-0.155504
-0.12637699
-0.13790571
-0.1415214
-0.14634819
-0.12273563
-0.12576129
-0.12982121
-0.1101841
-0.11263461
-0.11592962
-0.17295795
-0.21626385
-0.25594914
-0.15337256
-0.19187749
-0.22701885
-0.1367805
-0.17113923
-0.20234783
-0.18725692
-0.17977878
-0.17218045
-0.15878441
-0.15326986
-0.14866309
-0.12717482
-0.12352095
-0.12071189
-0.69333656
-0.65977922
-0.62011882
-0.7521652
-0.70963766
-0.65977922
-0.80266349
-0.7521652
-0.69333656
-0.5455763
-0.46933228
-0.40711947
-0.57404304
-0.49126584
-0.42521295
-0.60038683
-0.51216621
-0.44244343
-0.40031948
-0.43017511
-0.45465174
-0.42229191
-0.46450242
-0.49638672
-0.4406535
-0.48911689
-0.52789816
-0.50047247
-0.5749901
-0.65995632
-0.54842036
-0.62963216
-0.72100241
-0.58527166
-0.67215173
-0.77059661
-0.76927585
-0.7167288
-0.65182775
-0.66918627
-0.62025547
-0.55872639
-0.58177715
-0.53772613
-0.48297896
-0.55473086
-0.46833285
-0.37471292
-0.58766974
-0.49820397
-0.40002382
-0.61552794
-0.52366827
-0.42174123
-0.29940064
-0.2633324
-0.2324258
-0.30895686
-0.26463461
-0.23314545
-0.32155853
-0.27060638
-0.23723142
-0.2474075
-0.30174092
-0.35264015
-0.24958604
-0.30820792
-0.36633049
-0.25532983
-0.31818564
-0.38003448
-0.56853725
-0.47826479
-0.38119722
-0.48182374
-0.40123821
-0.31809699
-0.41572555
-0.34664676
-0.27645233
-0.20251225
-0.17722641
-0.15566569
-0.20407318
-0.17903723
-0.15740572
-0.20824192
-0.18298825
-0.16094533
-0.16780175
-0.2062923
-0.24007169
-0.17015974
-0.21108525
-0.24926819
-0.17437838
-0.21774991
-0.25845208
-0.27339735
-0.31001418
-0.35309506
-0.2855301
-0.32361979
-0.36850959
-0.29704544
-0.3365572
-0.38317302
-0.36041952
-0.30179478
-0.24216674
-0.31704289
-0.26619385
-0.21358856
-0.28016231
-0.23548407
-0.18852561
-0.5696056
-0.54297953
-0.51121355
-0.48341268
-0.45911086
-0.43337264
-0.38998731
-0.37027479
-0.3501869
-0.49309091
-0.46906413
-0.44195386
-0.41771577
-0.39706816
-0.37699237
-0.33752914
-0.32211113
-0.30783584
-0.42836414
-0.40746941
-0.38458886
-0.36275045
-0.34569106
-0.32949899
-0.29289498
-0.28094209
-0.27013513
-0.37072011
-0.35275811
-0.33379812
-0.31385501
-0.29966073
-0.28675815
-0.25272779
-0.24302111
-0.23477471
-0.32455104
-0.30900111
-0.29301564
-0.27469134
-0.26259211
-0.25197368
-0.22066172
-0.21239021
-0.20566059
-0.28533817
-0.27187565
-0.25828788
-0.24147865
-0.23109813
-0.22222267
-0.19366402
-0.18654396
-0.18091001
-0.1841822
-0.17876606
-0.1745256
-0.1146044
-0.11240124
-0.11107166
-0.040365258
-0.039940673
-0.039941497
-0.15984718
-0.15501337
-0.15139707
-0.098616651
-0.09629462
-0.094781341
-0.034484493
-0.033834822
-0.033507057
-0.13976735
-0.13545715
-0.13227545
-0.085835259
-0.083589617
-0.082043508
-0.029909317
-0.029212147
-0.028767442
-0.25031903
-0.238792
-0.22728179
-0.21187901
-0.20306554
-0.19566459
-0.16974596
-0.16370343
-0.15900606
-0.2222118
-0.21234848
-0.20250819
-0.18816763
-0.18070203
-0.17448069
-0.15066656
-0.14558356
-0.14166292
-0.19833071
-0.1900364
-0.1816854
-0.16807748
-0.16189263
-0.15673668
-0.13456797
-0.13041974
-0.12722777
-0.64623892
-0.6146932
-0.57580864
-0.5623539
-0.53350314
-0.49699742
-0.48899394
-0.46291393
-0.43077732
-0.70343164
-0.66308697
-0.60970944
-0.6135848
-0.57612792
-0.52485173
-0.5338318
-0.49987858
-0.45445775
-0.74943401
-0.70026603
-0.63898088
-0.65274864
-0.60685413
-0.54832756
-0.56770372
-0.52631969
-0.47428576
-0.5055939
-0.42799307
-0.34512951
-0.43470283
-0.36930568
-0.30076508
-0.37828869
-0.32297993
-0.26453615
-0.53284912
-0.44738373
-0.35767065
-0.45406924
-0.37942756
-0.30425369
-0.39346591
-0.33018564
-0.26666746
-0.55725069
-0.46852727
-0.37334683
-0.47297848
-0.39422669
-0.31310105
-0.40849108
-0.34123391
-0.27283841
-0.32910056
-0.2820371
-0.2310995
-0.28961262
-0.24859907
-0.2030902
-0.25585318
-0.21978084
-0.17900645
-0.34173282
-0.28815166
-0.23353481
-0.3006618
-0.25418135
-0.2056793
-0.26564818
-0.22485533
-0.18148859
-0.35433639
-0.29731406
-0.23904958
-0.31170538
-0.26224814
-0.21076353
-0.27543605
-0.23199002
-0.1860232
-0.57735027
-0.67227043
-0.67227043
-0.31000795
-0.36204072
-0.24629866
-0.17637382
-0.84957113
-0.42824044
-0.28807716
-0.20189501
-0.41475441
-0.43862719
-0.28057433
-0.29450494
-0.19840661
-0.37298049
-0.20396961
-0.14162495
-0.37298049
-0.54440267
-0.58040305
-0.36647399
-0.38992054
-0.2519537
-0.23013366
-0.22018368
-0.15017332
-0.59712124
-0.63106638
-0.65963981
-0.59712124
-0.63106638
-0.65963981
-0.70822101
-0.77112957
-0.82527783
-0.70822101
-0.77112957
-0.82527783
-0.37321485
-0.39592702
-0.41794732
-0.37146812
-0.38963884
-0.40684311
-0.44243449
-0.48871055
-0.52712522
-0.45531071
-0.49826979
-0.53078725
-0.61859413
-0.53235175
-0.4608565
-0.52737352
-0.45042681
-0.38937375
-0.60919191
-0.51756107
-0.44674376
-0.78354073
-0.67517407
-0.58557829
-0.25278354
-0.26705101
-0.28127341
-0.25230909
-0.26437113
-0.27556222
-0.29902892
-0.32986757
-0.35519664
-0.30620552
-0.33522497
-0.35729985
-0.39851827
-0.34920431
-0.30750825
-0.33733964
-0.29660105
-0.26227054
-0.38604076
-0.3387521
-0.29904394
-0.50691427
-0.44449501
-0.39139669
-0.42186255
-0.43237503
-0.43790711
-0.46757203
-0.51751099
-0.56064793
-0.55568435
-0.57135729
-0.57937045
-0.28490983
-0.29098272
-0.29408541
-0.31442634
-0.34838027
-0.37703523
-0.37400274
-0.38417847
-0.38923911
-0.40734808
-0.35643981
-0.31412606
-0.54015858
-0.47341171
-0.41664548
-0.18047091
-0.18941512
-0.19791782
-0.18025947
-0.18821967
-0.1953046
-0.21073826
-0.23043473
-0.24550277
-0.21401157
-0.23284839
-0.24645587
-0.27018675
-0.24000807
-0.21406995
-0.23161206
-0.20695136
-0.18601182
-0.26357146
-0.23484694
-0.21007308
-0.34336871
-0.3038571
-0.26891201
-0.32278198
-0.34512795
-0.36435579
-0.29099422
-0.25084148
-0.2186143
-0.20599411
-0.2138244
-0.22448673
-0.33901691
-0.28758291
-0.24782968
-0.6278812
-0.53501952
-0.4314642
-0.53562341
-0.45112133
-0.36020918
-0.34073645
-0.29250438
-0.23582297
-0.39832682
-0.33557479
-0.2675783
-0.32278198
-0.34512795
-0.36435579
-0.32683969
-0.27329733
-0.2366211
-0.20377861
-0.20772185
-0.21548699
-0.6278812
-0.53501952
-0.4314642
-0.38489153
-0.32299562
-0.25652682
-0.20536428
-0.18079488
-0.15994185
-0.14168708
-0.14406228
-0.14801515
-0.19094451
-0.16911576
-0.15042799
-0.2606695
-0.21941116
-0.17477528
-0.23332077
-0.20171173
-0.16350686
-0.80266349
-0.7521652
-0.69333656
-0.7521652
-0.70963766
-0.65977922
-0.69333656
-0.65977922
-0.62011882
-0.60597992
-0.57707573
-0.54556344
-0.52040218
-0.49392371
-0.46569028
-0.44993958
-0.42630733
-0.40174122
-0.54178006
-0.57015949
-0.59680632
-0.46235223
-0.48522482
-0.50720129
-0.39948979
-0.41920702
-0.43799154
-0.6465242
-0.70862972
-0.76037655
-0.55162504
-0.60786403
-0.65430885
-0.47644395
-0.52605154
-0.56711375
-0.76296502
-0.7151523
-0.65532736
-0.65824461
-0.61818758
-0.56555694
-0.57094286
-0.53605394
-0.48997206
-0.44411309
-0.41962819
-0.3913732
-0.48448352
-0.45381
-0.41478629
-0.51463804
-0.4782489
-0.43394434
-0.38885666
-0.36833424
-0.34739001
-0.34072602
-0.32291205
-0.30495713
-0.30014877
-0.28475896
-0.26932384
-0.34600176
-0.36290478
-0.37878908
-0.30407002
-0.31879866
-0.33254325
-0.26874239
-0.28165618
-0.29365563
-0.41177103
-0.45493186
-0.49078385
-0.3612603
-0.39905403
-0.43041224
-0.31879347
-0.35188394
-0.37919143
-0.49421749
-0.46382707
-0.42373924
-0.43331854
-0.4065278
-0.371289
-0.38156111
-0.35793663
-0.3269036
-0.29877996
-0.28267585
-0.26463451
-0.3261084
-0.30587478
-0.28049055
-0.34672506
-0.32275415
-0.29345284
-0.55965916
-0.51664537
-0.46679122
-0.55215757
-0.51007168
-0.46096658
-0.53759056
-0.49750138
-0.44996437
-0.39245993
-0.40177507
-0.40666708
-0.34418068
-0.35190054
-0.35589396
-0.30371874
-0.31029298
-0.31366534
-0.43449634
-0.48133423
-0.52169614
-0.38048265
-0.42184304
-0.45727995
-0.33539113
-0.37178137
-0.4026834
-0.53916565
-0.53185506
-0.51742168
-0.47256058
-0.4662645
-0.45371222
-0.41590607
-0.4104428
-0.39948552
-0.36221534
-0.33574503
-0.30385816
-0.3716821
-0.34378925
-0.3105567
-0.37640146
-0.34783457
-0.31396529
-0.26391744
-0.25079043
-0.23759244
-0.23469181
-0.22348586
-0.21210492
-0.20964916
-0.20022396
-0.19046238
-0.23719859
-0.24847584
-0.2589119
-0.2118134
-0.22172082
-0.23081601
-0.19023069
-0.19886284
-0.20665588
-0.28081932
-0.30954068
-0.33298511
-0.25001768
-0.27501852
-0.29508164
-0.22336
-0.24487168
-0.26168139
-0.33484095
-0.31425478
-0.28713564
-0.29652537
-0.27867127
-0.25492164
-0.26278637
-0.24766528
-0.2271295
-0.20963883
-0.19986557
-0.18829699
-0.22751418
-0.21526783
-0.19891372
-0.24037
-0.22602542
-0.20725055
-0.61552794
-0.58766974
-0.55473086
-0.52366827
-0.49820397
-0.46833285
-0.42174123
-0.40002382
-0.37471292
-0.49357557
-0.42227225
-0.36617156
-0.42085222
-0.36126963
-0.3139491
-0.33708047
-0.29030173
-0.25281791
-0.34761649
-0.36828674
-0.38856963
-0.29585683
-0.31009873
-0.32724166
-0.2384335
-0.24810855
-0.26087979
-0.42880582
-0.49565683
-0.57752925
-0.36128987
-0.41828667
-0.48964825
-0.28814463
-0.33409313
-0.39303772
-0.33059137
-0.31283484
-0.29573237
-0.28024602
-0.26564445
-0.25394672
-0.24159668
-0.2297562
-0.22076337
-0.55473086
-0.58766974
-0.61552794
-0.46833285
-0.49820397
-0.52366827
-0.37471292
-0.40002382
-0.42174123
-0.56688067
-0.48044703
-0.41456931
-0.47705059
-0.40251146
-0.34764736
-0.38012902
-0.31881452
-0.27583747
-0.37722229
-0.36131582
-0.34520909
-0.31617528
-0.30272387
-0.29317428
-0.25091761
-0.24137383
-0.2359838
-0.2927536
-0.3047676
-0.31887851
-0.25028615
-0.25582164
-0.26658985
-0.21805627
-0.22244294
-0.23115235
-0.35830218
-0.3145222
-0.27776638
-0.30087518
-0.26441309
-0.23371697
-0.23917185
-0.21044916
-0.18614199
-0.2560708
-0.24631966
-0.23618966
-0.21579741
-0.20827578
-0.20239088
-0.17208017
-0.16706338
-0.1637767
-0.24825091
-0.28023207
-0.31801369
-0.21441362
-0.2415256
-0.27339907
-0.17369075
-0.1953421
-0.22068162
-0.19077519
-0.1944346
-0.20130304
-0.16909031
-0.1722002
-0.17768105
-0.15046996
-0.15308542
-0.15750275
-0.64134204
-0.60956493
-0.57128488
-0.69733299
-0.65711189
-0.60505608
-0.74159608
-0.69297566
-0.63369779
-0.55251575
-0.52347952
-0.48852289
-0.6019035
-0.56527361
-0.51717381
-0.63887579
-0.59493303
-0.54082105
-0.47813846
-0.452008
-0.42154951
-0.52140903
-0.48865259
-0.44661161
-0.55371702
-0.51480122
-0.46722985
-0.41324613
-0.39035519
-0.36426095
-0.45091683
-0.42225988
-0.38608867
-0.47913173
-0.44517665
-0.40394142
-0.36206724
-0.34206951
-0.31957502
-0.39520282
-0.37014655
-0.33876795
-0.42013186
-0.39045075
-0.35445206
-0.31888356
-0.3015076
-0.28205631
-0.34808903
-0.32627939
-0.29898307
-0.37012279
-0.34428262
-0.31282423
-0.50053426
-0.46310595
-0.41868687
-0.51394213
-0.47458965
-0.42859977
-0.52077025
-0.48051975
-0.43378019
-0.43897532
-0.40621216
-0.36721088
-0.45062563
-0.41611909
-0.37558119
-0.45648928
-0.42115886
-0.37989432
-0.38672239
-0.3581818
-0.32398194
-0.39690679
-0.366827
-0.3312045
-0.40199802
-0.37118959
-0.33489056
-0.28028738
-0.2653815
-0.24864245
-0.30584404
-0.28710155
-0.263491
-0.32509931
-0.30290425
-0.27562297
-0.24910022
-0.23631073
-0.22178194
-0.2715248
-0.25543088
-0.23487483
-0.2882798
-0.26926056
-0.24550504
-0.22228273
-0.2114699
-0.19892386
-0.24172808
-0.22814494
-0.21037561
-0.25597854
-0.24000276
-0.21952974
-0.56513938
-0.53812197
-0.50646143
-0.4841259
-0.45931854
-0.43233736
-0.41835607
-0.39656669
-0.37380261
-0.47839681
-0.4535051
-0.42792186
-0.40805864
-0.38603964
-0.36624626
-0.35225143
-0.33355263
-0.31754507
-0.3833704
-0.36300681
-0.34306996
-0.32554476
-0.30839264
-0.29429791
-0.28078767
-0.26669362
-0.2556505
-0.50167374
-0.52904967
-0.55432237
-0.42777444
-0.44897469
-0.47003359
-0.37070936
-0.38840385
-0.40589321
-0.42377646
-0.44349073
-0.46561255
-0.36154056
-0.3743401
-0.39279724
-0.31422641
-0.32479229
-0.33978529
-0.3396222
-0.35401875
-0.3707106
-0.29018167
-0.29757057
-0.31076459
-0.25263331
-0.25862837
-0.26931165
-0.32206901
-0.33687779
-0.35133395
-0.28376987
-0.29643303
-0.30868673
-0.25133138
-0.26225846
-0.27278401
-0.2740315
-0.28281748
-0.29483689
-0.24222471
-0.24969522
-0.25956865
-0.21510743
-0.22149621
-0.22973398
-0.22083018
-0.2258237
-0.23428481
-0.19558576
-0.19983221
-0.20665022
-0.17395873
-0.17755592
-0.18312026
