MFEM mesh v1.0

#
# MFEM Geometry Types (see mesh/geom.hpp):
#
# POINT       = 0
# SEGMENT     = 1
# TRIANGLE    = 2
# SQUARE      = 3
# TETRAHEDRON = 4
# CUBE        = 5
#

dimension
3

elements
7
1 5 3 4 19 18 5 6 23 22
1 5 4 0 9 19 6 1 12 23
1 5 19 9 10 20 23 12 13 24
1 5 20 10 11 21 24 13 14 25
1 5 5 6 23 22 7 8 27 26
1 5 6 1 12 23 8 2 15 27
1 5 0 16 28 9 1 17 29 12

boundary
28
1 3 3 4 6 5
1 3 4 0 1 6
1 3 5 6 8 7
1 3 6 1 2 8
1 3 0 16 17 1
57 3 18 19 4 3
57 3 19 9 0 4
57 3 20 10 9 19
57 3 21 11 10 20
57 3 18 3 5 22
57 3 19 18 22 23
57 3 20 19 23 24
57 3 9 10 13 12
57 3 23 12 13 24
57 3 21 20 24 25
57 3 10 11 14 13
57 3 11 21 25 14
57 3 24 13 14 25
57 3 22 5 7 26
57 3 23 22 26 27
57 3 7 8 27 26
57 3 1 12 15 2
57 3 12 23 27 15
57 3 8 2 15 27
57 3 9 28 16 0
57 3 16 28 29 17
57 3 28 9 12 29
57 3 1 17 29 12

vertices
30

nodes
FiniteElementSpace
FiniteElementCollection: H1_3D_P4
VDim: 3
Ordering: 0

0.67220951
0.70710678
0.67220951
-4.7704896e-18
0.37298049
1.0842022e-18
0.39717735
-1.3010426e-18
0.37298049
0.24847343
0.07733117
-0.012592879
0.27115431
0.091822129
-0.0043627827
0.24847343
0.80820096
0.8867
-0.1259328
0.092726462
-0.031599783
-0.095037873
-0.12430652
0.10812103
-0.022316481
-0.090662349
-0.1259328
0.092726462
0.26996421
0.29620417
0.066774181
0.19175207
0.31218017
0.30489766
0.20239339
0.1255841
-0.085782518
-0.011764976
0.058090762
-0.030262294
-0.076512864
-0.11126456
0.071432212
0.20490947
0.33291588
0.32694084
0.22136018
0.14211567
-0.081645202
-0.0029533937
0.07133767
-0.029874544
-0.07544003
-0.10974358
8.6672646e-19
4.2961511e-18
4.98733e-18
0.38042078
0.39095644
0.39642918
0.097385245
0.10410054
0.1076396
-0.12541051
-0.12470589
-0.12435407
0.6278812
0.53501952
0.4314642
0.56347554
0.4066831
0.29476763
0.22875039
0.18193156
0.12556927
0.66207707
0.56663459
0.45868172
0.59731092
0.43527811
0.31929255
0.25072743
0.20213432
0.14288406
0.68302929
0.69820254
0.70601727
0.25543471
0.26531138
0.2704517
0.20863931
0.14702189
0.098784834
0.06261028
0.029400173
-0.0093162761
0.06414011
0.019322474
-0.015961013
0.22972083
0.16529326
0.11452174
0.076523564
0.04196899
0.0012276166
0.078410155
0.031547844
-0.0056921061
0.081811546
0.088122514
0.091378856
-0.028803783
-0.024748767
-0.022608139
0.058064364
0.026408175
-0.0002038044
-0.024159731
-0.049721361
-0.078687713
-0.045551292
-0.068157077
-0.086661828
0.071365765
0.037582576
0.0090008422
-0.016471591
-0.043197751
-0.073553197
-0.037217733
-0.061511936
-0.081546526
-0.010016227
-0.0064364212
-0.0046114999
-0.093740589
-0.091826553
-0.090802523
0.066774181
0.19175207
0.31218017
0.30489766
0.20239339
0.1255841
-0.085782518
-0.011764976
0.058090762
-0.030262294
-0.076512864
-0.11126456
-2.5410988e-21
-1.9515639e-18
-1.9515639e-18
0.39642918
0.39095644
0.38042078
0.1076396
0.10410054
0.097385245
-0.12435407
-0.12470589
-0.12541051
0.6278812
0.53501952
0.4314642
0.56347554
0.4066831
0.29476763
0.22875039
0.18193156
0.12556927
0.70601727
0.69820254
0.68302929
0.2704517
0.26531138
0.25543471
0.70801595
0.76917225
0.80964612
0.62225357
0.42374963
0.3132938
0.26402452
0.28070425
0.27870447
0.74934527
0.82291871
0.87814748
0.67819209
0.45953412
0.34233435
0.28745865
0.30551306
0.30484845
0.83253318
0.86669473
0.88430061
0.27838473
0.28976694
0.29543704
-0.067849399
0.012278484
0.088003071
-0.025695589
0.068436129
0.15783293
0.030184853
0.14283091
0.25072023
0.068202148
0.19578843
0.31855002
0.070230762
0.20151832
0.32757928
0.071287575
0.20450132
0.33227387
0.31163368
0.2081489
0.13057518
0.32124186
0.21642257
0.13779455
0.32625739
0.22076808
0.14159648
0.062069739
-0.0091328515
-0.084529219
0.067856686
-0.0052826559
-0.082724672
0.070917631
-0.0032342975
-0.081775556
-0.11077819
-0.076181877
-0.030154131
-0.11011949
-0.075715517
-0.029983257
-0.10978849
-0.075473351
-0.029888301
0.034707415
0.15492008
0.26962069
-0.021275327
0.079030617
0.17411815
-0.063570687
0.02167735
0.10221858
0.16125337
0.22251661
0.27343172
0.24482672
0.31824312
0.38018157
0.35683358
0.44787932
0.52752875
0.43984281
0.54477698
0.63846807
0.45169272
0.55853883
0.65334976
0.45784149
0.56566212
0.6610298
0.57391888
0.41545962
0.30229267
0.58864063
0.4279126
0.3129719
0.59627204
0.43439277
0.31853437
0.23547901
0.18813502
0.13082534
0.24505674
0.19692937
0.13838298
0.25004576
0.20151026
0.14234235
0.38160039
0.47677102
0.5594144
0.26615702
0.34314279
0.40754585
0.17983697
0.24419761
0.2970556
0.0076770381
0.048609941
0.083479785
0.045962837
0.091840367
0.13041917
0.094562088
0.14677794
0.19025535
0.21511068
0.1526391
0.10363815
0.22429151
0.16059672
0.11049206
0.22906895
0.16472969
0.11403879
0.066883527
0.033258468
-0.0061296398
0.072953399
0.038735923
-0.0015194688
0.076094149
0.041581156
0.00089594757
-0.012867263
0.02301101
0.068448605
-0.0083817824
0.028348933
0.074678812
-0.0060148805
0.031164088
0.077962132
0.110615
0.16553431
0.21065284
0.059746266
0.10802369
0.1480801
0.019303551
0.062382318
0.098631749
-0.069457981
-0.039058117
-0.012338373
-0.049163648
-0.015826151
0.013256058
-0.024499268
0.012208156
0.043897641
0.062190392
0.029896705
0.0026837038
0.067981889
0.034759708
0.0066854864
0.070961025
0.037245172
0.0087245045
-0.021776862
-0.047717562
-0.077153193
-0.018426153
-0.04487484
-0.074904635
-0.016706777
-0.043399337
-0.073717276
-0.085133908
-0.066161005
-0.043043165
-0.082898093
-0.063257245
-0.039402361
-0.081708711
-0.061721277
-0.037479706
-0.014998951
0.023618939
0.056622075
-0.041520523
-0.0064820001
0.023858528
-0.063504379
-0.031608777
-0.00369213
0.071287575
0.20450132
0.33227387
0.070230762
0.20151832
0.32757928
0.068202148
0.19578843
0.31855002
0.32625739
0.22076808
0.14159648
0.32124186
0.21642257
0.13779455
0.31163368
0.2081489
0.13057518
0.070917631
-0.0032342975
-0.081775556
0.067856686
-0.0052826559
-0.082724672
0.062069739
-0.0091328515
-0.084529219
-0.10978849
-0.075473351
-0.029888301
-0.11011949
-0.075715517
-0.029983257
-0.11077819
-0.076181877
-0.030154131
0.030184853
0.14283091
0.25072023
-0.025695589
0.068436129
0.15783293
-0.067849399
0.012278484
0.088003071
0.45784149
0.56566212
0.6610298
0.45169272
0.55853883
0.65334976
0.43984281
0.54477698
0.63846807
0.59627204
0.43439277
0.31853437
0.58864063
0.4279126
0.3129719
0.57391888
0.41545962
0.30229267
0.25004576
0.20151026
0.14234235
0.24505674
0.19692937
0.13838298
0.23547901
0.18813502
0.13082534
0.35683358
0.44787932
0.52752875
0.24482672
0.31824312
0.38018157
0.16125337
0.22251661
0.27343172
0.31163053
0.32895168
0.32467502
0.42782151
0.44982781
0.44196174
0.59389566
0.6340379
0.64067338
0.72081897
0.78581131
0.83090404
0.73880343
0.80919829
0.86070669
0.74808042
0.82127191
0.87605586
0.63965625
0.43514883
0.322542
0.66398465
0.45067245
0.33515013
0.67648625
0.45847259
0.34147634
0.28703529
0.28844114
0.27123605
0.29836387
0.29922553
0.28143814
0.30407767
0.30475976
0.28673409
0.63060657
0.67781438
0.69248758
0.45778533
0.48267673
0.47736385
0.33695541
0.35593945
0.35319644
0.03154313
0.14648724
0.25646908
-0.024373399
0.071604101
0.16274028
-0.066559816
0.015077725
0.092262554
0.033518899
0.15176552
0.26471674
-0.022442517
0.076234758
0.16985441
-0.064691846
0.019189227
0.098479821
0.034563273
0.15453943
0.26902863
-0.0214169
0.078692986
0.17360307
-0.063706551
0.021376188
0.10176572
0.36440345
0.45676374
0.53731681
0.25131537
0.32588941
0.38856209
0.1668797
0.22915536
0.28064655
0.37520794
0.46934688
0.55121714
0.26062541
0.33673165
0.40048801
0.17500095
0.23860433
0.29095189
0.38082945
0.47587838
0.55842743
0.26549053
0.34237245
0.40669656
0.1792525
0.24352441
0.29631924
0.099422637
0.15252595
0.19648989
0.050133334
0.096800957
0.13582179
0.011190763
0.052833187
0.08812372
0.10643664
0.16069777
0.20538666
0.056156742
0.10385201
0.14352585
0.016274096
0.058835503
0.094734699
0.11011026
0.16495281
0.21001797
0.059312879
0.10752269
0.14753152
0.018937514
0.061956428
0.098162514
-0.021628998
0.015714647
0.047814921
-0.046856383
-0.012947822
0.016536798
-0.067667837
-0.036762445
-0.0096537712
-0.01747419
0.020687633
0.053365721
-0.043512891
-0.0088760497
0.021160172
-0.065062646
-0.03351757
-0.005886275
-0.015297874
0.023267475
0.056230748
-0.041761277
-0.0067689309
0.023534533
-0.063692886
-0.031837458
-0.0039553184
0.034563273
0.15453943
0.26902863
-0.0214169
0.078692986
0.17360307
-0.063706551
0.021376188
0.10176572
0.033518899
0.15176552
0.26471674
-0.022442517
0.076234758
0.16985441
-0.064691846
0.019189227
0.098479821
0.03154313
0.14648724
0.25646908
-0.024373399
0.071604101
0.16274028
-0.066559816
0.015077725
0.092262554
0.38082945
0.47587838
0.55842743
0.26549053
0.34237245
0.40669656
0.1792525
0.24352441
0.29631924
0.37520794
0.46934688
0.55121714
0.26062541
0.33673165
0.40048801
0.17500095
0.23860433
0.29095189
0.36440345
0.45676374
0.53731681
0.25131537
0.32588941
0.38856209
0.1668797
0.22915536
0.28064655
0.60524837
0.64760843
0.65686783
0.43703794
0.46004347
0.45317904
0.31943312
0.33735962
0.33375073
0.62121634
0.66665172
0.67936946
0.45008422
0.47432403
0.46852467
0.33045161
0.34909109
0.34611147
0.62947864
0.67647667
0.69091766
0.45685871
0.48167614
0.47630899
0.33617419
0.35511913
0.35235315
-0.67227043
-0.70710678
-0.67227043
-0.91774188
-0.84957113
-1
-0.91774188
-0.91774188
-0.84957113
-0.41857316
-0.28352483
-0.19996325
-0.43932695
-0.29750051
-0.2085147
-0.41857316
-0.37298049
-0.39717735
-0.61063762
-0.55892108
-0.37426538
-0.25565524
-0.6604133
-0.59697122
-0.39908046
-0.26979576
-0.61063762
-0.55892108
-0.22511841
-0.23304203
-0.91563372
-0.90021342
-0.87053063
-0.79232189
-0.6903003
-0.60084245
-0.60798126
-0.59575625
-0.57411168
-0.85607408
-0.74895258
-0.65507636
-0.99744546
-0.97878093
-0.94295653
-0.85193836
-0.73885679
-0.64199706
-0.65685384
-0.64156216
-0.61520823
-0.93054386
-0.81182832
-0.7089358
-0.94295653
-0.97878093
-0.99744546
-0.87053063
-0.90021342
-0.91563372
-0.57091939
-0.58744569
-0.59582899
-0.62623084
-0.64787129
-0.65891293
-0.70822101
-0.77112957
-0.82527783
-0.61215467
-0.52164231
-0.45032057
-0.44872591
-0.49972072
-0.54098167
-0.74943575
-0.8239692
-0.88860063
-0.64540109
-0.54881177
-0.47293736
-0.47193998
-0.52827048
-0.57583119
-0.68307557
-0.69823377
-0.70604267
-0.42490777
-0.43395344
-0.43868007
-0.38988744
-0.34247906
-0.30230706
-0.30292498
-0.33570563
-0.36250442
-0.52036894
-0.45563101
-0.40026483
-0.40914976
-0.35941462
-0.31726928
-0.31861206
-0.35490835
-0.38548755
-0.55568354
-0.48641666
-0.42705865
-0.2878203
-0.2939119
-0.29706934
-0.38217166
-0.39294505
-0.39834785
-0.26620095
-0.23693288
-0.21176633
-0.21268533
-0.23320287
-0.24895152
-0.35018902
-0.30915063
-0.27307144
-0.27921287
-0.24814063
-0.22121532
-0.22227043
-0.24467413
-0.26224906
-0.37308381
-0.32850325
-0.28898462
-0.2026164
-0.20633937
-0.20825305
-0.2602218
-0.26635222
-0.26938448
-0.91563372
-0.90021342
-0.87053063
-0.79232189
-0.6903003
-0.60084245
-0.60798126
-0.59575625
-0.57411168
-0.85607408
-0.74895258
-0.65507636
-0.99744546
-0.97878093
-0.94295653
-0.91563372
-0.90021342
-0.87053063
-0.59582899
-0.58744569
-0.57091939
-0.65891293
-0.64787129
-0.62623084
-0.70822101
-0.77112957
-0.82527783
-0.61215467
-0.52164231
-0.45032057
-0.44872591
-0.49972072
-0.54098167
-0.70604267
-0.69823377
-0.68307557
-0.43868007
-0.43395344
-0.42490777
-0.6278812
-0.53501952
-0.4314642
-0.32811467
-0.27430146
-0.23981836
-0.38659168
-0.32302303
-0.25858824
-0.66207707
-0.56663459
-0.45868172
-0.34779971
-0.28655065
-0.24826847
-0.40513992
-0.3375144
-0.26866474
-0.38042078
-0.39095644
-0.39642918
-0.22746703
-0.23093637
-0.23279266
-0.65247214
-0.63978196
-0.61695036
-0.74655746
-0.73309465
-0.70807528
-0.85392803
-0.83948622
-0.81189147
-0.94071385
-0.92431526
-0.89277756
-0.97634361
-0.95853051
-0.92431526
-0.9949051
-0.97634361
-0.94071385
-0.81076681
-0.70548395
-0.61379219
-0.83671423
-0.72659001
-0.63166955
-0.85010326
-0.73738201
-0.64075751
-0.58709915
-0.61018662
-0.62332073
-0.6049366
-0.63008537
-0.64456208
-0.61398322
-0.64019119
-0.65538567
-0.67191377
-0.76850444
-0.87903536
-0.6953328
-0.7958542
-0.91145219
-0.70730726
-0.80991252
-0.92824816
-0.92768407
-0.90964928
-0.87576598
-0.80849286
-0.79138753
-0.76048869
-0.70538416
-0.68938722
-0.66142556
-0.58177715
-0.53772613
-0.48297896
-0.66918627
-0.62025547
-0.55872639
-0.76927585
-0.7167288
-0.65182775
-0.84476821
-0.78743445
-0.72097901
-0.8723379
-0.81043561
-0.73891546
-0.8866454
-0.82234343
-0.74817327
-0.62239405
-0.52995455
-0.45722204
-0.63686978
-0.5417935
-0.46708057
-0.64437679
-0.54796734
-0.47223198
-0.45585661
-0.50858574
-0.55197867
-0.46596073
-0.52100259
-0.56709252
-0.4712203
-0.52739756
-0.57478791
-0.82427129
-0.76220779
-0.68860983
-0.71367971
-0.6567602
-0.58867909
-0.61943878
-0.56856333
-0.50810624
-0.38753081
-0.35854478
-0.32317684
-0.44093268
-0.40743143
-0.36654287
-0.50357152
-0.46507324
-0.41778488
-0.39576716
-0.34765752
-0.30689572
-0.40416414
-0.35504016
-0.3134179
-0.40854938
-0.35888824
-0.3168063
-0.30779319
-0.34173707
-0.36983074
-0.31461703
-0.35008411
-0.37979564
-0.3181335
-0.35433116
-0.38481089
-0.40878197
-0.46538258
-0.53152327
-0.4204155
-0.47875133
-0.54686013
-0.42626508
-0.48549941
-0.55462632
-0.53595535
-0.49166018
-0.43936521
-0.46926237
-0.43082741
-0.38554989
-0.41228944
-0.37914523
-0.33996942
-0.26555258
-0.24796037
-0.22550678
-0.30001432
-0.27894674
-0.25270424
-0.33936682
-0.31463424
-0.28425451
-0.27021106
-0.24040495
-0.21470401
-0.27588135
-0.24528674
-0.21881616
-0.2788131
-0.24779838
-0.22092788
-0.21569192
-0.23685189
-0.25324716
-0.21985711
-0.24183146
-0.25900437
-0.22198053
-0.24433362
-0.26186311
-0.27821633
-0.31537241
-0.35750564
-0.28511143
-0.32376706
-0.36744221
-0.28852453
-0.32793937
-0.37241148
-0.3606212
-0.33246956
-0.2988594
-0.31806278
-0.29422628
-0.26528413
-0.28047075
-0.26073005
-0.23610836
-0.9949051
-0.97634361
-0.94071385
-0.97634361
-0.95853051
-0.92431526
-0.94071385
-0.92431526
-0.89277756
-0.85010326
-0.73738201
-0.64075751
-0.83671423
-0.72659001
-0.63166955
-0.81076681
-0.70548395
-0.61379219
-0.61398322
-0.64019119
-0.65538567
-0.6049366
-0.63008537
-0.64456208
-0.58709915
-0.61018662
-0.62332073
-0.70730726
-0.80991252
-0.92824816
-0.6953328
-0.7958542
-0.91145219
-0.67191377
-0.76850444
-0.87903536
-0.85392803
-0.83948622
-0.81189147
-0.74655746
-0.73309465
-0.70807528
-0.65247214
-0.63978196
-0.61695036
-0.8866454
-0.82234343
-0.74817327
-0.8723379
-0.81043561
-0.73891546
-0.84476821
-0.78743445
-0.72097901
-0.64437679
-0.54796734
-0.47223198
-0.63686978
-0.5417935
-0.46708057
-0.62239405
-0.52995455
-0.45722204
-0.4712203
-0.52739756
-0.57478791
-0.46596073
-0.52100259
-0.56709252
-0.45585661
-0.50858574
-0.55197867
-0.76927585
-0.7167288
-0.65182775
-0.66918627
-0.62025547
-0.55872639
-0.58177715
-0.53772613
-0.48297896
-0.41572555
-0.34664676
-0.27645233
-0.48182374
-0.40123821
-0.31809699
-0.56853725
-0.47826479
-0.38119722
-0.63846807
-0.54477698
-0.43984281
-0.65334976
-0.55853883
-0.45169272
-0.6610298
-0.56566212
-0.45784149
-0.33399711
-0.27787299
-0.24229431
-0.34260813
-0.28324866
-0.24600452
-0.34717901
-0.28615638
-0.24799902
-0.2615774
-0.32742886
-0.39222757
-0.26599963
-0.33374599
-0.40032153
-0.26834241
-0.33706227
-0.40455978
-0.59944746
-0.5055522
-0.40367461
-0.506632
-0.42177037
-0.33341563
-0.43598953
-0.36265575
-0.28756204
-0.87669238
-0.86118226
-0.83168819
-0.76584789
-0.7513088
-0.72450159
-0.66904428
-0.65537551
-0.63097728
-0.90879167
-0.89171181
-0.85946574
-0.79278138
-0.77664825
-0.74726646
-0.69204433
-0.67692779
-0.65028286
-0.92541566
-0.90749434
-0.87381189
-0.80661155
-0.78962201
-0.75890804
-0.70378977
-0.68789783
-0.66009619
-0.78634144
-0.7307452
-0.66318199
-0.68311904
-0.63152766
-0.56791372
-0.59364327
-0.5472889
-0.49070213
-0.81023977
-0.7505439
-0.67918142
-0.70242889
-0.64741269
-0.58095503
-0.6099753
-0.56069921
-0.50163273
-0.82258962
-0.76080663
-0.68747756
-0.71233353
-0.65563716
-0.58774932
-0.61830933
-0.56761925
-0.50732882
-0.51380908
-0.47334487
-0.42442743
-0.44991233
-0.41473267
-0.37240752
-0.39540563
-0.36499941
-0.32837706
-0.52785132
-0.48490548
-0.43381584
-0.46219678
-0.42490503
-0.38067635
-0.40614072
-0.37395461
-0.33568156
-0.53498928
-0.49084989
-0.43869902
-0.46842094
-0.43011756
-0.38496523
-0.41155838
-0.37852413
-0.33945595
-0.34616313
-0.32025488
-0.28880168
-0.3058203
-0.28379172
-0.25664304
-0.2703791
-0.25203106
-0.22884211
-0.35537547
-0.3280047
-0.29515236
-0.31363888
-0.29042731
-0.26211068
-0.27683379
-0.25757025
-0.23344458
-0.35999894
-0.33193654
-0.29841645
-0.31753846
-0.29377308
-0.26490506
-0.28004088
-0.26035397
-0.23579096
-0.92541566
-0.90749434
-0.87381189
-0.80661155
-0.78962201
-0.75890804
-0.70378977
-0.68789783
-0.66009619
-0.90879167
-0.89171181
-0.85946574
-0.79278138
-0.77664825
-0.74726646
-0.69204433
-0.67692779
-0.65028286
-0.87669238
-0.86118226
-0.83168819
-0.76584789
-0.7513088
-0.72450159
-0.66904428
-0.65537551
-0.63097728
-0.82258962
-0.76080663
-0.68747756
-0.71233353
-0.65563716
-0.58774932
-0.61830933
-0.56761925
-0.50732882
-0.81023977
-0.7505439
-0.67918142
-0.70242889
-0.64741269
-0.58095503
-0.6099753
-0.56069921
-0.50163273
-0.78634144
-0.7307452
-0.66318199
-0.68311904
-0.63152766
-0.56791372
-0.59364327
-0.5472889
-0.49070213
-0.57802474
-0.48666656
-0.38799447
-0.48940348
-0.40752286
-0.32263546
-0.42187044
-0.35150299
-0.27972352
-0.5915031
-0.49855134
-0.39782236
-0.50022146
-0.41646917
-0.32935809
-0.43072286
-0.35849093
-0.28460854
-0.59849168
-0.50470938
-0.402968
-0.50586031
-0.42113243
-0.33292515
-0.43535285
-0.36215354
-0.28720287
-0.31000795
-3.1225023e-17
0.31000795
-0.39717735
-0.37298049
4.5536491e-18
-2.4286129e-17
0.39717735
0.37298049
-0.20396961
-0.14162495
-0.10269046
1.186113e-16
1.8234972e-16
1.8082004e-16
0.20396961
-0.37298049
-7.1557343e-18
-0.25064867
-0.23013366
-0.15542841
-0.10949097
3.0200325e-17
1.5243568e-16
1.8571576e-16
1.6744202e-16
0.25064867
0.23013366
-0.22018368
1.3330816e-16
-0.39642918
-0.39095644
-0.38042078
-0.33901691
-0.28758291
-0.24782968
-0.24915414
-0.24380221
-0.23547974
-0.36405434
-0.31178358
-0.26974484
-8.6037372e-18
-2.2795351e-17
-1.9515639e-18
-1.8708158e-17
4.8041388e-18
9.9030829e-17
7.2127033e-17
7.5396334e-17
1.2899055e-16
1.7761531e-17
7.3105005e-17
6.1059309e-17
-0.33291588
-0.20490947
-0.071432212
-0.31218017
-0.19175207
-0.066774181
-0.19182543
-0.11716514
-0.040688318
-0.20916901
-0.12793477
-0.044453235
-0.32278198
-0.34512795
-0.36435579
-0.29099422
-0.25084148
-0.2186143
-0.20599411
-0.2138244
-0.22448673
-1.0408341e-17
8.2399365e-18
-1.7018586e-17
1.235126e-17
6.5475266e-17
1.3713772e-16
9.2390657e-17
1.2703744e-16
1.2413349e-16
-0.25848698
-0.15792154
-0.054840668
-0.17059347
-0.10468126
-0.036427225
-0.19094451
-0.16911576
-0.15042799
-0.14246403
-0.14643559
-0.15223062
-0.21422224
-0.18796632
-0.16578895
1.3982053e-16
1.5653807e-16
1.659138e-16
1.5245314e-16
1.4738805e-16
1.6753834e-16
1.4134895e-16
1.4698056e-16
1.6357659e-16
-0.11861367
-0.072888907
-0.025378677
-0.12956698
-0.079119585
-0.027468621
-0.1334835
-0.11971719
-0.10802855
-0.10311391
-0.10504588
-0.10789454
-0.14587397
-0.12972903
-0.11590641
1.5133088e-16
1.6367468e-16
1.7599819e-16
1.9259158e-16
1.7022314e-16
1.7451354e-16
1.5717466e-16
1.5899586e-16
1.4754123e-16
-0.08605067
-0.052905609
-0.018426813
-0.09127057
-0.055728434
-0.019347137
0.39642918
0.39095644
0.38042078
0.33901691
0.28758291
0.24782968
0.24915414
0.24380221
0.23547974
0.36405434
0.31178358
0.26974484
0.071432212
0.20490947
0.33291588
0.066774181
0.19175207
0.31218017
0.040688318
0.11716514
0.19182543
0.044453235
0.12793477
0.20916901
0.32278198
0.34512795
0.36435579
0.29099422
0.25084148
0.2186143
0.20599411
0.2138244
0.22448673
0.054840668
0.15792154
0.25848698
0.036427225
0.10468126
0.17059347
-0.32278198
-0.34512795
-0.36435579
-0.32683969
-0.27329733
-0.2366211
-0.20377861
-0.20772185
-0.21548699
-8.8271421e-19
2.4123498e-18
1.0516761e-17
9.2405194e-17
1.2638976e-16
1.2443908e-16
1.2544205e-16
1.321925e-16
1.1320785e-16
-0.31218017
-0.19175207
-0.066774181
-0.18320953
-0.1116067
-0.03870308
-0.26823134
-0.26259046
-0.25363479
-0.31036056
-0.30435936
-0.29430694
-0.36296887
-0.35707725
-0.34640937
-0.33227387
-0.32757928
-0.31855002
-0.20450132
-0.20151832
-0.19578843
-0.071287575
-0.070230762
-0.068202148
-0.28332314
-0.23990089
-0.20660614
-0.17367221
-0.14670248
-0.12621738
-0.060421446
-0.050978736
-0.043837703
-0.19625493
-0.20326693
-0.2078497
-0.11984693
-0.12416746
-0.12706715
-0.0416123
-0.043116943
-0.044140065
-0.22520226
-0.26060479
-0.30481796
-0.13783096
-0.15976873
-0.18732329
-0.047908861
-0.055583554
-0.065250207
5.7487466e-17
6.8503828e-17
7.1810065e-17
9.4061171e-17
7.9769506e-17
-9.5696597e-20
6.3073023e-17
4.3089564e-17
7.7245385e-17
-0.24159668
-0.2297562
-0.22076337
-0.28024602
-0.26564445
-0.25394672
-0.33059137
-0.31283484
-0.29573237
-0.30480318
-0.28838346
-0.26934696
-0.18708359
-0.17671588
-0.16473627
-0.065123692
-0.061462548
-0.057239495
-0.24286734
-0.20957896
-0.18277146
-0.14866421
-0.12843955
-0.11211313
-0.051669343
-0.044667442
-0.039004856
-0.17231598
-0.17854785
-0.187164
-0.10572508
-0.10934081
-0.11438233
-0.036792887
-0.038018591
-0.039733929
-3.4899016e-18
3.0294835e-17
3.4771927e-17
3.4284023e-17
4.9722657e-17
5.3162298e-17
9.1547652e-17
6.8352197e-17
1.1909852e-16
-0.16224455
-0.1558093
-0.15137247
-0.18368529
-0.17584318
-0.17033819
-0.20907267
-0.19950143
-0.19258016
-0.15975239
-0.14156805
-0.12597166
-0.098071164
-0.086960604
-0.077406032
-0.034133114
-0.030274335
-0.026951256
-0.11931245
-0.12240423
-0.12697935
-0.073300542
-0.075033182
-0.077622208
-0.025521641
-0.026098538
-0.026963324
-0.13820659
-0.15668782
-0.17856379
-0.084403135
-0.095695234
-0.10905691
-0.029305187
-0.033228732
-0.037870615
1.2051034e-16
1.4908847e-16
1.5250942e-16
1.5405905e-16
1.5383702e-16
1.4281784e-16
1.6613173e-16
1.3944964e-16
1.551718e-16
-0.11407071
-0.1107648
-0.10851157
-0.12740059
-0.12319104
-0.12031933
-0.14299575
-0.13778735
-0.13422863
-0.1118021
-0.10027762
-0.090500042
-0.068703302
-0.061618175
-0.055621818
-0.023920734
-0.021453243
-0.019368396
-0.086391619
-0.087837771
-0.090010688
-0.053100093
-0.053863705
-0.055029116
-0.018493094
-0.018739082
-0.019116655
-0.096599416
-0.10812253
-0.12159523
-0.058965495
-0.065998185
-0.074242058
-0.020467112
-0.022907401
-0.025772779
1.7774813e-16
1.5392604e-16
1.6659236e-16
1.4998417e-16
1.4086405e-16
1.4586743e-16
1.5174492e-16
1.6276956e-16
1.9012589e-16
0.071287575
0.070230762
0.068202148
0.20450132
0.20151832
0.19578843
0.33227387
0.32757928
0.31855002
0.060421446
0.050978736
0.043837703
0.17367221
0.14670248
0.12621738
0.28332314
0.23990089
0.20660614
0.0416123
0.043116943
0.044140065
0.11984693
0.12416746
0.12706715
0.19625493
0.20326693
0.2078497
0.047908861
0.055583554
0.065250207
0.13783096
0.15976873
0.18732329
0.22520226
0.26060479
0.30481796
0.36296887
0.35707725
0.34640937
0.31036056
0.30435936
0.29430694
0.26823134
0.26259046
0.25363479
0.065123692
0.061462548
0.057239495
0.18708359
0.17671588
0.16473627
0.30480318
0.28838346
0.26934696
0.051669343
0.044667442
0.039004856
0.14866421
0.12843955
0.11211313
0.24286734
0.20957896
0.18277146
0.036792887
0.038018591
0.039733929
0.10572508
0.10934081
0.11438233
0.17231598
0.17854785
0.187164
0.33059137
0.31283484
0.29573237
0.28024602
0.26564445
0.25394672
0.24159668
0.2297562
0.22076337
-0.21805627
-0.22244294
-0.23115235
-0.25028615
-0.25582164
-0.26658985
-0.2927536
-0.3047676
-0.31887851
-0.26934696
-0.28838346
-0.30480318
-0.16473627
-0.17671588
-0.18708359
-0.057239495
-0.061462548
-0.065123692
-0.27244397
-0.22717264
-0.19681174
-0.16642247
-0.13820257
-0.11983321
-0.057795424
-0.047898494
-0.041547828
-0.17934901
-0.173254
-0.17039758
-0.10933973
-0.10593323
-0.10449142
-0.037933965
-0.036803943
-0.036353629
5.4088272e-17
1.2750163e-16
4.6105158e-17
1.0966662e-16
8.6230172e-17
8.2772526e-17
1.1261729e-16
1.2552835e-16
1.1045198e-16
-0.30384513
-0.29874675
-0.28959393
-0.25932534
-0.25412687
-0.24554989
-0.22385804
-0.21900966
-0.2114339
-0.18667573
-0.18339924
-0.17760689
-0.15891002
-0.1555694
-0.15019143
-0.13694019
-0.13385433
-0.12915875
-0.065014807
-0.063849915
-0.061803445
-0.055270668
-0.05408338
-0.052193602
-0.047586163
-0.04649445
-0.044854272
-0.27616286
-0.2612479
-0.2469786
-0.23375271
-0.22173389
-0.21224262
-0.201435
-0.19182112
-0.18461739
-0.16920742
-0.15999455
-0.15120458
-0.14294826
-0.13573033
-0.13007063
-0.12310851
-0.11744204
-0.11322788
-0.058855228
-0.055633251
-0.052565467
-0.049676239
-0.047186484
-0.045240481
-0.042767429
-0.040831982
-0.039396635
-0.17432828
-0.16663218
-0.16114355
-0.15319046
-0.14693216
-0.14259963
-0.13532883
-0.13022947
-0.12676186
-0.10654349
-0.10207029
-0.098906448
-0.093641305
-0.090043205
-0.087574403
-0.082729262
-0.079827407
-0.077872694
-0.037011119
-0.035494792
-0.034425587
-0.032530162
-0.031317747
-0.030488542
-0.028738746
-0.027766496
-0.027113602
-0.11927394
-0.11517869
-0.11241962
-0.10625789
-0.10297732
-0.10077201
-0.095142127
-0.092597547
-0.090891686
-0.072905942
-0.070602369
-0.069065885
-0.064937058
-0.063116718
-0.06190634
-0.058148376
-0.056763484
-0.055847353
-0.025323184
-0.024556347
-0.024046426
-0.022552583
-0.021951221
-0.021552672
-0.020196175
-0.019743701
-0.019445638
0.065014807
0.063849915
0.061803445
0.055270668
0.05408338
0.052193602
0.047586163
0.04649445
0.044854272
0.18667573
0.18339924
0.17760689
0.15891002
0.1555694
0.15019143
0.13694019
0.13385433
0.12915875
0.30384513
0.29874675
0.28959393
0.25932534
0.25412687
0.24554989
0.22385804
0.21900966
0.2114339
0.058855228
0.055633251
0.052565467
0.049676239
0.047186484
0.045240481
0.042767429
0.040831982
0.039396635
0.16920742
0.15999455
0.15120458
0.14294826
0.13573033
0.13007063
0.12310851
0.11744204
0.11322788
0.27616286
0.2612479
0.2469786
0.23375271
0.22173389
0.21224262
0.201435
0.19182112
0.18461739
-0.24444937
-0.25429373
-0.26583267
-0.20910381
-0.21320896
-0.22170308
-0.18227493
-0.18546677
-0.19230855
-0.1496178
-0.15556217
-0.16243635
-0.12807661
-0.13024841
-0.13503156
-0.1117248
-0.1133474
-0.11717672
-0.052007412
-0.054061367
-0.056424414
-0.044534593
-0.045234469
-0.046829256
-0.038862206
-0.039372083
-0.040643694
