MFEM mesh v1.0

#
# MFEM Geometry Types (see mesh/geom.hpp):
#
# POINT       = 0
# SEGMENT     = 1
# TRIANGLE    = 2
# SQUARE      = 3
# TETRAHEDRON = 4
# CUBE        = 5
#

dimension
3

elements
10
1 5 5 12 28 15 6 14 29 16
1 5 21 30 31 20 23 32 34 22
1 5 8 18 32 23 0 1 10 3
1 5 18 19 33 32 1 2 11 10
1 5 23 32 34 22 3 10 9 4
1 5 7 17 18 8 25 35 36 24
1 5 8 18 1 0 24 36 12 5
1 5 18 19 2 1 36 37 13 12
1 5 25 35 36 24 27 38 39 26
1 5 24 36 12 5 26 39 14 6

boundary
38
4 3 0 1 10 3
4 3 1 0 5 12
4 3 15 28 12 5
4 3 1 2 11 10
4 3 2 1 12 13
4 3 3 10 9 4
4 3 12 28 29 14
4 3 28 15 16 29
4 3 15 5 6 16
4 3 6 14 29 16
4 3 20 31 30 21
4 3 8 18 17 7
4 3 21 30 32 23
4 3 23 32 18 8
4 3 32 33 19 18
4 3 30 31 34 32
4 3 31 20 22 34
4 3 20 21 23 22
4 3 23 8 0 3
4 3 19 33 11 2
4 3 33 32 10 11
4 3 32 34 9 10
4 3 34 22 4 9
4 3 22 23 3 4
4 3 7 17 35 25
4 3 17 18 36 35
4 3 8 7 25 24
4 3 18 19 37 36
4 3 0 8 24 5
4 3 19 2 13 37
4 3 36 37 13 12
4 3 25 35 38 27
4 3 35 36 39 38
4 3 24 25 27 26
4 3 27 38 39 26
4 3 36 12 14 39
4 3 5 24 26 6
4 3 26 39 14 6

vertices
40

nodes
FiniteElementSpace
FiniteElementCollection: H1_3D_P4
VDim: 3
Ordering: 0

-0.34715081
-0.28933241
-0.20609602
-0.35824573
-0.36439324
-0.35793389
-0.3638317
-0.43409041
-0.37954477
-0.29394633
-0.29108888
-0.20835137
-0.29059633
-0.20734485
-0.29309622
-0.37443101
-0.38138571
-0.3240448
-0.3019618
-0.19962217
-0.495475
-0.47637389
-0.41723435
-0.40615364
-0.40559113
-0.47536606
-0.41631794
-0.49391193
-0.29132968
-0.29389062
-0.33785177
-0.34774374
-0.30903013
-0.2020654
-0.31435986
-0.33425364
-0.30755019
-0.19875588
-0.34238802
-0.31210537
-0.34933903
-0.32840181
-0.30414012
-0.28968613
-0.28949485
-0.29057956
-0.3597157
-0.3322012
-0.30536389
-0.36061786
-0.36643162
-0.37191306
-0.35451068
-0.33241537
-0.30710865
-0.2921045
-0.29193615
-0.29310334
-0.3656336
-0.33653934
-0.30844318
-0.36669591
-0.37283942
-0.37869226
-0.359683
-0.36226364
-0.36364053
-0.2912758
-0.29237748
-0.29300805
-0.29203797
-0.29316452
-0.29380261
-0.37655653
-0.37958879
-0.38116861
-0.45473155
-0.41044944
-0.36342096
-0.34074089
-0.34507082
-0.34742028
-0.47211122
-0.42479954
-0.37477476
-0.49487805
-0.49052079
-0.48218954
-0.39132516
-0.36030625
-0.32710656
-0.31057331
-0.31290806
-0.31418377
-0.40134196
-0.36837628
-0.33331799
-0.416891
-0.41438734
-0.40956005
-0.46288477
-0.43884384
-0.41688064
-0.33263971
-0.32288074
-0.31360574
-0.34160731
-0.33025772
-0.31959149
-0.4804563
-0.45366626
-0.42918375
-0.37026921
-0.34674087
-0.318235
-0.30235239
-0.30439045
-0.3073957
-0.38397889
-0.39343822
-0.40219935
-0.3419547
-0.32456875
-0.30238343
-0.28904598
-0.28922368
-0.29032779
-0.34964465
-0.32875229
-0.304573
-0.3483549
-0.35210224
-0.35620065
-0.3499271
-0.35938497
-0.3719112
-0.29035934
-0.29366951
-0.29875203
-0.29276155
-0.29778388
-0.30476962
-0.36410046
-0.37860789
-0.39605059
-0.28502009
-0.25171178
-0.21762263
-0.19994383
-0.20070541
-0.20159366
-0.2907455
-0.25567889
-0.22050563
-0.27574469
-0.24872871
-0.22087044
-0.20638705
-0.20715137
-0.20795428
-0.27721972
-0.25024311
-0.22282412
-0.2055515
-0.20386086
-0.20134202
-0.20758765
-0.20582331
-0.20353913
-0.2938459
-0.29312824
-0.29186963
-0.35506118
-0.33303251
-0.30785995
-0.3600644
-0.36275461
-0.36419335
-0.29583677
-0.3015448
-0.3095016
-0.37087187
-0.38675415
-0.40602805
-0.42023229
-0.38671035
-0.34674892
-0.32012587
-0.31264529
-0.30547574
-0.4235462
-0.40475981
-0.38772527
-0.45342467
-0.40843636
-0.36045639
-0.32949468
-0.32049942
-0.3118499
-0.39063827
-0.35935809
-0.32583506
-0.41625479
-0.43808012
-0.46196373
-0.44076652
-0.45505814
-0.46893623
-0.3242434
-0.32711436
-0.33173573
-0.3021024
-0.30365143
-0.30616256
-0.38391142
-0.39319094
-0.40174473
-0.29216009
-0.29691336
-0.30353056
-0.36375315
-0.37819098
-0.39554362
-0.28901548
-0.28903983
-0.2899452
-0.34833471
-0.35199212
-0.35596145
-0.28902614
-0.25341393
-0.21758156
-0.20633334
-0.20396292
-0.20081988
-0.27665981
-0.24952887
-0.22192514
-0.19936607
-0.19902537
-0.19882535
-0.2063092
-0.20675142
-0.20716044
-0.47014196
-0.42181904
-0.37037483
-0.33692872
-0.32670341
-0.31694254
-0.4002622
-0.36692627
-0.3313809
-0.42817839
-0.45246379
-0.47902309
-0.48101858
-0.48910706
-0.49333321
-0.33662636
-0.34018887
-0.34212231
-0.30886809
-0.31086427
-0.31195501
-0.40889696
-0.41356932
-0.41598671
-0.2948306
-0.30015538
-0.30758983
-0.37026014
-0.3860425
-0.40518924
-0.35757454
-0.33079379
-0.30441246
-0.35330631
-0.3281814
-0.30300146
-0.34939451
-0.32721084
-0.30304765
-0.35085953
-0.32955666
-0.30495756
-0.35312157
-0.3313154
-0.30626732
-0.35434274
-0.33228109
-0.30700489
-0.2903436
-0.29016468
-0.29127493
-0.29140877
-0.29123906
-0.29238605
-0.29201984
-0.29185142
-0.29301623
-0.30622353
-0.33347773
-0.36149611
-0.30758215
-0.33537534
-0.36408261
-0.3083373
-0.33639842
-0.36544607
-0.37398166
-0.36836425
-0.36243205
-0.37693591
-0.37116115
-0.36508841
-0.37848029
-0.3726361
-0.36650041
-0.35453115
-0.3310936
-0.30591625
-0.35875451
-0.33219557
-0.30591146
-0.36333445
-0.33503039
-0.30743535
-0.47156291
-0.42434365
-0.37440459
-0.46757285
-0.42102336
-0.37173265
-0.45998048
-0.41475723
-0.36675738
-0.44257629
-0.40095071
-0.35669875
-0.4208614
-0.38382335
-0.34434753
-0.40099951
-0.36803131
-0.33277726
-0.33526041
-0.33918594
-0.34131435
-0.32503629
-0.3282656
-0.33001673
-0.31534785
-0.31796863
-0.31939511
-0.36703298
-0.41408729
-0.45854526
-0.35290089
-0.39480203
-0.43430436
-0.33974442
-0.37704887
-0.41213184
-0.4799097
-0.475913
-0.46825079
-0.453208
-0.4498551
-0.44339489
-0.42880474
-0.42602867
-0.42067083
-0.39437373
-0.3627337
-0.32892123
-0.39874488
-0.36625606
-0.3316451
-0.40102804
-0.36811991
-0.33311374
-0.38774959
-0.35760403
-0.32511666
-0.38022987
-0.35205763
-0.32139815
-0.3725019
-0.34755752
-0.31874494
-0.36333301
-0.34119965
-0.31418122
-0.3520402
-0.33220084
-0.30775763
-0.34395934
-0.32618616
-0.30358652
-0.29906387
-0.30076135
-0.30334467
-0.29384547
-0.29487244
-0.29670119
-0.29029511
-0.29065719
-0.29193588
-0.32179205
-0.35307004
-0.38215009
-0.31305112
-0.34086188
-0.36666004
-0.3066915
-0.33161924
-0.35392037
-0.39252183
-0.38463232
-0.37601068
-0.37576568
-0.36961756
-0.36273477
-0.36182362
-0.35709068
-0.35228998
-0.34205418
-0.32425518
-0.30200107
-0.3445566
-0.32521528
-0.30227387
-0.34790249
-0.32748388
-0.30364904
-0.28939246
-0.25475616
-0.21989547
-0.28698009
-0.25313792
-0.2187916
-0.28536742
-0.25201815
-0.21793411
-0.28266044
-0.25098481
-0.21850852
-0.27893204
-0.24977584
-0.21975928
-0.27650497
-0.24899306
-0.22060477
-0.20160866
-0.20229101
-0.20310505
-0.20405859
-0.20467184
-0.20542849
-0.20574422
-0.20642545
-0.20719571
-0.22103587
-0.25436178
-0.28751091
-0.22181917
-0.25219922
-0.28224127
-0.22248023
-0.25070432
-0.27848343
-0.27550959
-0.24868158
-0.22104018
-0.27566894
-0.24899684
-0.22163662
-0.27657366
-0.24974701
-0.222402
-0.3061315
-0.30820467
-0.3093444
-0.29884383
-0.30049514
-0.30141693
-0.29361047
-0.29496268
-0.29573009
-0.32730805
-0.36026536
-0.39113538
-0.31742804
-0.3465968
-0.37395815
-0.31024738
-0.33624394
-0.35985772
-0.40571864
-0.4034571
-0.39911398
-0.38649666
-0.38462625
-0.38107215
-0.37065393
-0.36908076
-0.36612165
-0.35123311
-0.32998169
-0.30548035
-0.35360268
-0.33185746
-0.30692985
-0.35488464
-0.33288895
-0.30774521
-0.37776864
-0.3528005
-0.32265407
-0.3933821
-0.36536999
-0.33176578
-0.41059789
-0.37910427
-0.34150003
-0.42359651
-0.38779675
-0.34724232
-0.43555118
-0.39493492
-0.35129566
-0.44758118
-0.40398237
-0.35726142
-0.32031724
-0.31282341
-0.30563116
-0.32295695
-0.31503976
-0.30742001
-0.32719018
-0.3185762
-0.31028383
-0.31853119
-0.34740351
-0.37239407
-0.32076654
-0.35158797
-0.37990056
-0.32405731
-0.3568144
-0.38718377
-0.39246257
-0.41020839
-0.42977511
-0.40255403
-0.42186677
-0.44311716
-0.41199705
-0.43299662
-0.45601349
-0.44139093
-0.39915143
-0.35408794
-0.41989464
-0.38240082
-0.34234271
-0.40022438
-0.36693372
-0.33127884
-0.29886094
-0.29371856
-0.29023447
-0.30015359
-0.29447191
-0.29041172
-0.30231813
-0.29599157
-0.29145809
-0.30197472
-0.32423217
-0.34203324
-0.30211391
-0.32508592
-0.34444749
-0.3033134
-0.3272127
-0.34766814
-0.35226131
-0.36269208
-0.37595188
-0.3569604
-0.36944838
-0.38441393
-0.36155375
-0.37543623
-0.39211471
-0.38154327
-0.35225643
-0.3207211
-0.36618405
-0.34026817
-0.31229315
-0.35355857
-0.33119978
-0.30616352
-0.28507343
-0.25162536
-0.21742375
-0.28611765
-0.25199291
-0.2173075
-0.28795821
-0.25286345
-0.21744941
-0.20114337
-0.20376676
-0.20559511
-0.20092699
-0.20378045
-0.2058808
-0.20083865
-0.20389573
-0.20618449
-0.22097373
-0.24863321
-0.27547444
-0.22128312
-0.24872211
-0.27545823
-0.22169469
-0.24918802
-0.27613778
-0.28607761
-0.25248581
-0.21862688
-0.28124053
-0.25090103
-0.220165
-0.2777953
-0.24982007
-0.22136174
-0.45847889
-0.41245791
-0.36336915
-0.46578175
-0.41830189
-0.36771783
-0.46961539
-0.42139466
-0.37005162
-0.33166446
-0.32231063
-0.3133313
-0.33492029
-0.32502762
-0.31556177
-0.33668608
-0.32650098
-0.31677571
-0.32745595
-0.36164026
-0.39357472
-0.32988897
-0.36494338
-0.39777393
-0.33119879
-0.36668671
-0.39996166
-0.41993642
-0.44250401
-0.46717985
-0.4251282
-0.44877237
-0.47461811
-0.42781228
-0.45202021
-0.4784934
-0.45675483
-0.41142055
-0.36315786
-0.43283032
-0.39268054
-0.34991257
-0.41092907
-0.3753893
-0.33748482
-0.30469769
-0.29782407
-0.29289333
-0.30647661
-0.29924824
-0.29406831
-0.30745509
-0.30004497
-0.29473762
-0.36570035
-0.38057246
-0.39851321
-0.36854349
-0.38399731
-0.40271097
-0.37005139
-0.38579522
-0.40489125
-0.39016642
-0.3590029
-0.32565445
-0.37317065
-0.34563962
-0.31621523
-0.35922947
-0.33553013
-0.30936063
-0.35089604
-0.32832573
-0.30383297
-0.35492423
-0.32934988
-0.30380687
-0.35929959
-0.33203516
-0.30525212
-0.35314976
-0.33002839
-0.305101
-0.35730798
-0.33110678
-0.30509149
-0.36181895
-0.33388982
-0.30658755
-0.35436191
-0.33096368
-0.30581504
-0.3585789
-0.33206329
-0.30581018
-0.36315036
-0.33489186
-0.30733056
-0.44741089
-0.40490087
-0.3597378
-0.45438618
-0.41063678
-0.3642667
-0.45804308
-0.41367089
-0.36669632
-0.42495049
-0.3871344
-0.34686463
-0.43081979
-0.39192678
-0.35061314
-0.43388393
-0.39445519
-0.35262245
-0.40439371
-0.37075152
-0.33482172
-0.40925113
-0.37468651
-0.33787559
-0.41178444
-0.37676393
-0.33951677
-0.3653182
-0.34189364
-0.3145927
-0.37225487
-0.34581345
-0.31683529
-0.37896739
-0.35068871
-0.32004997
-0.3535992
-0.33267481
-0.308004
-0.35894999
-0.33540803
-0.30942176
-0.36412785
-0.33902286
-0.31172156
-0.34475119
-0.32624433
-0.30351497
-0.34811839
-0.32764052
-0.30407422
-0.35195672
-0.33022529
-0.30567821
-0.28293363
-0.25122726
-0.21876236
-0.28426683
-0.25215941
-0.21950635
-0.28633158
-0.25355278
-0.22048768
-0.27908663
-0.24992527
-0.21993698
-0.27988268
-0.2505312
-0.220528
-0.28134213
-0.25156376
-0.22135361
-0.2764551
-0.24901838
-0.22073642
-0.27674882
-0.24937191
-0.22128997
-0.27778645
-0.25018268
-0.22205334
-0.38487715
-0.35522642
-0.32339435
-0.38879704
-0.35836643
-0.32581387
-0.39085281
-0.36003587
-0.32712552
-0.36884401
-0.34255257
-0.31429743
-0.37203309
-0.34505956
-0.31622149
-0.37372466
-0.34641015
-0.31727987
-0.35566822
-0.33295675
-0.30768225
-0.35826748
-0.33498197
-0.30924845
-0.35966392
-0.33609016
-0.31012422
-0.41371759
-0.38010978
-0.34195627
-0.39608485
-0.36623683
-0.33216208
-0.38008053
-0.35353136
-0.3229836
-0.42483761
-0.38670803
-0.34568551
-0.40571906
-0.37186433
-0.33530248
-0.3883172
-0.35822142
-0.3255403
-0.43599015
-0.3950524
-0.35115863
-0.41529615
-0.37894344
-0.33989121
-0.39638696
-0.36408398
-0.32927609
-0.36522599
-0.3417654
-0.31441819
-0.3535345
-0.3325911
-0.30789413
-0.34471357
-0.3262018
-0.30346175
-0.37196963
-0.34541759
-0.31631295
-0.35873949
-0.33513702
-0.30907545
-0.3479752
-0.32747092
-0.30386022
-0.37847061
-0.35001509
-0.31916291
-0.36374473
-0.3385397
-0.31110418
-0.35167275
-0.32989329
-0.30525924
-0.28269567
-0.25091031
-0.21835111
-0.27893835
-0.24972777
-0.21967978
-0.27638407
-0.24892204
-0.2206072
-0.28356012
-0.25122544
-0.2182996
-0.2794189
-0.24992028
-0.21973946
-0.2764653
-0.24899967
-0.22080903
-0.28514246
-0.25199261
-0.21848055
-0.28052471
-0.25049923
-0.21999247
-0.27723838
-0.24947481
-0.22115352
-0.44604819
-0.40284529
-0.35675382
-0.42383628
-0.38550644
-0.34457029
-0.40349574
-0.36949031
-0.33310074
-0.45275899
-0.40820265
-0.36073076
-0.42948382
-0.38999375
-0.34788938
-0.4081661
-0.37317988
-0.33582208
-0.4562726
-0.41103247
-0.36286257
-0.43242681
-0.39235669
-0.34966641
-0.41059614
-0.37512306
-0.33728237
-0.38416756
-0.3542837
-0.32215468
-0.36828037
-0.34185536
-0.3134088
-0.35523192
-0.33245424
-0.30705198
-0.38792889
-0.3572275
-0.32431941
-0.37133289
-0.34420328
-0.3151338
-0.35771434
-0.33435055
-0.30846107
-0.38989625
-0.35878856
-0.32549141
-0.37294794
-0.34546537
-0.31608242
-0.35904495
-0.33538648
-0.30924967
-0.15089524
-0.15787405
-0.16024011
-0.091303978
2.4504454e-16
-0.16068586
-0.16608466
-0.27129336
-0.19162046
2.6480478e-16
-0.08932113
-0.089606109
-0.17173982
-0.17469473
-0.1778934
-0.091154634
-0.092998901
-0.3036754
-0.2121121
-0.21778967
2.2566351e-16
-0.1608673
2.4629561e-16
-0.11334521
-0.21804425
-0.31402035
-0.22870071
-0.33299349
-0.085895869
-0.087356359
-0.16586463
2.1346154e-16
-0.11564168
-0.11722119
2.3321018e-16
-0.39093676
-0.26614876
-0.27553742
-0.41982036
-0.28179071
-0.16255956
-0.16656143
-0.17016528
-0.15660362
-0.12833136
-0.10055882
-0.088945195
-0.086607498
-0.085935619
-0.15211937
-0.13079208
-0.10550734
-0.16808207
-0.1723241
-0.17619586
-0.16163452
-0.13164693
-0.10254522
-0.090616164
-0.088140502
-0.087415552
-0.15678477
-0.1342329
-0.10783809
-0.16228492
-0.16464733
-0.1659094
-0.17361208
-0.17629636
-0.17770026
-0.086249939
-0.086898996
-0.087300184
-0.091632475
-0.092447934
-0.092930819
-0.16041054
-0.16156756
-0.16430423
-0.13856966
-0.084881578
-0.029516511
2.1597861e-16
1.8925754e-16
2.2032478e-16
-0.029134115
-0.083474693
-0.13520491
-0.11309121
-0.11359148
-0.11489126
-0.096499052
-0.05901286
-0.020504594
2.510567e-16
2.2624525e-16
2.3509308e-16
-0.020454359
-0.05864994
-0.095153291
-0.15089348
-0.13404733
-0.11981455
-0.15545395
-0.13779032
-0.12265416
2.170437e-16
2.116859e-16
2.2282588e-16
2.1563487e-16
2.331469e-16
2.2333187e-16
-0.19517582
-0.2027014
-0.20928614
-0.19792824
-0.16767692
-0.13426945
-0.18297142
-0.15984484
-0.13054999
-0.15167247
-0.15408858
-0.15665239
-0.1494404
-0.12834948
-0.10343814
-0.090495423
-0.089419599
-0.089214089
-0.14576648
-0.12818847
-0.10512039
-0.15416343
-0.16567043
-0.1815867
-0.1640703
-0.18008482
-0.20011479
-0.091962585
-0.099251318
-0.10931517
-0.093117242
-0.098879639
-0.10762835
-0.2144077
-0.21729916
-0.21816563
-0.20283796
-0.17115331
-0.13641846
-0.11634773
-0.11728615
-0.11747761
-0.15890144
-0.1602153
-0.16052066
-0.15133533
-0.12950788
-0.1039655
-0.089498169
-0.08977829
-0.089774343
-0.16684028
-0.18376326
-0.20503615
-0.092379633
-0.10004409
-0.11060583
-0.015917168
-0.045764632
-0.074667928
2.6714664e-16
2.6457004e-16
2.510547e-16
-0.07674149
-0.047347161
-0.016521151
2.2458449e-16
2.1610948e-16
2.3433837e-16
2.6878243e-16
2.8436752e-16
2.1626008e-16
-0.27632719
-0.2877368
-0.29868283
-0.28486251
-0.2528458
-0.22514024
-0.25471353
-0.2266368
-0.20266471
-0.33198065
-0.36050883
-0.38207948
-0.36591551
-0.32284856
-0.28465257
-0.23016397
-0.24847525
-0.26119594
-0.23175616
-0.26086442
-0.29439277
-0.27824531
-0.29308037
-0.30740682
-0.32287437
-0.35467469
-0.3800487
-0.22486528
-0.2450148
-0.25997754
-0.19609831
-0.20556231
-0.21419154
-0.18707752
-0.21703984
-0.24848958
-0.16731724
-0.18426962
-0.20540837
-0.16007141
-0.16493679
-0.16958679
-0.15195994
-0.15527244
-0.1588859
-0.26996425
-0.27459223
-0.27601861
-0.19087838
-0.22272366
-0.25653043
-0.17302545
-0.17462063
-0.1750026
-0.23129971
-0.25274052
-0.26887354
-0.16254773
-0.16760119
-0.17245207
-0.35284545
-0.38491178
-0.40965713
-0.39231907
-0.34477791
-0.30239179
-0.24187649
-0.26196438
-0.27620984
-0.24369039
-0.27541766
-0.31178815
-0.31981738
-0.32809133
-0.33240358
-0.4000459
-0.41260019
-0.41895722
-0.27116281
-0.27794939
-0.28133136
-0.22134013
-0.22598036
-0.22837318
-0.194511
-0.22728945
-0.26216525
-0.17338577
-0.19182179
-0.21490391
-0.10308118
-0.10084065
-0.10042622
-0.12829389
-0.12703429
-0.12778766
-0.15101502
-0.15294354
-0.15537056
-0.16420417
-0.16829356
-0.17199686
-0.1666182
-0.17080971
-0.17462647
-0.16790399
-0.17214049
-0.17600621
-0.15810242
-0.12927846
-0.1010661
-0.1603034
-0.1307329
-0.10195066
-0.16147337
-0.13153574
-0.10247106
-0.086294643
-0.086987979
-0.089368248
-0.086953291
-0.08766773
-0.090108267
-0.087358532
-0.088082405
-0.090553858
-0.10612865
-0.13177127
-0.15348677
-0.10715999
-0.13328028
-0.15552768
-0.10775397
-0.13411634
-0.15663274
-0.15555727
-0.15767386
-0.16029981
-0.13151612
-0.13022601
-0.13106368
-0.1052204
-0.10285947
-0.10241637
-0.029025494
-0.029065293
-0.029334938
-0.083176226
-0.083387207
-0.084296092
-0.13477915
-0.13546669
-0.13740276
-0.1504832
-0.15155358
-0.15404374
-0.13371738
-0.13460828
-0.13664688
-0.11954228
-0.12020159
-0.12176894
-0.12982992
-0.079488164
-0.027633154
-0.11501304
-0.070356151
-0.02444767
-0.10234344
-0.062580221
-0.021741869
2.3844322e-16
1.7683867e-16
2.0562565e-16
2.084619e-16
2.2042634e-16
1.9191186e-16
2.1878164e-16
2.3569687e-16
2.3227841e-16
-0.027300299
-0.078240369
-0.12678555
-0.024208436
-0.069408735
-0.11256838
-0.021617536
-0.061990694
-0.10058042
-0.094908372
-0.09512263
-0.095963894
-0.058472569
-0.058451735
-0.058772181
-0.020389002
-0.020357303
-0.020436021
-0.13034431
-0.13133432
-0.13321973
-0.15986601
-0.16245709
-0.16599874
-0.18428059
-0.19001598
-0.19545205
-0.18491698
-0.19176939
-0.19763877
-0.16842607
-0.17379511
-0.17817857
-0.15606893
-0.15951419
-0.16264924
-0.1868277
-0.15841755
-0.12688143
-0.16865433
-0.14330273
-0.11507612
-0.15429819
-0.13206047
-0.10650026
-0.10870339
-0.10768196
-0.10737532
-0.098880217
-0.098423797
-0.098601905
-0.091797512
-0.091808665
-0.092627668
-0.12393754
-0.1517377
-0.17355335
-0.11377479
-0.13902185
-0.1587184
-0.10712092
-0.13057107
-0.14842528
-0.1453737
-0.14657744
-0.14846883
-0.12732498
-0.12694153
-0.1277979
-0.104201
-0.1031787
-0.10319187
-0.13519298
-0.13641976
-0.13670233
-0.16912737
-0.17098314
-0.1714808
-0.19992393
-0.20245775
-0.20319814
-0.20213868
-0.20466742
-0.20539638
-0.18162758
-0.18357001
-0.18408901
-0.165257
-0.16676401
-0.16713415
-0.19105171
-0.16136566
-0.12866442
-0.1717669
-0.14536012
-0.11623644
-0.15652613
-0.13343369
-0.10719226
-0.1108422
-0.11069601
-0.10990701
-0.10024636
-0.10017525
-0.099638609
-0.092557078
-0.092542063
-0.092196386
-0.150287
-0.15137361
-0.15160314
-0.12889769
-0.12962368
-0.12973951
-0.10371415
-0.10412745
-0.10415609
-0.091236675
-0.055816147
-0.019398039
-0.082920746
-0.050796691
-0.017664657
-0.076897866
-0.047147628
-0.016401462
2.3261699e-16
2.4084364e-16
2.5438312e-16
2.1137008e-16
2.5629434e-16
2.8022015e-16
2.4571779e-16
2.2968205e-16
2.5208111e-16
-0.01943473
-0.055717189
-0.090366726
-0.017891239
-0.051270936
-0.083080874
-0.016859976
-0.048312691
-0.078269235
-0.076013959
-0.074982393
-0.074642155
-0.046875978
-0.046148835
-0.045810165
-0.016351635
-0.016083001
-0.015943356
-0.20648055
-0.21465592
-0.22197509
-0.23091826
-0.24031041
-0.24899989
-0.25947949
-0.27015985
-0.28028788
-0.28917666
-0.30439156
-0.31730617
-0.30819042
-0.33083039
-0.34761078
-0.32464555
-0.3514963
-0.37177891
-0.30281124
-0.26861485
-0.23891065
-0.33242019
-0.29434351
-0.26097406
-0.35589674
-0.31439822
-0.27771606
-0.22169056
-0.21385406
-0.20368513
-0.24099473
-0.23086587
-0.21592562
-0.25533267
-0.24327164
-0.22589082
-0.20753791
-0.23227065
-0.26118632
-0.2178755
-0.24429004
-0.2750077
-0.2274613
-0.25568537
-0.28828931
-0.31122352
-0.33783833
-0.35778985
-0.27572735
-0.29896042
-0.31601929
-0.24480499
-0.26481909
-0.27906867
-0.21188855
-0.189734
-0.17044482
-0.22993616
-0.20352123
-0.17823792
-0.24313865
-0.21306839
-0.18444006
-0.15879693
-0.15604741
-0.15324465
-0.16353784
-0.16041411
-0.15692072
-0.16807181
-0.16458761
-0.16071193
-0.15647806
-0.16902326
-0.18571895
-0.16095374
-0.17575321
-0.19430083
-0.16526242
-0.18159931
-0.20200594
-0.21662252
-0.23302815
-0.2442264
-0.19349585
-0.20597141
-0.21393386
-0.17334507
-0.18012002
-0.18510962
-0.22746797
-0.23070627
-0.23169206
-0.24813778
-0.25198026
-0.25316538
-0.26359981
-0.2679832
-0.26933633
-0.21747859
-0.1939165
-0.17355921
-0.23659802
-0.20837887
-0.18163066
-0.25077415
-0.21850443
-0.18812198
-0.16282932
-0.16250626
-0.16114303
-0.16789005
-0.16754136
-0.16608986
-0.17275295
-0.17238125
-0.17083335
-0.25180659
-0.25578761
-0.25698095
-0.21941871
-0.22230122
-0.22311271
-0.18871062
-0.19070089
-0.19121291
-0.33840606
-0.36811494
-0.39077324
-0.34749333
-0.37873185
-0.40275087
-0.35220261
-0.38417124
-0.4088333
-0.37427291
-0.32983884
-0.29034323
-0.38574479
-0.33936011
-0.29803608
-0.3915346
-0.34413206
-0.30187369
-0.26600744
-0.25274046
-0.23381907
-0.27251484
-0.25859934
-0.23891211
-0.27576918
-0.26156074
-0.24151978
-0.23545413
-0.26535478
-0.29972615
-0.24064895
-0.27169568
-0.30730991
-0.2433257
-0.27497084
-0.31125011
-0.33035404
-0.36018539
-0.38301263
-0.2917336
-0.31760086
-0.33699246
-0.25793005
-0.28001457
-0.29606848
-0.25288146
-0.2202779
-0.18938275
-0.25880476
-0.22472952
-0.19261499
-0.26176531
-0.22698234
-0.19428275
-0.16913415
-0.18656635
-0.20834235
-0.17178564
-0.18985984
-0.21247315
-0.1731911
-0.19158473
-0.21461192
-0.22705561
-0.24493778
-0.2573907
-0.20176859
-0.21517067
-0.22387066
-0.17987687
-0.18702241
-0.19238728
-0.1523322
-0.15433645
-0.15683116
-0.1292019
-0.12794134
-0.12871924
-0.103637
-0.10136154
-0.10093236
-0.15432767
-0.15640796
-0.15899026
-0.13061765
-0.12934126
-0.13015818
-0.10458816
-0.10225929
-0.10182045
-0.15540614
-0.15751992
-0.16014023
-0.13140608
-0.13011804
-0.13095295
-0.10514098
-0.10278435
-0.10234139
-0.12639964
-0.12702895
-0.12877948
-0.077968495
-0.078154616
-0.078965739
-0.027201049
-0.027233909
-0.027472142
-0.11225433
-0.11275961
-0.11416976
-0.069184558
-0.069314513
-0.069945676
-0.02412628
-0.024142731
-0.024323145
-0.10031765
-0.10065299
-0.10170186
-0.061801085
-0.061845035
-0.062280348
-0.021547702
-0.021537118
-0.021653666
-0.17473736
-0.17987602
-0.18466552
-0.15173391
-0.15393876
-0.15697995
-0.12372262
-0.12446447
-0.12600367
-0.15966543
-0.16351326
-0.16701809
-0.13894607
-0.1402442
-0.14228129
-0.11352349
-0.11365618
-0.11449798
-0.14874202
-0.15079515
-0.15313904
-0.13014903
-0.13023737
-0.13140248
-0.10659733
-0.10592303
-0.10617647
-0.18857347
-0.19077807
-0.19139486
-0.15967114
-0.16126804
-0.16167374
-0.12766393
-0.12870515
-0.12892754
-0.1699725
-0.17164739
-0.17207626
-0.14420862
-0.14537376
-0.14563231
-0.11560931
-0.11633927
-0.11646382
-0.15527128
-0.15652189
-0.15680509
-0.13269628
-0.13352801
-0.1336767
-0.10684478
-0.10733995
-0.10739263
-0.090122335
-0.090187688
-0.090810865
-0.055541296
-0.055438282
-0.055637154
-0.019369952
-0.019311399
-0.019349911
-0.082820231
-0.082505931
-0.082685781
-0.051088159
-0.050773241
-0.05072463
-0.01782448
-0.017695274
-0.017651941
-0.0778258
-0.077007169
-0.076824886
-0.048017256
-0.047413261
-0.047166648
-0.016753606
-0.016527231
-0.016418777
-0.27149382
-0.28574354
-0.29770731
-0.2414602
-0.25402603
-0.26431431
-0.21569016
-0.22667109
-0.23536832
-0.28920125
-0.31038381
-0.32593472
-0.25688179
-0.27550256
-0.2888729
-0.22899467
-0.24519885
-0.25647087
-0.30446122
-0.32953251
-0.34830902
-0.2699908
-0.2919253
-0.3080145
-0.24005163
-0.25900535
-0.272489
-0.19286753
-0.20211345
-0.20912934
-0.17499069
-0.18235586
-0.18760686
-0.16071074
-0.16523466
-0.1689424
-0.20394952
-0.21745252
-0.2264525
-0.18378565
-0.19433093
-0.20090522
-0.16628273
-0.17222272
-0.17651342
-0.21287484
-0.22848485
-0.2391391
-0.19055924
-0.20250388
-0.21013544
-0.1711901
-0.1777321
-0.18257104
-0.21419403
-0.217024
-0.21785662
-0.1914861
-0.19365969
-0.19425638
-0.17178744
-0.17344133
-0.17386408
-0.23267566
-0.23600822
-0.23700369
-0.2055459
-0.20803894
-0.20873798
-0.17968897
-0.18148108
-0.18194382
-0.24629906
-0.25007759
-0.25121098
-0.21535159
-0.21810808
-0.21888426
-0.18602961
-0.18795381
-0.18845083
-0.31713764
-0.34482933
-0.36577145
-0.28070863
-0.30483186
-0.32270412
-0.24891151
-0.26963268
-0.28452249
-0.32546568
-0.35454788
-0.37672136
-0.28767199
-0.31293296
-0.33180204
-0.25461418
-0.27622858
-0.29188678
-0.32976845
-0.35951131
-0.38226384
-0.29124736
-0.31704317
-0.33637543
-0.2575341
-0.27956326
-0.29557278
-0.2198849
-0.2367986
-0.24845468
-0.19603981
-0.20883187
-0.21707229
-0.17533793
-0.18223372
-0.18737
-0.22441166
-0.24196214
-0.25414879
-0.19963998
-0.21283301
-0.2213824
-0.1781762
-0.18523744
-0.19052833
-0.22674025
-0.24458294
-0.25700668
-0.20151221
-0.21488949
-0.22357345
-0.17967362
-0.18680741
-0.19216542
-0.14945863
-0.15633221
-0.15834916
-0.15915685
-0.16449075
-0.090262432
9.0208976e-17
-0.26924666
-0.18998382
-0.1760707
-0.17002888
-0.17256831
-0.088288133
-0.08837315
1.4467211e-16
-0.090084957
1.2943728e-16
-0.30113814
-0.21027127
-0.21539192
-0.32993951
-0.31136231
-0.22662754
-0.21613735
-0.11222493
-0.15964417
1.258608e-16
8.4958536e-17
-0.084893292
1.3816101e-16
-0.38645085
-0.41419046
-0.26348491
-0.27180783
-0.27866566
-0.16477615
-0.11461186
-0.11597792
1.3462974e-16
1.6260622e-16
-0.089472391
-0.088410032
-0.088196537
-0.086438461
-0.084739424
-0.084646587
-0.087893809
-0.085590894
-0.084934914
-0.089733496
-0.089261146
-0.089668962
1.0645918e-16
1.1958514e-16
1.483573e-16
1.5283881e-16
1.3206491e-16
1.1492333e-16
1.3420453e-16
1.1864972e-16
1.4515623e-16
1.0658089e-16
9.9836215e-17
1.2329737e-16
-0.075847461
-0.046779276
-0.016320063
-0.073786166
-0.045208168
-0.015720639
-0.070380474
-0.042678249
-0.014769769
-0.075310643
-0.046163604
-0.016056302
-0.32907141
-0.35706911
-0.37799116
-0.39523207
-0.40728572
-0.41336589
-0.34943166
-0.38072576
-0.40456285
-0.3293631
-0.32514685
-0.31704664
-0.22815726
-0.24625555
-0.2587022
-0.26836343
-0.27494816
-0.27822126
-0.23965976
-0.25943766
-0.27330711
-0.22630552
-0.22395207
-0.21938478
-0.29186293
-0.25859295
-0.22973249
-0.36178432
-0.31936297
-0.28173224
-0.38717943
-0.34052527
-0.29891421
-0.30890231
-0.27286912
-0.24146498
-0.19354328
-0.20102674
-0.20751704
-0.22289799
-0.24278426
-0.25746065
-0.19443659
-0.20381286
-0.21233908
-0.15024146
-0.15264431
-0.15515387
-0.1585138
-0.16332563
-0.16791081
-0.16103597
-0.16499706
-0.16851575
-0.15051588
-0.15379964
-0.15737659
-0.15271841
-0.16417758
-0.18000844
-0.16251333
-0.17845382
-0.19836022
-0.18524811
-0.21494763
-0.24605043
-0.16577576
-0.18262906
-0.20360883
-0.2124856
-0.21519722
-0.21586872
-0.22868636
-0.24968568
-0.26536697
-0.26711483
-0.27137338
-0.27244767
-0.15730806
-0.15850799
-0.15869135
-0.1606291
-0.1656049
-0.17036992
-0.17124709
-0.17270107
-0.1729425
-0.16492683
-0.18172914
-0.20279254
-0.1885493
-0.21994794
-0.2531775
-0.17588134
-0.1745044
-0.17186915
-0.16649192
-0.17067777
-0.17444482
-0.16073751
-0.16307149
-0.1643177
-0.19253377
-0.22495462
-0.2593506
-0.17177861
-0.19009168
-0.21297031
-0.27428068
-0.28557945
-0.29630747
-0.28245896
-0.25068918
-0.22320164
-0.25273264
-0.22479615
-0.20096242
-0.15922394
-0.16045466
-0.163225
-0.15437647
-0.13673477
-0.12161723
-0.11199343
-0.11253938
-0.11386269
-0.118675
-0.13286872
-0.14968106
-0.25673459
-0.22431681
-0.18360312
-0.28062798
-0.23791163
-0.19101481
-0.19621657
-0.16621894
-0.13308542
-0.18135535
-0.1583609
-0.12928398
-0.090931252
-0.098225943
-0.10828945
-0.092064315
-0.097803802
-0.10652499
-0.14793015
-0.12697354
-0.10226924
-0.14433866
-0.12684373
-0.10395195
-0.11530526
-0.11619096
-0.11629388
-0.091145528
-0.098820992
-0.10937932
-0.088443379
-0.088664497
-0.088584936
-0.20065069
-0.16934768
-0.13498059
-0.14949288
-0.12784651
-0.10256584
1.3555164e-16
1.0893926e-16
1.4071437e-16
9.7341043e-17
9.3955297e-17
1.3377747e-16
1.4009728e-16
1.1667831e-16
1.4463507e-16
8.8519124e-17
7.6803783e-17
1.0884869e-16
-0.13418418
-0.082851609
-0.028917971
-0.13768385
-0.084357888
-0.029337381
-0.095629906
-0.058470928
-0.020313987
-0.094196316
-0.058045393
-0.020240776
1.2483833e-16
1.1913603e-16
1.2905193e-16
1.4888728e-16
1.3441554e-16
1.1800284e-16
-0.087539131
-0.085312035
-0.084674538
-0.087324337
-0.085286002
-0.084750061
-0.088222579
-0.086753923
-0.086390071
-0.075136697
-0.074117464
-0.073772324
-0.046319527
-0.045600825
-0.045260231
-0.016154733
-0.015889178
-0.015749012
-0.072175665
-0.070551782
-0.070252426
-0.044172008
-0.043025135
-0.042672814
-0.015352947
-0.014930139
-0.014779961
-0.070495331
-0.071275307
-0.073413126
-0.042824719
-0.043479065
-0.044948264
-0.014833268
-0.015089772
-0.015625969
-0.07502239
-0.074839896
-0.075357833
-0.046043833
-0.046053965
-0.046458935
-0.016024289
-0.016048376
-0.016203623
1.1740126e-16
1.2278083e-16
1.1857574e-16
1.1286692e-16
1.3541833e-16
1.273791e-16
1.2654156e-16
1.2432714e-16
1.3040896e-16
-0.34880577
-0.38001004
-0.40377288
-0.3442178
-0.37474904
-0.3979328
-0.33535142
-0.36445845
-0.38639571
-0.30847087
-0.33461956
-0.35400456
-0.27328529
-0.29616529
-0.3127954
-0.24265787
-0.26241555
-0.27634556
-0.36985196
-0.38088249
-0.38642884
-0.32613164
-0.33531709
-0.33990495
-0.28726037
-0.29470921
-0.2984144
-0.37833694
-0.35630125
-0.32714872
-0.33308809
-0.31429287
-0.28894012
-0.29285063
-0.27723815
-0.25552728
-0.30837635
-0.30452222
-0.29709471
-0.27243161
-0.26922293
-0.26300367
-0.241107
-0.23847819
-0.23337191
-0.23175036
-0.25042929
-0.26339328
-0.23675149
-0.25615401
-0.2697215
-0.23930987
-0.25904384
-0.27287972
-0.22395333
-0.24115206
-0.25297088
-0.21412558
-0.22894652
-0.23888754
-0.2020088
-0.21210652
-0.21981191
-0.18334317
-0.19016075
-0.19594771
-0.16693813
-0.17228326
-0.17659977
-0.15462967
-0.15805891
-0.16113734
-0.21002759
-0.2278572
-0.24082116
-0.18803414
-0.20167125
-0.21105569
-0.16884847
-0.17655134
-0.18265841
-0.24193567
-0.2309725
-0.21474226
-0.21195357
-0.20417151
-0.191814
-0.18335838
-0.17849174
-0.1717922
-0.2002505
-0.19262982
-0.18412033
-0.17998741
-0.17419653
-0.1675156
-0.16374102
-0.15946898
-0.15502341
-0.1518071
-0.1545936
-0.15728535
-0.15545443
-0.15892284
-0.16197893
-0.15920858
-0.16304867
-0.1664542
-0.26091316
-0.26495521
-0.26597969
-0.24576987
-0.24933225
-0.25024085
-0.2253995
-0.2284246
-0.22918884
-0.20031211
-0.20268177
-0.20323997
-0.17993652
-0.18174689
-0.18212552
-0.16364725
-0.16503759
-0.16528333
-0.21505307
-0.23380625
-0.24760535
-0.19176517
-0.20597505
-0.21584664
-0.17157764
-0.1795049
-0.18585867
-0.25376259
-0.25286987
-0.24920709
-0.22043732
-0.21984969
-0.21720536
-0.18896016
-0.18861404
-0.18679564
-0.15953166
-0.16077643
-0.16097373
-0.1644194
-0.16574268
-0.16595873
-0.16909272
-0.1705035
-0.17073691
-0.2503313
-0.25609025
-0.25896279
-0.21811326
-0.22245898
-0.22465524
-0.18751016
-0.1906777
-0.19231038
-0.25476788
-0.24263432
-0.225006
-0.22167628
-0.21321343
-0.19997845
-0.19050379
-0.185294
-0.17825086
-0.21268278
-0.21057576
-0.20650374
-0.18985764
-0.18815426
-0.18490001
-0.17158622
-0.17019685
-0.1675742
-0.16266179
-0.16670576
-0.17031831
-0.16504663
-0.16918599
-0.17290336
-0.16631613
-0.17049694
-0.17425861
-0.20478222
-0.21290728
-0.22011823
-0.22908082
-0.23840324
-0.24694996
-0.25750021
-0.2680856
-0.27802478
-0.25846132
-0.26726249
-0.27632805
-0.2242271
-0.22854378
-0.23483021
-0.1832379
-0.18522871
-0.188958
-0.26323243
-0.23367414
-0.20816479
-0.22310599
-0.19797051
-0.17633178
-0.17902254
-0.15867463
-0.14120054
-0.19379275
-0.18841882
-0.18268821
-0.16456581
-0.16103693
-0.15840891
-0.13204352
-0.13014054
-0.12910389
-0.19175183
-0.21437353
-0.24098772
-0.16741403
-0.1871772
-0.21049824
-0.13669492
-0.15296413
-0.17220345
-0.14930483
-0.1504451
-0.15297079
-0.13256778
-0.13351917
-0.13559152
-0.11842725
-0.11913696
-0.12073212
-0.18518121
-0.16709876
-0.15278717
-0.15699302
-0.14192119
-0.13068766
-0.12570965
-0.11391397
-0.10533398
-0.14699852
-0.1451543
-0.14395706
-0.12645195
-0.12562307
-0.1259981
-0.10204304
-0.10204227
-0.10305165
-0.1469877
-0.15723672
-0.17199163
-0.12921515
-0.13763338
-0.1502929
-0.10594035
-0.11256802
-0.12269518
-0.10629362
-0.10664079
-0.10768098
-0.097545896
-0.097400344
-0.097863592
-0.091596423
-0.090797488
-0.090780169
-0.19814764
-0.20053279
-0.20110289
-0.16763174
-0.16938687
-0.16975312
-0.13398987
-0.1351501
-0.13533051
-0.18898302
-0.16985307
-0.15468444
-0.15962555
-0.14369392
-0.13177717
-0.12725715
-0.1148471
-0.10579349
-0.14982055
-0.14970794
-0.1487289
-0.12813332
-0.12812058
-0.12748431
-0.10280472
-0.10286203
-0.10251841
-0.10886754
-0.10960473
-0.10966889
-0.098595357
-0.099076936
-0.09907042
-0.091143298
-0.091429875
-0.091367836
-0.13379016
-0.1345436
-0.13651905
-0.082573486
-0.082828161
-0.083768806
-0.028816591
-0.0288721
-0.029153931
-0.12894758
-0.11413786
-0.10147337
-0.078961643
-0.06982412
-0.062041949
-0.027452176
-0.024262959
-0.021553288
-0.095092899
-0.094226219
-0.093971192
-0.058226583
-0.057886716
-0.057880748
-0.020243808
-0.020157798
-0.020179939
-0.099610354
-0.11157269
-0.1257695
-0.061380722
-0.0687895
-0.077616117
-0.021402522
-0.023991399
-0.027082962
7.47784e-17
1.1245101e-16
1.0649636e-16
1.2778185e-16
1.3258611e-16
9.4517459e-17
1.2584456e-16
1.1797242e-16
1.3961307e-16
-0.090366909
-0.082046052
-0.076017355
-0.055270357
-0.050244308
-0.046591535
-0.01920555
-0.017469395
-0.016204982
-0.077364847
-0.082156814
-0.08942155
-0.047737746
-0.050683369
-0.055117963
-0.01665631
-0.017683074
-0.01922269
1.0972569e-16
1.182743e-16
1.3529136e-16
1.1211292e-16
1.2680046e-16
1.3447174e-16
1.168624e-16
1.1187837e-16
1.1393445e-16
-0.074029651
-0.072671947
-0.072194369
-0.073157651
-0.07127807
-0.070629832
-0.07317267
-0.071108876
-0.070351636
-0.045605465
-0.044669705
-0.044245407
-0.044974626
-0.043690021
-0.043140979
-0.04485924
-0.043441788
-0.042807596
-0.015899741
-0.015558243
-0.015388401
-0.015665548
-0.015197589
-0.01498158
-0.015604354
-0.015087443
-0.014838885
-0.31425419
-0.34141684
-0.36172965
-0.32238403
-0.35084443
-0.37228956
-0.32657825
-0.35564921
-0.37761803
-0.27816432
-0.30188648
-0.31928313
-0.28497377
-0.30976325
-0.32808287
-0.2884655
-0.313752
-0.33249369
-0.24668929
-0.26711882
-0.28165476
-0.25228002
-0.27355164
-0.28880221
-0.25513968
-0.2767989
-0.29237117
-0.19125788
-0.20044453
-0.20734676
-0.20223826
-0.21564341
-0.22448178
-0.2110509
-0.22651114
-0.23695729
-0.17348041
-0.18080656
-0.18596902
-0.18221043
-0.19269027
-0.19913877
-0.18891266
-0.20075566
-0.208226
-0.15925951
-0.16375772
-0.16739693
-0.16479507
-0.17069003
-0.17488965
-0.16965998
-0.17613582
-0.18086279
-0.21224416
-0.21488667
-0.21552615
-0.23047718
-0.23356629
-0.23432338
-0.24383449
-0.247318
-0.24816978
-0.18971498
-0.19173823
-0.19218048
-0.20360281
-0.20590677
-0.20642071
-0.21322657
-0.21575952
-0.21632301
-0.1701321
-0.17165863
-0.17194833
-0.17793149
-0.17957572
-0.17988947
-0.18416711
-0.18592668
-0.18626261
-0.21795462
-0.23466886
-0.24606566
-0.22240729
-0.23972411
-0.25161426
-0.22469617
-0.24228742
-0.25439461
-0.19432634
-0.20698484
-0.21502815
-0.19787915
-0.21091742
-0.2192447
-0.19972566
-0.21293729
-0.22138595
-0.17376447
-0.18057639
-0.18558022
-0.17657058
-0.18353628
-0.1886806
-0.17805016
-0.18508235
-0.19028632
-0.24265344
-0.25090418
-0.25928679
-0.21592607
-0.22318064
-0.23035488
-0.19316258
-0.19943541
-0.20543849
-0.21044717
-0.21449431
-0.22028983
-0.18718861
-0.19071975
-0.19562761
-0.16745716
-0.17042576
-0.17444361
-0.17188143
-0.17373584
-0.17715111
-0.15271931
-0.1542992
-0.15713736
-0.13649915
-0.13774933
-0.13998851
-0.17319692
-0.17833191
-0.18306613
-0.15820056
-0.16204631
-0.16550353
-0.14731938
-0.14936895
-0.15166695
-0.15031393
-0.15255104
-0.15557935
-0.13757945
-0.13890391
-0.14092425
-0.128815
-0.12891834
-0.1300578
-0.12250476
-0.12328809
-0.12484093
-0.11233878
-0.11250488
-0.1133494
-0.10543989
-0.10478571
-0.10502881
-0.18686882
-0.18894018
-0.1894063
-0.16836639
-0.16992661
-0.17022844
-0.15371284
-0.15485679
-0.15502334
-0.15821124
-0.15971512
-0.16000229
-0.14279259
-0.14387107
-0.14402454
-0.13128657
-0.1320299
-0.13207573
-0.12647278
-0.1274502
-0.12757891
-0.11442447
-0.11508907
-0.11512615
-0.10565189
-0.1060776
-0.10604327
-0.12541322
-0.12610498
-0.12789558
-0.111284
-0.1118433
-0.11329024
-0.099369155
-0.099749538
-0.10082841
-0.077363237
-0.077590719
-0.078433562
-0.068581598
-0.068747284
-0.069406993
-0.061204971
-0.061278626
-0.06173695
-0.026990473
-0.027038201
-0.027288554
-0.023915035
-0.023944308
-0.024135559
-0.021337618
-0.021337658
-0.021462882
-0.08919637
-0.089297885
-0.089941526
-0.08191384
-0.081628467
-0.081817033
-0.076941131
-0.076140662
-0.075955109
-0.054954469
-0.054875132
-0.055089608
-0.050512133
-0.05021618
-0.050174684
-0.047455601
-0.04686384
-0.046616292
-0.019162336
-0.019112213
-0.019156561
-0.017620463
-0.017498034
-0.017457401
-0.016554798
-0.016332852
-0.016224212
