MFEM mesh v1.0

#
# MFEM Geometry Types (see mesh/geom.hpp):
#
# POINT       = 0
# SEGMENT     = 1
# TRIANGLE    = 2
# SQUARE      = 3
# TETRAHEDRON = 4
# CUBE        = 5
#

dimension
3

elements
9
1 5 2 15 14 3 18 24 25 17
1 5 3 14 13 4 17 25 26 16
1 5 0 1 23 22 6 5 29 28
1 5 22 23 21 20 28 29 31 30
1 5 23 2 3 21 29 18 17 31
1 5 21 3 4 19 31 17 16 32
1 5 7 6 28 27 10 9 34 33
1 5 6 5 29 28 9 8 35 34
1 5 10 9 34 33 12 11 37 36

boundary
36
1 3 3 14 15 2
1 3 4 13 14 3
1 3 22 23 1 0
1 3 20 21 23 22
1 3 21 3 2 23
1 3 19 4 3 21
8 3 0 1 5 6
8 3 7 6 9 10
8 3 6 5 8 9
8 3 10 9 11 12
8 3 2 15 24 18
8 3 15 14 25 24
8 3 18 24 25 17
8 3 14 13 26 25
8 3 13 4 16 26
8 3 17 25 26 16
8 3 22 0 6 28
8 3 27 28 6 7
8 3 1 23 29 5
8 3 23 2 18 29
8 3 20 22 28 30
8 3 21 20 30 31
8 3 28 29 31 30
8 3 29 18 17 31
8 3 19 21 31 32
8 3 4 19 32 16
8 3 31 17 16 32
8 3 27 7 10 33
8 3 28 27 33 34
8 3 5 29 35 8
8 3 29 28 34 35
8 3 9 8 35 34
8 3 33 10 12 36
8 3 9 34 37 11
8 3 34 33 36 37
8 3 12 11 37 36

vertices
38

nodes
FiniteElementSpace
FiniteElementCollection: H1_3D_P4
VDim: 3
Ordering: 0

-0.70710678
-0.67227043
-0.67227043
-0.70710678
-0.67227043
-0.56415734
-0.5930304
-0.56415734
-0.47637389
-0.495475
-0.47637389
-0.41723435
-0.40615364
-0.37298049
-0.39717735
-0.37298049
-0.56285336
-0.59100202
-0.56285336
-0.84957113
-1
-0.91774188
-0.91774188
-0.84957113
-0.35883119
-0.37223613
-0.35883119
-0.69847424
-0.74521867
-0.69847424
-0.80045262
-0.74489218
-0.69847424
-0.56790914
-0.59803778
-0.56790914
-0.46325474
-0.47972374
-0.6278812
-0.53501952
-0.4314642
-0.39642918
-0.39095644
-0.38042078
-0.66207707
-0.56663459
-0.45868172
-0.68307557
-0.69823377
-0.70604267
-0.53127245
-0.46660471
-0.39710557
-0.36275769
-0.3686229
-0.37180052
-0.55685005
-0.48752518
-0.41313641
-0.59011109
-0.58363217
-0.5713527
-0.6485931
-0.61247847
-0.57941682
-0.37114633
-0.36717953
-0.36209601
-0.39283672
-0.38491267
-0.37678159
-0.68476855
-0.64590639
-0.60946048
-0.38042078
-0.39095644
-0.39642918
-0.6278812
-0.53501952
-0.4314642
-0.70604267
-0.69823377
-0.68307557
-0.37180052
-0.3686229
-0.36275769
-0.53127245
-0.46660471
-0.39710557
-0.5713527
-0.58363217
-0.59011109
-0.37114633
-0.36717953
-0.36209601
-0.6485931
-0.61247847
-0.57941682
-0.70604267
-0.69823377
-0.68307557
-0.70822101
-0.77112957
-0.82527783
-0.91563372
-0.90021342
-0.87053063
-0.74943575
-0.8239692
-0.88860063
-0.57287141
-0.58546773
-0.59211603
-0.59317006
-0.64187369
-0.6813163
-0.743797
-0.73338057
-0.71304858
-0.62476887
-0.67926621
-0.72504399
-0.68541143
-0.64742617
-0.61140713
-0.64900361
-0.61345019
-0.58066619
-0.82303509
-0.77264257
-0.72353198
-0.88671376
-0.82905214
-0.77349676
-0.91563372
-0.90021342
-0.87053063
-0.99744546
-0.97878093
-0.94295653
-0.99744546
-0.97878093
-0.94295653
-0.7129444
-0.73313501
-0.74348021
-0.79876775
-0.78638217
-0.76220793
-0.76242131
-0.78645543
-0.79877622
-0.88661269
-0.82881629
-0.77318865
-0.96370812
-0.89682196
-0.83286628
-0.70822101
-0.77112957
-0.82527783
-0.74943575
-0.8239692
-0.88860063
-0.59222802
-0.64142206
-0.68118931
-0.62323055
-0.67838257
-0.72456962
-0.70822101
-0.77112957
-0.82527783
-0.87053063
-0.90021342
-0.91563372
-0.59222802
-0.64142206
-0.68118931
-0.74348021
-0.73313501
-0.7129444
-0.82303509
-0.77264257
-0.72353198
-0.59211603
-0.58546773
-0.57287141
-0.71304858
-0.73338057
-0.743797
-0.59317006
-0.64187369
-0.6813163
-0.49487805
-0.49052079
-0.48218954
-0.51745313
-0.55460319
-0.58496907
-0.57744947
-0.59054243
-0.59714211
-0.49652174
-0.52997348
-0.55655823
-0.54792517
-0.51834327
-0.49039298
-0.57504123
-0.54216655
-0.51107865
-0.71772937
-0.66793663
-0.62132376
-0.67408276
-0.62989663
-0.58854699
-0.48218954
-0.49052079
-0.49487805
-0.49652174
-0.52997348
-0.55655823
-0.59714211
-0.59054243
-0.57744947
-0.54792517
-0.51834327
-0.49039298
-0.67408276
-0.62989663
-0.58854699
-0.416891
-0.41438734
-0.40956005
-0.43177284
-0.45500738
-0.47250916
-0.46854531
-0.47568847
-0.4792407
-0.41963551
-0.44101229
-0.45679402
-0.46288477
-0.43884384
-0.41688064
-0.4804563
-0.45366626
-0.42918375
-0.57563883
-0.53554585
-0.49831672
-0.54807175
-0.51261288
-0.47970536
-0.6610298
-0.56566212
-0.45784149
-0.65334976
-0.55853883
-0.45169272
-0.63846807
-0.54477698
-0.43984281
-0.60776441
-0.52123753
-0.42521082
-0.57521607
-0.4981429
-0.4140412
-0.5460493
-0.4772709
-0.40309696
-0.37774649
-0.38720134
-0.3921616
-0.37247139
-0.38021765
-0.38434787
-0.36640242
-0.37283389
-0.37630449
-0.44983773
-0.55067572
-0.64113424
-0.43466692
-0.52390099
-0.60578293
-0.42050247
-0.49973052
-0.57328284
-0.68364624
-0.67543845
-0.65967982
-0.64485285
-0.6371839
-0.62260353
-0.60851108
-0.60159581
-0.58849234
-0.53895738
-0.47287485
-0.40182484
-0.55012519
-0.48200377
-0.40884478
-0.55603791
-0.48685942
-0.41261607
-0.63846807
-0.54477698
-0.43984281
-0.65334976
-0.55853883
-0.45169272
-0.6610298
-0.56566212
-0.45784149
-0.3921616
-0.38720134
-0.37774649
-0.38434787
-0.38021765
-0.37247139
-0.37630449
-0.37283389
-0.36640242
-0.42521082
-0.52123753
-0.60776441
-0.4140412
-0.4981429
-0.57521607
-0.40309696
-0.4772709
-0.5460493
-0.65967982
-0.67543845
-0.68364624
-0.62260353
-0.6371839
-0.64485285
-0.58849234
-0.60159581
-0.60851108
-0.55603791
-0.48685942
-0.41261607
-0.55012519
-0.48200377
-0.40884478
-0.53895738
-0.47287485
-0.40182484
-0.8866454
-0.8723379
-0.84476821
-0.82234343
-0.81043561
-0.78743445
-0.74817327
-0.73891546
-0.72097901
-0.68428139
-0.67601976
-0.66015894
-0.64635491
-0.63855834
-0.62373816
-0.61043508
-0.60335695
-0.58994826
-0.68618689
-0.74840238
-0.80009162
-0.64771449
-0.70522874
-0.75210333
-0.61154484
-0.66327102
-0.70524497
-0.84265748
-0.87038638
-0.88474455
-0.7901262
-0.81467109
-0.8273214
-0.73908188
-0.76081576
-0.77197248
-0.85924919
-0.79800145
-0.72656304
-0.80462572
-0.74969679
-0.68495323
-0.75190784
-0.70306989
-0.64511689
-0.62377455
-0.61653887
-0.6027657
-0.67810787
-0.66964867
-0.65336733
-0.72371492
-0.71394731
-0.69494798
-0.9949051
-0.97634361
-0.94071385
-0.97634361
-0.95853051
-0.92431526
-0.94071385
-0.92431526
-0.89277756
-0.84262538
-0.87031039
-0.88464656
-0.79005086
-0.81449357
-0.82709257
-0.73898353
-0.76058393
-0.77167354
-0.91032432
-0.9438956
-0.96132413
-0.84985531
-0.87945668
-0.89473693
-0.79174108
-0.81771061
-0.83104963
-0.9613267
-0.94391787
-0.9103899
-0.89474295
-0.87950895
-0.85000868
-0.83105757
-0.81777939
-0.79194204
-0.7609253
-0.74991508
-0.72840579
-0.78484148
-0.77297069
-0.74977809
-0.7971015
-0.78477676
-0.76072094
-0.8866454
-0.82234343
-0.74817327
-0.8723379
-0.81043561
-0.73891546
-0.84476821
-0.78743445
-0.72097901
-0.80005247
-0.74826109
-0.68589105
-0.75201149
-0.704899
-0.64701994
-0.70512467
-0.66284241
-0.61064602
-0.72607808
-0.79772356
-0.85910161
-0.6838113
-0.74904865
-0.80428136
-0.64364654
-0.70223015
-0.7514592
-0.69471282
-0.65278592
-0.60164484
-0.71356135
-0.66887829
-0.61515789
-0.72325109
-0.67723794
-0.62225519
-0.84476821
-0.78743445
-0.72097901
-0.8723379
-0.81043561
-0.73891546
-0.8866454
-0.82234343
-0.74817327
-0.68589105
-0.74826109
-0.80005247
-0.64701994
-0.704899
-0.75201149
-0.61064602
-0.66284241
-0.70512467
-0.84262538
-0.87031039
-0.88464656
-0.79005086
-0.81449357
-0.82709257
-0.73898353
-0.76058393
-0.77167354
-0.72325109
-0.67723794
-0.62225519
-0.71356135
-0.66887829
-0.61515789
-0.69471282
-0.65278592
-0.60164484
-0.69494798
-0.71394731
-0.72371492
-0.65336733
-0.66964867
-0.67810787
-0.6027657
-0.61653887
-0.62377455
-0.55611279
-0.56794229
-0.57418394
-0.52555162
-0.53594472
-0.54141557
-0.49667537
-0.50569861
-0.51043026
-0.60490009
-0.65607187
-0.69890921
-0.56868009
-0.61393145
-0.65152912
-0.53454749
-0.57437522
-0.60714425
-0.71640617
-0.70670163
-0.68771944
-0.66679099
-0.65837419
-0.64183346
-0.620345
-0.61313755
-0.59889052
-0.65802084
-0.62101239
-0.57523894
-0.6157991
-0.58316361
-0.54260529
-0.57627965
-0.54768342
-0.51188888
-0.50295161
-0.51206774
-0.51680591
-0.53764655
-0.54836278
-0.55385503
-0.565549
-0.57788197
-0.58412486
-0.57418394
-0.56794229
-0.55611279
-0.54141557
-0.53594472
-0.52555162
-0.51043026
-0.50569861
-0.49667537
-0.57523894
-0.62101239
-0.65802084
-0.54260529
-0.58316361
-0.6157991
-0.51188888
-0.54768342
-0.57627965
-0.68771944
-0.70670163
-0.71640617
-0.64183346
-0.65837419
-0.66679099
-0.59889052
-0.61313755
-0.620345
-0.51680591
-0.51206774
-0.50295161
-0.55385503
-0.54836278
-0.53764655
-0.58412486
-0.57788197
-0.565549
-0.46825079
-0.475913
-0.4799097
-0.44339489
-0.4498551
-0.453208
-0.42067083
-0.42602867
-0.42880474
-0.50101576
-0.53559949
-0.56364657
-0.47171672
-0.50168521
-0.52550686
-0.44490501
-0.47045523
-0.49015853
-0.57482452
-0.5688103
-0.55683586
-0.53487417
-0.52990919
-0.51995596
-0.49777523
-0.49376375
-0.48569626
-0.53761231
-0.51296721
-0.48175341
-0.50377845
-0.48266995
-0.45546312
-0.47244893
-0.45480196
-0.43141818
-0.4234057
-0.42868479
-0.43140074
-0.44542808
-0.45150728
-0.45458689
-0.46183879
-0.46864669
-0.4720484
-0.61791632
-0.53023254
-0.43267967
-0.63249097
-0.54306202
-0.4434371
-0.64008798
-0.54975989
-0.44906236
-0.58443751
-0.5059261
-0.42019958
-0.59778251
-0.51715832
-0.42922117
-0.60481625
-0.52308811
-0.43400697
-0.55421173
-0.48399288
-0.40821568
-0.56611659
-0.4938038
-0.41584837
-0.57241278
-0.49901318
-0.41993493
-0.64008798
-0.54975989
-0.44906236
-0.63249097
-0.54306202
-0.4434371
-0.61791632
-0.53023254
-0.43267967
-0.60481625
-0.52308811
-0.43400697
-0.59778251
-0.51715832
-0.42922117
-0.58443751
-0.5059261
-0.42019958
-0.57241278
-0.49901318
-0.41993493
-0.56611659
-0.4938038
-0.41584837
-0.55421173
-0.48399288
-0.40821568
-0.72531955
-0.71618439
-0.69862519
-0.79646447
-0.78524346
-0.7636394
-0.85743214
-0.84409553
-0.81837171
-0.68378642
-0.67527512
-0.65904963
-0.74831576
-0.7382326
-0.71886762
-0.80301863
-0.79122309
-0.7683973
-0.64406485
-0.63637821
-0.62175725
-0.70183605
-0.69282352
-0.67549799
-0.75048769
-0.74004648
-0.71977525
-0.90830462
-0.89302437
-0.86353625
-0.94164646
-0.92502705
-0.89298223
-0.95895905
-0.94162678
-0.90824182
-0.84817865
-0.83474232
-0.80866758
-0.87752017
-0.86293443
-0.8346437
-0.8926717
-0.87747398
-0.84803173
-0.79033623
-0.77852483
-0.75550146
-0.81604212
-0.80327645
-0.77839571
-0.82925245
-0.81598135
-0.79014376
-0.81829871
-0.76345702
-0.6982712
-0.8439755
-0.78500109
-0.71574839
-0.85728778
-0.79619094
-0.72484036
-0.76822671
-0.71844202
-0.65821972
-0.79094288
-0.73766755
-0.67425028
-0.80268189
-0.7476777
-0.68265855
-0.7195527
-0.67494595
-0.62068678
-0.73968135
-0.69209148
-0.6350584
-0.75004899
-0.70100939
-0.64261262
-0.85728778
-0.79619094
-0.72484036
-0.8439755
-0.78500109
-0.71574839
-0.81829871
-0.76345702
-0.6982712
-0.80268189
-0.7476777
-0.68265855
-0.79094288
-0.73766755
-0.67425028
-0.76822671
-0.71844202
-0.65821972
-0.75004899
-0.70100939
-0.64261262
-0.73968135
-0.69209148
-0.6350584
-0.7195527
-0.67494595
-0.62068678
-0.5842641
-0.59718568
-0.60397104
-0.63180873
-0.64707042
-0.6549892
-0.67079478
-0.68855649
-0.69767113
-0.55055904
-0.56191854
-0.56786609
-0.59267094
-0.60606353
-0.61298607
-0.62700676
-0.64252551
-0.65045385
-0.51883147
-0.52870015
-0.53384505
-0.55597338
-0.56758839
-0.57356141
-0.58601463
-0.59941546
-0.60622324
-0.60397104
-0.59718568
-0.5842641
-0.6549892
-0.64707042
-0.63180873
-0.69767113
-0.68855649
-0.67079478
-0.56786609
-0.56191854
-0.55055904
-0.61298607
-0.60606353
-0.59267094
-0.65045385
-0.64252551
-0.62700676
-0.53384505
-0.52870015
-0.51883147
-0.57356141
-0.56758839
-0.55597338
-0.60622324
-0.59941546
-0.58601463
-0.48769225
-0.49607778
-0.50042386
-0.5200454
-0.52988829
-0.53491635
-0.54588439
-0.55718026
-0.56287813
-0.46050486
-0.46757633
-0.47122059
-0.48865734
-0.49692114
-0.50111568
-0.51073205
-0.5201516
-0.524871
-0.43562056
-0.44148143
-0.44449574
-0.45975458
-0.46654902
-0.46998922
-0.47814716
-0.48581392
-0.48964397
-3.1225023e-17
0.31000795
0.67227043
0.70710678
0.67227043
0.23441303
8.3259776e-17
-0.23441303
0.1608673
2.2566351e-16
-0.1608673
2.4629561e-16
-0.11334521
0.84957113
0.91774188
0.84957113
0.45836192
0.48748206
0.45836192
0.37298049
1.0842022e-18
0.39717735
-4.7704896e-18
0.37298049
0.57561662
0.62103112
0.57561662
-0.25688057
1.4284606e-16
0.25688057
1.2352241e-16
0.27142383
0.25688057
-0.17478571
1.6533649e-16
0.17478571
-0.12024882
2.5553119e-16
0.70822101
0.77112957
0.82527783
0.91563372
0.90021342
0.87053063
0.74943575
0.8239692
0.88860063
0.68307557
0.69823377
0.70604267
0.48466057
0.52743947
0.56119817
0.58976991
0.60952228
0.61965044
0.51673882
0.56524366
0.60433819
0.48656309
0.47986961
0.46716788
0.62694424
0.55366045
0.48922588
0.79526143
0.70009654
0.61581707
0.85846734
0.75554274
0.66454796
0.66371707
0.58810736
0.52030098
0.87053063
0.90021342
0.91563372
0.70822101
0.77112957
0.82527783
0.70604267
0.69823377
0.68307557
0.61965044
0.60952228
0.58976991
0.48466057
0.52743947
0.56119817
0.46716788
0.47986961
0.48656309
0.79526143
0.70009654
0.61581707
0.62694424
0.55366045
0.48922588
0.054840668
0.15792154
0.25848698
0.32278198
0.34512795
0.36435579
0.066774181
0.19175207
0.31218017
-8.6466182e-18
-1.5612511e-17
-9.5409791e-18
0.19708091
0.12176004
0.042514507
0.23651895
0.24335275
0.25226486
0.046091329
0.13229729
0.21517327
1.1791738e-16
3.1384402e-17
6.4435822e-17
1.0829819e-16
1.5429857e-16
1.2003987e-16
0.30666509
0.27990092
0.24999635
0.349983
0.3100508
0.27427826
9.1660885e-17
1.7527578e-17
7.4945206e-17
0.39642918
0.39095644
0.38042078
0.071432212
0.20490947
0.33291588
4.98733e-18
4.2961511e-18
8.6672646e-19
0.26116865
0.26752909
0.27095366
0.048579813
0.13953172
0.22719501
2.0146197e-16
7.9413792e-17
1.2654945e-16
0.37222683
0.32881551
0.29011099
7.7481481e-17
4.2383494e-17
9.4476609e-17
0.6278812
0.53501952
0.4314642
0.66207707
0.56663459
0.45868172
0.4293151
0.367219
0.29688218
0.45573413
0.38890674
0.31391663
0.6278812
0.53501952
0.4314642
0.38042078
0.39095644
0.39642918
0.4293151
0.367219
0.29688218
0.27095366
0.26752909
0.26116865
0.349983
0.3100508
0.27427826
-0.042514507
-0.12176004
-0.19708091
-0.21517327
-0.13229729
-0.046091329
-0.23651895
-0.24335275
-0.25226486
-0.029134115
-0.083474693
-0.13520491
2.1779538e-16
2.1433767e-16
2.1526518e-16
-0.14617313
-0.089641156
-0.031184901
-0.16214415
-0.16646321
-0.17195521
-0.21983434
-0.19424153
-0.17162696
1.2638626e-16
1.2345168e-16
1.8595138e-16
1.3295521e-16
1.3148429e-16
1.354188e-16
-0.24049798
-0.21203827
-0.18683894
0.13520491
0.083474693
0.029134115
0.16214415
0.16646321
0.17195521
0.031184901
0.089641156
0.14617313
0.21983434
0.19424153
0.17162696
0.24049798
0.21203827
0.18683894
-0.020454359
-0.05864994
-0.095153291
2.3597269e-16
2.7209549e-16
2.7501336e-16
-0.10038993
-0.061424271
-0.021347031
-0.11398714
-0.11611165
-0.11883121
-0.15089348
-0.13404733
-0.11981455
2.1563487e-16
2.331469e-16
2.2333187e-16
1.7895295e-16
2.0247097e-16
2.133645e-16
-0.16355238
-0.14439285
-0.12790452
0.74817327
0.82234343
0.8866454
0.73891546
0.81043561
0.8723379
0.72097901
0.78743445
0.84476821
0.66305283
0.72312026
0.77310676
0.58571189
0.63862707
0.68144528
0.51744958
0.56345734
0.6000776
0.81475
0.84226753
0.85651725
0.71729718
0.7414173
0.75384581
0.63098806
0.65218156
0.66306375
0.83215917
0.77314248
0.70387572
0.73371106
0.68379907
0.62367018
0.64627466
0.60381269
0.55161306
0.66257648
0.65424131
0.63822018
0.58702535
0.57913753
0.56411699
0.51932
0.51217757
0.49862205
0.49442684
0.53909731
0.57463657
0.50840992
0.55555375
0.59338882
0.51573336
0.56407812
0.60302618
0.72097901
0.78743445
0.84476821
0.73891546
0.81043561
0.8723379
0.74817327
0.82234343
0.8866454
0.85651725
0.84226753
0.81475
0.75384581
0.7414173
0.71729718
0.66306375
0.65218156
0.63098806
0.77310676
0.72312026
0.66305283
0.68144528
0.63862707
0.58571189
0.6000776
0.56345734
0.51744958
0.63822018
0.65424131
0.66257648
0.56411699
0.57913753
0.58702535
0.49862205
0.51217757
0.51932
0.51573336
0.56407812
0.60302618
0.50840992
0.55555375
0.59338882
0.49442684
0.53909731
0.57463657
0.065123692
0.18708359
0.30480318
0.061462548
0.17671588
0.28838346
0.057239495
0.16473627
0.26934696
0.054732731
0.15730621
0.25646116
0.050433462
0.14464951
0.23482475
0.045287969
0.12973748
0.2101173
0.31057155
0.32602138
0.34222881
0.28234295
0.29177496
0.30391455
0.25189887
0.25944797
0.26918135
0.29302267
0.18005167
0.062712163
0.25969274
0.15965993
0.05562472
0.22976484
0.14128332
0.049225592
2.6747688e-17
2.6036995e-17
4.1165664e-17
5.746402e-17
1.7086961e-17
7.4971549e-17
6.9804653e-17
1.0173752e-16
8.567827e-17
0.042866939
0.12278379
0.19880782
0.043920091
0.12590214
0.20422884
0.045332468
0.13007053
0.21140128
0.071287575
0.20450132
0.33227387
0.070230762
0.20151832
0.32757928
0.068202148
0.19578843
0.31855002
0.35674363
0.36644583
0.37153162
0.31565186
0.32385199
0.32821669
0.27894049
0.28587305
0.28959764
0.31197325
0.19198096
0.066916059
0.2754829
0.16942207
0.059032034
0.24291904
0.14926735
0.051984657
2.3326502e-17
6.7675812e-17
8.9616531e-17
9.5910282e-17
9.4113866e-17
3.3939722e-17
1.230224e-16
6.1502526e-17
6.3544759e-17
0.046808857
0.13439465
0.21869117
0.047899651
0.13756444
0.22395552
0.048496931
0.13929287
0.22680209
0.45784149
0.56566212
0.6610298
0.45169272
0.55853883
0.65334976
0.43984281
0.54477698
0.63846807
0.40475325
0.50134129
0.58706349
0.35837442
0.44337608
0.51846751
0.3169871
0.39203452
0.45831859
0.62092918
0.53116425
0.42989955
0.5498792
0.46984219
0.3799292
0.48643304
0.41527038
0.33540945
0.30192466
0.37371215
0.43725702
0.30937635
0.38317776
0.44878884
0.31336699
0.38821547
0.45489575
0.43984281
0.54477698
0.63846807
0.45169272
0.55853883
0.65334976
0.45784149
0.56566212
0.6610298
0.58706349
0.50134129
0.40475325
0.51846751
0.44337608
0.35837442
0.45831859
0.39203452
0.3169871
0.35674363
0.36644583
0.37153162
0.31565186
0.32385199
0.32821669
0.27894049
0.28587305
0.28959764
0.31336699
0.38821547
0.45489575
0.30937635
0.38317776
0.44878884
0.30192466
0.37371215
0.43725702
-0.21140128
-0.13007053
-0.045332468
-0.20422884
-0.12590214
-0.043920091
-0.19880782
-0.12278379
-0.042866939
-0.18487982
-0.11425854
-0.039902606
-0.1633539
-0.10095278
-0.035254266
-0.14428798
-0.089120093
-0.031112063
1.408529e-16
1.5891618e-16
9.9346193e-17
1.2469693e-16
1.7013702e-16
1.1794727e-16
1.3642387e-16
1.9248773e-16
1.3966699e-16
-0.043131669
-0.12381792
-0.20142726
-0.037967644
-0.10903887
-0.17751197
-0.033380656
-0.095920567
-0.15631554
-0.2362348
-0.22806118
-0.22169958
-0.20839491
-0.20137544
-0.19587312
-0.18373722
-0.17773848
-0.17302002
-0.13624439
-0.084082402
-0.029341739
-0.13960267
-0.085951678
-0.029960793
-0.14391135
-0.088356097
-0.030756429
0.039902606
0.11425854
0.18487982
0.035254266
0.10095278
0.1633539
0.031112063
0.089120093
0.14428798
0.22169958
0.22806118
0.2362348
0.19587312
0.20137544
0.20839491
0.17302002
0.17773848
0.18373722
0.20142726
0.12381792
0.043131669
0.17751197
0.10903887
0.037967644
0.15631554
0.095920567
0.033380656
0.029341739
0.084082402
0.13624439
0.029960793
0.085951678
0.13960267
0.030756429
0.088356097
0.14391135
-0.12678555
-0.078240369
-0.027300299
-0.11256838
-0.069408735
-0.024208436
-0.10058042
-0.061990694
-0.021617536
2.3095533e-16
2.1194791e-16
1.8443357e-16
2.3211049e-16
2.2800992e-16
1.8718382e-16
2.5283765e-16
2.7132552e-16
2.6380081e-16
-0.029139583
-0.083790631
-0.13671992
-0.02566374
-0.07383564
-0.1206103
-0.022702499
-0.065330867
-0.10678067
-0.16098102
-0.1559836
-0.15205021
-0.14229552
-0.13820877
-0.13499047
-0.12625939
-0.12306748
-0.12055805
-0.095665449
-0.05894128
-0.020552809
-0.097245388
-0.059764287
-0.020815557
-0.099290348
-0.060831192
-0.021155184
0.6756384
0.73853543
0.79135399
0.69339857
0.76031283
0.81704037
0.70261859
0.77159935
0.83034469
0.5973023
0.65254793
0.69766891
0.61384051
0.67220841
0.72039002
0.62248564
0.68240518
0.73211344
0.52787125
0.5759063
0.61446344
0.54275068
0.59346678
0.63453896
0.55054618
0.60256898
0.64486912
0.70261859
0.77159935
0.83034469
0.69339857
0.76031283
0.81704037
0.6756384
0.73853543
0.79135399
0.62248564
0.68240518
0.73211344
0.61384051
0.67220841
0.72039002
0.5973023
0.65254793
0.69766891
0.55054618
0.60256898
0.64486912
0.54275068
0.59346678
0.63453896
0.52787125
0.5759063
0.61446344
0.05544771
0.15934409
0.25976128
0.058278759
0.16742083
0.27275453
0.061265123
0.17593244
0.28643461
0.050853445
0.14586113
0.23684166
0.052446269
0.15047826
0.2445434
0.054539726
0.15653268
0.25456782
0.045598072
0.1306423
0.21166068
0.046789423
0.13414996
0.21768844
0.048367886
0.13878111
0.22557096
0.063977622
0.18365069
0.29876044
0.065813952
0.18886035
0.30703441
0.066782563
0.19160403
0.31137652
0.056625564
0.16253846
0.26437936
0.058117412
0.16681126
0.27128743
0.058920837
0.16910562
0.27497463
0.050020878
0.14359652
0.23360943
0.051231911
0.1470994
0.23937724
0.051892548
0.14900308
0.24248763
0.4123936
0.51044555
0.59738908
0.4233709
0.52344577
0.61216717
0.42911063
0.53023462
0.61987165
0.36482172
0.45135299
0.52795158
0.37424424
0.46290039
0.5416607
0.37924117
0.46900438
0.54888663
0.32242817
0.39897463
0.46674708
0.33049837
0.40912802
0.47903408
0.33481197
0.41452637
0.48553592
0.42911063
0.53023462
0.61987165
0.4233709
0.52344577
0.61216717
0.4123936
0.51044555
0.59738908
0.37924117
0.46900438
0.54888663
0.37424424
0.46290039
0.5416607
0.36482172
0.45135299
0.52795158
0.33481197
0.41452637
0.48553592
0.33049837
0.40912802
0.47903408
0.32242817
0.39897463
0.46674708
-0.18639992
-0.11515439
-0.040209911
-0.19142362
-0.11802435
-0.041174901
-0.19795998
-0.12178784
-0.042443057
-0.16468504
-0.10173584
-0.035522603
-0.16900355
-0.1041768
-0.036338181
-0.1745718
-0.10734001
-0.037395746
-0.14542199
-0.089784727
-0.031339285
-0.14910399
-0.09184613
-0.03202416
-0.15382834
-0.094499171
-0.032905157
0.040209911
0.11515439
0.18639992
0.041174901
0.11802435
0.19142362
0.042443057
0.12178784
0.19795998
0.035522603
0.10173584
0.16468504
0.036338181
0.1041768
0.16900355
0.037395746
0.10734001
0.1745718
0.031339285
0.089784727
0.14542199
0.03202416
0.09184613
0.14910399
0.032905157
0.094499171
0.15382834
-0.12772416
-0.078787221
-0.027486719
-0.13076953
-0.080471355
-0.028042434
-0.1346724
-0.082634276
-0.028755309
-0.11332972
-0.069848642
-0.024357914
-0.11579512
-0.071190449
-0.024796887
-0.11895344
-0.072912391
-0.025359252
-0.10117544
-0.062331183
-0.021732753
-0.1030662
-0.0633356
-0.022057045
-0.10549477
-0.064627671
-0.022473107
-0.70710678
-0.67227043
-0.31000795
-3.1225023e-17
0.31000795
-0.45560022
-0.48424752
-0.45560022
-0.31136231
-0.32993951
-0.31136231
-0.22662754
-0.21613735
0.37298049
-7.1557343e-18
-0.37298049
0.23339253
9.7197078e-19
-0.23339253
0.37298049
4.5536491e-18
-2.4286129e-17
-0.39717735
-0.37298049
-0.24331101
-1.8222092e-17
0.24331101
-0.25571549
-0.2701723
-0.25571549
7.0682756e-17
2.6302809e-17
0.25571549
-0.17346291
-0.18216265
-0.17346291
-0.11908157
-0.12353354
-0.32278198
-0.34512795
-0.36435579
-0.066774181
-0.19175207
-0.31218017
-8.8271421e-19
2.4123498e-18
1.0516761e-17
-0.25848698
-0.15792154
-0.054840668
-0.23296657
-0.23527615
-0.24040784
-0.20362792
-0.12507232
-0.043557668
8.0258034e-17
-4.8812895e-18
1.2031515e-17
-0.042346745
-0.12126746
-0.19624752
-0.30642472
-0.27927226
-0.24908576
-0.34445192
-0.29867292
-0.26089093
3.0785294e-17
1.0910478e-17
-2.3590693e-17
-3.0184301e-17
-1.1262441e-16
-4.6381161e-17
0.31218017
0.19175207
0.066774181
0.32278198
0.34512795
0.36435579
0.054840668
0.15792154
0.25848698
0.043557668
0.12507232
0.20362792
0.23296657
0.23527615
0.24040784
0.19624752
0.12126746
0.042346745
0.34445192
0.29867292
0.26089093
0.30642472
0.27927226
0.24908576
-0.70604267
-0.69823377
-0.68307557
-0.6278812
-0.53501952
-0.4314642
-0.39642918
-0.39095644
-0.38042078
-0.66207707
-0.56663459
-0.45868172
-0.46427223
-0.4767668
-0.48334486
-0.42688396
-0.36534368
-0.2954875
-0.26970531
-0.2663028
-0.25998031
-0.45294329
-0.38682007
-0.31240194
-0.66283404
-0.58591723
-0.51730779
-0.62616349
-0.55176873
-0.48666654
-0.34968884
-0.30930815
-0.2732258
-0.37190798
-0.3280121
-0.28897681
-0.066774181
-0.19175207
-0.31218017
-8.6037372e-18
-2.2795351e-17
-1.9515639e-18
-0.071432212
-0.20490947
-0.33291588
-0.21422538
-0.1317373
-0.045900099
6.4068601e-17
2.6182305e-17
-2.6045883e-17
-0.22618656
-0.13894376
-0.04838036
1.4320561e-18
1.4386942e-17
-3.0936298e-17
1.3704602e-17
-5.8099458e-17
-9.7107067e-18
-0.32278198
-0.34512795
-0.36435579
-1.0408341e-17
8.2399365e-18
-1.7018586e-17
-0.23546644
-0.24225316
-0.25112298
5.3319264e-17
-5.5199803e-17
1.2954929e-17
0.32278198
0.34512795
0.36435579
0.31218017
0.19175207
0.066774181
0.23546644
0.24225316
0.25112298
0.045900099
0.1317373
0.21422538
0.34968884
0.30930815
0.2732258
-0.48334486
-0.4767668
-0.46427223
-0.25998031
-0.2663028
-0.26970531
-0.42688396
-0.36534368
-0.2954875
-0.3293631
-0.32514685
-0.31704664
-0.30845894
-0.26267507
-0.21118492
-0.17604584
-0.17985132
-0.18188411
-0.29162943
-0.24903778
-0.2008038
-0.42643515
-0.37630536
-0.33230897
-0.45321993
-0.39967272
-0.35248389
-0.25252151
-0.22200757
-0.19505504
-0.23925185
-0.21071098
-0.18550198
-0.31704664
-0.32514685
-0.3293631
-0.29162943
-0.24903778
-0.2008038
-0.18188411
-0.17985132
-0.17604584
-0.42643515
-0.37630536
-0.33230897
-0.23925185
-0.21071098
-0.18550198
-0.22630552
-0.22395207
-0.21938478
-0.21183865
-0.17963025
-0.14360731
-0.1203903
-0.12233846
-0.12338902
-0.20240951
-0.17223151
-0.1381924
-0.29186293
-0.25859295
-0.22973249
-0.30890231
-0.27286912
-0.24146498
-0.17013507
-0.14957585
-0.13181275
-0.16225219
-0.14314676
-0.12671274
-0.057239495
-0.061462548
-0.065123692
-0.16473627
-0.17671588
-0.18708359
-0.26934696
-0.28838346
-0.30480318
-0.30919917
-0.32267013
-0.33736752
-0.27945687
-0.28493019
-0.29393016
-0.24846073
-0.25147081
-0.25746937
-0.28838552
-0.17719419
-0.061717594
-0.25006817
-0.15367789
-0.05353291
-0.2183803
-0.13416742
-0.046731278
1.6007046e-17
-4.087197e-18
3.5321798e-18
-3.9706807e-18
8.2036873e-18
-6.1358114e-17
-9.2978104e-18
-1.2470507e-17
-6.4987193e-18
-0.054693771
-0.15719147
-0.25626751
-0.050331605
-0.14434957
-0.23431463
-0.045139586
-0.12930086
-0.20937598
-0.19586372
-0.19748489
-0.20136339
-0.1209994
-0.1217695
-0.1238349
-0.042250883
-0.042484202
-0.043152254
0.26934696
0.28838346
0.30480318
0.16473627
0.17671588
0.18708359
0.057239495
0.061462548
0.065123692
0.061717594
0.17719419
0.28838552
0.05353291
0.15367789
0.25006817
0.046731278
0.13416742
0.2183803
0.33736752
0.32267013
0.30919917
0.29393016
0.28493019
0.27945687
0.25746937
0.25147081
0.24846073
0.25626751
0.15719147
0.054693771
0.23431463
0.14434957
0.050331605
0.20937598
0.12930086
0.045139586
0.042250883
0.042484202
0.043152254
0.1209994
0.1217695
0.1238349
0.19586372
0.19748489
0.20136339
-0.45784149
-0.45169272
-0.43984281
-0.56566212
-0.55853883
-0.54477698
-0.6610298
-0.65334976
-0.63846807
-0.66169682
-0.65338697
-0.63741008
-0.58484559
-0.57703109
-0.56214112
-0.51634169
-0.50930519
-0.49593944
-0.5863855
-0.50084008
-0.40439473
-0.51682428
-0.44214051
-0.3574764
-0.45607614
-0.39032068
-0.31572261
-0.35644226
-0.36613379
-0.37121358
-0.3148922
-0.32306578
-0.3274154
-0.2778657
-0.28476246
-0.2884664
-0.4295093
-0.53061506
-0.62017941
-0.3789495
-0.46847201
-0.54801295
-0.33403288
-0.4133624
-0.48386225
-0.45211726
-0.4460985
-0.4347239
-0.3861362
-0.38115074
-0.37177782
-0.31185656
-0.30789618
-0.30049718
-0.071287575
-0.070230762
-0.068202148
-0.20450132
-0.20151832
-0.19578843
-0.33227387
-0.32757928
-0.31855002
-0.29278619
-0.17991423
-0.062665562
-0.25909334
-0.15930966
-0.055505734
-0.22891099
-0.14078095
-0.049054383
3.6804835e-17
-6.058654e-17
-3.9788136e-17
3.3098425e-17
4.9656208e-17
-1.5167181e-17
-3.672614e-17
-1.4707762e-17
-6.4354752e-17
-0.066867019
-0.19183515
-0.31171904
-0.058906846
-0.16905099
-0.27483989
-0.051805411
-0.14873788
-0.24200747
-0.22579589
-0.22296502
-0.21772727
-0.13870596
-0.13698486
-0.13382727
-0.048297791
-0.047702656
-0.046615438
-0.065123692
-0.061462548
-0.057239495
-0.18708359
-0.17671588
-0.16473627
-0.30480318
-0.28838346
-0.26934696
-0.3419416
-0.32574996
-0.31032039
-0.30318927
-0.2910842
-0.28169202
-0.26815115
-0.25845985
-0.25095738
-3.8081614e-17
-2.7289872e-17
3.8482901e-17
-4.1926836e-17
-2.2852373e-17
-2.0477111e-17
-1.992484e-17
-2.0947816e-17
-1.8645435e-17
-0.21046977
-0.20332829
-0.19794667
-0.12951832
-0.12536678
-0.12227345
-0.045143672
-0.043736992
-0.042692796
0.30480318
0.28838346
0.26934696
0.18708359
0.17671588
0.16473627
0.065123692
0.061462548
0.057239495
0.31032039
0.32574996
0.3419416
0.28169202
0.2910842
0.30318927
0.25095738
0.25845985
0.26815115
0.29278619
0.17991423
0.062665562
0.25909334
0.15930966
0.055505734
0.22891099
0.14078095
0.049054383
0.045143672
0.043736992
0.042692796
0.12951832
0.12536678
0.12227345
0.21046977
0.20332829
0.19794667
-0.30049718
-0.30789618
-0.31185656
-0.37177782
-0.38115074
-0.3861362
-0.4347239
-0.4460985
-0.45211726
-0.4345465
-0.44622988
-0.4523766
-0.38340181
-0.39359387
-0.39894003
-0.33846382
-0.34726196
-0.35185551
-0.42392179
-0.36190781
-0.29209928
-0.37379433
-0.31885392
-0.25700471
-0.32958565
-0.28084803
-0.22601008
-0.25209108
-0.24896587
-0.24315735
-0.22164283
-0.21898858
-0.21404534
-0.19474803
-0.19251161
-0.18833164
-0.27650956
-0.34194891
-0.39961624
-0.24363834
-0.30154637
-0.35260099
-0.21464332
-0.26598875
-0.31130215
-0.29674266
-0.30409086
-0.30793238
-0.25316541
-0.25911777
-0.26224667
-0.20389962
-0.2084438
-0.21085298
-0.4523766
-0.44622988
-0.4345465
-0.39894003
-0.39359387
-0.38340181
-0.35185551
-0.34726196
-0.33846382
-0.39961624
-0.34194891
-0.27650956
-0.35260099
-0.30154637
-0.24363834
-0.31130215
-0.26598875
-0.21464332
-0.24315735
-0.24896587
-0.25209108
-0.21404534
-0.21898858
-0.22164283
-0.18833164
-0.19251161
-0.19474803
-0.30793238
-0.30409086
-0.29674266
-0.26224667
-0.25911777
-0.25316541
-0.21085298
-0.2084438
-0.20389962
-0.29709471
-0.30452222
-0.30837635
-0.26300367
-0.26922293
-0.27243161
-0.23337191
-0.23847819
-0.241107
-0.28874533
-0.24571657
-0.19734868
-0.25500239
-0.21669443
-0.17368557
-0.22565082
-0.19148451
-0.15318517
-0.16988317
-0.16804391
-0.16459595
-0.14937058
-0.14787135
-0.14505997
-0.13164898
-0.13045331
-0.12822321
-0.18791686
-0.233261
-0.27332256
-0.16595074
-0.20636551
-0.24210739
-0.14700973
-0.18312221
-0.21508675
-0.20530326
-0.2094147
-0.2115462
-0.17448201
-0.17770826
-0.17939835
-0.13979819
-0.14216982
-0.14343232
-0.25861359
-0.27003372
-0.28238315
-0.15866428
-0.16579737
-0.17346966
-0.055212843
-0.057721312
-0.06040991
-0.2344797
-0.23890875
-0.24618326
-0.14444989
-0.14707771
-0.15137715
-0.050368814
-0.051271458
-0.05274397
-0.20880342
-0.21104179
-0.21566387
-0.12891931
-0.13009329
-0.13264158
-0.045002302
-0.0453816
-0.046222374
0.055212843
0.057721312
0.06040991
0.15866428
0.16579737
0.17346966
0.25861359
0.27003372
0.28238315
0.050368814
0.051271458
0.05274397
0.14444989
0.14707771
0.15137715
0.2344797
0.23890875
0.24618326
0.045002302
0.0453816
0.046222374
0.12891931
0.13009329
0.13264158
0.20880342
0.21104179
0.21566387
-0.61912452
-0.61143823
-0.59669171
-0.52968705
-0.52290981
-0.50993039
-0.42872147
-0.42298938
-0.41202601
-0.54702811
-0.53985714
-0.52624543
-0.46763882
-0.46156764
-0.45007898
-0.37826428
-0.37328741
-0.36390065
-0.48297641
-0.47655504
-0.46441144
-0.41262513
-0.40727453
-0.39720612
-0.33343934
-0.32915375
-0.3211327
-0.31112295
-0.30678527
-0.29851909
-0.19145852
-0.188717
-0.18351098
-0.066733621
-0.065765641
-0.063930375
-0.27433318
-0.27065701
-0.26376807
-0.1687353
-0.1664463
-0.16218255
-0.058795882
-0.05799405
-0.056504899
-0.24157818
-0.2384826
-0.23274012
-0.14847461
-0.14657797
-0.14308688
-0.051713605
-0.051055047
-0.049847505
-0.28620325
-0.27253429
-0.25955601
-0.17579736
-0.16729133
-0.15922289
-0.06121925
-0.058234704
-0.055406309
-0.25398099
-0.24398178
-0.23631172
-0.15618845
-0.15014738
-0.1455491
-0.054422636
-0.052333607
-0.050747278
-0.22473297
-0.21688124
-0.21089191
-0.13828634
-0.13367189
-0.13018832
-0.048199068
-0.046626221
-0.045443402
0.06121925
0.058234704
0.055406309
0.17579736
0.16729133
0.15922289
0.28620325
0.27253429
0.25955601
0.054422636
0.052333607
0.050747278
0.15618845
0.15014738
0.1455491
0.25398099
0.24398178
0.23631172
0.048199068
0.046626221
0.045443402
0.13828634
0.13367189
0.13018832
0.22473297
0.21688124
0.21089191
-0.40691843
-0.41753681
-0.4231488
-0.34792013
-0.35663803
-0.36127026
-0.28111522
-0.28794235
-0.29159398
-0.3589897
-0.3682465
-0.37312387
-0.30674364
-0.31430118
-0.31830419
-0.2475993
-0.25345142
-0.25657356
-0.31683855
-0.32482395
-0.32901077
-0.27047169
-0.27695944
-0.28037899
-0.21802411
-0.22300107
-0.2256451
-0.4231488
-0.41753681
-0.40691843
-0.36127026
-0.35663803
-0.34792013
-0.29159398
-0.28794235
-0.28111522
-0.37312387
-0.3682465
-0.3589897
-0.31830419
-0.31430118
-0.30674364
-0.25657356
-0.25345142
-0.2475993
-0.32901077
-0.32482395
-0.31683855
-0.28037899
-0.27695944
-0.27047169
-0.2256451
-0.22300107
-0.21802411
-0.27802313
-0.28475597
-0.28826483
-0.23704161
-0.2424773
-0.24532676
-0.19073449
-0.19486317
-0.19704771
-0.24606072
-0.25168681
-0.25460338
-0.20951533
-0.21402053
-0.21637287
-0.16826597
-0.17165123
-0.17343918
-0.21833549
-0.22294091
-0.22532493
-0.1856747
-0.18931992
-0.19122429
-0.14885239
-0.1515552
-0.15298755
