MFEM mesh v1.0

#
# MFEM Geometry Types (see mesh/geom.hpp):
#
# POINT       = 0
# SEGMENT     = 1
# TRIANGLE    = 2
# SQUARE      = 3
# TETRAHEDRON = 4
# CUBE        = 5
#

dimension
3

elements
6
1 5 3 4 17 16 1 2 7 6
1 5 15 16 19 18 5 6 9 8
1 5 16 17 20 19 6 7 10 9
1 5 18 19 22 21 8 9 12 11
1 5 0 14 13 1 5 23 24 6
1 5 5 23 24 6 8 25 26 9

boundary
26
1 3 3 4 2 1
1 3 1 13 14 0
32 3 16 17 4 3
32 3 18 19 16 15
32 3 19 20 17 16
32 3 21 22 19 18
32 3 16 3 1 6
32 3 15 16 6 5
32 3 1 0 5 6
32 3 4 17 7 2
32 3 1 2 7 6
32 3 18 15 5 8
32 3 17 20 10 7
32 3 20 19 9 10
32 3 6 7 10 9
32 3 21 18 8 11
32 3 19 22 12 9
32 3 22 21 11 12
32 3 8 9 12 11
32 3 0 14 23 5
32 3 14 13 24 23
32 3 13 1 6 24
32 3 5 23 25 8
32 3 23 24 26 25
32 3 24 6 9 26
32 3 8 25 26 9

vertices
27

nodes
FiniteElementSpace
FiniteElementCollection: H1_3D_P4
VDim: 3
Ordering: 0

-0.31000795
-3.1225023e-17
0.30998466
-1.3010426e-18
0.37298049
-0.34167788
-0.13198986
0.063118382
-0.3240448
-0.18130226
-0.048044756
-0.3019618
-0.19962217
-7.1557343e-18
-0.37298049
-0.35883119
-0.1259328
0.092726462
-0.33425364
-0.17780112
-0.031599783
-0.30755019
-0.19875588
-0.36480918
-0.14693255
-0.33785177
-0.18741678
0.066774181
0.19175207
0.31218017
0.30489766
0.20239339
0.1255841
-0.085782518
-0.011764976
0.058090762
-0.030262294
-0.076512864
-0.11126456
0.054840668
0.15791786
0.25847359
0.26013144
0.16636104
0.093938521
-0.095651607
-0.029107859
0.032822386
-0.031416576
-0.08086326
-0.11713807
-2.2551405e-17
-1.6046192e-17
-1.2153229e-17
0.32278198
0.34512795
0.36435579
0.067220282
0.076900736
0.087551163
-0.13042779
-0.12816491
-0.12657291
-0.3196866
-0.24365386
-0.16650804
-0.13851234
-0.15762068
-0.17183881
-0.30763853
-0.25638582
-0.20482386
-0.35522049
-0.34749537
-0.33895473
-0.30704892
-0.2387523
-0.16880044
-0.14441743
-0.16274193
-0.17590544
-0.30036399
-0.25382808
-0.20630292
-0.33979507
-0.33449819
-0.32785839
-0.3421412
-0.34695176
-0.35467616
-0.1804993
-0.17921471
-0.17821886
-0.3242434
-0.32711436
-0.33173573
0.06414011
0.019322474
-0.015961013
-0.15108031
-0.10175194
-0.054951579
0.036947138
-0.0033954647
-0.034453961
-0.15660163
-0.11125682
-0.068863748
-0.046207631
-0.040917181
-0.034698153
-0.18289696
-0.19061342
-0.19634799
-0.28902614
-0.25341393
-0.21758156
-0.32949468
-0.32049942
-0.3118499
-0.1858554
-0.19264151
-0.19758486
-0.28502009
-0.25171178
-0.21762263
-0.32012587
-0.31264529
-0.30547574
-0.19936607
-0.19902537
-0.19882535
-0.3021024
-0.30365143
-0.30616256
-0.32278198
-0.34512795
-0.36435579
-0.066774181
-0.19175207
-0.31218017
-8.8271421e-19
2.4123498e-18
1.0516761e-17
-0.25848698
-0.15792154
-0.054840668
-0.34316238
-0.34996101
-0.35966667
-0.32725209
-0.25526002
-0.183783
-0.13383333
-0.13823026
-0.14372153
-0.32941001
-0.34124458
-0.34295148
-0.37354919
-0.37228907
-0.36808969
-0.041991928
-0.098165803
-0.13360411
-0.324875
-0.32895995
-0.33476008
-0.31197782
-0.26246378
-0.21310118
-0.18219598
-0.18412556
-0.18627115
-0.3609721
-0.35248796
-0.34303087
-0.15761784
-0.17270959
-0.18317521
-0.067849399
0.012278484
0.088003071
-0.025695589
0.068436129
0.15783293
0.030184853
0.14283091
0.25072023
0.065123692
0.18708359
0.30480318
0.061462548
0.17671588
0.28838346
0.057239495
0.16473627
0.26934696
0.29713792
0.19595894
0.11997132
0.28076017
0.18269753
0.10854449
0.26482491
0.17088933
0.098041845
0.053682698
-0.014674919
-0.087202154
0.044702507
-0.020612511
-0.090269778
0.036507028
-0.026298068
-0.0936747
-0.1118596
-0.076911776
-0.030374732
-0.1133586
-0.07789475
-0.03060175
-0.11556786
-0.079511953
-0.03094101
0.021062651
0.1188768
0.21278247
-0.035414005
0.048392381
0.12732399
-0.077922293
-0.0060105755
0.061062673
-0.31056228
-0.2558313
-0.20072283
-0.31533836
-0.25320519
-0.19050582
-0.31868667
-0.2478684
-0.17617398
-0.31641656
-0.24199453
-0.16636472
-0.31054631
-0.23926005
-0.16648666
-0.30719665
-0.23826116
-0.16762882
-0.13916043
-0.1582118
-0.17232167
-0.14075395
-0.159639
-0.17347437
-0.14295259
-0.16152926
-0.1749678
-0.20479571
-0.25546697
-0.30570729
-0.20497954
-0.25401064
-0.30230862
-0.20567066
-0.25351151
-0.30038113
-0.33620882
-0.34427365
-0.35141771
-0.33117833
-0.33837345
-0.34443531
-0.3280599
-0.33472609
-0.3400922
-0.30750536
-0.24384639
-0.17868802
-0.30605545
-0.25006903
-0.1928337
-0.30266349
-0.25312382
-0.20251828
-0.1432865
-0.090629838
-0.04077957
-0.12511871
-0.065247077
-0.0087278974
-0.10126935
-0.032656799
0.032061717
0.059323197
0.015213044
-0.019398871
0.049490838
0.0068673729
-0.026322205
0.040548503
-0.00055404261
-0.032307102
-0.05756747
-0.10346544
-0.15193898
-0.062750138
-0.10686587
-0.15374342
-0.067189553
-0.10993748
-0.1556228
-0.11059923
-0.048710096
0.0088269557
-0.1330475
-0.078689604
-0.028123596
-0.14962613
-0.1014418
-0.05648977
-0.29215516
-0.2543278
-0.21630632
-0.29834982
-0.25579022
-0.2130338
-0.30452857
-0.25649623
-0.20820626
-0.18324874
-0.19084484
-0.19647
-0.18408924
-0.19140899
-0.19678851
-0.18517582
-0.19216091
-0.1972596
-0.21744941
-0.25286345
-0.28795821
-0.2173075
-0.25199291
-0.28611765
-0.21742375
-0.25162536
-0.28507343
-0.31028383
-0.3185762
-0.32719018
-0.30742001
-0.31503976
-0.32295695
-0.30563116
-0.31282341
-0.32031724
-0.29784343
-0.2540722
-0.20937696
-0.29272637
-0.25361737
-0.2136803
-0.28758492
-0.25244923
-0.21653219
-0.057239495
-0.061462548
-0.065123692
-0.16473627
-0.17671588
-0.18708359
-0.26934696
-0.28838346
-0.30480318
-0.33323414
-0.34896393
-0.36559046
-0.34312209
-0.35270536
-0.36567324
-0.34430597
-0.35185851
-0.36244996
-0.31838949
-0.21020172
-0.099870383
-0.32558949
-0.23524993
-0.14485744
-0.3277605
-0.25028571
-0.17328645
-0.039317677
-0.035352512
-0.03245588
-0.094009511
-0.087449518
-0.082657349
-0.12994471
-0.12383403
-0.11908648
-0.084096006
-0.18338394
-0.28009681
-0.12673569
-0.21360361
-0.29828108
-0.15683178
-0.23219735
-0.30571168
-0.30849305
-0.31434319
-0.32271961
-0.24022549
-0.24501173
-0.25160372
-0.1704785
-0.17487494
-0.18054652
-0.3410816
-0.34734466
-0.35622785
-0.33559438
-0.34091815
-0.34846062
-0.32877402
-0.33326635
-0.33963335
-0.32589833
-0.25873303
-0.19204787
-0.3214966
-0.26219677
-0.20324227
-0.315515
-0.26286321
-0.210421
-0.15487905
-0.15008136
-0.14612669
-0.17074683
-0.1671884
-0.16411923
-0.18179575
-0.17923377
-0.17695402
-0.30114974
-0.30453904
-0.30935537
-0.254594
-0.25713871
-0.2605737
-0.20713919
-0.2092239
-0.21173834
0.028642695
0.13864538
0.24410442
-0.027174707
0.064924089
0.15236436
-0.069316385
0.0091509389
0.083226227
0.025449803
0.12994803
0.2302415
-0.030272284
0.057803431
0.14120971
-0.072452848
0.0028446759
0.073602511
0.022287324
0.12152322
0.21682358
-0.033557231
0.051275262
0.13130415
-0.075953612
-0.0032247394
0.06473568
-0.31571883
-0.2464058
-0.17610589
-0.31285266
-0.25202047
-0.19049899
-0.30845364
-0.25483229
-0.20070971
-0.31048438
-0.24407473
-0.17637399
-0.30848787
-0.25016003
-0.19082524
-0.30475173
-0.25325961
-0.20095659
-0.30751495
-0.24329543
-0.17755474
-0.30603966
-0.24958641
-0.19188249
-0.30266222
-0.25274704
-0.20177877
-0.1026285
-0.035379134
0.027957047
-0.12630225
-0.067570826
-0.01222506
-0.14425995
-0.092551602
-0.043692614
-0.10555102
-0.040894484
0.019665157
-0.12882976
-0.072253315
-0.019250042
-0.14631572
-0.096383907
-0.049487833
-0.10878353
-0.046192472
0.012081742
-0.1315612
-0.076664637
-0.025539185
-0.14848332
-0.099899669
-0.054533088
-0.30276116
-0.25564831
-0.20815901
-0.29687375
-0.25506586
-0.21294943
-0.29095107
-0.25371895
-0.21618902
-0.29964931
-0.25429785
-0.208277
-0.29427434
-0.25390279
-0.21294905
-0.28884896
-0.25274504
-0.21609055
-0.29787152
-0.25380778
-0.20884197
-0.29277401
-0.25343975
-0.2133039
-0.28763788
-0.25233505
-0.21627848
-0.28347222
-0.29703813
-0.3114145
-0.18580069
-0.1951237
-0.20517766
-0.085591317
-0.090645767
-0.096550101
-0.30006447
-0.3083885
-0.31970501
-0.21526987
-0.22176235
-0.23052008
-0.12844268
-0.13366964
-0.14071732
-0.30704891
-0.31357934
-0.3227599
-0.23362869
-0.23894568
-0.24621801
-0.15855888
-0.16335597
-0.16963801
-0.30876158
-0.31412677
-0.3217418
-0.24516037
-0.24951583
-0.25543846
-0.18022775
-0.18420264
-0.18921879
-0.3071184
-0.31162817
-0.31801456
-0.25116108
-0.25473058
-0.25953928
-0.19408882
-0.1972413
-0.20110845
-0.30353728
-0.30729291
-0.31261462
-0.25399432
-0.25686778
-0.2607337
-0.20348898
-0.20590724
-0.20882994
-0.67227043
-0.70710678
-0.67227043
-0.91774188
-0.84957113
-0.44485559
-0.46758567
-0.43775954
-0.3036754
-0.31528657
-0.29343711
-0.2121121
-0.21778967
-0.39717735
-0.37298049
-0.57561662
-0.61063762
-0.55892108
-0.39093676
-0.40977066
-0.37426538
-0.26614876
-0.27553742
-0.24437637
-0.25398595
-0.16586463
-0.16964304
-0.91563372
-0.90021342
-0.87053063
-0.79232189
-0.6903003
-0.60084245
-0.60798126
-0.59575625
-0.57411168
-0.85607408
-0.74895258
-0.65507636
-0.70604267
-0.69823377
-0.68307557
-0.62284484
-0.54105344
-0.47060224
-0.4661879
-0.45907283
-0.44644599
-0.65756996
-0.57389986
-0.50160709
-0.74943575
-0.8239692
-0.88860063
-0.70822101
-0.77112957
-0.82527783
-0.46554712
-0.51019678
-0.54447267
-0.49820751
-0.54982815
-0.59221937
-0.58759421
-0.6036558
-0.61067272
-0.56944068
-0.49941728
-0.4386259
-0.39806871
-0.40712513
-0.41038045
-0.53812261
-0.47392419
-0.41772683
-0.45213207
-0.46242214
-0.46733572
-0.43612428
-0.38286968
-0.33693966
-0.30790332
-0.31353625
-0.31565884
-0.41591536
-0.36670259
-0.32393415
-0.47305683
-0.52042921
-0.55886828
-0.33591704
-0.37026574
-0.39793859
-0.32287437
-0.35467469
-0.3800487
-0.52036894
-0.45563101
-0.40026483
-0.40754079
-0.39886588
-0.3843119
-0.4074965
-0.35677357
-0.3135868
-0.31386987
-0.30837071
-0.29940974
-0.31196648
-0.34179786
-0.36468183
-0.38286857
-0.33658783
-0.29548759
-0.26996425
-0.27459223
-0.27601861
-0.36591551
-0.32284856
-0.28465257
-0.29522726
-0.26114572
-0.23166279
-0.2144077
-0.21729916
-0.21816563
-0.28486251
-0.2528458
-0.22514024
-0.23129971
-0.25274052
-0.26887354
-0.22486528
-0.2450148
-0.25997754
-0.6278812
-0.53501952
-0.4314642
-0.39642918
-0.39095644
-0.38042078
-0.66207707
-0.56663459
-0.45868172
-0.68307557
-0.69823377
-0.70604267
-0.41438303
-0.35159763
-0.2828967
-0.24730601
-0.25169586
-0.25388973
-0.43483128
-0.36757339
-0.29452323
-0.62117599
-0.54242898
-0.47597826
-0.34483299
-0.29949372
-0.26190793
-0.36675877
-0.31589895
-0.27345729
-0.28287978
-0.23966278
-0.192319
-0.16733519
-0.16936004
-0.16998188
-0.29307751
-0.24718607
-0.19725523
-0.22823611
-0.20083654
-0.17709517
-0.23623567
-0.2066377
-0.18144526
-0.65247214
-0.63978196
-0.61695036
-0.74655746
-0.73309465
-0.70807528
-0.85392803
-0.83948622
-0.81189147
-0.8866454
-0.8723379
-0.84476821
-0.82234343
-0.81043561
-0.78743445
-0.74817327
-0.73891546
-0.72097901
-0.77059661
-0.67215173
-0.58527166
-0.72100241
-0.62963216
-0.54842036
-0.65995632
-0.5749901
-0.50047247
-0.5585897
-0.57860103
-0.58983972
-0.52188285
-0.5385852
-0.54793432
-0.47508914
-0.48891634
-0.49668025
-0.63522544
-0.72601372
-0.82936049
-0.58965971
-0.67376166
-0.76940476
-0.53436168
-0.61090806
-0.69871492
-0.65663792
-0.64890943
-0.63373129
-0.57282718
-0.56535741
-0.55111943
-0.50030709
-0.49303206
-0.47980025
-0.42552787
-0.43552047
-0.43921843
-0.48314867
-0.49517209
-0.49990159
-0.54905491
-0.5635679
-0.56967794
-0.57017156
-0.58538015
-0.5921517
-0.5301296
-0.54345709
-0.54960615
-0.481188
-0.492546
-0.49793234
-0.55234677
-0.48458686
-0.42580879
-0.51290745
-0.45021763
-0.39594115
-0.46474922
-0.40802977
-0.35903881
-0.39848761
-0.39535995
-0.38678911
-0.37070997
-0.36791291
-0.36043866
-0.33630251
-0.33392663
-0.32764963
-0.40593871
-0.46031074
-0.52251129
-0.37857739
-0.42889714
-0.48660886
-0.34446369
-0.39000116
-0.44234384
-0.42251916
-0.43179238
-0.43605368
-0.37222526
-0.37982462
-0.38305416
-0.3285702
-0.33481722
-0.3372694
-0.43626068
-0.42690929
-0.41114974
-0.49684916
-0.48626235
-0.46817281
-0.56677775
-0.55507258
-0.53464096
-0.50692331
-0.44385891
-0.38996115
-0.47499191
-0.41586535
-0.36540642
-0.43338662
-0.37942137
-0.3334378
-0.37411392
-0.38774386
-0.39586669
-0.3497856
-0.36147235
-0.36848581
-0.31857951
-0.32840885
-0.33439032
-0.43465927
-0.42773411
-0.41570525
-0.38135723
-0.37490948
-0.36407292
-0.33547147
-0.32962161
-0.32000931
-0.28901312
-0.29432017
-0.29600401
-0.32824936
-0.33493362
-0.33716083
-0.37242363
-0.38061251
-0.38347782
-0.37198509
-0.32741757
-0.28797888
-0.34640769
-0.30562546
-0.2698655
-0.31447816
-0.27798857
-0.24629838
-0.26933633
-0.2679832
-0.26359981
-0.25316538
-0.25198026
-0.24813778
-0.23169206
-0.23070627
-0.22746797
-0.27771606
-0.31439822
-0.35589674
-0.26097406
-0.29434351
-0.33242019
-0.23891065
-0.26861485
-0.30281124
-0.28871351
-0.29378686
-0.29562415
-0.25604202
-0.26016676
-0.26155362
-0.22773863
-0.23102775
-0.23205446
-0.6610298
-0.56566212
-0.45784149
-0.65334976
-0.55853883
-0.45169272
-0.63846807
-0.54477698
-0.43984281
-0.5801598
-0.49439399
-0.39885597
-0.50567636
-0.42985216
-0.34646975
-0.44355608
-0.376536
-0.30311597
-0.35116677
-0.36043334
-0.36569213
-0.30411104
-0.31109481
-0.3151286
-0.26528434
-0.2704235
-0.27316109
-0.42331337
-0.52360575
-0.61392538
-0.36521237
-0.45353891
-0.53445649
-0.31681815
-0.39485074
-0.46663008
-0.65630638
-0.6479656
-0.63217367
-0.57297023
-0.5658036
-0.55201423
-0.50113017
-0.49545876
-0.4839906
-0.42090501
-0.35666057
-0.28649159
-0.43017651
-0.36395783
-0.29183638
-0.43462228
-0.36745801
-0.29444388
-0.38743877
-0.32861585
-0.26428064
-0.34156596
-0.28955741
-0.23266944
-0.30173867
-0.25568786
-0.20527694
-0.23077791
-0.23455249
-0.23629705
-0.20285043
-0.20574798
-0.20688561
-0.17872887
-0.18101161
-0.18177149
-0.2741395
-0.34251766
-0.40548465
-0.2400323
-0.3003555
-0.3558902
-0.21091434
-0.26418836
-0.31318847
-0.28660151
-0.24245935
-0.1941902
-0.29159062
-0.24622763
-0.19677436
-0.29344791
-0.24756195
-0.19761602
-0.82743934
-0.81417199
-0.788735
-0.72390435
-0.7116049
-0.68859717
-0.63291001
-0.62127794
-0.60021895
-0.76788438
-0.75695483
-0.73592947
-0.67215319
-0.6620802
-0.64310724
-0.58785163
-0.5782421
-0.56074874
-0.69757203
-0.68885832
-0.67196165
-0.60969618
-0.60150006
-0.58594512
-0.53292799
-0.52498547
-0.51053748
-0.53283525
-0.54658165
-0.55248394
-0.46902535
-0.48041516
-0.48498289
-0.4133105
-0.42277039
-0.42633106
-0.49546809
-0.50751968
-0.51288663
-0.43636346
-0.4463321
-0.45046994
-0.38488447
-0.39314385
-0.39634437
-0.44975229
-0.45999058
-0.46467009
-0.3962166
-0.40464295
-0.4082173
-0.34969644
-0.35664571
-0.35938005
-0.54994304
-0.53914589
-0.52021298
-0.48223851
-0.4724119
-0.45557609
-0.42362229
-0.41489134
-0.40016348
-0.51096277
-0.5019191
-0.48604009
-0.44826433
-0.43992775
-0.42567941
-0.39408175
-0.38658703
-0.37401447
-0.46315553
-0.45560379
-0.44242726
-0.40639283
-0.39936885
-0.38748503
-0.35745521
-0.35108892
-0.34054578
-0.36205002
-0.36979695
-0.37254307
-0.31950953
-0.3258309
-0.32795498
-0.28185125
-0.28687272
-0.28847218
-0.33768164
-0.34443146
-0.3468747
-0.29871836
-0.30422384
-0.30609612
-0.26452597
-0.26891091
-0.27031192
-0.3071673
-0.31282706
-0.3148908
-0.27223611
-0.27684688
-0.27841371
-0.24186093
-0.24554196
-0.24670805
-0.59032345
-0.50319391
-0.40605702
-0.60495299
-0.51586077
-0.41657639
-0.61273232
-0.52259886
-0.42233049
-0.51439265
-0.43694978
-0.35189414
-0.52698966
-0.44732477
-0.36003036
-0.53359058
-0.45281926
-0.36451525
-0.4507265
-0.38217654
-0.30719872
-0.46106669
-0.39042124
-0.31336847
-0.46620771
-0.39454496
-0.3165461
-0.39331457
-0.33313474
-0.26743005
-0.40162435
-0.33960447
-0.27208418
-0.40544663
-0.34255744
-0.27421083
-0.34645467
-0.29327079
-0.23520144
-0.35322536
-0.29846007
-0.23884045
-0.35609077
-0.30060151
-0.24029276
-0.30582455
-0.25876811
-0.20734842
-0.31136686
-0.26297218
-0.21024913
-0.31352127
-0.26453885
-0.21125919
0.67227043
0.70710678
0.67227043
0.39717735
0.37298049
0.44195064
0.46185394
0.42824044
0.30113814
0.31136795
0.28807716
0.21027127
0.21539192
0.91774188
0.84957113
0.24331101
0.25064867
0.23013366
0.16477615
0.16793162
0.15542841
0.11461186
0.11597792
0.56997242
0.59957576
0.38645085
0.402592
0.39642918
0.39095644
0.38042078
0.33901691
0.28758291
0.24782968
0.24915414
0.24380221
0.23547974
0.36405434
0.31178358
0.26974484
0.70604267
0.69823377
0.68307557
0.61859413
0.53235175
0.4608565
0.45979708
0.45137718
0.43749377
0.6553184
0.5690496
0.49589265
0.66207707
0.56663459
0.45868172
0.6278812
0.53501952
0.4314642
0.39832682
0.33557479
0.2675783
0.42975266
0.36341542
0.29094318
0.24608512
0.24995403
0.25123206
0.23328235
0.20430283
0.17955853
0.16621258
0.16809829
0.16846276
0.22714404
0.19972963
0.17599718
0.44887885
0.45834295
0.46222311
0.43055685
0.37788529
0.3326584
0.30518175
0.31039262
0.31202038
0.41296592
0.36383415
0.32126787
0.41187119
0.34975433
0.2815934
0.28963475
0.24452371
0.1952389
0.28062798
0.23791163
0.19101481
0.21422224
0.18796632
0.16578895
0.16688257
0.16349242
0.15851665
0.39851827
0.34920431
0.30750825
0.30966554
0.30363945
0.29422556
0.26813922
0.22628085
0.18066932
0.15717609
0.138938
0.12326776
0.11530526
0.11619096
0.11629388
0.15437647
0.13673477
0.12161723
0.29164895
0.25812781
0.22908341
0.2124856
0.21519722
0.21586872
0.28245896
0.25068918
0.22320164
0.20065069
0.16934768
0.13498059
0.19621657
0.16621894
0.13308542
0.70822101
0.77112957
0.82527783
0.91563372
0.90021342
0.87053063
0.74943575
0.8239692
0.88860063
0.68307557
0.69823377
0.70604267
0.46973924
0.51624223
0.55372698
0.58118992
0.5955756
0.60067267
0.49171042
0.54162967
0.58213856
0.62019334
0.54023092
0.47320079
0.79350674
0.69592376
0.61042442
0.8519602
0.73970671
0.64406137
0.32004085
0.35121805
0.37591429
0.39314814
0.40130897
0.40364944
0.33148008
0.36475777
0.39132055
0.53243005
0.46852081
0.41289334
0.55872008
0.48993061
0.43065563
0.26823134
0.26259046
0.25363479
0.31036056
0.30435936
0.29430694
0.36296887
0.35707725
0.34640937
0.45784149
0.45169272
0.43984281
0.56566212
0.55853883
0.54477698
0.6610298
0.65334976
0.63846807
0.39303772
0.33409313
0.28814463
0.48964825
0.41828667
0.36128987
0.57752925
0.49565683
0.42880582
0.27375254
0.28328878
0.28930818
0.34317122
0.35460297
0.36161947
0.40695795
0.41993548
0.42781477
0.31296059
0.3612595
0.42097905
0.39057145
0.44962082
0.52160356
0.46153344
0.53005815
0.61184359
0.65406478
0.64567271
0.62981031
0.56732898
0.55854834
0.54301491
0.49389635
0.48523628
0.47066242
0.17758522
0.17969103
0.18012702
0.20166561
0.20428454
0.20492332
0.22956029
0.23290841
0.23390161
0.28501325
0.28981006
0.29151244
0.35459091
0.36127708
0.36389009
0.41809346
0.42663591
0.43013099
0.27088305
0.23735741
0.20870439
0.33858261
0.29694394
0.26128779
0.40057734
0.35152088
0.30943525
0.19580603
0.19525204
0.19283771
0.24512813
0.24414309
0.24061927
0.29026304
0.28884094
0.28420221
0.20395264
0.23132073
0.26294417
0.25388477
0.28768022
0.32673002
0.29938792
0.33906305
0.38488409
0.41924353
0.4277462
0.43105346
0.36908643
0.37605462
0.37851789
0.32569182
0.3314497
0.3333211
0.1784158
0.17469356
0.16920384
0.20299004
0.19861345
0.19206961
0.23183174
0.22680166
0.21910837
0.24908503
0.21852443
0.19271703
0.31234102
0.27388742
0.24141805
0.37071389
0.3248925
0.28617811
0.18431682
0.19014814
0.19405307
0.23100267
0.23833883
0.2431255
0.27377146
0.28245571
0.28804351
0.42849108
0.42038647
0.40723136
0.37590373
0.36855081
0.35687065
0.33084712
0.32435255
0.31416602
0.12243204
0.12347232
0.12361469
0.13778363
0.1391335
0.13935267
0.15567201
0.15735991
0.15766688
0.18277916
0.16164786
0.14345759
0.22901171
0.20269083
0.17998734
0.27130422
0.24017882
0.21327654
0.13533051
0.1351501
0.13398987
0.16975312
0.16938687
0.16763174
0.20110289
0.20053279
0.19814764
0.14120054
0.15867463
0.17902254
0.17633178
0.19797051
0.22310599
0.20816479
0.23367414
0.26323243
0.2861507
0.29086168
0.29227989
0.25376493
0.25761892
0.25870096
0.22570779
0.2287917
0.22959332
0.74817327
0.82234343
0.8866454
0.73891546
0.81043561
0.8723379
0.72097901
0.78743445
0.84476821
0.65776352
0.7197656
0.77087611
0.57394701
0.63039086
0.67602437
0.5030377
0.55278166
0.59299269
0.81217498
0.83816876
0.85087783
0.71103576
0.7313156
0.7399827
0.62281217
0.63891909
0.64497955
0.82559827
0.76634757
0.69622871
0.7176238
0.66698249
0.60548815
0.62520188
0.58152674
0.52790763
0.65434675
0.64647517
0.63104311
0.56871895
0.56252949
0.54950046
0.49606601
0.49147147
0.48085638
0.47745792
0.52539906
0.56434625
0.48786941
0.53750592
0.57803523
0.49210718
0.54222161
0.58305048
0.43898233
0.4823753
0.51732042
0.38675068
0.42483868
0.45536833
0.34146914
0.37489046
0.40149714
0.54263358
0.55556418
0.55990668
0.47712321
0.48782796
0.49114359
0.42019695
0.42915594
0.43178166
0.54255988
0.50492371
0.45842286
0.4758955
0.44308078
0.4023565
0.41847786
0.38987138
0.35417744
0.32458606
0.35666775
0.38226065
0.33036054
0.36347732
0.39001148
0.33217253
0.36556681
0.392291
0.41981283
0.41329319
0.40132896
0.3597359
0.3530824
0.34173094
0.31131838
0.30501266
0.29480627
0.52039812
0.51305779
0.49932552
0.44804524
0.44054045
0.42736199
0.38879784
0.38152036
0.36940545
0.6106653
0.6028212
0.58794455
0.52843739
0.52021925
0.50564512
0.45964786
0.45155023
0.4379243
0.26594769
0.27014016
0.27150285
0.23375579
0.23707766
0.23799992
0.20596254
0.20865219
0.20930581
0.33104905
0.33697739
0.33914511
0.29124453
0.29602749
0.2975808
0.25685837
0.2607698
0.26191569
0.39048354
0.39812203
0.40107448
0.34372863
0.34996162
0.35213972
0.30330252
0.30843555
0.31007597
0.26928529
0.26360322
0.25475025
0.23589475
0.23090898
0.22331967
0.20741862
0.20314681
0.19673562
0.33679925
0.33010573
0.31938726
0.29527032
0.28929513
0.27995423
0.25978628
0.25458831
0.24658092
0.39863074
0.39105983
0.37879576
0.34965984
0.34281062
0.33196826
0.30773908
0.30170769
0.29229074
0.18067025
0.18283567
0.18330728
0.16001628
0.16175592
0.16209987
0.14225331
0.1436053
0.14383985
0.22556524
0.22873635
0.2295849
0.19999573
0.20256298
0.20319607
0.17795147
0.17997331
0.18042546
0.2664884
0.27067541
0.27190941
0.23637663
0.23979086
0.24072557
0.2103548
0.21307519
0.21376061
0.66986998
0.73450057
0.78834676
0.68677018
0.75508622
0.81260448
0.69527387
0.76530523
0.82452302
0.58421886
0.64257853
0.69025778
0.59846775
0.65925343
0.70939312
0.60516435
0.66681523
0.71773362
0.51156058
0.5628808
0.60471051
0.52315408
0.57638214
0.62000297
0.52811953
0.58192684
0.62593322
0.44599917
0.49071343
0.52698793
0.45534683
0.50160913
0.53929716
0.4589601
0.50564483
0.54357817
0.39263549
0.43185892
0.46352128
0.40032194
0.44085815
0.47370936
0.4030325
0.44391615
0.47697321
0.34643861
0.38083904
0.40841861
0.35280815
0.38833366
0.41693352
0.35488283
0.39070763
0.41950165
