MFEM mesh v1.0

#
# MFEM Geometry Types (see mesh/geom.hpp):
#
# POINT       = 0
# SEGMENT     = 1
# TRIANGLE    = 2
# SQUARE      = 3
# TETRAHEDRON = 4
# CUBE        = 5
#

dimension
3

elements
11
1 5 11 12 9 8 20 21 23 22
1 5 8 9 6 5 22 23 26 25
1 5 9 10 7 6 23 24 27 26
1 5 5 6 1 2 25 26 14 15
1 5 6 7 0 1 26 27 13 14
1 5 28 29 31 30 11 12 9 8
1 5 19 30 33 18 3 8 5 4
1 5 30 31 34 33 8 9 6 5
1 5 31 32 35 34 9 10 7 6
1 5 33 34 16 17 5 6 1 2
1 5 17 16 37 36 2 1 14 15

boundary
36
13 3 11 12 21 20
13 3 8 11 20 22
13 3 12 9 23 21
13 3 20 21 23 22
13 3 9 10 24 23
13 3 3 8 5 4
13 3 5 8 22 25
13 3 22 23 26 25
13 3 10 7 27 24
13 3 23 24 27 26
13 3 2 5 25 15
13 3 25 26 14 15
13 3 1 0 7 6
13 3 7 0 13 27
13 3 0 1 14 13
13 3 26 27 13 14
13 3 30 31 29 28
13 3 18 33 30 19
13 3 33 34 31 30
13 3 34 35 32 31
13 3 17 16 34 33
13 3 28 29 12 11
13 3 30 28 11 8
13 3 19 30 8 3
13 3 29 31 9 12
13 3 31 32 10 9
13 3 33 18 4 5
13 3 18 19 3 4
13 3 32 35 7 10
13 3 35 34 6 7
13 3 17 33 5 2
13 3 34 16 1 6
13 3 36 37 16 17
13 3 36 17 2 15
13 3 16 37 14 1
13 3 37 36 15 14

vertices
38

nodes
FiniteElementSpace
FiniteElementCollection: H1_3D_P4
VDim: 3
Ordering: 0

-0.12552145
-0.20609602
-0.28933241
-0.36439324
-0.35824573
-0.29108888
-0.20835137
-0.12826879
-0.29394633
-0.20955488
-0.12805102
-0.29108888
-0.20835137
-0.12661098
-0.20734485
-0.29059633
-0.19962217
-0.3019618
-0.40615364
-0.41723435
-0.29132968
-0.21114341
-0.29412508
-0.21239869
-0.13292294
-0.29132968
-0.21114341
-0.13305751
-0.30903013
-0.2020654
-0.31435986
-0.20364901
-0.099343286
-0.30903013
-0.2020654
-0.10058463
-0.30755019
-0.19875588
-0.27721972
-0.25024311
-0.22282412
-0.20951547
-0.20923203
-0.2087058
-0.27967756
-0.25209714
-0.22422849
-0.2938459
-0.29312824
-0.29186963
-0.27739915
-0.25108001
-0.22489067
-0.21153397
-0.21207962
-0.21236034
-0.27976986
-0.25287035
-0.22630386
-0.29210616
-0.29333519
-0.29402925
-0.29008046
-0.28972389
-0.29065477
-0.20901439
-0.21004635
-0.21082139
-0.21021859
-0.211264
-0.21206451
-0.29281839
-0.29243262
-0.29341932
-0.2087058
-0.20923203
-0.20951547
-0.27721972
-0.25024311
-0.22282412
-0.29186963
-0.29312824
-0.2938459
-0.21236034
-0.21207962
-0.21153397
-0.27739915
-0.25108001
-0.22489067
-0.29402925
-0.29333519
-0.29210616
-0.20901439
-0.21004635
-0.21082139
-0.29008046
-0.28972389
-0.29065477
-0.19497192
-0.16776375
-0.14144339
-0.1282519
-0.12814857
-0.12806312
-0.19396354
-0.16716004
-0.14134289
-0.19856079
-0.17249056
-0.14656834
-0.13293514
-0.13302136
-0.13309179
-0.19746075
-0.17174498
-0.14633969
-0.13028059
-0.13248609
-0.13298051
-0.13040776
-0.13259277
-0.133107
-0.20638705
-0.20715137
-0.20795428
-0.22087044
-0.24872871
-0.27574469
-0.28904598
-0.28922368
-0.29032779
-0.20822504
-0.20960591
-0.21068105
-0.22192514
-0.24952887
-0.27665981
-0.28968613
-0.28949485
-0.29057956
-0.2063092
-0.20675142
-0.20716044
-0.28901548
-0.28903983
-0.2899452
-0.12635171
-0.12765485
-0.12819138
-0.13832653
-0.16417749
-0.19140861
-0.12909427
-0.13184919
-0.13286812
-0.13978838
-0.16582067
-0.19284437
-0.12619886
-0.12697772
-0.12687781
-0.2907455
-0.25567889
-0.22050563
-0.20251159
-0.20320476
-0.20359427
-0.29525313
-0.25885162
-0.22259219
-0.31057331
-0.31290806
-0.31418377
-0.29276155
-0.29778388
-0.30476962
-0.20758765
-0.20582331
-0.20353913
-0.2088037
-0.20710647
-0.20498073
-0.29583677
-0.3015448
-0.3095016
-0.40134196
-0.36837628
-0.33331799
-0.31418377
-0.31290806
-0.31057331
-0.39132516
-0.36030625
-0.32710656
-0.40956005
-0.41438734
-0.416891
-0.35506118
-0.33303251
-0.30785995
-0.34964465
-0.32875229
-0.304573
-0.36419335
-0.36275461
-0.3600644
-0.37087187
-0.38675415
-0.40602805
-0.29276155
-0.29778388
-0.30476962
-0.36410046
-0.37860789
-0.39605059
-0.20359427
-0.20320476
-0.20251159
-0.2907455
-0.25567889
-0.22050563
-0.20758765
-0.20582331
-0.20353913
-0.18489992
-0.15006878
-0.11645442
-0.099375938
-0.099633895
-0.10017756
-0.18379412
-0.1498554
-0.11717632
-0.12496556
-0.11673351
-0.1059018
-0.12533089
-0.11749699
-0.10703999
-0.19994383
-0.20070541
-0.20159366
-0.21762263
-0.25171178
-0.28502009
-0.30235239
-0.30439045
-0.3073957
-0.2055515
-0.20386086
-0.20134202
-0.29035934
-0.29366951
-0.29875203
-0.19936607
-0.19902537
-0.19882535
-0.28902614
-0.25341393
-0.21758156
-0.3021024
-0.30365143
-0.30616256
-0.20633334
-0.20396292
-0.20081988
-0.29216009
-0.29691336
-0.30353056
-0.27958903
-0.25203049
-0.22418011
-0.27896491
-0.2515595
-0.22383653
-0.27787947
-0.2507421
-0.22321995
-0.27644988
-0.2500048
-0.22317396
-0.27614581
-0.25009886
-0.22386544
-0.27685161
-0.25068365
-0.22455275
-0.20937434
-0.20989953
-0.21017993
-0.2104168
-0.21094724
-0.21122572
-0.21120638
-0.21174667
-0.21202636
-0.22455847
-0.25179838
-0.27880752
-0.2252476
-0.2518631
-0.2784651
-0.22595504
-0.25246319
-0.27920224
-0.29272282
-0.29203375
-0.29082857
-0.29233872
-0.29166101
-0.29046937
-0.29332409
-0.29263583
-0.29141939
-0.27804523
-0.25157476
-0.22530758
-0.27909129
-0.25236248
-0.22592536
-0.27968603
-0.25280796
-0.22625768
-0.27787947
-0.2507421
-0.22321995
-0.27896491
-0.2515595
-0.22383653
-0.27958903
-0.25203049
-0.22418011
-0.21017993
-0.20989953
-0.20937434
-0.21122572
-0.21094724
-0.2104168
-0.21202636
-0.21174667
-0.21120638
-0.22317396
-0.2500048
-0.27644988
-0.22386544
-0.25009886
-0.27614581
-0.22455275
-0.25068365
-0.27685161
-0.29082857
-0.29203375
-0.29272282
-0.29046937
-0.29166101
-0.29233872
-0.29141939
-0.29263583
-0.29332409
-0.27968603
-0.25280796
-0.22625768
-0.27909129
-0.25236248
-0.22592536
-0.27804523
-0.25157476
-0.22530758
-0.19427778
-0.16738115
-0.14142685
-0.19471623
-0.16763869
-0.14146088
-0.19494122
-0.16774939
-0.14144675
-0.19596198
-0.16932981
-0.14348167
-0.19735425
-0.17127921
-0.14571854
-0.1982427
-0.17223982
-0.14648783
-0.13029024
-0.13036029
-0.13042526
-0.13249604
-0.13256693
-0.13262344
-0.13299244
-0.13307471
-0.13314261
-0.14330138
-0.16867262
-0.19493331
-0.14549897
-0.170576
-0.19629757
-0.1462613
-0.17150647
-0.19715592
-0.19853012
-0.1724749
-0.14657116
-0.19830003
-0.17235011
-0.1465759
-0.19782532
-0.17203506
-0.14649073
-0.27550959
-0.24868158
-0.22104018
-0.27566894
-0.24899684
-0.22163662
-0.27657366
-0.24974701
-0.222402
-0.20861394
-0.20775954
-0.20685677
-0.20961789
-0.20866521
-0.2074957
-0.21037091
-0.20932854
-0.20800715
-0.22097373
-0.24863321
-0.27547444
-0.22128312
-0.24872211
-0.27545823
-0.22169469
-0.24918802
-0.27613778
-0.2883623
-0.28834095
-0.28935751
-0.28821665
-0.28800667
-0.28901241
-0.28905862
-0.28886371
-0.28991431
-0.27676815
-0.25058091
-0.22442649
-0.27588949
-0.24977978
-0.22347012
-0.2760039
-0.24944074
-0.22246778
-0.19181949
-0.16479652
-0.13911605
-0.19274991
-0.16599485
-0.14044879
-0.19359057
-0.16685371
-0.14116744
-0.13029341
-0.12958961
-0.12784442
-0.13242465
-0.13154426
-0.12914002
-0.13292979
-0.13193589
-0.12928075
-0.13897512
-0.16468102
-0.19172927
-0.13981385
-0.16545089
-0.19230116
-0.13993512
-0.16579258
-0.1927061
-0.1970005
-0.17131986
-0.14604081
-0.19580907
-0.16999008
-0.14481008
-0.1940564
-0.16762218
-0.14207636
-0.29510034
-0.25874206
-0.22251958
-0.29400815
-0.25796051
-0.22200437
-0.29202884
-0.25656716
-0.22108913
-0.28751091
-0.25436178
-0.22103587
-0.28224127
-0.25219922
-0.22181917
-0.27848343
-0.25070432
-0.22248023
-0.20394688
-0.20457821
-0.20493117
-0.20619165
-0.20675318
-0.20706315
-0.2079427
-0.20847443
-0.20876354
-0.22291682
-0.25719067
-0.29151376
-0.22342434
-0.2545049
-0.28543726
-0.22392893
-0.25266729
-0.28112141
-0.3093444
-0.30820467
-0.3061315
-0.30141693
-0.30049514
-0.29884383
-0.29573009
-0.29496268
-0.29361047
-0.39437373
-0.3627337
-0.32892123
-0.39874488
-0.36625606
-0.3316451
-0.40102804
-0.36811991
-0.33311374
-0.39113538
-0.36026536
-0.32730805
-0.37395815
-0.3465968
-0.31742804
-0.35985772
-0.33624394
-0.31024738
-0.3093444
-0.30820467
-0.3061315
-0.30141693
-0.30049514
-0.29884383
-0.29573009
-0.29496268
-0.29361047
-0.32179205
-0.35307004
-0.38215009
-0.31305112
-0.34086188
-0.36666004
-0.3066915
-0.33161924
-0.35392037
-0.39911398
-0.4034571
-0.40571864
-0.38107215
-0.38462625
-0.38649666
-0.36612165
-0.36908076
-0.37065393
-0.35488464
-0.33288895
-0.30774521
-0.35360268
-0.33185746
-0.30692985
-0.35123311
-0.32998169
-0.30548035
-0.29202884
-0.25656716
-0.22108913
-0.29400815
-0.25796051
-0.22200437
-0.29510034
-0.25874206
-0.22251958
-0.20493117
-0.20457821
-0.20394688
-0.20706315
-0.20675318
-0.20619165
-0.20876354
-0.20847443
-0.2079427
-0.22103587
-0.25436178
-0.28751091
-0.22181917
-0.25219922
-0.28224127
-0.22248023
-0.25070432
-0.27848343
-0.18410938
-0.14991596
-0.11694692
-0.18459167
-0.15000536
-0.11662622
-0.18486204
-0.15006056
-0.11647449
-0.1872102
-0.15415285
-0.12219655
-0.1909143
-0.16075305
-0.13159137
-0.19377838
-0.16576938
-0.13870827
-0.10593357
-0.10618289
-0.10668123
-0.11675844
-0.11694633
-0.11728499
-0.12498092
-0.1250939
-0.12526021
-0.12284088
-0.15393116
-0.18618849
-0.13193457
-0.16039262
-0.18994165
-0.13873163
-0.1652379
-0.19278787
-0.28536742
-0.25201815
-0.21793411
-0.28698009
-0.25313792
-0.2187916
-0.28939246
-0.25475616
-0.21989547
-0.20310505
-0.20229101
-0.20160866
-0.20542849
-0.20467184
-0.20405859
-0.20719571
-0.20642545
-0.20574422
-0.21850852
-0.25098481
-0.28266044
-0.21975928
-0.24977584
-0.27893204
-0.22060477
-0.24899306
-0.27650497
-0.29906387
-0.30076135
-0.30334467
-0.29384547
-0.29487244
-0.29670119
-0.29029511
-0.29065719
-0.29193588
-0.28795821
-0.25286345
-0.21744941
-0.28611765
-0.25199291
-0.2173075
-0.28507343
-0.25162536
-0.21742375
-0.20114337
-0.20092699
-0.20083865
-0.20376676
-0.20378045
-0.20389573
-0.20559511
-0.2058808
-0.20618449
-0.21862688
-0.25248581
-0.28607761
-0.220165
-0.25090103
-0.28124053
-0.22136174
-0.24982007
-0.2777953
-0.30231813
-0.30015359
-0.29886094
-0.29599157
-0.29447191
-0.29371856
-0.29145809
-0.29041172
-0.29023447
-0.27708138
-0.25048918
-0.2235684
-0.27812292
-0.25127938
-0.22417524
-0.27872244
-0.25173426
-0.22451135
-0.27677152
-0.25057972
-0.22426522
-0.27779555
-0.25135664
-0.22487044
-0.27838206
-0.25180064
-0.22520135
-0.27748884
-0.25117275
-0.22496426
-0.27852712
-0.25195628
-0.22557744
-0.27911855
-0.25240079
-0.22590894
-0.27872244
-0.25173426
-0.22451135
-0.27812292
-0.25127938
-0.22417524
-0.27708138
-0.25048918
-0.2235684
-0.27838206
-0.25180064
-0.22520135
-0.27779555
-0.25135664
-0.22487044
-0.27677152
-0.25057972
-0.22426522
-0.27911855
-0.25240079
-0.22590894
-0.27852712
-0.25195628
-0.22557744
-0.27748884
-0.25117275
-0.22496426
-0.19593155
-0.16931469
-0.1434838
-0.19570543
-0.16919598
-0.14348461
-0.19525978
-0.16891696
-0.14341822
-0.19732377
-0.17126356
-0.14572026
-0.19709656
-0.17114025
-0.14571805
-0.19663933
-0.17084191
-0.14563499
-0.19821234
-0.17222452
-0.14649084
-0.19798347
-0.17210057
-0.14649395
-0.19751484
-0.1717915
-0.14641082
-0.27583171
-0.24952487
-0.22275484
-0.27499432
-0.24879577
-0.22196281
-0.27497323
-0.24851527
-0.22128736
-0.27554189
-0.24962174
-0.22342986
-0.27472044
-0.24888101
-0.22257136
-0.27485256
-0.24861283
-0.22172902
-0.27622657
-0.25019071
-0.22409804
-0.27537503
-0.24941319
-0.22317051
-0.27549283
-0.2490942
-0.22221311
-0.19455106
-0.16834571
-0.14309747
-0.19363471
-0.16736873
-0.14222446
-0.19250785
-0.16586821
-0.14050147
-0.19587618
-0.17019397
-0.14523445
-0.19483076
-0.16904047
-0.14417085
-0.19333919
-0.16701068
-0.14180506
-0.19670992
-0.17109826
-0.14597872
-0.19555491
-0.16980834
-0.14478142
-0.19387588
-0.16753542
-0.14215257
-0.28864233
-0.25514849
-0.22156084
-0.2904007
-0.25639136
-0.22238628
-0.29137708
-0.25709236
-0.22285127
-0.28312508
-0.25282965
-0.22226707
-0.28453218
-0.25384436
-0.22297174
-0.28532553
-0.25442334
-0.22336842
-0.27919823
-0.25123513
-0.22288691
-0.28036144
-0.25209953
-0.22352269
-0.28102731
-0.25259714
-0.22387885
-0.39085281
-0.36003587
-0.32712552
-0.38879704
-0.35836643
-0.32581387
-0.38487715
-0.35522642
-0.32339435
-0.37372466
-0.34641015
-0.31727987
-0.37203309
-0.34505956
-0.31622149
-0.36884401
-0.34255257
-0.31429743
-0.35966392
-0.33609016
-0.31012422
-0.35826748
-0.33498197
-0.30924845
-0.35566822
-0.33295675
-0.30768225
-0.29137708
-0.25709236
-0.22285127
-0.2904007
-0.25639136
-0.22238628
-0.28864233
-0.25514849
-0.22156084
-0.28532553
-0.25442334
-0.22336842
-0.28453218
-0.25384436
-0.22297174
-0.28312508
-0.25282965
-0.22226707
-0.28102731
-0.25259714
-0.22387885
-0.28036144
-0.25209953
-0.22352269
-0.27919823
-0.25123513
-0.22288691
-0.18717581
-0.15414562
-0.12221615
-0.18692969
-0.15409631
-0.12236217
-0.18648382
-0.15400278
-0.12264853
-0.19088308
-0.16074403
-0.13160536
-0.19065668
-0.16067598
-0.13170225
-0.19023316
-0.16052359
-0.13185993
-0.19374778
-0.16575658
-0.13871458
-0.19352369
-0.16565829
-0.1387515
-0.19309282
-0.16543163
-0.13877049
-0.28633158
-0.25355278
-0.22048768
-0.28426683
-0.25215941
-0.21950635
-0.28293363
-0.25122726
-0.21876236
-0.28134213
-0.25156376
-0.22135361
-0.27988268
-0.2505312
-0.220528
-0.27908663
-0.24992527
-0.21993698
-0.27778645
-0.25018268
-0.22205334
-0.27674882
-0.24937191
-0.22128997
-0.2764551
-0.24901838
-0.22073642
-0.28269567
-0.25091031
-0.21835111
-0.28356012
-0.25122544
-0.2182996
-0.28514246
-0.25199261
-0.21848055
-0.27893835
-0.24972777
-0.21967978
-0.2794189
-0.24992028
-0.21973946
-0.28052471
-0.25049923
-0.21999247
-0.27638407
-0.24892204
-0.2206072
-0.2764653
-0.24899967
-0.22080903
-0.27723838
-0.24947481
-0.22115352
0.15297542
0.16024011
0.15787405
2.4504454e-16
0.091303978
0.08932113
0.089606109
0.086649793
2.6480478e-16
2.2877918e-16
2.469721e-16
-0.08932113
-0.089606109
0.16622039
0.17469473
0.17173982
0.21778967
0.2121121
0.11334521
2.4629561e-16
-0.085895869
-0.085924605
2.7965107e-16
2.6422045e-16
2.5777263e-16
0.085895869
0.085924605
0.083249948
-0.11564168
-0.11722119
2.3321018e-16
2.1701956e-16
2.2222008e-16
0.11564168
0.11722119
0.11113265
0.26614876
0.27553742
-0.089498169
-0.08977829
-0.089774343
-0.015860183
-0.045679846
-0.07475662
2.3948606e-16
2.2173935e-16
2.5272071e-16
-0.015917168
-0.045764632
-0.074667928
-0.085981378
-0.08614671
-0.086095395
-0.071061713
-0.042937657
-0.014830286
2.7464933e-16
2.656018e-16
2.6986363e-16
-0.071231349
-0.043211702
-0.014957624
-0.087469948
-0.085759399
-0.08565399
-0.087670076
-0.085883789
-0.085715293
2.3666973e-16
2.4760164e-16
2.4942871e-16
2.8862697e-16
2.90777e-16
2.6923549e-16
0.07475662
0.045679846
0.015860183
0.089498169
0.08977829
0.089774343
0.074667928
0.045764632
0.015917168
0.014830286
0.042937657
0.071061713
0.085981378
0.08614671
0.086095395
0.014957624
0.043211702
0.071231349
0.087670076
0.085883789
0.085715293
0.087469948
0.085759399
0.08565399
2.3644818e-16
2.2200883e-16
2.3819386e-16
0.072427385
0.044381653
0.015434005
0.08931616
0.08845075
0.08729591
2.5626808e-16
2.5598144e-16
2.5728815e-16
0.014488665
0.041863968
0.069027497
0.085648819
0.084848955
0.083812121
2.479314e-16
2.4336002e-16
2.4500138e-16
0.084913793
0.083254928
0.083068304
0.15133533
0.12950788
0.1039655
0.16052066
0.1602153
0.15890144
0.1494404
0.12834948
0.10343814
0.15882993
0.12946699
0.10086773
0.1750026
0.17462063
0.17302545
0.15660362
0.12833136
0.10055882
0.16254773
0.16760119
0.17245207
0.16007141
0.16493679
0.16958679
0.14488134
0.12450513
0.10035198
0.15480541
0.1577054
0.1596477
0.15167383
0.12437696
0.09746746
0.16842906
0.17181754
0.17403034
0.15512184
0.15981266
0.16420906
-0.11634773
-0.11728615
-0.11747761
-0.097593971
-0.059478223
-0.020626863
2.4561293e-16
2.0414353e-16
2.283336e-16
-0.096499052
-0.05901286
-0.020504594
-0.091962585
-0.099251318
-0.10931517
-0.092379633
-0.10004409
-0.11060583
2.3158693e-16
2.2829674e-16
2.1413456e-16
2.2458449e-16
2.1610948e-16
2.3433837e-16
2.510567e-16
2.2624525e-16
2.3509308e-16
0.020504594
0.05901286
0.096499052
0.11309121
0.11359148
0.11489126
0.095153291
0.05864994
0.020454359
2.6714664e-16
2.6457004e-16
2.510547e-16
0.090495423
0.089419599
0.089214089
0.016521151
0.047347161
0.07674149
2.6878243e-16
2.8436752e-16
2.1626008e-16
0.091962585
0.099251318
0.10931517
0.093117242
0.098879639
0.10762835
0.020626863
0.059478223
0.097593971
0.11634773
0.11728615
0.11747761
0.092379633
0.10004409
0.11060583
2.2758275e-16
2.2880153e-16
2.2963938e-16
0.019661445
0.056615187
0.09267075
0.11670989
0.11505659
0.11263486
2.4071143e-16
2.2512998e-16
2.0658596e-16
0.089112209
0.095872639
0.10522736
0.20283796
0.17115331
0.13641846
0.21816563
0.21729916
0.2144077
0.19792824
0.16767692
0.13426945
0.16684028
0.18376326
0.20503615
0.1640703
0.18008482
0.20011479
0.23129971
0.25274052
0.26887354
0.26996425
0.27459223
0.27601861
0.22486528
0.2450148
0.25997754
0.19087838
0.22272366
0.25653043
0.18707752
0.21703984
0.24848958
-0.015909231
-0.015912697
-0.01589226
-0.045769703
-0.045813685
-0.045770503
-0.074756711
-0.074928165
-0.074899175
-0.087612235
-0.087848608
-0.087833107
-0.085871421
-0.086071504
-0.086043909
-0.085745007
-0.08592266
-0.085881066
-0.073070071
-0.044595833
-0.015475564
-0.071357495
-0.043382386
-0.015027883
-0.070974196
-0.042964151
-0.014852528
2.554942e-16
2.0253062e-16
2.4049409e-16
2.5824104e-16
2.4083036e-16
2.5922501e-16
2.517506e-16
2.5845141e-16
2.7553306e-16
-0.015548861
-0.044726967
-0.073055461
-0.015123697
-0.043573539
-0.071421676
-0.014969806
-0.043211372
-0.071109086
-0.071225224
-0.071282123
-0.071205698
-0.043147105
-0.043106777
-0.043029052
-0.014923567
-0.014895774
-0.014862515
0.074756711
0.074928165
0.074899175
0.045769703
0.045813685
0.045770503
0.015909231
0.015912697
0.01589226
0.015475564
0.044595833
0.073070071
0.015027883
0.043382386
0.071357495
0.014852528
0.042964151
0.070974196
0.087833107
0.087848608
0.087612235
0.086043909
0.086071504
0.085871421
0.085881066
0.08592266
0.085745007
0.073055461
0.044726967
0.015548861
0.071421676
0.043573539
0.015123697
0.071109086
0.043211372
0.014969806
0.014923567
0.014895774
0.014862515
0.043147105
0.043106777
0.043029052
0.071225224
0.071282123
0.071205698
0.074517177
0.073819933
0.072913748
0.04553651
0.045133738
0.044635061
0.015810832
0.015675857
0.015513366
2.5592417e-16
2.2820833e-16
2.4319991e-16
2.4344783e-16
2.4520541e-16
2.4477788e-16
2.5407373e-16
2.4342396e-16
2.4828135e-16
0.015088378
0.043407953
0.070914101
0.014676134
0.042289559
0.069330033
0.014510757
0.04189273
0.068954742
0.085504939
0.086579318
0.087394997
0.083812557
0.084834977
0.085617632
0.083624843
0.084653228
0.085444045
0.014785139
0.014669807
0.014542134
0.04280555
0.042454861
0.042048998
0.0708366
0.070207741
0.069423669
0.150287
0.15137361
0.15160314
0.12889769
0.12962368
0.12973951
0.10371415
0.10412745
0.10415609
0.10184774
0.12738043
0.15064078
0.10025054
0.1269506
0.15354352
0.10043674
0.12850602
0.15702222
0.16282932
0.16250626
0.16114303
0.16789005
0.16754136
0.16608986
0.17275295
0.17238125
0.17083335
0.14878916
0.12632505
0.10141506
0.15152881
0.12587596
0.099875476
0.15486613
0.12738712
0.10010611
0.1007543
0.10107344
0.10106105
0.12888225
0.1296016
0.12970528
0.15759318
0.15884272
0.1591132
0.15079617
0.14905002
0.1464849
0.12906702
0.12768268
0.12570561
0.10362375
0.10258674
0.10116523
0.098453603
0.12261408
0.14430395
0.096958742
0.12217044
0.14693235
0.097088245
0.12352684
0.15006077
0.15700614
0.15997098
0.16194767
0.16181348
0.16492476
0.16698087
0.16635343
0.16964686
0.17180408
0.10053527
0.099547827
0.098213781
0.12902059
0.1276215
0.12561002
0.15824792
0.15634677
0.15349313
-0.020574887
-0.020675364
-0.020678046
-0.059253711
-0.059590395
-0.05962164
-0.097005753
-0.097698134
-0.097815145
-0.10990701
-0.11069601
-0.1108422
-0.099638609
-0.10017525
-0.10024636
-0.092196386
-0.092542063
-0.092557078
-0.09211013
-0.05616291
-0.019482065
-0.083409083
-0.05093405
-0.017680737
-0.077094113
-0.047125026
-0.016365357
2.20193e-16
2.2568705e-16
2.2910444e-16
2.3166198e-16
2.1797154e-16
2.3419361e-16
2.489066e-16
2.1975946e-16
2.4468603e-16
-0.019398039
-0.055816147
-0.091236675
-0.017664657
-0.050796691
-0.082920746
-0.016401462
-0.047147628
-0.076897866
0.094908372
0.09512263
0.095963894
0.058472569
0.058451735
0.058772181
0.020389002
0.020357303
0.020436021
2.5438312e-16
2.4084364e-16
2.3261699e-16
2.8022015e-16
2.5629434e-16
2.1137008e-16
2.5208111e-16
2.2968205e-16
2.4571779e-16
0.019398039
0.055816147
0.091236675
0.017664657
0.050796691
0.082920746
0.016401462
0.047147628
0.076897866
0.10870339
0.10768196
0.10737532
0.098880217
0.098423797
0.098601905
0.091797512
0.091808665
0.092627668
0.090366726
0.055717189
0.01943473
0.083080874
0.051270936
0.017891239
0.078269235
0.048312691
0.016859976
0.016351635
0.016083001
0.015943356
0.046875978
0.046148835
0.045810165
0.076013959
0.074982393
0.074642155
0.097005753
0.097698134
0.097815145
0.059253711
0.059590395
0.05962164
0.020574887
0.020675364
0.020678046
0.019482065
0.05616291
0.09211013
0.017680737
0.05093405
0.083409083
0.016365357
0.047125026
0.077094113
0.1108422
0.11069601
0.10990701
0.10024636
0.10017525
0.099638609
0.092557078
0.092542063
0.092196386
0.097166178
0.09581159
0.093858463
0.0592171
0.058413236
0.057285576
0.020536095
0.020262093
0.019883335
2.2244716e-16
2.1032356e-16
2.173333e-16
2.0888158e-16
2.4103723e-16
2.2886966e-16
2.4578049e-16
2.2171524e-16
2.4163388e-16
0.018638601
0.053654095
0.087774694
0.017044499
0.049027111
0.08007222
0.015883463
0.045666498
0.074502779
0.10654218
0.10867543
0.11014626
0.096856478
0.098502134
0.099669551
0.089845134
0.091125245
0.092068052
0.19992393
0.20245775
0.20319814
0.16912737
0.17098314
0.1714808
0.13519298
0.13641976
0.13670233
0.12866442
0.16136566
0.19105171
0.11623644
0.14536012
0.1717669
0.10719226
0.13343369
0.15652613
0.20539638
0.20466742
0.20213868
0.18408901
0.18357001
0.18162758
0.16713415
0.16676401
0.165257
0.1868277
0.15841755
0.12688143
0.16865433
0.14330273
0.11507612
0.15429819
0.13206047
0.10650026
0.26359981
0.2679832
0.26933633
0.24813778
0.25198026
0.25316538
0.22746797
0.23070627
0.23169206
0.21747859
0.23659802
0.25077415
0.1939165
0.20837887
0.21850443
0.17355921
0.18163066
0.18812198
0.25698095
0.25578761
0.25180659
0.22311271
0.22230122
0.21941871
0.19121291
0.19070089
0.18871062
0.24313865
0.22993616
0.21188855
0.21306839
0.20352123
0.189734
0.18444006
0.17823792
0.17044482
-0.073111784
-0.073246611
-0.073207391
-0.044712003
-0.044732773
-0.044683268
-0.015533647
-0.015529088
-0.015506404
-0.07144677
-0.071544119
-0.071492383
-0.043534647
-0.043527267
-0.043468181
-0.015099564
-0.015084437
-0.015058155
-0.071109554
-0.071180382
-0.071113669
-0.043152724
-0.043123356
-0.043052757
-0.014938017
-0.014914396
-0.01488376
0.015533647
0.015529088
0.015506404
0.044712003
0.044732773
0.044683268
0.073111784
0.073246611
0.073207391
0.015099564
0.015084437
0.015058155
0.043534647
0.043527267
0.043468181
0.07144677
0.071544119
0.071492383
0.014938017
0.014914396
0.01488376
0.043152724
0.043123356
0.043052757
0.071109554
0.071180382
0.071113669
0.01542887
0.015303578
0.015156411
0.044460278
0.044084843
0.0436299
0.072842606
0.072188348
0.071350633
0.01498351
0.014866953
0.014734281
0.043253055
0.042901177
0.042485043
0.071138846
0.070517062
0.069731907
0.014807896
0.014692956
0.014564595
0.042833734
0.04248482
0.04207817
0.070752344
0.070129098
0.069348283
0.10164758
0.10201549
0.10203113
0.12682901
0.12750373
0.12760512
0.14960559
0.15067669
0.15090156
0.10008584
0.10042498
0.10043155
0.12639111
0.12707139
0.1271742
0.15241972
0.15356205
0.15380954
0.1003016
0.10062837
0.10062399
0.12792361
0.12863258
0.12873786
0.15581939
0.15703431
0.15729775
0.10152071
0.10053824
0.09920222
0.12695674
0.12563211
0.12374851
0.1501084
0.14839265
0.14586698
0.099931763
0.09897707
0.097683094
0.12652901
0.12520779
0.12331943
0.15299808
0.15122461
0.14859051
0.10011013
0.099137852
0.097821399
0.12806875
0.12669818
0.12472903
0.15645335
0.15459943
0.15182252
-0.091653474
-0.092228775
-0.092312881
-0.056006592
-0.05627826
-0.056293657
-0.019451621
-0.019530676
-0.01952861
-0.083176407
-0.083552707
-0.083581263
-0.050896274
-0.051056621
-0.051044153
-0.01768816
-0.017730417
-0.017719789
-0.077032856
-0.077258327
-0.077244453
-0.047179848
-0.047255398
-0.047220748
-0.016402686
-0.016416861
-0.016399226
0.019369952
0.019311399
0.019349911
0.055541296
0.055438282
0.055637154
0.090122335
0.090187688
0.090810865
0.01782448
0.017695274
0.017651941
0.051088159
0.050773241
0.05072463
0.082820231
0.082505931
0.082685781
0.016753606
0.016527231
0.016418777
0.048017256
0.047413261
0.047166648
0.0778258
0.077007169
0.076824886
0.019451621
0.019530676
0.01952861
0.056006592
0.05627826
0.056293657
0.091653474
0.092228775
0.092312881
0.01768816
0.017730417
0.017719789
0.050896274
0.051056621
0.051044153
0.083176407
0.083552707
0.083581263
0.016402686
0.016416861
0.016399226
0.047179848
0.047255398
0.047220748
0.077032856
0.077258327
0.077244453
0.019401129
0.019159399
0.018829541
0.055929675
0.055218915
0.054233766
0.091726531
0.090524424
0.088809123
0.017615757
0.017427496
0.01718059
0.050746172
0.050189735
0.049446046
0.083097926
0.082148852
0.080836016
0.016311894
0.01616287
0.015977957
0.046970065
0.046527002
0.045963794
0.076835979
0.07607336
0.075061479
0.12766393
0.12870515
0.12892754
0.15967114
0.16126804
0.16167374
0.18857347
0.19077807
0.19139486
0.11560931
0.11633927
0.11646382
0.14420862
0.14537376
0.14563231
0.1699725
0.17164739
0.17207626
0.10684478
0.10733995
0.10739263
0.13269628
0.13352801
0.1336767
0.15527128
0.15652189
0.15680509
0.21419403
0.217024
0.21785662
0.23267566
0.23600822
0.23700369
0.24629906
0.25007759
0.25121098
0.1914861
0.19365969
0.19425638
0.2055459
0.20803894
0.20873798
0.21535159
0.21810808
0.21888426
0.17178744
0.17344133
0.17386408
0.17968897
0.18148108
0.18194382
0.18602961
0.18795381
0.18845083
-0.1509312
-0.15834916
-0.15633221
-0.16449075
-0.15915685
-0.17002888
-0.17256831
-0.16401453
-0.1760707
-0.17881949
-0.16959823
-0.17002888
-0.17256831
-0.085226585
-0.08837315
-0.088288133
-0.21539192
-0.21027127
-0.21613735
-0.22662754
-0.084893292
-0.084797916
-0.086357502
-0.086167301
-0.083307822
-0.084893292
-0.084797916
-0.082015121
-0.26348491
-0.27180783
-0.27866566
-0.2880561
-0.26553634
-0.26348491
-0.27180783
-0.2519537
-0.11461186
-0.11597792
-0.17124709
-0.17270107
-0.1729425
-0.1786252
-0.17720755
-0.17448112
-0.17738769
-0.17895827
-0.17922089
-0.17588134
-0.1745044
-0.17186915
-0.084969438
-0.085099905
-0.084998224
-0.085128489
-0.085737649
-0.086114395
-0.08641533
-0.086513164
-0.086381697
-0.085250107
-0.085900736
-0.086301473
-0.15500736
-0.12695035
-0.099415747
-0.15689101
-0.12785306
-0.099568974
-0.1619777
-0.13115463
-0.10147701
-0.1599558
-0.13022795
-0.10139529
-0.17448112
-0.17720755
-0.1786252
-0.17124709
-0.17270107
-0.1729425
-0.17186915
-0.1745044
-0.17588134
-0.086114395
-0.085737649
-0.085128489
-0.084969438
-0.085099905
-0.084998224
-0.086301473
-0.085900736
-0.085250107
-0.15689101
-0.12785306
-0.099568974
-0.15500736
-0.12695035
-0.099415747
-0.17804579
-0.1755933
-0.1719436
-0.16572498
-0.16815929
-0.1694245
-0.17184758
-0.16956821
-0.16618471
-0.08584868
-0.084975415
-0.083885089
-0.083258134
-0.082903006
-0.082328122
-0.084492781
-0.083643688
-0.082578446
-0.15419687
-0.12562616
-0.097819809
-0.14963404
-0.12263995
-0.096050543
-0.1606291
-0.1656049
-0.17036992
-0.15869135
-0.15850799
-0.15730806
-0.1585138
-0.16332563
-0.16791081
-0.086446619
-0.084699585
-0.084571757
-0.088584936
-0.088664497
-0.088443379
-0.086438461
-0.084739424
-0.084646587
-0.14949288
-0.12784651
-0.10256584
-0.14793015
-0.12697354
-0.10226924
-0.15305574
-0.15769285
-0.16203264
-0.15274988
-0.15567851
-0.15770081
-0.083509266
-0.081917967
-0.081803413
-0.085885446
-0.087096214
-0.088039214
-0.14287429
-0.1226508
-0.098752812
-0.26711483
-0.27137338
-0.27244767
-0.27705043
-0.2840969
-0.28758494
-0.28277478
-0.28758808
-0.28879124
-0.26836343
-0.27494816
-0.27822126
-0.18524811
-0.21494763
-0.24605043
-0.1885493
-0.21994794
-0.2531775
-0.19613708
-0.23051561
-0.26737849
-0.19253377
-0.22495462
-0.2593506
-0.23965976
-0.25943766
-0.27330711
-0.27822126
-0.27494816
-0.26836343
-0.22815726
-0.24625555
-0.2587022
-0.21938478
-0.22395207
-0.22630552
-0.16649192
-0.17067777
-0.17444482
-0.16103597
-0.16499706
-0.16851575
-0.1643177
-0.16307149
-0.16073751
-0.17177861
-0.19009168
-0.21297031
-0.18524811
-0.21494763
-0.24605043
-0.16577576
-0.18262906
-0.20360883
-0.28758494
-0.2840969
-0.27705043
-0.26711483
-0.27137338
-0.27244767
-0.1885493
-0.21994794
-0.2531775
-0.28639124
-0.28072036
-0.27169389
-0.26514392
-0.26224563
-0.25635947
-0.27034474
-0.2653544
-0.25739355
-0.18524235
-0.21574245
-0.24771187
-0.17851609
-0.20659012
-0.23571299
-0.22868636
-0.24968568
-0.26536697
-0.21586872
-0.21519722
-0.2124856
-0.22289799
-0.24278426
-0.25746065
-0.16492683
-0.18172914
-0.20279254
-0.16251333
-0.17845382
-0.19836022
-0.20065069
-0.16934768
-0.13498059
-0.11530526
-0.11619096
-0.11629388
-0.19621657
-0.16621894
-0.13308542
-0.091145528
-0.098820992
-0.10937932
-0.090931252
-0.098225943
-0.10828945
-0.17719616
-0.17876349
-0.17902574
-0.17579973
-0.17734283
-0.17760115
-0.1731223
-0.17461397
-0.17486297
-0.15594454
-0.15708013
-0.15723203
-0.12747232
-0.12811815
-0.1281362
-0.099596917
-0.099870402
-0.099796824
-0.15841361
-0.16064003
-0.16181568
-0.12880183
-0.13025024
-0.13104457
-0.10005656
-0.10090703
-0.10140564
-0.1623418
-0.16218006
-0.16096175
-0.13145711
-0.13144918
-0.13077708
-0.10172079
-0.10182061
-0.10156684
-0.15979747
-0.1586478
-0.15648291
-0.13011826
-0.12932577
-0.12788819
-0.10132161
-0.10080437
-0.099922938
-0.085319225
-0.085441041
-0.085331969
-0.085962634
-0.086069786
-0.085947521
-0.086359494
-0.086458533
-0.086328144
-0.1731223
-0.17461397
-0.17486297
-0.17579973
-0.17734283
-0.17760115
-0.17719616
-0.17876349
-0.17902574
-0.16181568
-0.16064003
-0.15841361
-0.13104457
-0.13025024
-0.12880183
-0.10140564
-0.10090703
-0.10005656
-0.15723203
-0.15708013
-0.15594454
-0.1281362
-0.12811815
-0.12747232
-0.099796824
-0.099870402
-0.099596917
-0.15648291
-0.1586478
-0.15979747
-0.12788819
-0.12932577
-0.13011826
-0.099922938
-0.10080437
-0.10132161
-0.086359494
-0.086458533
-0.086328144
-0.085962634
-0.086069786
-0.085947521
-0.085319225
-0.085441041
-0.085331969
-0.17374584
-0.17141642
-0.16795254
-0.17644879
-0.17404331
-0.17046234
-0.17785345
-0.1754066
-0.17176523
-0.16130157
-0.15919854
-0.15612712
-0.13063694
-0.12909219
-0.1269323
-0.10109243
-0.10000982
-0.098595089
-0.15405176
-0.15299712
-0.15100155
-0.12552663
-0.12480713
-0.12349754
-0.097753859
-0.097291412
-0.096503135
-0.15142987
-0.15429225
-0.15625852
-0.12386727
-0.12590443
-0.12736508
-0.096796632
-0.098160681
-0.099202787
-0.085796216
-0.084923939
-0.08383456
-0.085423201
-0.084557514
-0.083475188
-0.084819898
-0.083964935
-0.082893526
-0.15953166
-0.16077643
-0.16097373
-0.1644194
-0.16574268
-0.16595873
-0.16909272
-0.1705035
-0.17073691
-0.155109
-0.15167625
-0.14879727
-0.12689328
-0.1253262
-0.12572551
-0.099124734
-0.09890008
-0.10045856
-0.14982055
-0.14970794
-0.1487289
-0.12813332
-0.12812058
-0.12748431
-0.10280472
-0.10286203
-0.10251841
-0.14727874
-0.14999688
-0.15329319
-0.1249506
-0.12450939
-0.12601405
-0.10024886
-0.098720207
-0.098961182
-0.084726314
-0.084865304
-0.084769294
-0.084835382
-0.084987725
-0.084896487
-0.086559736
-0.086739497
-0.086651349
-0.15997216
-0.15791572
-0.15492525
-0.16492724
-0.16279538
-0.15966953
-0.16966501
-0.16743781
-0.16414281
-0.14803403
-0.14492505
-0.14229983
-0.12177945
-0.12038403
-0.12077326
-0.09564519
-0.095445882
-0.096873923
-0.14447108
-0.14707112
-0.14889859
-0.12385663
-0.12588372
-0.12735282
-0.099577717
-0.10105651
-0.10217603
-0.084268826
-0.08342421
-0.082362946
-0.084396588
-0.083550029
-0.082484191
-0.086129703
-0.085240446
-0.084113525
-0.28231968
-0.28711722
-0.28831745
-0.27895032
-0.28363199
-0.28480612
-0.27216228
-0.27660075
-0.27771889
-0.24920709
-0.25286987
-0.25376259
-0.21720536
-0.21984969
-0.22043732
-0.18679564
-0.18861404
-0.18896016
-0.25776684
-0.26391487
-0.2669685
-0.22330617
-0.22789434
-0.23020279
-0.19091769
-0.19421484
-0.19590722
-0.26803928
-0.26703351
-0.26290734
-0.23105367
-0.23039481
-0.22746008
-0.19658122
-0.19620009
-0.19422107
-0.25896279
-0.25609025
-0.2503313
-0.22465524
-0.22245898
-0.21811326
-0.19231038
-0.1906777
-0.18751016
-0.23175036
-0.25042929
-0.26339328
-0.23675149
-0.25615401
-0.2697215
-0.23930987
-0.25904384
-0.27287972
-0.225006
-0.24263432
-0.25476788
-0.19997845
-0.21321343
-0.22167628
-0.17825086
-0.185294
-0.19050379
-0.25896279
-0.25609025
-0.2503313
-0.22465524
-0.22245898
-0.21811326
-0.19231038
-0.1906777
-0.18751016
-0.24193567
-0.2309725
-0.21474226
-0.21195357
-0.20417151
-0.191814
-0.18335838
-0.17849174
-0.1717922
-0.20650374
-0.21057576
-0.21268278
-0.18490001
-0.18815426
-0.18985764
-0.1675742
-0.17019685
-0.17158622
-0.16631613
-0.17049694
-0.17425861
-0.16504663
-0.16918599
-0.17290336
-0.16266179
-0.16670576
-0.17031831
-0.27216228
-0.27660075
-0.27771889
-0.27895032
-0.28363199
-0.28480612
-0.28231968
-0.28711722
-0.28831745
-0.2669685
-0.26391487
-0.25776684
-0.23020279
-0.22789434
-0.22330617
-0.19590722
-0.19421484
-0.19091769
-0.25376259
-0.25286987
-0.24920709
-0.22043732
-0.21984969
-0.21720536
-0.18896016
-0.18861404
-0.18679564
-0.27552942
-0.27033339
-0.26204039
-0.28248661
-0.2769932
-0.26823377
-0.2859273
-0.28027743
-0.2712832
-0.26591579
-0.26095566
-0.25309246
-0.22937538
-0.22559146
-0.21969997
-0.19525337
-0.19239987
-0.18808005
-0.24736622
-0.24479901
-0.23960834
-0.21547123
-0.21347767
-0.20950576
-0.18503773
-0.18353996
-0.18061722
-0.24049467
-0.24747623
-0.25187789
-0.21016289
-0.21548713
-0.21891212
-0.1811223
-0.18509921
-0.18773109
-0.2253995
-0.2284246
-0.22918884
-0.24576987
-0.24933225
-0.25024085
-0.26091316
-0.26495521
-0.26597969
-0.24760535
-0.23380625
-0.21505307
-0.21584664
-0.20597505
-0.19176517
-0.18585867
-0.1795049
-0.17157764
-0.20323997
-0.20268177
-0.20031211
-0.18212552
-0.18174689
-0.17993652
-0.16528333
-0.16503759
-0.16364725
-0.21002759
-0.2278572
-0.24082116
-0.18803414
-0.20167125
-0.21105569
-0.16884847
-0.17655134
-0.18265841
-0.13398987
-0.1351501
-0.13533051
-0.16763174
-0.16938687
-0.16975312
-0.19814764
-0.20053279
-0.20110289
-0.18898302
-0.15962555
-0.12725715
-0.16985307
-0.14369392
-0.1148471
-0.15468444
-0.13177717
-0.10579349
-0.10966889
-0.10960473
-0.10886754
-0.09907042
-0.099076936
-0.098595357
-0.091367836
-0.091429875
-0.091143298
-0.12570965
-0.15699302
-0.18518121
-0.11391397
-0.14192119
-0.16709876
-0.10533398
-0.13068766
-0.15278717
-0.15744126
-0.15860441
-0.15876031
-0.1596375
-0.16083677
-0.16099715
-0.16080099
-0.16201721
-0.16217877
-0.12841747
-0.12907318
-0.12908965
-0.12986798
-0.13053482
-0.13054679
-0.13066618
-0.13133781
-0.1313462
-0.10009898
-0.10036783
-0.10028789
-0.10097749
-0.10123726
-0.1011457
-0.10149286
-0.1017475
-0.10164863
-0.16080099
-0.16201721
-0.16217877
-0.1596375
-0.16083677
-0.16099715
-0.15744126
-0.15860441
-0.15876031
-0.13066618
-0.13133781
-0.1313462
-0.12986798
-0.13053482
-0.13054679
-0.12841747
-0.12907318
-0.12908965
-0.10149286
-0.1017475
-0.10164863
-0.10097749
-0.10123726
-0.1011457
-0.10009898
-0.10036783
-0.10028789
-0.16114093
-0.15904251
-0.15597755
-0.15997606
-0.15791047
-0.15489332
-0.15776861
-0.15576336
-0.15283792
-0.13052782
-0.12898596
-0.12682995
-0.12974098
-0.12821948
-0.12609222
-0.12830546
-0.12682095
-0.12474731
-0.10102161
-0.099940585
-0.098527604
-0.10052791
-0.099457347
-0.098057384
-0.099685397
-0.098632897
-0.097255157
-0.15419526
-0.15529771
-0.15544279
-0.15083856
-0.15187131
-0.1520013
-0.14804686
-0.14901004
-0.14911776
-0.12652072
-0.12715428
-0.12717152
-0.12499175
-0.12559105
-0.12559979
-0.12541752
-0.12600405
-0.12600416
-0.099140533
-0.099418057
-0.099348654
-0.098909595
-0.099190401
-0.099122757
-0.10045532
-0.10075594
-0.10068844
-0.15448856
-0.15256606
-0.14977513
-0.15107747
-0.14922894
-0.14657004
-0.14821006
-0.14641412
-0.14385531
-0.12641266
-0.12497664
-0.12297765
-0.12485732
-0.12346224
-0.12153443
-0.12525046
-0.12384393
-0.12191311
-0.098762122
-0.097730733
-0.096379896
-0.098540186
-0.097516323
-0.096177483
-0.10008548
-0.099024339
-0.09763436
-0.25363169
-0.25744451
-0.25837524
-0.25955912
-0.26357543
-0.26455529
-0.2625113
-0.26662422
-0.26762741
-0.22046193
-0.2231995
-0.22381062
-0.22491127
-0.22777701
-0.22841924
-0.22715609
-0.23008244
-0.23073971
-0.18911155
-0.1909809
-0.19133917
-0.19233594
-0.19427662
-0.19465001
-0.19399596
-0.19597019
-0.19635074
-0.22469617
-0.24228742
-0.25439461
-0.22240729
-0.23972411
-0.25161426
-0.21795462
-0.23466886
-0.24606566
-0.19972566
-0.21293729
-0.22138595
-0.19787915
-0.21091742
-0.2192447
-0.19432634
-0.20698484
-0.21502815
-0.17805016
-0.18508235
-0.19028632
-0.17657058
-0.18353628
-0.1886806
-0.17376447
-0.18057639
-0.18558022
-0.2625113
-0.26662422
-0.26762741
-0.25955912
-0.26357543
-0.26455529
-0.25363169
-0.25744451
-0.25837524
-0.22715609
-0.23008244
-0.23073971
-0.22491127
-0.22777701
-0.22841924
-0.22046193
-0.2231995
-0.22381062
-0.19399596
-0.19597019
-0.19635074
-0.19233594
-0.19427662
-0.19465001
-0.18911155
-0.1909809
-0.19133917
-0.26551181
-0.26056881
-0.25273231
-0.2624965
-0.25768216
-0.25003965
-0.25642089
-0.25185037
-0.24459392
-0.22906657
-0.22529381
-0.21941974
-0.22678296
-0.22309404
-0.21734571
-0.2222414
-0.21870956
-0.21321043
-0.19502629
-0.19217969
-0.18787074
-0.1933498
-0.19055583
-0.186324
-0.19008225
-0.18738512
-0.18330439
-0.24383449
-0.247318
-0.24816978
-0.23047718
-0.23356629
-0.23432338
-0.21224416
-0.21488667
-0.21552615
-0.21322657
-0.21575952
-0.21632301
-0.20360281
-0.20590677
-0.20642071
-0.18971498
-0.19173823
-0.19218048
-0.18416711
-0.18592668
-0.18626261
-0.17793149
-0.17957572
-0.17988947
-0.1701321
-0.17165863
-0.17194833
-0.18686882
-0.18894018
-0.1894063
-0.15821124
-0.15971512
-0.16000229
-0.12647278
-0.1274502
-0.12757891
-0.16836639
-0.16992661
-0.17022844
-0.14279259
-0.14387107
-0.14402454
-0.11442447
-0.11508907
-0.11512615
-0.15371284
-0.15485679
-0.15502334
-0.13128657
-0.1320299
-0.13207573
-0.10565189
-0.1060776
-0.10604327
