MFEM mesh v1.0

#
# MFEM Geometry Types (see mesh/geom.hpp):
#
# POINT       = 0
# SEGMENT     = 1
# TRIANGLE    = 2
# SQUARE      = 3
# TETRAHEDRON = 4
# CUBE        = 5
#

dimension
3

elements
6
1 5 8 17 18 7 10 19 20 9
1 5 10 19 20 9 3 12 13 4
1 5 9 20 6 5 4 13 1 0
1 5 21 22 14 15 10 9 4 3
1 5 16 15 24 23 2 3 12 11
1 5 15 14 25 24 3 4 13 12

boundary
24
21 3 7 18 17 8
21 3 8 17 19 10
21 3 17 18 20 19
21 3 18 7 9 20
21 3 7 8 10 9
21 3 5 6 20 9
21 3 10 19 12 3
21 3 2 3 12 11
21 3 19 20 13 12
21 3 20 6 1 13
21 3 6 5 0 1
21 3 5 9 4 0
21 3 4 13 1 0
21 3 15 14 22 21
21 3 21 22 9 10
21 3 15 21 10 3
21 3 16 15 3 2
21 3 22 14 4 9
21 3 23 24 15 16
21 3 24 25 14 15
21 3 23 16 2 11
21 3 24 23 11 12
21 3 14 25 13 4
21 3 25 24 12 13

vertices
26

nodes
FiniteElementSpace
FiniteElementCollection: H1_3D_P4
VDim: 3
Ordering: 0

-0.34715081
-0.28933241
-0.35824573
-0.36439324
-0.35824573
-0.35793389
-0.29059633
-0.38138571
-0.38905707
-0.37443101
-0.38159255
-0.29108888
-0.29394633
-0.29108888
-0.40615364
-0.41723435
-0.40615364
-0.2967613
-0.29389062
-0.29412508
-0.29132968
-0.47972374
-0.46325474
-0.30903013
-0.31435986
-0.30903013
-0.37215696
-0.34133168
-0.31186125
-0.29666366
-0.29595573
-0.29469428
-0.3656336
-0.33653934
-0.30844318
-0.3837317
-0.3870771
-0.38881832
-0.36583044
-0.336733
-0.30865829
-0.29402925
-0.29333519
-0.29210616
-0.3597157
-0.3322012
-0.30536389
-0.37661531
-0.37973821
-0.38136836
-0.38882511
-0.38713268
-0.38387781
-0.2966711
-0.29601716
-0.29485785
-0.29380261
-0.29316452
-0.29203797
-0.38116861
-0.37958879
-0.37655653
-0.35506118
-0.33303251
-0.30785995
-0.2938459
-0.29312824
-0.29186963
-0.34964465
-0.32875229
-0.304573
-0.36419335
-0.36275461
-0.3600644
-0.36722256
-0.3732476
-0.37896698
-0.29281839
-0.29243262
-0.29341932
-0.29008046
-0.28972389
-0.29065477
-0.36090113
-0.36661505
-0.37197667
-0.28968613
-0.28949485
-0.29057956
-0.34933903
-0.32840181
-0.30414012
-0.36061786
-0.36643162
-0.37191306
-0.28904598
-0.28922368
-0.29032779
-0.3419547
-0.32456875
-0.30238343
-0.3483549
-0.35210224
-0.35620065
-0.28901548
-0.28903983
-0.2899452
-0.34833471
-0.35199212
-0.35596145
-0.4792407
-0.47568847
-0.46854531
-0.41963551
-0.44101229
-0.45679402
-0.40956005
-0.41438734
-0.416891
-0.43177284
-0.45500738
-0.47250916
-0.39765129
-0.42902166
-0.46170298
-0.38928172
-0.41794066
-0.44722054
-0.36410046
-0.37860789
-0.39605059
-0.37087187
-0.38675415
-0.40602805
-0.416891
-0.41438734
-0.40956005
-0.40134196
-0.36837628
-0.33331799
-0.31057331
-0.31290806
-0.31418377
-0.39132516
-0.36030625
-0.32710656
-0.3600644
-0.36275461
-0.36419335
-0.29186963
-0.29312824
-0.2938459
-0.34964465
-0.32875229
-0.304573
-0.36410046
-0.37860789
-0.39605059
-0.29583677
-0.3015448
-0.3095016
-0.29276155
-0.29778388
-0.30476962
-0.39132516
-0.36030625
-0.32710656
-0.31418377
-0.31290806
-0.31057331
-0.29276155
-0.29778388
-0.30476962
-0.36759759
-0.33795481
-0.30940571
-0.37045006
-0.34005098
-0.31091261
-0.37195046
-0.34117661
-0.3117446
-0.37195694
-0.34118294
-0.31175149
-0.37050318
-0.34010299
-0.31096937
-0.3677368
-0.33809138
-0.30955619
-0.29657343
-0.29586589
-0.29460528
-0.29591986
-0.29521504
-0.29396122
-0.29476124
-0.29406241
-0.29282243
-0.3083373
-0.33639842
-0.36544607
-0.30758215
-0.33537534
-0.36408261
-0.30622353
-0.33347773
-0.36149611
-0.38351064
-0.38684926
-0.38858701
-0.38189713
-0.38518636
-0.38689802
-0.37879555
-0.38198687
-0.38364981
-0.36563616
-0.33658548
-0.30854519
-0.36422463
-0.33551528
-0.30773843
-0.3615519
-0.33353293
-0.30628581
-0.36359465
-0.33528756
-0.3077238
-0.35913963
-0.33258486
-0.30636085
-0.35502901
-0.33162654
-0.30655287
-0.29332409
-0.29263583
-0.29141939
-0.29233872
-0.29166101
-0.29046937
-0.29272282
-0.29203375
-0.29082857
-0.30448042
-0.33085313
-0.35763404
-0.30320761
-0.32835639
-0.3534776
-0.30339732
-0.32749904
-0.3496592
-0.37410476
-0.37715157
-0.37874772
-0.36861032
-0.37150587
-0.37303643
-0.36278309
-0.36554626
-0.36701855
-0.35488464
-0.33288895
-0.30774521
-0.35360268
-0.33185746
-0.30692985
-0.35123311
-0.32998169
-0.30548035
-0.34939451
-0.32721084
-0.30304765
-0.35330631
-0.3281814
-0.30300146
-0.35757454
-0.33079379
-0.30441246
-0.28991431
-0.28886371
-0.28905862
-0.28901241
-0.28800667
-0.28821665
-0.28935751
-0.28834095
-0.2883623
-0.3033134
-0.3272127
-0.34766814
-0.30211391
-0.32508592
-0.34444749
-0.30197472
-0.32423217
-0.34203324
-0.35857531
-0.36421947
-0.36954055
-0.35435673
-0.35949781
-0.3643369
-0.35020335
-0.35444392
-0.35878782
-0.34790249
-0.32748388
-0.30364904
-0.3445566
-0.32521528
-0.30227387
-0.34205418
-0.32425518
-0.30200107
-0.43140074
-0.42868479
-0.4234057
-0.45458689
-0.45150728
-0.44542808
-0.4720484
-0.46864669
-0.46183879
-0.46127955
-0.45814685
-0.451876
-0.42868863
-0.42624916
-0.42143577
-0.39739405
-0.39551502
-0.39187553
-0.44161126
-0.42767182
-0.40849722
-0.41372651
-0.40358014
-0.38885829
-0.38637647
-0.37955429
-0.3709815
-0.39911398
-0.4034571
-0.40571864
-0.38107215
-0.38462625
-0.38649666
-0.36612165
-0.36908076
-0.37065393
-0.41942043
-0.44014398
-0.45548738
-0.39775355
-0.41346319
-0.424435
-0.37826325
-0.38726565
-0.39454242
-0.32892123
-0.3316451
-0.33311374
-0.3627337
-0.36625606
-0.36811991
-0.39437373
-0.39874488
-0.40102804
-0.39911398
-0.4034571
-0.40571864
-0.38107215
-0.38462625
-0.38649666
-0.36612165
-0.36908076
-0.37065393
-0.39113538
-0.36026536
-0.32730805
-0.37395815
-0.3465968
-0.31742804
-0.35985772
-0.33624394
-0.31024738
-0.3093444
-0.30820467
-0.3061315
-0.30141693
-0.30049514
-0.29884383
-0.29573009
-0.29496268
-0.29361047
-0.32179205
-0.35307004
-0.38215009
-0.31305112
-0.34086188
-0.36666004
-0.3066915
-0.33161924
-0.35392037
-0.35123311
-0.35360268
-0.35488464
-0.32998169
-0.33185746
-0.33288895
-0.30548035
-0.30692985
-0.30774521
-0.33311374
-0.3316451
-0.32892123
-0.36811991
-0.36625606
-0.3627337
-0.40102804
-0.39874488
-0.39437373
-0.38215009
-0.35307004
-0.32179205
-0.36666004
-0.34086188
-0.31305112
-0.35392037
-0.33161924
-0.3066915
-0.3061315
-0.30820467
-0.3093444
-0.29884383
-0.30049514
-0.30141693
-0.29361047
-0.29496268
-0.29573009
-0.37175073
-0.34102801
-0.31163482
-0.37025321
-0.33990411
-0.31080363
-0.36740603
-0.3378112
-0.30929823
-0.37029983
-0.33994977
-0.31085348
-0.36882295
-0.33883822
-0.31002767
-0.36601557
-0.33677014
-0.30853406
-0.36753863
-0.33794131
-0.30944166
-0.36610094
-0.33685399
-0.30862695
-0.36337235
-0.33483536
-0.30715683
-0.36340362
-0.33514222
-0.30761153
-0.36202281
-0.33409164
-0.3068151
-0.35941549
-0.33215037
-0.30538325
-0.35895653
-0.3324451
-0.30625117
-0.3576325
-0.33143547
-0.30547283
-0.35515491
-0.32958459
-0.30408161
-0.3548516
-0.3314881
-0.30644181
-0.35358149
-0.33049225
-0.3056575
-0.35122545
-0.32868232
-0.30426377
-0.3555537
-0.32947961
-0.30354298
-0.35143631
-0.3269638
-0.30218212
-0.34767432
-0.32604731
-0.30223779
-0.3515458
-0.32707645
-0.30231593
-0.34778821
-0.32476528
-0.30102766
-0.3444557
-0.32402235
-0.30112294
-0.34787202
-0.3262645
-0.30250245
-0.34453564
-0.32411209
-0.30123211
-0.34187374
-0.32337798
-0.30115232
-0.45508265
-0.45206987
-0.4460706
-0.43977071
-0.43701721
-0.43160908
-0.41908798
-0.41663684
-0.41189578
-0.42411379
-0.42174756
-0.41710268
-0.41315943
-0.41094143
-0.4066413
-0.39747614
-0.39545308
-0.39158062
-0.39429313
-0.39245443
-0.38891035
-0.38702482
-0.38526728
-0.38191079
-0.37803569
-0.37636133
-0.37319587
-0.38487715
-0.38879704
-0.39085281
-0.35522642
-0.35836643
-0.36003587
-0.32339435
-0.32581387
-0.32712552
-0.36884401
-0.37203309
-0.37372466
-0.34255257
-0.34505956
-0.34641015
-0.31429743
-0.31622149
-0.31727987
-0.35566822
-0.35826748
-0.35966392
-0.33295675
-0.33498197
-0.33609016
-0.30768225
-0.30924845
-0.31012422
-0.39085281
-0.38879704
-0.38487715
-0.36003587
-0.35836643
-0.35522642
-0.32712552
-0.32581387
-0.32339435
-0.37372466
-0.37203309
-0.36884401
-0.34641015
-0.34505956
-0.34255257
-0.31727987
-0.31622149
-0.31429743
-0.35966392
-0.35826748
-0.35566822
-0.33609016
-0.33498197
-0.33295675
-0.31012422
-0.30924845
-0.30768225
0.15089524
0.15787405
-0.091303978
2.9704968e-16
0.091303978
0.16068586
0.17173982
0.092998901
2.9546643e-16
0.091154634
3.0960452e-16
-0.08932113
3.2123222e-16
0.08932113
0.11334521
3.3973247e-16
-0.11334521
2.5928073e-16
0.087356359
2.9152465e-16
0.085895869
2.6346234e-16
0.12024882
-0.11564168
2.8376897e-16
0.11564168
2.8972098e-16
2.7535727e-16
2.8775077e-16
0.015084968
0.043668235
0.072254176
0.090616164
0.088140502
0.087415552
0.077620114
0.047463759
0.016485735
3.1641578e-16
2.9277411e-16
3.0682266e-16
0.014957624
0.043211702
0.071231349
0.088945195
0.086607498
0.085935619
0.076225003
0.046741048
0.016260256
2.9253349e-16
3.0082257e-16
3.1115749e-16
2.6418548e-16
2.8276648e-16
2.873092e-16
0.087300184
0.086898996
0.086249939
0.092930819
0.092447934
0.091632475
3.0082947e-16
3.0604554e-16
3.1025779e-16
0.015917168
0.045764632
0.074667928
0.090495423
0.089419599
0.089214089
0.016521151
0.047347161
0.07674149
3.3647968e-16
3.2695291e-16
3.1202493e-16
2.8027416e-16
3.0543521e-16
2.8645003e-16
0.087469948
0.085759399
0.08565399
0.090785058
0.090323234
0.090736551
0.15660362
0.12833136
0.10055882
0.16255956
0.16656143
0.17016528
0.15211937
0.13079208
0.10550734
0.1494404
0.12834948
0.10343814
0.15167247
0.15408858
0.15665239
0.14576648
0.12818847
0.10512039
0.16007141
0.16493679
0.16958679
0.15195994
0.15527244
0.1588859
0.021347031
0.061424271
0.10038993
0.11398714
0.11611165
0.11883121
0.095153291
0.05864994
0.020454359
3.1803247e-16
2.6484664e-16
2.7372033e-16
2.9620119e-16
2.6836285e-16
2.7130833e-16
0.094173554
0.10228573
0.11332984
0.093117242
0.098879639
0.10762835
3.2641661e-16
3.3540242e-16
3.0115706e-16
-0.020454359
-0.05864994
-0.095153291
3.0629391e-16
3.0778998e-16
2.8727445e-16
-0.096499052
-0.05901286
-0.020504594
-0.11309121
-0.11359148
-0.11489126
-0.07674149
-0.047347161
-0.016521151
-0.074667928
-0.045764632
-0.015917168
-0.090495423
-0.089419599
-0.089214089
-0.093117242
-0.098879639
-0.10762835
3.1814995e-16
2.9465457e-16
2.8717709e-16
-0.091962585
-0.099251318
-0.10931517
0.11309121
0.11359148
0.11489126
0.020504594
0.05901286
0.096499052
0.091962585
0.099251318
0.10931517
0.075557591
0.073255481
0.072393412
0.046144404
0.044559285
0.043837433
0.016018772
0.015440062
0.01515742
2.9437107e-16
2.7602706e-16
2.9046187e-16
3.0811957e-16
2.8651527e-16
2.87167e-16
3.0104955e-16
2.8456503e-16
2.9960823e-16
0.015077836
0.04364598
0.072210592
0.015031811
0.043495586
0.071912182
0.014972944
0.043287717
0.071451818
0.087358532
0.088082405
0.090553858
0.086953291
0.08766773
0.090108267
0.086294643
0.086987979
0.089368248
0.077565677
0.047433653
0.016475763
0.077188234
0.047226699
0.01640884
0.076567746
0.046904314
0.016307856
0.015825928
0.015282779
0.015021862
0.045514697
0.044025954
0.043359762
0.074310632
0.072142696
0.071346427
2.960994e-16
2.959075e-16
3.1166815e-16
3.046039e-16
3.0401249e-16
3.1264963e-16
3.1191619e-16
2.9188698e-16
3.1541204e-16
0.014969806
0.043211372
0.071109086
0.015123697
0.043573539
0.071421676
0.015548861
0.044726967
0.073055461
0.085678155
0.086328336
0.088588099
0.0857615
0.086301444
0.088367716
0.087408017
0.087765434
0.089253338
0.075936607
0.046622598
0.016228928
0.075751551
0.046632756
0.01625329
0.076261059
0.047032921
0.016406941
0.016351635
0.016083001
0.015943356
0.046875978
0.046148835
0.045810165
0.076013959
0.074982393
0.074642155
0.15101502
0.15294354
0.15537056
0.12829389
0.12703429
0.12778766
0.10308118
0.10084065
0.10042622
0.10010611
0.12738712
0.15486613
0.099875476
0.12587596
0.15152881
0.10141506
0.12632505
0.14878916
0.16807181
0.16458761
0.16071193
0.16353784
0.16041411
0.15692072
0.15879693
0.15604741
0.15324465
0.15062409
0.12980493
0.10490761
0.1477705
0.12811263
0.10419095
0.14571643
0.12768813
0.10452191
0.104201
0.1031787
0.10319187
0.12732498
0.12694153
0.1277979
0.1453737
0.14657744
0.14846883
0.020552809
0.05894128
0.095665449
0.020815557
0.059764287
0.097245388
0.021155184
0.060831192
0.099290348
0.020133263
0.057918984
0.094626887
0.018224962
0.052395855
0.085488175
0.016814672
0.048323875
0.078777098
0.11213816
0.10988468
0.10816445
0.10147003
0.1000964
0.099211079
0.093665525
0.092986121
0.093068679
0.090366726
0.055717189
0.01943473
0.083080874
0.051270936
0.017891239
0.078269235
0.048312691
0.016859976
3.1349062e-16
3.0827582e-16
2.7116992e-16
3.4929189e-16
3.2302992e-16
2.7993488e-16
3.5484974e-16
3.3032375e-16
3.1914985e-16
-0.095963894
-0.058772181
-0.020436021
-0.09512263
-0.058451735
-0.020357303
-0.094908372
-0.058472569
-0.020389002
-0.090366726
-0.055717189
-0.01943473
-0.083080874
-0.051270936
-0.017891239
-0.078269235
-0.048312691
-0.016859976
3.1834796e-16
2.987588e-16
2.7772229e-16
3.1675128e-16
3.0762469e-16
2.9162265e-16
3.0497296e-16
2.9070934e-16
3.0834639e-16
-0.019398039
-0.055816147
-0.091236675
-0.017664657
-0.050796691
-0.082920746
-0.016401462
-0.047147628
-0.076897866
-0.10870339
-0.10768196
-0.10737532
-0.098880217
-0.098423797
-0.098601905
-0.091797512
-0.091808665
-0.092627668
-0.076013959
-0.046875978
-0.016351635
-0.074982393
-0.046148835
-0.016083001
-0.074642155
-0.045810165
-0.015943356
0.020436021
0.058772181
0.095963894
0.020357303
0.058451735
0.09512263
0.020389002
0.058472569
0.094908372
0.10737532
0.10768196
0.10870339
0.098601905
0.098423797
0.098880217
0.092627668
0.091808665
0.091797512
0.091236675
0.055816147
0.019398039
0.082920746
0.050796691
0.017664657
0.076897866
0.047147628
0.016401462
0.016009666
0.015432055
0.015149929
0.046117032
0.044534836
0.0438143
0.075507253
0.073209349
0.072348679
0.015949824
0.015379933
0.01510209
0.045930147
0.044368917
0.043659256
0.075161726
0.07289338
0.072045106
0.015862687
0.015308268
0.01503937
0.045647606
0.044128245
0.043441476
0.074604369
0.072394637
0.071572964
0.015804842
0.015281308
0.01502903
0.045426639
0.043990635
0.043346533
0.074069607
0.071977377
0.071206757
0.015866213
0.015392331
0.01517439
0.045541827
0.044240794
0.043686866
0.074051941
0.072147735
0.071493861
0.016098163
0.015752228
0.015582549
0.046166225
0.045218323
0.044794996
0.074913384
0.073538052
0.073063944
0.1025336
0.10036616
0.099960028
0.12736686
0.12613521
0.12684917
0.14950111
0.15134411
0.15366749
0.10203389
0.1000378
0.09972104
0.12590027
0.12470269
0.12537443
0.14676287
0.14833399
0.1504308
0.10278798
0.10135991
0.10120274
0.12593395
0.12512173
0.12581081
0.14475039
0.14595459
0.14777965
0.019978466
0.057434923
0.093711604
0.019713796
0.056589217
0.09204507
0.019515262
0.055956267
0.090790656
0.018130584
0.052090369
0.08487852
0.018005032
0.05165653
0.083921998
0.017938587
0.051412824
0.083338685
0.01676881
0.048162499
0.078414981
0.016748932
0.04804329
0.078010769
0.016838262
0.04825686
0.078205017
-0.090122335
-0.055541296
-0.019369952
-0.090187688
-0.055438282
-0.019311399
-0.090810865
-0.055637154
-0.019349911
-0.082820231
-0.051088159
-0.01782448
-0.082505931
-0.050773241
-0.017695274
-0.082685781
-0.05072463
-0.017651941
-0.0778258
-0.048017256
-0.016753606
-0.077007169
-0.047413261
-0.016527231
-0.076824886
-0.047166648
-0.016418777
0.019369952
0.055541296
0.090122335
0.019311399
0.055438282
0.090187688
0.019349911
0.055637154
0.090810865
0.01782448
0.051088159
0.082820231
0.017695274
0.050773241
0.082505931
0.017651941
0.05072463
0.082685781
0.016753606
0.048017256
0.0778258
0.016527231
0.047413261
0.077007169
0.016418777
0.047166648
0.076824886
0.14945863
0.15633221
0.15915685
0.16449075
0.15915685
0.090262432
0.088288133
1.2916978e-16
1.1053613e-16
0.090084957
0.09191693
0.17002888
0.1760707
0.17002888
0.21613735
0.22662754
0.21613735
1.3546719e-16
1.2657589e-16
0.086357502
0.084893292
0.12353354
0.11908157
0.26348491
0.27866566
0.26348491
1.3228174e-16
1.2144732e-16
1.1980953e-16
1.2004559e-16
1.2131229e-16
1.3574761e-16
1.16604e-16
1.155736e-16
1.3289723e-16
1.1287366e-16
8.7105679e-17
9.1991638e-17
0.089552783
0.08711644
0.086414452
0.086301473
0.085900736
0.085250107
0.087893809
0.085590894
0.084934914
0.090560057
0.091370178
0.091849406
0.016283932
0.04688939
0.076701471
0.014902674
0.043147465
0.071413712
0.014769769
0.042678249
0.070380474
0.016056302
0.046163604
0.075310643
0.16649192
0.17067777
0.17444482
0.17588134
0.1745044
0.17186915
0.16103597
0.16499706
0.16851575
0.1643177
0.16307149
0.16073751
0.15519433
0.13277622
0.10660583
0.1599558
0.13022795
0.10139529
0.15500736
0.12695035
0.099415747
0.1505937
0.12938092
0.10429827
0.086438461
0.084739424
0.084646587
0.089472391
0.088410032
0.088196537
0.089733496
0.089261146
0.089668962
0.1585138
0.16332563
0.16791081
0.15024146
0.15264431
0.15515387
0.15051588
0.15379964
0.15737659
0.14793015
0.12697354
0.10226924
0.14433866
0.12684373
0.10395195
0.12338902
0.12233846
0.1203903
0.20240951
0.17223151
0.1381924
0.21938478
0.22395207
0.22630552
0.21183865
0.17963025
0.14360731
0.095178627
0.10401121
0.11603422
0.093085637
0.10117007
0.11218353
0.16577576
0.18262906
0.20360883
0.17177861
0.19009168
0.21297031
0.22630552
0.22395207
0.21938478
0.23965976
0.25943766
0.27330711
0.26836343
0.27494816
0.27822126
0.22815726
0.24625555
0.2587022
0.16073751
0.16307149
0.1643177
0.17186915
0.1745044
0.17588134
0.16103597
0.16499706
0.16851575
0.16577576
0.18262906
0.20360883
0.19253377
0.22495462
0.2593506
0.18524811
0.21494763
0.24605043
0.22815726
0.24625555
0.2587022
0.27822126
0.27494816
0.26836343
0.18524811
0.21494763
0.24605043
1.3370387e-16
1.1457496e-16
1.4382352e-16
1.2314263e-16
1.3591826e-16
1.2610214e-16
1.4044916e-16
1.1942993e-16
1.1220037e-16
0.01582096
0.015249965
0.014973361
0.045581093
0.044017781
0.043312278
0.074656086
0.0723879
0.071548768
0.014895393
0.014848211
0.014786891
0.043124903
0.042972062
0.042758588
0.071369996
0.071070231
0.070605336
0.014833268
0.015089772
0.015625969
0.042824719
0.043479065
0.044948264
0.070495331
0.071275307
0.073413126
0.016104561
0.016206534
0.016273904
0.046327992
0.046651841
0.046859243
0.075652795
0.076271492
0.076647296
0.089491029
0.08705877
0.086357687
0.089049007
0.086646709
0.085953698
0.088314211
0.085970199
0.085295266
0.10401141
0.10169192
0.10126874
0.13008143
0.12882979
0.12966342
0.15399184
0.15610557
0.15866989
0.10132161
0.10080437
0.099922938
0.13011826
0.12932577
0.12788819
0.15979747
0.1586478
0.15648291
0.099289145
0.099690423
0.10189437
0.12642618
0.1256789
0.12690394
0.15381765
0.15144229
0.14951206
0.10491371
0.1059349
0.10652261
0.13034758
0.13183658
0.13266128
0.15194252
0.15395511
0.15504449
0.16631613
0.17049694
0.17425861
0.16504663
0.16918599
0.17290336
0.16266179
0.16670576
0.17031831
0.088222579
0.086753923
0.086390071
0.087324337
0.085286002
0.084750061
0.087539131
0.085312035
0.084674538
0.098961182
0.098720207
0.10024886
0.12601405
0.12450939
0.1249506
0.15329319
0.14999688
0.14727874
0.10204304
0.10204227
0.10305165
0.12645195
0.12562307
0.1259981
0.14699852
0.1451543
0.14395706
0.10334202
0.10299732
0.10370396
0.12633257
0.12673776
0.12840691
0.14427814
0.14630209
0.14911808
0.15920858
0.16304867
0.1664542
0.15545443
0.15892284
0.16197893
0.1518071
0.1545936
0.15728535
0.2115462
0.2094147
0.20530326
0.17939835
0.17770826
0.17448201
0.14343232
0.14216982
0.13979819
0.1159082
0.11499071
0.11330578
0.10391441
0.10321634
0.10196852
0.09510387
0.094568327
0.093645983
0.1301618
0.16227373
0.19068407
0.1172739
0.14593159
0.17141268
0.10778674
0.13358825
0.15600634
0.20650374
0.21057576
0.21268278
0.18490001
0.18815426
0.18985764
0.1675742
0.17019685
0.17158622
0.1990584
0.16877713
0.13486776
0.17803668
0.15091175
0.12078984
0.16118552
0.13737969
0.11041253
0.26339328
0.2697215
0.27287972
0.25042929
0.25615401
0.25904384
0.23175036
0.23675149
0.23930987
0.20650374
0.21057576
0.21268278
0.18490001
0.18815426
0.18985764
0.1675742
0.17019685
0.17158622
0.225006
0.24263432
0.25476788
0.19997845
0.21321343
0.22167628
0.17825086
0.185294
0.19050379
0.25896279
0.25609025
0.2503313
0.22465524
0.22245898
0.21811326
0.19231038
0.1906777
0.18751016
0.24193567
0.2309725
0.21474226
0.21195357
0.20417151
0.191814
0.18335838
0.17849174
0.1717922
0.16266179
0.16504663
0.16631613
0.16670576
0.16918599
0.17049694
0.17031831
0.17290336
0.17425861
0.27287972
0.2697215
0.26339328
0.25904384
0.25615401
0.25042929
0.23930987
0.23675149
0.23175036
0.21474226
0.2309725
0.24193567
0.191814
0.20417151
0.21195357
0.1717922
0.17849174
0.18335838
0.2503313
0.25609025
0.25896279
0.21811326
0.22245898
0.22465524
0.18751016
0.1906777
0.19231038
0.0158118
0.015241881
0.01496575
0.015751505
0.015189139
0.014916962
0.015663393
0.015116163
0.014852234
0.04555368
0.043993223
0.043288917
0.045366319
0.043826333
0.043131995
0.045082316
0.043583203
0.042909824
0.074606005
0.072341915
0.071504011
0.074262035
0.072026693
0.071199871
0.07370638
0.07152799
0.070724919
0.10393286
0.10161753
0.10119433
0.10338609
0.10109754
0.10067723
0.10244466
0.10020742
0.099793874
0.12997298
0.12872332
0.12955418
0.12919572
0.12795699
0.12876976
0.12779965
0.12657508
0.12734803
0.15384282
0.15595391
0.15851293
0.15277956
0.15485832
0.15738187
0.15081138
0.1528161
0.15525649
0.10135231
0.099219147
0.09882293
0.10086191
0.098894529
0.098578473
0.10163094
0.10022214
0.10005448
0.12598992
0.12479052
0.12549658
0.1245457
0.12337441
0.12403143
0.12459884
0.12380107
0.12446459
0.14801686
0.14986231
0.15213665
0.1453137
0.14688789
0.14893889
0.1433277
0.14452998
0.14630861
0.13471446
0.13360834
0.13154702
0.16857248
0.16707855
0.16424387
0.19879796
0.19689719
0.19324756
0.12067106
0.1198226
0.11827694
0.1507508
0.14958446
0.14740848
0.17782644
0.17630048
0.17340763
0.11031993
0.1096639
0.10850532
0.13725332
0.13634289
0.13468238
0.16101726
0.15980272
0.15753645
0.21795462
0.22240729
0.22469617
0.23466886
0.23972411
0.24228742
0.24606566
0.25161426
0.25439461
0.19432634
0.19787915
0.19972566
0.20698484
0.21091742
0.21293729
0.21502815
0.2192447
0.22138595
0.17376447
0.17657058
0.17805016
0.18057639
0.18353628
0.18508235
0.18558022
0.1886806
0.19028632
0.22469617
0.22240729
0.21795462
0.24228742
0.23972411
0.23466886
0.25439461
0.25161426
0.24606566
0.19972566
0.19787915
0.19432634
0.21293729
0.21091742
0.20698484
0.22138595
0.2192447
0.21502815
0.17805016
0.17657058
0.17376447
0.18508235
0.18353628
0.18057639
0.19028632
0.1886806
0.18558022
