MFEM mesh v1.0

#
# MFEM Geometry Types (see mesh/geom.hpp):
#
# POINT       = 0
# SEGMENT     = 1
# TRIANGLE    = 2
# SQUARE      = 3
# TETRAHEDRON = 4
# CUBE        = 5
#

dimension
3

elements
8
1 5 18 19 21 20 24 25 27 26
1 5 20 21 23 22 26 27 29 28
1 5 22 23 14 15 28 29 16 17
1 5 23 12 4 14 29 13 5 16
1 5 24 25 27 26 7 6 8 9
1 5 26 27 29 28 9 8 10 11
1 5 28 29 16 17 11 10 1 2
1 5 29 13 5 16 10 3 0 1

boundary
28
46 3 7 6 8 9
46 3 9 8 10 11
46 3 11 10 1 2
46 3 10 3 0 1
46 3 12 4 5 13
46 3 13 5 0 3
46 3 20 21 19 18
46 3 22 23 21 20
46 3 15 14 23 22
46 3 14 4 12 23
46 3 18 19 25 24
46 3 20 18 24 26
46 3 19 21 27 25
46 3 22 20 26 28
46 3 21 23 29 27
46 3 23 12 13 29
46 3 15 22 28 17
46 3 14 15 17 16
46 3 4 14 16 5
46 3 24 25 6 7
46 3 26 24 7 9
46 3 25 27 8 6
46 3 28 26 9 11
46 3 27 29 10 8
46 3 29 13 3 10
46 3 17 28 11 2
46 3 16 17 2 1
46 3 5 16 1 0

vertices
30

nodes
FiniteElementSpace
FiniteElementCollection: H1_3D_P4
VDim: 3
Ordering: 0

-0.072282681
-0.12552145
-0.20609602
-0.064571523
0.042399647
-0.034346884
-0.12661098
-0.20734485
-0.12526221
-0.20785979
-0.12661098
-0.20734485
0.07733117
-0.012592879
-0.048044756
-0.18130226
-0.10195872
-0.19962217
-0.17780112
-0.031599783
-0.17672131
-0.022316481
-0.17780112
-0.031599783
-0.19875588
-0.095037873
-0.19861484
-0.090662349
-0.19875588
-0.095037873
-0.15108031
-0.10175194
-0.054951579
-0.028803783
-0.024748767
-0.022608139
-0.14856027
-0.096517746
-0.047032673
-0.17745516
-0.17698634
-0.17675276
-0.18008155
-0.14536228
-0.11195474
-0.093740589
-0.091826553
-0.090802523
-0.17924294
-0.14317721
-0.10835222
-0.19870522
-0.19864475
-0.19861825
-0.18289696
-0.19061342
-0.19634799
-0.045551292
-0.068157077
-0.086661828
-0.037217733
-0.061511936
-0.081546526
-0.18199078
-0.19003052
-0.19606287
-0.022608139
-0.024748767
-0.028803783
-0.15108031
-0.10175194
-0.054951579
-0.17675276
-0.17698634
-0.17745516
-0.090802523
-0.091826553
-0.093740589
-0.18008155
-0.14536228
-0.11195474
-0.19861825
-0.19864475
-0.19870522
-0.045551292
-0.068157077
-0.086661828
-0.18289696
-0.19061342
-0.19634799
-0.046207631
-0.040917181
-0.034698153
-0.068863748
-0.11125682
-0.15660163
-0.1804993
-0.17921471
-0.17821886
-0.10132012
-0.099179936
-0.096449341
-0.11748478
-0.14875223
-0.18176939
-0.19936607
-0.19902537
-0.19882535
-0.060081661
-0.079413879
-0.095014962
-0.1858554
-0.19264151
-0.19758486
0.06261028
0.029400173
-0.0093162761
0.048423451
0.060716852
0.072176107
0.031277675
0.0045540258
-0.028598938
-0.024159731
-0.049721361
-0.078687713
-0.030496019
-0.022610626
-0.015638032
-0.042188938
-0.062244886
-0.087308644
0.058064364
0.026408175
-0.0002038044
0.025683513
-0.0015543827
-0.024088777
-0.13978838
-0.16582067
-0.19284437
-0.12627463
-0.12567549
-0.12531327
-0.13883455
-0.16551913
-0.19309214
-0.20750394
-0.20772824
-0.20784399
-0.20633334
-0.20396292
-0.20081988
-0.12327735
-0.11445666
-0.10253952
-0.12161034
-0.11191661
-0.098849367
-0.20675539
-0.20418696
-0.20081305
-0.12531327
-0.12567549
-0.12627463
-0.13978838
-0.16582067
-0.19284437
-0.20784399
-0.20772824
-0.20750394
-0.12327735
-0.11445666
-0.10253952
-0.20633334
-0.20396292
-0.20081988
-0.12619886
-0.12697772
-0.12687781
-0.13832653
-0.16417749
-0.19140861
-0.2063092
-0.20675142
-0.20716044
-0.1235515
-0.11736352
-0.1080533
-0.2055515
-0.20386086
-0.20134202
-0.072379153
-0.09148723
-0.11392757
-0.071416057
-0.068776884
-0.065957888
-0.077010687
-0.092876383
-0.11334053
-0.058451718
-0.043031366
-0.023960944
-0.069178618
-0.058400491
-0.043639409
-0.14863995
-0.096685904
-0.047285622
-0.1492193
-0.097908355
-0.049122952
-0.15032006
-0.10019877
-0.05258786
-0.15785958
-0.11158313
-0.067569201
-0.16841124
-0.12727
-0.087936734
-0.17656122
-0.13980857
-0.10450562
-0.043043165
-0.039402361
-0.037479706
-0.066161005
-0.063257245
-0.061721277
-0.085133908
-0.082898093
-0.081708711
-0.060487589
-0.10693938
-0.15566001
-0.082342089
-0.12367773
-0.16679122
-0.10025482
-0.1371659
-0.17546825
-0.1820171
-0.18221269
-0.18260607
-0.19004718
-0.1901715
-0.19042426
-0.19607058
-0.19612894
-0.19625205
-0.17983744
-0.14473545
-0.11090414
-0.17947005
-0.14377658
-0.1093241
-0.17927077
-0.14325039
-0.10847079
-0.15032006
-0.10019877
-0.05258786
-0.1492193
-0.097908355
-0.049122952
-0.14863995
-0.096685904
-0.047285622
-0.037479706
-0.039402361
-0.043043165
-0.061721277
-0.063257245
-0.066161005
-0.081708711
-0.082898093
-0.085133908
-0.067569201
-0.11158313
-0.15785958
-0.087936734
-0.12727
-0.16841124
-0.10450562
-0.13980857
-0.17656122
-0.18260607
-0.18221269
-0.1820171
-0.19042426
-0.1901715
-0.19004718
-0.19625205
-0.19612894
-0.19607058
-0.17927077
-0.14325039
-0.10847079
-0.17947005
-0.14377658
-0.1093241
-0.17983744
-0.14473545
-0.11090414
-0.1556228
-0.10993748
-0.067189553
-0.15374342
-0.10686587
-0.062750138
-0.15193898
-0.10346544
-0.05756747
-0.048326788
-0.053874109
-0.058524955
-0.070357416
-0.07472368
-0.078291445
-0.088333214
-0.091612856
-0.094228305
-0.079794427
-0.11985452
-0.1626016
-0.097275901
-0.13342631
-0.17181531
-0.11129
-0.14410381
-0.17880459
-0.18517582
-0.18408924
-0.18324874
-0.19216091
-0.19140899
-0.19084484
-0.1972596
-0.19678851
-0.19647
-0.18035039
-0.14603281
-0.1130931
-0.1808905
-0.14728019
-0.11523688
-0.18145523
-0.14832306
-0.1169196
-0.026473178
0.0070352252
0.035360795
-0.020211932
0.015633093
0.046848718
-0.012922184
0.025017018
0.057586538
-0.024499268
0.012208156
0.043897641
-0.049163648
-0.015826151
0.013256058
-0.069457981
-0.039058117
-0.012338373
0.053303718
0.04268596
0.03126239
0.022349859
0.01321401
0.0032780897
-0.0035889778
-0.011316863
-0.019903268
0.015205087
-0.01016987
-0.041638848
-0.010923492
-0.033994751
-0.062646411
-0.032430112
-0.053462746
-0.079687422
-0.080414074
-0.052002662
-0.027016958
-0.083799857
-0.056882076
-0.033227303
-0.086527388
-0.061203572
-0.040003888
-0.18314569
-0.15026514
-0.11859641
-0.18786698
-0.1579064
-0.12906592
-0.19139194
-0.1635676
-0.13679997
-0.10145504
-0.099840728
-0.098968601
-0.11373947
-0.11262358
-0.11200236
-0.12283729
-0.12210123
-0.12167029
-0.1155942
-0.14850374
-0.18254306
-0.12706792
-0.1568527
-0.18766225
-0.135561
-0.16305354
-0.19150443
-0.20081241
-0.20080922
-0.20081113
-0.20417952
-0.20412587
-0.20402765
-0.20674219
-0.20664581
-0.20646154
-0.19294291
-0.16578533
-0.13957421
-0.19304786
-0.165646
-0.13914598
-0.19308754
-0.16553586
-0.13887423
-0.098968601
-0.099840728
-0.10145504
-0.11200236
-0.11262358
-0.11373947
-0.12167029
-0.12210123
-0.12283729
-0.11859641
-0.15026514
-0.18314569
-0.12906592
-0.1579064
-0.18786698
-0.13679997
-0.1635676
-0.19139194
-0.20081113
-0.20080922
-0.20081241
-0.20402765
-0.20412587
-0.20417952
-0.20646154
-0.20664581
-0.20674219
-0.19308754
-0.16553586
-0.13887423
-0.19304786
-0.165646
-0.13914598
-0.19294291
-0.16578533
-0.13957421
-0.1036962
-0.10589605
-0.10755741
-0.11518755
-0.11640279
-0.11712036
-0.12365475
-0.12407625
-0.1237315
-0.12290128
-0.15277889
-0.18430621
-0.13111471
-0.15882404
-0.18806914
-0.13657747
-0.16286114
-0.19058979
-0.20114337
-0.20092699
-0.20083865
-0.20376676
-0.20378045
-0.20389573
-0.20559511
-0.2058808
-0.20618449
-0.1927061
-0.16579258
-0.13993512
-0.19230116
-0.16545089
-0.13981385
-0.19172927
-0.16468102
-0.13897512
-0.087010667
-0.059398412
-0.035029865
-0.10033125
-0.075208547
-0.05287567
-0.11022796
-0.08728089
-0.067230474
-0.026652322
-0.032894598
-0.040070303
-0.045140937
-0.049855647
-0.055492002
-0.060057044
-0.06348633
-0.067172316
-0.050948142
-0.07003304
-0.094039713
-0.064759696
-0.082258297
-0.10439091
-0.074448754
-0.090497424
-0.11124565
-0.11435413
-0.092224976
-0.073515883
-0.11473328
-0.093453204
-0.07569013
-0.1140848
-0.093510449
-0.077204726
-0.15719754
-0.11020821
-0.065458397
-0.15623648
-0.10817558
-0.062359018
-0.15572977
-0.10708897
-0.060714179
-0.1679265
-0.12621272
-0.086275345
-0.16721833
-0.12463958
-0.083825736
-0.16684302
-0.12379431
-0.082521948
-0.17623822
-0.13904035
-0.10325398
-0.17576009
-0.13788215
-0.1013916
-0.17550379
-0.13725295
-0.10039293
-0.15572977
-0.10708897
-0.060714179
-0.15623648
-0.10817558
-0.062359018
-0.15719754
-0.11020821
-0.065458397
-0.16684302
-0.12379431
-0.082521948
-0.16721833
-0.12463958
-0.083825736
-0.1679265
-0.12621272
-0.086275345
-0.17550379
-0.13725295
-0.10039293
-0.17576009
-0.13788215
-0.1013916
-0.17623822
-0.13904035
-0.10325398
-0.15860578
-0.11309676
-0.069902013
-0.16016526
-0.11608157
-0.074498716
-0.16177364
-0.11873984
-0.078378361
-0.16895476
-0.1284265
-0.089764902
-0.17008025
-0.13067817
-0.09333087
-0.1712285
-0.13263403
-0.096261243
-0.17691979
-0.14063849
-0.10587096
-0.17765296
-0.14222025
-0.10849065
-0.17840655
-0.14356342
-0.11058754
-0.027746792
0.0082228829
0.039280314
-0.034284799
-0.00029769226
0.029403689
-0.039829172
-0.0080283473
0.018859965
-0.051772022
-0.01910155
0.0093648684
-0.056990895
-0.026108239
0.00099760459
-0.061322826
-0.032374097
-0.0079415266
-0.071476031
-0.04167066
-0.015542493
-0.075478332
-0.04727195
-0.022493021
-0.078741432
-0.052245402
-0.029997977
-0.18297441
-0.14976868
-0.11773146
-0.18271019
-0.14899522
-0.11641404
-0.18256364
-0.14856385
-0.11569433
-0.18782121
-0.15763308
-0.12851963
-0.18772974
-0.15716691
-0.127638
-0.18767098
-0.15689177
-0.12713842
-0.1914462
-0.16346335
-0.13649326
-0.19149287
-0.16323247
-0.1359422
-0.1915037
-0.16307637
-0.13560888
-0.18256364
-0.14856385
-0.11569433
-0.18271019
-0.14899522
-0.11641404
-0.18297441
-0.14976868
-0.11773146
-0.18767098
-0.15689177
-0.12713842
-0.18772974
-0.15716691
-0.127638
-0.18782121
-0.15763308
-0.12851963
-0.1915037
-0.16307637
-0.13560888
-0.19149287
-0.16323247
-0.1359422
-0.1914462
-0.16346335
-0.13649326
-0.1833277
-0.15078074
-0.11951365
-0.18368413
-0.15170755
-0.12119852
-0.18406532
-0.15245287
-0.12246747
-0.18790408
-0.1581652
-0.12961427
-0.18792632
-0.15850726
-0.13045394
-0.18795953
-0.15867887
-0.13091109
-0.19130208
-0.16361233
-0.13704464
-0.19104011
-0.16348417
-0.13720876
-0.19067271
-0.16300845
-0.13675865
-0.08845108
-0.061349102
-0.037533814
-0.09123712
-0.065520361
-0.04300741
-0.093422957
-0.069173975
-0.049027028
-0.10128932
-0.076596508
-0.054787375
-0.10295447
-0.079412218
-0.058814769
-0.10406033
-0.081718544
-0.063299172
-0.11078453
-0.088175278
-0.068594903
-0.1115325
-0.08982799
-0.071314602
-0.11140774
-0.090521599
-0.073790889
0.14235082
0.15297542
0.16024011
0.15067172
0.2509096
0.17837139
0.16622039
0.17469473
0.17189891
0.18108258
0.16622039
0.17469473
0.28352483
0.19996325
0.29343711
0.31528657
0.20459288
0.21778967
0.40977066
0.37426538
0.44101741
0.39908046
0.40977066
0.37426538
0.27553742
0.25565524
0.29246313
0.26979576
0.27553742
0.25565524
0.40754079
0.39886588
0.3843119
0.38217166
0.39294505
0.39834785
0.43829298
0.42795781
0.41082869
0.41967974
0.43325433
0.44009249
0.2742016
0.26932878
0.26126161
0.2602218
0.26635222
0.26938448
0.29093655
0.28536908
0.27617204
0.28098108
0.28832361
0.29197013
0.38286857
0.33658783
0.29548759
0.35018902
0.30915063
0.27307144
0.37308381
0.32850325
0.28898462
0.41145051
0.36035883
0.31471456
0.39834785
0.39294505
0.38217166
0.40754079
0.39886588
0.3843119
0.44009249
0.43325433
0.41967974
0.26938448
0.26635222
0.2602218
0.2742016
0.26932878
0.26126161
0.29197013
0.28832361
0.28098108
0.35018902
0.30915063
0.27307144
0.38286857
0.33658783
0.29548759
0.31196648
0.34179786
0.36468183
0.29940974
0.30837071
0.31386987
0.33591704
0.37026574
0.39793859
0.21686899
0.23603111
0.24998165
0.2081335
0.21346292
0.21683356
0.23129971
0.25274052
0.26887354
0.27489866
0.24371265
0.21704763
0.29522726
0.26114572
0.23166279
0.30292498
0.33570563
0.36250442
0.25633817
0.26776484
0.27858944
0.25787203
0.27253872
0.2867688
0.21268533
0.23320287
0.24895152
0.18207761
0.18984122
0.19685024
0.18266278
0.19190172
0.2005811
0.26620095
0.23693288
0.21176633
0.23555723
0.20988982
0.18826025
0.16842906
0.17181754
0.17403034
0.16795714
0.17043302
0.17172178
0.17429269
0.17796474
0.18036233
0.17664712
0.17943344
0.18088371
0.19087838
0.22272366
0.25653043
0.18090119
0.20937104
0.23903663
0.18777211
0.21880042
0.2514869
0.1986606
0.23363549
0.27127906
0.17172178
0.17043302
0.16795714
0.16842906
0.17181754
0.17403034
0.18088371
0.17943344
0.17664712
0.18090119
0.20937104
0.23903663
0.19087838
0.22272366
0.25653043
0.15512184
0.15981266
0.16420906
0.15480541
0.1577054
0.1596477
0.16254773
0.16760119
0.17245207
0.1588552
0.17409356
0.19315145
0.16684028
0.18376326
0.20503615
0.15314072
0.15853682
0.16375289
0.1432571
0.14607656
0.14914579
0.14349751
0.14705163
0.15097418
0.15636183
0.17093788
0.18909813
0.14519363
0.1553091
0.16942494
0.43738548
0.42710193
0.41005104
0.43066498
0.42076421
0.40428371
0.41730881
0.40813374
0.39277905
0.38078794
0.37279462
0.3594261
0.33480549
0.32809571
0.31690717
0.29400448
0.28852244
0.27941451
0.35750564
0.36744221
0.37241148
0.31537241
0.32376706
0.32793937
0.27821633
0.28511143
0.28852453
0.38383808
0.39948806
0.40894048
0.33745757
0.35042649
0.35825605
0.29623942
0.30668851
0.31300084
0.41060888
0.40437403
0.39196142
0.35966436
0.35451343
0.34419622
0.31415729
0.31001266
0.30167627
0.27959133
0.27450892
0.26608812
0.28684929
0.28146331
0.27254801
0.29045053
0.28490453
0.27574149
0.41730881
0.40813374
0.39277905
0.43066498
0.42076421
0.40428371
0.43738548
0.42710193
0.41005104
0.37241148
0.36744221
0.35750564
0.32793937
0.32376706
0.31537241
0.28852453
0.28511143
0.27821633
0.3594261
0.37279462
0.38078794
0.31690717
0.32809571
0.33480549
0.27941451
0.28852244
0.29400448
0.39196142
0.40437403
0.41060888
0.34419622
0.35451343
0.35966436
0.30167627
0.31001266
0.31415729
0.29045053
0.28490453
0.27574149
0.28684929
0.28146331
0.27254801
0.27959133
0.27450892
0.26608812
0.33439032
0.32840885
0.31857951
0.36848581
0.36147235
0.3497856
0.39586669
0.38774386
0.37411392
0.34130421
0.32001685
0.29219784
0.3015455
0.28316078
0.25889003
0.26673964
0.25121888
0.23030076
0.28043275
0.28874326
0.29387661
0.24843497
0.25552573
0.25994445
0.22099028
0.22690528
0.23062394
0.31447816
0.34640769
0.37198509
0.27798857
0.30562546
0.32741757
0.24629838
0.2698655
0.28797888
0.26760053
0.26295987
0.25530569
0.251588
0.2474282
0.2406607
0.23027356
0.2266223
0.22078931
0.30455927
0.28822045
0.26931749
0.33250068
0.31145782
0.28460675
0.35372411
0.32845488
0.2973719
0.33936682
0.31463424
0.28425451
0.30001432
0.27894674
0.25270424
0.26555258
0.24796037
0.22550678
0.26158323
0.25142352
0.24066396
0.23290858
0.22397913
0.21442333
0.2083411
0.20064811
0.1922569
0.24194597
0.25552783
0.2687163
0.21534586
0.22707667
0.23841513
0.19293579
0.20301047
0.2126046
0.24367354
0.22870602
0.20916776
0.23054413
0.21783599
0.20084347
0.21241892
0.20238275
0.19037527
0.25533816
0.25103437
0.243961
0.22176843
0.21842055
0.21303988
0.19012333
0.18756027
0.18356208
0.24306397
0.24845224
0.25112618
0.21236962
0.21646218
0.2185202
0.18304429
0.18603026
0.18756256
0.25705059
0.26505628
0.26993138
0.22287765
0.22885867
0.23257797
0.19067819
0.19504133
0.19783833
0.27085153
0.26767101
0.26128367
0.23331183
0.23092439
0.22618627
0.19842443
0.19668662
0.19330447
0.17596752
0.17370135
0.17022689
0.17872906
0.17638171
0.1727825
0.18016555
0.17777397
0.17411074
0.25112618
0.24845224
0.24306397
0.2185202
0.21646218
0.21236962
0.18756256
0.18603026
0.18304429
0.243961
0.25103437
0.25533816
0.21303988
0.21842055
0.22176843
0.18356208
0.18756027
0.19012333
0.26128367
0.26767101
0.27085153
0.22618627
0.23092439
0.23331183
0.19330447
0.19668662
0.19842443
0.18016555
0.17777397
0.17411074
0.17872906
0.17638171
0.1727825
0.17596752
0.17370135
0.17022689
0.2340873
0.22170847
0.20449482
0.20566256
0.1966328
0.18339818
0.17843063
0.17254741
0.16502236
0.19632446
0.20110813
0.20415957
0.17661733
0.18049584
0.18301943
0.16089297
0.16408517
0.16620188
0.21747859
0.23659802
0.25077415
0.1939165
0.20837887
0.21850443
0.17355921
0.18163066
0.18812198
0.17180408
0.16964686
0.16635343
0.16698087
0.16492476
0.16181348
0.16194767
0.15997098
0.15700614
0.23320244
0.21926586
0.20085718
0.20500775
0.19481996
0.18062029
0.17792756
0.17116943
0.16288604
0.18631592
0.17998459
0.17287582
0.16871249
0.16381845
0.15814844
0.15462816
0.15097986
0.14717122
0.17338187
0.18178211
0.18958129
0.15854493
0.16522834
0.17125406
0.14747341
0.15206694
0.15661898
0.1618269
0.15677181
0.15154147
0.15759625
0.15300472
0.14823915
0.15306448
0.14893786
0.1449739
0.38975815
0.38132416
0.36724465
0.40198106
0.39290955
0.37783275
0.40811401
0.3987068
0.38312592
0.3423223
0.33527338
0.32352811
0.35249785
0.34495991
0.33243646
0.35757298
0.34977796
0.33686273
0.30012765
0.29439424
0.28486626
0.30836191
0.30226596
0.2921515
0.31245193
0.30616515
0.29575639
0.40811401
0.3987068
0.38312592
0.40198106
0.39290955
0.37783275
0.38975815
0.38132416
0.36724465
0.35757298
0.34977796
0.33686273
0.35249785
0.34495991
0.33243646
0.3423223
0.33527338
0.32352811
0.31245193
0.30616515
0.29575639
0.30836191
0.30226596
0.2921515
0.30012765
0.29439424
0.28486626
0.37004295
0.3625372
0.34999183
0.34472364
0.33820601
0.32740195
0.31302466
0.30744379
0.29832975
0.32574005
0.31940658
0.30886558
0.30414655
0.29858658
0.28942981
0.27669758
0.27189879
0.26412538
0.286572
0.28136832
0.27275023
0.26860404
0.26397795
0.25641292
0.24518413
0.24115144
0.23467379
0.33120759
0.30786699
0.2790585
0.31142199
0.29193994
0.26706434
0.28533656
0.2701737
0.25266797
0.29299668
0.27307416
0.24816955
0.27583342
0.25912025
0.23760567
0.25301418
0.23994798
0.2248051
0.25968193
0.24299455
0.2216472
0.24511685
0.23101968
0.21251947
0.22537994
0.21429422
0.20125611
0.26004806
0.25557206
0.24820697
0.26636625
0.26164079
0.2538675
0.26950973
0.2646522
0.2566746
0.22520331
0.22174541
0.2161791
0.22989567
0.22627516
0.22044511
0.23225835
0.22855065
0.222588
0.19253197
0.18990028
0.1857912
0.19588373
0.19314976
0.1888799
0.19760504
0.19481535
0.19046371
0.26950973
0.2646522
0.2566746
0.26636625
0.26164079
0.2538675
0.26004806
0.25557206
0.24820697
0.23225835
0.22855065
0.222588
0.22989567
0.22627516
0.22044511
0.22520331
0.22174541
0.2161791
0.19760504
0.19481535
0.19046371
0.19588373
0.19314976
0.1888799
0.19253197
0.18990028
0.1857912
0.24963328
0.24551702
0.23878233
0.235554
0.23182889
0.22582194
0.21654147
0.21324047
0.20801467
0.21758243
0.21435304
0.20918755
0.20751552
0.2045208
0.19979601
0.19312306
0.19040373
0.18618245
0.1873884
0.18489328
0.18101769
0.18093091
0.17856791
0.17493309
0.17289338
0.17065292
0.16724657
0.22858876
0.21530082
0.1977367
0.21688932
0.20553702
0.19019055
0.20056256
0.19152192
0.18062463
0.2015209
0.19174102
0.17812517
0.19291528
0.1843912
0.1722915
0.18027949
0.17331262
0.16456554
0.17558727
0.16903044
0.16103012
0.16991507
0.16403298
0.15674328
0.16267032
0.15750238
0.15177987
0.1407231
0.1509312
0.15834916
0.084602851
0.24629866
0.17637382
-0.085226585
-0.08837315
1.4824977e-16
1.3785883e-16
0.085226585
0.08837315
0.14162495
0.10269046
0.28807716
0.31136795
0.20189501
0.21539192
-0.16793162
-0.15542841
9.374565e-17
6.8677615e-17
0.16793162
0.15542841
-0.11597792
-0.10949097
1.014807e-16
1.1858926e-16
0.11597792
0.10949097
-0.16688257
-0.16349242
-0.15851665
-0.12956698
-0.079119585
-0.027468621
5.3354965e-17
7.0120985e-17
6.8477048e-17
-0.13992183
-0.085365897
-0.029619205
-0.11539989
-0.11360684
-0.11104982
-0.09127057
-0.055728434
-0.019347137
1.1085009e-16
1.0389451e-16
1.2291094e-16
-0.096549106
-0.058829166
-0.02039887
-0.15717609
-0.138938
-0.12326776
-0.14587397
-0.12972903
-0.11590641
9.454392e-17
1.0348827e-16
1.204217e-16
7.7937497e-17
8.2436686e-17
9.4144985e-17
0.027468621
0.079119585
0.12956698
0.16688257
0.16349242
0.15851665
0.029619205
0.085365897
0.13992183
0.019347137
0.055728434
0.09127057
0.11539989
0.11360684
0.11104982
0.02039887
0.058829166
0.096549106
0.14587397
0.12972903
0.11590641
0.15717609
0.138938
0.12326776
0.26813922
0.22628085
0.18066932
0.29422556
0.30363945
0.30966554
0.28963475
0.24452371
0.1952389
0.18833318
0.15928932
0.12727359
0.20542964
0.21082808
0.21434171
0.20065069
0.16934768
0.13498059
0.27018675
0.24000807
0.21406995
0.29164895
0.25812781
0.22908341
0.14246403
0.14643559
0.15223062
0.23332077
0.20171173
0.16350686
0.25278354
0.26705101
0.28127341
0.10311391
0.10504588
0.10789454
0.16786873
0.14583081
0.11851873
0.18047091
0.18941512
0.19791782
0.1334835
0.11971719
0.10802855
0.23161206
0.20695136
0.18601182
-0.085885446
-0.087096214
-0.088039214
-0.071206852
-0.043606893
-0.015159734
1.5456632e-16
1.5025353e-16
1.3252889e-16
-0.073707292
-0.045020067
-0.015627588
-0.091145528
-0.098820992
-0.10937932
-0.087678157
-0.094422423
-0.10368831
1.324117e-16
1.1632062e-16
1.224346e-16
1.3527115e-16
1.1608904e-16
1.0217603e-16
0.015159734
0.043606893
0.071206852
0.085885446
0.087096214
0.088039214
0.015627588
0.045020067
0.073707292
0.087678157
0.094422423
0.10368831
0.091145528
0.098820992
0.10937932
0.14287429
0.1226508
0.098752812
0.15274988
0.15567851
0.15770081
0.14949288
0.12784651
0.10256584
0.15679279
0.17189628
0.19067775
0.16492683
0.18172914
0.20279254
0.084193969
0.083965657
0.084646037
0.13583574
0.11918871
0.09751595
0.14179023
0.1451616
0.14896369
0.086035921
0.090732483
0.097963547
0.14359279
0.15368729
0.16761186
-0.029417373
-0.028811104
-0.027967663
-0.084796141
-0.083051265
-0.080592019
-0.13902198
-0.13618064
-0.13207252
-0.15621937
-0.15314771
-0.14865641
-0.13814679
-0.13563408
-0.13198386
-0.12262257
-0.12060052
-0.11769252
-0.12159523
-0.074242058
-0.025772779
-0.10812253
-0.065998185
-0.022907401
-0.096599416
-0.058965495
-0.020467112
1.1141301e-16
9.9659782e-17
9.1207186e-17
8.7232854e-17
1.212216e-16
8.8221732e-17
1.0766814e-16
8.7669145e-17
1.1619511e-16
-0.027697476
-0.079845788
-0.13092632
-0.024446891
-0.070500772
-0.11568269
-0.021674102
-0.062513277
-0.10260825
-0.096061943
-0.094581978
-0.092507149
-0.058528311
-0.057639535
-0.056430531
-0.02029359
-0.01998856
-0.019580255
0.13902198
0.13618064
0.13207252
0.084796141
0.083051265
0.080592019
0.029417373
0.028811104
0.027967663
0.025772779
0.074242058
0.12159523
0.022907401
0.065998185
0.10812253
0.020467112
0.058965495
0.096599416
0.14865641
0.15314771
0.15621937
0.13198386
0.13563408
0.13814679
0.11769252
0.12060052
0.12262257
0.13092632
0.079845788
0.027697476
0.11568269
0.070500772
0.024446891
0.10260825
0.062513277
0.021674102
0.02029359
0.01998856
0.019580255
0.058528311
0.057639535
0.056430531
0.096061943
0.094581978
0.092507149
0.28804351
0.28245571
0.27377146
0.2431255
0.23833883
0.23100267
0.19405307
0.19014814
0.18431682
0.16956416
0.21234409
0.25153758
0.15081204
0.18883935
0.22355286
0.13474244
0.16869569
0.19955226
0.27584571
0.28450434
0.29006254
0.24478272
0.2520704
0.25676466
0.21802044
0.22403633
0.22793241
0.27130422
0.22901171
0.18277916
0.24017882
0.20269083
0.16164786
0.21327654
0.17998734
0.14345759
0.13431287
0.13221123
0.12915619
0.16852391
0.16584849
0.16184645
0.19967694
0.19644605
0.1915235
0.26183657
0.24914578
0.23686298
0.22118946
0.2111241
0.20325712
0.17678151
0.169676
0.1646139
0.14299575
0.13778735
0.13422863
0.12740059
0.12319104
0.12031933
0.11407071
0.1107648
0.10851157
0.1540969
0.19000124
0.21958408
0.13820081
0.17026935
0.19648211
0.12469603
0.15352237
0.1768825
0.23759244
0.25079043
0.26391744
0.21210492
0.22348586
0.23469181
0.19046238
0.20022396
0.20964916
0.1252752
0.12165846
0.11908194
0.15652921
0.15104585
0.14669325
0.18472101
0.1773437
0.16998255
-0.10886176
-0.1072749
-0.10503949
-0.098397194
-0.097138316
-0.095423241
-0.090788412
-0.089764174
-0.088425274
-0.08645937
-0.052819037
-0.018342484
-0.078826746
-0.048233466
-0.016762886
-0.073271291
-0.044882968
-0.01560579
1.2646685e-16
1.1894507e-16
8.9909376e-17
1.2598636e-16
1.241954e-16
1.350907e-16
1.2478486e-16
1.3670014e-16
1.3595266e-16
-0.019253574
-0.055514343
-0.09107364
-0.017448774
-0.050277361
-0.082367556
-0.016131638
-0.046462697
-0.076042724
-0.073429101
-0.072662417
-0.071704985
-0.044851255
-0.04440189
-0.043868347
-0.015569054
-0.015417178
-0.015241988
0.018342484
0.052819037
0.08645937
0.016762886
0.048233466
0.078826746
0.01560579
0.044882968
0.073271291
0.10503949
0.1072749
0.10886176
0.095423241
0.097138316
0.098397194
0.088425274
0.089764174
0.090788412
0.09107364
0.055514343
0.019253574
0.082367556
0.050277361
0.017448774
0.076042724
0.046462697
0.016131638
0.015569054
0.015417178
0.015241988
0.044851255
0.04440189
0.043868347
0.073429101
0.072662417
0.071704985
0.12047346
0.1507004
0.17796764
0.10956525
0.13663868
0.16095533
0.10160135
0.12612389
0.14744697
0.19383611
0.19866688
0.20183576
0.17440115
0.17830781
0.18092133
0.15881618
0.16203493
0.16423171
0.18898302
0.15962555
0.12725715
0.16985307
0.14369392
0.1148471
0.15468444
0.13177717
0.10579349
0.10217603
0.10105651
0.099577717
0.12735282
0.12588372
0.12385663
0.14889859
0.14707112
0.14447108
0.10232484
0.099918457
0.098323906
0.09344445
0.091863601
0.090958809
0.087005658
0.086081494
0.085986969
0.11301394
0.13896886
0.15974143
0.10455779
0.12819402
0.14692306
0.099096414
0.12111163
0.13805231
0.17140177
0.17952768
0.18714907
0.15679359
0.16323628
0.16909956
0.14577557
0.15017196
0.15459257
0.097971558
0.096961274
0.097040644
0.12146506
0.11947004
0.11880241
0.14119254
0.13808435
0.13586686
-0.13010871
-0.12754208
-0.12384507
-0.079330758
-0.077761295
-0.075557827
-0.027515498
-0.026971412
-0.026217493
-0.11501072
-0.11292199
-0.1099338
-0.070081185
-0.068813417
-0.067047088
-0.024299271
-0.023861513
-0.023259916
-0.10206318
-0.10039029
-0.0980231
-0.062175457
-0.061167083
-0.059780233
-0.021555681
-0.021208855
-0.020738954
0.027515498
0.026971412
0.026217493
0.079330758
0.077761295
0.075557827
0.13010871
0.12754208
0.12384507
0.024299271
0.023861513
0.023259916
0.070081185
0.068813417
0.067047088
0.11501072
0.11292199
0.1099338
0.021555681
0.021208855
0.020738954
0.062175457
0.061167083
0.059780233
0.10206318
0.10039029
0.0980231
0.18169296
0.17814296
0.17286181
0.22771957
0.22333712
0.21664611
0.26982334
0.26467759
0.25670663
0.16074279
0.15782155
0.15350269
0.20159732
0.19794553
0.1924019
0.23890989
0.23457614
0.22789294
0.14271469
0.1403514
0.13688943
0.17907713
0.17608727
0.17158484
0.21220764
0.20862061
0.2031245
0.16605081
0.15963831
0.15507936
0.20770662
0.19854497
0.19139268
0.24574831
0.23408909
0.22280882
0.14794619
0.14271531
0.13899475
0.18499577
0.17738443
0.17142386
0.21867434
0.20880694
0.19920892
0.13245974
0.12830077
0.12533392
0.165578
0.15937779
0.15447923
0.19551998
0.18730073
0.17919047
-0.090638367
-0.089332009
-0.087524736
-0.055246443
-0.054464959
-0.053418388
-0.019159971
-0.018892406
-0.018540281
-0.08201241
-0.080980823
-0.079604923
-0.050059998
-0.049447501
-0.048661396
-0.01737305
-0.017164328
-0.016902038
-0.075744225
-0.074908422
-0.073842709
-0.046280991
-0.045788538
-0.045188776
-0.016068493
-0.015901509
-0.015703292
0.019159971
0.018892406
0.018540281
0.055246443
0.054464959
0.053418388
0.090638367
0.089332009
0.087524736
0.01737305
0.017164328
0.016902038
0.050059998
0.049447501
0.048661396
0.08201241
0.080980823
0.079604923
0.016068493
0.015901509
0.015703292
0.046280991
0.045788538
0.045188776
0.075744225
0.074908422
0.073842709
0.12665759
0.12479308
0.12211256
0.15888096
0.15649118
0.15295128
0.18809728
0.18519179
0.18080241
0.11435387
0.11286715
0.11079399
0.14307561
0.14114811
0.13836639
0.16910727
0.16672048
0.16319113
0.10537628
0.10416165
0.10253009
0.13125206
0.129669
0.12745672
0.15404779
0.15206774
0.1492127
0.1187512
0.11566211
0.11349404
0.14829157
0.14350573
0.13972258
0.174774
0.16822243
0.16163432
0.10830344
0.10620139
0.10487256
0.13482022
0.13135426
0.12873608
0.15845447
0.15347666
0.148425
0.10070481
0.09939981
0.099063484
0.12479119
0.12242632
0.12121813
0.14554025
0.1419273
0.1388298
