MFEM mesh v1.0

#
# MFEM Geometry Types (see mesh/geom.hpp):
#
# POINT       = 0
# SEGMENT     = 1
# TRIANGLE    = 2
# SQUARE      = 3
# TETRAHEDRON = 4
# CUBE        = 5
#

dimension
3

elements
10
1 5 6 7 4 3 17 18 21 20
1 5 7 8 5 4 18 19 22 21
1 5 3 4 1 0 20 21 24 23
1 5 4 5 2 1 21 22 25 24
1 5 20 21 24 23 26 27 30 29
1 5 21 22 25 24 27 28 31 30
1 5 23 24 10 11 29 30 13 14
1 5 24 25 9 10 30 31 12 13
1 5 26 27 30 29 32 33 35 34
1 5 29 30 13 14 34 35 15 16

boundary
34
1 3 3 4 7 6
1 3 4 5 8 7
1 3 0 1 4 3
1 3 1 2 5 4
24 3 6 7 18 17
24 3 7 8 19 18
24 3 3 6 17 20
24 3 17 18 21 20
24 3 8 5 22 19
24 3 18 19 22 21
24 3 0 3 20 23
24 3 1 0 23 24
24 3 5 2 25 22
24 3 2 1 24 25
24 3 11 10 24 23
24 3 10 9 25 24
24 3 20 21 27 26
24 3 21 22 28 27
24 3 23 20 26 29
24 3 22 25 31 28
24 3 27 28 31 30
24 3 11 23 29 14
24 3 10 11 14 13
24 3 25 9 12 31
24 3 9 10 13 12
24 3 30 31 12 13
24 3 26 27 33 32
24 3 29 26 32 34
24 3 27 30 35 33
24 3 32 33 35 34
24 3 14 29 34 16
24 3 30 13 15 35
24 3 13 14 16 15
24 3 34 35 15 16

vertices
36

nodes
FiniteElementSpace
FiniteElementCollection: H1_3D_P4
VDim: 3
Ordering: 0

-0.37298049
-1.3010426e-18
0.37298049
-0.39717735
1.0842022e-18
0.39717735
-0.37298049
-4.7704896e-18
0.37298049
0.063118382
-0.13198986
-0.34167788
-0.048044756
-0.18130226
-0.3240448
-0.19962217
-0.3019618
-0.35883119
-0.1259328
0.092726462
-0.37223613
-0.12430652
0.10812103
-0.35883119
-0.1259328
0.092726462
-0.34238802
-0.17672131
-0.022316481
-0.33425364
-0.17780112
-0.031599783
-0.31210537
-0.19861484
-0.30755019
-0.19875588
-0.31218017
-0.19175207
-0.066774181
4.98733e-18
4.2961511e-18
8.6672646e-19
-0.33291588
-0.20490947
-0.071432212
-0.39642918
-0.39095644
-0.38042078
-0.3196866
-0.24365386
-0.16650804
-0.12541051
-0.12470589
-0.12435407
-0.33043613
-0.24943055
-0.16741431
-0.36275769
-0.3686229
-0.37180052
-0.37114633
-0.36717953
-0.36209601
-0.030262294
-0.076512864
-0.11126456
-0.029874544
-0.07544003
-0.10974358
-0.39283672
-0.38491267
-0.37678159
0.066774181
0.19175207
0.31218017
0.39642918
0.39095644
0.38042078
0.071432212
0.20490947
0.33291588
-0.085782518
-0.011764976
0.058090762
0.097385245
0.10410054
0.1076396
-0.081645202
-0.0029533937
0.07133767
0.30489766
0.20239339
0.1255841
0.32694084
0.22136018
0.14211567
-1.9515639e-18
-1.9515639e-18
-2.5410988e-21
-0.31218017
-0.19175207
-0.066774181
-0.38042078
-0.39095644
-0.39642918
-0.12435407
-0.12470589
-0.12541051
-0.3196866
-0.24365386
-0.16650804
-0.37180052
-0.3686229
-0.36275769
-0.030262294
-0.076512864
-0.11126456
-0.37114633
-0.36717953
-0.36209601
0.38042078
0.39095644
0.39642918
0.066774181
0.19175207
0.31218017
0.1076396
0.10410054
0.097385245
-0.085782518
-0.011764976
0.058090762
0.30489766
0.20239339
0.1255841
-0.31401995
-0.25965065
-0.20520415
-0.17675276
-0.17698634
-0.17745516
-0.30763853
-0.25638582
-0.20482386
-0.34212231
-0.34018887
-0.33662636
-0.36748427
-0.3579254
-0.34783085
-0.13686302
-0.15610252
-0.1705909
-0.13851234
-0.15762068
-0.17183881
-0.35522049
-0.34749537
-0.33895473
-0.14856027
-0.096517746
-0.047032673
-0.022608139
-0.024748767
-0.028803783
-0.15108031
-0.10175194
-0.054951579
0.078410155
0.031547844
-0.0056921061
0.06414011
0.019322474
-0.015961013
-0.13042779
-0.12816491
-0.12657291
-0.16880044
-0.2387523
-0.30704892
-0.3421412
-0.34695176
-0.35467616
-0.1804993
-0.17921471
-0.17821886
-0.20630292
-0.25382808
-0.30036399
-0.3242434
-0.32711436
-0.33173573
-0.14441743
-0.16274193
-0.17590544
-0.33979507
-0.33449819
-0.32785839
0.067220282
0.076900736
0.087551163
0.032822386
-0.029107859
-0.095651607
-0.046207631
-0.040917181
-0.034698153
-0.068863748
-0.11125682
-0.15660163
0.036947138
-0.0033954647
-0.034453961
-0.29263432
-0.25540666
-0.21814763
-0.19861825
-0.19864475
-0.19870522
-0.28902614
-0.25341393
-0.21758156
-0.31195501
-0.31086427
-0.30886809
-0.33692872
-0.32670341
-0.31694254
-0.18199078
-0.19003052
-0.19606287
-0.18289696
-0.19061342
-0.19634799
-0.32949468
-0.32049942
-0.3118499
-0.19936607
-0.19902537
-0.19882535
-0.21762263
-0.25171178
-0.28502009
-0.3021024
-0.30365143
-0.30616256
-0.1858554
-0.19264151
-0.19758486
-0.32012587
-0.31264529
-0.30547574
-0.33227387
-0.20450132
-0.071287575
-0.32757928
-0.20151832
-0.070230762
-0.31855002
-0.19578843
-0.068202148
-0.31520293
-0.20482049
-0.09088854
-0.31893416
-0.22443216
-0.12768762
-0.32010098
-0.23830887
-0.15510001
-0.030154131
-0.029983257
-0.029888301
-0.076181877
-0.075715517
-0.075473351
-0.11077819
-0.11011949
-0.10978849
-0.094639233
-0.21619828
-0.33356567
-0.12997505
-0.23302665
-0.3336042
-0.15635525
-0.24486567
-0.33197996
-0.3921616
-0.38720134
-0.37774649
-0.38434787
-0.38021765
-0.37247139
-0.37630449
-0.37283389
-0.36640242
-0.32279529
-0.24528591
-0.16671984
-0.32750926
-0.24782414
-0.16712539
-0.33008012
-0.24923484
-0.16737793
0.071287575
0.20450132
0.33227387
0.070230762
0.20151832
0.32757928
0.068202148
0.19578843
0.31855002
0.030184853
0.14283091
0.25072023
-0.025695589
0.068436129
0.15783293
-0.067849399
0.012278484
0.088003071
0.31163368
0.32124186
0.32625739
0.2081489
0.21642257
0.22076808
0.13057518
0.13779455
0.14159648
0.26962069
0.15492008
0.034707415
0.17411815
0.079030617
-0.021275327
0.10221858
0.02167735
-0.063570687
-0.084529219
-0.0091328515
0.062069739
-0.082724672
-0.0052826559
0.067856686
-0.081775556
-0.0032342975
0.070917631
-0.31855002
-0.19578843
-0.068202148
-0.32757928
-0.20151832
-0.070230762
-0.33227387
-0.20450132
-0.071287575
-0.029888301
-0.029983257
-0.030154131
-0.075473351
-0.075715517
-0.076181877
-0.10978849
-0.11011949
-0.11077819
-0.09088854
-0.20482049
-0.31520293
-0.12768762
-0.22443216
-0.31893416
-0.15510001
-0.23830887
-0.32010098
-0.37774649
-0.38720134
-0.3921616
-0.37247139
-0.38021765
-0.38434787
-0.36640242
-0.37283389
-0.37630449
-0.33008012
-0.24923484
-0.16737793
-0.32750926
-0.24782414
-0.16712539
-0.32279529
-0.24528591
-0.16671984
0.068202148
0.19578843
0.31855002
0.070230762
0.20151832
0.32757928
0.071287575
0.20450132
0.33227387
0.32625739
0.32124186
0.31163368
0.22076808
0.21642257
0.2081489
0.14159648
0.13779455
0.13057518
0.25072023
0.14283091
0.030184853
0.15783293
0.068436129
-0.025695589
0.088003071
0.012278484
-0.067849399
-0.081775556
-0.0032342975
0.070917631
-0.082724672
-0.0052826559
0.067856686
-0.084529219
-0.0091328515
0.062069739
-0.32844327
-0.25299782
-0.17683334
-0.32355979
-0.25742033
-0.19092799
-0.31752947
-0.25938366
-0.20109159
-0.13691105
-0.13726711
-0.13798196
-0.15614672
-0.15647481
-0.15713344
-0.17062729
-0.17089738
-0.17143914
-0.17617398
-0.2478684
-0.31868667
-0.19050582
-0.25320519
-0.31533836
-0.20072283
-0.2558313
-0.31056228
-0.35879624
-0.36416775
-0.36708298
-0.35053278
-0.35510099
-0.35758386
-0.341541
-0.34542898
-0.34754035
-0.31380625
-0.25953768
-0.20518645
-0.31227141
-0.25872979
-0.20506852
-0.30946914
-0.25729284
-0.20489628
-0.09733372
-0.024456031
0.044340098
-0.12168319
-0.058221456
0.0017747769
-0.14044314
-0.08478716
-0.031992964
0.077962132
0.074678812
0.068448605
0.031164088
0.028348933
0.02301101
-0.0060148805
-0.0083817824
-0.012867263
0.032061717
-0.032656799
-0.10126935
-0.0087278974
-0.065247077
-0.12511871
-0.04077957
-0.090629838
-0.1432865
-0.14863995
-0.096685904
-0.047285622
-0.1492193
-0.097908355
-0.049122952
-0.15032006
-0.10019877
-0.05258786
-0.30719665
-0.23826116
-0.16762882
-0.31054631
-0.23926005
-0.16648666
-0.31641656
-0.24199453
-0.16636472
-0.13916043
-0.14075395
-0.14295259
-0.1582118
-0.159639
-0.16152926
-0.17232167
-0.17347437
-0.1749678
-0.17868802
-0.24384639
-0.30750536
-0.1928337
-0.25006903
-0.30605545
-0.20251828
-0.25312382
-0.30266349
-0.3400922
-0.34443531
-0.35141771
-0.33472609
-0.33837345
-0.34427365
-0.3280599
-0.33117833
-0.33620882
-0.30570729
-0.25546697
-0.20479571
-0.30230862
-0.25401064
-0.20497954
-0.30038113
-0.25351151
-0.20567066
-0.0936747
-0.026298068
0.036507028
-0.090269778
-0.020612511
0.044702507
-0.087202154
-0.014674919
0.053682698
0.059323197
0.049490838
0.040548503
0.015213044
0.0068673729
-0.00055404261
-0.019398871
-0.026322205
-0.032307102
0.0088269557
-0.048710096
-0.11059923
-0.028123596
-0.078689604
-0.1330475
-0.05648977
-0.1014418
-0.14962613
-0.15193898
-0.10346544
-0.05756747
-0.15374342
-0.10686587
-0.062750138
-0.1556228
-0.10993748
-0.067189553
-0.31036127
-0.25950095
-0.20861163
-0.30322819
-0.25835622
-0.21350276
-0.29617651
-0.25650652
-0.2168403
-0.1820171
-0.18221269
-0.18260607
-0.19004718
-0.1901715
-0.19042426
-0.19607058
-0.19612894
-0.19625205
-0.20820626
-0.25649623
-0.30452857
-0.2130338
-0.25579022
-0.29834982
-0.21630632
-0.2543278
-0.29215516
-0.33166446
-0.33492029
-0.33668608
-0.32231063
-0.32502762
-0.32650098
-0.3133313
-0.31556177
-0.31677571
-0.2925115
-0.25533661
-0.21812617
-0.2916344
-0.25483838
-0.21797713
-0.29004826
-0.25396083
-0.21772634
-0.18324874
-0.18408924
-0.18517582
-0.19084484
-0.19140899
-0.19216091
-0.19647
-0.19678851
-0.1972596
-0.20937696
-0.2540722
-0.29784343
-0.2136803
-0.25361737
-0.29272637
-0.21653219
-0.25244923
-0.28758492
-0.32031724
-0.32295695
-0.32719018
-0.31282341
-0.31503976
-0.3185762
-0.30563116
-0.30742001
-0.31028383
-0.28795821
-0.25286345
-0.21744941
-0.28611765
-0.25199291
-0.2173075
-0.28507343
-0.25162536
-0.21742375
-0.32076376
-0.20826351
-0.092026461
-0.32878133
-0.2132304
-0.093664512
-0.33298685
-0.21584031
-0.094520986
-0.32327894
-0.22695887
-0.12834732
-0.32969909
-0.23072261
-0.12935245
-0.33313045
-0.23274751
-0.12989891
-0.32354177
-0.24017269
-0.15541795
-0.32875736
-0.24305667
-0.15597804
-0.33158622
-0.24464452
-0.15630775
0.03154313
0.14648724
0.25646908
0.033518899
0.15176552
0.26471674
0.034563273
0.15453943
0.26902863
-0.024373399
0.071604101
0.16274028
-0.022442517
0.076234758
0.16985441
-0.0214169
0.078692986
0.17360307
-0.066559816
0.015077725
0.092262554
-0.064691846
0.019189227
0.098479821
-0.063706551
0.021376188
0.10176572
-0.33298685
-0.21584031
-0.094520986
-0.32878133
-0.2132304
-0.093664512
-0.32076376
-0.20826351
-0.092026461
-0.33313045
-0.23274751
-0.12989891
-0.32969909
-0.23072261
-0.12935245
-0.32327894
-0.22695887
-0.12834732
-0.33158622
-0.24464452
-0.15630775
-0.32875736
-0.24305667
-0.15597804
-0.32354177
-0.24017269
-0.15541795
0.034563273
0.15453943
0.26902863
0.033518899
0.15176552
0.26471674
0.03154313
0.14648724
0.25646908
-0.0214169
0.078692986
0.17360307
-0.022442517
0.076234758
0.16985441
-0.024373399
0.071604101
0.16274028
-0.063706551
0.021376188
0.10176572
-0.064691846
0.019189227
0.098479821
-0.066559816
0.015077725
0.092262554
-0.32811686
-0.25282146
-0.17680414
-0.32577456
-0.25155974
-0.17660773
-0.32149003
-0.24930187
-0.17630921
-0.32328417
-0.25727448
-0.19090716
-0.3213055
-0.25623152
-0.19076972
-0.31769513
-0.25437589
-0.19057668
-0.31729572
-0.25926049
-0.20107358
-0.31561919
-0.25838097
-0.20095499
-0.3125591
-0.25681697
-0.20078688
-0.097457711
-0.024718396
0.043949025
-0.09835918
-0.026625407
0.041109538
-0.10007664
-0.030211577
0.035740774
-0.12179129
-0.058446243
0.0014401673
-0.122578
-0.060081304
-0.00099104641
-0.12407755
-0.063153879
-0.0055839383
-0.1405329
-0.084974683
-0.032273571
-0.14118549
-0.08633725
-0.034310494
-0.14242728
-0.088893724
-0.038154824
-0.31571883
-0.2464058
-0.17610589
-0.31048438
-0.24407473
-0.17637399
-0.30751495
-0.24329543
-0.17755474
-0.31285266
-0.25202047
-0.19049899
-0.30848787
-0.25016003
-0.19082524
-0.30603966
-0.24958641
-0.19188249
-0.30845364
-0.25483229
-0.20070971
-0.30475173
-0.25325961
-0.20095659
-0.30266222
-0.25274704
-0.20177877
-0.1026285
-0.035379134
0.027957047
-0.10555102
-0.040894484
0.019665157
-0.10878353
-0.046192472
0.012081742
-0.12630225
-0.067570826
-0.01222506
-0.12882976
-0.072253315
-0.019250042
-0.1315612
-0.076664637
-0.025539185
-0.14425995
-0.092551602
-0.043692614
-0.14631572
-0.096383907
-0.049487833
-0.14848332
-0.099899669
-0.054533088
-0.31016591
-0.25939697
-0.20859366
-0.3087635
-0.25865378
-0.20847291
-0.30620198
-0.25733131
-0.2082903
-0.30306458
-0.25826733
-0.2134836
-0.30189077
-0.25763226
-0.21335271
-0.29974825
-0.25650302
-0.21314334
-0.29604078
-0.25643057
-0.21681966
-0.29506837
-0.25588861
-0.21667684
-0.29330172
-0.25492967
-0.21643978
-0.30276116
-0.25564831
-0.20815901
-0.29964931
-0.25429785
-0.208277
-0.29787152
-0.25380778
-0.20884197
-0.29687375
-0.25506586
-0.21294943
-0.29427434
-0.25390279
-0.21294905
-0.29277401
-0.25343975
-0.2133039
-0.29095107
-0.25371895
-0.21618902
-0.28884896
-0.25274504
-0.21609055
-0.28763788
-0.25233505
-0.21627848
0.84957113
0.91774188
0.84957113
0.91774188
1
0.91774188
0.84957113
0.91774188
0.84957113
0.43775954
0.46758567
0.44485559
0.29343711
0.31528657
0.3036754
0.21778967
0.2121121
0.57561662
0.61063762
0.55892108
0.62103112
0.6604133
0.59697122
0.57561662
0.61063762
0.55892108
0.41982036
0.44101741
0.39908046
0.39093676
0.40977066
0.37426538
0.28179071
0.29246313
0.26614876
0.27553742
0.87053063
0.90021342
0.91563372
0.99744546
0.97878093
0.94295653
0.94295653
0.97878093
0.99744546
0.91563372
0.90021342
0.87053063
0.58759421
0.6036558
0.61067272
0.62623084
0.64787129
0.65891293
0.63491162
0.65327253
0.66086032
0.58976991
0.60952228
0.61965044
0.79526143
0.70009654
0.61581707
0.85607408
0.74895258
0.65507636
0.93054386
0.81182832
0.7089358
0.85846734
0.75554274
0.66454796
0.91563372
0.90021342
0.87053063
0.91563372
0.90021342
0.87053063
0.99744546
0.97878093
0.94295653
0.60798126
0.59575625
0.57411168
0.57091939
0.58744569
0.59582899
0.65685384
0.64156216
0.61520823
0.79232189
0.6903003
0.60084245
0.85193836
0.73885679
0.64199706
0.94295653
0.97878093
0.99744546
0.87053063
0.90021342
0.91563372
0.87053063
0.90021342
0.91563372
0.65891293
0.64787129
0.62623084
0.58759421
0.6036558
0.61067272
0.61965044
0.60952228
0.58976991
0.85607408
0.74895258
0.65507636
0.79526143
0.70009654
0.61581707
0.87053063
0.90021342
0.91563372
0.91563372
0.90021342
0.87053063
0.59582899
0.58744569
0.57091939
0.60798126
0.59575625
0.57411168
0.79232189
0.6903003
0.60084245
0.42802472
0.43832931
0.44186317
0.44009249
0.43325433
0.41967974
0.39806871
0.40712513
0.41038045
0.41895722
0.41260019
0.4000459
0.58038453
0.51056446
0.44918791
0.61547916
0.53909826
0.47265047
0.56944068
0.49941728
0.4386259
0.53812261
0.47392419
0.41772683
0.43829298
0.42795781
0.41082869
0.39834785
0.39294505
0.38217166
0.40754079
0.39886588
0.3843119
0.55568354
0.48641666
0.42705865
0.52036894
0.45563101
0.40026483
0.49820751
0.54982815
0.59221937
0.46733572
0.46242214
0.45213207
0.47305683
0.52042921
0.55886828
0.33591704
0.37026574
0.39793859
0.31565884
0.31353625
0.30790332
0.32287437
0.35467469
0.3800487
0.43612428
0.38286968
0.33693966
0.41591536
0.36670259
0.32393415
0.46554712
0.51019678
0.54447267
0.44644599
0.45907283
0.4661879
0.31196648
0.34179786
0.36468183
0.29940974
0.30837071
0.31386987
0.4074965
0.35677357
0.3135868
0.28613446
0.2914
0.29301807
0.29197013
0.28832361
0.28098108
0.26996425
0.27459223
0.27601861
0.28133136
0.27794939
0.27116281
0.39231907
0.34477791
0.30239179
0.41145051
0.36035883
0.31471456
0.38286857
0.33658783
0.29548759
0.36591551
0.32284856
0.28465257
0.23129971
0.25274052
0.26887354
0.21816563
0.21729916
0.2144077
0.22486528
0.2450148
0.25997754
0.29522726
0.26114572
0.23166279
0.28486251
0.2528458
0.22514024
0.94071385
0.97634361
0.9949051
0.92431526
0.95853051
0.97634361
0.89277756
0.92431526
0.94071385
0.81419883
0.84082186
0.8543874
0.71583735
0.73756721
0.74807653
0.62896632
0.64677762
0.6548508
0.87903536
0.91145219
0.92824816
0.76850444
0.7958542
0.80991252
0.67191377
0.6953328
0.70730726
0.92875315
0.91277452
0.88106297
0.8112157
0.79936876
0.77403581
0.70910918
0.70028942
0.6798341
0.85651725
0.84226753
0.81475
0.75384581
0.7414173
0.71729718
0.66306375
0.65218156
0.63098806
0.60236856
0.61915911
0.62637776
0.62294026
0.64073381
0.64819814
0.6334787
0.65177185
0.65934626
0.9949051
0.97634361
0.94071385
0.97634361
0.95853051
0.92431526
0.94071385
0.92431526
0.89277756
0.85392803
0.83948622
0.81189147
0.74655746
0.73309465
0.70807528
0.65247214
0.63978196
0.61695036
0.81076681
0.83671423
0.85010326
0.70548395
0.72659001
0.73738201
0.61379219
0.63166955
0.64075751
0.87576598
0.90964928
0.92768407
0.76048869
0.79138753
0.80849286
0.66142556
0.68938722
0.70538416
0.62332073
0.61018662
0.58709915
0.64456208
0.63008537
0.6049366
0.65538567
0.64019119
0.61398322
0.89277756
0.92431526
0.94071385
0.92431526
0.95853051
0.97634361
0.94071385
0.97634361
0.9949051
0.92824816
0.91145219
0.87903536
0.80991252
0.7958542
0.76850444
0.70730726
0.6953328
0.67191377
0.8543874
0.84082186
0.81419883
0.74807653
0.73756721
0.71583735
0.6548508
0.64677762
0.62896632
0.81475
0.84226753
0.85651725
0.71729718
0.7414173
0.75384581
0.63098806
0.65218156
0.66306375
0.6334787
0.65177185
0.65934626
0.62294026
0.64073381
0.64819814
0.60236856
0.61915911
0.62637776
0.94071385
0.92431526
0.89277756
0.97634361
0.95853051
0.92431526
0.9949051
0.97634361
0.94071385
0.85010326
0.83671423
0.81076681
0.73738201
0.72659001
0.70548395
0.64075751
0.63166955
0.61379219
0.81189147
0.83948622
0.85392803
0.70807528
0.73309465
0.74655746
0.61695036
0.63978196
0.65247214
0.65538567
0.64019119
0.61398322
0.64456208
0.63008537
0.6049366
0.62332073
0.61018662
0.58709915
0.59302106
0.60955719
0.61611916
0.52119962
0.53486571
0.53993042
0.45816812
0.46952966
0.47351772
0.6140954
0.60390367
0.58389025
0.53791195
0.52916183
0.51191557
0.47163979
0.46417176
0.449388
0.56967794
0.5635679
0.54905491
0.49990159
0.49517209
0.48314867
0.43921843
0.43552047
0.42552787
0.55131317
0.5696921
0.57910263
0.48539467
0.50132733
0.50945806
0.42762025
0.44129701
0.44824423
0.42713413
0.43740284
0.44093077
0.42055215
0.43055624
0.43403282
0.40753888
0.41699867
0.42035576
0.6119737
0.59745724
0.57273249
0.53582512
0.52291147
0.50126968
0.46972082
0.4584925
0.4398422
0.55462632
0.54686013
0.53152327
0.48549941
0.47875133
0.46538258
0.42626508
0.4204155
0.40878197
0.53464096
0.55507258
0.56677775
0.46817281
0.48626235
0.49684916
0.41114974
0.42690929
0.43626068
0.43738548
0.42710193
0.41005104
0.43066498
0.42076421
0.40428371
0.41730881
0.40813374
0.39277905
0.481188
0.492546
0.49793234
0.5301296
0.54345709
0.54960615
0.57017156
0.58538015
0.5921517
0.55234677
0.51290745
0.46474922
0.48458686
0.45021763
0.40802977
0.42580879
0.39594115
0.35903881
0.43605368
0.43179238
0.42251916
0.38305416
0.37982462
0.37222526
0.3372694
0.33481722
0.3285702
0.44234384
0.48660886
0.52251129
0.39000116
0.42889714
0.46031074
0.34446369
0.37857739
0.40593871
0.38678911
0.39535995
0.39848761
0.36043866
0.36791291
0.37070997
0.32764963
0.33392663
0.33630251
0.49668025
0.48891634
0.47508914
0.54793432
0.5385852
0.52188285
0.58983972
0.57860103
0.5585897
0.50692331
0.47499191
0.43338662
0.44385891
0.41586535
0.37942137
0.38996115
0.36540642
0.3334378
0.41570525
0.42773411
0.43465927
0.36407292
0.37490948
0.38135723
0.32000931
0.32962161
0.33547147
0.39586669
0.38774386
0.37411392
0.36848581
0.36147235
0.3497856
0.33439032
0.32840885
0.31857951
0.39979909
0.40912446
0.41225908
0.35097134
0.35859387
0.36107061
0.3073726
0.31342284
0.31532342
0.41060888
0.40437403
0.39196142
0.35966436
0.35451343
0.34419622
0.31415729
0.31001266
0.30167627
0.38347782
0.38061251
0.37242363
0.33716083
0.33493362
0.32824936
0.29600401
0.29432017
0.28901312
0.37427291
0.38574479
0.3915346
0.32983884
0.33936011
0.34413206
0.29034323
0.29803608
0.30187369
0.28566268
0.29090978
0.29252303
0.28217256
0.28728435
0.28885766
0.2751611
0.27999369
0.28148373
0.37198509
0.34640769
0.31447816
0.32741757
0.30562546
0.27798857
0.28797888
0.2698655
0.24629838
0.29562415
0.29378686
0.28871351
0.26155362
0.26016676
0.25604202
0.23205446
0.23102775
0.22773863
0.30281124
0.33242019
0.35589674
0.26861485
0.29434351
0.31439822
0.23891065
0.26097406
0.27771606
0.26359981
0.2679832
0.26933633
0.24813778
0.25198026
0.25316538
0.22746797
0.23070627
0.23169206
0.83482927
0.86299996
0.87731179
0.86392717
0.89431983
0.90968127
0.87900463
0.91055624
0.92646165
0.73391302
0.75675615
0.76769572
0.75922176
0.78363897
0.79515968
0.77225964
0.79748222
0.80929126
0.64483044
0.66347019
0.6717967
0.66694413
0.68673947
0.69538922
0.67829088
0.69866685
0.70746761
0.87669238
0.86118226
0.83168819
0.90879167
0.89171181
0.85946574
0.92541566
0.90749434
0.87381189
0.76584789
0.7513088
0.72450159
0.79278138
0.77664825
0.74726646
0.80661155
0.78962201
0.75890804
0.66904428
0.65537551
0.63097728
0.69204433
0.67692779
0.65028286
0.70378977
0.68789783
0.66009619
0.87900463
0.91055624
0.92646165
0.86392717
0.89431983
0.90968127
0.83482927
0.86299996
0.87731179
0.77225964
0.79748222
0.80929126
0.75922176
0.78363897
0.79515968
0.73391302
0.75675615
0.76769572
0.67829088
0.69866685
0.70746761
0.66694413
0.68673947
0.69538922
0.64483044
0.66347019
0.6717967
0.92541566
0.90749434
0.87381189
0.90879167
0.89171181
0.85946574
0.87669238
0.86118226
0.83168819
0.80661155
0.78962201
0.75890804
0.79278138
0.77664825
0.74726646
0.76584789
0.7513088
0.72450159
0.70378977
0.68789783
0.66009619
0.69204433
0.67692779
0.65028286
0.66904428
0.65537551
0.63097728
0.59169329
0.6081701
0.61472217
0.58191789
0.59795851
0.60442707
0.56280634
0.57796383
0.58423812
0.52005612
0.53367474
0.53873277
0.51162647
0.52489493
0.52989393
0.49508856
0.50764056
0.51249611
0.45719402
0.46851614
0.47249827
0.44999873
0.46103046
0.46496049
0.43581692
0.44625159
0.4500573
0.61061991
0.59619234
0.57160035
0.60063111
0.58685995
0.56323113
0.58098996
0.56844932
0.54669954
0.53466375
0.52182321
0.50029045
0.52608269
0.51378276
0.493043
0.50914785
0.49786593
0.47868018
0.46873005
0.45756031
0.43899814
0.46139667
0.45066073
0.43274058
0.44686218
0.43694691
0.42029087
0.53283525
0.54658165
0.55248394
0.49546809
0.50751968
0.51288663
0.44975229
0.45999058
0.46467009
0.46902535
0.48041516
0.48498289
0.43636346
0.4463321
0.45046994
0.3962166
0.40464295
0.4082173
0.4133105
0.42277039
0.42633106
0.38488447
0.39314385
0.39634437
0.34969644
0.35664571
0.35938005
0.54994304
0.53914589
0.52021298
0.51096277
0.5019191
0.48604009
0.46315553
0.45560379
0.44242726
0.48223851
0.4724119
0.45557609
0.44826433
0.43992775
0.42567941
0.40639283
0.39936885
0.38748503
0.42362229
0.41489134
0.40016348
0.39408175
0.38658703
0.37401447
0.35745521
0.35108892
0.34054578
0.39899003
0.40828265
0.41141127
0.39299692
0.40204849
0.40512598
0.38110953
0.38966532
0.39262703
0.35030586
0.35790124
0.360372
0.34536902
0.352765
0.35518597
0.33550944
0.34249575
0.34480899
0.30683972
0.31286841
0.31476358
0.30287424
0.30874497
0.31059545
0.29491735
0.30046303
0.3022196
0.36205002
0.36979695
0.37254307
0.33768164
0.34443146
0.3468747
0.3071673
0.31282706
0.3148908
0.31950953
0.3258309
0.32795498
0.29871836
0.30422384
0.30609612
0.27223611
0.27684688
0.27841371
0.28185125
0.28687272
0.28847218
0.26452597
0.26891091
0.27031192
0.24186093
0.24554196
0.24670805
0.37298049
0.39717735
0.37298049
-7.1557343e-18
4.5536491e-18
-2.4286129e-17
-0.37298049
-0.39717735
-0.37298049
0.42824044
0.46185394
0.44195064
0.28807716
0.31136795
0.30113814
0.21539192
0.21027127
-0.24331101
-0.25064867
-0.23013366
-1.8222092e-17
8.0218904e-17
4.943868e-17
0.24331101
0.25064867
0.23013366
4.2665629e-17
9.374565e-17
6.8677615e-17
0.16477615
0.16793162
0.15542841
1.0421333e-16
1.014807e-16
0.11461186
0.11597792
-0.38042078
-0.39095644
-0.39642918
-0.071432212
-0.20490947
-0.33291588
1.3040072e-18
-4.472334e-18
-3.1441863e-18
-0.066774181
-0.19175207
-0.31218017
-0.24608512
-0.24995403
-0.25123206
-0.20916901
-0.12793477
-0.044453235
9.3157412e-19
1.932793e-17
4.1475566e-17
-0.20362792
-0.12507232
-0.043557668
-0.34445192
-0.29867292
-0.26089093
-0.36405434
-0.31178358
-0.26974484
5.7413984e-18
-4.3150476e-17
3.4105128e-17
3.0785294e-17
1.0910478e-17
-2.3590693e-17
-0.39642918
-0.39095644
-0.38042078
-0.066774181
-0.19175207
-0.31218017
-8.6037372e-18
-2.2795351e-17
-1.9515639e-18
-0.24915414
-0.24380221
-0.23547974
-0.19182543
-0.11716514
-0.040688318
8.7405942e-17
6.2982299e-17
4.8591445e-17
-0.33901691
-0.28758291
-0.24782968
-5.1830611e-17
-1.4288394e-17
8.2417246e-19
0.33291588
0.20490947
0.071432212
0.38042078
0.39095644
0.39642918
0.31218017
0.19175207
0.066774181
0.044453235
0.12793477
0.20916901
0.24608512
0.24995403
0.25123206
0.043557668
0.12507232
0.20362792
0.36405434
0.31178358
0.26974484
0.34445192
0.29867292
0.26089093
0.31218017
0.19175207
0.066774181
0.39642918
0.39095644
0.38042078
0.040688318
0.11716514
0.19182543
0.24915414
0.24380221
0.23547974
0.33901691
0.28758291
0.24782968
6.820471e-17
7.3527148e-17
6.686961e-17
0.029619205
0.085365897
0.13992183
0.16621258
0.16809829
0.16846276
0.029337381
0.084357888
0.13768385
2.7652423e-17
6.2754459e-17
3.2998116e-17
5.3594456e-17
6.2842744e-17
9.7096713e-17
0.23328235
0.20430283
0.17955853
0.22714404
0.19972963
0.17599718
5.3354965e-17
7.0120985e-17
6.8477048e-17
0.027468621
0.079119585
0.12956698
0.16688257
0.16349242
0.15851665
4.4267003e-17
7.0288322e-17
7.8717468e-17
0.21422224
0.18796632
0.16578895
0.42975266
0.36341542
0.29094318
0.46222311
0.45834295
0.44887885
0.41187119
0.34975433
0.2815934
0.28963475
0.24452371
0.1952389
0.31202038
0.31039262
0.30518175
0.28062798
0.23791163
0.19101481
0.43055685
0.37788529
0.3326584
0.41296592
0.36383415
0.32126787
0.39832682
0.33557479
0.2675783
0.43749377
0.45137718
0.45979708
0.26813922
0.22628085
0.18066932
0.29422556
0.30363945
0.30966554
0.39851827
0.34920431
0.30750825
7.9452782e-17
1.0040757e-16
1.1107759e-16
0.02039887
0.058829166
0.096549106
0.11530526
0.11619096
0.11629388
0.020313987
0.058470928
0.095629906
6.7798766e-17
7.8337339e-17
8.1633229e-17
7.7937497e-17
8.2436686e-17
9.4144985e-17
0.15717609
0.138938
0.12326776
0.15437647
0.13673477
0.12161723
0.20065069
0.16934768
0.13498059
0.21586872
0.21519722
0.2124856
0.19621657
0.16621894
0.13308542
0.29164895
0.25812781
0.22908341
0.28245896
0.25068918
0.22320164
-0.068202148
-0.070230762
-0.071287575
-0.19578843
-0.20151832
-0.20450132
-0.31855002
-0.32757928
-0.33227387
-0.35065069
-0.35944168
-0.36375029
-0.30307346
-0.30932388
-0.31201656
-0.26408171
-0.26860403
-0.27025429
-0.30481796
-0.18732329
-0.065250207
-0.26060479
-0.15976873
-0.055583554
-0.22520226
-0.13783096
-0.047908861
-9.8741028e-18
-1.3246138e-16
1.8577546e-18
-4.5224124e-18
2.5826197e-17
1.3598568e-17
3.5901956e-17
1.3733343e-17
-1.9408544e-17
-0.061717594
-0.17719419
-0.28838552
-0.05353291
-0.15367789
-0.25006817
-0.046731278
-0.13416742
-0.2183803
-0.20578727
-0.20881277
-0.20972549
-0.12626672
-0.12792713
-0.12834203
-0.04394881
-0.044490509
-0.044606831
-0.071287575
-0.070230762
-0.068202148
-0.20450132
-0.20151832
-0.19578843
-0.33227387
-0.32757928
-0.31855002
-0.36296887
-0.35707725
-0.34640937
-0.31036056
-0.30435936
-0.29430694
-0.26823134
-0.26259046
-0.25363479
-0.28332314
-0.17367221
-0.060421446
-0.23990089
-0.14670248
-0.050978736
-0.20660614
-0.12621738
-0.043837703
-1.2173613e-17
-3.4302752e-17
-1.7855564e-17
-1.966206e-17
7.3239653e-17
-2.5440981e-17
3.2956445e-17
7.9885614e-17
9.7008545e-17
-0.2078497
-0.20326693
-0.19625493
-0.12706715
-0.12416746
-0.11984693
-0.044140065
-0.043116943
-0.0416123
0.31855002
0.32757928
0.33227387
0.19578843
0.20151832
0.20450132
0.068202148
0.070230762
0.071287575
0.065250207
0.18732329
0.30481796
0.055583554
0.15976873
0.26060479
0.047908861
0.13783096
0.22520226
0.36375029
0.35944168
0.35065069
0.31201656
0.30932388
0.30307346
0.27025429
0.26860403
0.26408171
0.28838552
0.17719419
0.061717594
0.25006817
0.15367789
0.05353291
0.2183803
0.13416742
0.046731278
0.04394881
0.044490509
0.044606831
0.12626672
0.12792713
0.12834203
0.20578727
0.20881277
0.20972549
0.33227387
0.32757928
0.31855002
0.20450132
0.20151832
0.19578843
0.071287575
0.070230762
0.068202148
0.060421446
0.17367221
0.28332314
0.050978736
0.14670248
0.23990089
0.043837703
0.12621738
0.20660614
0.34640937
0.35707725
0.36296887
0.29430694
0.30435936
0.31036056
0.25363479
0.26259046
0.26823134
0.044140065
0.043116943
0.0416123
0.12706715
0.12416746
0.11984693
0.2078497
0.20326693
0.19625493
3.3113845e-17
3.6190753e-18
4.3832023e-17
3.5496859e-17
2.0654072e-17
4.1594833e-17
8.5651938e-17
7.8326218e-17
9.6662061e-17
0.041324472
0.11896578
0.19460908
0.036125201
0.10404741
0.17034589
0.031697647
0.091335261
0.1496458
0.23390161
0.23290841
0.22956029
0.20492332
0.20428454
0.20166561
0.18012702
0.17969103
0.17758522
0.19005845
0.11670174
0.040635664
0.16704154
0.10249342
0.035673616
0.14710934
0.090181389
0.031372044
0.029510821
0.029737472
0.029735618
0.084913466
0.08564224
0.085685541
0.13875967
0.1401832
0.1403952
5.9823615e-17
8.8103783e-17
6.4812464e-17
8.2567567e-17
8.9133086e-17
7.9429297e-17
9.2009736e-17
7.7817423e-17
7.3415262e-17
0.037870615
0.10905691
0.17856379
0.033228732
0.095695234
0.15668782
0.029305187
0.084403135
0.13820659
0.21910837
0.22680166
0.23183174
0.19206961
0.19861345
0.20299004
0.16920384
0.17469356
0.1784158
0.029417373
0.028811104
0.027967663
0.084796141
0.083051265
0.080592019
0.13902198
0.13618064
0.13207252
0.41809346
0.42663591
0.43013099
0.35459091
0.36127708
0.36389009
0.28501325
0.28981006
0.29151244
0.27088305
0.33858261
0.40057734
0.23735741
0.29694394
0.35152088
0.20870439
0.26128779
0.30943525
0.43105346
0.4277462
0.41924353
0.37851789
0.37605462
0.36908643
0.3333211
0.3314497
0.32569182
0.38488409
0.32673002
0.26294417
0.33906305
0.28768022
0.23132073
0.29938792
0.25388477
0.20395264
0.19283771
0.19525204
0.19580603
0.24061927
0.24414309
0.24512813
0.28420221
0.28884094
0.29026304
0.42781477
0.41993548
0.40695795
0.36161947
0.35460297
0.34317122
0.28930818
0.28328878
0.27375254
0.24908503
0.31234102
0.37071389
0.21852443
0.27388742
0.3248925
0.19271703
0.24141805
0.28617811
0.40723136
0.42038647
0.42849108
0.35687065
0.36855081
0.37590373
0.31416602
0.32435255
0.33084712
0.19405307
0.19014814
0.18431682
0.2431255
0.23833883
0.23100267
0.28804351
0.28245571
0.27377146
7.8014856e-17
7.5838009e-17
9.0190608e-17
6.4970509e-17
6.8794541e-17
4.5997475e-17
9.2760859e-17
9.9609959e-17
9.7267907e-17
0.027697476
0.079845788
0.13092632
0.024446891
0.070500772
0.11568269
0.021674102
0.062513277
0.10260825
0.15766688
0.15735991
0.15567201
0.13935267
0.1391335
0.13778363
0.12361469
0.12347232
0.12243204
0.12894758
0.078961643
0.027452176
0.11413786
0.06982412
0.024262959
0.10147337
0.062041949
0.021553288
0.020383821
0.020476669
0.020462498
0.058709346
0.059023137
0.059006913
0.096129074
0.096780335
0.0968223
0.18277916
0.22901171
0.27130422
0.16164786
0.20269083
0.24017882
0.14345759
0.17998734
0.21327654
0.29227989
0.29086168
0.2861507
0.25870096
0.25761892
0.25376493
0.22959332
0.2287917
0.22570779
0.26323243
0.22310599
0.17902254
0.23367414
0.19797051
0.15867463
0.20816479
0.17633178
0.14120054
0.13398987
0.1351501
0.13533051
0.16763174
0.16938687
0.16975312
0.19814764
0.20053279
0.20110289
-0.29358911
-0.3009984
-0.30459422
-0.18042705
-0.1850187
-0.18721881
-0.062847785
-0.064454916
-0.065218788
-0.25364691
-0.25874639
-0.2608721
-0.15580248
-0.15881239
-0.16000185
-0.054258415
-0.055284729
-0.055676671
-0.22089322
-0.22447681
-0.22570066
-0.13558864
-0.13760192
-0.13820758
-0.047202791
-0.047869618
-0.04805243
-0.30384513
-0.29874675
-0.28959393
-0.18667573
-0.18339924
-0.17760689
-0.065014807
-0.063849915
-0.061803445
-0.25932534
-0.25412687
-0.24554989
-0.15891002
-0.1555694
-0.15019143
-0.055270668
-0.05408338
-0.052193602
-0.22385804
-0.21900966
-0.2114339
-0.13694019
-0.13385433
-0.12915875
-0.047586163
-0.04649445
-0.044854272
0.062847785
0.064454916
0.065218788
0.18042705
0.1850187
0.18721881
0.29358911
0.3009984
0.30459422
0.054258415
0.055284729
0.055676671
0.15580248
0.15881239
0.16000185
0.25364691
0.25874639
0.2608721
0.047202791
0.047869618
0.04805243
0.13558864
0.13760192
0.13820758
0.22089322
0.22447681
0.22570066
0.065014807
0.063849915
0.061803445
0.18667573
0.18339924
0.17760689
0.30384513
0.29874675
0.28959393
0.055270668
0.05408338
0.052193602
0.15891002
0.1555694
0.15019143
0.25932534
0.25412687
0.24554989
0.047586163
0.04649445
0.044854272
0.13694019
0.13385433
0.12915875
0.22385804
0.21900966
0.2114339
0.040960867
0.04140929
0.041479472
0.11770864
0.11910152
0.11938055
0.1919159
0.19450631
0.19518793
0.035919202
0.036248914
0.036270643
0.10326782
0.10431211
0.10444142
0.16850859
0.17050606
0.17091217
0.031566309
0.031822372
0.031824792
0.090801097
0.091621285
0.091682952
0.14830226
0.14989601
0.15015601
0.04102578
0.040076818
0.03870356
0.11813518
0.1154376
0.11148259
0.19333645
0.18904865
0.18259371
0.035862771
0.035055685
0.033912826
0.10331292
0.10100668
0.097698213
0.1692056
0.16550182
0.16004883
0.031475061
0.030802713
0.029862854
0.09070865
0.088778101
0.08604428
0.14866165
0.14553223
0.14098591
0.26594769
0.27014016
0.27150285
0.33104905
0.33697739
0.33914511
0.39048354
0.39812203
0.40107448
0.23375579
0.23707766
0.23799992
0.29124453
0.29602749
0.2975808
0.34372863
0.34996162
0.35213972
0.20596254
0.20865219
0.20930581
0.25685837
0.2607698
0.26191569
0.30330252
0.30843555
0.31007597
0.26928529
0.26360322
0.25475025
0.33679925
0.33010573
0.31938726
0.39863074
0.39105983
0.37879576
0.23589475
0.23090898
0.22331967
0.29527032
0.28929513
0.27995423
0.34965984
0.34281062
0.33196826
0.20741862
0.20314681
0.19673562
0.25978628
0.25458831
0.24658092
0.30773908
0.30170769
0.29229074
0.027606419
0.027807325
0.027803074
0.079457996
0.080106084
0.080136855
0.1299145
0.13118601
0.13136088
0.024383644
0.024540563
0.024533453
0.070216943
0.070727352
0.07074085
0.11491447
0.11592646
0.11604593
0.021640898
0.021755776
0.021744716
0.062333996
0.062714735
0.06271013
0.10206779
0.10284011
0.10290937
0.18067025
0.18283567
0.18330728
0.22556524
0.22873635
0.2295849
0.2664884
0.27067541
0.27190941
0.16001628
0.16175592
0.16209987
0.19999573
0.20256298
0.20319607
0.23637663
0.23979086
0.24072557
0.14225331
0.1436053
0.14383985
0.17795147
0.17997331
0.18042546
0.2103548
0.21307519
0.21376061
