MFEM mesh v1.0

#
# MFEM Geometry Types (see mesh/geom.hpp):
#
# POINT       = 0
# SEGMENT     = 1
# TRIANGLE    = 2
# SQUARE      = 3
# TETRAHEDRON = 4
# CUBE        = 5
#

dimension
3

elements
6
1 5 1 9 10 0 4 11 12 3
1 5 13 2 1 14 17 5 4 19
1 5 14 1 0 15 19 4 3 20
1 5 16 17 19 18 21 22 24 23
1 5 17 5 4 19 22 8 7 24
1 5 19 4 3 20 24 7 6 25

boundary
24
15 3 0 10 9 1
15 3 1 9 11 4
15 3 2 1 4 5
15 3 9 10 12 11
15 3 10 0 3 12
15 3 4 11 12 3
15 3 5 4 7 8
15 3 4 3 6 7
15 3 14 1 2 13
15 3 15 0 1 14
15 3 13 2 5 17
15 3 14 13 17 19
15 3 18 19 17 16
15 3 15 14 19 20
15 3 0 15 20 3
15 3 16 17 22 21
15 3 17 5 8 22
15 3 18 16 21 23
15 3 19 18 23 24
15 3 21 22 24 23
15 3 22 8 7 24
15 3 20 19 24 25
15 3 3 20 25 6
15 3 24 7 6 25

vertices
26

nodes
FiniteElementSpace
FiniteElementCollection: H1_3D_P4
VDim: 3
Ordering: 0

-0.56285336
-0.59100202
-0.56285336
-0.47536606
-0.49391193
-0.47536606
-0.40559113
-0.41631794
-0.40559113
-0.37223613
-0.35883119
-0.34238802
-0.33425364
-0.69847424
-0.74489218
-0.69847424
-0.59803778
-0.56790914
-0.63264032
-0.59773854
-0.56790914
-0.47972374
-0.46325474
-0.49801262
-0.47947073
-0.46325474
-0.55685005
-0.48752518
-0.41313641
-0.37180052
-0.3686229
-0.36275769
-0.53127245
-0.46660471
-0.39710557
-0.5713527
-0.58363217
-0.59011109
-0.47014196
-0.42181904
-0.37037483
-0.34212231
-0.34018887
-0.33662636
-0.45342467
-0.40843636
-0.36045639
-0.48101858
-0.48910706
-0.49333321
-0.57300532
-0.54025403
-0.50938583
-0.36748427
-0.3579254
-0.34783085
-0.35522049
-0.34749537
-0.33895473
-0.54661326
-0.51710764
-0.48929944
-0.59222802
-0.64142206
-0.68118931
-0.59011109
-0.58363217
-0.5713527
-0.62323055
-0.67838257
-0.72456962
-0.7129444
-0.73313501
-0.74348021
-0.49576955
-0.5295954
-0.55644801
-0.49333321
-0.48910706
-0.48101858
-0.51622547
-0.55385487
-0.5845453
-0.57735677
-0.59031996
-0.59685216
-0.67408276
-0.62989663
-0.58854699
-0.54661326
-0.51710764
-0.48929944
-0.71739483
-0.66760673
-0.62101268
-0.59222802
-0.64142206
-0.68118931
-0.74348021
-0.73313501
-0.7129444
-0.49576955
-0.5295954
-0.55644801
-0.59685216
-0.59031996
-0.57735677
-0.67408276
-0.62989663
-0.58854699
-0.59714211
-0.59054243
-0.57744947
-0.63160818
-0.62397339
-0.60880568
-0.60900588
-0.62404461
-0.63161657
-0.4792407
-0.47568847
-0.46854531
-0.46847222
-0.47550498
-0.47899624
-0.49747172
-0.49347574
-0.48543232
-0.48560882
-0.4935421
-0.49747975
-0.57563883
-0.53554585
-0.49831672
-0.54807175
-0.51261288
-0.47970536
-0.5753512
-0.53527669
-0.49805966
-0.60715366
-0.56151765
-0.51914991
-0.41918903
-0.44076155
-0.45671368
-0.41598671
-0.41356932
-0.40889696
-0.43100178
-0.4544723
-0.47216885
-0.46196373
-0.43808012
-0.41625479
-0.47902309
-0.45246379
-0.42817839
-0.40889696
-0.41356932
-0.41598671
-0.41918903
-0.44076155
-0.45671368
-0.47899624
-0.47550498
-0.46847222
-0.46196373
-0.43808012
-0.41625479
-0.54807175
-0.51261288
-0.47970536
-0.53895738
-0.47287485
-0.40182484
-0.55012519
-0.48200377
-0.40884478
-0.55603791
-0.48685942
-0.41261607
-0.54084789
-0.4755944
-0.4057651
-0.51165014
-0.45362084
-0.39172344
-0.48402929
-0.43253517
-0.37769596
-0.36708298
-0.36416775
-0.35879624
-0.35758386
-0.35510099
-0.35053278
-0.34754035
-0.34542898
-0.341541
-0.39101553
-0.45614985
-0.51694895
-0.3790762
-0.43673913
-0.49073563
-0.36688743
-0.41799382
-0.46591242
-0.55458667
-0.56609939
-0.57217157
-0.524116
-0.53421304
-0.53952509
-0.49540534
-0.50416651
-0.50875706
-0.46961539
-0.42139466
-0.37005162
-0.46578175
-0.41830189
-0.36771783
-0.45847889
-0.41245791
-0.36336915
-0.72325109
-0.67723794
-0.62225519
-0.71356135
-0.66887829
-0.61515789
-0.69471282
-0.65278592
-0.60164484
-0.65789112
-0.62055315
-0.57428661
-0.61567282
-0.58272075
-0.54169932
-0.57616317
-0.54728029
-0.51107812
-0.55458667
-0.56609939
-0.57217157
-0.524116
-0.53421304
-0.53952509
-0.49540534
-0.50416651
-0.50875706
-0.60334861
-0.65517422
-0.69842446
-0.56720742
-0.61306493
-0.65105434
-0.53322785
-0.57358184
-0.60670085
-0.71608161
-0.70645025
-0.68761296
-0.66647103
-0.65812696
-0.64172916
-0.62004348
-0.6129055
-0.59879333
-0.56534347
-0.53715892
-0.50205889
-0.57754021
-0.54771337
-0.51096749
-0.58371098
-0.55311877
-0.51559372
-0.69471282
-0.65278592
-0.60164484
-0.71356135
-0.66887829
-0.61515789
-0.72325109
-0.67723794
-0.62225519
-0.57428661
-0.62055315
-0.65789112
-0.54169932
-0.58272075
-0.61567282
-0.51107812
-0.54728029
-0.57616317
-0.68761296
-0.70645025
-0.71608161
-0.64172916
-0.65812696
-0.66647103
-0.59879333
-0.6129055
-0.62004348
-0.58371098
-0.55311877
-0.51559372
-0.57754021
-0.54771337
-0.51096749
-0.56534347
-0.53715892
-0.50205889
-0.6305899
-0.62298602
-0.60788023
-0.62304879
-0.61567841
-0.60102598
-0.60807162
-0.60115267
-0.58740794
-0.57482452
-0.5688103
-0.55683586
-0.53487417
-0.52990919
-0.51995596
-0.49777523
-0.49376375
-0.48569626
-0.55674772
-0.56859733
-0.57454596
-0.51987544
-0.52971168
-0.53461376
-0.48562131
-0.49357676
-0.49752678
-0.58547479
-0.59928936
-0.6062189
-0.54368679
-0.55507624
-0.56075272
-0.50485305
-0.51399633
-0.51853923
-0.60622716
-0.59935898
-0.58566857
-0.56076079
-0.55514372
-0.54387079
-0.51854728
-0.51406294
-0.5050314
-0.48511028
-0.48142214
-0.47399488
-0.49301702
-0.48913523
-0.48131336
-0.49694147
-0.49295873
-0.48494206
-0.53750841
-0.51261478
-0.48106098
-0.50368578
-0.48236382
-0.45487929
-0.47236502
-0.45453471
-0.43092895
-0.46717985
-0.47461811
-0.4784934
-0.44250401
-0.44877237
-0.45202021
-0.41993642
-0.4251282
-0.42781228
-0.49988058
-0.53489646
-0.56324224
-0.47074573
-0.50106116
-0.5251349
-0.44407263
-0.46989426
-0.48980959
-0.46168417
-0.44509703
-0.42286695
-0.46837854
-0.45105172
-0.42800408
-0.47171695
-0.45406162
-0.43064077
-0.4784934
-0.47461811
-0.46717985
-0.45202021
-0.44877237
-0.44250401
-0.42781228
-0.4251282
-0.41993642
-0.48106098
-0.51261478
-0.53750841
-0.45487929
-0.48236382
-0.50368578
-0.43092895
-0.45453471
-0.47236502
-0.55674772
-0.56859733
-0.57454596
-0.51987544
-0.52971168
-0.53461376
-0.48562131
-0.49357676
-0.49752678
-0.47171695
-0.45406162
-0.43064077
-0.46837854
-0.45105172
-0.42800408
-0.46168417
-0.44509703
-0.42286695
-0.54008585
-0.47497269
-0.40528246
-0.53456061
-0.47045551
-0.4018054
-0.52411701
-0.46196297
-0.39533821
-0.51098569
-0.45308221
-0.39130983
-0.5061598
-0.4491636
-0.38832665
-0.49702131
-0.44179072
-0.38278145
-0.48345627
-0.43207256
-0.37734279
-0.47929106
-0.42870577
-0.37479673
-0.471375
-0.42235466
-0.37005689
-0.67055473
-0.631218
-0.58313254
-0.68816229
-0.64628792
-0.59579265
-0.6971972
-0.65410553
-0.60243869
-0.62677274
-0.59210136
-0.54948411
-0.64214016
-0.60530874
-0.56059628
-0.64998978
-0.61213312
-0.5664116
-0.58579806
-0.55545423
-0.51786976
-0.59905687
-0.56689868
-0.52751633
-0.60579005
-0.57278066
-0.53254188
-0.6971972
-0.65410553
-0.60243869
-0.68816229
-0.64628792
-0.59579265
-0.67055473
-0.631218
-0.58313254
-0.64998978
-0.61213312
-0.5664116
-0.64214016
-0.60530874
-0.56059628
-0.62677274
-0.59210136
-0.54948411
-0.60579005
-0.57278066
-0.53254188
-0.59905687
-0.56689868
-0.52751633
-0.58579806
-0.55545423
-0.51786976
-0.58482038
-0.57852343
-0.56596942
-0.59845634
-0.59176034
-0.57840136
-0.60529731
-0.59839503
-0.58463524
-0.5431732
-0.53798848
-0.52758149
-0.5544038
-0.54890899
-0.53787373
-0.55999978
-0.55434444
-0.5429976
-0.50447119
-0.50029613
-0.49188863
-0.51347107
-0.50906437
-0.50018588
-0.51793968
-0.51341254
-0.50430116
-0.54569004
-0.51958991
-0.48686961
-0.55685531
-0.52927959
-0.49506185
-0.56248342
-0.53422486
-0.49930319
-0.51055706
-0.4882592
-0.45980855
-0.51985504
-0.49638403
-0.46671096
-0.52450823
-0.50050231
-0.4702625
-0.4779869
-0.45940382
-0.43503313
-0.48553803
-0.4660697
-0.440744
-0.48930399
-0.46943831
-0.443675
-0.56248342
-0.53422486
-0.49930319
-0.55685531
-0.52927959
-0.49506185
-0.54569004
-0.51958991
-0.48686961
-0.52450823
-0.50050231
-0.4702625
-0.51985504
-0.49638403
-0.46671096
-0.51055706
-0.4882592
-0.45980855
-0.48930399
-0.46943831
-0.443675
-0.48553803
-0.4660697
-0.440744
-0.4779869
-0.45940382
-0.43503313
0.45836192
0.48748206
0.45836192
0.31402035
0.33299349
0.31402035
0.21804425
0.22870071
0.21804425
0.62103112
0.57561662
0.41982036
0.39093676
0.25688057
0.27142383
0.25688057
1.6533649e-16
0.17478571
1.4258337e-16
0.1835471
0.17478571
2.5553119e-16
0.12024882
2.414996e-16
0.1247171
0.12024882
0.51673882
0.56524366
0.60433819
0.61965044
0.60952228
0.58976991
0.48466057
0.52743947
0.56119817
0.46716788
0.47986961
0.48656309
0.35284545
0.38491178
0.40965713
0.41895722
0.41260019
0.4000459
0.33198065
0.36050883
0.38207948
0.31981738
0.32809133
0.33240358
0.45658826
0.40306282
0.35568675
0.58038453
0.51056446
0.44918791
0.53812261
0.47392419
0.41772683
0.42931148
0.37921276
0.33507956
0.4293151
0.367219
0.29688218
0.48656309
0.47986961
0.46716788
0.45573413
0.38890674
0.31391663
0.26116865
0.26752909
0.27095366
0.29404428
0.251012
0.20235027
0.33240358
0.32809133
0.31981738
0.31118009
0.26482594
0.21282348
0.17738438
0.18121703
0.18326617
0.24049798
0.21203827
0.18683894
0.42931148
0.37921276
0.33507956
0.25385543
0.22341716
0.19646183
0.4293151
0.367219
0.29688218
0.27095366
0.26752909
0.26116865
0.29404428
0.251012
0.20235027
0.18326617
0.18121703
0.17738438
0.24049798
0.21203827
0.18683894
0.031184901
0.089641156
0.14617313
0.032577529
0.093768086
0.15326334
1.8162136e-16
1.6009384e-16
1.5069667e-16
0.021347031
0.061424271
0.10038993
0.12156124
0.12351656
0.12457184
0.022009469
0.063425242
0.10393676
2.4286601e-16
2.581845e-16
2.5748457e-16
1.7895295e-16
2.0247097e-16
2.133645e-16
0.16355238
0.14439285
0.12790452
0.17148825
0.15085849
0.13302677
2.0312537e-16
2.2331048e-16
2.4229117e-16
0.20421187
0.1738183
0.1395184
0.22837318
0.22598036
0.22134013
0.21376961
0.18128818
0.14496442
0.29439277
0.26086442
0.23175616
0.31178815
0.27541766
0.24369039
0.22134013
0.22598036
0.22837318
0.20421187
0.1738183
0.1395184
0.12457184
0.12351656
0.12156124
0.29439277
0.26086442
0.23175616
0.16355238
0.14439285
0.12790452
0.49442684
0.53909731
0.57463657
0.50840992
0.55555375
0.59338882
0.51573336
0.56407812
0.60302618
0.48393623
0.52904354
0.56510125
0.42714335
0.46652989
0.49757357
0.3769072
0.41134151
0.43811827
0.57910263
0.5696921
0.55131317
0.50945806
0.50132733
0.48539467
0.44824423
0.44129701
0.42762025
0.52489662
0.4937148
0.45391078
0.46265007
0.43573749
0.40090397
0.40809516
0.38480494
0.35424332
0.43756243
0.44946133
0.45572804
0.38644617
0.39684984
0.40231357
0.34135729
0.35034503
0.3550436
0.35220261
0.38417124
0.4088333
0.34749333
0.37873185
0.40275087
0.33840606
0.36811494
0.39077324
0.31336699
0.38821547
0.45489575
0.30937635
0.38317776
0.44878884
0.30192466
0.37371215
0.43725702
0.27799585
0.34393093
0.40216152
0.24520973
0.30360785
0.35519979
0.21621348
0.26801288
0.31380482
0.43756243
0.44946133
0.45572804
0.38644617
0.39684984
0.40231357
0.34135729
0.35034503
0.3550436
0.42684295
0.36410982
0.29370862
0.37676419
0.32113147
0.25869389
0.3324222
0.2830655
0.22768277
0.25342174
0.25027395
0.24442689
0.22304931
0.2203736
0.21539417
0.19615213
0.1938973
0.18968658
0.20547037
0.25518818
0.29924463
0.2100551
0.26121829
0.30672688
0.21248817
0.26439129
0.31064311
0.30192466
0.37371215
0.43725702
0.30937635
0.38317776
0.44878884
0.31336699
0.38821547
0.45489575
0.40216152
0.34393093
0.27799585
0.35519979
0.30360785
0.24520973
0.31380482
0.26801288
0.21621348
0.24442689
0.25027395
0.25342174
0.21539417
0.2203736
0.22304931
0.18968658
0.1938973
0.19615213
0.21248817
0.26439129
0.31064311
0.2100551
0.26121829
0.30672688
0.20547037
0.25518818
0.29924463
0.032530917
0.093631758
0.15303235
0.032196564
0.092647331
0.15136167
0.03158562
0.090837967
0.14825489
0.029139583
0.083790631
0.13671992
0.02566374
0.07383564
0.1206103
0.022702499
0.065330867
0.10678067
0.16590958
0.16938089
0.17123428
0.14631517
0.14914265
0.15065176
0.12942035
0.1316602
0.13286207
0.14312389
0.087502134
0.030388897
0.12579947
0.076817549
0.026662436
0.11086444
0.067652402
0.023474792
1.9240164e-16
1.9663625e-16
1.5663316e-16
2.3216856e-16
2.3395666e-16
2.2327979e-16
2.2958962e-16
2.4193828e-16
2.3154195e-16
0.021531012
0.061988451
0.10141332
0.021822251
0.062867217
0.10296951
0.021986246
0.063356719
0.10381833
0.18942977
0.2351727
0.27563491
0.16738698
0.20814323
0.24420907
0.14837016
0.18476925
0.2169852
0.29972615
0.30730991
0.31125011
0.26535478
0.27169568
0.27497084
0.23545413
0.24064895
0.2433257
0.29133342
0.24778644
0.19894241
0.2573187
0.2185935
0.17518081
0.22770545
0.19321835
0.15458507
0.14113212
0.17608856
0.20714313
0.14351743
0.17934616
0.21131078
0.14478825
0.18105379
0.21347292
0.31125011
0.30730991
0.29972615
0.27497084
0.27169568
0.26535478
0.2433257
0.24064895
0.23545413
0.27563491
0.2351727
0.18942977
0.24420907
0.20814323
0.16738698
0.2169852
0.18476925
0.14837016
0.16590958
0.16938089
0.17123428
0.14631517
0.14914265
0.15065176
0.12942035
0.1316602
0.13286207
0.14478825
0.18105379
0.21347292
0.14351743
0.17934616
0.21131078
0.14113212
0.17608856
0.20714313
0.48299877
0.52795695
0.56388207
0.47615003
0.51999893
0.55491322
0.46306905
0.50462393
0.53744143
0.4263268
0.46558615
0.49651912
0.42035793
0.4586691
0.48875352
0.40892611
0.44526799
0.47357812
0.37620691
0.41053354
0.43721809
0.37107531
0.40459971
0.43057442
0.36120415
0.3930535
0.41753265
0.28263487
0.34996331
0.4095703
0.28951605
0.35877774
0.42035298
0.29319892
0.36346455
0.42605707
0.2492022
0.30886475
0.36169369
0.2551061
0.31651723
0.37111278
0.25825847
0.32057411
0.37608104
0.21962143
0.27254899
0.31943603
0.2246435
0.27912179
0.3275675
0.22731406
0.28258962
0.33183593
0.29319892
0.36346455
0.42605707
0.28951605
0.35877774
0.42035298
0.28263487
0.34996331
0.4095703
0.25825847
0.32057411
0.37608104
0.2551061
0.31651723
0.37111278
0.2492022
0.30886475
0.36169369
0.22731406
0.28258962
0.33183593
0.2246435
0.27912179
0.3275675
0.21962143
0.27254899
0.31943603
0.029498712
0.084866646
0.13860144
0.030046857
0.086493998
0.14140767
0.030347003
0.087379444
0.14291536
0.025949344
0.074697136
0.12213349
0.026387599
0.076004654
0.12440735
0.026628694
0.076718497
0.12563017
0.022920224
0.065993864
0.10797036
0.02325934
0.06701228
0.10976039
0.023448231
0.067574208
0.1107299
0.19226866
0.23899684
0.28041415
0.19643293
0.24450216
0.28726767
0.19863848
0.24739105
0.29084359
0.16971767
0.2113266
0.24822413
0.17312891
0.21588528
0.25394415
0.17493225
0.21826768
0.25691251
0.15022311
0.18734593
0.22027937
0.15294327
0.19102936
0.22495306
0.154386
0.1929551
0.22737441
0.19863848
0.24739105
0.29084359
0.19643293
0.24450216
0.28726767
0.19226866
0.23899684
0.28041415
0.17493225
0.21826768
0.25691251
0.17312891
0.21588528
0.25394415
0.16971767
0.2113266
0.24822413
0.154386
0.1929551
0.22737441
0.15294327
0.19102936
0.22495306
0.15022311
0.18734593
0.22027937
0.23339253
9.7197078e-19
-0.23339253
0.15964417
1.1511418e-16
-0.15964417
0.11222493
1.0735856e-16
-0.11222493
-1.8222092e-17
0.24331101
4.2665629e-17
0.16477615
-0.25571549
2.6302809e-17
0.25571549
-0.18216265
-0.17346291
8.461021e-17
7.6317698e-18
0.17346291
-0.12353354
-0.11908157
1.0135141e-16
1.4722685e-16
0.11908157
8.0258034e-17
-4.8812895e-18
1.2031515e-17
0.043557668
0.12507232
0.20362792
0.23296657
0.23527615
0.24040784
0.19624752
0.12126746
0.042346745
8.8890546e-17
6.7409995e-17
3.7857447e-17
0.029337381
0.084357888
0.13768385
0.15922394
0.16045466
0.163225
0.13418418
0.082851609
0.028917971
-1.9056969e-17
3.7724123e-17
3.2139412e-17
2.7652423e-17
6.2754459e-17
3.2998116e-17
0.22714404
0.19972963
0.17599718
0.21873197
0.19304584
0.17040151
-0.23546644
-0.24225316
-0.25112298
-0.042346745
-0.12126746
-0.19624752
5.3319264e-17
-5.5199803e-17
1.2954929e-17
-0.21422538
-0.1317373
-0.045900099
-0.16089249
-0.16518011
-0.17064716
-0.028917971
-0.082851609
-0.13418418
8.1174144e-17
6.0064948e-17
1.2804684e-17
-0.14507462
-0.088972701
-0.030953022
-0.23925185
-0.21071098
-0.18550198
-0.21873197
-0.19304584
-0.17040151
2.7370919e-17
3.3950094e-17
4.3546098e-17
0.23546644
0.24225316
0.25112298
0.045900099
0.1317373
0.21422538
0.16089249
0.16518011
0.17064716
0.030953022
0.088972701
0.14507462
0.23925185
0.21071098
0.18550198
-0.18188411
-0.17985132
-0.17604584
9.179839e-17
8.9363501e-17
6.1503076e-17
-0.15212563
-0.093085424
-0.032342379
-0.12338902
-0.12233846
-0.1203903
-0.099396634
-0.060799201
-0.021126514
9.3068061e-17
1.103938e-16
1.1272413e-16
-0.10293787
-0.062803847
-0.021791557
-0.17013507
-0.14957585
-0.13181275
-0.16225219
-0.14314676
-0.12671274
3.6932207e-17
5.984863e-17
8.7697049e-17
7.6155932e-17
1.2018541e-16
9.4740666e-17
-0.11284866
-0.11495525
-0.11766736
-0.020240776
-0.058045393
-0.094196316
8.3017802e-17
8.3817593e-17
1.3210703e-16
-0.14968106
-0.13286872
-0.118675
6.9927466e-17
1.0262215e-16
8.2093561e-17
0.094196316
0.058045393
0.020240776
0.11284866
0.11495525
0.11766736
0.021126514
0.060799201
0.099396634
0.14968106
0.13286872
0.118675
0.16225219
0.14314676
0.12671274
0.19586372
0.19748489
0.20136339
0.1209994
0.1217695
0.1238349
0.042250883
0.042484202
0.043152254
2.323186e-17
2.1145986e-17
4.959633e-18
4.9842793e-17
2.3842637e-17
2.5415226e-17
5.3246492e-17
4.3876053e-17
4.9289255e-17
0.040635664
0.11670174
0.19005845
0.035673616
0.10249342
0.16704154
0.031372044
0.090181389
0.14710934
0.22458036
0.22012537
0.21815759
0.19766544
0.19405374
0.19249749
0.17428648
0.17125816
0.16992978
0.18397679
0.11372248
0.039719596
0.16236765
0.10036138
0.035051191
0.14326956
0.088502353
0.030898547
0.028816591
0.0288721
0.029153931
0.082573486
0.082828161
0.083768806
0.13379016
0.1345436
0.13651905
-0.045143672
-0.043736992
-0.042692796
-0.12951832
-0.12536678
-0.12227345
-0.21046977
-0.20332829
-0.19794667
-0.23501162
-0.22687928
-0.22056373
-0.20708835
-0.200105
-0.19464425
-0.18241723
-0.17644745
-0.17176407
-0.18397679
-0.11372248
-0.039719596
-0.16236765
-0.10036138
-0.035051191
-0.14326956
-0.088502353
-0.030898547
4.6767481e-17
-1.9449955e-17
-2.4394302e-17
2.2524218e-17
1.9917593e-17
3.853458e-17
2.8859297e-17
1.8647557e-17
2.9923313e-17
-0.042925119
-0.12321446
-0.20041023
-0.037743115
-0.10838605
-0.17642179
-0.03314929
-0.095251527
-0.15520966
-0.14282212
-0.13853029
-0.13519919
-0.087691004
-0.085294953
-0.083443466
-0.030525427
-0.029732498
-0.029119907
0.21046977
0.20332829
0.19794667
0.12951832
0.12536678
0.12227345
0.045143672
0.043736992
0.042692796
0.22056373
0.22687928
0.23501162
0.19464425
0.200105
0.20708835
0.17176407
0.17644745
0.18241723
0.20041023
0.12321446
0.042925119
0.17642179
0.10838605
0.037743115
0.15520966
0.095251527
0.03314929
0.030525427
0.029732498
0.029119907
0.087691004
0.085294953
0.083443466
0.14282212
0.13853029
0.13519919
-0.032295916
-0.031962526
-0.031352984
-0.092949704
-0.091969333
-0.090166129
-0.1518962
-0.15023624
-0.14714671
-0.16988317
-0.16804391
-0.16459595
-0.14937058
-0.14787135
-0.14505997
-0.13164898
-0.13045331
-0.12822321
-0.13563565
-0.083126848
-0.028908584
-0.11956254
-0.073186606
-0.025436493
-0.10577033
-0.064698079
-0.022479744
6.6968091e-17
3.1473719e-17
3.1391968e-17
6.351759e-17
8.7400194e-17
1.0711967e-16
7.2746267e-17
9.3101465e-17
1.0855226e-16
-0.030155855
-0.086827806
-0.14200703
-0.026435348
-0.07616461
-0.12473142
-0.023253964
-0.067021159
-0.10984427
-0.10281978
-0.10197303
-0.10041926
-0.062735287
-0.062245258
-0.061364775
-0.021768271
-0.021603741
-0.021311318
-0.15969327
-0.15471692
-0.15081145
-0.14105776
-0.13698553
-0.13378948
-0.12507237
-0.12189
-0.11939926
-0.1257695
-0.077616117
-0.027082962
-0.11157269
-0.0687895
-0.023991399
-0.099610354
-0.061380722
-0.021402522
8.8601598e-17
4.713835e-17
3.7506049e-17
8.1391885e-17
7.1920402e-17
8.9821363e-17
9.3878773e-17
1.1382934e-16
1.020506e-16
-0.098297926
-0.096256729
-0.094692757
-0.060204966
-0.059138914
-0.058326455
-0.020934025
-0.020594483
-0.020335555
0.027082962
0.077616117
0.1257695
0.023991399
0.0687895
0.11157269
0.021402522
0.061380722
0.099610354
0.15081145
0.15471692
0.15969327
0.13378948
0.13698553
0.14105776
0.11939926
0.12189
0.12507237
0.13563565
0.083126848
0.028908584
0.11956254
0.073186606
0.025436493
0.10577033
0.064698079
0.022479744
0.020934025
0.020594483
0.020335555
0.060204966
0.059138914
0.058326455
0.098297926
0.096256729
0.094692757
0.039588347
0.039753032
0.040292752
0.11335987
0.11393834
0.11564227
0.18344705
0.1847739
0.18807827
0.034923796
0.035016716
0.035415224
0.10001018
0.10038349
0.10167867
0.16186057
0.16285025
0.16547171
0.030785946
0.030850793
0.031166125
0.088193428
0.088479485
0.089523954
0.14282794
0.14364941
0.14581947
-0.19695897
-0.19045259
-0.18546774
-0.12119183
-0.11744463
-0.11459962
-0.042238819
-0.040976162
-0.04002015
-0.17349566
-0.16795315
-0.16367012
-0.10669335
-0.10354385
-0.10112593
-0.037173069
-0.036120099
-0.035312861
-0.15273348
-0.14802912
-0.14437732
-0.093834492
-0.091191693
-0.08915001
-0.032675011
-0.031797382
-0.031119665
0.042238819
0.040976162
0.04002015
0.12119183
0.11744463
0.11459962
0.19695897
0.19045259
0.18546774
0.037173069
0.036120099
0.035312861
0.10669335
0.10354385
0.10112593
0.17349566
0.16795315
0.16367012
0.032675011
0.031797382
0.031119665
0.093834492
0.091191693
0.08915001
0.15273348
0.14802912
0.14437732
-0.14179982
-0.14030114
-0.13750925
-0.086705586
-0.085823257
-0.08420045
-0.030114063
-0.029814567
-0.029267282
-0.12456298
-0.12334598
-0.12108104
-0.076065786
-0.075353335
-0.074047439
-0.026401628
-0.026160613
-0.025722251
-0.10971021
-0.10874382
-0.10695805
-0.066942991
-0.066381057
-0.065361842
-0.023227361
-0.023038098
-0.022698087
-0.13359564
-0.12970662
-0.12668549
-0.081972861
-0.07981654
-0.078148314
-0.028524845
-0.027814055
-0.027264125
-0.11791011
-0.1147607
-0.11231481
-0.072264042
-0.070545846
-0.06921692
-0.025131971
-0.024570694
-0.024136407
-0.10448627
-0.10206297
-0.10018879
-0.063994194
-0.062703834
-0.061710395
-0.022249859
-0.021834181
-0.021513872
0.028524845
0.027814055
0.027264125
0.081972861
0.07981654
0.078148314
0.13359564
0.12970662
0.12668549
0.025131971
0.024570694
0.024136407
0.072264042
0.070545846
0.06921692
0.11791011
0.1147607
0.11231481
0.022249859
0.021834181
0.021513872
0.063994194
0.062703834
0.061710395
0.10448627
0.10206297
0.10018879
