MFEM mesh v1.0

#
# MFEM Geometry Types (see mesh/geom.hpp):
#
# POINT       = 0
# SEGMENT     = 1
# TRIANGLE    = 2
# SQUARE      = 3
# TETRAHEDRON = 4
# CUBE        = 5
#

dimension
3

elements
7
1 5 16 17 20 19 4 5 8 7
1 5 17 18 21 20 5 6 9 8
1 5 20 21 23 22 8 9 11 10
1 5 21 2 3 23 9 0 1 11
1 5 24 25 13 12 29 30 15 14
1 5 26 27 29 28 5 8 9 6
1 5 29 30 15 14 9 11 1 0

boundary
30
53 3 19 20 17 16
53 3 20 21 18 17
53 3 22 23 21 20
53 3 23 3 2 21
53 3 16 17 5 4
53 3 17 18 6 5
53 3 19 16 4 7
53 3 20 19 7 8
53 3 4 5 8 7
53 3 18 21 9 6
53 3 21 2 0 9
53 3 22 20 8 10
53 3 23 22 10 11
53 3 8 9 11 10
53 3 2 3 1 0
53 3 3 23 11 1
53 3 13 12 14 15
53 3 15 14 0 1
53 3 12 13 25 24
53 3 28 29 27 26
53 3 24 25 30 29
53 3 12 24 29 14
53 3 25 13 15 30
53 3 26 27 8 5
53 3 28 26 5 6
53 3 27 29 9 8
53 3 29 28 6 9
53 3 29 30 11 9
53 3 14 29 9 0
53 3 30 15 1 11

vertices
31

nodes
FiniteElementSpace
FiniteElementCollection: H1_3D_P4
VDim: 3
Ordering: 0

-0.063851502
-0.066449439
-0.052520803
-0.055651449
-0.29108888
-0.20835137
-0.12826879
-0.29394633
-0.20955488
-0.12805102
-0.20835137
-0.12826879
0.052515288
0.056891641
-0.013835471
-0.017873777
-0.29132968
-0.21114341
-0.13305751
-0.29412508
-0.21239869
-0.13292294
-0.21114341
-0.13305751
-0.052071601
-0.049994851
-0.2020654
-0.20364901
-0.10058463
-0.099343286
-0.10058463
-0.27739915
-0.25108001
-0.22489067
-0.21153397
-0.21207962
-0.21236034
-0.27976986
-0.25287035
-0.22630386
-0.29210616
-0.29333519
-0.29402925
-0.27721972
-0.25024311
-0.22282412
-0.2087058
-0.20923203
-0.20951547
-0.27967756
-0.25209714
-0.22422849
-0.29186963
-0.29312824
-0.2938459
-0.29008046
-0.28972389
-0.29065477
-0.20901439
-0.21004635
-0.21082139
-0.21021859
-0.211264
-0.21206451
-0.29281839
-0.29243262
-0.29341932
-0.19746075
-0.17174498
-0.14633969
-0.13309179
-0.13302136
-0.13293514
-0.19856079
-0.17249056
-0.14656834
-0.19396354
-0.16716004
-0.14134289
-0.1282519
-0.12814857
-0.12806312
-0.19497192
-0.16776375
-0.14144339
-0.13040776
-0.13259277
-0.133107
-0.13028059
-0.13248609
-0.13298051
-0.13293514
-0.13302136
-0.13309179
-0.19746075
-0.17174498
-0.14633969
-0.21236034
-0.21207962
-0.21153397
-0.12806312
-0.12814857
-0.1282519
-0.19396354
-0.16716004
-0.14134289
-0.20951547
-0.20923203
-0.2087058
-0.13040776
-0.13259277
-0.133107
-0.20901439
-0.21004635
-0.21082139
-0.066645128
-0.09316097
-0.11923584
-0.052611447
-0.053284743
-0.054645458
-0.069171493
-0.094649635
-0.11977847
-0.072240951
-0.092096523
-0.11513837
-0.06393002
-0.0645048
-0.065639626
-0.074293252
-0.093365462
-0.11568114
-0.061892812
-0.057874731
-0.054178786
-0.06461044
-0.060761276
-0.057236285
-0.051955886
-0.05122492
-0.050318465
0.04125899
0.0080681266
-0.028992408
0.052822908
0.054662303
0.056569398
0.03759169
0.0055112371
-0.031103114
-0.099375938
-0.099633895
-0.10017756
-0.02984797
-0.055724559
-0.0844892
-0.013931999
-0.014691694
-0.016434119
-0.026245823
-0.052988017
-0.082732718
-0.061282198
-0.077561934
-0.092262547
-0.060592854
-0.078330936
-0.093501777
0.041821368
0.016001912
-0.0068587042
0.040685401
0.018432362
-0.0030248151
-0.20251159
-0.20320476
-0.20359427
-0.18489992
-0.15006878
-0.11645442
-0.10017756
-0.099633895
-0.099375938
-0.18379412
-0.1498554
-0.11717632
-0.20758765
-0.20582331
-0.20353913
-0.2088037
-0.20710647
-0.20498073
-0.12496556
-0.11673351
-0.1059018
-0.12533089
-0.11749699
-0.10703999
-0.12533089
-0.11749699
-0.10703999
-0.060525737
-0.045875873
-0.028179065
-0.057496285
-0.042244249
-0.024138942
-0.27968603
-0.25280796
-0.22625768
-0.27909129
-0.25236248
-0.22592536
-0.27804523
-0.25157476
-0.22530758
-0.27685161
-0.25068365
-0.22455275
-0.27614581
-0.25009886
-0.22386544
-0.27644988
-0.2500048
-0.22317396
-0.21120638
-0.21174667
-0.21202636
-0.2104168
-0.21094724
-0.21122572
-0.20937434
-0.20989953
-0.21017993
-0.22595504
-0.25246319
-0.27920224
-0.2252476
-0.2518631
-0.2784651
-0.22455847
-0.25179838
-0.27880752
-0.29332409
-0.29263583
-0.29141939
-0.29233872
-0.29166101
-0.29046937
-0.29272282
-0.29203375
-0.29082857
-0.27787947
-0.2507421
-0.22321995
-0.27896491
-0.2515595
-0.22383653
-0.27958903
-0.25203049
-0.22418011
-0.19853012
-0.1724749
-0.14657116
-0.19830003
-0.17235011
-0.1465759
-0.19782532
-0.17203506
-0.14649073
-0.19715592
-0.17150647
-0.1462613
-0.19629757
-0.170576
-0.14549897
-0.19493331
-0.16867262
-0.14330138
-0.13314261
-0.13307471
-0.13299244
-0.13262344
-0.13256693
-0.13249604
-0.13042526
-0.13036029
-0.13029024
-0.14648783
-0.17223982
-0.1982427
-0.14571854
-0.17127921
-0.19735425
-0.14348167
-0.16932981
-0.19596198
-0.19427778
-0.16738115
-0.14142685
-0.19471623
-0.16763869
-0.14146088
-0.19494122
-0.16774939
-0.14144675
-0.19782532
-0.17203506
-0.14649073
-0.19830003
-0.17235011
-0.1465759
-0.19853012
-0.1724749
-0.14657116
-0.13299244
-0.13307471
-0.13314261
-0.13249604
-0.13256693
-0.13262344
-0.13029024
-0.13036029
-0.13042526
-0.1462613
-0.17150647
-0.19715592
-0.14549897
-0.170576
-0.19629757
-0.14330138
-0.16867262
-0.19493331
-0.21120638
-0.21174667
-0.21202636
-0.2104168
-0.21094724
-0.21122572
-0.20937434
-0.20989953
-0.21017993
-0.19494122
-0.16774939
-0.14144675
-0.19471623
-0.16763869
-0.14146088
-0.19427778
-0.16738115
-0.14142685
-0.11968901
-0.094224704
-0.068390654
-0.11943532
-0.093570056
-0.06728515
-0.11926168
-0.093210093
-0.066721614
-0.11951403
-0.093894778
-0.068032979
-0.11940849
-0.095075195
-0.070723895
-0.11747244
-0.094378688
-0.073063552
-0.054267284
-0.054926681
-0.056254378
-0.0579598
-0.058589744
-0.059846102
-0.061974144
-0.062572774
-0.06375766
-0.070476147
-0.095325515
-0.12003125
-0.072991836
-0.096357232
-0.11987162
-0.075097803
-0.095544417
-0.1179227
-0.11516071
-0.0921377
-0.072302632
-0.11531585
-0.092439345
-0.072765728
-0.11556387
-0.092996285
-0.073661664
0.037846241
0.039388771
0.040979811
0.0056900286
0.0067762218
0.007897871
-0.0309728
-0.030161328
-0.029247283
-0.06122331
-0.060887727
-0.060587408
-0.077566425
-0.077651117
-0.077986831
-0.092290996
-0.09253062
-0.093072021
-0.040512507
-0.0049920577
0.02684408
-0.059904382
-0.027167249
0.0022203032
-0.076630753
-0.046521552
-0.019469487
0.04221236
0.041701759
0.040842093
0.017174385
0.018211032
0.018423464
-0.0054178562
-0.0037694111
-0.0031041342
0.026021691
-0.0053853229
-0.041001903
0.0044970279
-0.025261346
-0.058695523
-0.016016197
-0.043828276
-0.074876863
-0.082780062
-0.083137972
-0.083909161
-0.053056594
-0.053591311
-0.054777099
-0.026334743
-0.027023981
-0.028585801
-0.11694692
-0.11662622
-0.11647449
-0.14991596
-0.15000536
-0.15006056
-0.18410938
-0.18459167
-0.18486204
-0.20394688
-0.20457821
-0.20493117
-0.20619165
-0.20675318
-0.20706315
-0.2079427
-0.20847443
-0.20876354
-0.1872102
-0.15415285
-0.12219655
-0.1909143
-0.16075305
-0.13159137
-0.19377838
-0.16576938
-0.13870827
-0.10593357
-0.10618289
-0.10668123
-0.11675844
-0.11694633
-0.11728499
-0.12498092
-0.1250939
-0.12526021
-0.12284088
-0.15393116
-0.18618849
-0.13193457
-0.16039262
-0.18994165
-0.13873163
-0.1652379
-0.19278787
-0.10593357
-0.10618289
-0.10668123
-0.11675844
-0.11694633
-0.11728499
-0.12498092
-0.1250939
-0.12526021
-0.091712491
-0.06424677
-0.039595377
-0.10350618
-0.078497138
-0.055970661
-0.11238732
-0.089555789
-0.069457733
-0.026782427
-0.025040107
-0.024241701
-0.04468675
-0.043110323
-0.042345976
-0.059566221
-0.058246349
-0.057586019
-0.036044648
-0.061626166
-0.090075794
-0.052859231
-0.076377438
-0.10230366
-0.067034333
-0.088055758
-0.11166018
-0.27748884
-0.25117275
-0.22496426
-0.27852712
-0.25195628
-0.22557744
-0.27911855
-0.25240079
-0.22590894
-0.27677152
-0.25057972
-0.22426522
-0.27779555
-0.25135664
-0.22487044
-0.27838206
-0.25180064
-0.22520135
-0.27708138
-0.25048918
-0.2235684
-0.27812292
-0.25127938
-0.22417524
-0.27872244
-0.25173426
-0.22451135
-0.19751484
-0.1717915
-0.14641082
-0.19798347
-0.17210057
-0.14649395
-0.19821234
-0.17222452
-0.14649084
-0.19663933
-0.17084191
-0.14563499
-0.19709656
-0.17114025
-0.14571805
-0.19732377
-0.17126356
-0.14572026
-0.19525978
-0.16891696
-0.14341822
-0.19570543
-0.16919598
-0.14348461
-0.19593155
-0.16931469
-0.1434838
-0.19821234
-0.17222452
-0.14649084
-0.19798347
-0.17210057
-0.14649395
-0.19751484
-0.1717915
-0.14641082
-0.19732377
-0.17126356
-0.14572026
-0.19709656
-0.17114025
-0.14571805
-0.19663933
-0.17084191
-0.14563499
-0.19593155
-0.16931469
-0.1434838
-0.19570543
-0.16919598
-0.14348461
-0.19525978
-0.16891696
-0.14341822
-0.1195395
-0.093942617
-0.068108197
-0.11970543
-0.094289014
-0.068654703
-0.11994974
-0.094920015
-0.069726129
-0.11943071
-0.095117601
-0.070793632
-0.11957786
-0.095427839
-0.071304473
-0.11979501
-0.095991425
-0.072298174
-0.11749391
-0.094417706
-0.073128249
-0.11763352
-0.094701114
-0.073591296
-0.11784536
-0.095215919
-0.074488111
-0.040941468
-0.040598504
-0.040389141
-0.0053011971
-0.0048506073
-0.0046690232
0.02614624
0.026837885
0.027200326
-0.05870977
-0.058862133
-0.059392857
-0.025280741
-0.025510652
-0.02633061
0.004480277
0.0042475747
0.0032650669
-0.074919476
-0.075254942
-0.076023534
-0.043888676
-0.044382297
-0.045546676
-0.016091805
-0.016706192
-0.018200652
-0.18648382
-0.18692969
-0.18717581
-0.15400278
-0.15409631
-0.15414562
-0.12264853
-0.12236217
-0.12221615
-0.19023316
-0.19065668
-0.19088308
-0.16052359
-0.16067598
-0.16074403
-0.13185993
-0.13170225
-0.13160536
-0.19309282
-0.19352369
-0.19374778
-0.16543163
-0.16565829
-0.16575658
-0.13877049
-0.1387515
-0.13871458
-0.090122429
-0.090471368
-0.09118999
-0.061695414
-0.062229802
-0.063365235
-0.036137646
-0.036849067
-0.038388362
-0.10234229
-0.1026214
-0.10315453
-0.076438926
-0.07689989
-0.077823358
-0.052947989
-0.053610225
-0.054965454
-0.11168733
-0.11187724
-0.1122047
-0.088102709
-0.088448945
-0.08910577
-0.067107469
-0.067644706
-0.068704291
2.6396614e-16
0.085685808
2.6049899e-16
0.084801907
-0.08932113
-0.089606109
-0.086649793
3.2123222e-16
3.02278e-16
2.8885851e-16
0.089606109
0.086649793
2.1851926e-16
0.14600588
2.6653676e-16
0.10394788
-0.085895869
-0.085924605
-0.083249948
2.9152465e-16
2.5796243e-16
2.6612454e-16
0.085924605
0.083249948
2.7255864e-16
0.15907894
-0.11722119
3.0083916e-16
-0.11113265
2.4603927e-16
0.11113265
-0.085981378
-0.08614671
-0.086095395
-0.071061713
-0.042937657
-0.014830286
2.9609433e-16
2.742284e-16
2.6052453e-16
-0.071231349
-0.043211702
-0.014957624
-0.089498169
-0.08977829
-0.089774343
-0.07475662
-0.045679846
-0.015860183
3.1996503e-16
3.0709161e-16
2.8818726e-16
-0.074667928
-0.045764632
-0.015917168
-0.087469948
-0.085759399
-0.08565399
-0.087670076
-0.085883789
-0.085715293
2.6838284e-16
2.936188e-16
2.593839e-16
2.8027416e-16
3.0543521e-16
2.8645003e-16
-0.085648819
-0.084848955
-0.083812121
-0.069027497
-0.041863968
-0.014488665
2.7771321e-16
2.6899981e-16
2.6308707e-16
-0.08931616
-0.08845075
-0.08729591
-0.072427385
-0.044381653
-0.015434005
2.8677173e-16
2.9353751e-16
2.9673417e-16
-0.084913793
-0.083254928
-0.083068304
2.8964116e-16
2.7312673e-16
2.5741636e-16
0.014488665
0.041863968
0.069027497
0.085648819
0.084848955
0.083812121
0.014830286
0.042937657
0.071061713
0.015434005
0.044381653
0.072427385
0.08931616
0.08845075
0.08729591
0.015860183
0.045679846
0.07475662
0.084913793
0.083254928
0.083068304
0.087670076
0.085883789
0.085715293
2.6627168e-16
2.652607e-16
2.6379436e-16
0.015080257
0.04337976
0.070842025
0.083419985
0.082397578
0.082785344
2.690965e-16
2.6199619e-16
2.6979228e-16
0.015462074
0.044340926
0.071958594
0.085398594
0.085320451
0.086068969
2.81018e-16
2.7115151e-16
2.6112486e-16
0.085073443
0.084382523
0.084524629
0.028266735
0.081290721
0.13279227
0.14709415
0.15103618
0.15627259
0.026621116
0.076027424
0.12277086
2.3258941e-16
2.0879378e-16
2.5341561e-16
0.019661445
0.056615187
0.09267075
0.10454069
0.10668306
0.10956822
0.018672006
0.053590523
0.087125347
2.6023127e-16
2.6306601e-16
2.6831734e-16
2.5719303e-16
2.586824e-16
2.6622734e-16
0.14893887
0.13200227
0.11770383
0.1369194
0.12191708
0.10951341
2.1978964e-16
2.4383346e-16
2.4742619e-16
-0.097593971
-0.059478223
-0.020626863
2.9529377e-16
2.8571758e-16
2.728977e-16
-0.09267075
-0.056615187
-0.019661445
-0.11670989
-0.11505659
-0.11263486
-0.092379633
-0.10004409
-0.11060583
3.0301481e-16
3.0427018e-16
2.9671594e-16
2.7993962e-16
2.6473645e-16
2.5499116e-16
-0.089112209
-0.095872639
-0.10522736
0.089112209
0.095872639
0.10522736
0.08703916
0.091708842
0.099062166
2.6994293e-16
2.7747072e-16
2.7011751e-16
-0.014923567
-0.014895774
-0.014862515
-0.043147105
-0.043106777
-0.043029052
-0.071225224
-0.071282123
-0.071205698
-0.085745007
-0.08592266
-0.085881066
-0.085871421
-0.086071504
-0.086043909
-0.087612235
-0.087848608
-0.087833107
-0.070974196
-0.042964151
-0.014852528
-0.071357495
-0.043382386
-0.015027883
-0.073070071
-0.044595833
-0.015475564
2.6942669e-16
2.7736497e-16
3.010585e-16
2.7100791e-16
2.8980466e-16
2.8582993e-16
2.9785778e-16
2.976331e-16
2.9456202e-16
-0.014969806
-0.043211372
-0.071109086
-0.015123697
-0.043573539
-0.071421676
-0.015548861
-0.044726967
-0.073055461
-0.074756711
-0.074928165
-0.074899175
-0.045769703
-0.045813685
-0.045770503
-0.015909231
-0.015912697
-0.01589226
-0.014785139
-0.014669807
-0.014542134
-0.04280555
-0.042454861
-0.042048998
-0.0708366
-0.070207741
-0.069423669
-0.085444045
-0.084653228
-0.083624843
-0.085617632
-0.084834977
-0.083812557
-0.087394997
-0.086579318
-0.085504939
-0.068954742
-0.04189273
-0.014510757
-0.069330033
-0.042289559
-0.014676134
-0.070914101
-0.043407953
-0.015088378
2.757376e-16
2.6641403e-16
2.8090475e-16
2.7133497e-16
2.8020842e-16
2.8172282e-16
2.8670939e-16
2.8445848e-16
2.8282574e-16
-0.074517177
-0.073819933
-0.072913748
-0.04553651
-0.045133738
-0.044635061
-0.015810832
-0.015675857
-0.015513366
0.0708366
0.070207741
0.069423669
0.04280555
0.042454861
0.042048998
0.014785139
0.014669807
0.014542134
0.014510757
0.04189273
0.068954742
0.014676134
0.042289559
0.069330033
0.015088378
0.043407953
0.070914101
0.083624843
0.084653228
0.085444045
0.083812557
0.084834977
0.085617632
0.085504939
0.086579318
0.087394997
0.070974196
0.042964151
0.014852528
0.071357495
0.043382386
0.015027883
0.073070071
0.044595833
0.015475564
0.015810832
0.015675857
0.015513366
0.04553651
0.045133738
0.044635061
0.074517177
0.073819933
0.072913748
0.068715766
0.068601984
0.069638101
0.041744614
0.041834311
0.042603709
0.014458919
0.014516184
0.014804903
2.6638317e-16
2.5456639e-16
2.6021762e-16
2.686148e-16
2.6860781e-16
2.6845301e-16
2.8086132e-16
2.6853661e-16
2.7456468e-16
0.015072163
0.043329613
0.07066922
0.015140115
0.043468531
0.07070444
0.015331075
0.04397842
0.071400179
0.083190515
0.082215019
0.082602747
0.083194342
0.082353559
0.082788691
0.084234569
0.083817233
0.08439079
0.015371268
0.015326557
0.015399584
0.044174458
0.043992063
0.044168142
0.071999369
0.071519199
0.071688735
0.026730675
0.076423404
0.12359688
0.027189185
0.07792979
0.12655726
0.027870437
0.080071978
0.13057979
0.026411493
0.076001943
0.12426856
0.023352467
0.067245456
0.11007181
0.020810888
0.05993519
0.09813099
0.14634819
0.1415214
0.13790571
0.12982121
0.12576129
0.12273563
0.11592962
0.11263461
0.1101841
0.11499165
0.071022788
0.024817938
0.10224111
0.062958306
0.021952539
0.091783773
0.056455274
0.01967009
2.2779532e-16
2.5409648e-16
2.4909208e-16
2.50028e-16
2.4723062e-16
2.7515654e-16
2.5113993e-16
2.6379832e-16
2.6019276e-16
0.019436926
0.055932836
0.091438824
0.019050167
0.054741703
0.089229862
0.018765896
0.053867138
0.087603684
-0.093858463
-0.057285576
-0.019883335
-0.09581159
-0.058413236
-0.020262093
-0.097166178
-0.0592171
-0.020536095
-0.09211013
-0.05616291
-0.019482065
-0.083409083
-0.05093405
-0.017680737
-0.077094113
-0.047125026
-0.016365357
2.8602834e-16
2.7142123e-16
2.6428401e-16
2.9998639e-16
2.7182986e-16
2.6490915e-16
2.9783597e-16
2.7617418e-16
2.7596659e-16
-0.018638601
-0.053654095
-0.087774694
-0.017044499
-0.049027111
-0.08007222
-0.015883463
-0.045666498
-0.074502779
-0.10654218
-0.10867543
-0.11014626
-0.096856478
-0.098502134
-0.099669551
-0.089845134
-0.091125245
-0.092068052
0.018638601
0.053654095
0.087774694
0.017044499
0.049027111
0.08007222
0.015883463
0.045666498
0.074502779
0.10387517
0.10139896
0.09958698
0.094888077
0.093208858
0.092076998
0.088433443
0.087430287
0.087136263
0.083047623
0.051100323
0.017806745
0.076956712
0.047405613
0.016527136
0.073083623
0.045043206
0.015706461
2.7309957e-16
2.7172526e-16
2.6879409e-16
2.7439742e-16
2.7436481e-16
2.6098923e-16
2.7544044e-16
2.7071708e-16
2.7649933e-16
-0.071109554
-0.071180382
-0.071113669
-0.043152724
-0.043123356
-0.043052757
-0.014938017
-0.014914396
-0.01488376
-0.07144677
-0.071544119
-0.071492383
-0.043534647
-0.043527267
-0.043468181
-0.015099564
-0.015084437
-0.015058155
-0.073111784
-0.073246611
-0.073207391
-0.044712003
-0.044732773
-0.044683268
-0.015533647
-0.015529088
-0.015506404
-0.070752344
-0.070129098
-0.069348283
-0.042833734
-0.04248482
-0.04207817
-0.014807896
-0.014692956
-0.014564595
-0.071138846
-0.070517062
-0.069731907
-0.043253055
-0.042901177
-0.042485043
-0.01498351
-0.014866953
-0.014734281
-0.072842606
-0.072188348
-0.071350633
-0.044460278
-0.044084843
-0.0436299
-0.01542887
-0.015303578
-0.015156411
0.014807896
0.014692956
0.014564595
0.042833734
0.04248482
0.04207817
0.070752344
0.070129098
0.069348283
0.01498351
0.014866953
0.014734281
0.043253055
0.042901177
0.042485043
0.071138846
0.070517062
0.069731907
0.01542887
0.015303578
0.015156411
0.044460278
0.044084843
0.0436299
0.072842606
0.072188348
0.071350633
0.014478706
0.014531226
0.01480573
0.041768175
0.041847018
0.042579321
0.068638141
0.068517051
0.069503573
0.014639232
0.014669371
0.014903804
0.042153796
0.042176414
0.042802272
0.069005457
0.068821373
0.069668223
0.015035797
0.015026395
0.015162938
0.04323059
0.043147282
0.043504908
0.070531965
0.07020651
0.070658756
0.026037503
0.074862856
0.12221906
0.025388815
0.072851261
0.11849507
0.024938223
0.071417486
0.11575562
0.023032587
0.066277985
0.10834299
0.022473508
0.064563815
0.10520309
0.02207175
0.063320911
0.10289211
0.020552885
0.059153819
0.096728762
0.020103367
0.057774926
0.094192173
0.019774863
0.056765655
0.092323526
-0.091726531
-0.055929675
-0.019401129
-0.090524424
-0.055218915
-0.019159399
-0.088809123
-0.054233766
-0.018829541
-0.083097926
-0.050746172
-0.017615757
-0.082148852
-0.050189735
-0.017427496
-0.080836016
-0.049446046
-0.01718059
-0.076835979
-0.046970065
-0.016311894
-0.07607336
-0.046527002
-0.01616287
-0.075061479
-0.045963794
-0.015977957
0.018448517
0.05307332
0.086715299
0.018125713
0.052072381
0.084835491
0.017891027
0.051347183
0.083471395
0.016914472
0.048622988
0.079313044
0.01671779
0.047995504
0.078076146
0.016586933
0.047579617
0.077254048
0.015803454
0.045409477
0.073992312
0.015714766
0.045099677
0.07330074
0.015719629
0.045081709
0.073153627
0.15363836
0.14912767
0.085372903
0.08393419
0.17002888
0.17256831
0.16401453
0.1760707
0.17881949
0.16959823
0.17256831
0.16401453
0.29450494
0.28057433
0.20680315
0.19840661
0.084893292
0.084797916
0.082015121
0.086357502
0.086167301
0.083307822
0.084797916
0.082015121
0.38992054
0.36647399
0.27180783
0.2880561
0.2519537
0.26553634
0.2519537
0.084969438
0.085099905
0.084998224
0.085128489
0.085737649
0.086114395
0.08641533
0.086513164
0.086381697
0.085250107
0.085900736
0.086301473
0.17124709
0.17270107
0.1729425
0.17448112
0.17720755
0.1786252
0.17738769
0.17895827
0.17922089
0.17186915
0.1745044
0.17588134
0.15500736
0.12695035
0.099415747
0.15689101
0.12785306
0.099568974
0.1619777
0.13115463
0.10147701
0.1599558
0.13022795
0.10139529
0.084492781
0.083643688
0.082578446
0.082328122
0.082903006
0.083258134
0.08584868
0.084975415
0.083885089
0.17184758
0.16956821
0.16618471
0.16572498
0.16815929
0.1694245
0.17804579
0.1755933
0.1719436
0.14963404
0.12263995
0.096050543
0.15419687
0.12562616
0.097819809
0.083258134
0.082903006
0.082328122
0.084492781
0.083643688
0.082578446
0.086114395
0.085737649
0.085128489
0.1694245
0.16815929
0.16572498
0.17184758
0.16956821
0.16618471
0.1786252
0.17720755
0.17448112
0.14963404
0.12263995
0.096050543
0.15689101
0.12785306
0.099568974
0.083761352
0.082514739
0.082841229
0.085319233
0.084938341
0.084300743
0.08243843
0.081254277
0.081564755
0.15613922
0.16161024
0.16700857
0.15349312
0.15244527
0.15047192
0.15145151
0.15658798
0.16160951
0.14482112
0.12366049
0.099098404
0.14097573
0.12087842
0.097260338
0.38923911
0.38417847
0.37400274
0.29902892
0.32986757
0.35519664
0.29408541
0.29098272
0.28490983
0.31442634
0.34838027
0.37703523
0.26514392
0.26224563
0.25635947
0.21073826
0.23043473
0.24550277
0.20654933
0.20468691
0.20103405
0.22009592
0.24154161
0.25830387
0.36506137
0.32229313
0.28415293
0.34336871
0.3038571
0.26891201
0.26357146
0.23484694
0.21007308
0.2764435
0.24585726
0.21934327
0.27705043
0.2840969
0.28758494
0.28639124
0.28072036
0.27169389
0.25635947
0.26224563
0.26514392
0.27034474
0.2653544
0.25739355
0.1885493
0.21994794
0.2531775
0.19613708
0.23051561
0.26737849
0.18524235
0.21574245
0.24771187
0.17851609
0.20659012
0.23571299
0.17851609
0.20659012
0.23571299
0.15490076
0.16953306
0.18763461
0.15995019
0.17570901
0.19521964
0.086359494
0.086458533
0.086328144
0.085962634
0.086069786
0.085947521
0.085319225
0.085441041
0.085331969
0.099596917
0.099870402
0.099796824
0.12747232
0.12811815
0.1281362
0.15594454
0.15708013
0.15723203
0.10005656
0.10090703
0.10140564
0.12880183
0.13025024
0.13104457
0.15841361
0.16064003
0.16181568
0.10172079
0.10182061
0.10156684
0.13145711
0.13144918
0.13077708
0.1623418
0.16218006
0.16096175
0.10132161
0.10080437
0.099922938
0.13011826
0.12932577
0.12788819
0.15979747
0.1586478
0.15648291
0.1731223
0.17461397
0.17486297
0.17579973
0.17734283
0.17760115
0.17719616
0.17876349
0.17902574
0.085796216
0.084923939
0.08383456
0.085423201
0.084557514
0.083475188
0.084819898
0.083964935
0.082893526
0.099202787
0.098160681
0.096796632
0.12736508
0.12590443
0.12386727
0.15625852
0.15429225
0.15142987
0.096503135
0.097291412
0.097753859
0.12349754
0.12480713
0.12552663
0.15100155
0.15299712
0.15405176
0.098595089
0.10000982
0.10109243
0.1269323
0.12909219
0.13063694
0.15612712
0.15919854
0.16130157
0.17374584
0.17141642
0.16795254
0.17644879
0.17404331
0.17046234
0.17785345
0.1754066
0.17176523
0.084819898
0.083964935
0.082893526
0.085423201
0.084557514
0.083475188
0.085796216
0.084923939
0.08383456
0.097753859
0.097291412
0.096503135
0.12552663
0.12480713
0.12349754
0.15405176
0.15299712
0.15100155
0.096796632
0.098160681
0.099202787
0.12386727
0.12590443
0.12736508
0.15142987
0.15429225
0.15625852
0.10005656
0.10090703
0.10140564
0.12880183
0.13025024
0.13104457
0.15841361
0.16064003
0.16181568
0.17785345
0.1754066
0.17176523
0.17644879
0.17404331
0.17046234
0.17374584
0.17141642
0.16795254
0.081872939
0.081562434
0.08276732
0.082441432
0.082122409
0.083354479
0.082791989
0.082466536
0.083711456
0.097093547
0.096351476
0.097351824
0.12432125
0.12212434
0.12190923
0.15203822
0.1479476
0.14446938
0.099031631
0.098560315
0.097745189
0.12356658
0.12289161
0.12167121
0.14469691
0.14379041
0.14210858
0.095635724
0.094670047
0.095361934
0.11926256
0.11940741
0.1214252
0.14065648
0.14384495
0.14763294
0.16684041
0.16145165
0.1559893
0.16561392
0.16029977
0.15490517
0.1632614
0.15810786
0.1528567
0.31396529
0.3105567
0.30385816
0.34783457
0.34378925
0.33574503
0.37640146
0.3716821
0.36221534
0.36443271
0.35976504
0.35035427
0.32176201
0.3178178
0.3098246
0.28371609
0.28046683
0.27386638
0.33298511
0.30954068
0.28081932
0.29508164
0.27501852
0.25001768
0.26168139
0.24487168
0.22336
0.26758971
0.27319748
0.27605621
0.23829953
0.24309237
0.24552732
0.21298425
0.21701532
0.21906539
0.29509481
0.32672508
0.35322035
0.26227504
0.2897527
0.31233522
0.23369649
0.25721481
0.27600568
0.25793497
0.25519866
0.24965861
0.24121499
0.23880967
0.23399104
0.21981568
0.21775897
0.21369448
0.26204039
0.26823377
0.2712832
0.27033339
0.2769932
0.28027743
0.27552942
0.28248661
0.2859273
0.25776684
0.26391487
0.2669685
0.22330617
0.22789434
0.23020279
0.19091769
0.19421484
0.19590722
0.26591579
0.26095566
0.25309246
0.22937538
0.22559146
0.21969997
0.19525337
0.19239987
0.18808005
0.24736622
0.24479901
0.23960834
0.21547123
0.21347767
0.20950576
0.18503773
0.18353996
0.18061722
0.24049467
0.24747623
0.25187789
0.21016289
0.21548713
0.21891212
0.1811223
0.18509921
0.18773109
0.24736622
0.24479901
0.23960834
0.21547123
0.21347767
0.20950576
0.18503773
0.18353996
0.18061722
0.23009331
0.21674672
0.19904875
0.20237484
0.192606
0.17895314
0.17563252
0.16913374
0.16121621
0.19000265
0.19329939
0.19498978
0.17142656
0.17411836
0.17551732
0.15642296
0.15862841
0.15978968
0.20750444
0.22668488
0.2414472
0.18582098
0.20046171
0.21111659
0.16674562
0.17513671
0.18213004
0.10009898
0.10036783
0.10028789
0.10097749
0.10123726
0.1011457
0.10149286
0.1017475
0.10164863
0.12841747
0.12907318
0.12908965
0.12986798
0.13053482
0.13054679
0.13066618
0.13133781
0.1313462
0.15744126
0.15860441
0.15876031
0.1596375
0.16083677
0.16099715
0.16080099
0.16201721
0.16217877
0.099685397
0.098632897
0.097255157
0.10052791
0.099457347
0.098057384
0.10102161
0.099940585
0.098527604
0.12830546
0.12682095
0.12474731
0.12974098
0.12821948
0.12609222
0.13052782
0.12898596
0.12682995
0.15776861
0.15576336
0.15283792
0.15997606
0.15791047
0.15489332
0.16114093
0.15904251
0.15597755
0.10102161
0.099940585
0.098527604
0.10052791
0.099457347
0.098057384
0.099685397
0.098632897
0.097255157
0.13052782
0.12898596
0.12682995
0.12974098
0.12821948
0.12609222
0.12830546
0.12682095
0.12474731
0.16114093
0.15904251
0.15597755
0.15997606
0.15791047
0.15489332
0.15776861
0.15576336
0.15283792
0.097028346
0.096288568
0.097287609
0.096575301
0.095849481
0.09684126
0.095802179
0.095100572
0.096076638
0.12422402
0.12203282
0.12181909
0.1235246
0.12137335
0.12117235
0.12225313
0.12018158
0.12000917
0.15189677
0.14781506
0.14434339
0.15087542
0.14685617
0.14344274
0.14894678
0.14505987
0.14176783
0.35263594
0.34827677
0.33950839
0.3262203
0.32247742
0.31501419
0.29466961
0.29152042
0.28531313
0.31183994
0.30814454
0.30067324
0.28932228
0.28613081
0.27973598
0.2619116
0.25922115
0.25389545
0.27559679
0.27253858
0.26634381
0.25685557
0.25418787
0.24883736
0.23339092
0.23112474
0.22663965
0.25642089
0.2624965
0.26551181
0.25185037
0.25768216
0.26056881
0.24459392
0.25003965
0.25273231
0.2222414
0.22678296
0.22906657
0.21870956
0.22309404
0.22529381
0.21321043
0.21734571
0.21941974
0.19008225
0.1933498
0.19502629
0.18738512
0.19055583
0.19217969
0.18330439
0.186324
0.18787074
0.24112169
0.23868731
0.23378396
0.22639357
0.22423301
0.21992959
0.20725299
0.20538716
0.20172311
0.21085849
0.20894925
0.20516155
0.20022448
0.19848478
0.19507048
0.18561073
0.18407047
0.18108414
0.1819342
0.18048418
0.17766718
0.17495166
0.17359695
0.17098638
0.16657568
0.16531822
0.16291789
