MFEM mesh v1.0

#
# MFEM Geometry Types (see mesh/geom.hpp):
#
# POINT       = 0
# SEGMENT     = 1
# TRIANGLE    = 2
# SQUARE      = 3
# TETRAHEDRON = 4
# CUBE        = 5
#

dimension
3

elements
6
1 5 16 17 19 18 20 21 23 22
1 5 17 8 9 19 21 10 11 23
1 5 18 19 5 4 22 23 7 6
1 5 20 21 23 22 12 13 15 14
1 5 21 10 11 23 13 2 3 15
1 5 22 23 7 6 14 15 1 0

boundary
22
34 3 5 4 6 7
34 3 7 6 0 1
34 3 18 19 17 16
34 3 19 9 8 17
34 3 4 5 19 18
34 3 16 17 21 20
34 3 17 8 10 21
34 3 18 16 20 22
34 3 8 9 11 10
34 3 9 19 23 11
34 3 4 18 22 6
34 3 19 5 7 23
34 3 20 21 13 12
34 3 21 10 2 13
34 3 22 20 12 14
34 3 12 13 15 14
34 3 10 11 3 2
34 3 11 23 15 3
34 3 13 2 3 15
34 3 6 22 14 0
34 3 23 7 1 15
34 3 14 15 1 0

vertices
24

nodes
FiniteElementSpace
FiniteElementCollection: H1_3D_P4
VDim: 3
Ordering: 0

-0.063851502
-0.066449439
0.042399647
-0.034346884
-0.047913207
-0.051243871
-0.052520803
-0.055651449
0.091822129
-0.0043627827
0.07733117
-0.012592879
0.052515288
0.056891641
-0.013835471
-0.017873777
0.12432409
0.13450498
0.040861245
0.034794825
0.1095832
0.11755195
0.030215319
0.024510883
0.12526057
0.13024282
0.13433408
0.11523121
0.081604001
0.050498752
0.040747713
0.039784894
0.037185222
0.11126734
0.084569791
0.056190248
0.11026482
0.11409825
0.11741333
0.099441704
0.067961382
0.03903704
0.030101106
0.029167899
0.026724665
0.096774698
0.071135736
0.044457434
0.12393532
0.12096965
0.11459327
0.13402339
0.13044035
0.12309187
0.0345054
0.032363553
0.0279164
0.040567527
0.038373865
0.033772901
0.10488499
0.12313709
0.13271242
0.071365765
0.037582576
0.0090008422
0.006182438
0.021580443
0.031392017
0.089865617
0.10716795
0.11592315
0.058064364
0.026408175
-0.0002038044
-0.0025344991
0.012130686
0.021326418
0.091378856
0.088122514
0.081811546
-0.0046114999
-0.0064364212
-0.010016227
-0.036808174
-0.0089871351
0.019403303
-0.048009441
-0.048726595
-0.050174738
-0.032836039
-0.0038626632
0.02541533
-0.042060405
-0.016023474
0.010261752
-0.052611447
-0.053284743
-0.054645458
-0.038314592
-0.011202757
0.015891165
-0.05137955
-0.052370312
-0.05429046
-0.048053822
-0.049084801
-0.051091743
0.052822908
0.054662303
0.056569398
0.041821368
0.016001912
-0.0068587042
-0.013931999
-0.014691694
-0.016434119
0.040685401
0.018432362
-0.0030248151
0.065981571
0.087345272
0.10326297
0.071128515
0.093776266
0.1106782
-0.007230945
0.0089509933
0.02014637
-0.0027947791
0.013980088
0.025676547
0.046695082
0.053101738
0.056509421
0.025683513
-0.0015543827
-0.024088777
-0.030959133
-0.024646095
-0.019741721
0.048423451
0.060716852
0.072176107
-0.030496019
-0.022610626
-0.015638032
-0.060525737
-0.045875873
-0.028179065
-0.06393002
-0.0645048
-0.065639626
-0.057496285
-0.042244249
-0.024138942
-0.06461044
-0.060761276
-0.057236285
-0.061892812
-0.057874731
-0.054178786
0.056116913
0.055370805
0.0529426
0.0846662
0.084944197
0.083672332
0.11178273
0.1145099
0.11611062
0.12486392
0.1298041
0.13386404
0.12183227
0.12648319
0.13032287
0.11534603
0.11949447
0.12299867
0.11478661
0.081223519
0.050180895
0.11146755
0.078381414
0.047800001
0.10462787
0.072478619
0.04284876
0.036895278
0.039491819
0.040454674
0.034728614
0.037302187
0.038260503
0.030210914
0.032714851
0.033660373
0.055873116
0.084209783
0.11088329
0.053470443
0.081479334
0.10795541
0.048406557
0.075675224
0.10168914
0.097145929
0.099163707
0.10028504
0.071185573
0.071239568
0.069891885
0.044375288
0.043611562
0.04130096
0.046948333
0.036435492
0.020084714
0.078169461
0.067151402
0.049552319
0.1126471
0.10225353
0.084074577
0.13223267
0.12266285
0.10442913
0.12864642
0.1191615
0.10107637
0.12137866
0.11222303
0.094542773
0.070961025
0.037245172
0.0087245045
0.067981889
0.034759708
0.0066854864
0.062190392
0.029896705
0.0026837038
0.0059215267
0.021304364
0.031108244
0.0040083327
0.019272481
0.028996434
0.00022282989
0.015175517
0.0246499
0.097050408
0.087481127
0.070241909
0.064763054
0.054543548
0.037850541
0.035722565
0.025911234
0.010372757
-0.032945112
-0.033771756
-0.035488596
-0.0039924871
-0.0049921123
-0.0072025715
0.025287661
0.024237448
0.021667696
0.019147162
-0.0091923197
-0.036965865
0.01723299
-0.010703243
-0.038123477
0.013289073
-0.013753434
-0.040402953
-0.050311436
-0.048865679
-0.048149751
-0.05131357
-0.049885547
-0.049179469
-0.053260189
-0.051870669
-0.051183763
-0.032998299
-0.004073951
0.025153244
-0.034200953
-0.0056422468
0.023174978
-0.036576859
-0.0088232518
0.019068266
0.015766905
0.014768207
0.012362337
-0.011327003
-0.012271715
-0.014351117
-0.038418656
-0.039198007
-0.040817881
0.10387713
0.10737327
0.11050573
0.087827976
0.09066161
0.093417156
0.066343624
0.068515618
0.070744412
0.092979839
0.062278727
0.034204246
0.07698944
0.048013215
0.021851421
0.055422288
0.028451072
0.0044228634
0.022282261
0.024643406
0.025564664
0.010822688
0.012982946
0.013868697
-0.0056287031
-0.0037178041
-0.0028994664
0.039459458
0.06540184
0.090577867
0.026598663
0.050832742
0.074947721
0.0086030407
0.031006711
0.05393056
0.040842093
0.041701759
0.04221236
0.018423464
0.018211032
0.017174385
-0.0031041342
-0.0037694111
-0.0054178562
0.10928558
0.10104572
0.084498442
0.092816175
0.086560166
0.072176386
0.070674113
0.066530052
0.057418213
0.053303718
0.022349859
-0.0035889778
0.04268596
0.01321401
-0.011316863
0.03126239
0.0032780897
-0.019903268
-0.0057933098
0.0083087856
0.017142034
-0.013605699
-0.0011583546
0.0063068854
-0.023601157
-0.015087488
-0.009318649
0.040809888
0.036583014
0.029877917
0.014303479
0.0092531612
0.0023796727
-0.0087536968
-0.013873213
-0.020484362
0.0064490194
-0.018901582
-0.043974509
-0.0035301705
-0.026122798
-0.048665481
-0.01821514
-0.037479236
-0.054931122
-0.056254378
-0.054926681
-0.054267284
-0.059846102
-0.058589744
-0.0579598
-0.06375766
-0.062572774
-0.061974144
-0.040295553
-0.014192932
0.011919323
-0.045158202
-0.021680967
0.0014928155
-0.051576919
-0.033425341
-0.013756177
-0.024241701
-0.025040107
-0.026782427
-0.042345976
-0.043110323
-0.04468675
-0.057586019
-0.058246349
-0.059566221
0.11139472
0.11409499
0.11567457
0.084305483
0.084573789
0.083295328
0.055800287
0.0550522
0.052625194
0.10842952
0.11094762
0.11237935
0.081562708
0.081769941
0.080447312
0.053394997
0.052638817
0.050221922
0.10210189
0.10430939
0.10553393
0.075739672
0.075848282
0.074493507
0.048328573
0.047564318
0.045199922
0.11220567
0.10181871
0.083658043
0.077794078
0.066784351
0.049203191
0.046636531
0.036131851
0.019797598
0.10889311
0.098596799
0.080582966
0.074974979
0.064062187
0.046623654
0.044286018
0.033871807
0.017667631
0.10214595
0.092181999
0.074568774
0.069181945
0.058592673
0.041539692
0.03944383
0.029313727
0.01345467
0.025026435
0.02397704
0.021411149
-0.0042030062
-0.0052012832
-0.0074081059
-0.033106659
-0.033932172
-0.035646107
0.02304879
0.02201018
0.019472229
-0.0057700034
-0.0067554411
-0.0089370267
-0.034308152
-0.035122683
-0.036817035
0.018944773
0.017928456
0.015463406
-0.0089476195
-0.0099089213
-0.012031641
-0.036680982
-0.037475073
-0.039126024
0.090912131
0.092728966
0.093766825
0.065442022
0.065439063
0.064126389
0.039378041
0.038614822
0.036383738
0.0752059
0.076637624
0.077530785
0.050849323
0.050751279
0.049556705
0.02651346
0.025766123
0.023737362
0.054118937
0.055169043
0.055831109
0.031004701
0.030825693
0.029738635
0.0085201732
0.0078156381
0.0060240084
0.090826095
0.081767061
0.065267208
0.059309495
0.049569588
0.033572183
0.0310931
0.021693765
0.0067764752
0.075286614
0.068154825
0.053771308
0.045500202
0.037538662
0.023545107
0.019145383
0.011284422
-0.0018252626
0.054288198
0.049260574
0.039943334
0.026563654
0.020635696
0.011309668
0.0023185114
-0.0036913725
-0.012579016
0.011798816
0.010815717
0.0084856894
-0.01431362
-0.015243307
-0.017268405
-0.040395875
-0.041163989
-0.04274877
0.001373708
0.0004302517
-0.0017225049
-0.021800725
-0.022704944
-0.024626456
-0.045257605
-0.046002904
-0.047521321
-0.013866092
-0.0147332
-0.016647579
-0.033537319
-0.034380719
-0.036135284
-0.051671153
-0.052391956
-0.053839356
2.6396614e-16
0.085685808
0.2509096
0.17837139
2.5097509e-16
0.086191786
2.6049899e-16
0.084801907
0.29750051
0.2085147
0.28352483
0.19996325
2.1851926e-16
0.14600588
2.6653676e-16
0.10394788
2.0032826e-16
0.15834293
2.4304686e-16
0.11026941
2.2010523e-16
0.15245548
2.4898068e-16
0.1070958
0.028826801
0.081876277
0.13247046
0.14823215
0.13122753
0.11686588
0.019316322
0.055741112
0.091649167
2.1304679e-16
2.2535098e-16
2.3693188e-16
0.027710945
0.07890839
0.12767654
0.14284085
0.12677434
0.11327263
0.018884335
0.054405995
0.089188946
2.2720461e-16
2.4298337e-16
2.4265898e-16
1.9345862e-16
2.2966311e-16
2.2922336e-16
0.15815483
0.15677123
0.15419117
0.11016456
0.10940125
0.10800945
2.4143747e-16
2.4461178e-16
2.4856332e-16
0.27526669
0.23067476
0.18380226
0.27921287
0.24814063
0.22121532
0.19350847
0.16223885
0.12861952
0.26287586
0.2210081
0.17669845
0.26620095
0.23693288
0.21176633
0.18598414
0.15656967
0.12466186
0.29706934
0.2939119
0.2878203
0.20825305
0.20633937
0.2026164
0.088461925
0.0950379
0.1043597
0.015227074
0.043874044
0.071859521
2.5019875e-16
2.4595592e-16
2.4405774e-16
0.086888106
0.092936594
0.10157909
0.015080257
0.04337976
0.070842025
2.6153876e-16
2.6041362e-16
2.464485e-16
0.086138838
0.085764824
0.085148303
2.481625e-16
2.5291949e-16
2.5898133e-16
0.026621116
0.076027424
0.12277086
0.1369194
0.12191708
0.10951341
0.018672006
0.053590523
0.087125347
2.1978964e-16
2.4383346e-16
2.4742619e-16
2.3427364e-16
2.1284045e-16
2.1200947e-16
0.14573186
0.1473614
0.15062118
0.10377242
0.10452532
0.10615261
2.5732376e-16
2.5311103e-16
2.5853606e-16
0.23796105
0.20626259
0.16801524
0.23555723
0.20988982
0.18826025
0.16982935
0.14756402
0.11995919
0.25633817
0.26776484
0.27858944
0.18207761
0.18984122
0.19685024
0.08703916
0.091708842
0.099062166
0.015462074
0.044340926
0.071958594
2.6994293e-16
2.7747072e-16
2.7011751e-16
0.085073443
0.084382523
0.084524629
2.81018e-16
2.7115151e-16
2.6112486e-16
0.020477129
0.059080935
0.097126437
0.023133023
0.066599577
0.10920068
0.026572371
0.0759932
0.12371562
0.028788285
0.081776561
0.13231283
0.02851388
0.081056383
0.13117366
0.028021863
0.079749346
0.12906499
0.14805923
0.13108368
0.11674841
0.14679015
0.13003043
0.11589081
0.1444272
0.12807895
0.11431585
0.091564452
0.055693253
0.019300223
0.090960446
0.055353519
0.019188031
0.089876757
0.054764308
0.01899698
2.3627289e-16
2.3512048e-16
2.2584502e-16
2.3236354e-16
2.3885851e-16
2.3090043e-16
2.4468875e-16
2.4096766e-16
2.2940495e-16
0.025649162
0.073404358
0.11937906
0.022463571
0.064606729
0.10568264
0.019974742
0.057542755
0.094326039
0.13629642
0.17193456
0.20512676
0.1528907
0.19261903
0.22985884
0.17231414
0.21658347
0.25844303
0.18357421
0.23037299
0.2748807
0.18192164
0.22816278
0.27206341
0.17880347
0.2239438
0.26665205
0.2788131
0.24779838
0.22092788
0.27588135
0.24528674
0.21881616
0.27021106
0.24040495
0.21470401
0.19327544
0.16206071
0.12848953
0.19157561
0.1607612
0.1275546
0.1882938
0.15828805
0.12581657
0.16578288
0.20762544
0.24692051
0.14742606
0.18499708
0.21995571
0.13184022
0.16560854
0.19680211
0.015636262
0.045046453
0.073767788
0.016738784
0.048253225
0.079138203
0.018299002
0.05279627
0.086763351
0.10426679
0.094964833
0.088404154
0.10359102
0.094438031
0.087991223
0.10237107
0.09351314
0.087295727
0.071817823
0.043851744
0.015219825
0.071531441
0.043700513
0.015172214
0.07107644
0.043478261
0.015105724
2.5164908e-16
2.4524719e-16
2.4255859e-16
2.5416819e-16
2.5232119e-16
2.4685243e-16
2.5912957e-16
2.5696898e-16
2.5180829e-16
0.017930364
0.051647005
0.084621341
0.016475994
0.047418265
0.077541097
0.015456631
0.044457631
0.0725947
0.027393288
0.078042958
0.12621648
0.026875898
0.076620522
0.12372874
0.026616145
0.075948015
0.12256115
0.14116494
0.12540119
0.1121852
0.13818522
0.12296024
0.11027582
0.13668079
0.12172413
0.10934112
0.088487739
0.054057774
0.018777211
0.087364768
0.053557866
0.018633923
0.086942778
0.053449054
0.018619192
2.5013975e-16
2.4805039e-16
2.369544e-16
2.4869368e-16
2.4772694e-16
2.3002387e-16
2.4955278e-16
2.4169776e-16
2.3033923e-16
0.024817938
0.071022788
0.11499165
0.021952539
0.062958306
0.10224111
0.01967009
0.056455274
0.091783773
0.17437838
0.21774991
0.25845208
0.17015974
0.21108525
0.24926819
0.16780175
0.2062923
0.24007169
0.26158323
0.23290858
0.2083411
0.25142352
0.22397913
0.20064811
0.24066396
0.21442333
0.1922569
0.1832411
0.15465428
0.12340009
0.17741428
0.15070347
0.12114015
0.17135918
0.14773755
0.11986147
0.15771625
0.19379133
0.22353689
0.14061245
0.17296333
0.19940133
0.12637699
0.155504
0.17909763
0.10077685
0.092381122
0.086543868
0.09943362
0.091581025
0.086206954
0.098879604
0.091482609
0.086653895
0.07066922
0.043329613
0.015072163
0.07070444
0.043468531
0.015140115
0.071400179
0.04397842
0.015331075
2.640168e-16
2.6371641e-16
2.5015178e-16
2.6958546e-16
2.6552748e-16
2.6247924e-16
2.7302656e-16
2.6488771e-16
2.6747732e-16
0.017806745
0.051100323
0.083047623
0.016527136
0.047405613
0.076956712
0.015706461
0.045043206
0.073083623
0.026540147
0.07590532
0.12357211
0.023109167
0.066530774
0.10908301
0.020458749
0.05902665
0.097031203
0.026311407
0.075273044
0.12253793
0.022940954
0.066038044
0.10823753
0.020330066
0.058639996
0.096350087
0.025904341
0.074132808
0.12063029
0.022645591
0.065160119
0.10668997
0.020108131
0.057961781
0.095117475
0.17210413
0.21630409
0.25808516
0.15271441
0.19238172
0.22955289
0.13615136
0.1717371
0.20487009
0.17058392
0.21425823
0.25547134
0.15143966
0.19064408
0.22731648
0.13510513
0.1702923
0.20299298
0.16771705
0.21034849
0.25043989
0.14904144
0.18731853
0.22299432
0.13314916
0.16753326
0.19936241
0.018284926
0.052754251
0.086688404
0.016728019
0.048220816
0.079079566
0.015628044
0.045021476
0.073721654
0.018187439
0.052457132
0.086155964
0.016654718
0.047994676
0.078667796
0.01557337
0.044849966
0.073402263
0.018024165
0.051949393
0.085211559
0.016537693
0.047624086
0.077960779
0.015492703
0.044586947
0.072880075
0.025390404
0.072658708
0.11806448
0.022281874
0.064047253
0.10463032
0.019844985
0.057127845
0.093509128
0.024977132
0.071448973
0.11583113
0.022003992
0.063163585
0.10285663
0.019659896
0.056503473
0.092165329
0.024791016
0.070914085
0.11478941
0.021906288
0.062824806
0.10205297
0.019618739
0.056316677
0.091603685
0.16364895
0.20459719
0.24278981
0.14564451
0.18240767
0.21637302
0.1304019
0.16346018
0.19376929
0.15976291
0.19839696
0.23419218
0.14239327
0.17707996
0.20885678
0.12779539
0.15902192
0.18734431
0.15755084
0.19388887
0.22555967
0.14050415
0.17313643
0.20124709
0.12628522
0.15569173
0.18073837
0.017844098
0.051361627
0.084031464
0.016425363
0.047241005
0.077145827
0.015437095
0.044374296
0.072365517
0.017740985
0.05098353
0.083130161
0.016395803
0.047088726
0.076662704
0.015471657
0.04441659
0.072239343
0.017752955
0.050956352
0.082858676
0.016468107
0.047245898
0.076736467
0.015619893
0.044804039
0.072729055
0.15363836
0.14912767
0.24629866
0.17637382
1.7456934e-16
1.6223969e-16
0.085372903
0.08393419
1.2281645e-16
1.5040201e-16
0.14162495
0.10269046
0.29450494
0.28057433
0.20680315
0.19840661
1.8504917e-16
1.5313415e-16
1.7683718e-16
1.6105666e-16
0.1569856
0.15017332
0.10988562
0.10663477
1.8264873e-16
1.6082253e-16
1.5557185e-16
1.5755855e-16
1.5430955e-16
1.5886584e-16
1.7271679e-16
1.6626444e-16
1.6347547e-16
1.6916927e-16
1.7330538e-16
1.6994123e-16
0.15677019
0.15519317
0.15220064
0.14114804
0.12585729
0.11273223
0.10978129
0.10901686
0.10759215
0.14711739
0.13056116
0.11643983
0.027508038
0.079418643
0.13056263
0.026434226
0.076218126
0.12504201
0.018787187
0.054148642
0.088800519
0.019243888
0.055548669
0.091342992
1.4316846e-16
1.3611934e-16
1.4299269e-16
1.2859188e-16
1.4166472e-16
1.4713242e-16
1.4939668e-16
1.552312e-16
1.5269547e-16
0.14168708
0.14406228
0.14801515
0.1334835
0.11971719
0.10802855
0.10270055
0.10377581
0.10562076
0.025378677
0.072888907
0.11861367
0.018426813
0.052905609
0.08605067
1.6674915e-16
1.7174144e-16
1.60161e-16
1.6665144e-16
1.6482191e-16
1.6588338e-16
1.7514295e-16
1.7590156e-16
1.7530749e-16
0.086140106
0.092393061
0.10113301
0.085319233
0.084938341
0.084300743
0.087758211
0.094533361
0.10396914
0.014924473
0.042933456
0.070115992
0.015089346
0.043473137
0.071187374
0.29408541
0.29098272
0.28490983
0.26357146
0.23484694
0.21007308
0.20654933
0.20468691
0.20103405
0.2764435
0.24585726
0.21934327
0.2732857
0.22983159
0.18285711
0.2606695
0.21941116
0.17477528
0.18475775
0.15577314
0.1241113
0.19218693
0.16144083
0.12812973
0.25230909
0.26437113
0.27556222
0.23161206
0.20695136
0.18601182
0.18025947
0.18821967
0.1953046
0.23332077
0.20171173
0.16350686
0.16786873
0.14583081
0.11851873
0.15490076
0.16953306
0.18763461
0.15349312
0.15244527
0.15047192
0.15995019
0.17570901
0.19521964
0.14097573
0.12087842
0.097260338
0.14482112
0.12366049
0.099098404
1.7513112e-16
1.6635966e-16
1.6092173e-16
1.6417813e-16
1.617544e-16
1.5818048e-16
1.7186144e-16
1.5637474e-16
1.5183746e-16
0.027470035
0.02720818
0.026734654
0.07930934
0.078538903
0.0771284
0.13038147
0.1290842
0.12665127
0.024835958
0.022134496
0.019837809
0.071617437
0.063832438
0.057196002
0.11751436
0.10476548
0.09384595
0.018910502
0.019112239
0.019227466
0.054536185
0.055153392
0.055500142
0.08952973
0.090648767
0.091258118
0.020367383
0.022828114
0.025751772
0.05881192
0.065931679
0.074364105
0.096758074
0.10849627
0.12230988
0.14693153
0.14555534
0.14293548
0.13041465
0.12933075
0.12726925
0.11632274
0.11545929
0.11383546
1.5611353e-16
1.5282178e-16
1.4568136e-16
1.6885922e-16
1.4553529e-16
1.354078e-16
1.608595e-16
1.5063018e-16
1.3955325e-16
0.026125245
0.025614434
0.025360044
0.075275487
0.073684118
0.07285178
0.12333541
0.1203318
0.11862977
0.023920734
0.021453243
0.019368396
0.068703302
0.061618175
0.055621818
0.1118021
0.10027762
0.090500042
0.018406492
0.018478327
0.018664515
0.052858886
0.053134616
0.053757036
0.086025795
0.086720652
0.088034667
0.13923417
0.13569935
0.13355099
0.12433901
0.12151073
0.11977729
0.11155392
0.10937447
0.10806099
1.7140507e-16
1.6747102e-16
1.6490395e-16
1.7501687e-16
1.6964812e-16
1.6841355e-16
1.7442939e-16
1.6981042e-16
1.6182358e-16
0.017847794
0.016380889
0.015323329
0.05141907
0.047146699
0.044075546
0.084256329
0.077094742
0.071971491
0.014956097
0.015030499
0.01508165
0.043047981
0.043290089
0.043449788
0.070371084
0.070849485
0.071144663
0.015519946
0.016660716
0.018238019
0.044706825
0.048023745
0.05262276
0.073194536
0.078738928
0.086461885
0.10387695
0.10320124
0.10195814
0.094460413
0.093931879
0.092990232
0.087699975
0.087281655
0.086567131
0.18260353
0.18075627
0.17720227
0.22951548
0.22717839
0.22262451
0.27290261
0.27007885
0.26456819
0.16428022
0.14651073
0.13122713
0.20622909
0.18394537
0.16476476
0.24493326
0.218362
0.19548774
0.12530823
0.12707153
0.12800132
0.1575168
0.15998746
0.16126638
0.18706108
0.19029914
0.19195995
0.13578522
0.15223091
0.17143192
0.17111847
0.19171738
0.21563998
0.20371315
0.22819409
0.25652351
0.27605621
0.27319748
0.26758971
0.24552732
0.24309237
0.23829953
0.21906539
0.21701532
0.21298425
0.17208017
0.16706338
0.1637767
0.21579741
0.20827578
0.20239088
0.2560708
0.24631966
0.23618966
0.1540969
0.13820081
0.12469603
0.19000124
0.17026935
0.15352237
0.21958408
0.19648211
0.1768825
0.11864366
0.12028383
0.12277662
0.14626097
0.14962316
0.15379813
0.169668
0.17603433
0.18199794
0.2589119
0.24847584
0.23719859
0.23081601
0.22172082
0.2118134
0.20665588
0.19886284
0.19023069
0.11762973
0.10728475
0.099850237
0.1475519
0.13406252
0.12406994
0.17481306
0.15844564
0.14536847
0.097745189
0.098560315
0.099031631
0.12167121
0.12289161
0.12356658
0.14210858
0.14379041
0.14469691
0.10191007
0.10997312
0.12114942
0.12712435
0.13798398
0.15258074
0.14964534
0.16383231
0.1814878
0.19498978
0.19329939
0.19000265
0.17551732
0.17411836
0.17142656
0.15978968
0.15862841
0.15642296
0.025720584
0.025497921
0.025093997
0.022804387
0.022635255
0.022329442
0.020348838
0.020217275
0.019983649
0.074273246
0.073614533
0.072404297
0.065862035
0.06535771
0.064433445
0.058757193
0.0583625
0.057650909
0.12215582
0.1210339
0.11892194
0.10837619
0.10750332
0.10586226
0.096662692
0.095972585
0.09469195
0.024569087
0.024125777
0.023903737
0.021933176
0.021600245
0.021436954
0.019689923
0.019454644
0.01934989
0.070797727
0.069405112
0.068670656
0.063206026
0.062141932
0.061586295
0.056728953
0.055958212
0.055581781
0.11601238
0.11334812
0.1118215
0.10359101
0.10149565
0.10029073
0.092947867
0.091369949
0.090490983
0.018223652
0.01812315
0.017950584
0.0166496
0.016573325
0.016448808
0.01551133
0.015453372
0.01536527
0.052580201
0.052276512
0.051745461
0.047990601
0.047757852
0.047368817
0.04468094
0.044501723
0.044220166
0.086386993
0.085850383
0.08487905
0.078679908
0.078263073
0.077535612
0.073147614
0.072820606
0.072276808
0.1712096
0.16958107
0.16643869
0.15205293
0.15075141
0.14824137
0.13564161
0.13459561
0.13259663
0.21535515
0.21325017
0.20914044
0.19148228
0.18974651
0.18635645
0.17092494
0.16949922
0.16673032
0.25617193
0.25358545
0.24852523
0.22789671
0.22570975
0.22142101
0.20346377
0.20163164
0.19804716
0.16187002
0.15734852
0.15435274
0.14456785
0.14088771
0.13841879
0.12969268
0.12679465
0.12485583
0.20294254
0.19607077
0.1906499
0.18121098
0.17544765
0.1708471
0.16253496
0.15781177
0.15400768
0.24068223
0.23164639
0.22224352
0.21472129
0.20692984
0.19878263
0.19242835
0.18582777
0.17884536
0.12103547
0.12021194
0.11866692
0.10988228
0.10923331
0.10804891
0.10183686
0.10131951
0.10040827
0.15242476
0.1512808
0.14908911
0.13785852
0.13694594
0.13523261
0.12702297
0.12629117
0.12495284
0.1812827
0.17978176
0.1768735
0.16366295
0.16243068
0.16007844
0.14950715
0.14850921
0.14663696
