MFEM mesh v1.0

#
# MFEM Geometry Types (see mesh/geom.hpp):
#
# POINT       = 0
# SEGMENT     = 1
# TRIANGLE    = 2
# SQUARE      = 3
# TETRAHEDRON = 4
# CUBE        = 5
#

dimension
3

elements
7
1 5 18 19 21 20 24 25 28 27
1 5 8 22 4 2 9 30 6 3
1 5 22 23 5 4 30 31 7 6
1 5 24 25 28 27 10 11 14 13
1 5 25 26 29 28 11 12 15 14
1 5 27 28 31 30 13 14 17 16
1 5 30 31 7 6 16 17 1 0

boundary
30
56 3 4 2 3 6
56 3 5 4 6 7
56 3 7 6 0 1
56 3 2 8 9 3
56 3 20 21 19 18
56 3 2 4 22 8
56 3 4 5 23 22
56 3 18 19 25 24
56 3 20 18 24 27
56 3 19 21 28 25
56 3 21 20 27 28
56 3 28 29 26 25
56 3 8 22 30 9
56 3 22 23 31 30
56 3 30 31 28 27
56 3 9 30 6 3
56 3 23 5 7 31
56 3 24 25 11 10
56 3 25 26 12 11
56 3 27 24 10 13
56 3 10 11 14 13
56 3 26 29 15 12
56 3 29 28 14 15
56 3 11 12 15 14
56 3 30 27 13 16
56 3 28 31 17 14
56 3 13 14 17 16
56 3 6 30 16 0
56 3 31 7 1 17
56 3 16 17 1 0

vertices
32

nodes
FiniteElementSpace
FiniteElementCollection: H1_3D_P4
VDim: 3
Ordering: 0

-0.066449439
-0.063851502
-0.060483045
-0.064571523
-0.051243871
-0.047913207
-0.055651449
-0.052520803
-0.0043627827
-0.012592879
0.18331332
0.11593099
0.18331332
0.056891641
0.052515288
0.056891641
-0.017873777
-0.013835471
0.29620417
0.17778643
0.13450498
0.12432409
0.034794825
0.040861245
0.26996421
0.16569087
0.26996421
0.11755195
0.1095832
0.11755195
0.024510883
0.030215319
0.28121173
0.24110666
0.19460798
0.17157722
0.15637466
0.13645932
0.13433408
0.13024282
0.12526057
0.25793182
0.20053322
0.15525996
0.25558328
0.21805829
0.17736732
0.15876594
0.14224406
0.1216985
0.11741333
0.11409825
0.11026482
0.23393439
0.17974257
0.1370856
0.29543704
0.28976694
0.27838473
0.17748362
0.17510327
0.16986315
0.12393532
0.12096965
0.11459327
0.13402339
0.13044035
0.12309187
0.006182438
0.021580443
0.031392017
-0.036808174
-0.0089871351
0.019403303
-0.058804144
-0.055464336
-0.052514676
-0.053797726
-0.037201615
-0.016616971
-0.0025344991
0.012130686
0.021326418
-0.042060405
-0.016023474
0.010261752
-0.062952489
-0.05968912
-0.056860408
-0.058451718
-0.043031366
-0.023960944
-0.0046114999
-0.0064364212
-0.010016227
0.0345054
0.032363553
0.0279164
-0.05137955
-0.052370312
-0.05429046
-0.060614406
-0.061562338
-0.063350815
0.037185222
0.039784894
0.040747713
-0.032836039
-0.0038626632
0.02541533
-0.050174738
-0.048726595
-0.048009441
0.026724665
0.029167899
0.030101106
-0.038314592
-0.011202757
0.015891165
-0.054645458
-0.053284743
-0.052611447
0.040567527
0.038373865
0.033772901
-0.048053822
-0.049084801
-0.051091743
0.17150573
0.14402119
0.12011655
0.10605927
0.085897199
0.064264234
0.056569398
0.054662303
0.052822908
0.15375604
0.1088079
0.073222545
0.20296434
0.23497843
0.25971675
0.12808891
0.14682727
0.16038542
0.065981571
0.087345272
0.10326297
0.071128515
0.093776266
0.1106782
0.17736732
0.21805829
0.25558328
0.23393439
0.17974257
0.1370856
0.11026482
0.11409825
0.11741333
0.12011655
0.14402119
0.17150573
0.15375604
0.1088079
0.073222545
0.052822908
0.054662303
0.056569398
0.20296434
0.23497843
0.25971675
0.071128515
0.093776266
0.1106782
0.096774698
0.071135736
0.044457434
0.099441704
0.067961382
0.03903704
0.040685401
0.018432362
-0.0030248151
-0.016434119
-0.014691694
-0.013931999
0.041821368
0.016001912
-0.0068587042
-0.0027947791
0.013980088
0.025676547
-0.007230945
0.0089509933
0.02014637
-0.057496285
-0.042244249
-0.024138942
-0.065639626
-0.0645048
-0.06393002
-0.060525737
-0.045875873
-0.028179065
-0.061892812
-0.057874731
-0.054178786
-0.06461044
-0.060761276
-0.057236285
0.15371336
0.1462941
0.1380799
0.19528105
0.17880827
0.16075105
0.24716768
0.21701974
0.18254564
0.28047946
0.24046289
0.1941443
0.27499815
0.23561149
0.19056379
0.26389013
0.22560026
0.18304808
0.17125592
0.15601256
0.13607294
0.16874838
0.15322264
0.13311708
0.16320333
0.14710726
0.12673046
0.12486392
0.1298041
0.13386404
0.12183227
0.12648319
0.13032287
0.11534603
0.11949447
0.12299867
0.15474
0.19993126
0.25723132
0.15087655
0.19547217
0.25205376
0.14299538
0.18645182
0.24164079
0.22353453
0.19555143
0.16620657
0.17470957
0.15992551
0.14523281
0.13563883
0.12932165
0.1228644
-0.048146267
-0.042403893
-0.038352694
-0.028724154
-0.01780678
-0.011372195
-0.0066701448
0.0074227391
0.016333841
0.0059215267
0.021304364
0.031108244
0.0040083327
0.019272481
0.028996434
0.00022282989
0.015175517
0.0246499
0.019147162
-0.0091923197
-0.036965865
0.01723299
-0.010703243
-0.038123477
0.013289073
-0.013753434
-0.040402953
-0.052648788
-0.05559705
-0.058936354
-0.053629489
-0.056562327
-0.059893548
-0.055521766
-0.05840551
-0.061705898
-0.053945277
-0.03738195
-0.016838901
-0.055012887
-0.038698964
-0.018472531
-0.057045175
-0.04123922
-0.021663272
-0.014479354
-0.0010180976
0.0073759283
-0.034973323
-0.024448792
-0.018292242
-0.053099868
-0.047456141
-0.043545315
-0.035488596
-0.033771756
-0.032945112
-0.0072025715
-0.0049921123
-0.0039924871
0.021667696
0.024237448
0.025287661
0.036895278
0.039491819
0.040454674
0.034728614
0.037302187
0.038260503
0.030210914
0.032714851
0.033660373
0.025153244
-0.004073951
-0.032998299
0.023174978
-0.0056422468
-0.034200953
0.019068266
-0.0088232518
-0.036576859
-0.048149751
-0.048865679
-0.050311436
-0.049179469
-0.049885547
-0.05131357
-0.051183763
-0.051870669
-0.053260189
0.012362337
0.014768207
0.015766905
-0.014351117
-0.012271715
-0.011327003
-0.040817881
-0.039198007
-0.038418656
0.24550282
0.2089084
0.17047209
0.22116685
0.18717693
0.15407187
0.19026991
0.16022681
0.13314146
0.15310819
0.13607454
0.11534469
0.13864895
0.12045114
0.099337332
0.11881856
0.099329156
0.077838908
0.10387713
0.10737327
0.11050573
0.087827976
0.09066161
0.093417156
0.066343624
0.068515618
0.070744412
0.12978237
0.17150763
0.22451143
0.11192264
0.1515251
0.20175212
0.088125377
0.12518035
0.17203688
0.1451636
0.125326
0.10885328
0.1046812
0.094928464
0.087161775
0.071920787
0.068047892
0.064795098
0.1228644
0.12932165
0.13563883
0.14523281
0.15992551
0.17470957
0.16620657
0.19555143
0.22353453
0.17047209
0.2089084
0.24550282
0.15407187
0.18717693
0.22116685
0.13314146
0.16022681
0.19026991
0.22451143
0.17150763
0.12978237
0.20175212
0.1515251
0.11192264
0.17203688
0.12518035
0.088125377
0.11050573
0.10737327
0.10387713
0.093417156
0.09066161
0.087827976
0.070744412
0.068515618
0.066343624
0.10885328
0.125326
0.1451636
0.087161775
0.094928464
0.1046812
0.064795098
0.068047892
0.071920787
0.04130096
0.043611562
0.044375288
0.069891885
0.071239568
0.071185573
0.10028504
0.099163707
0.097145929
0.090577867
0.06540184
0.039459458
0.074947721
0.050832742
0.026598663
0.05393056
0.031006711
0.0086030407
0.025564664
0.024643406
0.022282261
0.013868697
0.012982946
0.010822688
-0.0028994664
-0.0037178041
-0.0056287031
0.034204246
0.062278727
0.092979839
0.021851421
0.048013215
0.07698944
0.0044228634
0.028451072
0.055422288
0.04221236
0.041701759
0.040842093
0.017174385
0.018211032
0.018423464
-0.0054178562
-0.0037694111
-0.0031041342
0.011919323
-0.014192932
-0.040295553
0.0014928155
-0.021680967
-0.045158202
-0.013756177
-0.033425341
-0.051576919
-0.054267284
-0.054926681
-0.056254378
-0.0579598
-0.058589744
-0.059846102
-0.061974144
-0.062572774
-0.06375766
-0.043974509
-0.018901582
0.0064490194
-0.048665481
-0.026122798
-0.0035301705
-0.054931122
-0.037479236
-0.01821514
-0.026782427
-0.025040107
-0.024241701
-0.04468675
-0.043110323
-0.042345976
-0.059566221
-0.058246349
-0.057586019
0.24649336
0.21642047
0.18210936
0.19469877
0.17828591
0.16034138
0.15320801
0.14583062
0.13767879
0.24144604
0.2119051
0.17875118
0.1903297
0.1743435
0.15719696
0.14940463
0.14232373
0.13460655
0.23119965
0.20258036
0.17164604
0.18141433
0.16615174
0.15047104
0.14157693
0.13497165
0.12802213
-0.0069013499
0.0071777969
0.016083283
-0.028914793
-0.018006233
-0.011573439
-0.048297516
-0.042558531
-0.038507009
-0.0086200676
0.0053557859
0.014194817
-0.030312315
-0.019469611
-0.013067479
-0.049420467
-0.043693115
-0.039655842
-0.012001869
0.0017051863
0.010337175
-0.033028705
-0.022355416
-0.016061581
-0.051568915
-0.045888519
-0.04190356
0.021411149
0.02397704
0.025026435
-0.0074081059
-0.0052012832
-0.0042030062
-0.035646107
-0.033932172
-0.033106659
0.019472229
0.02201018
0.02304879
-0.0089370267
-0.0067554411
-0.0057700034
-0.036817035
-0.035122683
-0.034308152
0.015463406
0.017928456
0.018944773
-0.012031641
-0.0099089213
-0.0089476195
-0.039126024
-0.037475073
-0.036680982
0.21419705
0.18699856
0.15952084
0.16651134
0.15228146
0.13869242
0.12832579
0.1223117
0.11638806
0.19164318
0.1665823
0.1432924
0.14656656
0.13371747
0.12243396
0.11034971
0.10501028
0.10015459
0.16274257
0.14090199
0.1221365
0.1206518
0.10973977
0.10080663
0.086662602
0.082243011
0.078458309
0.15952084
0.18699856
0.21419705
0.13869242
0.15228146
0.16651134
0.11638806
0.1223117
0.12832579
0.1432924
0.1665823
0.19164318
0.12243396
0.13371747
0.14656656
0.10015459
0.10501028
0.11034971
0.1221365
0.14090199
0.16274257
0.10080663
0.10973977
0.1206518
0.078458309
0.082243011
0.086662602
0.093766825
0.092728966
0.090912131
0.064126389
0.065439063
0.065442022
0.036383738
0.038614822
0.039378041
0.077530785
0.076637624
0.0752059
0.049556705
0.050751279
0.050849323
0.023737362
0.025766123
0.02651346
0.055831109
0.055169043
0.054118937
0.029738635
0.030825693
0.031004701
0.0060240084
0.0078156381
0.0085201732
0.0084856894
0.010815717
0.011798816
-0.017268405
-0.015243307
-0.01431362
-0.04274877
-0.041163989
-0.040395875
-0.0017225049
0.0004302517
0.001373708
-0.024626456
-0.022704944
-0.021800725
-0.047521321
-0.046002904
-0.045257605
-0.016647579
-0.0147332
-0.013866092
-0.036135284
-0.034380719
-0.033537319
-0.053839356
-0.052391956
-0.051671153
-0.085685808
2.6396614e-16
-0.15523432
-0.15067172
-0.086191786
2.5097509e-16
-0.084801907
2.6049899e-16
-0.2085147
-0.19996325
-0.21845228
1.6385724e-16
0.21845228
-0.14600588
2.1851926e-16
0.14600588
-0.10394788
2.6653676e-16
-0.23304203
8.5115663e-17
-0.15834293
2.0032826e-16
-0.11026941
2.4304686e-16
-0.22511841
1.4044314e-16
0.22511841
-0.15245548
2.2010523e-16
0.15245548
-0.1070958
2.4898068e-16
-0.19860491
-0.13046905
-0.052788423
9.7043553e-17
1.5446816e-16
1.9552173e-16
-0.13247046
-0.081876277
-0.028826801
-0.21857035
-0.19243355
-0.16935223
-0.19185798
-0.1264028
-0.049879079
1.8063106e-16
2.2276585e-16
1.8959299e-16
-0.12767654
-0.07890839
-0.027710945
-0.21069335
-0.18524019
-0.16294692
-0.23279266
-0.23093637
-0.22746703
9.6179687e-17
9.4486488e-17
1.2032973e-16
1.9345862e-16
2.2966311e-16
2.2922336e-16
-0.15815483
-0.15677123
-0.15419117
-0.19350847
-0.16223885
-0.12861952
-0.088461925
-0.0950379
-0.1043597
-0.14633905
-0.12491839
-0.10007182
-0.16145954
-0.17719445
-0.19681289
-0.18598414
-0.15656967
-0.12466186
-0.086888106
-0.092936594
-0.10157909
-0.14245384
-0.12213784
-0.098269321
-0.15636183
-0.17093788
-0.18909813
-0.20825305
-0.20633937
-0.2026164
-0.11016456
-0.10940125
-0.10800945
-0.086138838
-0.085764824
-0.085148303
-0.15508653
-0.15402162
-0.15202519
-0.091649167
-0.055741112
-0.019316322
2.5019875e-16
2.4595592e-16
2.4405774e-16
-0.071859521
-0.043874044
-0.015227074
-0.089188946
-0.054405995
-0.018884335
2.6153876e-16
2.6041362e-16
2.464485e-16
-0.070842025
-0.04337976
-0.015080257
2.4143747e-16
2.4461178e-16
2.4856332e-16
2.481625e-16
2.5291949e-16
2.5898133e-16
-0.18660734
-0.12116857
-0.044707034
1.8727229e-16
2.0771528e-16
2.283888e-16
-0.12277086
-0.076027424
-0.026621116
-0.20340937
-0.17773486
-0.15600026
-0.21735311
-0.21855505
-0.22267877
1.6121926e-16
1.6765209e-16
2.1700697e-16
2.3427364e-16
2.1284045e-16
2.1200947e-16
-0.14573186
-0.1473614
-0.15062118
0.049879079
0.1264028
0.19185798
0.21069335
0.18524019
0.16294692
0.027710945
0.07890839
0.12767654
0.044707034
0.12116857
0.18660734
0.20340937
0.17773486
0.15600026
0.026621116
0.076027424
0.12277086
0.21735311
0.21855505
0.22267877
0.14573186
0.1473614
0.15062118
2.2720461e-16
2.4298337e-16
2.4265898e-16
-0.14284085
-0.12677434
-0.11327263
2.1978964e-16
2.4383346e-16
2.4742619e-16
-0.087125347
-0.053590523
-0.018672006
-0.1369194
-0.12191708
-0.10951341
2.5732376e-16
2.5311103e-16
2.5853606e-16
-0.10377242
-0.10452532
-0.10615261
2.6994293e-16
2.7747072e-16
2.7011751e-16
-0.071958594
-0.044340926
-0.015462074
-0.08703916
-0.091708842
-0.099062166
2.81018e-16
2.7115151e-16
2.6112486e-16
-0.085073443
-0.084382523
-0.084524629
-0.14202173
-0.088514516
-0.031481424
-0.16234167
-0.10326863
-0.037991242
-0.18536519
-0.12065747
-0.046889642
-0.19838682
-0.13033963
-0.052704411
-0.19679531
-0.12938605
-0.05207502
-0.19382035
-0.12760186
-0.050789111
1.2359367e-16
1.4391541e-16
2.2276917e-16
1.7937228e-16
1.8103307e-16
2.1132741e-16
1.8101426e-16
1.944273e-16
2.128466e-16
-0.028788285
-0.081776561
-0.13231283
-0.02851388
-0.081056383
-0.13117366
-0.028021863
-0.079749346
-0.12906499
-0.16914794
-0.19220552
-0.21832088
-0.16764537
-0.1905216
-0.21647603
-0.16483711
-0.1873689
-0.21302061
-0.17896827
-0.11638391
-0.044297387
-0.15640851
-0.099203282
-0.036017257
-0.13678876
-0.085135763
-0.030125596
-0.15101054
-0.12823092
-0.10274884
-0.16507824
-0.13888758
-0.11059746
-0.18274793
-0.1533883
-0.12165562
-0.19327544
-0.16206071
-0.12848953
-0.19157561
-0.1607612
-0.1275546
-0.1882938
-0.15828805
-0.12581657
-0.10426679
-0.094964833
-0.088404154
-0.10359102
-0.094438031
-0.087991223
-0.10237107
-0.09351314
-0.087295727
-0.10000523
-0.12482352
-0.14621259
-0.099537116
-0.12414367
-0.14529176
-0.098737083
-0.12292336
-0.14359204
-0.16129644
-0.17699881
-0.19657662
-0.16011845
-0.17557411
-0.1948447
-0.15789132
-0.17284607
-0.19148915
-0.17599091
-0.14834474
-0.11817315
-0.15963652
-0.13494821
-0.10793381
-0.14669901
-0.12517603
-0.10072186
-0.073767788
-0.045046453
-0.015636262
-0.079138203
-0.048253225
-0.016738784
-0.086763351
-0.05279627
-0.018299002
-0.091564452
-0.055693253
-0.019300223
-0.090960446
-0.055353519
-0.019188031
-0.089876757
-0.054764308
-0.01899698
2.4255859e-16
2.4524719e-16
2.5164908e-16
2.4685243e-16
2.5232119e-16
2.5416819e-16
2.5180829e-16
2.5696898e-16
2.5912957e-16
-0.015219825
-0.043851744
-0.071817823
-0.015172214
-0.043700513
-0.071531441
-0.015105724
-0.043478261
-0.07107644
-0.084621341
-0.051647005
-0.017930364
-0.077541097
-0.047418265
-0.016475994
-0.0725947
-0.044457631
-0.015456631
-0.18986461
-0.12513327
-0.048872309
-0.18670128
-0.12286411
-0.04692049
-0.18589142
-0.12144121
-0.045308829
2.0151796e-16
2.2357714e-16
2.0851858e-16
1.7821284e-16
2.0640033e-16
2.1773345e-16
1.7445268e-16
2.0139028e-16
2.3496276e-16
-0.027393288
-0.078042958
-0.12621648
-0.026875898
-0.076620522
-0.12372874
-0.026616145
-0.075948015
-0.12256115
-0.16094533
-0.18298825
-0.20824192
-0.15740572
-0.17903723
-0.20407318
-0.15566569
-0.17722641
-0.20251225
-0.17318629
-0.1108959
-0.040172934
-0.15035983
-0.094483514
-0.033520716
-0.13139149
-0.08166305
-0.028680467
0.030125596
0.085135763
0.13678876
0.036017257
0.099203282
0.15640851
0.044297387
0.11638391
0.17896827
0.048872309
0.12513327
0.18986461
0.04692049
0.12286411
0.18670128
0.045308829
0.12144121
0.18589142
0.20824192
0.18298825
0.16094533
0.20407318
0.17903723
0.15740572
0.20251225
0.17722641
0.15566569
0.12621648
0.078042958
0.027393288
0.12372874
0.076620522
0.026875898
0.12256115
0.075948015
0.026616145
0.040172934
0.1108959
0.17318629
0.033520716
0.094483514
0.15035983
0.028680467
0.08166305
0.13139149
-0.094326039
-0.057542755
-0.019974742
-0.10568264
-0.064606729
-0.022463571
-0.11937906
-0.073404358
-0.025649162
2.369544e-16
2.4805039e-16
2.5013975e-16
2.3002387e-16
2.4772694e-16
2.4869368e-16
2.3033923e-16
2.4169776e-16
2.4955278e-16
-0.018777211
-0.054057774
-0.088487739
-0.018633923
-0.053557866
-0.087364768
-0.018619192
-0.053449054
-0.086942778
-0.1121852
-0.12540119
-0.14116494
-0.11027582
-0.12296024
-0.13818522
-0.10934112
-0.12172413
-0.13668079
-0.11499165
-0.071022788
-0.024817938
-0.10224111
-0.062958306
-0.021952539
-0.091783773
-0.056455274
-0.01967009
2.5015178e-16
2.6371641e-16
2.640168e-16
2.6247924e-16
2.6552748e-16
2.6958546e-16
2.6747732e-16
2.6488771e-16
2.7302656e-16
-0.015072163
-0.043329613
-0.07066922
-0.015140115
-0.043468531
-0.07070444
-0.015331075
-0.04397842
-0.071400179
-0.086543868
-0.092381122
-0.10077685
-0.086206954
-0.091581025
-0.09943362
-0.086653895
-0.091482609
-0.098879604
-0.083047623
-0.051100323
-0.017806745
-0.076956712
-0.047405613
-0.016527136
-0.073083623
-0.045043206
-0.015706461
-0.18515635
-0.12052152
-0.046810647
-0.16214862
-0.10313707
-0.037926522
-0.14185003
-0.088402043
-0.031435175
-0.18364724
-0.11952608
-0.046228634
-0.16075025
-0.10217685
-0.037457762
-0.14061051
-0.087588514
-0.031104372
-0.18082808
-0.11764652
-0.045085636
-0.15813958
-0.10038731
-0.036587426
-0.13830805
-0.086100221
-0.030506795
-0.18253774
-0.15322886
-0.12153995
-0.16490565
-0.1387598
-0.11050581
-0.15087004
-0.12812833
-0.10267556
-0.18100487
-0.15206584
-0.12071008
-0.1636526
-0.13783365
-0.10985403
-0.14985802
-0.12739027
-0.10216018
-0.17805857
-0.14986577
-0.1191798
-0.16127541
-0.13611167
-0.10867984
-0.14796983
-0.12605104
-0.1012627
-0.086688404
-0.052754251
-0.018284926
-0.079079566
-0.048220816
-0.016728019
-0.073721654
-0.045021476
-0.015628044
-0.086155964
-0.052457132
-0.018187439
-0.078667796
-0.047994676
-0.016654718
-0.073402263
-0.044849966
-0.01557337
-0.085211559
-0.051949393
-0.018024165
-0.077960779
-0.047624086
-0.016537693
-0.072880075
-0.044586947
-0.015492703
-0.17702011
-0.11503116
-0.043437985
-0.15458138
-0.09795548
-0.035417892
-0.13518436
-0.084135249
-0.029732765
-0.17383353
-0.11263966
-0.041829824
-0.15147809
-0.095809404
-0.034372154
-0.13245159
-0.082470523
-0.029077877
-0.17264849
-0.11113343
-0.040589667
-0.15006667
-0.094582868
-0.033683154
-0.13116347
-0.081627614
-0.02871276
0.043437985
0.11503116
0.17702011
0.035417892
0.09795548
0.15458138
0.029732765
0.084135249
0.13518436
0.041829824
0.11263966
0.17383353
0.034372154
0.095809404
0.15147809
0.029077877
0.082470523
0.13245159
0.040589667
0.11113343
0.17264849
0.033683154
0.094582868
0.15006667
0.02871276
0.081627614
0.13116347
-0.11806448
-0.072658708
-0.025390404
-0.10463032
-0.064047253
-0.022281874
-0.093509128
-0.057127845
-0.019844985
-0.11583113
-0.071448973
-0.024977132
-0.10285663
-0.063163585
-0.022003992
-0.092165329
-0.056503473
-0.019659896
-0.11478941
-0.070914085
-0.024791016
-0.10205297
-0.062824806
-0.021906288
-0.091603685
-0.056316677
-0.019618739
-0.084031464
-0.051361627
-0.017844098
-0.077145827
-0.047241005
-0.016425363
-0.072365517
-0.044374296
-0.015437095
-0.083130161
-0.05098353
-0.017740985
-0.076662704
-0.047088726
-0.016395803
-0.072239343
-0.04441659
-0.015471657
-0.082858676
-0.050956352
-0.017752955
-0.076736467
-0.047245898
-0.016468107
-0.072729055
-0.044804039
-0.015619893
0.14912767
0.15363836
1.7956698e-16
0.084602851
1.7503644e-16
1.7456934e-16
0.08393419
0.085372903
1.8082004e-16
0.10269046
0.41475441
0.43862719
0.41475441
0.28057433
0.29450494
0.28057433
0.19840661
0.20680315
1.3330816e-16
1.6213473e-16
1.9675356e-16
1.8504917e-16
1.8351298e-16
1.7683718e-16
0.22018368
0.23847528
0.22018368
0.15017332
0.1569856
0.15017332
0.10663477
0.10988562
1.4595487e-16
1.3159959e-16
1.1939815e-16
2.0204375e-16
2.0323035e-16
1.7796725e-16
1.8865244e-16
1.7731774e-16
1.8490093e-16
1.4419672e-16
1.7350014e-16
1.9321882e-16
0.22494547
0.23299418
0.23775433
0.22023636
0.19131914
0.16777172
0.15220064
0.15519317
0.15677019
0.20536428
0.18079488
0.15994185
0.03870308
0.1116067
0.18320953
0.042221304
0.12163751
0.19903003
0.027508038
0.079418643
0.13056263
0.026434226
0.076218126
0.12504201
1.9399628e-16
1.8329586e-16
1.8428693e-16
1.7353099e-16
1.728924e-16
1.7454414e-16
1.8002122e-16
1.7507138e-16
1.8302694e-16
1.7758228e-16
1.9161046e-16
1.952484e-16
0.10270055
0.10377581
0.10562076
0.086140106
0.092393061
0.10113301
0.084026852
0.083416295
0.083629315
0.086035921
0.090732483
0.097963547
0.018426813
0.052905609
0.08605067
0.018787187
0.054148642
0.088800519
0.014924473
0.042933456
0.070115992
0.015260027
0.043766146
0.071039623
1.7926299e-16
1.7756521e-16
1.731289e-16
1.7514295e-16
1.7590156e-16
1.7530749e-16
1.7221306e-16
1.7664698e-16
1.7499637e-16
0.10759215
0.10901686
0.10978129
0.087758211
0.094533361
0.10396914
0.084300743
0.084938341
0.085319233
0.019243888
0.055548669
0.091342992
0.015089346
0.043473137
0.071187374
0.42186255
0.43237503
0.43790711
0.40734808
0.35643981
0.31412606
0.28490983
0.29098272
0.29408541
0.38604076
0.3387521
0.29904394
0.38489153
0.32299562
0.25652682
0.40796129
0.34519398
0.27669215
0.2732857
0.22983159
0.18285711
0.2606695
0.21941116
0.17477528
0.23775433
0.23299418
0.22494547
0.20536428
0.18079488
0.15994185
0.15677019
0.15519317
0.15220064
0.43790711
0.43237503
0.42186255
0.38604076
0.3387521
0.29904394
0.29408541
0.29098272
0.28490983
0.38489153
0.32299562
0.25652682
0.2606695
0.21941116
0.17477528
0.14711739
0.13056116
0.11643983
0.14114804
0.12585729
0.11273223
0.2764435
0.24585726
0.21934327
0.20103405
0.20468691
0.20654933
0.26357146
0.23484694
0.21007308
0.19218693
0.16144083
0.12812973
0.18475775
0.15577314
0.1241113
0.15995019
0.17570901
0.19521964
0.15047192
0.15244527
0.15349312
0.15490076
0.16953306
0.18763461
0.14482112
0.12366049
0.099098404
0.14097573
0.12087842
0.097260338
1.8063465e-16
1.7520662e-16
1.8226562e-16
1.9157302e-16
1.7074531e-16
1.8091969e-16
1.423374e-16
1.4543641e-16
2.0396735e-16
0.03952536
0.041046621
0.042030384
0.1140044
0.11835725
0.12113139
0.1871655
0.19410001
0.19833562
0.038875164
0.033656115
0.029431805
0.11206853
0.097088663
0.084953124
0.18362521
0.15932701
0.13958767
0.027470035
0.02720818
0.026734654
0.07930934
0.078538903
0.0771284
0.13038147
0.1290842
0.12665127
0.028162457
0.031837581
0.036133512
0.081193237
0.091779708
0.10417632
0.13318395
0.15054041
0.17093842
0.20940634
0.21596636
0.21973522
0.18380494
0.188443
0.19097739
0.16225144
0.16569562
0.16752733
1.8329102e-16
1.756576e-16
1.8429829e-16
1.9755239e-16
1.8356783e-16
1.7096582e-16
1.9171934e-16
1.8233461e-16
1.8313236e-16
0.018406492
0.018478327
0.018664515
0.052858886
0.053134616
0.053757036
0.086025795
0.086720652
0.088034667
0.017847794
0.016380889
0.015323329
0.05141907
0.047146699
0.044075546
0.084256329
0.077094742
0.071971491
0.014909031
0.014960903
0.015135977
0.042863659
0.042958296
0.043423344
0.069916361
0.06988646
0.070512311
0.01552285
0.016347992
0.017599111
0.044518548
0.046894996
0.050514961
0.072237144
0.07613386
0.082116415
0.097940287
0.098762288
0.10027799
0.090635468
0.090905977
0.091804118
0.085730264
0.085365055
0.08577088
1.7810229e-16
1.7955626e-16
1.801798e-16
1.8235386e-16
1.7716195e-16
1.7458771e-16
1.7954851e-16
1.7730499e-16
1.8149514e-16
0.018910502
0.019112239
0.019227466
0.054536185
0.055153392
0.055500142
0.08952973
0.090648767
0.091258118
0.018238019
0.016660716
0.015519946
0.05262276
0.048023745
0.044706825
0.086461885
0.078738928
0.073194536
0.01508165
0.015030499
0.014956097
0.043449788
0.043290089
0.043047981
0.071144663
0.070849485
0.070371084
0.10195814
0.10320124
0.10387695
0.092990232
0.093931879
0.094460413
0.086567131
0.087281655
0.087699975
0.2619544
0.27087709
0.2759687
0.32939065
0.33919127
0.34450139
0.39168062
0.40184879
0.40726239
0.25580427
0.22251575
0.19533176
0.31977421
0.2788931
0.24530363
0.3785791
0.33094581
0.29152127
0.18260353
0.18075627
0.17720227
0.22951548
0.22717839
0.22262451
0.27290261
0.27007885
0.26456819
0.18614199
0.21044916
0.23917185
0.23371697
0.26441309
0.30087518
0.27776638
0.3145222
0.35830218
0.39245993
0.40177507
0.40666708
0.34418068
0.35190054
0.35589396
0.30371874
0.31029298
0.31366534
0.16752733
0.16569562
0.16225144
0.19097739
0.188443
0.18380494
0.21973522
0.21596636
0.20940634
0.2759687
0.27087709
0.2619544
0.34450139
0.33919127
0.32939065
0.40726239
0.40184879
0.39168062
0.23917185
0.21044916
0.18614199
0.30087518
0.26441309
0.23371697
0.35830218
0.3145222
0.27776638
0.17720227
0.18075627
0.18260353
0.22262451
0.22717839
0.22951548
0.26456819
0.27007885
0.27290261
0.40666708
0.40177507
0.39245993
0.35589396
0.35190054
0.34418068
0.31366534
0.31029298
0.30371874
0.11383546
0.11545929
0.11632274
0.12726925
0.12933075
0.13041465
0.14293548
0.14555534
0.14693153
0.17143192
0.15223091
0.13578522
0.21563998
0.19171738
0.17111847
0.25652351
0.22819409
0.20371315
0.12800132
0.12707153
0.12530823
0.16126638
0.15998746
0.1575168
0.19195995
0.19029914
0.18706108
0.13122713
0.14651073
0.16428022
0.16476476
0.18394537
0.20622909
0.19548774
0.218362
0.24493326
0.26758971
0.27319748
0.27605621
0.23829953
0.24309237
0.24552732
0.21298425
0.21701532
0.21906539
0.12114942
0.10997312
0.10191007
0.15258074
0.13798398
0.12712435
0.1814878
0.16383231
0.14964534
0.099031631
0.098560315
0.097745189
0.12356658
0.12289161
0.12167121
0.14469691
0.14379041
0.14210858
0.099850237
0.10728475
0.11762973
0.12406994
0.13406252
0.1475519
0.14536847
0.15844564
0.17481306
0.19000265
0.19329939
0.19498978
0.17142656
0.17411836
0.17551732
0.15642296
0.15862841
0.15978968
0.036815794
0.038021891
0.03877047
0.032321217
0.033124075
0.033590403
0.028514182
0.02907504
0.029389615
0.10617658
0.10964957
0.11177571
0.093215605
0.095559285
0.096902872
0.082251753
0.083911768
0.084830675
0.17427441
0.17987428
0.18317798
0.15298829
0.15687063
0.15903125
0.13503259
0.13785905
0.13938287
0.017574431
0.017611302
0.017749224
0.016314424
0.016273168
0.016322109
0.015452228
0.015317616
0.015297389
0.050454691
0.050623135
0.05109989
0.046806971
0.046739599
0.046947191
0.044324045
0.043976871
0.043974918
0.082064267
0.0825638
0.083617464
0.076026435
0.076098325
0.076667876
0.071952591
0.071530403
0.071718363
0.017950584
0.01812315
0.018223652
0.016448808
0.016573325
0.0166496
0.01536527
0.015453372
0.01551133
0.051745461
0.052276512
0.052580201
0.047368817
0.047757852
0.047990601
0.044220166
0.044501723
0.04468094
0.08487905
0.085850383
0.086386993
0.077535612
0.078263073
0.078679908
0.072276808
0.072820606
0.073147614
0.24380903
0.2511646
0.25525745
0.21395788
0.21928179
0.22212824
0.18888158
0.19292782
0.19504446
0.306434
0.31474287
0.31917468
0.26879044
0.27513587
0.27844357
0.2372723
0.24233966
0.24494887
0.36435565
0.37324841
0.37793052
0.319524
0.326709
0.33043512
0.28199981
0.28801033
0.29109825
0.25525745
0.2511646
0.24380903
0.22212824
0.21928179
0.21395788
0.19504446
0.19292782
0.18888158
0.31917468
0.31474287
0.306434
0.27844357
0.27513587
0.26879044
0.24494887
0.24233966
0.2372723
0.37793052
0.37324841
0.36435565
0.33043512
0.326709
0.319524
0.29109825
0.28801033
0.28199981
0.16643869
0.16958107
0.1712096
0.14824137
0.15075141
0.15205293
0.13259663
0.13459561
0.13564161
0.20914044
0.21325017
0.21535515
0.18635645
0.18974651
0.19148228
0.16673032
0.16949922
0.17092494
0.24852523
0.25358545
0.25617193
0.22142101
0.22570975
0.22789671
0.19804716
0.20163164
0.20346377
0.11866692
0.12021194
0.12103547
0.10804891
0.10923331
0.10988228
0.10040827
0.10131951
0.10183686
0.14908911
0.1512808
0.15242476
0.13523261
0.13694594
0.13785852
0.12495284
0.12629117
0.12702297
0.1768735
0.17978176
0.1812827
0.16007844
0.16243068
0.16366295
0.14663696
0.14850921
0.14950715
