MFEM mesh v1.0

#
# MFEM Geometry Types (see mesh/geom.hpp):
#
# POINT       = 0
# SEGMENT     = 1
# TRIANGLE    = 2
# SQUARE      = 3
# TETRAHEDRON = 4
# CUBE        = 5
#

dimension
3

elements
6
1 5 14 0 1 15 16 2 3 17
1 5 4 5 7 6 18 19 21 20
1 5 8 9 19 18 10 11 23 22
1 5 18 19 21 20 22 23 25 24
1 5 10 11 23 22 12 13 27 26
1 5 22 23 25 24 26 27 29 28

boundary
26
1 3 8 9 11 10
1 3 10 11 13 12
11 3 15 1 0 14
11 3 14 0 2 16
11 3 15 14 16 17
11 3 0 1 3 2
11 3 1 15 17 3
11 3 16 2 3 17
11 3 6 7 5 4
11 3 4 5 19 18
11 3 18 19 9 8
11 3 6 4 18 20
11 3 5 7 21 19
11 3 7 6 20 21
11 3 18 8 10 22
11 3 9 19 23 11
11 3 20 18 22 24
11 3 19 21 25 23
11 3 21 20 24 25
11 3 22 10 12 26
11 3 11 23 27 13
11 3 12 13 27 26
11 3 24 22 26 28
11 3 23 25 29 27
11 3 25 24 28 29
11 3 26 27 29 28

vertices
30

nodes
FiniteElementSpace
FiniteElementCollection: H1_3D_P4
VDim: 3
Ordering: 0

-0.047913207
-0.051243871
-0.052520803
-0.055651449
0.11593099
0.18331332
0.052515288
0.056891641
0.18971773
0.80820096
0.2
0.8867
0.18971773
0.80820096
-0.13207172
-0.13219431
-0.13292294
-0.13305751
0.16569087
0.26996421
0.1095832
0.11755195
0.17778643
0.29620417
0.12432409
0.13450498
0.16569087
0.26996421
0.1095832
0.11755195
-0.062825946
-0.090632358
-0.11787809
-0.048009441
-0.048726595
-0.050174738
-0.06552822
-0.092237927
-0.11844563
-0.1320845
-0.13217211
-0.13223817
-0.066645128
-0.09316097
-0.11923584
-0.052611447
-0.053284743
-0.054645458
-0.069171493
-0.094649635
-0.11977847
-0.13293514
-0.13302136
-0.13309179
-0.13210718
-0.13236039
-0.13274322
-0.048053822
-0.049084801
-0.051091743
-0.05137955
-0.052370312
-0.05429046
-0.13223045
-0.13248892
-0.13287724
0.12011655
0.14402119
0.17150573
0.15375604
0.1088079
0.073222545
0.052822908
0.054662303
0.056569398
0.10605927
0.085897199
0.064264234
0.17736732
0.21805829
0.25558328
0.23393439
0.17974257
0.1370856
0.11026482
0.11409825
0.11741333
0.15876594
0.14224406
0.1216985
0.12808891
0.14682727
0.16038542
0.20296434
0.23497843
0.25971675
0.071128515
0.093776266
0.1106782
0.065981571
0.087345272
0.10326297
0.25140841
0.5586051
0.77274387
0.62225357
0.42374963
0.3132938
0.18660524
0.18000858
0.17154656
0.27707719
0.64134625
0.86121767
0.67819209
0.45953412
0.34233435
0.19460798
0.24110666
0.28121173
0.19742394
0.19100913
0.18294869
0.19286957
0.19734762
0.19968068
0.83253318
0.86669473
0.88430061
0.27838473
0.28976694
0.29543704
0.16986315
0.17510327
0.17748362
0.25793182
0.20053322
0.15525996
0.12526057
0.13024282
0.13433408
0.17157722
0.15637466
0.13645932
0.12309187
0.13044035
0.13402339
0.11459327
0.12096965
0.12393532
0.25140841
0.5586051
0.77274387
0.62225357
0.42374963
0.3132938
0.17736732
0.21805829
0.25558328
0.18660524
0.18000858
0.17154656
0.19968068
0.19734762
0.19286957
0.88430061
0.86669473
0.83253318
0.29543704
0.28976694
0.27838473
0.17748362
0.17510327
0.16986315
0.23393439
0.17974257
0.1370856
0.11026482
0.11409825
0.11741333
0.15876594
0.14224406
0.1216985
0.13402339
0.13044035
0.12309187
0.12393532
0.12096965
0.11459327
-0.11835508
-0.091780772
-0.064696075
-0.1180891
-0.091074205
-0.063511932
-0.11790582
-0.090685743
-0.062908324
-0.11793065
-0.090715578
-0.062946045
-0.11829455
-0.091319369
-0.063819171
-0.11890435
-0.092427891
-0.065491068
-0.048149751
-0.048865679
-0.050311436
-0.049179469
-0.049885547
-0.05131357
-0.051183763
-0.051870669
-0.053260189
-0.065643285
-0.09231806
-0.11849756
-0.066481017
-0.09289958
-0.11885858
-0.06807501
-0.09395732
-0.11945723
-0.13227429
-0.13220777
-0.13212008
-0.13253049
-0.13246174
-0.1323733
-0.13291534
-0.13284408
-0.13275608
-0.11926168
-0.093210093
-0.066721614
-0.11943532
-0.093570056
-0.06728515
-0.11968901
-0.094224704
-0.068390654
0.064795098
0.068047892
0.071920787
0.087161775
0.094928464
0.1046812
0.10885328
0.125326
0.1451636
0.13314146
0.16022681
0.19026991
0.15407187
0.18717693
0.22116685
0.17047209
0.2089084
0.24550282
0.17203688
0.12518035
0.088125377
0.20175212
0.1515251
0.11192264
0.22451143
0.17150763
0.12978237
0.070744412
0.068515618
0.066343624
0.093417156
0.09066161
0.087827976
0.11050573
0.10737327
0.10387713
0.077838908
0.099329156
0.11881856
0.099337332
0.12045114
0.13864895
0.11534469
0.13607454
0.15310819
0.16620657
0.19555143
0.22353453
0.14523281
0.15992551
0.17470957
0.1228644
0.12932165
0.13563883
0.18880371
0.24505314
0.2953807
0.2157669
0.31300097
0.39528767
0.24565851
0.43450609
0.58262057
0.25904846
0.58343155
0.79998296
0.27024865
0.61953021
0.83851347
0.27624736
0.63870332
0.85848953
0.63965625
0.43514883
0.322542
0.66398465
0.45067245
0.33515013
0.67648625
0.45847259
0.34147634
0.26389013
0.22560026
0.18304808
0.27499815
0.23561149
0.19056379
0.28047946
0.24046289
0.1941443
0.17546808
0.18363833
0.18999368
0.18041242
0.18842941
0.19470958
0.1826645
0.19071702
0.19710332
0.27466722
0.48637788
0.63996784
0.23965494
0.34297752
0.43183661
0.2065246
0.27030409
0.32410272
0.24164079
0.18645182
0.14299538
0.25205376
0.19547217
0.15087655
0.25723132
0.19993126
0.15474
0.12299867
0.11949447
0.11534603
0.13032287
0.12648319
0.12183227
0.13386404
0.1298041
0.12486392
0.12673046
0.14710726
0.16320333
0.13311708
0.15322264
0.16874838
0.13607294
0.15601256
0.17125592
0.18254564
0.21701974
0.24716768
0.16075105
0.17880827
0.19528105
0.1380799
0.1462941
0.15371336
0.27624736
0.63870332
0.85848953
0.27024865
0.61953021
0.83851347
0.25904846
0.58343155
0.79998296
0.67648625
0.45847259
0.34147634
0.66398465
0.45067245
0.33515013
0.63965625
0.43514883
0.322542
0.28047946
0.24046289
0.1941443
0.27499815
0.23561149
0.19056379
0.26389013
0.22560026
0.18304808
0.1826645
0.19071702
0.19710332
0.18041242
0.18842941
0.19470958
0.17546808
0.18363833
0.18999368
0.24565851
0.43450609
0.58262057
0.2157669
0.31300097
0.39528767
0.18880371
0.24505314
0.2953807
0.25723132
0.19993126
0.15474
0.25205376
0.19547217
0.15087655
0.24164079
0.18645182
0.14299538
0.13386404
0.1298041
0.12486392
0.13032287
0.12648319
0.12183227
0.12299867
0.11949447
0.11534603
0.13607294
0.15601256
0.17125592
0.13311708
0.15322264
0.16874838
0.12673046
0.14710726
0.16320333
0.16620657
0.19555143
0.22353453
0.14523281
0.15992551
0.17470957
0.1228644
0.12932165
0.13563883
-0.11795853
-0.090768992
-0.063028407
-0.11814158
-0.091156693
-0.063630779
-0.11840755
-0.09186212
-0.06481296
-0.11832214
-0.091371953
-0.06390025
-0.1185041
-0.091754277
-0.064493997
-0.11876863
-0.092449891
-0.065660325
-0.11893141
-0.09247887
-0.065569839
-0.11910921
-0.092848907
-0.066145856
-0.11936895
-0.093522531
-0.067277936
0.1221365
0.14090199
0.16274257
0.10080663
0.10973977
0.1206518
0.078458309
0.082243011
0.086662602
0.1432924
0.1665823
0.19164318
0.12243396
0.13371747
0.14656656
0.10015459
0.10501028
0.11034971
0.15952084
0.18699856
0.21419705
0.13869242
0.15228146
0.16651134
0.11638806
0.1223117
0.12832579
0.25407581
0.45036713
0.60073787
0.22308373
0.32275772
0.40690519
0.19465064
0.25329906
0.30462519
0.26680198
0.47296001
0.62565817
0.23356549
0.33575556
0.42277968
0.20238095
0.26427012
0.31708591
0.27373393
0.48476058
0.63825704
0.23894932
0.3421194
0.43076634
0.20605119
0.26959492
0.32327277
0.17164604
0.20258036
0.23119965
0.15047104
0.16615174
0.18141433
0.12802213
0.13497165
0.14157693
0.17875118
0.2119051
0.24144604
0.15719696
0.1743435
0.1903297
0.13460655
0.14232373
0.14940463
0.18210936
0.21642047
0.24649336
0.16034138
0.17828591
0.19469877
0.13767879
0.14583062
0.15320801
0.27373393
0.48476058
0.63825704
0.23894932
0.3421194
0.43076634
0.20605119
0.26959492
0.32327277
0.26680198
0.47296001
0.62565817
0.23356549
0.33575556
0.42277968
0.20238095
0.26427012
0.31708591
0.25407581
0.45036713
0.60073787
0.22308373
0.32275772
0.40690519
0.19465064
0.25329906
0.30462519
0.18210936
0.21642047
0.24649336
0.16034138
0.17828591
0.19469877
0.13767879
0.14583062
0.15320801
0.17875118
0.2119051
0.24144604
0.15719696
0.1743435
0.1903297
0.13460655
0.14232373
0.14940463
0.17164604
0.20258036
0.23119965
0.15047104
0.16615174
0.18141433
0.12802213
0.13497165
0.14157693
2.5097509e-16
0.086191786
2.6049899e-16
0.084801907
1.615226e-16
0.21845228
1.4628094e-16
0.14600588
-4.7704896e-18
0.37298049
1.0842022e-18
0.39717735
-1.3010426e-18
0.37298049
2.5749541e-16
0.084481939
2.6612454e-16
0.083249948
1.4902351e-16
0.22511841
1.810862e-16
0.15245548
8.5115663e-17
0.23304203
2.0032826e-16
0.15834293
1.4044314e-16
0.22511841
2.2010523e-16
0.15245548
2.5199033e-16
2.5302671e-16
2.6096169e-16
0.015227074
0.043874044
0.071859521
0.084690881
0.083598481
0.083999924
0.014576045
0.042204805
0.069860061
2.6627168e-16
2.652607e-16
2.6379436e-16
0.015080257
0.04337976
0.070842025
0.083419985
0.082397578
0.082785344
0.014488665
0.041863968
0.069027497
2.5883703e-16
2.6082053e-16
2.5765537e-16
2.481625e-16
2.5291949e-16
2.5898133e-16
0.086138838
0.085764824
0.085148303
0.084433422
0.084088655
0.083539951
0.044707034
0.12116857
0.18660734
0.20340937
0.17773486
0.15600026
0.026621116
0.076027424
0.12277086
1.4264583e-16
1.3939636e-16
1.5875641e-16
0.049879079
0.1264028
0.19185798
0.21069335
0.18524019
0.16294692
0.027710945
0.07890839
0.12767654
1.5293288e-16
1.760275e-16
1.99197e-16
1.215494e-16
1.1163887e-16
1.2970227e-16
0.21735311
0.21855505
0.22267877
0.14573186
0.1473614
0.15062118
1.5626952e-16
1.7541614e-16
1.8220856e-16
0.066774181
0.19175207
0.31218017
0.32811467
0.27430146
0.23981836
-5.2701695e-17
-2.6740549e-17
8.6301636e-17
0.071432212
0.20490947
0.33291588
0.34779971
0.28655065
0.24826847
0.052788423
0.13046905
0.19860491
2.3720402e-17
2.0872802e-17
7.775369e-17
8.6672646e-19
4.2961511e-18
4.98733e-18
0.38042078
0.39095644
0.39642918
0.22746703
0.23093637
0.23279266
1.2823827e-16
8.9664662e-17
3.6970504e-17
0.21857035
0.19243355
0.16935223
0.028826801
0.081876277
0.13247046
9.7043553e-17
1.5446816e-16
1.9552173e-16
0.15419117
0.15677123
0.15815483
1.7550125e-16
1.9383351e-16
1.9932959e-16
0.066774181
0.19175207
0.31218017
0.32811467
0.27430146
0.23981836
0.049879079
0.1264028
0.19185798
4.4730019e-17
4.8720746e-17
7.5185061e-17
-2.5410988e-21
-1.9515639e-18
-1.9515639e-18
0.39642918
0.39095644
0.38042078
0.23279266
0.23093637
0.22746703
9.6179687e-17
9.4486488e-17
1.2032973e-16
0.21069335
0.18524019
0.16294692
0.027710945
0.07890839
0.12767654
1.8063106e-16
2.2276585e-16
1.8959299e-16
0.15815483
0.15677123
0.15419117
1.9345862e-16
2.2966311e-16
2.2922336e-16
0.069541597
0.069437061
0.070551734
0.042087521
0.042197811
0.043030642
0.014547886
0.014614662
0.014927764
2.5877846e-16
2.512003e-16
2.5323352e-16
2.5490893e-16
2.6157206e-16
2.6141328e-16
2.7102035e-16
2.5929499e-16
2.6555591e-16
0.015219825
0.043851744
0.071817823
0.015172214
0.043700513
0.071531441
0.015105724
0.043478261
0.07107644
0.084641829
0.083551269
0.083951889
0.084292508
0.083216262
0.083611575
0.083727886
0.082681782
0.083069895
0.069823023
0.042186568
0.014570329
0.069571981
0.042065355
0.014534442
0.06919546
0.041908475
0.014493207
0.014458919
0.014516184
0.014804903
0.041744614
0.041834311
0.042603709
0.068715766
0.068601984
0.069638101
0.028680467
0.08166305
0.13139149
0.033520716
0.094483514
0.15035983
0.040172934
0.1108959
0.17318629
0.045308829
0.12144121
0.18589142
0.04692049
0.12286411
0.18670128
0.048872309
0.12513327
0.18986461
0.20251225
0.17722641
0.15566569
0.20407318
0.17903723
0.15740572
0.20824192
0.18298825
0.16094533
0.12256115
0.075948015
0.026616145
0.12372874
0.076620522
0.026875898
0.12621648
0.078042958
0.027393288
1.5697837e-16
1.187916e-16
1.1925594e-16
1.8341095e-16
1.6034599e-16
1.2441233e-16
1.7461204e-16
1.6985864e-16
1.2469865e-16
0.044297387
0.11638391
0.17896827
0.036017257
0.099203282
0.15640851
0.030125596
0.085135763
0.13678876
0.055113557
0.13761723
0.2046137
0.071273943
0.15402314
0.23044257
0.07777115
0.17109913
0.27588666
0.068202148
0.19578843
0.31855002
0.070230762
0.20151832
0.32757928
0.071287575
0.20450132
0.33227387
0.33399711
0.27787299
0.24229431
0.34260813
0.28324866
0.24600452
0.34717901
0.28615638
0.24799902
0.19382035
0.12760186
0.050789111
0.19679531
0.12938605
0.05207502
0.19838682
0.13033963
0.052704411
4.4427147e-17
3.4204436e-17
-2.6883899e-17
3.6590458e-17
1.3624353e-17
-1.2746144e-18
5.4010775e-17
1.1132941e-17
-1.3994791e-17
0.084203778
0.17792771
0.29270717
0.077014355
0.1570191
0.23876337
0.056668521
0.14220061
0.21076841
0.21302061
0.1873689
0.16483711
0.21647603
0.1905216
0.16764537
0.21832088
0.19220552
0.16914794
0.12906499
0.079749346
0.028021863
0.13117366
0.081056383
0.02851388
0.13231283
0.081776561
0.028788285
1.9158607e-16
1.6275456e-16
1.5773959e-16
1.8067484e-16
1.9553101e-16
1.2485125e-16
1.8183928e-16
1.8206455e-16
9.3571817e-17
0.046889642
0.12065747
0.18536519
0.037991242
0.10326863
0.16234167
0.031481424
0.088514516
0.14202173
0.071287575
0.20450132
0.33227387
0.070230762
0.20151832
0.32757928
0.068202148
0.19578843
0.31855002
0.34717901
0.28615638
0.24799902
0.34260813
0.28324866
0.24600452
0.33399711
0.27787299
0.24229431
0.19838682
0.13033963
0.052704411
0.19679531
0.12938605
0.05207502
0.19382035
0.12760186
0.050789111
5.6511127e-17
4.0304202e-17
4.4439946e-17
7.8884095e-17
4.4439299e-17
2.0960934e-17
8.4734886e-17
7.3667503e-17
6.7050584e-17
0.07777115
0.17109913
0.27588666
0.071273943
0.15402314
0.23044257
0.055113557
0.13761723
0.2046137
0.21832088
0.19220552
0.16914794
0.21647603
0.1905216
0.16764537
0.21302061
0.1873689
0.16483711
0.13231283
0.081776561
0.028788285
0.13117366
0.081056383
0.02851388
0.12906499
0.079749346
0.028021863
2.2276917e-16
1.4391541e-16
1.2359367e-16
2.1132741e-16
1.8103307e-16
1.7937228e-16
2.128466e-16
1.944273e-16
1.8101426e-16
0.044297387
0.11638391
0.17896827
0.036017257
0.099203282
0.15640851
0.030125596
0.085135763
0.13678876
0.014542074
0.014608691
0.014921117
0.042069134
0.042179122
0.043010237
0.069504584
0.069400278
0.070512756
0.014505938
0.014571002
0.01487852
0.041947758
0.042054685
0.042873035
0.069255556
0.069151382
0.070247966
0.014463872
0.014525158
0.014822201
0.041789631
0.04188851
0.042679662
0.06888129
0.068774499
0.069837209
0.040589667
0.11113343
0.17264849
0.033683154
0.094582868
0.15006667
0.02871276
0.081627614
0.13116347
0.041829824
0.11263966
0.17383353
0.034372154
0.095809404
0.15147809
0.029077877
0.082470523
0.13245159
0.043437985
0.11503116
0.17702011
0.035417892
0.09795548
0.15458138
0.029732765
0.084135249
0.13518436
0.079485002
0.17299998
0.280841
0.072848578
0.15479142
0.2328403
0.055703313
0.13893551
0.20638948
0.082338702
0.17599209
0.28823806
0.075401323
0.15611001
0.23652365
0.056372913
0.14096206
0.20910852
0.0839867
0.17768266
0.29217336
0.076821434
0.15690711
0.23849161
0.056631921
0.14205229
0.21056579
0.045085636
0.11764652
0.18082808
0.036587426
0.10038731
0.15813958
0.030506795
0.086100221
0.13830805
0.046228634
0.11952608
0.18364724
0.037457762
0.10217685
0.16075025
0.031104372
0.087588514
0.14061051
0.046810647
0.12052152
0.18515635
0.037926522
0.10313707
0.16214862
0.031435175
0.088402043
0.14185003
0.0839867
0.17768266
0.29217336
0.076821434
0.15690711
0.23849161
0.056631921
0.14205229
0.21056579
0.082338702
0.17599209
0.28823806
0.075401323
0.15611001
0.23652365
0.056372913
0.14096206
0.20910852
0.079485002
0.17299998
0.280841
0.072848578
0.15479142
0.2328403
0.055703313
0.13893551
0.20638948
0.046810647
0.12052152
0.18515635
0.037926522
0.10313707
0.16214862
0.031435175
0.088402043
0.14185003
0.046228634
0.11952608
0.18364724
0.037457762
0.10217685
0.16075025
0.031104372
0.087588514
0.14061051
0.045085636
0.11764652
0.18082808
0.036587426
0.10038731
0.15813958
0.030506795
0.086100221
0.13830805
1.7456934e-16
1.6223969e-16
0.085372903
0.08393419
-0.43862719
-0.41475441
-0.29450494
-0.28057433
-0.39717735
-0.37298049
4.5536491e-18
-2.4286129e-17
0.39717735
0.37298049
1.6256034e-16
1.5418774e-16
0.083307822
0.082015121
-0.23847528
-0.22018368
-0.1569856
-0.15017332
1.6213473e-16
8.171394e-17
1.8504917e-16
1.5313415e-16
0.23847528
0.22018368
0.1569856
0.15017332
1.6722509e-16
1.6536593e-16
1.5861499e-16
1.6665144e-16
1.6482191e-16
1.6588338e-16
1.5830062e-16
1.5312241e-16
1.4969673e-16
1.4853442e-16
1.5182873e-16
1.6306522e-16
0.083761352
0.082514739
0.082841229
0.085319233
0.084938341
0.084300743
0.08243843
0.081254277
0.081564755
0.083258134
0.082903006
0.082328122
0.014370835
0.041612343
0.068885212
0.015089346
0.043473137
0.071187374
0.014924473
0.042933456
0.070115992
0.014262026
0.041217122
0.067986259
-0.43790711
-0.43237503
-0.42186255
-0.38604076
-0.3387521
-0.29904394
-0.29408541
-0.29098272
-0.28490983
-0.40734808
-0.35643981
-0.31412606
-0.23775433
-0.23299418
-0.22494547
-0.20536428
-0.18079488
-0.15994185
-0.15677019
-0.15519317
-0.15220064
-0.22023636
-0.19131914
-0.16777172
-0.40796129
-0.34519398
-0.27669215
-0.38489153
-0.32299562
-0.25652682
-0.2606695
-0.21941116
-0.17477528
-0.2732857
-0.22983159
-0.18285711
-0.39642918
-0.39095644
-0.38042078
-0.32683969
-0.27329733
-0.2366211
-0.36786568
-0.30821838
-0.25901183
-8.6037372e-18
-2.2795351e-17
-1.9515639e-18
2.7338585e-17
5.930042e-17
1.36597e-16
1.7906803e-16
1.1344951e-16
1.5322428e-16
1.4614032e-17
4.987637e-18
1.8552405e-16
-0.33291588
-0.20490947
-0.071432212
-0.31218017
-0.19175207
-0.066774181
-0.18320953
-0.1116067
-0.03870308
-0.19903003
-0.12163751
-0.042221304
1.1078752e-16
9.9573694e-17
1.3226427e-16
1.8264873e-16
1.6082253e-16
1.5557185e-16
2.0204375e-16
2.0323035e-16
1.7796725e-16
-0.12504201
-0.076218126
-0.026434226
-0.13056263
-0.079418643
-0.027508038
0.39642918
0.39095644
0.38042078
0.32683969
0.27329733
0.2366211
0.23775433
0.23299418
0.22494547
0.36786568
0.30821838
0.25901183
0.071432212
0.20490947
0.33291588
0.066774181
0.19175207
0.31218017
0.03870308
0.1116067
0.18320953
0.042221304
0.12163751
0.19903003
0.20536428
0.18079488
0.15994185
0.15677019
0.15519317
0.15220064
0.22023636
0.19131914
0.16777172
0.026434226
0.076218126
0.12504201
0.027508038
0.079418643
0.13056263
1.6160603e-16
1.5750176e-16
1.605153e-16
1.5487643e-16
1.5692681e-16
1.6037963e-16
1.5884038e-16
1.5615967e-16
1.6352585e-16
0.014346238
0.014428695
0.014770486
0.041504647
0.041658649
0.042573258
0.068580339
0.068542169
0.069787926
0.01508165
0.015030499
0.014956097
0.043449788
0.043290089
0.043047981
0.071144663
0.070849485
0.070371084
0.014628127
0.014308281
0.014235232
0.042097332
0.041239785
0.041105878
0.068816058
0.067640708
0.067686684
0.014273774
0.014324342
0.014364569
0.04128029
0.04146085
0.041592766
0.068178271
0.068583511
0.068846712
0.082791989
0.082466536
0.083711456
0.082441432
0.082122409
0.083354479
0.081872939
0.081562434
0.08276732
-0.31366534
-0.31029298
-0.30371874
-0.35589396
-0.35190054
-0.34418068
-0.40666708
-0.40177507
-0.39245993
-0.40726239
-0.40184879
-0.39168062
-0.34450139
-0.33919127
-0.32939065
-0.2759687
-0.27087709
-0.2619544
-0.35830218
-0.3145222
-0.27776638
-0.30087518
-0.26441309
-0.23371697
-0.23917185
-0.21044916
-0.18614199
-0.26456819
-0.27007885
-0.27290261
-0.22262451
-0.22717839
-0.22951548
-0.17720227
-0.18075627
-0.18260353
-0.29152127
-0.33094581
-0.3785791
-0.24530363
-0.2788931
-0.31977421
-0.19533176
-0.22251575
-0.25580427
-0.21973522
-0.21596636
-0.20940634
-0.19097739
-0.188443
-0.18380494
-0.16752733
-0.16569562
-0.16225144
-0.25828708
-0.25232165
-0.24235185
-0.30638773
-0.29579779
-0.28070609
-0.36607631
-0.35173498
-0.33365303
-0.33227387
-0.32757928
-0.31855002
-0.20450132
-0.20151832
-0.19578843
-0.071287575
-0.070230762
-0.068202148
-0.27244397
-0.22717264
-0.19681174
-0.16642247
-0.13820257
-0.11983321
-0.057795424
-0.047898494
-0.041547828
-0.1871655
-0.19410001
-0.19833562
-0.1140044
-0.11835725
-0.12113139
-0.03952536
-0.041046621
-0.042030384
-0.21630717
-0.25839029
-0.3090753
-0.13228064
-0.15891354
-0.19086501
-0.045918653
-0.055287018
-0.066571959
9.6221597e-17
-1.0376399e-17
5.7779663e-17
2.6452812e-17
8.6483514e-17
2.74204e-17
1.3691608e-16
1.0926321e-16
9.4489184e-17
-0.17093842
-0.15054041
-0.13318395
-0.10417632
-0.091779708
-0.081193237
-0.036133512
-0.031837581
-0.028162457
-0.12665127
-0.1290842
-0.13038147
-0.0771284
-0.078538903
-0.07930934
-0.026734654
-0.02720818
-0.027470035
-0.13958767
-0.15932701
-0.18362521
-0.084953124
-0.097088663
-0.11206853
-0.029431805
-0.033656115
-0.038875164
1.9417164e-16
1.6352186e-16
1.1242756e-16
1.8702216e-16
1.6520574e-16
1.3916005e-16
1.8117317e-16
1.6237937e-16
1.2970488e-16
0.071287575
0.070230762
0.068202148
0.20450132
0.20151832
0.19578843
0.33227387
0.32757928
0.31855002
0.057795424
0.047898494
0.041547828
0.16642247
0.13820257
0.11983321
0.27244397
0.22717264
0.19681174
0.03952536
0.041046621
0.042030384
0.1140044
0.11835725
0.12113139
0.1871655
0.19410001
0.19833562
0.045918653
0.055287018
0.066571959
0.13228064
0.15891354
0.19086501
0.21630717
0.25839029
0.3090753
0.36607631
0.35173498
0.33365303
0.30638773
0.29579779
0.28070609
0.25828708
0.25232165
0.24235185
0.036133512
0.031837581
0.028162457
0.10417632
0.091779708
0.081193237
0.17093842
0.15054041
0.13318395
0.026734654
0.02720818
0.027470035
0.0771284
0.078538903
0.07930934
0.12665127
0.1290842
0.13038147
0.029431805
0.033656115
0.038875164
0.084953124
0.097088663
0.11206853
0.13958767
0.15932701
0.18362521
0.21973522
0.21596636
0.20940634
0.19097739
0.188443
0.18380494
0.16752733
0.16569562
0.16225144
0.014339854
0.014422182
0.014763348
0.014299305
0.014380205
0.014716918
0.014247607
0.014324837
0.014652053
0.041484871
0.041638663
0.042551692
0.04135265
0.041503793
0.042405266
0.041170114
0.041313602
0.042190444
0.068541817
0.068504048
0.069747779
0.068280632
0.06824381
0.069473206
0.067876901
0.067838355
0.069037104
-0.37793052
-0.37324841
-0.36435565
-0.33043512
-0.326709
-0.319524
-0.29109825
-0.28801033
-0.28199981
-0.31917468
-0.31474287
-0.306434
-0.27844357
-0.27513587
-0.26879044
-0.24494887
-0.24233966
-0.2372723
-0.25525745
-0.2511646
-0.24380903
-0.22212824
-0.21928179
-0.21395788
-0.19504446
-0.19292782
-0.18888158
-0.30723309
-0.29350709
-0.27780937
-0.25645419
-0.24652431
-0.23338919
-0.21565175
-0.21029253
-0.20161474
-0.1893803
-0.1793351
-0.16941908
-0.15735057
-0.1503631
-0.14205892
-0.13184979
-0.12830344
-0.12277609
-0.066012207
-0.062263308
-0.058786337
-0.054696777
-0.052151941
-0.049241334
-0.045769523
-0.04450826
-0.042564086
-0.18317798
-0.17987428
-0.17427441
-0.15903125
-0.15687063
-0.15298829
-0.13938287
-0.13785905
-0.13503259
-0.11177571
-0.10964957
-0.10617658
-0.096902872
-0.095559285
-0.093215605
-0.084830675
-0.083911768
-0.082251753
-0.03877047
-0.038021891
-0.036815794
-0.033590403
-0.033124075
-0.032321217
-0.029389615
-0.02907504
-0.028514182
0.066012207
0.062263308
0.058786337
0.054696777
0.052151941
0.049241334
0.045769523
0.04450826
0.042564086
0.1893803
0.1793351
0.16941908
0.15735057
0.1503631
0.14205892
0.13184979
0.12830344
0.12277609
0.30723309
0.29350709
0.27780937
0.25645419
0.24652431
0.23338919
0.21565175
0.21029253
0.20161474
0.03877047
0.038021891
0.036815794
0.033590403
0.033124075
0.032321217
0.029389615
0.02907504
0.028514182
0.11177571
0.10964957
0.10617658
0.096902872
0.095559285
0.093215605
0.084830675
0.083911768
0.082251753
0.18317798
0.17987428
0.17427441
0.15903125
0.15687063
0.15298829
0.13938287
0.13785905
0.13503259
