MFEM mesh v1.0

#
# MFEM Geometry Types (see mesh/geom.hpp):
#
# POINT       = 0
# SEGMENT     = 1
# TRIANGLE    = 2
# SQUARE      = 3
# TETRAHEDRON = 4
# CUBE        = 5
#

dimension
3

elements
6
1 5 17 18 20 19 21 22 24 23
1 5 18 10 11 20 22 12 13 24
1 5 20 11 5 14 24 13 6 15
1 5 22 12 13 24 9 3 4 8
1 5 23 24 15 16 7 8 1 2
1 5 24 13 6 15 8 4 0 1

boundary
24
38 3 9 3 4 8
38 3 7 8 1 2
38 3 8 4 0 1
38 3 19 20 18 17
38 3 20 11 10 18
38 3 14 5 11 20
38 3 17 18 22 21
38 3 18 10 12 22
38 3 19 17 21 23
38 3 20 19 23 24
38 3 21 22 24 23
38 3 10 11 13 12
38 3 14 20 24 15
38 3 16 15 24 23
38 3 11 5 6 13
38 3 5 14 15 6
38 3 22 12 3 9
38 3 24 22 9 8
38 3 23 24 8 7
38 3 12 13 4 3
38 3 16 23 7 2
38 3 15 16 2 1
38 3 13 6 0 4
38 3 6 15 1 0

vertices
25

nodes
FiniteElementSpace
FiniteElementCollection: H1_3D_P4
VDim: 3
Ordering: 0

-0.072282681
-0.12552145
-0.20609602
-0.063851502
-0.066449439
0.042399647
-0.034346884
-0.20835137
-0.12826879
-0.12805102
0.052515288
0.056891641
-0.013835471
-0.017873777
-0.048044756
-0.10195872
-0.19962217
-0.19139576
-0.052071601
-0.18741678
-0.049994851
-0.20364901
-0.099343286
-0.2020654
-0.10058463
-0.16554693
-0.11837159
-0.074075685
-0.051955886
-0.05122492
-0.050318465
-0.16213849
-0.11574069
-0.071898434
-0.19125319
-0.19025126
-0.18851168
-0.18489992
-0.15006878
-0.11645442
-0.099375938
-0.099633895
-0.10017756
-0.18379412
-0.1498554
-0.11717632
-0.20359427
-0.20320476
-0.20251159
-0.19426998
-0.19870743
-0.20214338
-0.061282198
-0.077561934
-0.092262547
-0.060592854
-0.078330936
-0.093501777
-0.19099203
-0.19636169
-0.20036531
0.03759169
0.0055112371
-0.031103114
0.052822908
0.054662303
0.056569398
0.04125899
0.0080681266
-0.028992408
-0.026245823
-0.052988017
-0.082732718
-0.013931999
-0.014691694
-0.016434119
-0.02984797
-0.055724559
-0.0844892
0.040685401
0.018432362
-0.0030248151
0.041821368
0.016001912
-0.0068587042
0.046695082
0.053101738
0.056509421
0.031277675
0.0045540258
-0.028598938
-0.049187063
-0.049803622
-0.049817461
-0.030959133
-0.024646095
-0.019741721
-0.042188938
-0.062244886
-0.087308644
-0.10223722
-0.10190328
-0.1010397
0.025683513
-0.0015543827
-0.024088777
-0.060081661
-0.079413879
-0.095014962
-0.072240951
-0.092096523
-0.11513837
-0.06393002
-0.0645048
-0.065639626
-0.074293252
-0.093365462
-0.11568114
-0.1282519
-0.12814857
-0.12806312
-0.12496556
-0.11673351
-0.1059018
-0.057496285
-0.042244249
-0.024138942
-0.060525737
-0.045875873
-0.028179065
-0.12533089
-0.11749699
-0.10703999
-0.11748478
-0.14875223
-0.18176939
-0.19994383
-0.20070541
-0.20159366
-0.19396354
-0.16716004
-0.14134289
-0.12635171
-0.12765485
-0.12819138
-0.13832653
-0.16417749
-0.19140861
-0.20638705
-0.20715137
-0.20795428
-0.20758765
-0.20582331
-0.20353913
-0.1235515
-0.11736352
-0.1080533
-0.2055515
-0.20386086
-0.20134202
-0.071553679
-0.069466641
-0.067407686
-0.077010687
-0.092876383
-0.11334053
-0.069178618
-0.058400491
-0.043639409
-0.16305958
-0.11639141
-0.072328106
-0.1645483
-0.11753576
-0.073271964
-0.16542202
-0.11826399
-0.073968096
-0.16978943
-0.1249034
-0.082480796
-0.17666889
-0.13599629
-0.097151011
-0.18232927
-0.14558525
-0.11022208
-0.06122331
-0.060887727
-0.060587408
-0.077566425
-0.077651117
-0.077986831
-0.092290996
-0.09253062
-0.093072021
-0.081493033
-0.12318209
-0.16711843
-0.097431181
-0.13530146
-0.17492662
-0.11092979
-0.1453093
-0.18108177
-0.19190035
-0.19333422
-0.19415378
-0.19701654
-0.19804293
-0.19862519
-0.20086429
-0.20164268
-0.20208154
-0.18486204
-0.15006056
-0.11647449
-0.18459167
-0.15000536
-0.11662622
-0.18410938
-0.14991596
-0.11694692
-0.029247283
0.007897871
0.040979811
-0.030161328
0.0067762218
0.039388771
-0.0309728
0.0056900286
0.037846241
-0.041001903
-0.0053853229
0.026021691
-0.058695523
-0.025261346
0.0044970279
-0.074876863
-0.043828276
-0.016016197
0.040842093
0.041701759
0.04221236
0.018423464
0.018211032
0.017174385
-0.0031041342
-0.0037694111
-0.0054178562
0.02684408
-0.0049920577
-0.040512507
0.0022203032
-0.027167249
-0.059904382
-0.019469487
-0.046521552
-0.076630753
-0.082780062
-0.053056594
-0.026334743
-0.083137972
-0.053591311
-0.027023981
-0.083909161
-0.054777099
-0.028585801
-0.029581529
0.0039562111
0.032780347
-0.029547656
0.0059482682
0.037980166
-0.029008057
0.0078026624
0.040796051
0.040809888
0.036583014
0.029877917
0.014303479
0.0092531612
0.0023796727
-0.0087536968
-0.013873213
-0.020484362
0.015205087
-0.01016987
-0.041638848
-0.010923492
-0.033994751
-0.062646411
-0.032430112
-0.053462746
-0.079687422
-0.060982648
-0.061188004
-0.060721666
-0.079972273
-0.079711014
-0.078768009
-0.09536204
-0.094975166
-0.093994908
-0.085194455
-0.05689243
-0.031543266
-0.086605516
-0.059668944
-0.035651395
-0.087466197
-0.062098163
-0.040712288
-0.090075794
-0.061626166
-0.036044648
-0.10230366
-0.076377438
-0.052859231
-0.11166018
-0.088055758
-0.067034333
-0.024241701
-0.025040107
-0.026782427
-0.042345976
-0.043110323
-0.04468675
-0.057586019
-0.058246349
-0.059566221
-0.039595377
-0.06424677
-0.091712491
-0.055970661
-0.078497138
-0.10350618
-0.069457733
-0.089555789
-0.11238732
-0.10668123
-0.10618289
-0.10593357
-0.11728499
-0.11694633
-0.11675844
-0.12526021
-0.1250939
-0.12498092
-0.11516071
-0.0921377
-0.072302632
-0.11531585
-0.092439345
-0.072765728
-0.11556387
-0.092996285
-0.073661664
-0.1821021
-0.14909758
-0.11779961
-0.18277265
-0.14954233
-0.11782881
-0.1834544
-0.14978057
-0.11742915
-0.18618849
-0.15393116
-0.12284088
-0.18994165
-0.16039262
-0.13193457
-0.19278787
-0.1652379
-0.13873163
-0.10741672
-0.10809567
-0.10829643
-0.1176863
-0.11785474
-0.11759618
-0.12531492
-0.1249891
-0.12400117
-0.12290128
-0.15277889
-0.18430621
-0.13111471
-0.15882404
-0.18806914
-0.13657747
-0.16286114
-0.19058979
-0.20160866
-0.20229101
-0.20310505
-0.20405859
-0.20467184
-0.20542849
-0.20574422
-0.20642545
-0.20719571
-0.19359057
-0.16685371
-0.14116744
-0.19274991
-0.16599485
-0.14044879
-0.19181949
-0.16479652
-0.13911605
-0.029933857
-0.034522689
-0.040442408
-0.047356386
-0.05095465
-0.055743205
-0.061665993
-0.064269457
-0.067346807
-0.050948142
-0.07003304
-0.094039713
-0.064759696
-0.082258297
-0.10439091
-0.074448754
-0.090497424
-0.11124565
-0.11574206
-0.093706211
-0.07500874
-0.1154471
-0.094208033
-0.076427142
-0.1142492
-0.093685598
-0.077371219
-0.16969224
-0.12483198
-0.08242284
-0.16901208
-0.12435278
-0.082061564
-0.16784594
-0.1236052
-0.081635785
-0.1766066
-0.13596611
-0.097146739
-0.17616824
-0.13576682
-0.097145063
-0.17540777
-0.13546695
-0.097272139
-0.18228563
-0.14557299
-0.11023861
-0.18197673
-0.14549421
-0.11037278
-0.18143224
-0.14537694
-0.1106863
-0.040941468
-0.0053011971
0.02614624
-0.040598504
-0.0048506073
0.026837885
-0.040389141
-0.0046690232
0.027200326
-0.05870977
-0.025280741
0.004480277
-0.058862133
-0.025510652
0.0042475747
-0.059392857
-0.02633061
0.0032650669
-0.074919476
-0.043888676
-0.016091805
-0.075254942
-0.044382297
-0.016706192
-0.076023534
-0.045546676
-0.018200652
-0.040872703
-0.0056964386
0.025826631
-0.041933186
-0.0081591268
0.022269637
-0.042381226
-0.010532952
0.016783321
-0.060606482
-0.02831424
0.00061820299
-0.062165949
-0.031339282
-0.0036668519
-0.06305475
-0.03404701
-0.0093010136
-0.07738574
-0.047746552
-0.021211571
-0.078947998
-0.050732167
-0.025526315
-0.079903875
-0.053355454
-0.030884342
-0.090122429
-0.061695414
-0.036137646
-0.090471368
-0.062229802
-0.036849067
-0.09118999
-0.063365235
-0.038388362
-0.10234229
-0.076438926
-0.052947989
-0.1026214
-0.07689989
-0.053610225
-0.10315453
-0.077823358
-0.054965454
-0.11168733
-0.088102709
-0.067107469
-0.11187724
-0.088448945
-0.067644706
-0.1122047
-0.08910577
-0.068704291
-0.18586368
-0.15383138
-0.123033
-0.18521032
-0.1535379
-0.12329313
-0.18458616
-0.15307631
-0.12317642
-0.18961489
-0.16021585
-0.13197629
-0.18892403
-0.15970601
-0.13183118
-0.18828718
-0.15907383
-0.13136433
-0.19242946
-0.1649639
-0.13860771
-0.19165138
-0.16422406
-0.13806815
-0.19084312
-0.16322084
-0.13701098
-0.092323583
-0.065299067
-0.041170383
-0.093504636
-0.067769452
-0.044954694
-0.094181473
-0.069897777
-0.049599921
-0.10389199
-0.079269966
-0.057252154
-0.10445694
-0.080924201
-0.060130541
-0.10455207
-0.082198677
-0.063683945
-0.11252801
-0.090002472
-0.070356939
-0.1124887
-0.090818939
-0.072230581
-0.11169392
-0.090815436
-0.074049638
0.14235082
0.15297542
0.16024011
2.3214812e-16
0.085685808
0.2509096
0.17837139
0.089606109
0.086649793
2.469721e-16
1.4628094e-16
0.14600588
1.9268663e-16
0.10394788
0.29343711
0.20459288
0.21778967
2.0613393e-16
1.5050849e-16
0.16964304
0.15907894
2.1701956e-16
2.2222008e-16
0.11722119
0.11113265
1.7377432e-16
1.5191134e-16
1.8696385e-16
0.028266735
0.081290721
0.13279227
0.16882906
0.16601178
0.16175405
0.029923696
0.086235197
0.1413401
2.2758275e-16
2.2880153e-16
2.2963938e-16
0.019661445
0.056615187
0.09267075
0.11670989
0.11505659
0.11263486
0.020626863
0.059478223
0.097593971
1.8527765e-16
1.7819709e-16
2.0257982e-16
1.7747869e-16
1.9117659e-16
2.1689218e-16
0.14893887
0.13200227
0.11770383
0.15874692
0.14032065
0.12454269
1.6172193e-16
1.8419961e-16
1.5522149e-16
0.026621116
0.076027424
0.12277086
0.14709415
0.15103618
0.15627259
2.0710495e-16
2.1415554e-16
1.985858e-16
0.018672006
0.053590523
0.087125347
0.10454069
0.10668306
0.10956822
1.7225264e-16
1.8893942e-16
1.9376476e-16
0.1369194
0.12191708
0.10951341
0.23796105
0.20626259
0.16801524
0.25787203
0.27253872
0.2867688
0.27316517
0.23079692
0.18465916
0.16982935
0.14756402
0.11995919
0.18266278
0.19190172
0.2005811
0.19087314
0.16151631
0.12913456
0.23555723
0.20988982
0.18826025
0.27489866
0.24371265
0.21704763
2.3693275e-16
2.1886082e-16
2.3519658e-16
0.015462074
0.044340926
0.071958594
0.085398594
0.085320451
0.086068969
0.072427385
0.044381653
0.015434005
2.4071143e-16
2.2512998e-16
2.0658596e-16
2.0643577e-16
2.0608425e-16
2.0452086e-16
0.08703916
0.091708842
0.099062166
0.089112209
0.095872639
0.10522736
0.2081335
0.21346292
0.21683356
0.20283796
0.17115331
0.13641846
0.08931616
0.08845075
0.08729591
0.14488134
0.12450513
0.10035198
0.15480541
0.1577054
0.1596477
0.15133533
0.12950788
0.1039655
0.092379633
0.10004409
0.11060583
0.1588552
0.17409356
0.19315145
0.16684028
0.18376326
0.20503615
0.1374372
0.12065127
0.098748073
0.14349751
0.14705163
0.15097418
0.14519363
0.1553091
0.16942494
0.14065564
0.13834556
0.13491196
0.085815923
0.084451243
0.082479723
0.029777781
0.029315169
0.028657526
1.8285828e-16
1.9695959e-16
1.8105054e-16
2.080591e-16
2.0162125e-16
1.9125247e-16
2.3085463e-16
2.0132051e-16
2.1472141e-16
0.026411493
0.076001943
0.12426856
0.023352467
0.067245456
0.11007181
0.020810888
0.05993519
0.09813099
0.15141049
0.1553511
0.15797566
0.13408521
0.13741266
0.13964836
0.11940387
0.12212916
0.12397705
0.13222365
0.080634779
0.027972101
0.11682679
0.071197013
0.024689047
0.10367295
0.063169354
0.021903646
0.020536095
0.020262093
0.019883335
0.0592171
0.058413236
0.057285576
0.097166178
0.09581159
0.093858463
0.13057979
0.12655726
0.12359688
0.080071978
0.07792979
0.076423404
0.027870437
0.027189185
0.026730675
2.0213019e-16
1.7980126e-16
1.7828287e-16
2.0013399e-16
1.8251627e-16
1.8052069e-16
2.1323422e-16
1.9697181e-16
1.9517736e-16
0.024817938
0.071022788
0.11499165
0.021952539
0.062958306
0.10224111
0.01967009
0.056455274
0.091783773
0.13790571
0.1415214
0.14634819
0.12273563
0.12576129
0.12982121
0.1101841
0.11263461
0.11592962
0.019436926
0.019050167
0.018765896
0.055932836
0.054741703
0.053867138
0.091438824
0.089229862
0.087603684
0.26708225
0.25461396
0.2421157
0.2260409
0.21646678
0.20836792
0.18117463
0.17460332
0.16945895
0.15771625
0.19379133
0.22353689
0.14061245
0.17296333
0.19940133
0.12637699
0.155504
0.17909763
0.24194597
0.25552783
0.2687163
0.21534586
0.22707667
0.23841513
0.19293579
0.20301047
0.2126046
0.25594914
0.21626385
0.17295795
0.22701885
0.19187749
0.15337256
0.20234783
0.17113923
0.1367805
0.12717482
0.12352095
0.12071189
0.15878441
0.15326986
0.14866309
0.18725692
0.17977878
0.17218045
2.0947944e-16
2.0037156e-16
2.0729929e-16
2.3126025e-16
2.1707785e-16
2.0981537e-16
2.2865096e-16
2.2199237e-16
2.1586509e-16
0.017806745
0.051100323
0.083047623
0.016527136
0.047405613
0.076956712
0.015706461
0.045043206
0.073083623
0.09958698
0.10139896
0.10387517
0.092076998
0.093208858
0.094888077
0.087136263
0.087430287
0.088433443
0.087774694
0.053654095
0.018638601
0.08007222
0.049027111
0.017044499
0.074502779
0.045666498
0.015883463
0.015371268
0.015326557
0.015399584
0.044174458
0.043992063
0.044168142
0.071999369
0.071519199
0.071688735
0.20195347
0.19887051
0.19404409
0.17041078
0.16788901
0.16402083
0.13582361
0.13387073
0.13095848
0.11014626
0.10867543
0.10654218
0.099669551
0.098502134
0.096856478
0.092068052
0.091125245
0.089845134
0.12221173
0.15276967
0.18030977
0.11119312
0.13853639
0.1630605
0.10320932
0.12798099
0.14945527
0.19632446
0.20110813
0.20415957
0.17661733
0.18049584
0.18301943
0.16089297
0.16408517
0.16620188
0.19105171
0.16136566
0.12866442
0.1717669
0.14536012
0.11623644
0.15652613
0.13343369
0.10719226
0.10362375
0.10258674
0.10116523
0.12906702
0.12768268
0.12570561
0.15079617
0.14905002
0.1464849
0.11428076
0.1405184
0.16151196
0.1056843
0.1295726
0.1484994
0.10024794
0.12250038
0.13960764
0.17338187
0.18178211
0.18958129
0.15854493
0.16522834
0.17125406
0.14747341
0.15206694
0.15661898
0.099569646
0.098484968
0.098400868
0.12330928
0.12123059
0.12039081
0.14317433
0.13995906
0.13756935
0.027833226
0.027396756
0.026779056
0.08023575
0.078954385
0.077113127
0.13157421
0.12941781
0.12623215
0.024567759
0.024193141
0.023666053
0.070849136
0.069752877
0.068188467
0.11626114
0.11442268
0.1117288
0.021802545
0.021494409
0.021064854
0.062878868
0.06197632
0.060700159
0.10319858
0.10168187
0.099479361
0.026037503
0.025388815
0.024938223
0.074862856
0.072851261
0.071417486
0.12221906
0.11849507
0.11575562
0.023032587
0.022473508
0.02207175
0.066277985
0.064563815
0.063320911
0.10834299
0.10520309
0.10289211
0.020552885
0.020103367
0.019774863
0.059153819
0.057774926
0.056765655
0.096728762
0.094192173
0.092323526
0.16974596
0.16370343
0.15900606
0.21187901
0.20306554
0.19566459
0.25031903
0.238792
0.22728179
0.15066656
0.14558356
0.14166292
0.18816763
0.18070203
0.17448069
0.2222118
0.21234848
0.20250819
0.13456797
0.13041974
0.12722777
0.16807748
0.16189263
0.15673668
0.19833071
0.1900364
0.1816854
0.018448517
0.018125713
0.017891027
0.05307332
0.052072381
0.051347183
0.086715299
0.084835491
0.083471395
0.016914472
0.01671779
0.016586933
0.048622988
0.047995504
0.047579617
0.079313044
0.078076146
0.077254048
0.015803454
0.015714766
0.015719629
0.045409477
0.045099677
0.045081709
0.073992312
0.07330074
0.073153627
0.12812789
0.12638643
0.12381339
0.16069107
0.15842814
0.15498807
0.19024241
0.18745877
0.18313866
0.11579645
0.11440619
0.11240508
0.14479941
0.14296937
0.14025199
0.17108268
0.16878888
0.16530212
0.10682452
0.10569605
0.10412485
0.13296207
0.13146615
0.12930644
0.15594484
0.15404694
0.15122746
0.12050551
0.11734508
0.11494163
0.15036895
0.14551829
0.14148612
0.17709929
0.17043049
0.16361199
0.10992649
0.10772244
0.10615235
0.13670687
0.13314397
0.13028378
0.16053207
0.15542859
0.15015874
0.10230656
0.10091725
0.10036934
0.12663464
0.12418116
0.12276146
0.14752216
0.1437987
0.14051196
-0.1407231
-0.1509312
-0.15834916
-0.15363836
-0.14912767
-0.24629866
-0.17637382
-0.17256831
-0.16401453
-0.16959823
-0.29450494
-0.28057433
-0.20680315
-0.19840661
-0.28807716
-0.20189501
-0.21539192
-0.4320356
-0.38992054
-0.402592
-0.36647399
-0.2880561
-0.26553634
-0.27180783
-0.2519537
-0.42887509
-0.41809155
-0.40120177
-0.38923911
-0.38417847
-0.37400274
-0.3999702
-0.39080203
-0.37625429
-0.43117185
-0.42477035
-0.41198411
-0.28639124
-0.28072036
-0.27169389
-0.26514392
-0.26224563
-0.25635947
-0.27034474
-0.2653544
-0.25739355
-0.28758494
-0.2840969
-0.27705043
-0.40346336
-0.35403068
-0.30972461
-0.36506137
-0.32229313
-0.28415293
-0.34336871
-0.3038571
-0.26891201
-0.37643935
-0.3314124
-0.29132139
-0.31442634
-0.34838027
-0.37703523
-0.29408541
-0.29098272
-0.28490983
-0.29902892
-0.32986757
-0.35519664
-0.22009592
-0.24154161
-0.25830387
-0.20654933
-0.20468691
-0.20103405
-0.21073826
-0.23043473
-0.24550277
-0.2764435
-0.24585726
-0.21934327
-0.26357146
-0.23484694
-0.21007308
-0.25230909
-0.26437113
-0.27556222
-0.25278354
-0.26705101
-0.28127341
-0.30620552
-0.33522497
-0.35729985
-0.18025947
-0.18821967
-0.1953046
-0.18047091
-0.18941512
-0.19791782
-0.21401157
-0.23284839
-0.24645587
-0.23161206
-0.20695136
-0.18601182
-0.27018675
-0.24000807
-0.21406995
-0.15613922
-0.16161024
-0.16700857
-0.15349312
-0.15244527
-0.15047192
-0.15145151
-0.15658798
-0.16160951
-0.16572498
-0.16815929
-0.1694245
-0.18524235
-0.21574245
-0.24771187
-0.15995019
-0.17570901
-0.19521964
-0.15490076
-0.16953306
-0.18763461
-0.17851609
-0.20659012
-0.23571299
-0.20542964
-0.21082808
-0.21434171
-0.22868636
-0.24968568
-0.26536697
-0.17184758
-0.16956821
-0.16618471
-0.15305574
-0.15769285
-0.16203264
-0.15274988
-0.15567851
-0.15770081
-0.1606291
-0.1656049
-0.17036992
-0.1885493
-0.21994794
-0.2531775
-0.15679279
-0.17189628
-0.19067775
-0.16492683
-0.18172914
-0.20279254
-0.14165457
-0.14452085
-0.14760508
-0.14179023
-0.1451616
-0.14896369
-0.14359279
-0.15368729
-0.16761186
-0.40920761
-0.39955176
-0.38427701
-0.42175728
-0.41139512
-0.39509756
-0.4280307
-0.41729751
-0.40047886
-0.40059752
-0.39079864
-0.37539769
-0.3516851
-0.34364626
-0.33091293
-0.3078437
-0.30140181
-0.29114964
-0.36443271
-0.35976504
-0.35035427
-0.32176201
-0.3178178
-0.3098246
-0.28371609
-0.28046683
-0.27386638
-0.35234898
-0.36566071
-0.37403705
-0.31138553
-0.32246596
-0.32940989
-0.27506478
-0.28405756
-0.28968567
-0.38508403
-0.3968156
-0.40267442
-0.33868642
-0.34849956
-0.35337468
-0.29726793
-0.30524412
-0.30919433
-0.2859273
-0.28027743
-0.2712832
-0.28248661
-0.2769932
-0.26823377
-0.27552942
-0.27033339
-0.26204039
-0.36221534
-0.33574503
-0.30385816
-0.3716821
-0.34378925
-0.3105567
-0.37640146
-0.34783457
-0.31396529
-0.35322035
-0.32672508
-0.29509481
-0.31233522
-0.2897527
-0.26227504
-0.27600568
-0.25721481
-0.23369649
-0.27605621
-0.27319748
-0.26758971
-0.24552732
-0.24309237
-0.23829953
-0.21906539
-0.21701532
-0.21298425
-0.28081932
-0.30954068
-0.33298511
-0.25001768
-0.27501852
-0.29508164
-0.22336
-0.24487168
-0.26168139
-0.25793497
-0.24121499
-0.21981568
-0.25519866
-0.23880967
-0.21775897
-0.24965861
-0.23399104
-0.21369448
-0.29877996
-0.28267585
-0.26463451
-0.3261084
-0.30587478
-0.28049055
-0.34672506
-0.32275415
-0.29345284
-0.2589119
-0.24847584
-0.23719859
-0.23081601
-0.22172082
-0.2118134
-0.20665588
-0.19886284
-0.19023069
-0.23759244
-0.25079043
-0.26391744
-0.21210492
-0.22348586
-0.23469181
-0.19046238
-0.20022396
-0.20964916
-0.28713564
-0.31425478
-0.33484095
-0.25492164
-0.27867127
-0.29652537
-0.2271295
-0.24766528
-0.26278637
-0.24037
-0.22602542
-0.20725055
-0.22751418
-0.21526783
-0.19891372
-0.20963883
-0.19986557
-0.18829699
-0.2414472
-0.22668488
-0.20750444
-0.21111659
-0.20046171
-0.18582098
-0.18213004
-0.17513671
-0.16674562
-0.19498978
-0.19329939
-0.19000265
-0.17551732
-0.17411836
-0.17142656
-0.15978968
-0.15862841
-0.15642296
-0.19904875
-0.21674672
-0.23009331
-0.17895314
-0.192606
-0.20237484
-0.16121621
-0.16913374
-0.17563252
-0.23960834
-0.24479901
-0.24736622
-0.20950576
-0.21347767
-0.21547123
-0.18061722
-0.18353996
-0.18503773
-0.16684041
-0.16145165
-0.1559893
-0.16561392
-0.16029977
-0.15490517
-0.1632614
-0.15810786
-0.1528567
-0.22756121
-0.22377239
-0.2179007
-0.24842242
-0.24413374
-0.23738816
-0.26397171
-0.25920962
-0.25163582
-0.25187789
-0.24747623
-0.24049467
-0.21891212
-0.21548713
-0.21016289
-0.18773109
-0.18509921
-0.1811223
-0.23091097
-0.21882473
-0.20188383
-0.20297555
-0.19414894
-0.18111223
-0.17609432
-0.17031456
-0.16290475
-0.19383611
-0.19866688
-0.20183576
-0.17440115
-0.17830781
-0.18092133
-0.15881618
-0.16203493
-0.16423171
-0.21505307
-0.23380625
-0.24760535
-0.19176517
-0.20597505
-0.21584664
-0.17157764
-0.1795049
-0.18585867
-0.16966501
-0.16743781
-0.16414281
-0.16492724
-0.16279538
-0.15966953
-0.15997216
-0.15791572
-0.15492525
-0.18486559
-0.17847852
-0.1712079
-0.16731588
-0.16239298
-0.1566196
-0.15316873
-0.14949675
-0.14562358
-0.17140177
-0.17952768
-0.18714907
-0.15679359
-0.16323628
-0.16909956
-0.14577557
-0.15017196
-0.15459257
-0.159708
-0.15483997
-0.14986212
-0.15552308
-0.15109277
-0.14655979
-0.1510348
-0.14703909
-0.14327171
-0.39982473
-0.39007018
-0.37473272
-0.39407564
-0.38464847
-0.36977458
-0.38254833
-0.37374246
-0.35978129
-0.35104111
-0.34303622
-0.33035305
-0.34624681
-0.33849352
-0.32617621
-0.33658502
-0.32930981
-0.31771477
-0.30732209
-0.30090531
-0.29069124
-0.30342944
-0.2971996
-0.28726336
-0.29556168
-0.28968713
-0.28030165
-0.35263594
-0.3262203
-0.29466961
-0.34827677
-0.32247742
-0.29152042
-0.33950839
-0.31501419
-0.28531313
-0.31183994
-0.28932228
-0.2619116
-0.30814454
-0.28613081
-0.25922115
-0.30067324
-0.27973598
-0.25389545
-0.27559679
-0.25685557
-0.23339092
-0.27253858
-0.25418787
-0.23112474
-0.26634381
-0.24883736
-0.22663965
-0.32509931
-0.30290425
-0.27562297
-0.30584404
-0.28710155
-0.263491
-0.28028738
-0.2653815
-0.24864245
-0.2882798
-0.26926056
-0.24550504
-0.2715248
-0.25543088
-0.23487483
-0.24910022
-0.23631073
-0.22178194
-0.25597854
-0.24000276
-0.21952974
-0.24172808
-0.22814494
-0.21037561
-0.22228273
-0.2114699
-0.19892386
-0.24112169
-0.22639357
-0.20725299
-0.23868731
-0.22423301
-0.20538716
-0.23378396
-0.21992959
-0.20172311
-0.21085849
-0.20022448
-0.18561073
-0.20894925
-0.19848478
-0.18407047
-0.20516155
-0.19507048
-0.18108414
-0.1819342
-0.17495166
-0.16657568
-0.18048418
-0.17359695
-0.16531822
-0.17766718
-0.17098638
-0.16291789
-0.24636113
-0.24214393
-0.23548084
-0.23266844
-0.22883703
-0.222856
-0.2140316
-0.21061724
-0.20536869
-0.21484591
-0.21153658
-0.20641484
-0.20503872
-0.20196052
-0.19725205
-0.19090534
-0.18809907
-0.18386505
-0.18506205
-0.18249494
-0.17863251
-0.17874348
-0.17630352
-0.17266527
-0.17085326
-0.16853341
-0.16510817
-0.22560349
-0.21285918
-0.19595781
-0.21414204
-0.20320209
-0.18841129
-0.19802742
-0.18923584
-0.17872995
-0.19896796
-0.18958037
-0.17647857
-0.19053253
-0.18232051
-0.17065583
-0.17805727
-0.17129773
-0.16286567
-0.17333343
-0.16702327
-0.15937279
-0.1677478
-0.16207218
-0.15509125
-0.16059916
-0.15558574
-0.15010077
