MFEM mesh v1.0

#
# MFEM Geometry Types (see mesh/geom.hpp):
#
# POINT       = 0
# SEGMENT     = 1
# TRIANGLE    = 2
# SQUARE      = 3
# TETRAHEDRON = 4
# CUBE        = 5
#

dimension
3

elements
7
1 5 10 22 23 9 6 12 13 7
1 5 2 3 21 20 15 14 25 24
1 5 5 15 24 11 6 17 26 12
1 5 15 14 25 24 17 16 27 26
1 5 6 17 26 12 7 19 28 13
1 5 17 16 27 26 19 18 29 28
1 5 7 19 28 13 0 4 8 1

boundary
28
1 3 20 21 3 2
33 3 0 4 8 1
33 3 9 23 22 10
33 3 10 22 12 6
33 3 11 5 6 12
33 3 22 23 13 12
33 3 23 9 7 13
33 3 9 10 6 7
33 3 13 7 0 1
33 3 2 3 14 15
33 3 5 15 17 6
33 3 15 14 16 17
33 3 6 17 19 7
33 3 17 16 18 19
33 3 7 19 4 0
33 3 20 2 15 24
33 3 11 24 15 5
33 3 3 21 25 14
33 3 21 20 24 25
33 3 24 11 12 26
33 3 14 25 27 16
33 3 25 24 26 27
33 3 26 12 13 28
33 3 16 27 29 18
33 3 27 26 28 29
33 3 19 18 29 28
33 3 19 28 8 4
33 3 28 13 1 8

vertices
30

nodes
FiniteElementSpace
FiniteElementCollection: H1_3D_P4
VDim: 3
Ordering: 0

-0.34715081
-0.28933241
-0.67227043
-0.70710678
-0.35824573
-0.50181156
-0.43409041
-0.37954477
-0.29108888
-0.40559113
-0.47536606
-0.34167788
-0.3240448
-0.3019618
-0.5930304
-0.56415734
-0.495475
-0.47637389
-0.41723435
-0.40615364
-0.37298049
-0.39717735
-0.33425364
-0.30755019
-0.36480918
-0.38137006
-0.33785177
-0.34774374
-0.30903013
-0.31435986
-0.45342467
-0.40843636
-0.36045639
-0.32949468
-0.32049942
-0.3118499
-0.39063827
-0.35935809
-0.32583506
-0.41625479
-0.43808012
-0.46196373
-0.42023229
-0.38671035
-0.34674892
-0.32012587
-0.31264529
-0.30547574
-0.37026921
-0.34674087
-0.318235
-0.4235462
-0.40475981
-0.38772527
-0.44076652
-0.45505814
-0.46893623
-0.3242434
-0.32711436
-0.33173573
-0.3021024
-0.30365143
-0.30616256
-0.38391142
-0.39319094
-0.40174473
-0.68307557
-0.69823377
-0.70604267
-0.66207707
-0.56663459
-0.45868172
-0.38042078
-0.39095644
-0.39642918
-0.6278812
-0.53501952
-0.4314642
-0.59211603
-0.58546773
-0.57287141
-0.55950485
-0.49189177
-0.42023532
-0.36964025
-0.37688296
-0.38082685
-0.53302519
-0.46952487
-0.40180078
-0.64900361
-0.61345019
-0.58066619
-0.68541143
-0.64742617
-0.61140713
-0.39667848
-0.3929224
-0.38601301
-0.37354919
-0.37228907
-0.36808969
-0.51193129
-0.53332785
-0.55433298
-0.34316238
-0.34996101
-0.35966667
-0.481318
-0.43278634
-0.37472812
-0.4408931
-0.45552042
-0.46976297
-0.45473155
-0.41044944
-0.36342096
-0.324875
-0.32895995
-0.33476008
-0.48946553
-0.4667145
-0.44502634
-0.54792517
-0.51834327
-0.49039298
-0.3609721
-0.35248796
-0.34303087
-0.33979507
-0.33449819
-0.32785839
-0.49487805
-0.49052079
-0.48218954
-0.47211122
-0.42479954
-0.37477476
-0.34074089
-0.34507082
-0.34742028
-0.57504123
-0.54216655
-0.51107865
-0.37620851
-0.36541918
-0.35390841
-0.38397889
-0.39343822
-0.40219935
-0.39132516
-0.36030625
-0.32710656
-0.30235239
-0.30439045
-0.3073957
-0.46288477
-0.43884384
-0.41688064
-0.33263971
-0.32288074
-0.31360574
-0.416891
-0.41438734
-0.40956005
-0.40134196
-0.36837628
-0.33331799
-0.31057331
-0.31290806
-0.31418377
-0.4804563
-0.45366626
-0.42918375
-0.34160731
-0.33025772
-0.31959149
-0.3483549
-0.35210224
-0.35620065
-0.34964465
-0.32875229
-0.304573
-0.28904598
-0.28922368
-0.29032779
-0.3419547
-0.32456875
-0.30238343
-0.3499271
-0.35938497
-0.3719112
-0.36410046
-0.37860789
-0.39605059
-0.29276155
-0.29778388
-0.30476962
-0.29035934
-0.29366951
-0.29875203
-0.40022438
-0.36693372
-0.33127884
-0.41989464
-0.38240082
-0.34234271
-0.44139093
-0.39915143
-0.35408794
-0.44758118
-0.40398237
-0.35726142
-0.43555118
-0.39493492
-0.35129566
-0.42359651
-0.38779675
-0.34724232
-0.32719018
-0.3185762
-0.31028383
-0.32295695
-0.31503976
-0.30742001
-0.32031724
-0.31282341
-0.30563116
-0.32405731
-0.3568144
-0.38718377
-0.32076654
-0.35158797
-0.37990056
-0.31853119
-0.34740351
-0.37239407
-0.41199705
-0.43299662
-0.45601349
-0.40255403
-0.42186677
-0.44311716
-0.39246257
-0.41020839
-0.42977511
-0.41059789
-0.37910427
-0.34150003
-0.3933821
-0.36536999
-0.33176578
-0.37776864
-0.3528005
-0.32265407
-0.43984281
-0.45169272
-0.45784149
-0.54477698
-0.55853883
-0.56566212
-0.63846807
-0.65334976
-0.6610298
-0.66015894
-0.67601976
-0.68428139
-0.62373816
-0.63855834
-0.64635491
-0.58994826
-0.60335695
-0.61043508
-0.64199463
-0.55221456
-0.45263005
-0.60779946
-0.52736652
-0.44065862
-0.57584483
-0.50400595
-0.42759059
-0.39594938
-0.39062089
-0.38054105
-0.3922546
-0.38740065
-0.37838998
-0.38542407
-0.38116103
-0.37331679
-0.42701349
-0.52226022
-0.60832549
-0.4179423
-0.50044501
-0.57653962
-0.40775977
-0.4801231
-0.5477368
-0.54097674
-0.55253884
-0.55866336
-0.47622117
-0.48598112
-0.49117857
-0.40721777
-0.41528677
-0.4196343
-0.37648934
-0.38462407
-0.3958978
-0.43510903
-0.4471425
-0.46216674
-0.48686233
-0.50527943
-0.52394777
-0.49883644
-0.51895158
-0.53868722
-0.47498699
-0.49276508
-0.51019663
-0.45230319
-0.46796921
-0.48326891
-0.51870175
-0.45903128
-0.39557376
-0.49236835
-0.43935589
-0.38309723
-0.46734011
-0.42022413
-0.37022018
-0.35622785
-0.34734466
-0.3410816
-0.34846062
-0.34091815
-0.33559438
-0.33963335
-0.33326635
-0.32877402
-0.37067667
-0.424895
-0.47041933
-0.36172862
-0.40963511
-0.44991044
-0.35201017
-0.39451076
-0.43021746
-0.42381016
-0.43620059
-0.44867177
-0.38813656
-0.39596203
-0.40567636
-0.34776074
-0.35281059
-0.35975445
-0.55611279
-0.56794229
-0.57418394
-0.52555162
-0.53594472
-0.54141557
-0.49667537
-0.50569861
-0.51043026
-0.54349753
-0.47989112
-0.41262302
-0.51411022
-0.45750538
-0.39772685
-0.48617848
-0.43583754
-0.38264783
-0.37570695
-0.37207534
-0.36540604
-0.36499448
-0.36191483
-0.35625454
-0.35355198
-0.35096616
-0.34620424
-0.45998048
-0.46757285
-0.47156291
-0.41475723
-0.42102336
-0.42434365
-0.36675738
-0.37173265
-0.37440459
-0.42989168
-0.44353951
-0.45676865
-0.41030497
-0.42221447
-0.433621
-0.39253981
-0.40283371
-0.41250547
-0.44257629
-0.40095071
-0.35669875
-0.4208614
-0.38382335
-0.34434753
-0.40099951
-0.36803131
-0.33277726
-0.32983388
-0.32457055
-0.32086956
-0.32057555
-0.31625735
-0.31323962
-0.3117522
-0.30830737
-0.30593287
-0.3725019
-0.38022987
-0.38774959
-0.34755752
-0.35205763
-0.35760403
-0.31874494
-0.32139815
-0.32511666
-0.46825079
-0.475913
-0.4799097
-0.44339489
-0.4498551
-0.453208
-0.42067083
-0.42602867
-0.42880474
-0.45854526
-0.41408729
-0.36703298
-0.43430436
-0.39480203
-0.35290089
-0.41213184
-0.37704887
-0.33974442
-0.34131435
-0.33918594
-0.33526041
-0.33001673
-0.3282656
-0.32503629
-0.31939511
-0.31796863
-0.31534785
-0.39437373
-0.39874488
-0.40102804
-0.3627337
-0.36625606
-0.36811991
-0.32892123
-0.3316451
-0.33311374
-0.37601068
-0.38463232
-0.39252183
-0.36273477
-0.36961756
-0.37576568
-0.35228998
-0.35709068
-0.36182362
-0.38215009
-0.35307004
-0.32179205
-0.36666004
-0.34086188
-0.31305112
-0.35392037
-0.33161924
-0.3066915
-0.30334467
-0.30076135
-0.29906387
-0.29670119
-0.29487244
-0.29384547
-0.29193588
-0.29065719
-0.29029511
-0.31418122
-0.34119965
-0.36333301
-0.30775763
-0.33220084
-0.3520402
-0.30358652
-0.32618616
-0.34395934
-0.34205418
-0.3445566
-0.34790249
-0.32425518
-0.32521528
-0.32748388
-0.30200107
-0.30227387
-0.30364904
-0.43599015
-0.3950524
-0.35115863
-0.41529615
-0.37894344
-0.33989121
-0.39638696
-0.36408398
-0.32927609
-0.42483761
-0.38670803
-0.34568551
-0.40571906
-0.37186433
-0.33530248
-0.3883172
-0.35822142
-0.3255403
-0.41371759
-0.38010978
-0.34195627
-0.39608485
-0.36623683
-0.33216208
-0.38008053
-0.35353136
-0.3229836
-0.61856588
-0.63327153
-0.64093862
-0.53140535
-0.54445997
-0.55128142
-0.43475995
-0.44594853
-0.45181952
-0.58596613
-0.59961395
-0.60681026
-0.50856878
-0.52030831
-0.52651504
-0.42469652
-0.43462992
-0.43992647
-0.55615776
-0.56844486
-0.5749463
-0.48726346
-0.49769531
-0.50324173
-0.41357854
-0.42226956
-0.4269409
-0.47543243
-0.49271087
-0.51016167
-0.42694766
-0.43818426
-0.45214408
-0.37219246
-0.3797272
-0.39009211
-0.45430862
-0.46950596
-0.48486297
-0.41141922
-0.421201
-0.43335907
-0.3630342
-0.36950243
-0.37839423
-0.43405516
-0.44737179
-0.46079591
-0.39605121
-0.40452303
-0.41504304
-0.35311297
-0.35863077
-0.36621122
-0.52613476
-0.5369704
-0.54270628
-0.465262
-0.47437211
-0.47922309
-0.4005671
-0.4080381
-0.41206372
-0.49889824
-0.50839838
-0.51341879
-0.44478246
-0.45270855
-0.45692541
-0.38738459
-0.39379515
-0.39724785
-0.47301519
-0.48124662
-0.48558184
-0.42490229
-0.43172122
-0.43534002
-0.37386705
-0.3793137
-0.38224159
-0.41391227
-0.42542668
-0.43697897
-0.38041393
-0.38762611
-0.39656618
-0.34241297
-0.34701968
-0.35335405
-0.39624332
-0.40619684
-0.41610066
-0.36647628
-0.37258709
-0.38013818
-0.33251103
-0.33632303
-0.34157474
-0.38020488
-0.38869418
-0.39702841
-0.35371283
-0.35877196
-0.36500166
-0.32323989
-0.32629382
-0.33052918
-0.44741089
-0.45438618
-0.45804308
-0.40490087
-0.41063678
-0.41367089
-0.3597378
-0.3642667
-0.36669632
-0.42495049
-0.43081979
-0.43388393
-0.3871344
-0.39192678
-0.39445519
-0.34686463
-0.35061314
-0.35262245
-0.40439371
-0.40925113
-0.41178444
-0.37075152
-0.37468651
-0.37676393
-0.33482172
-0.33787559
-0.33951677
-0.3653182
-0.37225487
-0.37896739
-0.34189364
-0.34581345
-0.35068871
-0.3145927
-0.31683529
-0.32004997
-0.3535992
-0.35894999
-0.36412785
-0.33267481
-0.33540803
-0.33902286
-0.308004
-0.30942176
-0.31172156
-0.34475119
-0.34811839
-0.35195672
-0.32624433
-0.32764052
-0.33022529
-0.30351497
-0.30407422
-0.30567821
-0.15089524
-0.15787405
-0.31000795
-3.1225023e-17
-0.091303978
-0.39481585
-0.27129336
-0.19162046
-0.08932113
-0.21804425
-0.31402035
-0.44485559
-0.3036754
-0.2121121
2.030329e-16
-0.23441303
2.2323609e-16
-0.1608673
3.3973247e-16
-0.11334521
-0.37298049
-4.7704896e-18
-0.39093676
-0.26614876
-0.24437637
1.8591148e-16
-0.16586463
2.3055129e-16
-0.11564168
2.8376897e-16
-0.33198065
-0.36050883
-0.38207948
-0.36591551
-0.32284856
-0.28465257
-0.23016397
-0.24847525
-0.26119594
-0.23175616
-0.26086442
-0.29439277
-0.27632719
-0.2877368
-0.29868283
-0.28486251
-0.2528458
-0.22514024
-0.19517582
-0.2027014
-0.20928614
-0.25471353
-0.2266368
-0.20266471
-0.27824531
-0.29308037
-0.30740682
-0.32287437
-0.35467469
-0.3800487
-0.22486528
-0.2450148
-0.25997754
-0.19609831
-0.20556231
-0.21419154
-0.25848698
-0.15792154
-0.054840668
-8.6466182e-18
-1.5612511e-17
-9.5409791e-18
-0.31218017
-0.19175207
-0.066774181
-0.32278198
-0.34512795
-0.36435579
-0.042514507
-0.12176004
-0.19708091
1.750227e-16
1.7548088e-16
1.6147227e-16
-0.20448388
-0.12557338
-0.043729249
-0.23394834
-0.23620546
-0.24138293
-0.30666509
-0.27990092
-0.24999635
5.2759543e-17
9.9154415e-18
6.7476579e-17
5.7824952e-17
1.0956767e-16
1.3405897e-16
-0.34483299
-0.29949372
-0.26190793
-0.37649616
-0.32915184
-0.26949932
-0.41438303
-0.35159763
-0.2828967
-0.40190373
-0.41904693
-0.43653865
-0.25872691
-0.22606536
-0.18502113
-0.16041054
-0.16156756
-0.16430423
-0.28287978
-0.23966278
-0.192319
-0.36976793
-0.32679561
-0.28915255
-0.21983434
-0.19424153
-0.17162696
-0.22823611
-0.20083654
-0.17709517
-0.41591536
-0.36670259
-0.32393415
-0.029134115
-0.083474693
-0.13520491
2.6598585e-16
2.109377e-16
2.4047414e-16
-0.13856966
-0.084881578
-0.029516511
2.2388506e-16
2.3537703e-16
2.1294422e-16
1.9311212e-16
2.4257727e-16
2.4694993e-16
-0.18297142
-0.15984484
-0.13054999
-0.11309121
-0.11359148
-0.11489126
-0.19792824
-0.16767692
-0.13426945
-0.15089348
-0.13404733
-0.11981455
-0.15545395
-0.13779032
-0.12265416
-0.020454359
-0.05864994
-0.095153291
3.0629391e-16
3.0778998e-16
2.8727445e-16
-0.096499052
-0.05901286
-0.020504594
2.39145e-16
2.7261358e-16
3.0378605e-16
2.4579903e-16
2.1998485e-16
2.8289492e-16
-0.14576648
-0.12818847
-0.10512039
-0.090495423
-0.089419599
-0.089214089
-0.1494404
-0.12834948
-0.10343814
-0.15167247
-0.15408858
-0.15665239
-0.15416343
-0.16567043
-0.1815867
-0.093117242
-0.098879639
-0.10762835
-0.091962585
-0.099251318
-0.10931517
-0.1640703
-0.18008482
-0.20011479
-0.24480499
-0.26481909
-0.27906867
-0.27572735
-0.29896042
-0.31601929
-0.31122352
-0.33783833
-0.35778985
-0.32464555
-0.3514963
-0.37177891
-0.30819042
-0.33083039
-0.34761078
-0.28917666
-0.30439156
-0.31730617
-0.35589674
-0.31439822
-0.27771606
-0.33242019
-0.29434351
-0.26097406
-0.30281124
-0.26861485
-0.23891065
-0.25533267
-0.24327164
-0.22589082
-0.24099473
-0.23086587
-0.21592562
-0.22169056
-0.21385406
-0.20368513
-0.2274613
-0.25568537
-0.28828931
-0.2178755
-0.24429004
-0.2750077
-0.20753791
-0.23227065
-0.26118632
-0.25947949
-0.27015985
-0.28028788
-0.23091826
-0.24031041
-0.24899989
-0.20648055
-0.21465592
-0.22197509
-0.30480318
-0.18708359
-0.065123692
-0.28838346
-0.17671588
-0.061462548
-0.26934696
-0.16473627
-0.057239495
-0.25646116
-0.15730621
-0.054732731
-0.23482475
-0.14464951
-0.050433462
-0.2101173
-0.12973748
-0.045287969
6.8527501e-17
5.7881559e-17
4.0172618e-17
7.6174394e-17
9.3301909e-17
1.0893854e-16
1.524678e-16
1.4194058e-16
1.5350276e-16
-0.061795806
-0.17740359
-0.28870737
-0.053682063
-0.15409601
-0.25074416
-0.046900317
-0.13465498
-0.21920176
-0.33766797
-0.32290341
-0.30943018
-0.29461798
-0.28551704
-0.2800579
-0.25837578
-0.2523075
-0.24933782
-0.19666425
-0.12147085
-0.042411196
-0.19823697
-0.12220835
-0.042632826
-0.2021437
-0.12428731
-0.043305663
-0.40697756
-0.34613768
-0.27908497
-0.39200875
-0.33555728
-0.27242352
-0.37879274
-0.32901786
-0.26909705
-0.35281459
-0.30847134
-0.25271063
-0.31174547
-0.27254727
-0.22327793
-0.27579395
-0.24102562
-0.19735032
-0.21921994
-0.2211248
-0.22560296
-0.1936522
-0.19513401
-0.19873525
-0.1711166
-0.17236899
-0.17536826
-0.26428064
-0.32861585
-0.38743877
-0.23266944
-0.28955741
-0.34156596
-0.20527694
-0.25568786
-0.30173867
-0.40830166
-0.39226757
-0.37633587
-0.36028282
-0.34656448
-0.33268645
-0.31848857
-0.30666425
-0.29446256
-0.26041073
-0.22592839
-0.18461366
-0.26924532
-0.23018962
-0.18652995
-0.27846013
-0.23652042
-0.19023858
-0.18487982
-0.11425854
-0.039902606
-0.1633539
-0.10095278
-0.035254266
-0.14428798
-0.089120093
-0.031112063
1.9271888e-16
1.9941395e-16
1.6181356e-16
2.1438807e-16
2.0525068e-16
2.3021443e-16
2.3007188e-16
2.4978065e-16
2.434133e-16
-0.040808487
-0.11720976
-0.19093326
-0.03584825
-0.10300863
-0.16792991
-0.031549385
-0.090702167
-0.14799771
-0.13477915
-0.083176226
-0.029025494
-0.13546669
-0.083387207
-0.029065293
-0.13740276
-0.084296092
-0.029334938
-0.24292178
-0.2122089
-0.17360283
-0.21617972
-0.18879851
-0.15431286
-0.19342949
-0.16894248
-0.13798796
-0.1504832
-0.15155358
-0.15404374
-0.13371738
-0.13460828
-0.13664688
-0.11954228
-0.12020159
-0.12176894
-0.18030429
-0.22480178
-0.2653809
-0.15991283
-0.19956181
-0.2356308
-0.14240047
-0.1778306
-0.20995229
-0.18428059
-0.15986601
-0.13034431
-0.19001598
-0.16245709
-0.13133432
-0.19545205
-0.16599874
-0.13321973
-0.12678555
-0.078240369
-0.027300299
-0.11256838
-0.069408735
-0.024208436
-0.10058042
-0.061990694
-0.021617536
2.5042816e-16
2.3894527e-16
2.2050245e-16
2.8582016e-16
2.5905303e-16
2.5844829e-16
2.7605875e-16
2.7413343e-16
2.8221812e-16
-0.027633154
-0.079488164
-0.12982992
-0.02444767
-0.070356151
-0.11501304
-0.021741869
-0.062580221
-0.10234344
-0.094908372
-0.058472569
-0.020389002
-0.09512263
-0.058451735
-0.020357303
-0.095963894
-0.058772181
-0.020436021
-0.17355335
-0.1517377
-0.12393754
-0.1587184
-0.13902185
-0.11377479
-0.14842528
-0.13057107
-0.10712092
-0.10737532
-0.10768196
-0.10870339
-0.098601905
-0.098423797
-0.098880217
-0.092627668
-0.091808665
-0.091797512
-0.12688143
-0.15841755
-0.1868277
-0.11507612
-0.14330273
-0.16865433
-0.10650026
-0.13206047
-0.15429819
-0.19763877
-0.19176939
-0.18491698
-0.17817857
-0.17379511
-0.16842607
-0.16264924
-0.15951419
-0.15606893
-0.1453737
-0.12732498
-0.104201
-0.14657744
-0.12694153
-0.1031787
-0.14846883
-0.1277979
-0.10319187
-0.30446122
-0.32953251
-0.34830902
-0.2699908
-0.2919253
-0.3080145
-0.24005163
-0.25900535
-0.272489
-0.28920125
-0.31038381
-0.32593472
-0.25688179
-0.27550256
-0.2888729
-0.22899467
-0.24519885
-0.25647087
-0.27149382
-0.28574354
-0.29770731
-0.2414602
-0.25402603
-0.26431431
-0.21569016
-0.22667109
-0.23536832
-0.25880109
-0.15877463
-0.055250459
-0.27022104
-0.16590644
-0.057758449
-0.28262779
-0.17361904
-0.060462962
-0.23496759
-0.14473555
-0.050465769
-0.23938104
-0.14735226
-0.051364493
-0.2467376
-0.15170626
-0.052857921
-0.20951654
-0.12933788
-0.045144346
-0.21171685
-0.13048598
-0.04551443
-0.21638942
-0.13306421
-0.046366347
-0.35477621
-0.30815588
-0.25211361
-0.36704224
-0.31414526
-0.25503141
-0.38066504
-0.32367339
-0.26088057
-0.31357022
-0.27227154
-0.2227223
-0.32427088
-0.27743031
-0.22510891
-0.33587162
-0.28545884
-0.22990898
-0.2775127
-0.24083288
-0.1968802
-0.28694765
-0.24538036
-0.19894024
-0.29691334
-0.2522436
-0.20298408
-0.1843158
-0.11387392
-0.039763558
-0.18558519
-0.11441385
-0.039914396
-0.18889738
-0.11611688
-0.040453368
-0.16281145
-0.10057888
-0.035118801
-0.16373398
-0.10090742
-0.035195614
-0.1663341
-0.10218184
-0.035585918
-0.14381287
-0.088789689
-0.030991819
-0.14456622
-0.089030521
-0.031040398
-0.14670004
-0.090044852
-0.031344095
-0.24454753
-0.21211406
-0.17324141
-0.2528229
-0.21610667
-0.17502473
-0.26133249
-0.22193537
-0.17841573
-0.21769873
-0.18877329
-0.15403454
-0.22496646
-0.19225546
-0.15555259
-0.23223444
-0.19718309
-0.15836566
-0.19481324
-0.16895568
-0.13776409
-0.20109294
-0.17188331
-0.13896273
-0.20716679
-0.17591489
-0.14118084
-0.12639964
-0.077968495
-0.027201049
-0.12702895
-0.078154616
-0.027233909
-0.12877948
-0.078965739
-0.027472142
-0.11225433
-0.069184558
-0.02412628
-0.11275961
-0.069314513
-0.024142731
-0.11416976
-0.069945676
-0.024323145
-0.10031765
-0.061801085
-0.021547702
-0.10065299
-0.061845035
-0.021537118
-0.10170186
-0.062280348
-0.021653666
-0.17473736
-0.15173391
-0.12372262
-0.17987602
-0.15393876
-0.12446447
-0.18466552
-0.15697995
-0.12600367
-0.15966543
-0.13894607
-0.11352349
-0.16351326
-0.1402442
-0.11365618
-0.16701809
-0.14228129
-0.11449798
-0.14874202
-0.13014903
-0.10659733
-0.15079515
-0.13023737
-0.10592303
-0.15313904
-0.13140248
-0.10617647
0.14945863
0.15633221
0.67227043
0.70710678
0.15915685
0.39284522
0.26924666
0.18998382
0.17002888
0.11222493
0.15964417
0.44195064
0.30113814
0.21027127
0.48424752
0.45560022
0.32993951
0.31136231
0.22662754
0.21613735
0.84957113
0.91774188
0.16477615
0.11461186
0.56997242
0.61371409
0.38645085
0.41419046
0.26348491
0.27866566
0.15922394
0.16045466
0.163225
0.15437647
0.13673477
0.12161723
0.11199343
0.11253938
0.11386269
0.118675
0.13286872
0.14968106
0.27428068
0.28557945
0.29630747
0.28245896
0.25068918
0.22320164
0.19354328
0.20102674
0.20751704
0.25273264
0.22479615
0.20096242
0.25673459
0.22431681
0.18360312
0.28062798
0.23791163
0.19101481
0.19621657
0.16621894
0.13308542
0.18135535
0.1583609
0.12928398
0.68307557
0.69823377
0.70604267
0.74943575
0.8239692
0.88860063
0.87053063
0.90021342
0.91563372
0.70822101
0.77112957
0.82527783
0.48334486
0.4767668
0.46427223
0.51299906
0.56033991
0.59794968
0.58365285
0.60267304
0.612391
0.48153938
0.52351309
0.55622564
0.62616349
0.55176873
0.48666654
0.66283404
0.58591723
0.51730779
0.85618723
0.75011215
0.65754281
0.79350674
0.69592376
0.61042442
0.4031783
0.42476212
0.44581019
0.46973924
0.51624223
0.55372698
0.39991309
0.41684211
0.43393106
0.27613628
0.29077581
0.30487214
0.32907141
0.35706911
0.37799116
0.32004085
0.35121805
0.37591429
0.3676932
0.32464994
0.28705224
0.42643515
0.37630536
0.33230897
0.53243005
0.46852081
0.41289334
0.41296592
0.36383415
0.32126787
0.3293631
0.32514685
0.31704664
0.34943166
0.38072576
0.40456285
0.39523207
0.40728572
0.41336589
0.45321993
0.39967272
0.35248389
0.57303052
0.50364635
0.44307491
0.19443659
0.20381286
0.21233908
0.22815726
0.24625555
0.2587022
0.22289799
0.24278426
0.25746065
0.29186293
0.25859295
0.22973249
0.36178432
0.31936297
0.28173224
0.22630552
0.22395207
0.21938478
0.23965976
0.25943766
0.27330711
0.26836343
0.27494816
0.27822126
0.30890231
0.27286912
0.24146498
0.38717943
0.34052527
0.29891421
0.15051588
0.15379964
0.15737659
0.16103597
0.16499706
0.16851575
0.1585138
0.16332563
0.16791081
0.15024146
0.15264431
0.15515387
0.15271841
0.16417758
0.18000844
0.16577576
0.18262906
0.20360883
0.18524811
0.21494763
0.24605043
0.16251333
0.17845382
0.19836022
0.11842725
0.11913696
0.12073212
0.13256778
0.13351917
0.13559152
0.14930483
0.1504451
0.15297079
0.1832379
0.18522871
0.188958
0.2242271
0.22854378
0.23483021
0.25846132
0.26726249
0.27632805
0.17902254
0.15867463
0.14120054
0.22310599
0.19797051
0.17633178
0.26323243
0.23367414
0.20816479
0.13204352
0.13014054
0.12910389
0.16456581
0.16103693
0.15840891
0.19379275
0.18841882
0.18268821
0.13669492
0.15296413
0.17220345
0.16741403
0.1871772
0.21049824
0.19175183
0.21437353
0.24098772
0.25750021
0.2680856
0.27802478
0.22908082
0.23840324
0.24694996
0.20478222
0.21290728
0.22011823
0.84476821
0.8723379
0.8866454
0.78743445
0.81043561
0.82234343
0.72097901
0.73891546
0.74817327
0.63741008
0.65338697
0.66169682
0.56214112
0.57703109
0.58484559
0.49593944
0.50930519
0.51634169
0.70282799
0.77169746
0.83019623
0.62109932
0.68031996
0.72903797
0.54813302
0.59919804
0.64019254
0.8542537
0.84013147
0.81284642
0.74845888
0.7363407
0.7127717
0.65611397
0.64562745
0.62513986
0.77158451
0.72195443
0.66215576
0.67781681
0.63583061
0.58354417
0.59535154
0.55976276
0.51454124
0.49112865
0.50484112
0.51201466
0.53488932
0.55091858
0.55920734
0.56926134
0.58739354
0.59668612
0.46085763
0.50519484
0.54086108
0.44092466
0.47965241
0.51010361
0.41851104
0.44642685
0.47061597
0.37729024
0.39755096
0.41726094
0.33307842
0.35092935
0.3682598
0.29444111
0.31013708
0.32530145
0.4506771
0.48968892
0.51985195
0.39766906
0.43179055
0.45780715
0.35119323
0.3811591
0.4037146
0.51732042
0.4823753
0.43898233
0.45536833
0.42483868
0.38675068
0.40149714
0.37489046
0.34146914
0.40563307
0.3899778
0.374246
0.357649
0.34424695
0.33053354
0.31600796
0.3044338
0.29236043
0.28701991
0.30575091
0.32189514
0.30205824
0.32808954
0.34829121
0.31467303
0.34443569
0.36800348
0.4345465
0.44622988
0.4523766
0.38340181
0.39359387
0.39894003
0.33846382
0.34726196
0.35185551
0.48006287
0.52402254
0.55863786
0.42328696
0.46163909
0.49141975
0.37330461
0.4068721
0.43261766
0.57180548
0.56280097
0.54514903
0.50259148
0.49482946
0.47955959
0.4421745
0.4355375
0.4224206
0.33535142
0.3442178
0.34880577
0.36445845
0.37474904
0.38001004
0.38639571
0.3979328
0.40377288
0.25915115
0.27279692
0.28587089
0.23038924
0.24227052
0.25350183
0.20580605
0.21603988
0.22550295
0.30847087
0.33461956
0.35400456
0.27328529
0.29616529
0.3127954
0.24265787
0.26241555
0.27634556
0.35207639
0.32920017
0.30014402
0.31115096
0.29155727
0.26625401
0.27497131
0.25857
0.23682035
0.2020088
0.21412558
0.22395333
0.21210652
0.22894652
0.24115206
0.21981191
0.23888754
0.25297088
0.29709471
0.30452222
0.30837635
0.26300367
0.26922293
0.27243161
0.23337191
0.23847819
0.241107
0.32714872
0.35630125
0.37833694
0.28894012
0.31429287
0.33308809
0.25552728
0.27723815
0.29285063
0.38642884
0.38088249
0.36985196
0.33990495
0.33531709
0.32613164
0.2984144
0.29470921
0.28726037
0.23175036
0.23675149
0.23930987
0.25042929
0.25615401
0.25904384
0.26339328
0.2697215
0.27287972
0.18412033
0.19262982
0.2002505
0.1675156
0.17419653
0.17998741
0.15502341
0.15946898
0.16374102
0.21474226
0.2309725
0.24193567
0.191814
0.20417151
0.21195357
0.1717922
0.17849174
0.18335838
0.24082116
0.2278572
0.21002759
0.21105569
0.20167125
0.18803414
0.18265841
0.17655134
0.16884847
0.19594771
0.19016075
0.18334317
0.17659977
0.17228326
0.16693813
0.16113734
0.15805891
0.15462967
0.1518071
0.15545443
0.15920858
0.1545936
0.15892284
0.16304867
0.15728535
0.16197893
0.1664542
0.17188143
0.17373584
0.17715111
0.15271931
0.1542992
0.15713736
0.13649915
0.13774933
0.13998851
0.21044717
0.21449431
0.22028983
0.18718861
0.19071975
0.19562761
0.16745716
0.17042576
0.17444361
0.24265344
0.25090418
0.25928679
0.21592607
0.22318064
0.23035488
0.19316258
0.19943541
0.20543849
0.6746989
0.69239322
0.70157613
0.73728997
0.75894538
0.77016381
0.78970756
0.81520066
0.82839683
0.59502007
0.61138191
0.61992863
0.64955595
0.66891803
0.67894926
0.69374577
0.71600917
0.72747641
0.52479934
0.53942884
0.5470856
0.57194667
0.58910524
0.59798535
0.60935224
0.62883413
0.63883345
0.39181373
0.41786236
0.44050006
0.41259283
0.44873565
0.47718983
0.43090165
0.47227496
0.50555742
0.34600372
0.36888868
0.38875709
0.36419314
0.39595234
0.42086896
0.3799084
0.41624308
0.44534912
0.30599815
0.32607613
0.34344643
0.32203925
0.34992841
0.37167619
0.33563806
0.36753312
0.3929157
0.45965202
0.47245322
0.47914711
0.50031078
0.51525093
0.52296939
0.53199217
0.54884292
0.55746704
0.40551286
0.41667273
0.42249143
0.44104808
0.45403663
0.46072697
0.46836015
0.48296163
0.49040978
0.35799512
0.36762445
0.37262291
0.38916884
0.40035501
0.40609159
0.4128306
0.42538195
0.43175528
0.26941778
0.28687175
0.30185163
0.28351313
0.30779015
0.32652353
0.29521474
0.32296055
0.3448015
0.23954959
0.25477275
0.26766117
0.25199867
0.27319403
0.28929332
0.26208672
0.2862741
0.30500462
0.21393878
0.22709542
0.23798784
0.22483421
0.2431553
0.2567222
0.23337986
0.2542092
0.26992374
0.31425419
0.32238403
0.32657825
0.34141684
0.35084443
0.35564921
0.36172965
0.37228956
0.37761803
0.27816432
0.28497377
0.2884655
0.30188648
0.30976325
0.313752
0.31928313
0.32808287
0.33249369
0.24668929
0.25228002
0.25513968
0.26711882
0.27355164
0.2767989
0.28165476
0.28880221
0.29237117
0.19125788
0.20223826
0.2110509
0.20044453
0.21564341
0.22651114
0.20734676
0.22448178
0.23695729
0.17348041
0.18221043
0.18891266
0.18080656
0.19269027
0.20075566
0.18596902
0.19913877
0.208226
0.15925951
0.16479507
0.16965998
0.16375772
0.17069003
0.17613582
0.16739693
0.17488965
0.18086279
