MFEM mesh v1.0

#
# MFEM Geometry Types (see mesh/geom.hpp):
#
# POINT       = 0
# SEGMENT     = 1
# TRIANGLE    = 2
# SQUARE      = 3
# TETRAHEDRON = 4
# CUBE        = 5
#

dimension
3

elements
9
1 5 1 0 2 7 8 4 9 18
1 5 19 20 22 21 23 24 26 25
1 5 20 12 13 22 24 14 15 26
1 5 11 6 14 24 1 0 2 7
1 5 11 6 0 1 27 17 4 8
1 5 5 12 14 6 16 28 30 17
1 5 12 13 15 14 28 29 31 30
1 5 6 14 2 0 17 30 9 4
1 5 14 15 3 2 30 31 10 9

boundary
30
60 3 7 1 8 18
60 3 2 7 18 9
60 3 8 4 9 18
60 3 3 2 9 10
60 3 21 22 20 19
60 3 22 13 12 20
60 3 19 20 24 23
60 3 6 14 12 5
60 3 20 12 14 24
60 3 24 14 6 11
60 3 21 19 23 25
60 3 22 21 25 26
60 3 23 24 26 25
60 3 13 22 26 15
60 3 24 14 15 26
60 3 24 11 1 7
60 3 14 24 7 2
60 3 2 3 15 14
60 3 6 5 16 17
60 3 11 6 17 27
60 3 1 11 27 8
60 3 27 17 4 8
60 3 5 12 28 16
60 3 12 13 29 28
60 3 16 28 30 17
60 3 13 15 31 29
60 3 28 29 31 30
60 3 17 30 9 4
60 3 15 3 10 31
60 3 30 31 10 9

vertices
32

nodes
FiniteElementSpace
FiniteElementCollection: H1_3D_P4
VDim: 3
Ordering: 0

-0.072282681
-0.12552145
-0.066449439
-0.063851502
-0.064571523
0.042399647
-0.034346884
-0.12826879
-0.12661098
-0.055651449
-0.052520803
-0.10195872
0.056891641
0.052515288
-0.017873777
-0.013835471
0.07733117
-0.012592879
-0.13305751
-0.18741678
-0.049994851
-0.19139576
-0.052071601
-0.2020654
-0.10058463
-0.20364901
-0.099343286
-0.095037873
0.11755195
0.1095832
0.024510883
0.030215319
-0.077010687
-0.092876383
-0.11334053
-0.071553679
-0.069466641
-0.067407686
-0.074293252
-0.093365462
-0.11568114
-0.12635171
-0.12765485
-0.12819138
-0.072379153
-0.09148723
-0.11392757
-0.062952489
-0.05968912
-0.056860408
-0.069171493
-0.094649635
-0.11977847
-0.12909427
-0.13184919
-0.13286812
-0.12619886
-0.12697772
-0.12687781
-0.071416057
-0.068776884
-0.065957888
-0.06461044
-0.060761276
-0.057236285
-0.13040776
-0.13259277
-0.133107
-0.16213849
-0.11574069
-0.071898434
-0.050318465
-0.05122492
-0.051955886
-0.16554693
-0.11837159
-0.074075685
-0.18851168
-0.19025126
-0.19125319
-0.18379412
-0.1498554
-0.11717632
-0.10017756
-0.099633895
-0.099375938
-0.18489992
-0.15006878
-0.11645442
-0.20251159
-0.20320476
-0.20359427
-0.19099203
-0.19636169
-0.20036531
-0.060592854
-0.078330936
-0.093501777
-0.061282198
-0.077561934
-0.092262547
-0.19426998
-0.19870743
-0.20214338
0.04125899
0.0080681266
-0.028992408
0.056569398
0.054662303
0.052822908
0.03759169
0.0055112371
-0.031103114
-0.02984797
-0.055724559
-0.0844892
-0.016434119
-0.014691694
-0.013931999
-0.026245823
-0.052988017
-0.082732718
0.041821368
0.016001912
-0.0068587042
0.040685401
0.018432362
-0.0030248151
-0.042188938
-0.062244886
-0.087308644
-0.030959133
-0.024646095
-0.019741721
-0.10223722
-0.10190328
-0.1010397
-0.1235515
-0.11736352
-0.1080533
-0.069178618
-0.058400491
-0.043639409
-0.060525737
-0.045875873
-0.028179065
-0.12533089
-0.11749699
-0.10703999
-0.024159731
-0.049721361
-0.078687713
-0.058451718
-0.043031366
-0.023960944
-0.12327735
-0.11445666
-0.10253952
-0.10132012
-0.099179936
-0.096449341
-0.030496019
-0.022610626
-0.015638032
0.046695082
0.053101738
0.056509421
0.025683513
-0.0015543827
-0.024088777
0.089865617
0.10716795
0.11592315
0.099441704
0.067961382
0.03903704
-0.0025344991
0.012130686
0.021326418
0.058064364
0.026408175
-0.0002038044
0.048423451
0.060716852
0.072176107
0.071128515
0.093776266
0.1106782
-0.007230945
0.0089509933
0.02014637
0.11741333
0.11409825
0.11026482
0.096774698
0.071135736
0.044457434
0.026724665
0.029167899
0.030101106
0.065981571
0.087345272
0.10326297
-0.0027947791
0.013980088
0.025676547
-0.042060405
-0.016023474
0.010261752
-0.057496285
-0.042244249
-0.024138942
-0.065639626
-0.0645048
-0.06393002
-0.038314592
-0.011202757
0.015891165
-0.054645458
-0.053284743
-0.052611447
-0.061892812
-0.057874731
-0.054178786
-0.11574206
-0.093706211
-0.07500874
-0.1154471
-0.094208033
-0.076427142
-0.1142492
-0.093685598
-0.077371219
-0.1140848
-0.093510449
-0.077204726
-0.11473328
-0.093453204
-0.07569013
-0.11435413
-0.092224976
-0.073515883
-0.070243972
-0.067833172
-0.065612969
-0.067309704
-0.064361057
-0.061855411
-0.064364411
-0.061167619
-0.058406756
-0.075097803
-0.095544417
-0.1179227
-0.072991836
-0.096357232
-0.11987162
-0.070476147
-0.095325515
-0.12003125
-0.13029341
-0.12958961
-0.12784442
-0.13242465
-0.13154426
-0.12914002
-0.13292979
-0.13193589
-0.12928075
-0.11652821
-0.09401708
-0.073492436
-0.11907355
-0.095461896
-0.072002248
-0.11977311
-0.095032614
-0.070138683
-0.16542202
-0.11826399
-0.073968096
-0.1645483
-0.11753576
-0.073271964
-0.16305958
-0.11639141
-0.072328106
-0.16711843
-0.12318209
-0.081493033
-0.17492662
-0.13530146
-0.097431181
-0.18108177
-0.1453093
-0.11092979
-0.060587408
-0.060887727
-0.06122331
-0.077986831
-0.077651117
-0.077566425
-0.093072021
-0.09253062
-0.092290996
-0.082480796
-0.1249034
-0.16978943
-0.097151011
-0.13599629
-0.17666889
-0.11022208
-0.14558525
-0.18232927
-0.19415378
-0.19333422
-0.19190035
-0.19862519
-0.19804293
-0.19701654
-0.20208154
-0.20164268
-0.20086429
-0.18410938
-0.14991596
-0.11694692
-0.18459167
-0.15000536
-0.11662622
-0.18486204
-0.15006056
-0.11647449
-0.0309728
0.0056900286
0.037846241
-0.030161328
0.0067762218
0.039388771
-0.029247283
0.007897871
0.040979811
-0.040512507
-0.0049920577
0.02684408
-0.059904382
-0.027167249
0.0022203032
-0.076630753
-0.046521552
-0.019469487
0.04221236
0.041701759
0.040842093
0.017174385
0.018211032
0.018423464
-0.0054178562
-0.0037694111
-0.0031041342
0.026021691
-0.0053853229
-0.041001903
0.0044970279
-0.025261346
-0.058695523
-0.016016197
-0.043828276
-0.074876863
-0.083909161
-0.054777099
-0.028585801
-0.083137972
-0.053591311
-0.027023981
-0.082780062
-0.053056594
-0.026334743
-0.085194455
-0.05689243
-0.031543266
-0.086605516
-0.059668944
-0.035651395
-0.087466197
-0.062098163
-0.040712288
-0.094039713
-0.07003304
-0.050948142
-0.10439091
-0.082258297
-0.064759696
-0.11124565
-0.090497424
-0.074448754
-0.040442408
-0.034522689
-0.029933857
-0.055743205
-0.05095465
-0.047356386
-0.067346807
-0.064269457
-0.061665993
-0.039595377
-0.06424677
-0.091712491
-0.055970661
-0.078497138
-0.10350618
-0.069457733
-0.089555789
-0.11238732
-0.10741672
-0.10809567
-0.10829643
-0.1176863
-0.11785474
-0.11759618
-0.12531492
-0.1249891
-0.12400117
-0.086527388
-0.061203572
-0.040003888
-0.083799857
-0.056882076
-0.033227303
-0.080414074
-0.052002662
-0.027016958
-0.040070303
-0.055492002
-0.067172316
-0.032894598
-0.049855647
-0.06348633
-0.026652322
-0.045140937
-0.060057044
-0.1237315
-0.11712036
-0.10755741
-0.12407625
-0.11640279
-0.10589605
-0.12365475
-0.11518755
-0.1036962
-0.087010667
-0.059398412
-0.035029865
-0.10033125
-0.075208547
-0.05287567
-0.11022796
-0.08728089
-0.067230474
-0.020484362
-0.013873213
-0.0087536968
0.0023796727
0.0092531612
0.014303479
0.029877917
0.036583014
0.040809888
0.057418213
0.066530052
0.070674113
0.072176386
0.086560166
0.092816175
0.084498442
0.10104572
0.10928558
0.055422288
0.028451072
0.0044228634
0.07698944
0.048013215
0.021851421
0.092979839
0.062278727
0.034204246
-0.009318649
-0.015087488
-0.023601157
0.0063068854
-0.0011583546
-0.013605699
0.017142034
0.0083087856
-0.0057933098
-0.019903268
0.0032780897
0.03126239
-0.011316863
0.01321401
0.04268596
-0.0035889778
0.022349859
0.053303718
0.070241909
0.087481127
0.097050408
0.037850541
0.054543548
0.064763054
0.010372757
0.025911234
0.035722565
0.070744412
0.068515618
0.066343624
0.093417156
0.09066161
0.087827976
0.11050573
0.10737327
0.10387713
0.05393056
0.031006711
0.0086030407
0.074947721
0.050832742
0.026598663
0.090577867
0.06540184
0.039459458
-0.0028994664
-0.0037178041
-0.0056287031
0.013868697
0.012982946
0.010822688
0.025564664
0.024643406
0.022282261
0.10028504
0.099163707
0.097145929
0.069891885
0.071239568
0.071185573
0.04130096
0.043611562
0.044375288
-0.01821514
-0.037479236
-0.054931122
-0.0035301705
-0.026122798
-0.048665481
0.0064490194
-0.018901582
-0.043974509
-0.014479354
-0.0010180976
0.0073759283
-0.034973323
-0.024448792
-0.018292242
-0.053099868
-0.047456141
-0.043545315
-0.059566221
-0.058246349
-0.057586019
-0.04468675
-0.043110323
-0.042345976
-0.026782427
-0.025040107
-0.024241701
-0.013756177
-0.033425341
-0.051576919
0.0014928155
-0.021680967
-0.045158202
0.011919323
-0.014192932
-0.040295553
-0.061974144
-0.062572774
-0.06375766
-0.0579598
-0.058589744
-0.059846102
-0.054267284
-0.054926681
-0.056254378
0.012362337
0.014768207
0.015766905
-0.014351117
-0.012271715
-0.011327003
-0.040817881
-0.039198007
-0.038418656
-0.11586884
-0.09523697
-0.07814632
-0.11748841
-0.096190129
-0.077217038
-0.11795996
-0.095858783
-0.075860899
-0.11701316
-0.095674577
-0.076693194
-0.11925611
-0.097025991
-0.075459084
-0.11986641
-0.096680968
-0.073846593
-0.11688674
-0.094686648
-0.074641627
-0.11934295
-0.096094517
-0.07320602
-0.1200345
-0.095700289
-0.071418097
-0.16784594
-0.1236052
-0.081635785
-0.16901208
-0.12435278
-0.082061564
-0.16969224
-0.12483198
-0.08242284
-0.17540777
-0.13546695
-0.097272139
-0.17616824
-0.13576682
-0.097145063
-0.1766066
-0.13596611
-0.097146739
-0.18143224
-0.14537694
-0.1106863
-0.18197673
-0.14549421
-0.11037278
-0.18228563
-0.14557299
-0.11023861
-0.040389141
-0.0046690232
0.027200326
-0.040598504
-0.0048506073
0.026837885
-0.040941468
-0.0053011971
0.02614624
-0.059392857
-0.02633061
0.0032650669
-0.058862133
-0.025510652
0.0042475747
-0.05870977
-0.025280741
0.004480277
-0.076023534
-0.045546676
-0.018200652
-0.075254942
-0.044382297
-0.016706192
-0.074919476
-0.043888676
-0.016091805
-0.094181473
-0.069897777
-0.049599921
-0.093504636
-0.067769452
-0.044954694
-0.092323583
-0.065299067
-0.041170383
-0.10455207
-0.082198677
-0.063683945
-0.10445694
-0.080924201
-0.060130541
-0.10389199
-0.079269966
-0.057252154
-0.11169392
-0.090815436
-0.074049638
-0.1124887
-0.090818939
-0.072230581
-0.11252801
-0.090002472
-0.070356939
-0.093422957
-0.069173975
-0.049027028
-0.10406033
-0.081718544
-0.063299172
-0.11140774
-0.090521599
-0.073790889
-0.09123712
-0.065520361
-0.04300741
-0.10295447
-0.079412218
-0.058814769
-0.1115325
-0.08982799
-0.071314602
-0.08845108
-0.061349102
-0.037533814
-0.10128932
-0.076596508
-0.054787375
-0.11078453
-0.088175278
-0.068594903
0.039943334
0.049260574
0.054288198
0.011309668
0.020635696
0.026563654
-0.012579016
-0.0036913725
0.0023185114
0.053771308
0.068154825
0.075286614
0.023545107
0.037538662
0.045500202
-0.0018252626
0.011284422
0.019145383
0.065267208
0.081767061
0.090826095
0.033572183
0.049569588
0.059309495
0.0067764752
0.021693765
0.0310931
0.055831109
0.055169043
0.054118937
0.029738635
0.030825693
0.031004701
0.0060240084
0.0078156381
0.0085201732
0.077530785
0.076637624
0.0752059
0.049556705
0.050751279
0.050849323
0.023737362
0.025766123
0.02651346
0.093766825
0.092728966
0.090912131
0.064126389
0.065439063
0.065442022
0.036383738
0.038614822
0.039378041
-0.033516742
-0.025574817
-0.020153302
-0.049948754
-0.043411914
-0.039129586
-0.063227515
-0.059214785
-0.056130713
-0.024393321
-0.012882432
-0.005962193
-0.042613165
-0.033380797
-0.02811473
-0.058636967
-0.05349333
-0.050013497
-0.017344617
-0.0043754264
0.0037213114
-0.037240564
-0.027050925
-0.021064094
-0.054751696
-0.049239091
-0.04539542
-0.016647579
-0.0147332
-0.013866092
-0.036135284
-0.034380719
-0.033537319
-0.053839356
-0.052391956
-0.051671153
-0.0017225049
0.0004302517
0.001373708
-0.024626456
-0.022704944
-0.021800725
-0.047521321
-0.046002904
-0.045257605
0.0084856894
0.010815717
0.011798816
-0.017268405
-0.015243307
-0.01431362
-0.04274877
-0.041163989
-0.040395875
-0.14235082
-0.15297542
-0.085685808
2.3214812e-16
-0.15067172
-0.2509096
-0.17837139
-0.086649793
-0.16622039
-0.084801907
2.4286123e-16
-0.20459288
-0.14600588
1.4628094e-16
-0.10394788
1.9268663e-16
-0.28352483
-0.19996325
-0.083249948
-0.16964304
-0.15907894
2.0613393e-16
1.5050849e-16
-0.11722119
-0.11113265
2.1701956e-16
2.2222008e-16
-0.25565524
-0.15245548
1.810862e-16
-0.1070958
2.3710677e-16
-0.14349751
-0.14705163
-0.15097418
-0.1374372
-0.12065127
-0.098748073
-0.085398594
-0.085320451
-0.086068969
-0.14488134
-0.12450513
-0.10035198
-0.15314072
-0.15853682
-0.16375289
-0.14245384
-0.12213784
-0.098269321
-0.083419985
-0.082397578
-0.082785344
-0.15167383
-0.12437696
-0.09746746
-0.15512184
-0.15981266
-0.16420906
-0.1432571
-0.14607656
-0.14914579
-0.085073443
-0.084382523
-0.084524629
-0.084913793
-0.083254928
-0.083068304
-0.16882906
-0.16601178
-0.16175405
-0.13279227
-0.081290721
-0.028266735
1.7377432e-16
1.5191134e-16
1.8696385e-16
-0.1413401
-0.086235197
-0.029923696
-0.11670989
-0.11505659
-0.11263486
-0.09267075
-0.056615187
-0.019661445
2.2758275e-16
2.2880153e-16
2.2963938e-16
-0.097593971
-0.059478223
-0.020626863
-0.15874692
-0.14032065
-0.12454269
-0.14893887
-0.13200227
-0.11770383
1.7747869e-16
1.9117659e-16
2.1689218e-16
1.8527765e-16
1.7819709e-16
2.0257982e-16
-0.14709415
-0.15103618
-0.15627259
-0.12277086
-0.076027424
-0.026621116
1.6172193e-16
1.8419961e-16
1.5522149e-16
-0.10454069
-0.10668306
-0.10956822
-0.087125347
-0.053590523
-0.018672006
2.0710495e-16
2.1415554e-16
1.985858e-16
-0.1369194
-0.12191708
-0.10951341
1.7225264e-16
1.8893942e-16
1.9376476e-16
-0.18266278
-0.19190172
-0.2005811
-0.16982935
-0.14756402
-0.11995919
-0.19087314
-0.16151631
-0.12913456
-0.1588552
-0.17409356
-0.19315145
-0.14519363
-0.1553091
-0.16942494
-0.08703916
-0.091708842
-0.099062166
-0.089112209
-0.095872639
-0.10522736
-0.21268533
-0.23320287
-0.24895152
-0.15636183
-0.17093788
-0.18909813
-0.18090119
-0.20937104
-0.23903663
-0.21686899
-0.23603111
-0.24998165
-0.18207761
-0.18984122
-0.19685024
-0.23796105
-0.20626259
-0.16801524
-0.23555723
-0.20988982
-0.18826025
-0.26287586
-0.2210081
-0.17669845
-0.14284085
-0.12677434
-0.11327263
-0.18598414
-0.15656967
-0.12466186
-0.26620095
-0.23693288
-0.21176633
-0.25633817
-0.26776484
-0.27858944
-0.14573186
-0.1473614
-0.15062118
-0.10377242
-0.10452532
-0.10615261
-0.12767654
-0.07890839
-0.027710945
2.009336e-16
2.1861446e-16
2.2663168e-16
-0.089188946
-0.054405995
-0.018884335
1.5626952e-16
1.7541614e-16
1.8220856e-16
2.0846032e-16
2.1929632e-16
2.2652514e-16
-0.086888106
-0.092936594
-0.10157909
2.0643577e-16
2.0608425e-16
2.0452086e-16
-0.071958594
-0.044340926
-0.015462074
2.3941558e-16
2.3635357e-16
2.3609677e-16
-0.070842025
-0.04337976
-0.015080257
2.3498878e-16
2.3409566e-16
2.4600804e-16
-0.099569646
-0.098484968
-0.098400868
-0.12330928
-0.12123059
-0.12039081
-0.14317433
-0.13995906
-0.13756935
-0.15306448
-0.14893786
-0.1449739
-0.15759625
-0.15300472
-0.14823915
-0.1618269
-0.15677181
-0.15154147
-0.13724811
-0.12002372
-0.098044571
-0.13886004
-0.12008932
-0.097442412
-0.14121155
-0.12136147
-0.097836102
-0.084234569
-0.083817233
-0.08439079
-0.083194342
-0.082353559
-0.082788691
-0.083190515
-0.082215019
-0.082602747
-0.098453603
-0.12261408
-0.14430395
-0.096958742
-0.12217044
-0.14693235
-0.097088245
-0.12352684
-0.15006077
-0.14962867
-0.1456973
-0.14229292
-0.12313786
-0.12102278
-0.12067376
-0.096763759
-0.095985962
-0.096771865
-0.029777781
-0.029315169
-0.028657526
-0.085815923
-0.084451243
-0.082479723
-0.14065564
-0.13834556
-0.13491196
-0.15797566
-0.1553511
-0.15141049
-0.13964836
-0.13741266
-0.13408521
-0.12397705
-0.12212916
-0.11940387
-0.12426856
-0.076001943
-0.026411493
-0.11007181
-0.067245456
-0.023352467
-0.09813099
-0.05993519
-0.020810888
1.8105054e-16
1.9695959e-16
1.8285828e-16
1.9125247e-16
2.0162125e-16
2.080591e-16
2.1472141e-16
2.0132051e-16
2.3085463e-16
-0.027972101
-0.080634779
-0.13222365
-0.024689047
-0.071197013
-0.11682679
-0.021903646
-0.063169354
-0.10367295
-0.097166178
-0.09581159
-0.093858463
-0.0592171
-0.058413236
-0.057285576
-0.020536095
-0.020262093
-0.019883335
-0.027870437
-0.027189185
-0.026730675
-0.080071978
-0.07792979
-0.076423404
-0.13057979
-0.12655726
-0.12359688
-0.14634819
-0.1415214
-0.13790571
-0.12982121
-0.12576129
-0.12273563
-0.11592962
-0.11263461
-0.1101841
-0.11499165
-0.071022788
-0.024817938
-0.10224111
-0.062958306
-0.021952539
-0.091783773
-0.056455274
-0.01967009
1.7828287e-16
1.7980126e-16
2.0213019e-16
1.8052069e-16
1.8251627e-16
2.0013399e-16
1.9517736e-16
1.9697181e-16
2.1323422e-16
-0.091438824
-0.089229862
-0.087603684
-0.055932836
-0.054741703
-0.053867138
-0.019436926
-0.019050167
-0.018765896
-0.12717482
-0.12352095
-0.12071189
-0.15878441
-0.15326986
-0.14866309
-0.18725692
-0.17977878
-0.17218045
-0.18958129
-0.18178211
-0.17338187
-0.17125406
-0.16522834
-0.15854493
-0.15661898
-0.15206694
-0.14747341
-0.16151196
-0.1405184
-0.11428076
-0.1484994
-0.1295726
-0.1056843
-0.13960764
-0.12250038
-0.10024794
-0.09958698
-0.10139896
-0.10387517
-0.092076998
-0.093208858
-0.094888077
-0.087136263
-0.087430287
-0.088433443
-0.12221173
-0.15276967
-0.18030977
-0.11119312
-0.13853639
-0.1630605
-0.10320932
-0.12798099
-0.14945527
-0.21241892
-0.20238275
-0.19037527
-0.23054413
-0.21783599
-0.20084347
-0.24367354
-0.22870602
-0.20916776
-0.17287582
-0.15814844
-0.14717122
-0.17998459
-0.16381845
-0.15097986
-0.18631592
-0.16871249
-0.15462816
-0.16502236
-0.18339818
-0.20449482
-0.17254741
-0.1966328
-0.22170847
-0.17843063
-0.20566256
-0.2340873
-0.23320244
-0.21926586
-0.20085718
-0.20500775
-0.19481996
-0.18062029
-0.17792756
-0.17116943
-0.16288604
-0.17909763
-0.155504
-0.12637699
-0.19940133
-0.17296333
-0.14061245
-0.22353689
-0.19379133
-0.15771625
-0.24007169
-0.2062923
-0.16780175
-0.24926819
-0.21108525
-0.17015974
-0.25845208
-0.21774991
-0.17437838
-0.13668079
-0.12172413
-0.10934112
-0.13818522
-0.12296024
-0.11027582
-0.14116494
-0.12540119
-0.1121852
-0.11986147
-0.14773755
-0.17135918
-0.12114015
-0.15070347
-0.17741428
-0.12340009
-0.15465428
-0.1832411
-0.1922569
-0.21442333
-0.24066396
-0.20064811
-0.22397913
-0.25142352
-0.2083411
-0.23290858
-0.26158323
-0.24692051
-0.20762544
-0.16578288
-0.21995571
-0.18499708
-0.14742606
-0.19680211
-0.16560854
-0.13184022
-0.12256115
-0.075948015
-0.026616145
-0.12372874
-0.076620522
-0.026875898
-0.12621648
-0.078042958
-0.027393288
1.6844336e-16
1.8774125e-16
1.9713593e-16
1.862754e-16
1.9797133e-16
2.0981645e-16
1.8818143e-16
2.1906207e-16
2.302762e-16
-0.018619192
-0.053449054
-0.086942778
-0.018633923
-0.053557866
-0.087364768
-0.018777211
-0.054057774
-0.088487739
-0.11937906
-0.073404358
-0.025649162
-0.10568264
-0.064606729
-0.022463571
-0.094326039
-0.057542755
-0.019974742
-0.098879604
-0.091482609
-0.086653895
-0.09943362
-0.091581025
-0.086206954
-0.10077685
-0.092381122
-0.086543868
-0.17599091
-0.14834474
-0.11817315
-0.15963652
-0.13494821
-0.10793381
-0.14669901
-0.12517603
-0.10072186
-0.073083623
-0.045043206
-0.015706461
-0.076956712
-0.047405613
-0.016527136
-0.083047623
-0.051100323
-0.017806745
2.1545889e-16
2.2617874e-16
2.2815987e-16
2.2078778e-16
2.2159475e-16
2.2600312e-16
2.305104e-16
2.3379116e-16
2.4343214e-16
-0.015331075
-0.04397842
-0.071400179
-0.015140115
-0.043468531
-0.07070444
-0.015072163
-0.043329613
-0.07066922
-0.084621341
-0.051647005
-0.017930364
-0.077541097
-0.047418265
-0.016475994
-0.0725947
-0.044457631
-0.015456631
-0.14257344
-0.13943172
-0.13699862
-0.12147117
-0.11958151
-0.11908688
-0.097721177
-0.096830761
-0.097078375
-0.14508652
-0.14160889
-0.1386808
-0.12102591
-0.11910088
-0.11881214
-0.096274842
-0.095494967
-0.096140084
-0.14807457
-0.14428195
-0.14100546
-0.12231383
-0.12026728
-0.11993349
-0.09638831
-0.095627293
-0.096376167
-0.13157421
-0.12941781
-0.12623215
-0.08023575
-0.078954385
-0.077113127
-0.027833226
-0.027396756
-0.026779056
-0.11626114
-0.11442268
-0.1117288
-0.070849136
-0.069752877
-0.068188467
-0.024567759
-0.024193141
-0.023666053
-0.10319858
-0.10168187
-0.099479361
-0.062878868
-0.06197632
-0.060700159
-0.021802545
-0.021494409
-0.021064854
-0.12221906
-0.11849507
-0.11575562
-0.074862856
-0.072851261
-0.071417486
-0.026037503
-0.025388815
-0.024938223
-0.10834299
-0.10520309
-0.10289211
-0.066277985
-0.064563815
-0.063320911
-0.023032587
-0.022473508
-0.02207175
-0.096728762
-0.094192173
-0.092323526
-0.059153819
-0.057774926
-0.056765655
-0.020552885
-0.020103367
-0.019774863
-0.17709929
-0.17043049
-0.16361199
-0.15036895
-0.14551829
-0.14148612
-0.12050551
-0.11734508
-0.11494163
-0.16053207
-0.15542859
-0.15015874
-0.13670687
-0.13314397
-0.13028378
-0.10992649
-0.10772244
-0.10615235
-0.14752216
-0.1437987
-0.14051196
-0.12663464
-0.12418116
-0.12276146
-0.10230656
-0.10091725
-0.10036934
-0.20056256
-0.19152192
-0.18062463
-0.18027949
-0.17331262
-0.16456554
-0.16267032
-0.15750238
-0.15177987
-0.21688932
-0.20553702
-0.19019055
-0.19291528
-0.1843912
-0.1722915
-0.16991507
-0.16403298
-0.15674328
-0.22858876
-0.21530082
-0.1977367
-0.2015209
-0.19174102
-0.17812517
-0.17558727
-0.16903044
-0.16103012
-0.22555967
-0.19388887
-0.15755084
-0.20124709
-0.17313643
-0.14050415
-0.18073837
-0.15569173
-0.12628522
-0.23419218
-0.19839696
-0.15976291
-0.20885678
-0.17707996
-0.14239327
-0.18734431
-0.15902192
-0.12779539
-0.24278981
-0.20459719
-0.16364895
-0.21637302
-0.18240767
-0.14564451
-0.19376929
-0.16346018
-0.1304019
-0.11478941
-0.070914085
-0.024791016
-0.10205297
-0.062824806
-0.021906288
-0.091603685
-0.056316677
-0.019618739
-0.11583113
-0.071448973
-0.024977132
-0.10285663
-0.063163585
-0.022003992
-0.092165329
-0.056503473
-0.019659896
-0.11806448
-0.072658708
-0.025390404
-0.10463032
-0.064047253
-0.022281874
-0.093509128
-0.057127845
-0.019844985
-0.16288353
-0.14065195
-0.11416016
-0.14957736
-0.12959342
-0.10549893
-0.1400425
-0.12220938
-0.099840483
-0.1683401
-0.14321544
-0.11518142
-0.15375077
-0.13123733
-0.10593223
-0.14246644
-0.1227149
-0.099567576
-0.17354791
-0.14666512
-0.11708517
-0.15771247
-0.13368991
-0.10715256
-0.14526194
-0.12428765
-0.10020072
-0.082858676
-0.050956352
-0.017752955
-0.076736467
-0.047245898
-0.016468107
-0.072729055
-0.044804039
-0.015619893
-0.083130161
-0.05098353
-0.017740985
-0.076662704
-0.047088726
-0.016395803
-0.072239343
-0.04441659
-0.015471657
-0.084031464
-0.051361627
-0.017844098
-0.077145827
-0.047241005
-0.016425363
-0.072365517
-0.044374296
-0.015437095
-0.1407231
-0.1509312
-0.14912767
-0.15363836
-0.084602851
-0.24629866
-0.17637382
-0.16401453
-0.085226585
-0.08393419
-0.085372903
-0.20189501
-0.28057433
-0.29450494
-0.19840661
-0.20680315
-0.14162495
-0.10269046
-0.082015121
-0.402592
-0.36647399
-0.4320356
-0.38992054
-0.27180783
-0.2519537
-0.2880561
-0.26553634
-0.10949097
-0.15017332
-0.1569856
-0.10663477
-0.10988562
-0.14179023
-0.1451616
-0.14896369
-0.14165457
-0.14452085
-0.14760508
-0.15145151
-0.15658798
-0.16160951
-0.15305574
-0.15769285
-0.16203264
-0.084193969
-0.083965657
-0.084646037
-0.084026852
-0.083416295
-0.083629315
-0.08243843
-0.081254277
-0.081564755
-0.083509266
-0.081917967
-0.081803413
-0.14287429
-0.1226508
-0.098752812
-0.13583574
-0.11918871
-0.09751595
-0.14097573
-0.12087842
-0.097260338
-0.14963404
-0.12263995
-0.096050543
-0.3999702
-0.39080203
-0.37625429
-0.37400274
-0.38417847
-0.38923911
-0.42887509
-0.41809155
-0.40120177
-0.41198411
-0.42477035
-0.43117185
-0.27034474
-0.2653544
-0.25739355
-0.25635947
-0.26224563
-0.26514392
-0.28639124
-0.28072036
-0.27169389
-0.27705043
-0.2840969
-0.28758494
-0.37643935
-0.3314124
-0.29132139
-0.34336871
-0.3038571
-0.26891201
-0.36506137
-0.32229313
-0.28415293
-0.40346336
-0.35403068
-0.30972461
-0.29902892
-0.32986757
-0.35519664
-0.28490983
-0.29098272
-0.29408541
-0.31442634
-0.34838027
-0.37703523
-0.21073826
-0.23043473
-0.24550277
-0.20103405
-0.20468691
-0.20654933
-0.22009592
-0.24154161
-0.25830387
-0.26357146
-0.23484694
-0.21007308
-0.2764435
-0.24585726
-0.21934327
-0.18047091
-0.18941512
-0.19791782
-0.18025947
-0.18821967
-0.1953046
-0.21401157
-0.23284839
-0.24645587
-0.15679279
-0.17189628
-0.19067775
-0.14359279
-0.15368729
-0.16761186
-0.15490076
-0.16953306
-0.18763461
-0.17851609
-0.20659012
-0.23571299
-0.10311391
-0.10504588
-0.10789454
-0.086035921
-0.090732483
-0.097963547
-0.087678157
-0.094422423
-0.10368831
-0.18833318
-0.15928932
-0.12727359
-0.16786873
-0.14583081
-0.11851873
-0.25230909
-0.26437113
-0.27556222
-0.23161206
-0.20695136
-0.18601182
-0.14168708
-0.14406228
-0.14801515
-0.14114804
-0.12585729
-0.11273223
-0.10270055
-0.10377581
-0.10562076
-0.1334835
-0.11971719
-0.10802855
-0.23332077
-0.20171173
-0.16350686
-0.2606695
-0.21941116
-0.17477528
-0.18475775
-0.15577314
-0.1241113
-0.15220064
-0.15519317
-0.15677019
-0.14711739
-0.13056116
-0.11643983
-0.10759215
-0.10901686
-0.10978129
-0.2732857
-0.22983159
-0.18285711
-0.19218693
-0.16144083
-0.12812973
-0.086140106
-0.092393061
-0.10113301
-0.15995019
-0.17570901
-0.19521964
-0.15047192
-0.15244527
-0.15349312
-0.087758211
-0.094533361
-0.10396914
-0.084300743
-0.084938341
-0.085319233
-0.14482112
-0.12366049
-0.099098404
-0.159708
-0.15483997
-0.14986212
-0.15552308
-0.15109277
-0.14655979
-0.1510348
-0.14703909
-0.14327171
-0.14119254
-0.13808435
-0.13586686
-0.12146506
-0.11947004
-0.11880241
-0.097971558
-0.096961274
-0.097040644
-0.13568431
-0.13735618
-0.13973278
-0.11860583
-0.11875901
-0.12008726
-0.096852534
-0.096336831
-0.096802156
-0.14065648
-0.14384495
-0.14763294
-0.11926256
-0.11940741
-0.1214252
-0.095635724
-0.094670047
-0.095361934
-0.14803403
-0.14492505
-0.14229983
-0.12177945
-0.12038403
-0.12077326
-0.09564519
-0.095445882
-0.096873923
-0.08298849
-0.082475539
-0.083048847
-0.081459121
-0.081093138
-0.082104554
-0.08134984
-0.08103937
-0.082177548
-0.4280307
-0.41729751
-0.40047886
-0.42175728
-0.41139512
-0.39509756
-0.40920761
-0.39955176
-0.38427701
-0.37403705
-0.36566071
-0.35234898
-0.32940989
-0.32246596
-0.31138553
-0.28968567
-0.28405756
-0.27506478
-0.35035427
-0.35976504
-0.36443271
-0.3098246
-0.3178178
-0.32176201
-0.27386638
-0.28046683
-0.28371609
-0.37539769
-0.39079864
-0.40059752
-0.33091293
-0.34364626
-0.3516851
-0.29114964
-0.30140181
-0.3078437
-0.40267442
-0.3968156
-0.38508403
-0.35337468
-0.34849956
-0.33868642
-0.30919433
-0.30524412
-0.29726793
-0.27552942
-0.27033339
-0.26204039
-0.28248661
-0.2769932
-0.26823377
-0.2859273
-0.28027743
-0.2712832
-0.37640146
-0.34783457
-0.31396529
-0.3716821
-0.34378925
-0.3105567
-0.36221534
-0.33574503
-0.30385816
-0.33298511
-0.30954068
-0.28081932
-0.29508164
-0.27501852
-0.25001768
-0.26168139
-0.24487168
-0.22336
-0.26758971
-0.27319748
-0.27605621
-0.23829953
-0.24309237
-0.24552732
-0.21298425
-0.21701532
-0.21906539
-0.29509481
-0.32672508
-0.35322035
-0.26227504
-0.2897527
-0.31233522
-0.23369649
-0.25721481
-0.27600568
-0.24965861
-0.23399104
-0.21369448
-0.25519866
-0.23880967
-0.21775897
-0.25793497
-0.24121499
-0.21981568
-0.24037
-0.22602542
-0.20725055
-0.22751418
-0.21526783
-0.19891372
-0.20963883
-0.19986557
-0.18829699
-0.18714907
-0.17952768
-0.17140177
-0.16909956
-0.16323628
-0.15679359
-0.15459257
-0.15017196
-0.14577557
-0.1712079
-0.17847852
-0.18486559
-0.1566196
-0.16239298
-0.16731588
-0.14562358
-0.14949675
-0.15316873
-0.19904875
-0.21674672
-0.23009331
-0.17895314
-0.192606
-0.20237484
-0.16121621
-0.16913374
-0.17563252
-0.23091097
-0.21882473
-0.20188383
-0.20297555
-0.19414894
-0.18111223
-0.17609432
-0.17031456
-0.16290475
-0.18472101
-0.1773437
-0.16998255
-0.15652921
-0.15104585
-0.14669325
-0.1252752
-0.12165846
-0.11908194
-0.15974143
-0.14692306
-0.13805231
-0.13896886
-0.12819402
-0.12111163
-0.11301394
-0.10455779
-0.099096414
-0.14744697
-0.16095533
-0.17796764
-0.12612389
-0.13663868
-0.1507004
-0.10160135
-0.10956525
-0.12047346
-0.10232484
-0.099918457
-0.098323906
-0.09344445
-0.091863601
-0.090958809
-0.087005658
-0.086081494
-0.085986969
-0.19023069
-0.19886284
-0.20665588
-0.2118134
-0.22172082
-0.23081601
-0.23719859
-0.24847584
-0.2589119
-0.23618966
-0.24631966
-0.2560708
-0.20239088
-0.20827578
-0.21579741
-0.1637767
-0.16706338
-0.17208017
-0.24493326
-0.218362
-0.19548774
-0.20622909
-0.18394537
-0.16476476
-0.16428022
-0.14651073
-0.13122713
-0.18199794
-0.17603433
-0.169668
-0.15379813
-0.14962316
-0.14626097
-0.12277662
-0.12028383
-0.11864366
-0.1768825
-0.19648211
-0.21958408
-0.15352237
-0.17026935
-0.19000124
-0.12469603
-0.13820081
-0.1540969
-0.13355099
-0.13569935
-0.13923417
-0.11977729
-0.12151073
-0.12433901
-0.10806099
-0.10937447
-0.11155392
-0.26456819
-0.27007885
-0.27290261
-0.22262451
-0.22717839
-0.22951548
-0.17720227
-0.18075627
-0.18260353
-0.25652351
-0.22819409
-0.20371315
-0.21563998
-0.19171738
-0.17111847
-0.17143192
-0.15223091
-0.13578522
-0.19195995
-0.19029914
-0.18706108
-0.16126638
-0.15998746
-0.1575168
-0.12800132
-0.12707153
-0.12530823
-0.14293548
-0.14555534
-0.14693153
-0.12726925
-0.12933075
-0.13041465
-0.11383546
-0.11545929
-0.11632274
-0.17481306
-0.15844564
-0.14536847
-0.1475519
-0.13406252
-0.12406994
-0.11762973
-0.10728475
-0.099850237
-0.097940287
-0.098762288
-0.10027799
-0.090635468
-0.090905977
-0.091804118
-0.085730264
-0.085365055
-0.08577088
-0.15642296
-0.15862841
-0.15978968
-0.17142656
-0.17411836
-0.17551732
-0.19000265
-0.19329939
-0.19498978
-0.1814878
-0.16383231
-0.14964534
-0.15258074
-0.13798398
-0.12712435
-0.12114942
-0.10997312
-0.10191007
-0.14469691
-0.14379041
-0.14210858
-0.12356658
-0.12289161
-0.12167121
-0.099031631
-0.098560315
-0.097745189
-0.10195814
-0.10320124
-0.10387695
-0.092990232
-0.093931879
-0.094460413
-0.086567131
-0.087281655
-0.087699975
-0.14059552
-0.13756209
-0.13530881
-0.14311241
-0.13975962
-0.13703579
-0.14608827
-0.14243608
-0.13937201
-0.11964275
-0.11783287
-0.11751996
-0.11925697
-0.11742118
-0.11733434
-0.12058859
-0.11863955
-0.11850762
-0.096144544
-0.095321634
-0.095738571
-0.094770559
-0.094067836
-0.094899873
-0.094958204
-0.09428297
-0.095211658
-0.38254833
-0.37374246
-0.35978129
-0.39407564
-0.38464847
-0.36977458
-0.39982473
-0.39007018
-0.37473272
-0.33658502
-0.32930981
-0.31771477
-0.34624681
-0.33849352
-0.32617621
-0.35104111
-0.34303622
-0.33035305
-0.29556168
-0.28968713
-0.28030165
-0.30342944
-0.2971996
-0.28726336
-0.30732209
-0.30090531
-0.29069124
-0.33950839
-0.31501419
-0.28531313
-0.34827677
-0.32247742
-0.29152042
-0.35263594
-0.3262203
-0.29466961
-0.30067324
-0.27973598
-0.25389545
-0.30814454
-0.28613081
-0.25922115
-0.31183994
-0.28932228
-0.2619116
-0.26634381
-0.24883736
-0.22663965
-0.27253858
-0.25418787
-0.23112474
-0.27559679
-0.25685557
-0.23339092
-0.19802742
-0.18923584
-0.17872995
-0.21414204
-0.20320209
-0.18841129
-0.22560349
-0.21285918
-0.19595781
-0.17805727
-0.17129773
-0.16286567
-0.19053253
-0.18232051
-0.17065583
-0.19896796
-0.18958037
-0.17647857
-0.16059916
-0.15558574
-0.15010077
-0.1677478
-0.16207218
-0.15509125
-0.17333343
-0.16702327
-0.15937279
-0.174774
-0.16822243
-0.16163432
-0.15845447
-0.15347666
-0.148425
-0.14554025
-0.1419273
-0.1388298
-0.14829157
-0.14350573
-0.13972258
-0.13482022
-0.13135426
-0.12873608
-0.12479119
-0.12242632
-0.12121813
-0.1187512
-0.11566211
-0.11349404
-0.10830344
-0.10620139
-0.10487256
-0.10070481
-0.09939981
-0.099063484
-0.22224352
-0.23164639
-0.24068223
-0.19878263
-0.20692984
-0.21472129
-0.17884536
-0.18582777
-0.19242835
-0.1906499
-0.19607077
-0.20294254
-0.1708471
-0.17544765
-0.18121098
-0.15400768
-0.15781177
-0.16253496
-0.15435274
-0.15734852
-0.16187002
-0.13841879
-0.14088771
-0.14456785
-0.12485583
-0.12679465
-0.12969268
-0.24852523
-0.25358545
-0.25617193
-0.22142101
-0.22570975
-0.22789671
-0.19804716
-0.20163164
-0.20346377
-0.20914044
-0.21325017
-0.21535515
-0.18635645
-0.18974651
-0.19148228
-0.16673032
-0.16949922
-0.17092494
-0.16643869
-0.16958107
-0.1712096
-0.14824137
-0.15075141
-0.15205293
-0.13259663
-0.13459561
-0.13564161
-0.16133588
-0.16704754
-0.17236124
-0.14815647
-0.15249584
-0.15651694
-0.13858101
-0.1410937
-0.14392846
-0.1393172
-0.14220691
-0.14583098
-0.12837626
-0.13023191
-0.13278126
-0.12091898
-0.12153094
-0.1231665
-0.11308248
-0.11440211
-0.11648906
-0.10452072
-0.10514612
-0.10647115
-0.098780427
-0.098600203
-0.099306083
-0.1768735
-0.17978176
-0.1812827
-0.16007844
-0.16243068
-0.16366295
-0.14663696
-0.14850921
-0.14950715
-0.14908911
-0.1512808
-0.15242476
-0.13523261
-0.13694594
-0.13785852
-0.12495284
-0.12629117
-0.12702297
-0.11866692
-0.12021194
-0.12103547
-0.10804891
-0.10923331
-0.10988228
-0.10040827
-0.10131951
-0.10183686
