MFEM mesh v1.0

#
# MFEM Geometry Types (see mesh/geom.hpp):
#
# POINT       = 0
# SEGMENT     = 1
# TRIANGLE    = 2
# SQUARE      = 3
# TETRAHEDRON = 4
# CUBE        = 5
#

dimension
3

elements
6
1 5 5 0 1 3 14 6 7 15
1 5 14 6 7 15 17 9 10 18
1 5 15 7 8 16 18 10 11 19
1 5 20 21 23 22 4 5 3 2
1 5 21 12 13 23 5 0 1 3
1 5 24 25 8 7 26 27 11 10

boundary
26
40 3 5 0 6 14
40 3 4 5 3 2
40 3 3 5 14 15
40 3 0 1 7 6
40 3 1 3 15 7
40 3 16 8 7 15
40 3 14 6 9 17
40 3 15 14 17 18
40 3 6 7 10 9
40 3 17 9 10 18
40 3 16 15 18 19
40 3 8 16 19 11
40 3 18 10 11 19
40 3 22 23 21 20
40 3 23 13 12 21
40 3 20 21 5 4
40 3 21 12 0 5
40 3 22 20 4 2
40 3 23 22 2 3
40 3 12 13 1 0
40 3 13 23 3 1
40 3 7 8 25 24
40 3 24 25 27 26
40 3 7 24 26 10
40 3 25 8 11 27
40 3 26 27 11 10

vertices
28

nodes
FiniteElementSpace
FiniteElementCollection: H1_3D_P4
VDim: 3
Ordering: 0

-0.066449439
-0.063851502
-0.20955488
-0.12805102
-0.20835137
-0.12826879
-0.055651449
-0.052520803
-0.055651449
-0.051243871
-0.047913207
-0.051243871
-0.017873777
-0.013835471
-0.13305751
-0.13292294
-0.13305751
-0.13219431
-0.13207172
-0.13219431
-0.2020654
-0.10058463
-0.20364901
-0.099343286
0.030215319
0.024510883
0.040861245
0.034794825
-0.074293252
-0.093365462
-0.11568114
-0.065639626
-0.0645048
-0.06393002
-0.072240951
-0.092096523
-0.11513837
-0.12806312
-0.12814857
-0.1282519
-0.069171493
-0.094649635
-0.11977847
-0.054645458
-0.053284743
-0.052611447
-0.066645128
-0.09316097
-0.11923584
-0.13309179
-0.13302136
-0.13293514
-0.13040776
-0.13259277
-0.133107
-0.06461044
-0.060761276
-0.057236285
-0.061892812
-0.057874731
-0.054178786
-0.13028059
-0.13248609
-0.13298051
-0.06552822
-0.092237927
-0.11844563
-0.050174738
-0.048726595
-0.048009441
-0.062825946
-0.090632358
-0.11787809
-0.13223817
-0.13217211
-0.1320845
-0.13287724
-0.13248892
-0.13223045
-0.05429046
-0.052370312
-0.05137955
-0.051091743
-0.049084801
-0.048053822
-0.13274322
-0.13236039
-0.13210718
-0.052611447
-0.053284743
-0.054645458
-0.069171493
-0.094649635
-0.11977847
-0.13293514
-0.13302136
-0.13309179
-0.048009441
-0.048726595
-0.050174738
-0.06552822
-0.092237927
-0.11844563
-0.1320845
-0.13217211
-0.13223817
-0.05429046
-0.052370312
-0.05137955
-0.13287724
-0.13248892
-0.13223045
-0.18379412
-0.1498554
-0.11717632
-0.10017756
-0.099633895
-0.099375938
-0.18489992
-0.15006878
-0.11645442
-0.20251159
-0.20320476
-0.20359427
-0.19396354
-0.16716004
-0.14134289
-0.19497192
-0.16776375
-0.14144339
-0.20951547
-0.20923203
-0.2087058
-0.20758765
-0.20582331
-0.20353913
-0.12533089
-0.11749699
-0.10703999
-0.12496556
-0.11673351
-0.1059018
-0.2088037
-0.20710647
-0.20498073
-0.02984797
-0.055724559
-0.0844892
-0.016434119
-0.014691694
-0.013931999
-0.026245823
-0.052988017
-0.082732718
-0.060525737
-0.045875873
-0.028179065
-0.057496285
-0.042244249
-0.024138942
0.030101106
0.029167899
0.026724665
-0.042060405
-0.016023474
0.010261752
-0.038314592
-0.011202757
0.015891165
0.040747713
0.039784894
0.037185222
-0.036808174
-0.0089871351
0.019403303
-0.032836039
-0.0038626632
0.02541533
0.033772901
0.038373865
0.040567527
0.0279164
0.032363553
0.0345054
-0.11516071
-0.0921377
-0.072302632
-0.11531585
-0.092439345
-0.072765728
-0.11556387
-0.092996285
-0.073661664
-0.1179227
-0.095544417
-0.075097803
-0.11987162
-0.096357232
-0.072991836
-0.12003125
-0.095325515
-0.070476147
-0.06375766
-0.062572774
-0.061974144
-0.059846102
-0.058589744
-0.0579598
-0.056254378
-0.054926681
-0.054267284
-0.073063552
-0.094378688
-0.11747244
-0.070723895
-0.095075195
-0.11940849
-0.068032979
-0.093894778
-0.11951403
-0.13029024
-0.13036029
-0.13042526
-0.13249604
-0.13256693
-0.13262344
-0.13299244
-0.13307471
-0.13314261
-0.11968901
-0.094224704
-0.068390654
-0.11943532
-0.093570056
-0.06728515
-0.11926168
-0.093210093
-0.066721614
-0.11945723
-0.09395732
-0.06807501
-0.11885858
-0.09289958
-0.066481017
-0.11849756
-0.09231806
-0.065643285
-0.053260189
-0.051870669
-0.051183763
-0.05131357
-0.049885547
-0.049179469
-0.050311436
-0.048865679
-0.048149751
-0.065491068
-0.092427891
-0.11890435
-0.063819171
-0.091319369
-0.11829455
-0.062946045
-0.090715578
-0.11793065
-0.13275608
-0.13284408
-0.13291534
-0.1323733
-0.13246174
-0.13253049
-0.13212008
-0.13220777
-0.13227429
-0.11835508
-0.091780772
-0.064696075
-0.1180891
-0.091074205
-0.063511932
-0.11790582
-0.090685743
-0.062908324
-0.11968901
-0.094224704
-0.068390654
-0.11943532
-0.093570056
-0.06728515
-0.11926168
-0.093210093
-0.066721614
-0.051183763
-0.051870669
-0.053260189
-0.049179469
-0.049885547
-0.05131357
-0.048149751
-0.048865679
-0.050311436
-0.06807501
-0.09395732
-0.11945723
-0.066481017
-0.09289958
-0.11885858
-0.065643285
-0.09231806
-0.11849756
-0.13291534
-0.13284408
-0.13275608
-0.13253049
-0.13246174
-0.1323733
-0.13227429
-0.13220777
-0.13212008
-0.11790582
-0.090685743
-0.062908324
-0.1180891
-0.091074205
-0.063511932
-0.11835508
-0.091780772
-0.064696075
-0.18486204
-0.15006056
-0.11647449
-0.18459167
-0.15000536
-0.11662622
-0.18410938
-0.14991596
-0.11694692
-0.18618849
-0.15393116
-0.12284088
-0.18994165
-0.16039262
-0.13193457
-0.19278787
-0.1652379
-0.13873163
-0.10668123
-0.10618289
-0.10593357
-0.11728499
-0.11694633
-0.11675844
-0.12526021
-0.1250939
-0.12498092
-0.12219655
-0.15415285
-0.1872102
-0.13159137
-0.16075305
-0.1909143
-0.13870827
-0.16576938
-0.19377838
-0.20493117
-0.20457821
-0.20394688
-0.20706315
-0.20675318
-0.20619165
-0.20876354
-0.20847443
-0.2079427
-0.19427778
-0.16738115
-0.14142685
-0.19471623
-0.16763869
-0.14146088
-0.19494122
-0.16774939
-0.14144675
-0.082780062
-0.053056594
-0.026334743
-0.083137972
-0.053591311
-0.027023981
-0.083909161
-0.054777099
-0.028585801
-0.091712491
-0.06424677
-0.039595377
-0.10350618
-0.078497138
-0.055970661
-0.11238732
-0.089555789
-0.069457733
-0.026782427
-0.025040107
-0.024241701
-0.04468675
-0.043110323
-0.042345976
-0.059566221
-0.058246349
-0.057586019
-0.036044648
-0.061626166
-0.090075794
-0.052859231
-0.076377438
-0.10230366
-0.067034333
-0.088055758
-0.11166018
-0.038418656
-0.039198007
-0.040817881
-0.011327003
-0.012271715
-0.014351117
0.015766905
0.014768207
0.012362337
0.033660373
0.032714851
0.030210914
0.038260503
0.037302187
0.034728614
0.040454674
0.039491819
0.036895278
0.013289073
-0.013753434
-0.040402953
0.01723299
-0.010703243
-0.038123477
0.019147162
-0.0091923197
-0.036965865
-0.036576859
-0.0088232518
0.019068266
-0.034200953
-0.0056422468
0.023174978
-0.032998299
-0.004073951
0.025153244
0.025287661
0.024237448
0.021667696
-0.0039924871
-0.0049921123
-0.0072025715
-0.032945112
-0.033771756
-0.035488596
-0.11784536
-0.095215919
-0.074488111
-0.11763352
-0.094701114
-0.073591296
-0.11749391
-0.094417706
-0.073128249
-0.11979501
-0.095991425
-0.072298174
-0.11957786
-0.095427839
-0.071304473
-0.11943071
-0.095117601
-0.070793632
-0.11994974
-0.094920015
-0.069726129
-0.11970543
-0.094289014
-0.068654703
-0.1195395
-0.093942617
-0.068108197
-0.11936895
-0.093522531
-0.067277936
-0.11910921
-0.092848907
-0.066145856
-0.11893141
-0.09247887
-0.065569839
-0.11876863
-0.092449891
-0.065660325
-0.1185041
-0.091754277
-0.064493997
-0.11832214
-0.091371953
-0.06390025
-0.11840755
-0.09186212
-0.06481296
-0.11814158
-0.091156693
-0.063630779
-0.11795853
-0.090768992
-0.063028407
-0.11893141
-0.09247887
-0.065569839
-0.11910921
-0.092848907
-0.066145856
-0.11936895
-0.093522531
-0.067277936
-0.11832214
-0.091371953
-0.06390025
-0.1185041
-0.091754277
-0.064493997
-0.11876863
-0.092449891
-0.065660325
-0.11795853
-0.090768992
-0.063028407
-0.11814158
-0.091156693
-0.063630779
-0.11840755
-0.09186212
-0.06481296
-0.18648382
-0.15400278
-0.12264853
-0.18692969
-0.15409631
-0.12236217
-0.18717581
-0.15414562
-0.12221615
-0.19023316
-0.16052359
-0.13185993
-0.19065668
-0.16067598
-0.13170225
-0.19088308
-0.16074403
-0.13160536
-0.19309282
-0.16543163
-0.13877049
-0.19352369
-0.16565829
-0.1387515
-0.19374778
-0.16575658
-0.13871458
-0.09118999
-0.063365235
-0.038388362
-0.090471368
-0.062229802
-0.036849067
-0.090122429
-0.061695414
-0.036137646
-0.10315453
-0.077823358
-0.054965454
-0.1026214
-0.07689989
-0.053610225
-0.10234229
-0.076438926
-0.052947989
-0.1122047
-0.08910577
-0.068704291
-0.11187724
-0.088448945
-0.067644706
-0.11168733
-0.088102709
-0.067107469
0.018944773
0.017928456
0.015463406
-0.0089476195
-0.0099089213
-0.012031641
-0.036680982
-0.037475073
-0.039126024
0.02304879
0.02201018
0.019472229
-0.0057700034
-0.0067554411
-0.0089370267
-0.034308152
-0.035122683
-0.036817035
0.025026435
0.02397704
0.021411149
-0.0042030062
-0.0052012832
-0.0074081059
-0.033106659
-0.033932172
-0.035646107
-0.085685808
2.3214812e-16
2.2877918e-16
2.469721e-16
-0.089606109
-0.086649793
-0.084801907
2.4286123e-16
0.084801907
-0.086191786
2.5097509e-16
0.086191786
-0.10394788
1.9268663e-16
-0.083249948
2.5777263e-16
0.083249948
-0.084481939
2.5749541e-16
0.084481939
-0.11722119
-0.11113265
2.1701956e-16
2.2222008e-16
2.3710677e-16
0.1070958
2.4304686e-16
0.11026941
-0.085398594
-0.085320451
-0.086068969
-0.071958594
-0.044340926
-0.015462074
2.3693275e-16
2.1886082e-16
2.3519658e-16
-0.015434005
-0.044381653
-0.072427385
-0.083419985
-0.082397578
-0.082785344
-0.070842025
-0.04337976
-0.015080257
2.5447639e-16
2.4601085e-16
2.4812111e-16
-0.069027497
-0.041863968
-0.014488665
-0.084913793
-0.083254928
-0.083068304
-0.085073443
-0.084382523
-0.084524629
2.3498878e-16
2.3409566e-16
2.4600804e-16
2.479314e-16
2.4336002e-16
2.4500138e-16
-0.084690881
-0.083598481
-0.083999924
-0.071859521
-0.043874044
-0.015227074
2.5199033e-16
2.5302671e-16
2.6096169e-16
-0.069860061
-0.042204805
-0.014576045
-0.083539951
-0.084088655
-0.084433422
-0.085148303
-0.085764824
-0.086138838
2.4195334e-16
2.4862825e-16
2.5029966e-16
2.5628317e-16
2.5375122e-16
2.5556733e-16
0.015080257
0.04337976
0.070842025
0.083419985
0.082397578
0.082785344
0.014488665
0.041863968
0.069027497
0.015227074
0.043874044
0.071859521
0.084690881
0.083598481
0.083999924
0.014576045
0.042204805
0.069860061
0.085148303
0.085764824
0.086138838
0.083539951
0.084088655
0.084433422
-0.11670989
-0.11505659
-0.11263486
-0.09267075
-0.056615187
-0.019661445
2.2758275e-16
2.2880153e-16
2.2963938e-16
-0.097593971
-0.059478223
-0.020626863
-0.08931616
-0.08845075
-0.08729591
2.3644818e-16
2.2200883e-16
2.3819386e-16
-0.015860183
-0.045679846
-0.07475662
-0.092379633
-0.10004409
-0.11060583
-0.089112209
-0.095872639
-0.10522736
2.4071143e-16
2.2512998e-16
2.0658596e-16
2.3158693e-16
2.2829674e-16
2.1413456e-16
-0.10454069
-0.10668306
-0.10956822
-0.087125347
-0.053590523
-0.018672006
2.0710495e-16
2.1415554e-16
1.985858e-16
-0.08703916
-0.091708842
-0.099062166
2.0643577e-16
2.0608425e-16
2.0452086e-16
0.018884335
0.054405995
0.089188946
0.086888106
0.092936594
0.10157909
2.3941558e-16
2.3635357e-16
2.3609677e-16
0.019316322
0.055741112
0.091649167
0.088461925
0.0950379
0.1043597
2.5019875e-16
2.4595592e-16
2.4405774e-16
2.3301283e-16
2.3803821e-16
2.4111056e-16
0.10800945
0.10940125
0.11016456
-0.015371268
-0.015326557
-0.015399584
-0.044174458
-0.043992063
-0.044168142
-0.071999369
-0.071519199
-0.071688735
-0.08439079
-0.083817233
-0.084234569
-0.082788691
-0.082353559
-0.083194342
-0.082602747
-0.082215019
-0.083190515
-0.071400179
-0.04397842
-0.015331075
-0.07070444
-0.043468531
-0.015140115
-0.07066922
-0.043329613
-0.015072163
2.3768923e-16
2.3270329e-16
2.4426519e-16
2.3602426e-16
2.3520076e-16
2.2936275e-16
2.4532468e-16
2.4598096e-16
2.4666359e-16
-0.015088378
-0.043407953
-0.070914101
-0.014676134
-0.042289559
-0.069330033
-0.014510757
-0.04189273
-0.068954742
-0.068715766
-0.068601984
-0.069638101
-0.041744614
-0.041834311
-0.042603709
-0.014458919
-0.014516184
-0.014804903
-0.083069895
-0.082681782
-0.083727886
-0.083611575
-0.083216262
-0.084292508
-0.083951889
-0.083551269
-0.084641829
-0.07107644
-0.043478261
-0.015105724
-0.071531441
-0.043700513
-0.015172214
-0.071817823
-0.043851744
-0.015219825
2.5027205e-16
2.4508389e-16
2.5215383e-16
2.4253239e-16
2.5026576e-16
2.4949085e-16
2.5118582e-16
2.464701e-16
2.6063983e-16
-0.014493207
-0.041908475
-0.06919546
-0.014534442
-0.042065355
-0.069571981
-0.014570329
-0.042186568
-0.069823023
-0.069541597
-0.069437061
-0.070551734
-0.042087521
-0.042197811
-0.043030642
-0.014547886
-0.014614662
-0.014927764
0.068715766
0.068601984
0.069638101
0.041744614
0.041834311
0.042603709
0.014458919
0.014516184
0.014804903
0.015105724
0.043478261
0.07107644
0.015172214
0.043700513
0.071531441
0.015219825
0.043851744
0.071817823
0.083727886
0.082681782
0.083069895
0.084292508
0.083216262
0.083611575
0.084641829
0.083551269
0.083951889
0.06919546
0.041908475
0.014493207
0.069571981
0.042065355
0.014534442
0.069823023
0.042186568
0.014570329
0.014547886
0.014614662
0.014927764
0.042087521
0.042197811
0.043030642
0.069541597
0.069437061
0.070551734
-0.020536095
-0.020262093
-0.019883335
-0.0592171
-0.058413236
-0.057285576
-0.097166178
-0.09581159
-0.093858463
-0.11014626
-0.10867543
-0.10654218
-0.099669551
-0.098502134
-0.096856478
-0.092068052
-0.091125245
-0.089845134
-0.087774694
-0.053654095
-0.018638601
-0.08007222
-0.049027111
-0.017044499
-0.074502779
-0.045666498
-0.015883463
2.173333e-16
2.1032356e-16
2.2244716e-16
2.2886966e-16
2.4103723e-16
2.0888158e-16
2.4163388e-16
2.2171524e-16
2.4578049e-16
-0.019482065
-0.05616291
-0.09211013
-0.017680737
-0.05093405
-0.083409083
-0.016365357
-0.047125026
-0.077094113
-0.074517177
-0.073819933
-0.072913748
-0.04553651
-0.045133738
-0.044635061
-0.015810832
-0.015675857
-0.015513366
-0.019436926
-0.019050167
-0.018765896
-0.055932836
-0.054741703
-0.053867138
-0.091438824
-0.089229862
-0.087603684
-0.10387517
-0.10139896
-0.09958698
-0.094888077
-0.093208858
-0.092076998
-0.088433443
-0.087430287
-0.087136263
-0.083047623
-0.051100323
-0.017806745
-0.076956712
-0.047405613
-0.016527136
-0.073083623
-0.045043206
-0.015706461
2.0729929e-16
2.0037156e-16
2.0947944e-16
2.0981537e-16
2.1707785e-16
2.3126025e-16
2.1586509e-16
2.2199237e-16
2.2865096e-16
0.015456631
0.044457631
0.0725947
0.016475994
0.047418265
0.077541097
0.017930364
0.051647005
0.084621341
0.01899698
0.054764308
0.089876757
0.019188031
0.055353519
0.090960446
0.019300223
0.055693253
0.091564452
0.10237107
0.09351314
0.087295727
0.10359102
0.094438031
0.087991223
0.10426679
0.094964833
0.088404154
2.4032242e-16
2.3947921e-16
2.2941325e-16
2.4852246e-16
2.4089659e-16
2.3776202e-16
2.4734876e-16
2.4928254e-16
2.405041e-16
0.018299002
0.05279627
0.086763351
0.016738784
0.048253225
0.079138203
0.015636262
0.045046453
0.073767788
-0.070531965
-0.07020651
-0.070658756
-0.04323059
-0.043147282
-0.043504908
-0.015035797
-0.015026395
-0.015162938
-0.069005457
-0.068821373
-0.069668223
-0.042153796
-0.042176414
-0.042802272
-0.014639232
-0.014669371
-0.014903804
-0.068638141
-0.068517051
-0.069503573
-0.041768175
-0.041847018
-0.042579321
-0.014478706
-0.014531226
-0.01480573
-0.06888129
-0.068774499
-0.069837209
-0.041789631
-0.04188851
-0.042679662
-0.014463872
-0.014525158
-0.014822201
-0.069255556
-0.069151382
-0.070247966
-0.041947758
-0.042054685
-0.042873035
-0.014505938
-0.014571002
-0.01487852
-0.069504584
-0.069400278
-0.070512756
-0.042069134
-0.042179122
-0.043010237
-0.014542074
-0.014608691
-0.014921117
0.014463872
0.014525158
0.014822201
0.041789631
0.04188851
0.042679662
0.06888129
0.068774499
0.069837209
0.014505938
0.014571002
0.01487852
0.041947758
0.042054685
0.042873035
0.069255556
0.069151382
0.070247966
0.014542074
0.014608691
0.014921117
0.042069134
0.042179122
0.043010237
0.069504584
0.069400278
0.070512756
-0.091726531
-0.090524424
-0.088809123
-0.055929675
-0.055218915
-0.054233766
-0.019401129
-0.019159399
-0.018829541
-0.083097926
-0.082148852
-0.080836016
-0.050746172
-0.050189735
-0.049446046
-0.017615757
-0.017427496
-0.01718059
-0.076835979
-0.07607336
-0.075061479
-0.046970065
-0.046527002
-0.045963794
-0.016311894
-0.01616287
-0.015977957
-0.086715299
-0.084835491
-0.083471395
-0.05307332
-0.052072381
-0.051347183
-0.018448517
-0.018125713
-0.017891027
-0.079313044
-0.078076146
-0.077254048
-0.048622988
-0.047995504
-0.047579617
-0.016914472
-0.01671779
-0.016586933
-0.073992312
-0.07330074
-0.073153627
-0.045409477
-0.045099677
-0.045081709
-0.015803454
-0.015714766
-0.015719629
0.018024165
0.051949393
0.085211559
0.016537693
0.047624086
0.077960779
0.015492703
0.044586947
0.072880075
0.018187439
0.052457132
0.086155964
0.016654718
0.047994676
0.078667796
0.01557337
0.044849966
0.073402263
0.018284926
0.052754251
0.086688404
0.016728019
0.048220816
0.079079566
0.015628044
0.045021476
0.073721654
-0.14912767
-0.15363836
-0.17881949
-0.16959823
-0.17256831
-0.16401453
-0.08393419
-0.085372903
-0.08393419
1.7503644e-16
1.7456934e-16
1.6223969e-16
-0.19840661
-0.20680315
-0.082015121
-0.083307822
-0.082015121
1.6830079e-16
1.6256034e-16
1.5418774e-16
-0.27180783
-0.2519537
-0.2880561
-0.26553634
-0.10988562
-0.10663477
1.7683718e-16
1.6105666e-16
-0.15145151
-0.15658798
-0.16160951
-0.15047192
-0.15244527
-0.15349312
-0.15613922
-0.16161024
-0.16700857
-0.1694245
-0.16815929
-0.16572498
-0.08243843
-0.081254277
-0.081564755
-0.084300743
-0.084938341
-0.085319233
-0.083761352
-0.082514739
-0.082841229
-0.082328122
-0.082903006
-0.083258134
-0.14963404
-0.12263995
-0.096050543
-0.14097573
-0.12087842
-0.097260338
-0.14482112
-0.12366049
-0.099098404
-0.15419687
-0.12562616
-0.097819809
1.7578996e-16
1.7040084e-16
1.5905195e-16
1.7221306e-16
1.7664698e-16
1.7499637e-16
1.6722509e-16
1.6536593e-16
1.5861499e-16
1.7408719e-16
1.6338383e-16
1.5147266e-16
-0.067986259
-0.041217122
-0.014262026
-0.070115992
-0.042933456
-0.014924473
-0.071187374
-0.043473137
-0.015089346
-0.068885212
-0.041612343
-0.014370835
-0.085319233
-0.084938341
-0.084300743
-0.08243843
-0.081254277
-0.081564755
-0.083258134
-0.082903006
-0.082328122
1.6665144e-16
1.6482191e-16
1.6588338e-16
1.5830062e-16
1.5312241e-16
1.4969673e-16
1.4853442e-16
1.5182873e-16
1.6306522e-16
-0.070115992
-0.042933456
-0.014924473
-0.067986259
-0.041217122
-0.014262026
-0.27034474
-0.2653544
-0.25739355
-0.25635947
-0.26224563
-0.26514392
-0.28639124
-0.28072036
-0.27169389
-0.27705043
-0.2840969
-0.28758494
-0.17184758
-0.16956821
-0.16618471
-0.17804579
-0.1755933
-0.1719436
-0.1786252
-0.17720755
-0.17448112
-0.1885493
-0.21994794
-0.2531775
-0.17851609
-0.20659012
-0.23571299
-0.18524235
-0.21574245
-0.24771187
-0.19613708
-0.23051561
-0.26737849
-0.21073826
-0.23043473
-0.24550277
-0.20103405
-0.20468691
-0.20654933
-0.22009592
-0.24154161
-0.25830387
-0.15490076
-0.16953306
-0.18763461
-0.15995019
-0.17570901
-0.19521964
-0.10978129
-0.10901686
-0.10759215
-0.086140106
-0.092393061
-0.10113301
-0.087758211
-0.094533361
-0.10396914
1.7271679e-16
1.6626444e-16
1.6347547e-16
1.6674915e-16
1.7174144e-16
1.60161e-16
1.7514295e-16
1.7590156e-16
1.7530749e-16
-0.091342992
-0.055548669
-0.019243888
-0.088800519
-0.054148642
-0.018787187
-0.16684041
-0.16145165
-0.1559893
-0.16561392
-0.16029977
-0.15490517
-0.1632614
-0.15810786
-0.1528567
-0.14763294
-0.14384495
-0.14065648
-0.1214252
-0.11940741
-0.11926256
-0.095361934
-0.094670047
-0.095635724
-0.14210858
-0.14379041
-0.14469691
-0.12167121
-0.12289161
-0.12356658
-0.097745189
-0.098560315
-0.099031631
-0.14446938
-0.1479476
-0.15203822
-0.12190923
-0.12212434
-0.12432125
-0.097351824
-0.096351476
-0.097093547
-0.15405176
-0.15299712
-0.15100155
-0.12552663
-0.12480713
-0.12349754
-0.097753859
-0.097291412
-0.096503135
-0.081872939
-0.081562434
-0.08276732
-0.082441432
-0.082122409
-0.083354479
-0.082791989
-0.082466536
-0.083711456
-0.067686684
-0.067640708
-0.068816058
-0.041105878
-0.041239785
-0.042097332
-0.014235232
-0.014308281
-0.014628127
-0.070371084
-0.070849485
-0.071144663
-0.043047981
-0.043290089
-0.043449788
-0.014956097
-0.015030499
-0.01508165
-0.069787926
-0.068542169
-0.068580339
-0.042573258
-0.041658649
-0.041504647
-0.014770486
-0.014428695
-0.014346238
-0.068846712
-0.068583511
-0.068178271
-0.041592766
-0.04146085
-0.04128029
-0.014364569
-0.014324342
-0.014273774
1.6429195e-16
1.6737587e-16
1.7410721e-16
1.6536697e-16
1.7364698e-16
1.7299381e-16
1.6087688e-16
1.6369677e-16
1.7315358e-16
-0.081872939
-0.081562434
-0.08276732
-0.082441432
-0.082122409
-0.083354479
-0.082791989
-0.082466536
-0.083711456
-0.071144663
-0.070849485
-0.070371084
-0.043449788
-0.043290089
-0.043047981
-0.01508165
-0.015030499
-0.014956097
-0.068816058
-0.067640708
-0.067686684
-0.042097332
-0.041239785
-0.041105878
-0.014628127
-0.014308281
-0.014235232
-0.068178271
-0.068583511
-0.068846712
-0.04128029
-0.04146085
-0.041592766
-0.014273774
-0.014324342
-0.014364569
1.5884038e-16
1.5615967e-16
1.6352585e-16
1.5487643e-16
1.5692681e-16
1.6037963e-16
1.6160603e-16
1.5750176e-16
1.605153e-16
-0.2859273
-0.28027743
-0.2712832
-0.28248661
-0.2769932
-0.26823377
-0.27552942
-0.27033339
-0.26204039
-0.25187789
-0.24747623
-0.24049467
-0.21891212
-0.21548713
-0.21016289
-0.18773109
-0.18509921
-0.1811223
-0.23960834
-0.24479901
-0.24736622
-0.20950576
-0.21347767
-0.21547123
-0.18061722
-0.18353996
-0.18503773
-0.25309246
-0.26095566
-0.26591579
-0.21969997
-0.22559146
-0.22937538
-0.18808005
-0.19239987
-0.19525337
-0.2669685
-0.26391487
-0.25776684
-0.23020279
-0.22789434
-0.22330617
-0.19590722
-0.19421484
-0.19091769
-0.17374584
-0.17141642
-0.16795254
-0.17644879
-0.17404331
-0.17046234
-0.17785345
-0.1754066
-0.17176523
-0.25793497
-0.24121499
-0.21981568
-0.25519866
-0.23880967
-0.21775897
-0.24965861
-0.23399104
-0.21369448
-0.23009331
-0.21674672
-0.19904875
-0.20237484
-0.192606
-0.17895314
-0.17563252
-0.16913374
-0.16121621
-0.19000265
-0.19329939
-0.19498978
-0.17142656
-0.17411836
-0.17551732
-0.15642296
-0.15862841
-0.15978968
-0.20750444
-0.22668488
-0.2414472
-0.18582098
-0.20046171
-0.21111659
-0.16674562
-0.17513671
-0.18213004
-0.087699975
-0.087281655
-0.086567131
-0.094460413
-0.093931879
-0.092990232
-0.10387695
-0.10320124
-0.10195814
-0.091258118
-0.090648767
-0.08952973
-0.055500142
-0.055153392
-0.054536185
-0.019227466
-0.019112239
-0.018910502
-0.084256329
-0.077094742
-0.071971491
-0.05141907
-0.047146699
-0.044075546
-0.017847794
-0.016380889
-0.015323329
-0.073194536
-0.078738928
-0.086461885
-0.044706825
-0.048023745
-0.05262276
-0.015519946
-0.016660716
-0.018238019
1.7442939e-16
1.6981042e-16
1.6182358e-16
1.7501687e-16
1.6964812e-16
1.6841355e-16
1.7140507e-16
1.6747102e-16
1.6490395e-16
-0.14894678
-0.14505987
-0.14176783
-0.15087542
-0.14685617
-0.14344274
-0.15189677
-0.14781506
-0.14434339
-0.12225313
-0.12018158
-0.12000917
-0.1235246
-0.12137335
-0.12117235
-0.12422402
-0.12203282
-0.12181909
-0.095802179
-0.095100572
-0.096076638
-0.096575301
-0.095849481
-0.09684126
-0.097028346
-0.096288568
-0.097287609
-0.067876901
-0.067838355
-0.069037104
-0.068280632
-0.06824381
-0.069473206
-0.068541817
-0.068504048
-0.069747779
-0.041170114
-0.041313602
-0.042190444
-0.04135265
-0.041503793
-0.042405266
-0.041484871
-0.041638663
-0.042551692
-0.014247607
-0.014324837
-0.014652053
-0.014299305
-0.014380205
-0.014716918
-0.014339854
-0.014422182
-0.014763348
-0.068541817
-0.068504048
-0.069747779
-0.068280632
-0.06824381
-0.069473206
-0.067876901
-0.067838355
-0.069037104
-0.041484871
-0.041638663
-0.042551692
-0.04135265
-0.041503793
-0.042405266
-0.041170114
-0.041313602
-0.042190444
-0.014339854
-0.014422182
-0.014763348
-0.014299305
-0.014380205
-0.014716918
-0.014247607
-0.014324837
-0.014652053
-0.25642089
-0.25185037
-0.24459392
-0.2624965
-0.25768216
-0.25003965
-0.26551181
-0.26056881
-0.25273231
-0.2222414
-0.21870956
-0.21321043
-0.22678296
-0.22309404
-0.21734571
-0.22906657
-0.22529381
-0.21941974
-0.19008225
-0.18738512
-0.18330439
-0.1933498
-0.19055583
-0.186324
-0.19502629
-0.19217969
-0.18787074
-0.23378396
-0.21992959
-0.20172311
-0.23868731
-0.22423301
-0.20538716
-0.24112169
-0.22639357
-0.20725299
-0.20516155
-0.19507048
-0.18108414
-0.20894925
-0.19848478
-0.18407047
-0.21085849
-0.20022448
-0.18561073
-0.17766718
-0.17098638
-0.16291789
-0.18048418
-0.17359695
-0.16531822
-0.1819342
-0.17495166
-0.16657568
-0.086386993
-0.085850383
-0.08487905
-0.078679908
-0.078263073
-0.077535612
-0.073147614
-0.072820606
-0.072276808
-0.052580201
-0.052276512
-0.051745461
-0.047990601
-0.047757852
-0.047368817
-0.04468094
-0.044501723
-0.044220166
-0.018223652
-0.01812315
-0.017950584
-0.0166496
-0.016573325
-0.016448808
-0.01551133
-0.015453372
-0.01536527
