MFEM mesh v1.0

#
# MFEM Geometry Types (see mesh/geom.hpp):
#
# POINT       = 0
# SEGMENT     = 1
# TRIANGLE    = 2
# SQUARE      = 3
# TETRAHEDRON = 4
# CUBE        = 5
#

dimension
3

elements
7
1 5 14 2 3 15 17 5 6 18
1 5 15 3 4 16 18 6 7 19
1 5 17 5 6 18 20 8 9 21
1 5 20 8 9 21 10 0 1 11
1 5 22 5 8 23 24 6 9 25
1 5 23 8 0 12 25 9 1 13
1 5 26 12 0 10 27 13 1 11

boundary
26
42 3 15 3 2 14
42 3 16 4 3 15
42 3 14 2 5 17
42 3 15 14 17 18
42 3 2 3 6 5
42 3 16 15 18 19
42 3 3 4 7 6
42 3 4 16 19 7
42 3 18 6 7 19
42 3 17 5 8 20
42 3 18 17 20 21
42 3 6 18 21 9
42 3 20 8 0 10
42 3 21 20 10 11
42 3 9 21 11 1
42 3 23 8 5 22
42 3 12 0 8 23
42 3 22 5 6 24
42 3 23 22 24 25
42 3 24 6 9 25
42 3 12 23 25 13
42 3 25 9 1 13
42 3 10 0 12 26
42 3 26 12 13 27
42 3 10 26 27 11
42 3 27 13 1 11

vertices
28

nodes
FiniteElementSpace
FiniteElementCollection: H1_3D_P4
VDim: 3
Ordering: 0

0.19396305
0.042399647
0.24847343
0.07733117
-0.012592879
0.27115431
0.091822129
-0.0043627827
0.24847343
0.07733117
0.18331332
0.056891641
0.063118382
-0.048044756
0.26996421
0.11755195
0.024510883
0.29620417
0.13450498
0.034794825
0.26996421
0.11755195
0.10812103
0.092726462
-0.022316481
-0.031599783
0.042616678
-0.049994851
0.26402452
0.28070425
0.27870447
0.20863931
0.14702189
0.098784834
0.089865617
0.10716795
0.11592315
0.23393439
0.17974257
0.1370856
0.28745865
0.30551306
0.30484845
0.22972083
0.16529326
0.11452174
0.10488499
0.12313709
0.13271242
0.25793182
0.20053322
0.15525996
0.27838473
0.28976694
0.29543704
0.25543471
0.26531138
0.2704517
0.081811546
0.088122514
0.091378856
0.12309187
0.13044035
0.13402339
0.058064364
0.026408175
-0.0002038044
-0.0025344991
0.012130686
0.021326418
0.099441704
0.067961382
0.03903704
0.071365765
0.037582576
0.0090008422
0.006182438
0.021580443
0.031392017
0.11523121
0.081604001
0.050498752
-0.010016227
-0.0064364212
-0.0046114999
0.0279164
0.032363553
0.0345054
0.26402452
0.28070425
0.27870447
0.20863931
0.14702189
0.098784834
0.089865617
0.10716795
0.11592315
0.23393439
0.17974257
0.1370856
0.29543704
0.28976694
0.27838473
0.2704517
0.26531138
0.25543471
0.091378856
0.088122514
0.081811546
0.13402339
0.13044035
0.12309187
0.19864298
0.20054484
0.19234645
0.15817717
0.10344519
0.061094114
0.046695082
0.053101738
0.056509421
0.15375604
0.1088079
0.073222545
0.20296434
0.23497843
0.25971675
0.20371461
0.22282701
0.24051992
0.048423451
0.060716852
0.072176107
0.071128515
0.093776266
0.1106782
0.25072743
0.20213432
0.14288406
0.22875039
0.18193156
0.12556927
0.1076396
0.10410054
0.097385245
0.076523564
0.04196899
0.0012276166
0.06261028
0.029400173
-0.0093162761
-0.022608139
-0.024748767
-0.028803783
0.078410155
0.031547844
-0.0056921061
0.06414011
0.019322474
-0.015961013
0.17761954
0.13927435
0.091317482
0.067220282
0.076900736
0.087551163
0.031277675
0.0045540258
-0.028598938
-0.046207631
-0.040917181
-0.034698153
0.036947138
-0.0033954647
-0.034453961
0.060009789
0.054802709
0.047862098
0.16238301
0.11873568
0.070313343
-0.049187063
-0.049803622
-0.049817461
0.04125899
0.0080681266
-0.028992408
0.020651021
-0.012490668
-0.03833889
0.13651071
0.12889813
0.11167315
0.18195994
0.17748099
0.16065097
0.24021407
0.23987764
0.22334949
0.28703529
0.28844114
0.27123605
0.29836387
0.29922553
0.28143814
0.30407767
0.30475976
0.28673409
0.21511068
0.1526391
0.10363815
0.22429151
0.16059672
0.11049206
0.22906895
0.16472969
0.11403879
0.094542773
0.11222303
0.12137866
0.10107637
0.1191615
0.12864642
0.10442913
0.12266285
0.13223267
0.14299538
0.18645182
0.24164079
0.15087655
0.19547217
0.25205376
0.15474
0.19993126
0.25723132
0.26419697
0.26281767
0.24506596
0.20266374
0.19733412
0.17947924
0.15456283
0.14612206
0.12794175
0.035722565
0.025911234
0.010372757
0.064763054
0.054543548
0.037850541
0.097050408
0.087481127
0.070241909
0.062190392
0.029896705
0.0026837038
0.067981889
0.034759708
0.0066854864
0.070961025
0.037245172
0.0087245045
0.00022282989
0.015175517
0.0246499
0.0040083327
0.019272481
0.028996434
0.0059215267
0.021304364
0.031108244
0.04284876
0.072478619
0.10462787
0.047800001
0.078381414
0.11146755
0.050180895
0.081223519
0.11478661
0.1126471
0.10225353
0.084074577
0.078169461
0.067151402
0.049552319
0.046948333
0.036435492
0.020084714
0.30407767
0.30475976
0.28673409
0.29836387
0.29922553
0.28143814
0.28703529
0.28844114
0.27123605
0.22906895
0.16472969
0.11403879
0.22429151
0.16059672
0.11049206
0.21511068
0.1526391
0.10363815
0.10442913
0.12266285
0.13223267
0.10107637
0.1191615
0.12864642
0.094542773
0.11222303
0.12137866
0.15474
0.19993126
0.25723132
0.15087655
0.19547217
0.25205376
0.14299538
0.18645182
0.24164079
0.24021407
0.23987764
0.22334949
0.18195994
0.17748099
0.16065097
0.13651071
0.12889813
0.11167315
0.26873852
0.27144772
0.25576707
0.24441958
0.24987592
0.23708456
0.21240494
0.22025973
0.21470717
0.20124006
0.14059399
0.093214724
0.18481186
0.12634189
0.080856399
0.16709116
0.1110461
0.067610113
0.084498442
0.10104572
0.10928558
0.072176386
0.086560166
0.092816175
0.057418213
0.066530052
0.070674113
0.12978237
0.17150763
0.22451143
0.11192264
0.1515251
0.20175212
0.088125377
0.12518035
0.17203688
0.16027992
0.16561787
0.16272204
0.11169738
0.11255383
0.10790778
0.07369982
0.071423334
0.065467211
0.13082534
0.18813502
0.23547901
0.13838298
0.19692937
0.24505674
0.14234235
0.20151026
0.25004576
0.110615
0.16553431
0.21065284
0.059746266
0.10802369
0.1480801
0.019303551
0.062382318
0.098631749
0.19025535
0.14677794
0.094562088
0.13041917
0.091840367
0.045962837
0.083479785
0.048609941
0.0076770381
0.068448605
0.074678812
0.077962132
0.02301101
0.028348933
0.031164088
-0.012867263
-0.0083817824
-0.0060148805
0.00089594757
0.041581156
0.076094149
-0.0015194688
0.038735923
0.072953399
-0.0061296398
0.033258468
0.066883527
0.096034064
0.14468755
0.18537454
0.10730141
0.15955665
0.20396794
0.11963203
0.1748993
0.22093311
0.14315602
0.10756265
0.063110974
0.090198377
0.058763205
0.019621625
0.049305004
0.021107485
-0.01389901
0.040548503
0.049490838
0.059323197
-0.00055404261
0.0068673729
0.015213044
-0.032307102
-0.026322205
-0.019398871
-0.012922184
0.025017018
0.057586538
-0.020211932
0.015633093
0.046848718
-0.026473178
0.0070352252
0.035360795
0.1705889
0.17859894
0.17803196
0.12573492
0.1332281
0.13647272
0.076097479
0.083348056
0.088258551
0.024510217
0.029806868
0.03408105
-0.010616168
-0.0080389959
-0.005502877
-0.037731278
-0.037043884
-0.035891766
0.13402574
0.092790076
0.046881003
0.090985479
0.053410856
0.011436993
0.056892329
0.02228808
-0.016379264
-0.029008057
-0.029547656
-0.029581529
0.0078026624
0.0059482682
0.0039562111
0.040796051
0.037980166
0.032780347
0.24787219
0.24703639
0.23004431
0.18860519
0.18369867
0.16646867
0.14234857
0.13432707
0.11672368
0.25826511
0.25700934
0.23949466
0.19757483
0.19232929
0.17466192
0.15016588
0.14181245
0.12380127
0.26349251
0.26212216
0.24439699
0.20206092
0.19673545
0.17890132
0.15404356
0.14560774
0.12744621
0.10214595
0.092181999
0.074568774
0.069181945
0.058592673
0.041539692
0.03944383
0.029313727
0.01345467
0.10889311
0.098596799
0.080582966
0.074974979
0.064062187
0.046623654
0.044286018
0.033871807
0.017667631
0.11220567
0.10181871
0.083658043
0.077794078
0.066784351
0.049203191
0.046636531
0.036131851
0.019797598
0.26349251
0.26212216
0.24439699
0.20206092
0.19673545
0.17890132
0.15404356
0.14560774
0.12744621
0.25826511
0.25700934
0.23949466
0.19757483
0.19232929
0.17466192
0.15016588
0.14181245
0.12380127
0.24787219
0.24703639
0.23004431
0.18860519
0.18369867
0.16646867
0.14234857
0.13432707
0.11672368
0.23102274
0.23130689
0.21570992
0.17395721
0.17001846
0.15401137
0.12943782
0.12234895
0.10589634
0.20858754
0.2113364
0.19837335
0.15433245
0.15257264
0.13891134
0.11197692
0.10693137
0.09268616
0.17891614
0.18391725
0.17768323
0.12822792
0.12859415
0.1209312
0.088601993
0.085669699
0.076919313
0.11011026
0.16495281
0.21001797
0.10643664
0.16069777
0.20538666
0.099422637
0.15252595
0.19648989
0.059312879
0.10752269
0.14753152
0.056156742
0.10385201
0.14352585
0.050133334
0.096800957
0.13582179
0.018937514
0.061956428
0.098162514
0.016274096
0.058835503
0.094734699
0.011190763
0.052833187
0.08812372
0.089031179
0.14021961
0.18295961
0.077649116
0.12602717
0.167257
0.067242729
0.11228862
0.15003909
0.041229447
0.08619475
0.12409223
0.031545071
0.074028019
0.11053139
0.022881348
0.062489408
0.095820235
0.0036934525
0.043806763
0.078025988
-0.0043855608
0.033511975
0.066375076
-0.011426435
0.023966727
0.053856118
0.051074853
0.056449936
0.060317481
0.097798436
0.10298993
0.10506862
0.13990854
0.14528516
0.14366586
0.013353244
0.01565894
0.017640703
0.055576459
0.057091618
0.057144161
0.093491918
0.094636089
0.091198862
-0.015905661
-0.015702807
-0.015184256
0.022641537
0.021660284
0.020207556
0.057199782
0.055428201
0.050671706
0.37093401
0.2509096
0.41857316
0.28352483
0.19996325
0.43932695
0.29750051
0.2085147
0.41857316
0.28352483
0.21845228
0.14600588
0.43775954
0.29343711
0.22511841
0.15245548
0.1070958
0.23304203
0.15834293
0.11026941
0.22511841
0.15245548
0.59697122
0.55892108
0.39908046
0.37426538
0.24029479
0.15907894
0.38659168
0.32302303
0.25858824
0.38988744
0.34247906
0.30230706
0.26287586
0.2210081
0.17669845
0.21069335
0.18524019
0.16294692
0.40513992
0.3375144
0.26866474
0.40914976
0.35941462
0.31726928
0.27526669
0.23067476
0.18380226
0.21857035
0.19243355
0.16935223
0.22746703
0.23093637
0.23279266
0.42490777
0.43395344
0.43868007
0.2878203
0.2939119
0.29706934
0.15419117
0.15677123
0.15815483
0.26620095
0.23693288
0.21176633
0.18598414
0.15656967
0.12466186
0.14284085
0.12677434
0.11327263
0.27921287
0.24814063
0.22121532
0.19350847
0.16223885
0.12861952
0.14823215
0.13122753
0.11686588
0.2026164
0.20633937
0.20825305
0.10800945
0.10940125
0.11016456
0.38659168
0.32302303
0.25858824
0.38988744
0.34247906
0.30230706
0.26287586
0.2210081
0.17669845
0.21069335
0.18524019
0.16294692
0.23279266
0.23093637
0.22746703
0.43868007
0.43395344
0.42490777
0.29706934
0.2939119
0.2878203
0.15815483
0.15677123
0.15419117
0.3498866
0.30268408
0.24857135
0.34569468
0.30351735
0.26762724
0.23796105
0.20626259
0.16801524
0.20340937
0.17773486
0.15600026
0.21735311
0.21855505
0.22267877
0.37898351
0.39555948
0.41135334
0.25633817
0.26776484
0.27858944
0.14573186
0.1473614
0.15062118
0.47193998
0.52827048
0.57583119
0.44872591
0.49972072
0.54098167
0.59582899
0.58744569
0.57091939
0.31861206
0.35490835
0.38548755
0.30292498
0.33570563
0.36250442
0.39834785
0.39294505
0.38217166
0.55568354
0.48641666
0.42705865
0.52036894
0.45563101
0.40026483
0.38313373
0.40634548
0.42796573
0.46554712
0.51019678
0.54447267
0.25787203
0.27253872
0.2867688
0.31196648
0.34179786
0.36468183
0.4074965
0.35677357
0.3135868
0.40741123
0.34465139
0.27733837
0.22094687
0.22787722
0.23612578
0.27316517
0.23079692
0.18465916
0.14709415
0.15103618
0.15627259
0.22291293
0.19418832
0.17016556
0.18852561
0.23548407
0.28016231
0.21358856
0.26619385
0.31704289
0.24216674
0.30179478
0.36041952
0.2615774
0.32742886
0.39222757
0.26599963
0.33374599
0.40032153
0.26834241
0.33706227
0.40455978
0.39576716
0.34765752
0.30689572
0.40416414
0.35504016
0.3134179
0.40854938
0.35888824
0.3168063
0.26665205
0.2239438
0.17880347
0.27206341
0.22816278
0.18192164
0.2748807
0.23037299
0.18357421
0.16483711
0.1873689
0.21302061
0.16764537
0.1905216
0.21647603
0.16914794
0.19220552
0.21832088
0.25170458
0.31513688
0.37755078
0.22222775
0.27794551
0.33207484
0.19617502
0.2458643
0.29343012
0.13184022
0.16560854
0.19680211
0.14742606
0.18499708
0.21995571
0.16578288
0.20762544
0.24692051
0.27021106
0.24040495
0.21470401
0.27588135
0.24528674
0.21881616
0.2788131
0.24779838
0.22092788
0.1882938
0.15828805
0.12581657
0.19157561
0.1607612
0.1275546
0.19327544
0.16206071
0.12848953
0.11431585
0.12807895
0.1444272
0.11589081
0.13003043
0.14679015
0.11674841
0.13108368
0.14805923
0.17231414
0.21658347
0.25844303
0.1528907
0.19261903
0.22985884
0.13629642
0.17193456
0.20512676
0.26834241
0.33706227
0.40455978
0.26599963
0.33374599
0.40032153
0.2615774
0.32742886
0.39222757
0.40854938
0.35888824
0.3168063
0.40416414
0.35504016
0.3134179
0.39576716
0.34765752
0.30689572
0.2748807
0.23037299
0.18357421
0.27206341
0.22816278
0.18192164
0.26665205
0.2239438
0.17880347
0.16914794
0.19220552
0.21832088
0.16764537
0.1905216
0.21647603
0.16483711
0.1873689
0.21302061
0.24216674
0.30179478
0.36041952
0.21358856
0.26619385
0.31704289
0.18852561
0.23548407
0.28016231
0.25532983
0.31818564
0.38003448
0.24958604
0.30820792
0.36633049
0.2474075
0.30174092
0.35264015
0.38317302
0.3365572
0.29704544
0.36850959
0.32361979
0.2855301
0.35309506
0.31001418
0.27339735
0.25845208
0.21774991
0.17437838
0.24926819
0.21108525
0.17015974
0.24007169
0.2062923
0.16780175
0.16094533
0.18298825
0.20824192
0.15740572
0.17903723
0.20407318
0.15566569
0.17722641
0.20251225
0.23204079
0.28283146
0.32660426
0.20360436
0.24895315
0.28728871
0.17929794
0.21985622
0.2536697
0.55197867
0.50858574
0.45585661
0.56709252
0.52100259
0.46596073
0.57478791
0.52739756
0.4712203
0.53595535
0.49166018
0.43936521
0.46926237
0.43082741
0.38554989
0.41228944
0.37914523
0.33996942
0.41778488
0.46507324
0.50357152
0.36654287
0.40743143
0.44093268
0.32317684
0.35854478
0.38753081
0.53152327
0.54686013
0.55462632
0.46538258
0.47875133
0.48549941
0.40878197
0.4204155
0.42626508
0.38481089
0.35433116
0.3181335
0.37979564
0.35008411
0.31461703
0.36983074
0.34173707
0.30779319
0.45465174
0.43017511
0.40031948
0.49638672
0.46450242
0.42229191
0.52789816
0.48911689
0.4406535
0.35668317
0.37810105
0.39827797
0.312609
0.33100062
0.34861218
0.27523847
0.29108647
0.30641894
0.43338662
0.47499191
0.50692331
0.37942137
0.41586535
0.44385891
0.3334378
0.36540642
0.38996115
0.35372411
0.32845488
0.2973719
0.33250068
0.31145782
0.28460675
0.30455927
0.28822045
0.26931749
0.25193663
0.30735334
0.35811382
0.26124451
0.32171773
0.37887721
0.27196998
0.33727317
0.39830062
0.25769817
0.32070138
0.37926425
0.22498344
0.28062439
0.33205197
0.19742993
0.24662351
0.29189304
0.20539106
0.21151602
0.21902422
0.1792232
0.18426896
0.19075516
0.15719804
0.16148892
0.16714201
0.18117463
0.2260409
0.26708225
0.17460332
0.21646678
0.25461396
0.16945895
0.20836792
0.2421157
0.24499168
0.30584045
0.36561248
0.21614989
0.26975735
0.321604
0.19079201
0.23863258
0.28419703
0.24918176
0.31166299
0.3730954
0.21994314
0.27488581
0.3281699
0.19415058
0.24316377
0.28999258
0.25139815
0.31471859
0.37701243
0.2219506
0.27757763
0.33160351
0.19592923
0.2455395
0.29301537
0.16771705
0.21034849
0.25043989
0.14904144
0.18731853
0.22299432
0.13314916
0.16753326
0.19936241
0.17058392
0.21425823
0.25547134
0.15143966
0.19064408
0.22731648
0.13510513
0.1702923
0.20299298
0.17210413
0.21630409
0.25808516
0.15271441
0.19238172
0.22955289
0.13615136
0.1717371
0.20487009
0.25139815
0.31471859
0.37701243
0.2219506
0.27757763
0.33160351
0.19592923
0.2455395
0.29301537
0.24918176
0.31166299
0.3730954
0.21994314
0.27488581
0.3281699
0.19415058
0.24316377
0.28999258
0.24499168
0.30584045
0.36561248
0.21614989
0.26975735
0.321604
0.19079201
0.23863258
0.28419703
0.23904958
0.29731406
0.35433639
0.21076353
0.26224814
0.31170538
0.1860232
0.23199002
0.27543605
0.23353481
0.28815166
0.34173282
0.2056793
0.25418135
0.3006618
0.18148859
0.22485533
0.26564818
0.2310995
0.2820371
0.32910056
0.2030902
0.24859907
0.28961262
0.17900645
0.21978084
0.25585318
0.53498928
0.49084989
0.43869902
0.52785132
0.48490548
0.43381584
0.51380908
0.47334487
0.42442743
0.46842094
0.43011756
0.38496523
0.46219678
0.42490503
0.38067635
0.44991233
0.41473267
0.37240752
0.41155838
0.37852413
0.33945595
0.40614072
0.37395461
0.33568156
0.39540563
0.36499941
0.32837706
0.49138578
0.45518169
0.41028205
0.46200893
0.43217148
0.39314729
0.42314469
0.40021133
0.37265954
0.43022246
0.39868883
0.35989942
0.40440229
0.37830741
0.344698
0.37034729
0.35022086
0.32653074
0.37811492
0.35080186
0.3172651
0.35538811
0.33269275
0.30369966
0.32547535
0.30789428
0.28747785
0.25272779
0.31385501
0.37072011
0.24302111
0.29966073
0.35275811
0.23477471
0.28675815
0.33379812
0.22066172
0.27469134
0.32455104
0.21239021
0.26259211
0.30900111
0.20566059
0.25197368
0.29301564
0.19366402
0.24147865
0.28533817
0.18654396
0.23109813
0.27187565
0.18091001
0.22222267
0.25828788
0.36204072
0.24629866
-0.20396961
-0.14162495
-0.10269046
6.5593208e-17
1.2281645e-16
1.5040201e-16
0.20396961
0.14162495
0.41475441
0.28057433
0.42824044
0.28807716
-0.22018368
-0.15017332
-0.10663477
8.171394e-17
1.5313415e-16
1.6105666e-16
0.22018368
0.15017332
4.943868e-17
0.23013366
6.8677615e-17
0.15542841
0.54440267
0.36647399
-0.20377861
-0.20772185
-0.21548699
-0.19094451
-0.16911576
-0.15042799
-0.14168708
-0.14406228
-0.14801515
-0.20536428
-0.18079488
-0.15994185
6.7165461e-17
9.265978e-17
9.3458229e-17
1.0218968e-16
8.9468962e-17
9.36943e-17
1.4316846e-16
1.3611934e-16
1.4299269e-16
1.1078752e-16
9.9573694e-17
1.3226427e-16
-0.18320953
-0.1116067
-0.03870308
-0.17059347
-0.10468126
-0.036427225
-0.11861367
-0.072888907
-0.025378677
-0.12504201
-0.076218126
-0.026434226
-0.1334835
-0.11971719
-0.10802855
-0.10270055
-0.10377581
-0.10562076
-0.14114804
-0.12585729
-0.11273223
1.2859188e-16
1.4166472e-16
1.4713242e-16
1.4939668e-16
1.552312e-16
1.5269547e-16
1.5755855e-16
1.5430955e-16
1.5886584e-16
-0.08605067
-0.052905609
-0.018426813
-0.088800519
-0.054148642
-0.018787187
0.20377861
0.20772185
0.21548699
0.19094451
0.16911576
0.15042799
0.14168708
0.14406228
0.14801515
0.20536428
0.18079488
0.15994185
0.03870308
0.1116067
0.18320953
0.036427225
0.10468126
0.17059347
0.025378677
0.072888907
0.11861367
0.026434226
0.076218126
0.12504201
0.37146812
0.38963884
0.40684311
0.33733964
0.29660105
0.26227054
0.25230909
0.26437113
0.27556222
0.38604076
0.3387521
0.29904394
0.38489153
0.32299562
0.25652682
0.34073645
0.29250438
0.23582297
0.23332077
0.20171173
0.16350686
0.2606695
0.21941116
0.17477528
6.5633939e-17
5.8234502e-17
4.0976287e-17
0.20599411
0.2138244
0.22448673
0.040688318
0.11716514
0.19182543
1.1309224e-16
1.0461747e-16
8.3427084e-17
0.14246403
0.14643559
0.15223062
0.027468621
0.079119585
0.12956698
4.4267003e-17
7.0288322e-17
7.8717468e-17
0.21422224
0.18796632
0.16578895
0.37321485
0.39592702
0.41794732
0.39832682
0.33557479
0.2675783
0.25278354
0.26705101
0.28127341
0.26813922
0.22628085
0.18066932
0.39851827
0.34920431
0.30750825
0.45531071
0.49826979
0.53078725
0.44243449
0.48871055
0.52712522
0.30620552
0.33522497
0.35729985
0.29902892
0.32986757
0.35519664
0.50691427
0.44449501
0.39139669
-0.15750275
-0.15308542
-0.15046996
-0.17768105
-0.1722002
-0.16909031
-0.20130304
-0.1944346
-0.19077519
-0.17934901
-0.173254
-0.17039758
-0.10933973
-0.10593323
-0.10449142
-0.037933965
-0.036803943
-0.036353629
-0.15975239
-0.14156805
-0.12597166
-0.098071164
-0.086960604
-0.077406032
-0.034133114
-0.030274335
-0.026951256
-0.11862977
-0.1203318
-0.12333541
-0.07285178
-0.073684118
-0.075275487
-0.025360044
-0.025614434
-0.026125245
-0.13318395
-0.15054041
-0.17093842
-0.081193237
-0.091779708
-0.10417632
-0.028162457
-0.031837581
-0.036133512
9.3236294e-17
9.4959416e-17
7.6305636e-17
1.1517403e-16
1.2443642e-16
1.019556e-16
1.3636276e-16
1.3745681e-16
1.2640789e-16
-0.11155392
-0.10937447
-0.10806099
-0.12433901
-0.12151073
-0.11977729
-0.13923417
-0.13569935
-0.13355099
-0.1118021
-0.10027762
-0.090500042
-0.068703302
-0.061618175
-0.055621818
-0.023920734
-0.021453243
-0.019368396
-0.086025795
-0.086720652
-0.088034667
-0.052858886
-0.053134616
-0.053757036
-0.018406492
-0.018478327
-0.018664515
-0.09384595
-0.10476548
-0.11751436
-0.057196002
-0.063832438
-0.071617437
-0.019837809
-0.022134496
-0.024835958
1.608595e-16
1.5063018e-16
1.3955325e-16
1.6885922e-16
1.4553529e-16
1.354078e-16
1.5611353e-16
1.5282178e-16
1.4568136e-16
0.037933965
0.036803943
0.036353629
0.10933973
0.10593323
0.10449142
0.17934901
0.173254
0.17039758
0.034133114
0.030274335
0.026951256
0.098071164
0.086960604
0.077406032
0.15975239
0.14156805
0.12597166
0.025360044
0.025614434
0.026125245
0.07285178
0.073684118
0.075275487
0.11862977
0.1203318
0.12333541
0.028162457
0.031837581
0.036133512
0.081193237
0.091779708
0.10417632
0.13318395
0.15054041
0.17093842
0.20130304
0.1944346
0.19077519
0.17768105
0.1722002
0.16909031
0.15750275
0.15308542
0.15046996
0.25091761
0.24137383
0.2359838
0.31617528
0.30272387
0.29317428
0.37722229
0.36131582
0.34520909
0.22068162
0.1953421
0.17369075
0.27339907
0.2415256
0.21441362
0.31801369
0.28023207
0.24825091
0.1637767
0.16706338
0.17208017
0.20239088
0.20827578
0.21579741
0.23618966
0.24631966
0.2560708
0.18614199
0.21044916
0.23917185
0.23371697
0.26441309
0.30087518
0.27776638
0.3145222
0.35830218
0.37878908
0.36290478
0.34600176
0.33254325
0.31879866
0.30407002
0.29365563
0.28165618
0.26874239
0.187164
0.17854785
0.17231598
0.11438233
0.10934081
0.10572508
0.039733929
0.038018591
0.036792887
4.6448621e-17
8.8095605e-17
6.9842022e-17
9.2926552e-17
1.0263652e-16
9.6780488e-17
8.9384563e-17
1.0110774e-16
1.1189731e-16
0.19258016
0.19950143
0.20907267
0.17033819
0.17584318
0.18368529
0.15137247
0.1558093
0.16224455
0.17856379
0.10905691
0.037870615
0.15668782
0.095695234
0.033228732
0.13820659
0.084403135
0.029305187
0.026963324
0.026098538
0.025521641
0.077622208
0.075033182
0.073300542
0.12697935
0.12240423
0.11931245
0.38856963
0.36828674
0.34761649
0.32724166
0.31009873
0.29585683
0.26087979
0.24810855
0.2384335
0.34739001
0.36833424
0.38885666
0.30495713
0.32291205
0.34072602
0.26932384
0.28475896
0.30014877
0.37071389
0.31234102
0.24908503
0.3248925
0.27388742
0.21852443
0.28617811
0.24141805
0.19271703
0.17678151
0.169676
0.1646139
0.22118946
0.2111241
0.20325712
0.26183657
0.24914578
0.23686298
0.43394434
0.41478629
0.3913732
0.4782489
0.45381
0.41962819
0.51463804
0.48448352
0.44411309
0.49421749
0.46382707
0.42373924
0.43331854
0.4065278
0.371289
0.38156111
0.35793663
0.3269036
0.41177103
0.45493186
0.49078385
0.3612603
0.39905403
0.43041224
0.31879347
0.35188394
0.37919143
0.34672506
0.3261084
0.29877996
0.32275415
0.30587478
0.28267585
0.29345284
0.28049055
0.26463451
-0.16761488
-0.16224018
-0.15957757
-0.148023
-0.14377467
-0.1415133
-0.13123973
-0.12785854
-0.12597171
-0.10223705
-0.099245858
-0.097897025
-0.090339187
-0.088010983
-0.086870438
-0.080105536
-0.078291501
-0.077356179
-0.035477669
-0.03448824
-0.034065852
-0.031355706
-0.03059277
-0.030236896
-0.027803302
-0.027216598
-0.026928118
-0.11601238
-0.11334812
-0.1118215
-0.10359101
-0.10149565
-0.10029073
-0.092947867
-0.091369949
-0.090490983
-0.070797727
-0.069405112
-0.068670656
-0.063206026
-0.062141932
-0.061586295
-0.056728953
-0.055958212
-0.055581781
-0.024569087
-0.024125777
-0.023903737
-0.021933176
-0.021600245
-0.021436954
-0.019689923
-0.019454644
-0.01934989
0.035477669
0.03448824
0.034065852
0.031355706
0.03059277
0.030236896
0.027803302
0.027216598
0.026928118
0.10223705
0.099245858
0.097897025
0.090339187
0.088010983
0.086870438
0.080105536
0.078291501
0.077356179
0.16761488
0.16224018
0.15957757
0.148023
0.14377467
0.1415133
0.13123973
0.12785854
0.12597171
0.23428481
0.2258237
0.22083018
0.20665022
0.19983221
0.19558576
0.18312026
0.17755592
0.17395873
0.29483689
0.28281748
0.2740315
0.25956865
0.24969522
0.24222471
0.22973398
0.22149621
0.21510743
0.35133395
0.33687779
0.32206901
0.30868673
0.29643303
0.28376987
0.27278401
0.26225846
0.25133138
0.037011119
0.035494792
0.034425587
0.10654349
0.10207029
0.098906448
0.17432828
0.16663218
0.16114355
0.032530162
0.031317747
0.030488542
0.093641305
0.090043205
0.087574403
0.15319046
0.14693216
0.14259963
0.028738746
0.027766496
0.027113602
0.082729262
0.079827407
0.077872694
0.13532883
0.13022947
0.12676186
0.24294444
0.2314317
0.22282335
0.30462458
0.28898744
0.27619168
0.36157996
0.34283378
0.32398096
0.21337766
0.20387012
0.19695255
0.26730476
0.25415712
0.24368301
0.31694968
0.30083834
0.28499901
0.18842411
0.18056546
0.17493769
0.23584126
0.22479897
0.21613171
0.27933367
0.26554185
0.25214987
0.47913173
0.45091683
0.41324613
0.44517665
0.42225988
0.39035519
0.40394142
0.38608867
0.36426095
0.42013186
0.39520282
0.36206724
0.39045075
0.37014655
0.34206951
0.35445206
0.33876795
0.31957502
0.37012279
0.34808903
0.31888356
0.34428262
0.32627939
0.3015076
0.31282423
0.29898307
0.28205631
