MFEM mesh v1.0

#
# MFEM Geometry Types (see mesh/geom.hpp):
#
# POINT       = 0
# SEGMENT     = 1
# TRIANGLE    = 2
# SQUARE      = 3
# TETRAHEDRON = 4
# CUBE        = 5
#

dimension
3

elements
7
1 5 0 1 15 14 2 3 21 20
1 5 11 14 16 10 13 20 22 12
1 5 14 15 17 16 20 21 23 22
1 5 16 17 19 18 22 23 25 24
1 5 18 19 6 7 24 25 8 9
1 5 2 3 21 20 4 5 27 26
1 5 20 21 23 22 26 27 29 28

boundary
28
12 3 14 15 1 0
12 3 10 16 14 11
12 3 16 17 15 14
12 3 18 19 17 16
12 3 7 6 19 18
12 3 14 0 2 20
12 3 11 14 20 13
12 3 0 1 3 2
12 3 1 15 21 3
12 3 16 10 12 22
12 3 10 11 13 12
12 3 13 20 22 12
12 3 15 17 23 21
12 3 18 16 22 24
12 3 17 19 25 23
12 3 22 23 25 24
12 3 7 18 24 9
12 3 19 6 8 25
12 3 6 7 9 8
12 3 24 25 8 9
12 3 20 2 4 26
12 3 2 3 5 4
12 3 3 21 27 5
12 3 4 5 27 26
12 3 22 20 26 28
12 3 21 23 29 27
12 3 23 22 28 29
12 3 26 27 29 28

vertices
30

nodes
FiniteElementSpace
FiniteElementCollection: H1_3D_P4
VDim: 3
Ordering: 0

-0.29059633
-0.20734485
-0.29309622
-0.20785979
-0.29059633
-0.20734485
-0.20734485
-0.29059633
-0.20785979
-0.29309622
-0.38159255
-0.37443101
-0.38905707
-0.38138571
-0.29132968
-0.21114341
-0.29412508
-0.21239869
-0.29132968
-0.21114341
-0.29389062
-0.21197325
-0.2967613
-0.21326751
-0.29389062
-0.21197325
-0.29132968
-0.21114341
-0.29412508
-0.21239869
-0.27665981
-0.24952887
-0.22192514
-0.20822504
-0.20960591
-0.21068105
-0.27739915
-0.25108001
-0.22489067
-0.28968613
-0.28949485
-0.29057956
-0.27871518
-0.2508801
-0.22270919
-0.20882335
-0.21032869
-0.2114854
-0.27951132
-0.25255559
-0.22591994
-0.2921045
-0.29193615
-0.29310334
-0.2912758
-0.29237748
-0.29300805
-0.20750394
-0.20772824
-0.20784399
-0.21140858
-0.21176861
-0.21194888
-0.29203797
-0.29316452
-0.29380261
-0.3597157
-0.3322012
-0.30536389
-0.29210616
-0.29333519
-0.29402925
-0.36583044
-0.336733
-0.30865829
-0.38136836
-0.37973821
-0.37661531
-0.3656336
-0.33653934
-0.30844318
-0.29469428
-0.29595573
-0.29666366
-0.37215696
-0.34133168
-0.31186125
-0.38881832
-0.3870771
-0.3837317
-0.37655653
-0.37958879
-0.38116861
-0.29485785
-0.29601716
-0.2966711
-0.38387781
-0.38713268
-0.38882511
-0.21153397
-0.21207962
-0.21236034
-0.27976986
-0.25287035
-0.22630386
-0.21238159
-0.21294341
-0.21322879
-0.28192406
-0.25436646
-0.22736271
-0.21267589
-0.21305282
-0.21324196
-0.21236034
-0.21207962
-0.21153397
-0.27739915
-0.25108001
-0.22489067
-0.29402925
-0.29333519
-0.29210616
-0.21322879
-0.21294341
-0.21238159
-0.27951132
-0.25255559
-0.22591994
-0.29666366
-0.29595573
-0.29469428
-0.21140858
-0.21176861
-0.21194888
-0.29203797
-0.29316452
-0.29380261
-0.20822504
-0.20960591
-0.21068105
-0.22192514
-0.24952887
-0.27665981
-0.28968613
-0.28949485
-0.29057956
-0.20882335
-0.21032869
-0.2114854
-0.22270919
-0.2508801
-0.27871518
-0.2921045
-0.29193615
-0.29310334
-0.20750394
-0.20772824
-0.20784399
-0.2912758
-0.29237748
-0.29300805
-0.27665981
-0.24952887
-0.22192514
-0.20822504
-0.20960591
-0.21068105
-0.27739915
-0.25108001
-0.22489067
-0.28968613
-0.28949485
-0.29057956
-0.29300805
-0.29237748
-0.2912758
-0.20784399
-0.20772824
-0.20750394
-0.21194888
-0.21176861
-0.21140858
-0.29380261
-0.29316452
-0.29203797
-0.21153397
-0.21207962
-0.21236034
-0.27976986
-0.25287035
-0.22630386
-0.29210616
-0.29333519
-0.29402925
-0.21324196
-0.21305282
-0.21267589
-0.2966711
-0.29601716
-0.29485785
-0.27676815
-0.25058091
-0.22442649
-0.27588949
-0.24977978
-0.22347012
-0.2760039
-0.24944074
-0.22246778
-0.2772054
-0.24988519
-0.22214497
-0.27811421
-0.25048198
-0.22248949
-0.27864042
-0.25083066
-0.22268207
-0.20841252
-0.20983537
-0.21093842
-0.20867253
-0.21014909
-0.21128708
-0.20880533
-0.21030728
-0.21146184
-0.22519455
-0.25148238
-0.27796968
-0.22564481
-0.25213267
-0.2789028
-0.22588639
-0.25250359
-0.27943606
-0.29127493
-0.29016468
-0.2903436
-0.29238605
-0.29123906
-0.29140877
-0.29301623
-0.29185142
-0.29201984
-0.27800354
-0.25079002
-0.22330599
-0.27791184
-0.25117939
-0.22440589
-0.27885293
-0.25203618
-0.22543289
-0.36563616
-0.33658548
-0.30854519
-0.36422463
-0.33551528
-0.30773843
-0.3615519
-0.33353293
-0.30628581
-0.36149611
-0.33347773
-0.30622353
-0.36408261
-0.33537534
-0.30758215
-0.36544607
-0.33639842
-0.3083373
-0.29282243
-0.29406241
-0.29476124
-0.29396122
-0.29521504
-0.29591986
-0.29460528
-0.29586589
-0.29657343
-0.30955619
-0.33809138
-0.3677368
-0.31096937
-0.34010299
-0.37050318
-0.31175149
-0.34118294
-0.37195694
-0.38364981
-0.38198687
-0.37879555
-0.38689802
-0.38518636
-0.38189713
-0.38858701
-0.38684926
-0.38351064
-0.36759759
-0.33795481
-0.30940571
-0.37045006
-0.34005098
-0.31091261
-0.37195046
-0.34117661
-0.3117446
-0.27968603
-0.25280796
-0.22625768
-0.27909129
-0.25236248
-0.22592536
-0.27804523
-0.25157476
-0.22530758
-0.2118051
-0.21235553
-0.21263753
-0.21217266
-0.21273022
-0.21301424
-0.21235676
-0.21291806
-0.21320328
-0.22661741
-0.25328033
-0.28035447
-0.22708055
-0.25393964
-0.2813061
-0.22732834
-0.25431398
-0.28184758
-0.28017461
-0.25306202
-0.22635167
-0.28123876
-0.25385823
-0.22698168
-0.28183945
-0.25430416
-0.22731642
-0.27804523
-0.25157476
-0.22530758
-0.27909129
-0.25236248
-0.22592536
-0.27968603
-0.25280796
-0.22625768
-0.21263753
-0.21235553
-0.2118051
-0.21301424
-0.21273022
-0.21217266
-0.21320328
-0.21291806
-0.21235676
-0.22519455
-0.25148238
-0.27796968
-0.22564481
-0.25213267
-0.2789028
-0.22588639
-0.25250359
-0.27943606
-0.29282243
-0.29406241
-0.29476124
-0.29396122
-0.29521504
-0.29591986
-0.29460528
-0.29586589
-0.29657343
-0.28183945
-0.25430416
-0.22731642
-0.28123876
-0.25385823
-0.22698168
-0.28017461
-0.25306202
-0.22635167
-0.2760039
-0.24944074
-0.22246778
-0.27588949
-0.24977978
-0.22347012
-0.27676815
-0.25058091
-0.22442649
-0.21093842
-0.20983537
-0.20841252
-0.21128708
-0.21014909
-0.20867253
-0.21146184
-0.21030728
-0.20880533
-0.22214497
-0.24988519
-0.2772054
-0.22248949
-0.25048198
-0.27811421
-0.22268207
-0.25083066
-0.27864042
-0.2903436
-0.29016468
-0.29127493
-0.29140877
-0.29123906
-0.29238605
-0.29201984
-0.29185142
-0.29301623
-0.27885293
-0.25203618
-0.22543289
-0.27791184
-0.25117939
-0.22440589
-0.27800354
-0.25079002
-0.22330599
-0.27864042
-0.25083066
-0.22268207
-0.27811421
-0.25048198
-0.22248949
-0.2772054
-0.24988519
-0.22214497
-0.20880533
-0.21030728
-0.21146184
-0.20867253
-0.21014909
-0.21128708
-0.20841252
-0.20983537
-0.21093842
-0.22588639
-0.25250359
-0.27943606
-0.22564481
-0.25213267
-0.2789028
-0.22519455
-0.25148238
-0.27796968
-0.29301623
-0.29185142
-0.29201984
-0.29238605
-0.29123906
-0.29140877
-0.29127493
-0.29016468
-0.2903436
-0.2760039
-0.24944074
-0.22246778
-0.27588949
-0.24977978
-0.22347012
-0.27676815
-0.25058091
-0.22442649
-0.21235676
-0.21291806
-0.21320328
-0.21217266
-0.21273022
-0.21301424
-0.2118051
-0.21235553
-0.21263753
-0.22732834
-0.25431398
-0.28184758
-0.22708055
-0.25393964
-0.2813061
-0.22661741
-0.25328033
-0.28035447
-0.29657343
-0.29586589
-0.29460528
-0.29591986
-0.29521504
-0.29396122
-0.29476124
-0.29406241
-0.29282243
-0.27804523
-0.25157476
-0.22530758
-0.27909129
-0.25236248
-0.22592536
-0.27968603
-0.25280796
-0.22625768
-0.27653363
-0.24979871
-0.22270672
-0.27643095
-0.25015698
-0.2237428
-0.2773286
-0.25097603
-0.22472295
-0.27741836
-0.25039434
-0.22307442
-0.27732483
-0.25077412
-0.2241525
-0.27825064
-0.25161783
-0.22516322
-0.27793065
-0.25074103
-0.22327748
-0.27783896
-0.25112938
-0.22437487
-0.27877814
-0.2519846
-0.22539998
-0.36337235
-0.33483536
-0.30715683
-0.36610094
-0.33685399
-0.30862695
-0.36753863
-0.33794131
-0.30944166
-0.36601557
-0.33677014
-0.30853406
-0.36882295
-0.33883822
-0.31002767
-0.37029983
-0.33994977
-0.31085348
-0.36740603
-0.3378112
-0.30929823
-0.37025321
-0.33990411
-0.31080363
-0.37175073
-0.34102801
-0.31163482
-0.27862055
-0.25198074
-0.22561635
-0.27967312
-0.25277182
-0.22623808
-0.28027015
-0.25321784
-0.22657121
-0.27956168
-0.25263635
-0.22607302
-0.28062191
-0.25343102
-0.2267001
-0.28122155
-0.25387723
-0.22703429
-0.28009862
-0.25300961
-0.22631771
-0.28116237
-0.25380568
-0.22694738
-0.28176291
-0.25425163
-0.22728205
-0.28027015
-0.25321784
-0.22657121
-0.27967312
-0.25277182
-0.22623808
-0.27862055
-0.25198074
-0.22561635
-0.28122155
-0.25387723
-0.22703429
-0.28062191
-0.25343102
-0.2267001
-0.27956168
-0.25263635
-0.22607302
-0.28176291
-0.25425163
-0.22728205
-0.28116237
-0.25380568
-0.22694738
-0.28009862
-0.25300961
-0.22631771
-0.2773286
-0.25097603
-0.22472295
-0.27643095
-0.25015698
-0.2237428
-0.27653363
-0.24979871
-0.22270672
-0.27825064
-0.25161783
-0.22516322
-0.27732483
-0.25077412
-0.2241525
-0.27741836
-0.25039434
-0.22307442
-0.27877814
-0.2519846
-0.22539998
-0.27783896
-0.25112938
-0.22437487
-0.27793065
-0.25074103
-0.22327748
-0.27793065
-0.25074103
-0.22327748
-0.27783896
-0.25112938
-0.22437487
-0.27877814
-0.2519846
-0.22539998
-0.27741836
-0.25039434
-0.22307442
-0.27732483
-0.25077412
-0.2241525
-0.27825064
-0.25161783
-0.22516322
-0.27653363
-0.24979871
-0.22270672
-0.27643095
-0.25015698
-0.2237428
-0.2773286
-0.25097603
-0.22472295
-0.28009862
-0.25300961
-0.22631771
-0.28116237
-0.25380568
-0.22694738
-0.28176291
-0.25425163
-0.22728205
-0.27956168
-0.25263635
-0.22607302
-0.28062191
-0.25343102
-0.2267001
-0.28122155
-0.25387723
-0.22703429
-0.27862055
-0.25198074
-0.22561635
-0.27967312
-0.25277182
-0.22623808
-0.28027015
-0.25321784
-0.22657121
-0.17173982
-0.17469473
-0.1778934
-0.18108258
-0.17173982
-0.17469473
0.17469473
0.17173982
0.18108258
0.1778934
2.7206589e-16
-0.091154634
2.9546643e-16
-0.092998901
-0.085895869
-0.085924605
2.7965107e-16
2.6422045e-16
0.085895869
0.085924605
-0.087356359
-0.087261658
2.5928073e-16
2.722825e-16
0.087356359
0.087261658
-0.085895869
-0.085924605
2.9152465e-16
2.5796243e-16
-0.17302545
-0.17462063
-0.1750026
-0.15882993
-0.12946699
-0.10086773
-0.085981378
-0.08614671
-0.086095395
-0.15660362
-0.12833136
-0.10055882
-0.17928634
-0.18101015
-0.18141823
-0.16400744
-0.13279199
-0.10275588
-0.087419226
-0.087543074
-0.087452115
-0.16163452
-0.13164693
-0.10254522
-0.17361208
-0.17629636
-0.17770026
-0.17664712
-0.17943344
-0.18088371
-0.086242793
-0.086837992
-0.087209358
-0.086249939
-0.086898996
-0.087300184
-0.088945195
-0.086607498
-0.085935619
-0.071231349
-0.043211702
-0.014957624
2.6322397e-16
2.6990831e-16
2.6159518e-16
-0.016260256
-0.046741048
-0.076225003
-0.090616164
-0.088140502
-0.087415552
-0.072254176
-0.043668235
-0.015084968
2.8972098e-16
2.7535727e-16
2.8775077e-16
-0.016485735
-0.047463759
-0.077620114
-0.091632475
-0.092447934
-0.092930819
2.7934647e-16
2.7373035e-16
2.6615755e-16
2.3966269e-16
2.9973605e-16
3.1283611e-16
-0.071061713
-0.042937657
-0.014830286
2.7464933e-16
2.656018e-16
2.6986363e-16
-0.07195515
-0.04329693
-0.014921388
2.8011492e-16
2.7109593e-16
2.738969e-16
2.6134464e-16
2.6870441e-16
2.7668649e-16
0.014830286
0.042937657
0.071061713
0.085981378
0.08614671
0.086095395
0.014957624
0.043211702
0.071231349
0.014921388
0.04329693
0.07195515
0.087419226
0.087543074
0.087452115
0.015084968
0.043668235
0.072254176
0.086242793
0.086837992
0.087209358
0.086249939
0.086898996
0.087300184
0.15882993
0.12946699
0.10086773
0.1750026
0.17462063
0.17302545
0.15660362
0.12833136
0.10055882
0.16400744
0.13279199
0.10275588
0.18141823
0.18101015
0.17928634
0.16163452
0.13164693
0.10254522
0.17664712
0.17943344
0.18088371
0.17361208
0.17629636
0.17770026
-0.17302545
-0.17462063
-0.1750026
-0.15882993
-0.12946699
-0.10086773
-0.085981378
-0.08614671
-0.086095395
-0.15660362
-0.12833136
-0.10055882
-0.17770026
-0.17629636
-0.17361208
-0.18088371
-0.17943344
-0.17664712
-0.087209358
-0.086837992
-0.086242793
-0.087300184
-0.086898996
-0.086249939
-0.071061713
-0.042937657
-0.014830286
2.9609433e-16
2.742284e-16
2.6052453e-16
-0.071231349
-0.043211702
-0.014957624
2.633348e-16
2.7767387e-16
2.6336151e-16
2.6418548e-16
2.8276648e-16
2.873092e-16
-0.1007543
-0.10107344
-0.10106105
-0.12888225
-0.1296016
-0.12970528
-0.15759318
-0.15884272
-0.1591132
-0.17493502
-0.17657143
-0.17696264
-0.17766525
-0.17935833
-0.17976099
-0.17909074
-0.1808109
-0.18121846
-0.16037816
-0.13041979
-0.10134626
-0.16264429
-0.13187885
-0.10218831
-0.1638423
-0.13268076
-0.10268471
-0.086418601
-0.086480582
-0.086326908
-0.087022618
-0.087102071
-0.086966889
-0.087399018
-0.087488634
-0.087363347
-0.1010661
-0.12927846
-0.15810242
-0.10195066
-0.1307329
-0.1603034
-0.10247106
-0.13153574
-0.16147337
-0.16269741
-0.16403517
-0.16431588
-0.13222391
-0.13296609
-0.13305376
-0.10272718
-0.10301849
-0.10297052
-0.015825928
-0.015282779
-0.015021862
-0.045514697
-0.044025954
-0.043359762
-0.074310632
-0.072142696
-0.071346427
-0.089368248
-0.086987979
-0.086294643
-0.090108267
-0.08766773
-0.086953291
-0.090553858
-0.088082405
-0.087358532
-0.071451818
-0.043287717
-0.014972944
-0.071912182
-0.043495586
-0.015031811
-0.072210592
-0.04364598
-0.015077836
2.5967451e-16
2.6164732e-16
2.8763536e-16
2.8085877e-16
2.7808754e-16
2.979767e-16
2.7897614e-16
2.810283e-16
2.9062098e-16
-0.016307856
-0.046904314
-0.076567746
-0.01640884
-0.047226699
-0.077188234
-0.016475763
-0.047433653
-0.077565677
-0.075557591
-0.073255481
-0.072393412
-0.046144404
-0.044559285
-0.043837433
-0.016018772
-0.015440062
-0.01515742
-0.014923567
-0.014895774
-0.014862515
-0.043147105
-0.043106777
-0.043029052
-0.071225224
-0.071282123
-0.071205698
-0.071244513
-0.042985583
-0.014835166
-0.071648494
-0.043151111
-0.014878278
-0.071915678
-0.043277826
-0.01491545
2.6973446e-16
2.6438403e-16
2.8059584e-16
2.7813298e-16
2.6220348e-16
2.8387726e-16
2.8049633e-16
2.6783974e-16
2.7922892e-16
-0.072220761
-0.072231732
-0.072116184
-0.043581516
-0.043505166
-0.043399247
-0.015042439
-0.015001082
-0.014957463
0.071225224
0.071282123
0.071205698
0.043147105
0.043106777
0.043029052
0.014923567
0.014895774
0.014862515
0.014835166
0.042985583
0.071244513
0.014878278
0.043151111
0.071648494
0.01491545
0.043277826
0.071915678
0.086418601
0.086480582
0.086326908
0.087022618
0.087102071
0.086966889
0.087399018
0.087488634
0.087363347
0.071451818
0.043287717
0.014972944
0.071912182
0.043495586
0.015031811
0.072210592
0.04364598
0.015077836
0.015042439
0.015001082
0.014957463
0.043581516
0.043505166
0.043399247
0.072220761
0.072231732
0.072116184
0.15759318
0.15884272
0.1591132
0.12888225
0.1296016
0.12970528
0.1007543
0.10107344
0.10106105
0.10134626
0.13041979
0.16037816
0.10218831
0.13187885
0.16264429
0.10268471
0.13268076
0.1638423
0.17696264
0.17657143
0.17493502
0.17976099
0.17935833
0.17766525
0.18121846
0.1808109
0.17909074
0.15810242
0.12927846
0.1010661
0.1603034
0.1307329
0.10195066
0.16147337
0.13153574
0.10247106
0.10272718
0.10301849
0.10297052
0.13222391
0.13296609
0.13305376
0.16269741
0.16403517
0.16431588
-0.17909074
-0.1808109
-0.18121846
-0.17766525
-0.17935833
-0.17976099
-0.17493502
-0.17657143
-0.17696264
-0.1638423
-0.13268076
-0.10268471
-0.16264429
-0.13187885
-0.10218831
-0.16037816
-0.13041979
-0.10134626
-0.087399018
-0.087488634
-0.087363347
-0.087022618
-0.087102071
-0.086966889
-0.086418601
-0.086480582
-0.086326908
-0.10247106
-0.13153574
-0.16147337
-0.10195066
-0.1307329
-0.1603034
-0.1010661
-0.12927846
-0.15810242
-0.15759318
-0.15884272
-0.1591132
-0.12888225
-0.1296016
-0.12970528
-0.1007543
-0.10107344
-0.10106105
-0.071915678
-0.043277826
-0.01491545
-0.071648494
-0.043151111
-0.014878278
-0.071244513
-0.042985583
-0.014835166
2.6945785e-16
2.70268e-16
2.779224e-16
2.6805513e-16
2.6775368e-16
2.8513473e-16
2.7399475e-16
2.7056125e-16
2.9888269e-16
-0.015077836
-0.04364598
-0.072210592
-0.015031811
-0.043495586
-0.071912182
-0.014972944
-0.043287717
-0.071451818
-0.071225224
-0.071282123
-0.071205698
-0.043147105
-0.043106777
-0.043029052
-0.014923567
-0.014895774
-0.014862515
-0.15911435
-0.16039297
-0.16066765
-0.12983608
-0.13056394
-0.13066408
-0.10125503
-0.10156672
-0.10154485
-0.16134868
-0.16266581
-0.16294512
-0.13130303
-0.13204056
-0.13213366
-0.102135
-0.10243411
-0.10239658
-0.16253366
-0.16386913
-0.16414966
-0.1321115
-0.13285327
-0.13294156
-0.1026528
-0.10294519
-0.10289843
-0.074604369
-0.072394637
-0.071572964
-0.045647606
-0.044128245
-0.043441476
-0.015862687
-0.015308268
-0.01503937
-0.075161726
-0.07289338
-0.072045106
-0.045930147
-0.044368917
-0.043659256
-0.015949824
-0.015379933
-0.01510209
-0.075507253
-0.073209349
-0.072348679
-0.046117032
-0.044534836
-0.0438143
-0.016009666
-0.015432055
-0.015149929
-0.071435745
-0.071479708
-0.071392716
-0.043215455
-0.043164982
-0.043079663
-0.014935963
-0.014904366
-0.014868324
-0.071885074
-0.071908624
-0.071804408
-0.043414223
-0.043347831
-0.04325012
-0.014991352
-0.014953768
-0.014913178
-0.0721776
-0.072190191
-0.072075982
-0.043559707
-0.043484622
-0.043379677
-0.015035482
-0.014994611
-0.014951355
0.014935963
0.014904366
0.014868324
0.043215455
0.043164982
0.043079663
0.071435745
0.071479708
0.071392716
0.014991352
0.014953768
0.014913178
0.043414223
0.043347831
0.04325012
0.071885074
0.071908624
0.071804408
0.015035482
0.014994611
0.014951355
0.043559707
0.043484622
0.043379677
0.0721776
0.072190191
0.072075982
0.10125503
0.10156672
0.10154485
0.12983608
0.13056394
0.13066408
0.15911435
0.16039297
0.16066765
0.102135
0.10243411
0.10239658
0.13130303
0.13204056
0.13213366
0.16134868
0.16266581
0.16294512
0.1026528
0.10294519
0.10289843
0.1321115
0.13285327
0.13294156
0.16253366
0.16386913
0.16414966
-0.16253366
-0.16386913
-0.16414966
-0.1321115
-0.13285327
-0.13294156
-0.1026528
-0.10294519
-0.10289843
-0.16134868
-0.16266581
-0.16294512
-0.13130303
-0.13204056
-0.13213366
-0.102135
-0.10243411
-0.10239658
-0.15911435
-0.16039297
-0.16066765
-0.12983608
-0.13056394
-0.13066408
-0.10125503
-0.10156672
-0.10154485
-0.0721776
-0.072190191
-0.072075982
-0.043559707
-0.043484622
-0.043379677
-0.015035482
-0.014994611
-0.014951355
-0.071885074
-0.071908624
-0.071804408
-0.043414223
-0.043347831
-0.04325012
-0.014991352
-0.014953768
-0.014913178
-0.071435745
-0.071479708
-0.071392716
-0.043215455
-0.043164982
-0.043079663
-0.014935963
-0.014904366
-0.014868324
-0.088288133
-0.08837315
1.4467211e-16
1.7535273e-16
0.088288133
0.08837315
-0.08837315
-0.088288133
1.3785883e-16
1.1950258e-16
-0.09191693
-0.090084957
1.1053613e-16
1.2943728e-16
-0.084893292
-0.084797916
-0.086357502
-0.086167301
-0.084893292
-0.084797916
1.3816101e-16
1.2673016e-16
1.3546719e-16
1.4348126e-16
1.2657589e-16
1.2417436e-16
0.084893292
0.084797916
0.086357502
0.086167301
-0.088443379
-0.088664497
-0.088584936
-0.086446619
-0.084699585
-0.084571757
-0.084969438
-0.085099905
-0.084998224
-0.086438461
-0.084739424
-0.084646587
1.3738805e-16
1.4879552e-16
1.5920666e-16
1.6595476e-16
1.456003e-16
1.2345086e-16
1.4610644e-16
1.4144574e-16
1.4443835e-16
1.5283881e-16
1.3206491e-16
1.1492333e-16
-0.073786166
-0.045208168
-0.015720639
-0.073707292
-0.045020067
-0.015627588
-0.070113957
-0.042350145
-0.014624525
-0.070380474
-0.042678249
-0.014769769
-0.087893809
-0.085590894
-0.084934914
-0.085250107
-0.085900736
-0.086301473
-0.089552783
-0.08711644
-0.086414452
-0.091849406
-0.091370178
-0.090560057
1.3420453e-16
1.1864972e-16
1.4515623e-16
1.5451216e-16
1.3228643e-16
1.3991799e-16
1.3228174e-16
1.2144732e-16
1.1980953e-16
1.0225805e-16
1.106867e-16
1.3858268e-16
-0.075310643
-0.046163604
-0.016056302
-0.071413712
-0.043147465
-0.014902674
-0.076701471
-0.04688939
-0.016283932
-0.085128489
-0.085737649
-0.086114395
-0.08641533
-0.086513164
-0.086381697
1.4036603e-16
1.6347018e-16
1.5844226e-16
1.4121527e-16
1.3784992e-16
1.4815642e-16
-0.07104556
-0.042742143
-0.014728674
-0.086114395
-0.085737649
-0.085128489
-0.084969438
-0.085099905
-0.084998224
-0.086301473
-0.085900736
-0.085250107
1.2622187e-16
1.4145278e-16
1.2685825e-16
1.3805707e-16
1.1746709e-16
1.3478595e-16
1.2004559e-16
1.2131229e-16
1.3574761e-16
-0.070113957
-0.042350145
-0.014624525
-0.070380474
-0.042678249
-0.014769769
-0.086446619
-0.084699585
-0.084571757
-0.088584936
-0.088664497
-0.088443379
-0.086438461
-0.084739424
-0.084646587
1.6038024e-16
1.2592203e-16
1.3510137e-16
1.4149239e-16
1.0308962e-16
1.126571e-16
1.2754145e-16
1.3481821e-16
1.3822329e-16
-0.073707292
-0.045020067
-0.015627588
-0.073786166
-0.045208168
-0.015720639
0.088443379
0.088664497
0.088584936
0.086446619
0.084699585
0.084571757
0.084969438
0.085099905
0.084998224
0.086438461
0.084739424
0.084646587
0.015720639
0.045208168
0.073786166
0.015627588
0.045020067
0.073707292
0.014624525
0.042350145
0.070113957
0.014769769
0.042678249
0.070380474
0.085128489
0.085737649
0.086114395
0.08641533
0.086513164
0.086381697
0.085250107
0.085900736
0.086301473
0.014728674
0.042742143
0.07104556
0.014902674
0.043147465
0.071413712
-0.084726314
-0.084865304
-0.084769294
-0.084835382
-0.084987725
-0.084896487
-0.086559736
-0.086739497
-0.086651349
-0.073857806
-0.073980844
-0.073887618
-0.045203513
-0.045218611
-0.045135145
-0.015709449
-0.015702995
-0.015668386
-0.072030546
-0.070353159
-0.070009318
-0.043943309
-0.042753769
-0.042363505
-0.015245759
-0.014806799
-0.014641813
-0.070282421
-0.070399366
-0.070368533
-0.04245644
-0.042557712
-0.042611561
-0.014661912
-0.01470314
-0.014735232
-0.070252426
-0.070551782
-0.072175665
-0.042672814
-0.043025135
-0.044172008
-0.014779961
-0.014930139
-0.015352947
1.4809135e-16
1.4842186e-16
1.5791623e-16
1.5093935e-16
1.5418697e-16
1.3702154e-16
1.4753781e-16
1.5328335e-16
1.4121735e-16
-0.089491029
-0.08705877
-0.086357687
-0.089049007
-0.086646709
-0.085953698
-0.088314211
-0.085970199
-0.085295266
-0.073413126
-0.071275307
-0.070495331
-0.044948264
-0.043479065
-0.042824719
-0.015625969
-0.015089772
-0.014833268
-0.070605336
-0.071070231
-0.071369996
-0.042758588
-0.042972062
-0.043124903
-0.014786891
-0.014848211
-0.014895393
-0.071548768
-0.0723879
-0.074656086
-0.043312278
-0.044017781
-0.045581093
-0.014973361
-0.015249965
-0.01582096
-0.076647296
-0.076271492
-0.075652795
-0.046859243
-0.046651841
-0.046327992
-0.016273904
-0.016206534
-0.016104561
1.2799089e-16
1.2182705e-16
1.4551737e-16
1.0610765e-16
1.263055e-16
1.4531994e-16
1.2913424e-16
1.0910537e-16
1.3117556e-16
-0.086359494
-0.086458533
-0.086328144
-0.085962634
-0.086069786
-0.085947521
-0.085319225
-0.085441041
-0.085331969
-0.070310434
-0.070730966
-0.071005213
-0.042409022
-0.042588853
-0.042722186
-0.014633674
-0.014682487
-0.014722381
-0.07122569
-0.071372215
-0.07137869
-0.042855423
-0.042977967
-0.043061649
-0.014768418
-0.014817415
-0.014860771
1.6130231e-16
1.3615312e-16
1.3994945e-16
1.4090992e-16
1.2979157e-16
1.5351525e-16
1.4403909e-16
1.3339361e-16
1.6131816e-16
-0.085319225
-0.085441041
-0.085331969
-0.085962634
-0.086069786
-0.085947521
-0.086359494
-0.086458533
-0.086328144
-0.071005213
-0.070730966
-0.070310434
-0.042722186
-0.042588853
-0.042409022
-0.014722381
-0.014682487
-0.014633674
-0.070282421
-0.070399366
-0.070368533
-0.04245644
-0.042557712
-0.042611561
-0.014661912
-0.01470314
-0.014735232
-0.070605336
-0.071070231
-0.071369996
-0.042758588
-0.042972062
-0.043124903
-0.014786891
-0.014848211
-0.014895393
1.410213e-16
1.4124577e-16
1.4443556e-16
1.3163579e-16
1.5684854e-16
1.2767195e-16
1.444473e-16
1.3275381e-16
1.3093262e-16
-0.086559736
-0.086739497
-0.086651349
-0.084835382
-0.084987725
-0.084896487
-0.084726314
-0.084865304
-0.084769294
-0.070009318
-0.070353159
-0.072030546
-0.042363505
-0.042753769
-0.043943309
-0.014641813
-0.014806799
-0.015245759
-0.073887618
-0.073980844
-0.073857806
-0.045135145
-0.045218611
-0.045203513
-0.015668386
-0.015702995
-0.015709449
-0.072175665
-0.070551782
-0.070252426
-0.044172008
-0.043025135
-0.042672814
-0.015352947
-0.014930139
-0.014779961
1.3731184e-16
1.3172976e-16
1.3143906e-16
1.2428054e-16
1.2627146e-16
1.3060015e-16
1.1531503e-16
1.0181814e-16
1.3523746e-16
0.015709449
0.015702995
0.015668386
0.045203513
0.045218611
0.045135145
0.073857806
0.073980844
0.073887618
0.015245759
0.014806799
0.014641813
0.043943309
0.042753769
0.042363505
0.072030546
0.070353159
0.070009318
0.014661912
0.01470314
0.014735232
0.04245644
0.042557712
0.042611561
0.070282421
0.070399366
0.070368533
0.014779961
0.014930139
0.015352947
0.042672814
0.043025135
0.044172008
0.070252426
0.070551782
0.072175665
0.086559736
0.086739497
0.086651349
0.084835382
0.084987725
0.084896487
0.084726314
0.084865304
0.084769294
0.014633674
0.014682487
0.014722381
0.042409022
0.042588853
0.042722186
0.070310434
0.070730966
0.071005213
0.014768418
0.014817415
0.014860771
0.042855423
0.042977967
0.043061649
0.07122569
0.071372215
0.07137869
0.014895393
0.014848211
0.014786891
0.043124903
0.042972062
0.042758588
0.071369996
0.071070231
0.070605336
0.085319225
0.085441041
0.085331969
0.085962634
0.086069786
0.085947521
0.086359494
0.086458533
0.086328144
-0.072215585
-0.072304325
-0.072203794
-0.070564873
-0.070624147
-0.070519395
-0.070245272
-0.070286463
-0.070175397
-0.044147836
-0.044141392
-0.044053785
-0.042979941
-0.04295076
-0.042859351
-0.042610819
-0.042565421
-0.042468543
-0.015334672
-0.015320817
-0.015284789
-0.014903994
-0.01488154
-0.014844048
-0.014747232
-0.014718391
-0.014678774
-0.07370638
-0.07152799
-0.070724919
-0.074262035
-0.072026693
-0.071199871
-0.074606005
-0.072341915
-0.071504011
-0.045082316
-0.043583203
-0.042909824
-0.045366319
-0.043826333
-0.043131995
-0.04555368
-0.043993223
-0.043288917
-0.015663393
-0.015116163
-0.014852234
-0.015751505
-0.015189139
-0.014916962
-0.0158118
-0.015241881
-0.01496575
-0.070584892
-0.070605687
-0.070481335
-0.071040561
-0.071044671
-0.070907236
-0.071335292
-0.071330202
-0.071184756
-0.042685247
-0.042623307
-0.042516711
-0.042890911
-0.042815734
-0.042699756
-0.043039456
-0.042956868
-0.042835107
-0.014749802
-0.014714667
-0.014671503
-0.014808121
-0.014767996
-0.014721411
-0.014853635
-0.014810701
-0.014761996
-0.071335292
-0.071330202
-0.071184756
-0.071040561
-0.071044671
-0.070907236
-0.070584892
-0.070605687
-0.070481335
-0.043039456
-0.042956868
-0.042835107
-0.042890911
-0.042815734
-0.042699756
-0.042685247
-0.042623307
-0.042516711
-0.014853635
-0.014810701
-0.014761996
-0.014808121
-0.014767996
-0.014721411
-0.014749802
-0.014714667
-0.014671503
-0.070245272
-0.070286463
-0.070175397
-0.070564873
-0.070624147
-0.070519395
-0.072215585
-0.072304325
-0.072203794
-0.042610819
-0.042565421
-0.042468543
-0.042979941
-0.04295076
-0.042859351
-0.044147836
-0.044141392
-0.044053785
-0.014747232
-0.014718391
-0.014678774
-0.014903994
-0.01488154
-0.014844048
-0.015334672
-0.015320817
-0.015284789
0.015334672
0.015320817
0.015284789
0.014903994
0.01488154
0.014844048
0.014747232
0.014718391
0.014678774
0.044147836
0.044141392
0.044053785
0.042979941
0.04295076
0.042859351
0.042610819
0.042565421
0.042468543
0.072215585
0.072304325
0.072203794
0.070564873
0.070624147
0.070519395
0.070245272
0.070286463
0.070175397
0.014749802
0.014714667
0.014671503
0.014808121
0.014767996
0.014721411
0.014853635
0.014810701
0.014761996
0.042685247
0.042623307
0.042516711
0.042890911
0.042815734
0.042699756
0.043039456
0.042956868
0.042835107
0.070584892
0.070605687
0.070481335
0.071040561
0.071044671
0.070907236
0.071335292
0.071330202
0.071184756
