MFEM mesh v1.0

#
# MFEM Geometry Types (see mesh/geom.hpp):
#
# POINT       = 0
# SEGMENT     = 1
# TRIANGLE    = 2
# SQUARE      = 3
# TETRAHEDRON = 4
# CUBE        = 5
#

dimension
3

elements
7
1 5 7 8 17 16 9 10 19 18
1 5 0 1 6 5 11 12 21 20
1 5 5 6 8 7 20 21 23 22
1 5 6 2 3 8 21 13 14 23
1 5 7 8 10 9 22 23 25 24
1 5 8 3 4 10 23 14 15 25
1 5 20 21 23 22 26 27 29 28

boundary
28
1 3 0 1 12 11
64 3 5 6 1 0
64 3 7 8 6 5
64 3 16 17 8 7
64 3 8 3 2 6
64 3 16 7 9 18
64 3 8 17 19 10
64 3 17 16 18 19
64 3 9 10 19 18
64 3 10 4 3 8
64 3 5 0 11 20
64 3 1 6 21 12
64 3 11 12 21 20
64 3 6 2 13 21
64 3 7 5 20 22
64 3 2 3 14 13
64 3 21 13 14 23
64 3 9 7 22 24
64 3 10 9 24 25
64 3 22 23 25 24
64 3 3 4 15 14
64 3 4 10 25 15
64 3 23 14 15 25
64 3 20 21 27 26
64 3 22 20 26 28
64 3 21 23 29 27
64 3 23 22 28 29
64 3 26 27 29 28

vertices
30

nodes
FiniteElementSpace
FiniteElementCollection: H1_3D_P4
VDim: 3
Ordering: 0

-3.1225023e-17
0.30998466
0.19396305
0.042399647
-0.034346884
-0.13198986
0.063118382
-0.18130226
-0.048044756
-0.19962217
-0.10195872
-4.7704896e-18
0.37298049
0.24847343
0.07733117
-0.012592879
-0.18741678
-0.049994851
-0.2020654
-0.10058463
-0.1259328
0.092726462
-0.17780112
-0.031599783
-0.19875588
-0.095037873
-0.12430652
0.10812103
-0.17672131
-0.022316481
-0.15660163
-0.11125682
-0.068863748
-0.049187063
-0.049803622
-0.049817461
-0.16213849
-0.11574069
-0.071898434
-0.18219598
-0.18412556
-0.18627115
-0.18176939
-0.14875223
-0.11748478
-0.10223722
-0.10190328
-0.1010397
-0.18379412
-0.1498554
-0.11717632
-0.19994383
-0.20070541
-0.20159366
-0.1858554
-0.19264151
-0.19758486
-0.060081661
-0.079413879
-0.095014962
-0.060592854
-0.078330936
-0.093501777
-0.19099203
-0.19636169
-0.20036531
0.054840668
0.15791786
0.25847359
0.26013144
0.16636104
0.093938521
-0.095651607
-0.029107859
0.032822386
-0.031416576
-0.08086326
-0.11713807
0.066774181
0.19175207
0.31218017
0.30489766
0.20239339
0.1255841
-0.085782518
-0.011764976
0.058090762
-0.030262294
-0.076512864
-0.11126456
-8.6466182e-18
-1.5612511e-17
-9.5409791e-18
0.32278198
0.34512795
0.36435579
0.067220282
0.076900736
0.087551163
-0.13042779
-0.12816491
-0.12657291
0.036947138
-0.0033954647
-0.034453961
-0.14441743
-0.16274193
-0.17590544
0.06414011
0.019322474
-0.015961013
-0.15108031
-0.10175194
-0.054951579
-0.13851234
-0.15762068
-0.17183881
-0.046207631
-0.040917181
-0.034698153
-0.1804993
-0.17921471
-0.17821886
0.17761954
0.13927435
0.091317482
0.15817717
0.10344519
0.061094114
0.031277675
0.0045540258
-0.028598938
0.22875039
0.18193156
0.12556927
0.20863931
0.14702189
0.098784834
0.06261028
0.029400173
-0.0093162761
0.20371461
0.22282701
0.24051992
0.048423451
0.060716852
0.072176107
-0.045551292
-0.068157077
-0.086661828
-0.18008155
-0.14536228
-0.11195474
-0.18289696
-0.19061342
-0.19634799
-0.10132012
-0.099179936
-0.096449341
-0.19936607
-0.19902537
-0.19882535
0.025683513
-0.0015543827
-0.024088777
-0.042188938
-0.062244886
-0.087308644
0.058064364
0.026408175
-0.0002038044
-0.024159731
-0.049721361
-0.078687713
-0.030496019
-0.022610626
-0.015638032
-0.081645202
-0.0029533937
0.07133767
0.078410155
0.031547844
-0.0056921061
-0.14856027
-0.096517746
-0.047032673
-0.13686302
-0.15610252
-0.1705909
-0.12541051
-0.12470589
-0.12435407
0.097385245
0.10410054
0.1076396
-0.028803783
-0.024748767
-0.022608139
-0.17745516
-0.17698634
-0.17675276
-0.16118122
-0.11509731
-0.071561336
-0.15936043
-0.11386875
-0.071055644
-0.15755953
-0.11233615
-0.070002663
-0.1626016
-0.11985452
-0.079794427
-0.17181531
-0.13342631
-0.097275901
-0.17880459
-0.14410381
-0.11129
-0.060982648
-0.061188004
-0.060721666
-0.079972273
-0.079711014
-0.078768009
-0.09536204
-0.094975166
-0.093994908
-0.081493033
-0.12318209
-0.16711843
-0.097431181
-0.13530146
-0.17492662
-0.11092979
-0.1453093
-0.18108177
-0.19003729
-0.18823856
-0.18661116
-0.19567031
-0.19436251
-0.19318322
-0.19983734
-0.19884247
-0.19796853
-0.1821021
-0.14909758
-0.11779961
-0.18277265
-0.14954233
-0.11782881
-0.1834544
-0.14978057
-0.11742915
-0.077922293
-0.0060105755
0.061062673
-0.035414005
0.048392381
0.12732399
0.021062651
0.1188768
0.21278247
0.057239495
0.16473627
0.26934696
0.061462548
0.17671588
0.28838346
0.065123692
0.18708359
0.30480318
0.26482491
0.17088933
0.098041845
0.28076017
0.18269753
0.10854449
0.29713792
0.19595894
0.11997132
0.036507028
-0.026298068
-0.0936747
0.044702507
-0.020612511
-0.090269778
0.053682698
-0.014674919
-0.087202154
-0.11556786
-0.079511953
-0.03094101
-0.1133586
-0.07789475
-0.03060175
-0.1118596
-0.076911776
-0.030374732
0.030184853
0.14283091
0.25072023
-0.025695589
0.068436129
0.15783293
-0.067849399
0.012278484
0.088003071
-0.14962613
-0.1014418
-0.05648977
-0.1330475
-0.078689604
-0.028123596
-0.11059923
-0.048710096
0.0088269557
0.040548503
-0.00055404261
-0.032307102
0.049490838
0.0068673729
-0.026322205
0.059323197
0.015213044
-0.019398871
-0.067189553
-0.10993748
-0.1556228
-0.062750138
-0.10686587
-0.15374342
-0.05756747
-0.10346544
-0.15193898
-0.1749678
-0.16152926
-0.14295259
-0.17347437
-0.159639
-0.14075395
-0.17232167
-0.1582118
-0.13916043
-0.10126935
-0.032656799
0.032061717
-0.12511871
-0.065247077
-0.0087278974
-0.1432865
-0.090629838
-0.04077957
-0.01389901
0.021107485
0.049305004
0.019621625
0.058763205
0.090198377
0.063110974
0.10756265
0.14315602
0.096034064
0.14468755
0.18537454
0.10730141
0.15955665
0.20396794
0.11963203
0.1748993
0.22093311
0.16709116
0.1110461
0.067610113
0.18481186
0.12634189
0.080856399
0.20124006
0.14059399
0.093214724
0.035360795
0.0070352252
-0.026473178
0.046848718
0.015633093
-0.020211932
0.057586538
0.025017018
-0.012922184
0.094562088
0.14677794
0.19025535
0.045962837
0.091840367
0.13041917
0.0076770381
0.048609941
0.083479785
-0.058524955
-0.078291445
-0.094228305
-0.053874109
-0.07472368
-0.091612856
-0.048326788
-0.070357416
-0.088333214
-0.1169196
-0.14832306
-0.18145523
-0.11523688
-0.14728019
-0.1808905
-0.1130931
-0.14603281
-0.18035039
-0.1972596
-0.19216091
-0.18517582
-0.19678851
-0.19140899
-0.18408924
-0.19647
-0.19084484
-0.18324874
-0.15785958
-0.11158313
-0.067569201
-0.16841124
-0.12727
-0.087936734
-0.17656122
-0.13980857
-0.10450562
-0.079687422
-0.053462746
-0.032430112
-0.062646411
-0.033994751
-0.010923492
-0.041638848
-0.01016987
0.015205087
0.03126239
0.0032780897
-0.019903268
0.04268596
0.01321401
-0.011316863
0.053303718
0.022349859
-0.0035889778
-0.040003888
-0.061203572
-0.086527388
-0.033227303
-0.056882076
-0.083799857
-0.027016958
-0.052002662
-0.080414074
-0.024499268
0.012208156
0.043897641
-0.049163648
-0.015826151
0.013256058
-0.069457981
-0.039058117
-0.012338373
-0.084529219
-0.0091328515
0.062069739
-0.082724672
-0.0052826559
0.067856686
-0.081775556
-0.0032342975
0.070917631
0.068448605
0.02301101
-0.012867263
0.074678812
0.028348933
-0.0083817824
0.077962132
0.031164088
-0.0060148805
-0.05258786
-0.10019877
-0.15032006
-0.049122952
-0.097908355
-0.1492193
-0.047285622
-0.096685904
-0.14863995
-0.17143914
-0.15713344
-0.13798196
-0.17089738
-0.15647481
-0.13726711
-0.17062729
-0.15614672
-0.13691105
-0.09733372
-0.024456031
0.044340098
-0.12168319
-0.058221456
0.0017747769
-0.14044314
-0.08478716
-0.031992964
-0.16340454
-0.12074312
-0.080708924
-0.16488842
-0.12191943
-0.081365025
-0.16635707
-0.12276178
-0.081427484
-0.17238142
-0.13403147
-0.097866207
-0.17341577
-0.13474331
-0.09804766
-0.17441727
-0.13513394
-0.097646923
-0.17920177
-0.14451831
-0.11167496
-0.17995895
-0.14500164
-0.11168701
-0.18070603
-0.14523207
-0.11120858
0.022287324
0.12152322
0.21682358
-0.033557231
0.051275262
0.13130415
-0.075953612
-0.0032247394
0.06473568
0.025449803
0.12994803
0.2302415
-0.030272284
0.057803431
0.14120971
-0.072452848
0.0028446759
0.073602511
0.028642695
0.13864538
0.24410442
-0.027174707
0.064924089
0.15236436
-0.069316385
0.0091509389
0.083226227
-0.10878353
-0.046192472
0.012081742
-0.1315612
-0.076664637
-0.025539185
-0.14848332
-0.099899669
-0.054533088
-0.10555102
-0.040894484
0.019665157
-0.12882976
-0.072253315
-0.019250042
-0.14631572
-0.096383907
-0.049487833
-0.1026285
-0.035379134
0.027957047
-0.12630225
-0.067570826
-0.01222506
-0.14425995
-0.092551602
-0.043692614
0.067242729
0.11228862
0.15003909
0.022881348
0.062489408
0.095820235
-0.011426435
0.023966727
0.053856118
0.077649116
0.12602717
0.167257
0.031545071
0.074028019
0.11053139
-0.0043855608
0.033511975
0.066375076
0.089031179
0.14021961
0.18295961
0.041229447
0.08619475
0.12409223
0.0036934525
0.043806763
0.078025988
-0.16177364
-0.11873984
-0.078378361
-0.1712285
-0.13263403
-0.096261243
-0.17840655
-0.14356342
-0.11058754
-0.16016526
-0.11608157
-0.074498716
-0.17008025
-0.13067817
-0.09333087
-0.17765296
-0.14222025
-0.10849065
-0.15860578
-0.11309676
-0.069902013
-0.16895476
-0.1284265
-0.089764902
-0.17691979
-0.14063849
-0.10587096
-0.039829172
-0.0080283473
0.018859965
-0.061322826
-0.032374097
-0.0079415266
-0.078741432
-0.052245402
-0.029997977
-0.034284799
-0.00029769226
0.029403689
-0.056990895
-0.026108239
0.00099760459
-0.075478332
-0.04727195
-0.022493021
-0.027746792
0.0082228829
0.039280314
-0.051772022
-0.01910155
0.0093648684
-0.071476031
-0.04167066
-0.015542493
-0.10007664
-0.030211577
0.035740774
-0.12407755
-0.063153879
-0.0055839383
-0.14242728
-0.088893724
-0.038154824
-0.09835918
-0.026625407
0.041109538
-0.122578
-0.060081304
-0.00099104641
-0.14118549
-0.08633725
-0.034310494
-0.097457711
-0.024718396
0.043949025
-0.12179129
-0.058446243
0.0014401673
-0.1405329
-0.084974683
-0.032273571
-0.70710678
-0.67227043
-0.37093401
-0.2509096
-0.17837139
-0.46758567
-0.43775954
-0.31528657
-0.29343711
-0.21778967
-0.20459288
-0.91774188
-0.84957113
-0.41857316
-0.28352483
-0.19996325
-0.16964304
-0.15907894
-0.11722119
-0.11113265
-0.61063762
-0.55892108
-0.40977066
-0.37426538
-0.27553742
-0.25565524
-0.6604133
-0.59697122
-0.44101741
-0.39908046
-0.31386987
-0.30837071
-0.29940974
-0.27316517
-0.23079692
-0.18465916
-0.16882906
-0.16601178
-0.16175405
-0.29307751
-0.24718607
-0.19725523
-0.21683356
-0.21346292
-0.2081335
-0.19087314
-0.16151631
-0.12913456
-0.11670989
-0.11505659
-0.11263486
-0.20283796
-0.17115331
-0.13641846
-0.29522726
-0.26114572
-0.23166279
-0.27489866
-0.24371265
-0.21704763
-0.14893887
-0.13200227
-0.11770383
-0.15874692
-0.14032065
-0.12454269
-0.70604267
-0.69823377
-0.68307557
-0.62284484
-0.54105344
-0.47060224
-0.4661879
-0.45907283
-0.44644599
-0.65756996
-0.57389986
-0.50160709
-0.91563372
-0.90021342
-0.87053063
-0.79232189
-0.6903003
-0.60084245
-0.60798126
-0.59575625
-0.57411168
-0.85607408
-0.74895258
-0.65507636
-0.74943575
-0.8239692
-0.88860063
-0.70822101
-0.77112957
-0.82527783
-0.46554712
-0.51019678
-0.54447267
-0.49820751
-0.54982815
-0.59221937
-0.4074965
-0.35677357
-0.3135868
-0.43612428
-0.38286968
-0.33693966
-0.52036894
-0.45563101
-0.40026483
-0.40754079
-0.39886588
-0.3843119
-0.56944068
-0.49941728
-0.4386259
-0.31196648
-0.34179786
-0.36468183
-0.33591704
-0.37026574
-0.39793859
-0.38313373
-0.40634548
-0.42796573
-0.34569468
-0.30351735
-0.26762724
-0.25787203
-0.27253872
-0.2867688
-0.44872591
-0.49972072
-0.54098167
-0.38988744
-0.34247906
-0.30230706
-0.30292498
-0.33570563
-0.36250442
-0.37898351
-0.39555948
-0.41135334
-0.25633817
-0.26776484
-0.27858944
-0.35018902
-0.30915063
-0.27307144
-0.2742016
-0.26932878
-0.26126161
-0.38286857
-0.33658783
-0.29548759
-0.21686899
-0.23603111
-0.24998165
-0.23129971
-0.25274052
-0.26887354
-0.23555723
-0.20988982
-0.18826025
-0.18266278
-0.19190172
-0.2005811
-0.26620095
-0.23693288
-0.21176633
-0.21268533
-0.23320287
-0.24895152
-0.18207761
-0.18984122
-0.19685024
-0.65685384
-0.64156216
-0.61520823
-0.55568354
-0.48641666
-0.42705865
-0.43829298
-0.42795781
-0.41082869
-0.61547916
-0.53909826
-0.47265047
-0.62623084
-0.64787129
-0.65891293
-0.57091939
-0.58744569
-0.59582899
-0.38217166
-0.39294505
-0.39834785
-0.41967974
-0.43325433
-0.44009249
-0.19631755
-0.19300136
-0.18789695
-0.24604739
-0.24183423
-0.23515642
-0.29175907
-0.28671013
-0.2785508
-0.29387661
-0.28874326
-0.28043275
-0.25994445
-0.25552573
-0.24843497
-0.23062394
-0.22690528
-0.22099028
-0.25594914
-0.21626385
-0.17295795
-0.22701885
-0.19187749
-0.15337256
-0.20234783
-0.17113923
-0.1367805
-0.15141049
-0.1553511
-0.15797566
-0.13408521
-0.13741266
-0.13964836
-0.11940387
-0.12212916
-0.12397705
-0.18463431
-0.23146255
-0.27445949
-0.16327525
-0.20481623
-0.2428678
-0.14494219
-0.18188107
-0.21560914
-0.20195347
-0.19887051
-0.19404409
-0.17041078
-0.16788901
-0.16402083
-0.13582361
-0.13387073
-0.13095848
-0.50030709
-0.49303206
-0.47980025
-0.57282718
-0.56535741
-0.55111943
-0.65663792
-0.64890943
-0.63373129
-0.74817327
-0.73891546
-0.72097901
-0.82234343
-0.81043561
-0.78743445
-0.8866454
-0.8723379
-0.84476821
-0.65995632
-0.5749901
-0.50047247
-0.72100241
-0.62963216
-0.54842036
-0.77059661
-0.67215173
-0.58527166
-0.47508914
-0.48891634
-0.49668025
-0.52188285
-0.5385852
-0.54793432
-0.5585897
-0.57860103
-0.58983972
-0.53436168
-0.61090806
-0.69871492
-0.58965971
-0.67376166
-0.76940476
-0.63522544
-0.72601372
-0.82936049
-0.85392803
-0.83948622
-0.81189147
-0.74655746
-0.73309465
-0.70807528
-0.65247214
-0.63978196
-0.61695036
-0.33547147
-0.32962161
-0.32000931
-0.38135723
-0.37490948
-0.36407292
-0.43465927
-0.42773411
-0.41570525
-0.43338662
-0.37942137
-0.3334378
-0.47499191
-0.41586535
-0.36540642
-0.50692331
-0.44385891
-0.38996115
-0.31857951
-0.32840885
-0.33439032
-0.3497856
-0.36147235
-0.36848581
-0.37411392
-0.38774386
-0.39586669
-0.35903881
-0.40802977
-0.46474922
-0.39594115
-0.45021763
-0.51290745
-0.42580879
-0.48458686
-0.55234677
-0.56677775
-0.55507258
-0.53464096
-0.49684916
-0.48626235
-0.46817281
-0.43626068
-0.42690929
-0.41114974
-0.30641894
-0.29108647
-0.27523847
-0.34861218
-0.33100062
-0.312609
-0.39827797
-0.37810105
-0.35668317
-0.45465174
-0.43017511
-0.40031948
-0.49638672
-0.46450242
-0.42229191
-0.52789816
-0.48911689
-0.4406535
-0.35309506
-0.31001418
-0.27339735
-0.36850959
-0.32361979
-0.2855301
-0.38317302
-0.3365572
-0.29704544
-0.26931749
-0.28822045
-0.30455927
-0.28460675
-0.31145782
-0.33250068
-0.2973719
-0.32845488
-0.35372411
-0.50357152
-0.46507324
-0.41778488
-0.44093268
-0.40743143
-0.36654287
-0.38753081
-0.35854478
-0.32317684
-0.29219784
-0.25889003
-0.23030076
-0.32001685
-0.28316078
-0.25121888
-0.34130421
-0.3015455
-0.26673964
-0.22078931
-0.2266223
-0.23027356
-0.2406607
-0.2474282
-0.251588
-0.25530569
-0.26295987
-0.26760053
-0.24629838
-0.27798857
-0.31447816
-0.2698655
-0.30562546
-0.34640769
-0.28797888
-0.32741757
-0.37198509
-0.38078794
-0.37279462
-0.3594261
-0.33480549
-0.32809571
-0.31690717
-0.29400448
-0.28852244
-0.27941451
-0.2126046
-0.20301047
-0.19293579
-0.23841513
-0.22707667
-0.21534586
-0.2687163
-0.25552783
-0.24194597
-0.24066396
-0.21442333
-0.1922569
-0.25142352
-0.22397913
-0.20064811
-0.26158323
-0.23290858
-0.2083411
-0.19037527
-0.20238275
-0.21241892
-0.20084347
-0.21783599
-0.23054413
-0.20916776
-0.22870602
-0.24367354
-0.33936682
-0.31463424
-0.28425451
-0.30001432
-0.27894674
-0.25270424
-0.26555258
-0.24796037
-0.22550678
-0.62332073
-0.61018662
-0.58709915
-0.64456208
-0.63008537
-0.6049366
-0.65538567
-0.64019119
-0.61398322
-0.53152327
-0.46538258
-0.40878197
-0.54686013
-0.47875133
-0.4204155
-0.55462632
-0.48549941
-0.42626508
-0.39277905
-0.40813374
-0.41730881
-0.40428371
-0.42076421
-0.43066498
-0.41005104
-0.42710193
-0.43738548
-0.449388
-0.51191557
-0.58389025
-0.46417176
-0.52916183
-0.60390367
-0.47163979
-0.53791195
-0.6140954
-0.6119737
-0.59745724
-0.57273249
-0.53582512
-0.52291147
-0.50126968
-0.46972082
-0.4584925
-0.4398422
-0.2732032
-0.26849292
-0.26093258
-0.23038143
-0.22645926
-0.22028622
-0.18374602
-0.18066064
-0.17594353
-0.24175248
-0.23770238
-0.23126242
-0.20386429
-0.20050951
-0.19528035
-0.16249914
-0.15987024
-0.15588768
-0.21464658
-0.21124309
-0.20588105
-0.18106773
-0.17826892
-0.17394757
-0.14428615
-0.14210809
-0.13883855
-0.69757203
-0.68885832
-0.67196165
-0.60969618
-0.60150006
-0.58594512
-0.53292799
-0.52498547
-0.51053748
-0.76788438
-0.75695483
-0.73592947
-0.67215319
-0.6620802
-0.64310724
-0.58785163
-0.5782421
-0.56074874
-0.82743934
-0.81417199
-0.788735
-0.72390435
-0.7116049
-0.68859717
-0.63291001
-0.62127794
-0.60021895
-0.46315553
-0.45560379
-0.44242726
-0.40639283
-0.39936885
-0.38748503
-0.35745521
-0.35108892
-0.34054578
-0.51096277
-0.5019191
-0.48604009
-0.44826433
-0.43992775
-0.42567941
-0.39408175
-0.38658703
-0.37401447
-0.54994304
-0.53914589
-0.52021298
-0.48223851
-0.4724119
-0.45557609
-0.42362229
-0.41489134
-0.40016348
-0.42314469
-0.40021133
-0.37265954
-0.37034729
-0.35022086
-0.32653074
-0.32547535
-0.30789428
-0.28747785
-0.46200893
-0.43217148
-0.39314729
-0.40440229
-0.37830741
-0.344698
-0.35538811
-0.33269275
-0.30369966
-0.49138578
-0.45518169
-0.41028205
-0.43022246
-0.39868883
-0.35989942
-0.37811492
-0.35080186
-0.3172651
-0.31302466
-0.30744379
-0.29832975
-0.27669758
-0.27189879
-0.26412538
-0.24518413
-0.24115144
-0.23467379
-0.34472364
-0.33820601
-0.32740195
-0.30414655
-0.29858658
-0.28942981
-0.26860404
-0.26397795
-0.25641292
-0.37004295
-0.3625372
-0.34999183
-0.32574005
-0.31940658
-0.30886558
-0.286572
-0.28136832
-0.27275023
-0.28533656
-0.2701737
-0.25266797
-0.25301418
-0.23994798
-0.2248051
-0.22537994
-0.21429422
-0.20125611
-0.31142199
-0.29193994
-0.26706434
-0.27583342
-0.25912025
-0.23760567
-0.24511685
-0.23101968
-0.21251947
-0.33120759
-0.30786699
-0.2790585
-0.29299668
-0.27307416
-0.24816955
-0.25968193
-0.24299455
-0.2216472
-0.58098996
-0.56844932
-0.54669954
-0.50914785
-0.49786593
-0.47868018
-0.44686218
-0.43694691
-0.42029087
-0.60063111
-0.58685995
-0.56323113
-0.52608269
-0.51378276
-0.493043
-0.46139667
-0.45066073
-0.43274058
-0.61061991
-0.59619234
-0.57160035
-0.53466375
-0.52182321
-0.50029045
-0.46873005
-0.45756031
-0.43899814
-0.70710678
-0.67227043
-0.36204072
-0.24629866
-0.17637382
-0.46185394
-0.42824044
-0.31136795
-0.28807716
-0.21539192
-0.20189501
-0.39717735
-0.37298049
-0.20396961
-0.14162495
-0.10269046
-0.402592
-0.36647399
-0.27180783
-0.2519537
-0.25064867
-0.23013366
-0.16793162
-0.15542841
-0.11597792
-0.10949097
3.0200325e-17
1.5243568e-16
9.2694312e-17
1.8571576e-16
-0.30966554
-0.30363945
-0.29422556
-0.30620552
-0.33522497
-0.35729985
-0.3999702
-0.39080203
-0.37625429
-0.33148008
-0.36475777
-0.39132055
-0.21434171
-0.21082808
-0.20542964
-0.21401157
-0.23284839
-0.24645587
-0.27034474
-0.2653544
-0.25739355
-0.22868636
-0.24968568
-0.26536697
-0.29164895
-0.25812781
-0.22908341
-0.27018675
-0.24000807
-0.21406995
-0.34336871
-0.3038571
-0.26891201
-0.37643935
-0.3314124
-0.29132139
-0.70604267
-0.69823377
-0.68307557
-0.61859413
-0.53235175
-0.4608565
-0.45979708
-0.45137718
-0.43749377
-0.6553184
-0.5690496
-0.49589265
-0.39642918
-0.39095644
-0.38042078
-0.33901691
-0.28758291
-0.24782968
-0.24915414
-0.24380221
-0.23547974
-0.36405434
-0.31178358
-0.26974484
-0.66207707
-0.56663459
-0.45868172
-0.6278812
-0.53501952
-0.4314642
-0.39832682
-0.33557479
-0.2675783
-0.42975266
-0.36341542
-0.29094318
-0.39851827
-0.34920431
-0.30750825
-0.43055685
-0.37788529
-0.3326584
-0.21422224
-0.18796632
-0.16578895
-0.16688257
-0.16349242
-0.15851665
-0.23328235
-0.20430283
-0.17955853
-0.26813922
-0.22628085
-0.18066932
-0.28963475
-0.24452371
-0.1952389
-0.37321485
-0.39592702
-0.41794732
-0.33733964
-0.29660105
-0.26227054
-0.25278354
-0.26705101
-0.28127341
-0.20599411
-0.2138244
-0.22448673
-0.19094451
-0.16911576
-0.15042799
-0.14246403
-0.14643559
-0.15223062
-0.34073645
-0.29250438
-0.23582297
-0.23332077
-0.20171173
-0.16350686
-0.14587397
-0.12972903
-0.11590641
-0.11539989
-0.11360684
-0.11104982
-0.15717609
-0.138938
-0.12326776
-0.18833318
-0.15928932
-0.12727359
-0.20065069
-0.16934768
-0.13498059
-0.23161206
-0.20695136
-0.18601182
-0.18047091
-0.18941512
-0.19791782
-0.1334835
-0.11971719
-0.10802855
-0.10311391
-0.10504588
-0.10789454
-0.16786873
-0.14583081
-0.11851873
7.2127033e-17
7.5396334e-17
1.2899055e-16
1.4134895e-16
1.4698056e-16
1.6357659e-16
9.9654625e-17
1.62745e-16
2.2272969e-16
9.0487281e-17
1.2168023e-16
1.4002827e-16
-0.20916901
-0.12793477
-0.044453235
-0.19182543
-0.11716514
-0.040688318
-0.12956698
-0.079119585
-0.027468621
-0.13992183
-0.085365897
-0.029619205
-0.38887214
-0.3802447
-0.36653802
-0.3626373
-0.35510612
-0.34317831
-0.32965128
-0.32314753
-0.31293465
-0.29006254
-0.28450434
-0.27584571
-0.25676466
-0.2520704
-0.24478272
-0.22793241
-0.22403633
-0.21802044
-0.28713564
-0.31425478
-0.33484095
-0.25492164
-0.27867127
-0.29652537
-0.2271295
-0.24766528
-0.26278637
-0.35234898
-0.36566071
-0.37403705
-0.31138553
-0.32246596
-0.32940989
-0.27506478
-0.28405756
-0.28968567
-0.36604287
-0.3414331
-0.31044215
-0.32260746
-0.30154476
-0.27462007
-0.28407941
-0.26650272
-0.24345974
-0.22756121
-0.22377239
-0.2179007
-0.24842242
-0.24413374
-0.23738816
-0.26397171
-0.25920962
-0.25163582
-0.49389635
-0.48523628
-0.47066242
-0.56732898
-0.55854834
-0.54301491
-0.65406478
-0.64567271
-0.62981031
-0.6610298
-0.65334976
-0.63846807
-0.56566212
-0.55853883
-0.54477698
-0.45784149
-0.45169272
-0.43984281
-0.57752925
-0.49565683
-0.42880582
-0.48964825
-0.41828667
-0.36128987
-0.39303772
-0.33409313
-0.28814463
-0.40695795
-0.41993548
-0.42781477
-0.34317122
-0.35460297
-0.36161947
-0.27375254
-0.28328878
-0.28930818
-0.46153344
-0.53005815
-0.61184359
-0.39057145
-0.44962082
-0.52160356
-0.31296059
-0.3612595
-0.42097905
-0.36296887
-0.35707725
-0.34640937
-0.31036056
-0.30435936
-0.29430694
-0.26823134
-0.26259046
-0.25363479
-0.33084712
-0.32435255
-0.31416602
-0.37590373
-0.36855081
-0.35687065
-0.42849108
-0.42038647
-0.40723136
-0.37071389
-0.3248925
-0.28617811
-0.31234102
-0.27388742
-0.24141805
-0.24908503
-0.21852443
-0.19271703
-0.27377146
-0.28245571
-0.28804351
-0.23100267
-0.23833883
-0.2431255
-0.18431682
-0.19014814
-0.19405307
-0.30943525
-0.35152088
-0.40057734
-0.26128779
-0.29694394
-0.33858261
-0.20870439
-0.23735741
-0.27088305
-0.23183174
-0.22680166
-0.21910837
-0.20299004
-0.19861345
-0.19206961
-0.1784158
-0.17469356
-0.16920384
-0.30014877
-0.28475896
-0.26932384
-0.34072602
-0.32291205
-0.30495713
-0.38885666
-0.36833424
-0.34739001
-0.38856963
-0.36828674
-0.34761649
-0.32724166
-0.31009873
-0.29585683
-0.26087979
-0.24810855
-0.2384335
-0.31801369
-0.28023207
-0.24825091
-0.27339907
-0.2415256
-0.21441362
-0.22068162
-0.1953421
-0.17369075
-0.23686298
-0.24914578
-0.26183657
-0.20325712
-0.2111241
-0.22118946
-0.1646139
-0.169676
-0.17678151
-0.20907267
-0.19950143
-0.19258016
-0.18368529
-0.17584318
-0.17033819
-0.16224455
-0.1558093
-0.15137247
-0.25153758
-0.22355286
-0.19955226
-0.21234409
-0.18883935
-0.16869569
-0.16956416
-0.15081204
-0.13474244
-0.1915235
-0.19644605
-0.19967694
-0.16184645
-0.16584849
-0.16852391
-0.12915619
-0.13221123
-0.13431287
-0.21327654
-0.24017882
-0.27130422
-0.17998734
-0.20269083
-0.22901171
-0.14345759
-0.16164786
-0.18277916
-0.15621937
-0.15314771
-0.14865641
-0.13814679
-0.13563408
-0.13198386
-0.12262257
-0.12060052
-0.11769252
-0.20964916
-0.20022396
-0.19046238
-0.23469181
-0.22348586
-0.21210492
-0.26391744
-0.25079043
-0.23759244
-0.21958408
-0.19648211
-0.1768825
-0.19000124
-0.17026935
-0.15352237
-0.1540969
-0.13820081
-0.12469603
-0.16998255
-0.1773437
-0.18472101
-0.14669325
-0.15104585
-0.15652921
-0.11908194
-0.12165846
-0.1252752
-0.14299575
-0.13778735
-0.13422863
-0.12740059
-0.12319104
-0.12031933
-0.11407071
-0.1107648
-0.10851157
-0.2078497
-0.20326693
-0.19625493
-0.12706715
-0.12416746
-0.11984693
-0.044140065
-0.043116943
-0.0416123
-0.17856379
-0.15668782
-0.13820659
-0.10905691
-0.095695234
-0.084403135
-0.037870615
-0.033228732
-0.029305187
-0.13207252
-0.13618064
-0.13902198
-0.080592019
-0.083051265
-0.084796141
-0.027967663
-0.028811104
-0.029417373
-0.1496458
-0.17034589
-0.19460908
-0.091335261
-0.10404741
-0.11896578
-0.031697647
-0.036125201
-0.041324472
7.5595388e-17
1.1162854e-16
1.4755905e-16
1.3166612e-16
1.407068e-16
1.6214071e-16
1.4374839e-16
1.4145528e-16
1.6127888e-16
-0.3087393
-0.30273937
-0.29333937
-0.33946863
-0.33254136
-0.32158004
-0.36379156
-0.35589178
-0.34333254
-0.27315782
-0.26808995
-0.26016836
-0.29987373
-0.2940569
-0.28485274
-0.32071835
-0.31414246
-0.30365986
-0.24222701
-0.23802257
-0.23148012
-0.26510856
-0.2603213
-0.25276536
-0.28252602
-0.27717107
-0.26863515
-0.6106653
-0.6028212
-0.58794455
-0.52843739
-0.52021925
-0.50564512
-0.45964786
-0.45155023
-0.4379243
-0.52039812
-0.51305779
-0.49932552
-0.44804524
-0.44054045
-0.42736199
-0.38879784
-0.38152036
-0.36940545
-0.41981283
-0.41329319
-0.40132896
-0.3597359
-0.3530824
-0.34173094
-0.31131838
-0.30501266
-0.29480627
-0.39863074
-0.39105983
-0.37879576
-0.34965984
-0.34281062
-0.33196826
-0.30773908
-0.30170769
-0.29229074
-0.33679925
-0.33010573
-0.31938726
-0.29527032
-0.28929513
-0.27995423
-0.25978628
-0.25458831
-0.24658092
-0.26928529
-0.26360322
-0.25475025
-0.23589475
-0.23090898
-0.22331967
-0.20741862
-0.20314681
-0.19673562
-0.36157996
-0.34283378
-0.32398096
-0.31694968
-0.30083834
-0.28499901
-0.27933367
-0.26554185
-0.25214987
-0.30462458
-0.28898744
-0.27619168
-0.26730476
-0.25415712
-0.24368301
-0.23584126
-0.22479897
-0.21613171
-0.24294444
-0.2314317
-0.22282335
-0.21337766
-0.20387012
-0.19695255
-0.18842411
-0.18056546
-0.17493769
-0.26982334
-0.26467759
-0.25670663
-0.23890989
-0.23457614
-0.22789294
-0.21220764
-0.20862061
-0.2031245
-0.22771957
-0.22333712
-0.21664611
-0.20159732
-0.19794553
-0.1924019
-0.17907713
-0.17608727
-0.17158484
-0.18169296
-0.17814296
-0.17286181
-0.16074279
-0.15782155
-0.15350269
-0.14271469
-0.1403514
-0.13688943
-0.24574831
-0.23408909
-0.22280882
-0.21867434
-0.20880694
-0.19920892
-0.19551998
-0.18730073
-0.17919047
-0.20770662
-0.19854497
-0.19139268
-0.18499577
-0.17738443
-0.17142386
-0.165578
-0.15937779
-0.15447923
-0.16605081
-0.15963831
-0.15507936
-0.14794619
-0.14271531
-0.13899475
-0.13245974
-0.12830077
-0.12533392
-0.19333645
-0.18904865
-0.18259371
-0.1692056
-0.16550182
-0.16004883
-0.14866165
-0.14553223
-0.14098591
-0.11813518
-0.1154376
-0.11148259
-0.10331292
-0.10100668
-0.097698213
-0.09070865
-0.088778101
-0.08604428
-0.04102578
-0.040076818
-0.03870356
-0.035862771
-0.035055685
-0.033912826
-0.031475061
-0.030802713
-0.029862854
