MFEM mesh v1.0

#
# MFEM Geometry Types (see mesh/geom.hpp):
#
# POINT       = 0
# SEGMENT     = 1
# TRIANGLE    = 2
# SQUARE      = 3
# TETRAHEDRON = 4
# CUBE        = 5
#

dimension
3

elements
3
1 5 0 1 7 3 5 9 13 12
1 5 1 2 8 7 9 10 14 13
1 5 3 7 6 4 12 13 15 11

boundary
14
3 3 3 7 1 0
3 3 0 1 9 5
3 3 3 0 5 12
3 3 5 9 13 12
3 3 7 8 2 1
3 3 1 2 10 9
3 3 2 8 14 10
3 3 8 7 13 14
3 3 9 10 14 13
3 3 4 6 7 3
3 3 7 6 15 13
3 3 6 4 11 15
3 3 4 3 12 11
3 3 12 13 15 11

vertices
16

nodes
FiniteElementSpace
FiniteElementCollection: H1_3D_P4
VDim: 3
Ordering: 0

-0.34715081
-0.28933241
-0.20609602
-0.35824573
-0.36439324
-0.35793389
-0.29394633
-0.29108888
-0.20835137
-0.29059633
-0.20734485
-0.38159255
-0.37443101
-0.29132968
-0.21114341
-0.29412508
-0.3419547
-0.32456875
-0.30238343
-0.28904598
-0.28922368
-0.29032779
-0.34964465
-0.32875229
-0.304573
-0.3483549
-0.35210224
-0.35620065
-0.34933903
-0.32840181
-0.30414012
-0.28968613
-0.28949485
-0.29057956
-0.3597157
-0.3322012
-0.30536389
-0.36061786
-0.36643162
-0.37191306
-0.34833471
-0.35199212
-0.35596145
-0.28901548
-0.28903983
-0.2899452
-0.29008046
-0.28972389
-0.29065477
-0.36090113
-0.36661505
-0.37197667
-0.27574469
-0.24872871
-0.22087044
-0.20638705
-0.20715137
-0.20795428
-0.27721972
-0.25024311
-0.22282412
-0.27665981
-0.24952887
-0.22192514
-0.20822504
-0.20960591
-0.21068105
-0.27739915
-0.25108001
-0.22489067
-0.2063092
-0.20675142
-0.20716044
-0.20901439
-0.21004635
-0.21082139
-0.2938459
-0.29312824
-0.29186963
-0.35506118
-0.33303251
-0.30785995
-0.3600644
-0.36275461
-0.36419335
-0.29210616
-0.29333519
-0.29402925
-0.36583044
-0.336733
-0.30865829
-0.38136836
-0.37973821
-0.37661531
-0.29281839
-0.29243262
-0.29341932
-0.36722256
-0.3732476
-0.37896698
-0.34790249
-0.32748388
-0.30364904
-0.3445566
-0.32521528
-0.30227387
-0.34205418
-0.32425518
-0.30200107
-0.34203324
-0.32423217
-0.30197472
-0.34444749
-0.32508592
-0.30211391
-0.34766814
-0.3272127
-0.3033134
-0.2883623
-0.28834095
-0.28935751
-0.28821665
-0.28800667
-0.28901241
-0.28905862
-0.28886371
-0.28991431
-0.30339732
-0.32749904
-0.3496592
-0.30320761
-0.32835639
-0.3534776
-0.30448042
-0.33085313
-0.35763404
-0.35878782
-0.35444392
-0.35020335
-0.3643369
-0.35949781
-0.35435673
-0.36954055
-0.36421947
-0.35857531
-0.34939451
-0.32721084
-0.30304765
-0.35330631
-0.3281814
-0.30300146
-0.35757454
-0.33079379
-0.30441246
-0.27657366
-0.24974701
-0.222402
-0.27566894
-0.24899684
-0.22163662
-0.27550959
-0.24868158
-0.22104018
-0.27547444
-0.24863321
-0.22097373
-0.27545823
-0.24872211
-0.22128312
-0.27613778
-0.24918802
-0.22169469
-0.20685677
-0.20775954
-0.20861394
-0.2074957
-0.20866521
-0.20961789
-0.20800715
-0.20932854
-0.21037091
-0.22317396
-0.2500048
-0.27644988
-0.22386544
-0.25009886
-0.27614581
-0.22455275
-0.25068365
-0.27685161
-0.2760039
-0.24944074
-0.22246778
-0.27588949
-0.24977978
-0.22347012
-0.27676815
-0.25058091
-0.22442649
-0.35488464
-0.33288895
-0.30774521
-0.35360268
-0.33185746
-0.30692985
-0.35123311
-0.32998169
-0.30548035
-0.29082857
-0.29203375
-0.29272282
-0.29046937
-0.29166101
-0.29233872
-0.29141939
-0.29263583
-0.29332409
-0.30655287
-0.33162654
-0.35502901
-0.30636085
-0.33258486
-0.35913963
-0.3077238
-0.33528756
-0.36359465
-0.36701855
-0.36554626
-0.36278309
-0.37303643
-0.37150587
-0.36861032
-0.37874772
-0.37715157
-0.37410476
-0.3615519
-0.33353293
-0.30628581
-0.36422463
-0.33551528
-0.30773843
-0.36563616
-0.33658548
-0.30854519
-0.34187374
-0.32337798
-0.30115232
-0.34453564
-0.32411209
-0.30123211
-0.34787202
-0.3262645
-0.30250245
-0.3444557
-0.32402235
-0.30112294
-0.34778821
-0.32476528
-0.30102766
-0.3515458
-0.32707645
-0.30231593
-0.34767432
-0.32604731
-0.30223779
-0.35143631
-0.3269638
-0.30218212
-0.3555537
-0.32947961
-0.30354298
-0.27497323
-0.24851527
-0.22128736
-0.27499432
-0.24879577
-0.22196281
-0.27583171
-0.24952487
-0.22275484
-0.27485256
-0.24861283
-0.22172902
-0.27472044
-0.24888101
-0.22257136
-0.27554189
-0.24962174
-0.22342986
-0.27549283
-0.2490942
-0.22221311
-0.27537503
-0.24941319
-0.22317051
-0.27622657
-0.25019071
-0.22409804
-0.35122545
-0.32868232
-0.30426377
-0.35358149
-0.33049225
-0.3056575
-0.3548516
-0.3314881
-0.30644181
-0.35515491
-0.32958459
-0.30408161
-0.3576325
-0.33143547
-0.30547283
-0.35895653
-0.3324451
-0.30625117
-0.35941549
-0.33215037
-0.30538325
-0.36202281
-0.33409164
-0.3068151
-0.36340362
-0.33514222
-0.30761153
-0.15089524
-0.15787405
-0.16024011
-0.091303978
2.4504454e-16
-0.16068586
2.6480478e-16
-0.08932113
-0.089606109
-0.17173982
-0.17469473
2.7206589e-16
-0.091154634
-0.085895869
-0.085924605
2.7965107e-16
-0.15167247
-0.15408858
-0.15665239
-0.1494404
-0.12834948
-0.10343814
-0.090495423
-0.089419599
-0.089214089
-0.14576648
-0.12818847
-0.10512039
-0.16255956
-0.16656143
-0.17016528
-0.15660362
-0.12833136
-0.10055882
-0.088945195
-0.086607498
-0.085935619
-0.15211937
-0.13079208
-0.10550734
-0.15195994
-0.15527244
-0.1588859
-0.16007141
-0.16493679
-0.16958679
-0.087469948
-0.085759399
-0.08565399
-0.090785058
-0.090323234
-0.090736551
-0.15890144
-0.1602153
-0.16052066
-0.15133533
-0.12950788
-0.1039655
-0.089498169
-0.08977829
-0.089774343
-0.17302545
-0.17462063
-0.1750026
-0.15882993
-0.12946699
-0.10086773
-0.085981378
-0.08614671
-0.086095395
-0.16254773
-0.16760119
-0.17245207
-0.087670076
-0.085883789
-0.085715293
-0.015917168
-0.045764632
-0.074667928
2.6714664e-16
2.6457004e-16
2.510547e-16
-0.07674149
-0.047347161
-0.016521151
-0.071231349
-0.043211702
-0.014957624
2.6322397e-16
2.6990831e-16
2.6159518e-16
-0.016260256
-0.046741048
-0.076225003
2.8862697e-16
2.90777e-16
2.6923549e-16
2.5749345e-16
2.4055739e-16
2.8462392e-16
-0.104201
-0.1031787
-0.10319187
-0.12732498
-0.12694153
-0.1277979
-0.1453737
-0.14657744
-0.14846883
-0.15324465
-0.15604741
-0.15879693
-0.15692072
-0.16041411
-0.16353784
-0.16071193
-0.16458761
-0.16807181
-0.14878916
-0.12632505
-0.10141506
-0.15152881
-0.12587596
-0.099875476
-0.15486613
-0.12738712
-0.10010611
-0.087408017
-0.087765434
-0.089253338
-0.0857615
-0.086301444
-0.088367716
-0.085678155
-0.086328336
-0.088588099
-0.10452191
-0.12768813
-0.14571643
-0.10419095
-0.12811263
-0.1477705
-0.10490761
-0.12980493
-0.15062409
-0.15101502
-0.15294354
-0.15537056
-0.12829389
-0.12703429
-0.12778766
-0.10308118
-0.10084065
-0.10042622
-0.10371415
-0.10412745
-0.10415609
-0.12889769
-0.12962368
-0.12973951
-0.150287
-0.15137361
-0.15160314
-0.16114303
-0.16250626
-0.16282932
-0.16608986
-0.16754136
-0.16789005
-0.17083335
-0.17238125
-0.17275295
-0.15064078
-0.12738043
-0.10184774
-0.15354352
-0.1269506
-0.10025054
-0.15702222
-0.12850602
-0.10043674
-0.087833107
-0.087848608
-0.087612235
-0.086043909
-0.086071504
-0.085871421
-0.085881066
-0.08592266
-0.085745007
-0.15759318
-0.15884272
-0.1591132
-0.12888225
-0.1296016
-0.12970528
-0.1007543
-0.10107344
-0.10106105
-0.016351635
-0.016083001
-0.015943356
-0.046875978
-0.046148835
-0.045810165
-0.076013959
-0.074982393
-0.074642155
-0.073055461
-0.044726967
-0.015548861
-0.071421676
-0.043573539
-0.015123697
-0.071109086
-0.043211372
-0.014969806
2.6575468e-16
2.4611035e-16
2.5039571e-16
2.8328783e-16
2.6092006e-16
2.5645277e-16
2.8075856e-16
2.6561121e-16
2.5934311e-16
-0.016406941
-0.047032921
-0.076261059
-0.01625329
-0.046632756
-0.075751551
-0.016228928
-0.046622598
-0.075936607
-0.074310632
-0.072142696
-0.071346427
-0.045514697
-0.044025954
-0.043359762
-0.015825928
-0.015282779
-0.015021862
-0.14475039
-0.14595459
-0.14777965
-0.12593395
-0.12512173
-0.12581081
-0.10278798
-0.10135991
-0.10120274
-0.14676287
-0.14833399
-0.1504308
-0.12590027
-0.12470269
-0.12537443
-0.10203389
-0.1000378
-0.09972104
-0.14950111
-0.15134411
-0.15366749
-0.12736686
-0.12613521
-0.12684917
-0.1025336
-0.10036616
-0.099960028
-0.14960559
-0.15067669
-0.15090156
-0.12682901
-0.12750373
-0.12760512
-0.10164758
-0.10201549
-0.10203113
-0.15241972
-0.15356205
-0.15380954
-0.12639111
-0.12707139
-0.1271742
-0.10008584
-0.10042498
-0.10043155
-0.15581939
-0.15703431
-0.15729775
-0.12792361
-0.12863258
-0.12873786
-0.1003016
-0.10062837
-0.10062399
-0.074913384
-0.073538052
-0.073063944
-0.046166225
-0.045218323
-0.044794996
-0.016098163
-0.015752228
-0.015582549
-0.074051941
-0.072147735
-0.071493861
-0.045541827
-0.044240794
-0.043686866
-0.015866213
-0.015392331
-0.01517439
-0.074069607
-0.071977377
-0.071206757
-0.045426639
-0.043990635
-0.043346533
-0.015804842
-0.015281308
-0.01502903
-0.14945863
-0.15633221
-0.15834916
-0.15915685
-0.16449075
-0.090262432
-0.1760707
-0.17002888
-0.17256831
-0.088288133
-0.08837315
-0.09191693
-0.090084957
-0.084893292
-0.084797916
-0.086357502
-0.15024146
-0.15264431
-0.15515387
-0.1585138
-0.16332563
-0.16791081
-0.16103597
-0.16499706
-0.16851575
-0.15051588
-0.15379964
-0.15737659
-0.089472391
-0.088410032
-0.088196537
-0.086438461
-0.084739424
-0.084646587
-0.087893809
-0.085590894
-0.084934914
-0.089733496
-0.089261146
-0.089668962
-0.14433866
-0.12684373
-0.10395195
-0.14793015
-0.12697354
-0.10226924
-0.15500736
-0.12695035
-0.099415747
-0.1505937
-0.12938092
-0.10429827
-0.15730806
-0.15850799
-0.15869135
-0.1606291
-0.1656049
-0.17036992
-0.17124709
-0.17270107
-0.1729425
-0.088443379
-0.088664497
-0.088584936
-0.086446619
-0.084699585
-0.084571757
-0.084969438
-0.085099905
-0.084998224
-0.14949288
-0.12784651
-0.10256584
-0.15689101
-0.12785306
-0.099568974
-0.17588134
-0.1745044
-0.17186915
-0.16649192
-0.17067777
-0.17444482
-0.16073751
-0.16307149
-0.1643177
-0.085250107
-0.085900736
-0.086301473
-0.089552783
-0.08711644
-0.086414452
-0.091849406
-0.091370178
-0.090560057
-0.1599558
-0.13022795
-0.10139529
-0.15519433
-0.13277622
-0.10660583
-0.15920858
-0.16304867
-0.1664542
-0.15545443
-0.15892284
-0.16197893
-0.1518071
-0.1545936
-0.15728535
-0.14395706
-0.1451543
-0.14699852
-0.1259981
-0.12562307
-0.12645195
-0.10305165
-0.10204227
-0.10204304
-0.14727874
-0.14999688
-0.15329319
-0.1249506
-0.12450939
-0.12601405
-0.10024886
-0.098720207
-0.098961182
-0.15381765
-0.15144229
-0.14951206
-0.12642618
-0.1256789
-0.12690394
-0.099289145
-0.099690423
-0.10189437
-0.14911808
-0.14630209
-0.14427814
-0.12840691
-0.12673776
-0.12633257
-0.10370396
-0.10299732
-0.10334202
-0.088222579
-0.086753923
-0.086390071
-0.087324337
-0.085286002
-0.084750061
-0.087539131
-0.085312035
-0.084674538
-0.16909272
-0.1705035
-0.17073691
-0.1644194
-0.16574268
-0.16595873
-0.15953166
-0.16077643
-0.16097373
-0.1487289
-0.14970794
-0.14982055
-0.12748431
-0.12812058
-0.12813332
-0.10251841
-0.10286203
-0.10280472
-0.14879727
-0.15167625
-0.155109
-0.12572551
-0.1253262
-0.12689328
-0.10045856
-0.09890008
-0.099124734
-0.15723203
-0.15708013
-0.15594454
-0.1281362
-0.12811815
-0.12747232
-0.099796824
-0.099870402
-0.099596917
-0.086559736
-0.086739497
-0.086651349
-0.084835382
-0.084987725
-0.084896487
-0.084726314
-0.084865304
-0.084769294
-0.16631613
-0.17049694
-0.17425861
-0.16504663
-0.16918599
-0.17290336
-0.16266179
-0.16670576
-0.17031831
-0.15648291
-0.1586478
-0.15979747
-0.12788819
-0.12932577
-0.13011826
-0.099922938
-0.10080437
-0.10132161
-0.15866989
-0.15610557
-0.15399184
-0.12966342
-0.12882979
-0.13008143
-0.10126874
-0.10169192
-0.10401141
-0.15504449
-0.15395511
-0.15194252
-0.13266128
-0.13183658
-0.13034758
-0.10652261
-0.1059349
-0.10491371
-0.088314211
-0.085970199
-0.085295266
-0.089049007
-0.086646709
-0.085953698
-0.089491029
-0.08705877
-0.086357687
-0.1433277
-0.14452998
-0.14630861
-0.1453137
-0.14688789
-0.14893889
-0.14801686
-0.14986231
-0.15213665
-0.12459884
-0.12380107
-0.12446459
-0.1245457
-0.12337441
-0.12403143
-0.12598992
-0.12479052
-0.12549658
-0.10163094
-0.10022214
-0.10005448
-0.10086191
-0.098894529
-0.098578473
-0.10135231
-0.099219147
-0.09882293
-0.14804686
-0.14901004
-0.14911776
-0.15083856
-0.15187131
-0.1520013
-0.15419526
-0.15529771
-0.15544279
-0.12541752
-0.12600405
-0.12600416
-0.12499175
-0.12559105
-0.12559979
-0.12652072
-0.12715428
-0.12717152
-0.10045532
-0.10075594
-0.10068844
-0.098909595
-0.099190401
-0.099122757
-0.099140533
-0.099418057
-0.099348654
-0.15081138
-0.1528161
-0.15525649
-0.15277956
-0.15485832
-0.15738187
-0.15384282
-0.15595391
-0.15851293
-0.12779965
-0.12657508
-0.12734803
-0.12919572
-0.12795699
-0.12876976
-0.12997298
-0.12872332
-0.12955418
-0.10244466
-0.10020742
-0.099793874
-0.10338609
-0.10109754
-0.10067723
-0.10393286
-0.10161753
-0.10119433
