MFEM mesh v1.0

#
# MFEM Geometry Types (see mesh/geom.hpp):
#
# POINT       = 0
# SEGMENT     = 1
# TRIANGLE    = 2
# SQUARE      = 3
# TETRAHEDRON = 4
# CUBE        = 5
#

dimension
3

elements
7
1 5 8 16 6 4 9 17 7 5
1 5 0 1 10 3 4 6 18 12
1 5 4 6 18 12 5 7 22 14
1 5 12 18 20 11 14 22 24 13
1 5 18 19 21 20 22 23 25 24
1 5 2 0 3 15 8 4 12 26
1 5 8 4 12 26 9 5 14 27

boundary
26
1 3 3 10 1 0
1 3 15 3 0 2
16 3 0 1 6 4
16 3 2 0 4 8
16 3 4 6 16 8
16 3 8 16 17 9
16 3 16 6 7 17
16 3 9 17 7 5
16 3 1 10 18 6
16 3 10 3 12 18
16 3 11 20 18 12
16 3 20 21 19 18
16 3 6 18 22 7
16 3 5 7 22 14
16 3 18 19 23 22
16 3 20 11 13 24
16 3 11 12 14 13
16 3 14 22 24 13
16 3 19 21 25 23
16 3 21 20 24 25
16 3 22 23 25 24
16 3 15 2 8 26
16 3 3 15 26 12
16 3 26 8 9 27
16 3 12 26 27 14
16 3 9 5 14 27

vertices
28

nodes
FiniteElementSpace
FiniteElementCollection: H1_3D_P4
VDim: 3
Ordering: 0

-0.57735027
-0.31000795
-0.67227043
-0.67227043
-0.50181156
-0.43409041
-0.34167788
-0.3240448
-0.56415734
-0.47637389
-0.37298049
-0.59100202
-0.56285336
-0.49391193
-0.47536606
-0.84957113
-0.36480918
-0.33785177
-0.35883119
-0.1259328
-0.37223613
-0.12430652
-0.33425364
-0.17780112
-0.34238802
-0.17672131
-0.69847424
-0.56790914
-0.53302519
-0.46952487
-0.40180078
-0.34316238
-0.34996101
-0.35966667
-0.481318
-0.43278634
-0.37472812
-0.51193129
-0.53332785
-0.55433298
-0.45473155
-0.41044944
-0.36342096
-0.324875
-0.32895995
-0.33476008
-0.42023229
-0.38671035
-0.34674892
-0.4408931
-0.45552042
-0.46976297
-0.54792517
-0.51834327
-0.49039298
-0.3609721
-0.35248796
-0.34303087
-0.33979507
-0.33449819
-0.32785839
-0.48946553
-0.4667145
-0.44502634
-0.53562341
-0.45112133
-0.36020918
-0.32278198
-0.34512795
-0.36435579
-0.6278812
-0.53501952
-0.4314642
-0.59712124
-0.63106638
-0.65963981
-0.3421412
-0.34695176
-0.35467616
-0.53127245
-0.46660471
-0.39710557
-0.51178795
-0.53274859
-0.55326985
-0.56423363
-0.53884611
-0.51444479
-0.32941001
-0.34124458
-0.34295148
-0.37114633
-0.36717953
-0.36209601
-0.6485931
-0.61247847
-0.57941682
-0.3242434
-0.32711436
-0.33173573
-0.45342467
-0.40843636
-0.36045639
-0.44076652
-0.45505814
-0.46893623
-0.35522049
-0.34749537
-0.33895473
-0.54661326
-0.51710764
-0.48929944
-0.36275769
-0.3686229
-0.37180052
-0.55685005
-0.48752518
-0.41313641
-0.59011109
-0.58363217
-0.5713527
-0.33662636
-0.34018887
-0.34212231
-0.47014196
-0.42181904
-0.37037483
-0.49333321
-0.48910706
-0.48101858
-0.36748427
-0.3579254
-0.34783085
-0.57300532
-0.54025403
-0.50938583
-0.3196866
-0.24365386
-0.16650804
-0.12541051
-0.12470589
-0.12435407
-0.33043613
-0.24943055
-0.16741431
-0.30763853
-0.25638582
-0.20482386
-0.17745516
-0.17698634
-0.17675276
-0.31401995
-0.25965065
-0.20520415
-0.13851234
-0.15762068
-0.17183881
-0.13686302
-0.15610252
-0.1705909
-0.59712124
-0.63106638
-0.65963981
-0.70822101
-0.77112957
-0.82527783
-0.70822101
-0.77112957
-0.82527783
-0.59222802
-0.64142206
-0.68118931
-0.59317006
-0.64187369
-0.6813163
-0.64900361
-0.61345019
-0.58066619
-0.82303509
-0.77264257
-0.72353198
-0.49576955
-0.5295954
-0.55644801
-0.49652174
-0.52997348
-0.55655823
-0.67408276
-0.62989663
-0.58854699
-0.48686233
-0.43510903
-0.37648934
-0.50527943
-0.4471425
-0.38462407
-0.52394777
-0.46216674
-0.3958978
-0.51870175
-0.45903128
-0.39557376
-0.49236835
-0.43935589
-0.38309723
-0.46734011
-0.42022413
-0.37022018
-0.35622785
-0.34734466
-0.3410816
-0.34846062
-0.34091815
-0.33559438
-0.33963335
-0.33326635
-0.32877402
-0.37067667
-0.424895
-0.47041933
-0.36172862
-0.40963511
-0.44991044
-0.35201017
-0.39451076
-0.43021746
-0.49883644
-0.51895158
-0.53868722
-0.47498699
-0.49276508
-0.51019663
-0.45230319
-0.46796921
-0.48326891
-0.44867177
-0.40567636
-0.35975445
-0.43620059
-0.39596203
-0.35281059
-0.42381016
-0.38813656
-0.34776074
-0.61552794
-0.52366827
-0.42174123
-0.58766974
-0.49820397
-0.40002382
-0.55473086
-0.46833285
-0.37471292
-0.53461027
-0.46183163
-0.3769452
-0.51405509
-0.45440705
-0.3823153
-0.49288642
-0.44079077
-0.37852731
-0.33283611
-0.34777803
-0.36360122
-0.34226783
-0.35016964
-0.36143137
-0.3432889
-0.34885634
-0.35745586
-0.42521082
-0.52123753
-0.60776441
-0.4140412
-0.4981429
-0.57521607
-0.40309696
-0.4772709
-0.5460493
-0.63587239
-0.60791777
-0.57820642
-0.60100641
-0.57633517
-0.55093316
-0.5691815
-0.54725194
-0.52484285
-0.48660074
-0.4346356
-0.37568877
-0.504432
-0.44567899
-0.38226234
-0.52249267
-0.4597196
-0.39197009
-0.3400922
-0.34443531
-0.35141771
-0.33472609
-0.33837345
-0.34427365
-0.3280599
-0.33117833
-0.33620882
-0.39101553
-0.45614985
-0.51694895
-0.3790762
-0.43673913
-0.49073563
-0.36688743
-0.41799382
-0.46591242
-0.53761592
-0.51836298
-0.49868711
-0.50918465
-0.49220345
-0.47483881
-0.48237199
-0.46746836
-0.45216742
-0.42359651
-0.38779675
-0.34724232
-0.43555118
-0.39493492
-0.35129566
-0.44758118
-0.40398237
-0.35726142
-0.55603791
-0.48685942
-0.41261607
-0.55012519
-0.48200377
-0.40884478
-0.53895738
-0.47287485
-0.40182484
-0.35879624
-0.36416775
-0.36708298
-0.35053278
-0.35510099
-0.35758386
-0.341541
-0.34542898
-0.34754035
-0.4057651
-0.4755944
-0.54084789
-0.39172344
-0.45362084
-0.51165014
-0.37769596
-0.43253517
-0.48402929
-0.57217157
-0.56609939
-0.55458667
-0.53952509
-0.53421304
-0.524116
-0.50875706
-0.50416651
-0.49540534
-0.45847889
-0.41245791
-0.36336915
-0.46578175
-0.41830189
-0.36771783
-0.46961539
-0.42139466
-0.37005162
-0.33008012
-0.24923484
-0.16737793
-0.32750926
-0.24782414
-0.16712539
-0.32279529
-0.24528591
-0.16671984
-0.31868667
-0.2478684
-0.17617398
-0.31533836
-0.25320519
-0.19050582
-0.31056228
-0.2558313
-0.20072283
-0.13798196
-0.13726711
-0.13691105
-0.15713344
-0.15647481
-0.15614672
-0.17143914
-0.17089738
-0.17062729
-0.17683334
-0.25299782
-0.32844327
-0.19092799
-0.25742033
-0.32355979
-0.20109159
-0.25938366
-0.31752947
-0.30946914
-0.25729284
-0.20489628
-0.31227141
-0.25872979
-0.20506852
-0.31380625
-0.25953768
-0.20518645
-0.80266349
-0.7521652
-0.69333656
-0.7521652
-0.70963766
-0.65977922
-0.69333656
-0.65977922
-0.62011882
-0.63619915
-0.60808349
-0.57821876
-0.60179273
-0.57675055
-0.55101919
-0.5701971
-0.54780111
-0.5249718
-0.68589105
-0.74826109
-0.80005247
-0.64701994
-0.704899
-0.75201149
-0.61064602
-0.66284241
-0.70512467
-0.80009162
-0.74840238
-0.68618689
-0.75210333
-0.70522874
-0.64771449
-0.70524497
-0.66327102
-0.61154484
-0.5823471
-0.55843681
-0.53102512
-0.62834847
-0.59772097
-0.55809077
-0.66530481
-0.62804386
-0.58160053
-0.57428661
-0.62055315
-0.65789112
-0.54169932
-0.58272075
-0.61567282
-0.51107812
-0.54728029
-0.57616317
-0.65802084
-0.62101239
-0.57523894
-0.6157991
-0.58316361
-0.54260529
-0.57627965
-0.54768342
-0.51188888
-0.48923083
-0.47289055
-0.45403371
-0.52085865
-0.49991555
-0.47260481
-0.545878
-0.52060375
-0.48863238
-0.51016167
-0.45214408
-0.39009211
-0.49271087
-0.43818426
-0.3797272
-0.47543243
-0.42694766
-0.37219246
-0.48486297
-0.43335907
-0.37839423
-0.46950596
-0.421201
-0.36950243
-0.45430862
-0.41141922
-0.3630342
-0.46079591
-0.41504304
-0.36621122
-0.44737179
-0.40452303
-0.35863077
-0.43405516
-0.39605121
-0.35311297
-0.5431423
-0.46695453
-0.38109932
-0.57039687
-0.48865492
-0.39843396
-0.5957098
-0.51085595
-0.41650764
-0.52056299
-0.45688032
-0.3838854
-0.54259588
-0.47152239
-0.39375414
-0.56459819
-0.4895032
-0.40720252
-0.49816423
-0.44251541
-0.37933675
-0.51736585
-0.45464638
-0.3867729
-0.53661111
-0.46979009
-0.39741802
-0.47516454
-0.42647577
-0.37141065
-0.49185736
-0.43673383
-0.37742564
-0.50870444
-0.44972704
-0.38627405
-0.45405009
-0.41098381
-0.36233735
-0.46870186
-0.41987416
-0.3674588
-0.48350241
-0.43116009
-0.37501875
-0.43382367
-0.39567601
-0.35253132
-0.44666363
-0.4033865
-0.35692957
-0.45960467
-0.41316665
-0.36340954
-0.52411701
-0.46196297
-0.39533821
-0.53456061
-0.47045551
-0.4018054
-0.54008585
-0.47497269
-0.40528246
-0.49702131
-0.44179072
-0.38278145
-0.5061598
-0.4491636
-0.38832665
-0.51098569
-0.45308221
-0.39130983
-0.471375
-0.42235466
-0.37005689
-0.47929106
-0.42870577
-0.37479673
-0.48345627
-0.43207256
-0.37734279
-0.32149003
-0.24930187
-0.17630921
-0.32577456
-0.25155974
-0.17660773
-0.32811686
-0.25282146
-0.17680414
-0.31769513
-0.25437589
-0.19057668
-0.3213055
-0.25623152
-0.19076972
-0.32328417
-0.25727448
-0.19090716
-0.3125591
-0.25681697
-0.20078688
-0.31561919
-0.25838097
-0.20095499
-0.31729572
-0.25926049
-0.20107358
-0.67218111
-0.6404357
-0.604083
-0.73060177
-0.69057679
-0.6403369
-0.77891288
-0.7305083
-0.67194806
-0.63493407
-0.60660577
-0.57403573
-0.68922073
-0.65308341
-0.60636347
-0.73306275
-0.68899971
-0.63438688
-0.6001056
-0.57468273
-0.5456052
-0.64892704
-0.6164086
-0.57435623
-0.68823436
-0.64863893
-0.59939483
-0.56509483
-0.54259879
-0.51685615
-0.60831609
-0.57949936
-0.54224495
-0.64301531
-0.60800617
-0.56433906
-0.53364341
-0.5137264
-0.49090996
-0.57195113
-0.54642787
-0.51338501
-0.60258926
-0.57165192
-0.53292281
-0.50404288
-0.48651474
-0.46635933
-0.53786868
-0.5154026
-0.48620704
-0.56475506
-0.53759654
-0.50339761
0.57735027
0.67227043
0.31000795
0.67227043
0.39481585
0.27129336
0.44485559
0.3036754
0.23441303
0.1608673
0.84957113
0.48748206
0.45836192
0.33299349
0.31402035
0.37298049
0.24437637
0.16586463
0.57561662
0.61063762
0.62103112
0.6604133
0.39093676
0.40977066
0.41982036
0.44101741
0.25688057
0.17478571
0.23394834
0.23620546
0.24138293
0.41438303
0.35159763
0.2828967
0.40190373
0.41904693
0.43653865
0.37649616
0.32915184
0.26949932
0.16041054
0.16156756
0.16430423
0.28287978
0.23966278
0.192319
0.27632719
0.2877368
0.29868283
0.25872691
0.22606536
0.18502113
0.21983434
0.19424153
0.17162696
0.22823611
0.20083654
0.17709517
0.41591536
0.36670259
0.32393415
0.36976793
0.32679561
0.28915255
0.59712124
0.63106638
0.65963981
0.70822101
0.77112957
0.82527783
0.70822101
0.77112957
0.82527783
0.59712124
0.63106638
0.65963981
0.47305683
0.52042921
0.55886828
0.48466057
0.52743947
0.56119817
0.40525545
0.4270971
0.44842567
0.53974077
0.47714361
0.42144416
0.62117599
0.54242898
0.47597826
0.79526143
0.70009654
0.61581707
0.62694424
0.55366045
0.48922588
0.32287437
0.35467469
0.3800487
0.33198065
0.36050883
0.38207948
0.27824531
0.29308037
0.30740682
0.53812261
0.47392419
0.41772683
0.42931148
0.37921276
0.33507956
0.58976991
0.60952228
0.61965044
0.51673882
0.56524366
0.60433819
0.48656309
0.47986961
0.46716788
0.4000459
0.41260019
0.41895722
0.35284545
0.38491178
0.40965713
0.33240358
0.32809133
0.31981738
0.58038453
0.51056446
0.44918791
0.45658826
0.40306282
0.35568675
0.58759421
0.6036558
0.61067272
0.62623084
0.64787129
0.65891293
0.63491162
0.65327253
0.66086032
0.39806871
0.40712513
0.41038045
0.41967974
0.43325433
0.44009249
0.42802472
0.43832931
0.44186317
0.56944068
0.49941728
0.4386259
0.61547916
0.53909826
0.47265047
0.53562341
0.45112133
0.36020918
0.6278812
0.53501952
0.4314642
0.32278198
0.34512795
0.36435579
0.4293151
0.367219
0.29688218
0.23651895
0.24335275
0.25226486
0.30666509
0.27990092
0.24999635
0.349983
0.3100508
0.27427826
0.29404428
0.251012
0.20235027
0.16214415
0.16646321
0.17195521
0.24049798
0.21203827
0.18683894
0.37879274
0.39200875
0.40697756
0.32901786
0.33555728
0.34613768
0.26909705
0.27242352
0.27908497
0.21921994
0.2211248
0.22560296
0.1936522
0.19513401
0.19873525
0.1711166
0.17236899
0.17536826
0.26428064
0.32861585
0.38743877
0.23266944
0.28955741
0.34156596
0.20527694
0.25568786
0.30173867
0.40830166
0.39226757
0.37633587
0.36028282
0.34656448
0.33268645
0.31848857
0.30666425
0.29446256
0.35281459
0.30847134
0.25271063
0.31174547
0.27254727
0.22327793
0.27579395
0.24102562
0.19735032
0.18461366
0.18652995
0.19023858
0.22592839
0.23018962
0.23652042
0.26041073
0.26924532
0.27846013
0.69333656
0.7521652
0.80266349
0.65977922
0.70963766
0.7521652
0.62011882
0.65977922
0.69333656
0.55126174
0.58060463
0.60826904
0.4859262
0.50842692
0.53147062
0.42876525
0.44757846
0.46675723
0.65886345
0.72108955
0.77247785
0.57644588
0.63350528
0.67982608
0.50621018
0.5567807
0.59790382
0.77310676
0.72312026
0.66305283
0.68144528
0.63862707
0.58571189
0.6000776
0.56345734
0.51744958
0.61396407
0.58532883
0.55454445
0.54180927
0.51619335
0.48980031
0.47860404
0.45581591
0.43244344
0.42067887
0.44338495
0.46382539
0.44897026
0.4826677
0.50890975
0.47354349
0.51372488
0.54540036
0.44234384
0.48660886
0.52251129
0.39000116
0.42889714
0.46031074
0.34446369
0.37857739
0.40593871
0.52489662
0.4937148
0.45391078
0.46265007
0.43573749
0.40090397
0.40809516
0.38480494
0.35424332
0.41998553
0.39998575
0.37946588
0.37101797
0.35340632
0.33531078
0.3279379
0.31252257
0.29661205
0.28917666
0.30439156
0.31730617
0.30819042
0.33083039
0.34761078
0.32464555
0.3514963
0.37177891
0.51573336
0.56407812
0.60302618
0.50840992
0.55555375
0.59338882
0.49442684
0.53909731
0.57463657
0.55131317
0.5696921
0.57910263
0.48539467
0.50132733
0.50945806
0.42762025
0.44129701
0.44824423
0.56510125
0.52904354
0.48393623
0.49757357
0.46652989
0.42714335
0.43811827
0.41134151
0.3769072
0.45572804
0.44946133
0.43756243
0.40231357
0.39684984
0.38644617
0.3550436
0.35034503
0.34135729
0.33840606
0.36811494
0.39077324
0.34749333
0.37873185
0.40275087
0.35220261
0.38417124
0.4088333
0.6334787
0.65177185
0.65934626
0.62294026
0.64073381
0.64819814
0.60236856
0.61915911
0.62637776
0.54905491
0.5635679
0.56967794
0.48314867
0.49517209
0.49990159
0.42552787
0.43552047
0.43921843
0.58389025
0.60390367
0.6140954
0.51191557
0.52916183
0.53791195
0.449388
0.46417176
0.47163979
0.61611916
0.60955719
0.59302106
0.53993042
0.53486571
0.52119962
0.47351772
0.46952966
0.45816812
0.40753888
0.41699867
0.42035576
0.42055215
0.43055624
0.43403282
0.42713413
0.43740284
0.44093077
0.42174123
0.52366827
0.61552794
0.40002382
0.49820397
0.58766974
0.37471292
0.46833285
0.55473086
0.35500442
0.44027769
0.51243379
0.32262256
0.3960717
0.45486893
0.28761058
0.35151746
0.40238492
0.58706349
0.50134129
0.40475325
0.51846751
0.44337608
0.35837442
0.45831859
0.39203452
0.3169871
0.34222881
0.32602138
0.31057155
0.30391455
0.29177496
0.28234295
0.26918135
0.25944797
0.25189887
0.27213379
0.33280632
0.38317336
0.28059298
0.34537793
0.40167624
0.29136715
0.36006118
0.42031184
0.40216152
0.34393093
0.27799585
0.35519979
0.30360785
0.24520973
0.31380482
0.26801288
0.21621348
0.2362348
0.22806118
0.22169958
0.20839491
0.20137544
0.19587312
0.18373722
0.17773848
0.17302002
0.18662735
0.22831171
0.26296356
0.19208816
0.23668009
0.27555606
0.19888004
0.2463391
0.28804411
0.25211361
0.25503141
0.26088057
0.30815588
0.31414526
0.32367339
0.35477621
0.36704224
0.38066504
0.2227223
0.22510891
0.22990898
0.27227154
0.27743031
0.28545884
0.31357022
0.32427088
0.33587162
0.1968802
0.19894024
0.20298408
0.24083288
0.24538036
0.2522436
0.2775127
0.28694765
0.29691334
0.57797062
0.61348394
0.64497016
0.61616601
0.66440071
0.7036615
0.64873166
0.70511468
0.7519234
0.50890477
0.53792162
0.56444265
0.54310414
0.58517355
0.61865187
0.57249772
0.6222701
0.66244047
0.44926672
0.47382653
0.4961386
0.47942846
0.51570388
0.54422012
0.50566764
0.54886579
0.5832268
0.39407376
0.41513419
0.43392961
0.4205005
0.45183439
0.47605363
0.44353387
0.48090524
0.51016709
0.3483062
0.36674017
0.38287457
0.37154695
0.39901971
0.41990753
0.39179755
0.42452077
0.44978763
0.3082243
0.32446528
0.33840429
0.32861315
0.35280489
0.37090031
0.34632316
0.37506376
0.39694896
0.46306905
0.50462393
0.53744143
0.47615003
0.51999893
0.55491322
0.48299877
0.52795695
0.56388207
0.40892611
0.44526799
0.47357812
0.42035793
0.4586691
0.48875352
0.4263268
0.46558615
0.49651912
0.36120415
0.3930535
0.41753265
0.37107531
0.40459971
0.43057442
0.37620691
0.41053354
0.43721809
0.56280634
0.57796383
0.58423812
0.58191789
0.59795851
0.60442707
0.59169329
0.6081701
0.61472217
0.49508856
0.50764056
0.51249611
0.51162647
0.52489493
0.52989393
0.52005612
0.53367474
0.53873277
0.43581692
0.44625159
0.4500573
0.44999873
0.46103046
0.46496049
0.45719402
0.46851614
0.47249827
0.35960582
0.4460417
0.52165628
0.37736664
0.46831385
0.54917221
0.39589085
0.49081634
0.57490402
0.32564537
0.40025287
0.46271226
0.33694498
0.41606028
0.48509896
0.35121757
0.43449366
0.50764459
0.29000858
0.35496323
0.40903436
0.29927044
0.36856257
0.42884836
0.3109381
0.38428312
0.44864661
0.25503991
0.31174043
0.35885586
0.26294529
0.32355587
0.37627276
0.27287173
0.33722702
0.39369245
0.22531974
0.27539481
0.31702385
0.23220263
0.28577114
0.33240764
0.24079327
0.29775747
0.34776125
0.1990958
0.24346583
0.28036062
0.20503637
0.25250795
0.29388164
0.2124256
0.26294312
0.30732026
-0.57735027
-0.67227043
-0.67227043
-0.31000795
-0.39284522
-0.26924666
-0.44195064
-0.30113814
-0.45560022
-0.31136231
-0.37298049
9.7197078e-19
-0.23339253
1.1511418e-16
-0.15964417
-0.37298049
-0.56997242
-0.38645085
-0.24331101
-0.25064867
-1.8222092e-17
8.0218904e-17
-0.16477615
-0.16793162
4.2665629e-17
9.374565e-17
-0.25571549
-0.17346291
-0.48153938
-0.52351309
-0.55622564
-0.46973924
-0.51624223
-0.55372698
-0.39991309
-0.41684211
-0.43393106
-0.4031783
-0.42476212
-0.44581019
-0.32907141
-0.35706911
-0.37799116
-0.32004085
-0.35121805
-0.37591429
-0.27428068
-0.28557945
-0.29630747
-0.27613628
-0.29077581
-0.30487214
-0.42643515
-0.37630536
-0.33230897
-0.53243005
-0.46852081
-0.41289334
-0.41296592
-0.36383415
-0.32126787
-0.3676932
-0.32464994
-0.28705224
-0.59712124
-0.63106638
-0.65963981
-0.6278812
-0.53501952
-0.4314642
-0.32278198
-0.34512795
-0.36435579
-0.53562341
-0.45112133
-0.36020918
-0.41187119
-0.34975433
-0.2815934
-0.23296657
-0.23527615
-0.24040784
-0.37462899
-0.32758902
-0.26829074
-0.53916965
-0.47581718
-0.41963161
-0.62019334
-0.54023092
-0.47320079
-0.34445192
-0.29867292
-0.26089093
-0.30642472
-0.27927226
-0.24908576
-0.28062798
-0.23791163
-0.19101481
-0.15922394
-0.16045466
-0.163225
-0.25673459
-0.22431681
-0.18360312
-0.22714404
-0.19972963
-0.17599718
-0.21873197
-0.19304584
-0.17040151
-0.20362792
-0.12507232
-0.043557668
8.0258034e-17
-4.8812895e-18
1.2031515e-17
-0.042346745
-0.12126746
-0.19624752
-0.13768385
-0.084357888
-0.029337381
8.8890546e-17
6.7409995e-17
3.7857447e-17
-0.028917971
-0.082851609
-0.13418418
2.7652423e-17
6.2754459e-17
3.2998116e-17
-1.9056969e-17
3.7724123e-17
3.2139412e-17
-0.24608512
-0.24995403
-0.25123206
-0.20916901
-0.12793477
-0.044453235
9.3157412e-19
1.932793e-17
4.1475566e-17
-0.16621258
-0.16809829
-0.16846276
-0.13992183
-0.085365897
-0.029619205
6.820471e-17
7.3527148e-17
6.686961e-17
-0.23328235
-0.20430283
-0.17955853
5.3594456e-17
6.2842744e-17
9.7096713e-17
-0.59712124
-0.63106638
-0.65963981
-0.32278198
-0.34512795
-0.36435579
-0.6278812
-0.53501952
-0.4314642
-0.23546644
-0.24225316
-0.25112298
-0.42688396
-0.36534368
-0.2954875
-0.62616349
-0.55176873
-0.48666654
-0.34968884
-0.30930815
-0.2732258
-0.16089249
-0.16518011
-0.17064716
-0.29162943
-0.24903778
-0.2008038
-0.23925185
-0.21071098
-0.18550198
-0.41851104
-0.44092466
-0.46085763
-0.44642685
-0.47965241
-0.50519484
-0.47061597
-0.51010361
-0.54086108
-0.4506771
-0.48968892
-0.51985195
-0.39766906
-0.43179055
-0.45780715
-0.35119323
-0.3811591
-0.4037146
-0.51732042
-0.4823753
-0.43898233
-0.45536833
-0.42483868
-0.38675068
-0.40149714
-0.37489046
-0.34146914
-0.40563307
-0.3899778
-0.374246
-0.357649
-0.34424695
-0.33053354
-0.31600796
-0.3044338
-0.29236043
-0.37729024
-0.39755096
-0.41726094
-0.33307842
-0.35092935
-0.3682598
-0.29444111
-0.31013708
-0.32530145
-0.32189514
-0.34829121
-0.36800348
-0.30575091
-0.32808954
-0.34443569
-0.28701991
-0.30205824
-0.31467303
-0.37471292
-0.40002382
-0.42174123
-0.46833285
-0.49820397
-0.52366827
-0.55473086
-0.58766974
-0.61552794
-0.5506708
-0.57991868
-0.60741218
-0.48456587
-0.50686218
-0.52953968
-0.42692867
-0.44551923
-0.46428531
-0.57931615
-0.49377819
-0.39840589
-0.50378088
-0.42847102
-0.34548209
-0.44116024
-0.37478267
-0.3018766
-0.33736752
-0.32267013
-0.30919917
-0.29393016
-0.28493019
-0.27945687
-0.25746937
-0.25147081
-0.24846073
-0.35472491
-0.43989941
-0.51195655
-0.3218766
-0.3950857
-0.45365808
-0.28652996
-0.35010902
-0.40068593
-0.37696605
-0.39005759
-0.40470872
-0.32750662
-0.33405481
-0.34446056
-0.26793168
-0.27130461
-0.2778952
-0.38488409
-0.32673002
-0.26294417
-0.33906305
-0.28768022
-0.23132073
-0.29938792
-0.25388477
-0.20395264
-0.22458036
-0.22012537
-0.21815759
-0.19766544
-0.19405374
-0.19249749
-0.17428648
-0.17125816
-0.16992978
-0.25140889
-0.30680097
-0.350837
-0.22187519
-0.27077481
-0.30967952
-0.19592358
-0.23925113
-0.2737564
-0.25846132
-0.26726249
-0.27632805
-0.2242271
-0.22854378
-0.23483021
-0.1832379
-0.18522871
-0.188958
-0.042250883
-0.042484202
-0.043152254
-0.1209994
-0.1217695
-0.1238349
-0.19586372
-0.19748489
-0.20136339
-0.19005845
-0.11670174
-0.040635664
-0.16704154
-0.10249342
-0.035673616
-0.14710934
-0.090181389
-0.031372044
4.959633e-18
2.1145986e-17
2.323186e-17
2.5415226e-17
2.3842637e-17
4.9842793e-17
4.9289255e-17
4.3876053e-17
5.3246492e-17
-0.039719596
-0.11372248
-0.18397679
-0.035051191
-0.10036138
-0.16236765
-0.030898547
-0.088502353
-0.14326956
-0.13379016
-0.1345436
-0.13651905
-0.082573486
-0.082828161
-0.083768806
-0.028816591
-0.0288721
-0.029153931
-0.04394881
-0.044490509
-0.044606831
-0.12626672
-0.12792713
-0.12834203
-0.20578727
-0.20881277
-0.20972549
-0.22956029
-0.23290841
-0.23390161
-0.20166561
-0.20428454
-0.20492332
-0.17758522
-0.17969103
-0.18012702
-0.19460908
-0.11896578
-0.041324472
-0.17034589
-0.10404741
-0.036125201
-0.1496458
-0.091335261
-0.031697647
4.3832023e-17
3.6190753e-18
3.3113845e-17
4.1594833e-17
2.0654072e-17
3.5496859e-17
9.6662061e-17
7.8326218e-17
8.5651938e-17
-0.13875967
-0.1401832
-0.1403952
-0.084913466
-0.08564224
-0.085685541
-0.029510821
-0.029737472
-0.029735618
-0.42174123
-0.40002382
-0.37471292
-0.52366827
-0.49820397
-0.46833285
-0.61552794
-0.58766974
-0.55473086
-0.61320884
-0.5846317
-0.55390036
-0.54000804
-0.51457263
-0.48836632
-0.47617762
-0.45365005
-0.43052009
-0.31032039
-0.32574996
-0.3419416
-0.28169202
-0.2910842
-0.30318927
-0.25095738
-0.25845985
-0.26815115
-0.40439473
-0.50084008
-0.5863855
-0.3574764
-0.44214051
-0.51682428
-0.31572261
-0.39032068
-0.45607614
-0.4179886
-0.39956035
-0.38123743
-0.35824818
-0.3436789
-0.33119699
-0.29000633
-0.27928953
-0.27088762
-0.22056373
-0.22687928
-0.23501162
-0.19464425
-0.200105
-0.20708835
-0.17176407
-0.17644745
-0.18241723
-0.27650956
-0.34194891
-0.39961624
-0.24363834
-0.30154637
-0.35260099
-0.21464332
-0.26598875
-0.31130215
-0.28571988
-0.27340042
-0.26093172
-0.24441462
-0.23483888
-0.22652673
-0.19735723
-0.19060179
-0.18517858
-0.44050006
-0.47718983
-0.50555742
-0.41786236
-0.44873565
-0.47227496
-0.39181373
-0.41259283
-0.43090165
-0.38875709
-0.42086896
-0.44534912
-0.36888868
-0.39595234
-0.41624308
-0.34600372
-0.36419314
-0.3799084
-0.34344643
-0.37167619
-0.3929157
-0.32607613
-0.34992841
-0.36753312
-0.30599815
-0.32203925
-0.33563806
-0.5174551
-0.54262892
-0.56746492
-0.44355265
-0.46280643
-0.48379904
-0.35777594
-0.37335704
-0.39018665
-0.45664003
-0.47426456
-0.49411873
-0.39555619
-0.40579343
-0.42091863
-0.32213833
-0.32895315
-0.33975168
-0.40267328
-0.41708972
-0.43316115
-0.34971211
-0.35720286
-0.36878564
-0.28587611
-0.29003596
-0.29757909
-0.35284241
-0.3650029
-0.3783351
-0.3065387
-0.31255194
-0.32193325
-0.25085729
-0.25383374
-0.25963639
-0.31155123
-0.32218022
-0.33354991
-0.27055287
-0.27575631
-0.2836879
-0.2213666
-0.22382606
-0.22861735
-0.27552033
-0.28491086
-0.29470175
-0.23910864
-0.24371037
-0.25051467
-0.19549808
-0.19763435
-0.20169228
-0.18344705
-0.1847739
-0.18807827
-0.11335987
-0.11393834
-0.11564227
-0.039588347
-0.039753032
-0.040292752
-0.16186057
-0.16285025
-0.16547171
-0.10001018
-0.10038349
-0.10167867
-0.034923796
-0.035016716
-0.035415224
-0.14282794
-0.14364941
-0.14581947
-0.088193428
-0.088479485
-0.089523954
-0.030785946
-0.030850793
-0.031166125
-0.1919159
-0.19450631
-0.19518793
-0.11770864
-0.11910152
-0.11938055
-0.040960867
-0.04140929
-0.041479472
-0.16850859
-0.17050606
-0.17091217
-0.10326782
-0.10431211
-0.10444142
-0.035919202
-0.036248914
-0.036270643
-0.14830226
-0.14989601
-0.15015601
-0.090801097
-0.091621285
-0.091682952
-0.031566309
-0.031822372
-0.031824792
-0.57424752
-0.54855804
-0.52111472
-0.49033057
-0.46786588
-0.44563983
-0.39554302
-0.37703882
-0.35930402
-0.5060694
-0.48366046
-0.4614263
-0.43330005
-0.41495293
-0.39922869
-0.35034469
-0.33611819
-0.32486884
-0.44650293
-0.42689779
-0.40726049
-0.3826272
-0.3670167
-0.35350799
-0.30970589
-0.29809462
-0.28888963
-0.39125914
-0.37405287
-0.35681274
-0.33530884
-0.32175206
-0.31002287
-0.2714193
-0.26154923
-0.25369947
-0.34527231
-0.33012515
-0.31490232
-0.2957576
-0.28387791
-0.27357772
-0.23925324
-0.23071299
-0.22387998
-0.30491623
-0.2916616
-0.27827805
-0.26097352
-0.25063058
-0.24165171
-0.21088204
-0.20353435
-0.19763577
