MFEM mesh v1.0

#
# MFEM Geometry Types (see mesh/geom.hpp):
#
# POINT       = 0
# SEGMENT     = 1
# TRIANGLE    = 2
# SQUARE      = 3
# TETRAHEDRON = 4
# CUBE        = 5
#

dimension
3

elements
7
1 5 1 5 18 8 2 6 19 9
1 5 14 20 5 1 16 21 6 2
1 5 3 10 22 13 4 11 25 12
1 5 13 22 23 15 12 25 26 14
1 5 15 23 24 17 14 26 27 16
1 5 12 25 26 14 0 7 8 1
1 5 14 26 27 16 1 8 9 2

boundary
26
28 3 0 7 8 1
28 3 8 18 5 1
28 3 5 18 19 6
28 3 18 8 9 19
28 3 2 6 19 9
28 3 3 10 11 4
28 3 13 3 4 12
28 3 15 13 12 14
28 3 14 12 0 1
28 3 1 5 20 14
28 3 14 20 21 16
28 3 17 15 14 16
28 3 20 5 6 21
28 3 16 21 6 2
28 3 13 22 10 3
28 3 15 23 22 13
28 3 17 24 23 15
28 3 10 22 25 11
28 3 4 11 25 12
28 3 22 23 26 25
28 3 23 24 27 26
28 3 24 17 16 27
28 3 12 25 7 0
28 3 25 26 8 7
28 3 26 27 9 8
28 3 27 16 2 9

vertices
28

nodes
FiniteElementSpace
FiniteElementCollection: H1_3D_P4
VDim: 3
Ordering: 0

-0.35793389
-0.3638317
-0.35793389
-0.43409041
-0.37954477
-0.29309622
-0.29059633
-0.37443101
-0.38138571
-0.37443101
-0.47637389
-0.40615364
-0.40559113
-0.47536606
-0.41631794
-0.49391193
-0.40559113
-0.47536606
-0.29389062
-0.29132968
-0.31210537
-0.30755019
-0.56790914
-0.59773854
-0.56790914
-0.46325474
-0.47947073
-0.46325474
-0.35451068
-0.33241537
-0.30710865
-0.2921045
-0.29193615
-0.29310334
-0.3656336
-0.33653934
-0.30844318
-0.36669591
-0.37283942
-0.37869226
-0.34933903
-0.32840181
-0.30414012
-0.28968613
-0.28949485
-0.29057956
-0.3597157
-0.3322012
-0.30536389
-0.36061786
-0.36643162
-0.37191306
-0.36364053
-0.36226364
-0.359683
-0.29300805
-0.29237748
-0.2912758
-0.29380261
-0.29316452
-0.29203797
-0.38116861
-0.37958879
-0.37655653
-0.4002622
-0.36692627
-0.3313809
-0.2948306
-0.30015538
-0.30758983
-0.37026014
-0.3860425
-0.40518924
-0.39063827
-0.35935809
-0.32583506
-0.29216009
-0.29691336
-0.30353056
-0.36375315
-0.37819098
-0.39554362
-0.41598671
-0.41356932
-0.40889696
-0.31195501
-0.31086427
-0.30886809
-0.4408931
-0.45552042
-0.46976297
-0.49652174
-0.52997348
-0.55655823
-0.49576955
-0.5295954
-0.55644801
-0.44076652
-0.45505814
-0.46893623
-0.38397889
-0.39343822
-0.40219935
-0.41963551
-0.44101229
-0.45679402
-0.41918903
-0.44076155
-0.45671368
-0.38391142
-0.39319094
-0.40174473
-0.4235462
-0.40475981
-0.38772527
-0.46288477
-0.43884384
-0.41688064
-0.54807175
-0.51261288
-0.47970536
-0.41625479
-0.43808012
-0.46196373
-0.57735677
-0.59031996
-0.59685216
-0.51622547
-0.55385487
-0.5845453
-0.48101858
-0.48910706
-0.49333321
-0.46847222
-0.47550498
-0.47899624
-0.43100178
-0.4544723
-0.47216885
-0.40889696
-0.41356932
-0.41598671
-0.5753512
-0.53527669
-0.49805966
-0.42817839
-0.45246379
-0.47902309
-0.59685216
-0.59031996
-0.57735677
-0.49576955
-0.5295954
-0.55644801
-0.49333321
-0.48910706
-0.48101858
-0.47899624
-0.47550498
-0.46847222
-0.41918903
-0.44076155
-0.45671368
-0.54807175
-0.51261288
-0.47970536
-0.41625479
-0.43808012
-0.46196373
-0.36061786
-0.36643162
-0.37191306
-0.37655653
-0.37958879
-0.38116861
-0.359683
-0.36226364
-0.36364053
-0.36375315
-0.37819098
-0.39554362
-0.38928172
-0.41794066
-0.44722054
-0.39743146
-0.4287825
-0.46145376
-0.38928172
-0.41794066
-0.44722054
-0.36333445
-0.33503039
-0.30743535
-0.35875451
-0.33219557
-0.30591146
-0.35453115
-0.3310936
-0.30591625
-0.35434274
-0.33228109
-0.30700489
-0.35312157
-0.3313154
-0.30626732
-0.35085953
-0.32955666
-0.30495756
-0.29201984
-0.29185142
-0.29301623
-0.29140877
-0.29123906
-0.29238605
-0.2903436
-0.29016468
-0.29127493
-0.3083373
-0.33639842
-0.36544607
-0.30758215
-0.33537534
-0.36408261
-0.30622353
-0.33347773
-0.36149611
-0.37848029
-0.3726361
-0.36650041
-0.37693591
-0.37116115
-0.36508841
-0.37398166
-0.36836425
-0.36243205
-0.34939451
-0.32721084
-0.30304765
-0.35330631
-0.3281814
-0.30300146
-0.35757454
-0.33079379
-0.30441246
-0.35922947
-0.33553013
-0.30936063
-0.37317065
-0.34563962
-0.31621523
-0.39016642
-0.3590029
-0.32565445
-0.39996166
-0.36668671
-0.33119879
-0.39777393
-0.36494338
-0.32988897
-0.39357472
-0.36164026
-0.32745595
-0.30745509
-0.30004497
-0.29473762
-0.30647661
-0.29924824
-0.29406831
-0.30469769
-0.29782407
-0.29289333
-0.37005139
-0.38579522
-0.40489125
-0.36854349
-0.38399731
-0.40271097
-0.36570035
-0.38057246
-0.39851321
-0.38154327
-0.35225643
-0.3207211
-0.36618405
-0.34026817
-0.31229315
-0.35355857
-0.33119978
-0.30616352
-0.48863238
-0.52060375
-0.545878
-0.47260481
-0.49991555
-0.52085865
-0.45403371
-0.47289055
-0.48923083
-0.42989168
-0.44353951
-0.45676865
-0.41030497
-0.42221447
-0.433621
-0.39253981
-0.40283371
-0.41250547
-0.48175341
-0.51296721
-0.53761231
-0.45546312
-0.48266995
-0.50377845
-0.43141818
-0.45480196
-0.47244893
-0.53750841
-0.51261478
-0.48106098
-0.50368578
-0.48236382
-0.45487929
-0.47236502
-0.45453471
-0.43092895
-0.45601349
-0.44311716
-0.42977511
-0.43299662
-0.42186677
-0.41020839
-0.41199705
-0.40255403
-0.39246257
-0.39271535
-0.40510748
-0.41525915
-0.40494612
-0.42275546
-0.43561897
-0.41491029
-0.43545409
-0.45063188
-0.51559372
-0.55311877
-0.58371098
-0.51096749
-0.54771337
-0.57754021
-0.50205889
-0.53715892
-0.56534347
-0.55674772
-0.56859733
-0.57454596
-0.51987544
-0.52971168
-0.53461376
-0.48562131
-0.49357676
-0.49752678
-0.56324224
-0.53489646
-0.49988058
-0.5251349
-0.50106116
-0.47074573
-0.48980959
-0.46989426
-0.44407263
-0.4784934
-0.47461811
-0.46717985
-0.45202021
-0.44877237
-0.44250401
-0.42781228
-0.4251282
-0.41993642
-0.42286695
-0.44509703
-0.46168417
-0.42800408
-0.45105172
-0.46837854
-0.43064077
-0.45406162
-0.47171695
-0.50205889
-0.53715892
-0.56534347
-0.51096749
-0.54771337
-0.57754021
-0.51559372
-0.55311877
-0.58371098
-0.57454596
-0.56859733
-0.55674772
-0.53461376
-0.52971168
-0.51987544
-0.49752678
-0.49357676
-0.48562131
-0.53750841
-0.51261478
-0.48106098
-0.50368578
-0.48236382
-0.45487929
-0.47236502
-0.45453471
-0.43092895
-0.46717985
-0.47461811
-0.4784934
-0.44250401
-0.44877237
-0.45202021
-0.41993642
-0.4251282
-0.42781228
-0.43064077
-0.45406162
-0.47171695
-0.42800408
-0.45105172
-0.46837854
-0.42286695
-0.44509703
-0.46168417
-0.40808774
-0.42743494
-0.44153331
-0.38850493
-0.4033612
-0.41365249
-0.37067151
-0.37935542
-0.38630909
-0.45180448
-0.45796644
-0.46103878
-0.42136728
-0.42607599
-0.4284576
-0.39181245
-0.39535582
-0.39718164
-0.45515389
-0.43963101
-0.41870241
-0.42411656
-0.41298306
-0.39711805
-0.39425081
-0.3868273
-0.37769534
-0.40489125
-0.40271097
-0.39851321
-0.38579522
-0.38399731
-0.38057246
-0.37005139
-0.36854349
-0.36570035
-0.36243205
-0.36836425
-0.37398166
-0.36508841
-0.37116115
-0.37693591
-0.36650041
-0.3726361
-0.37848029
-0.46103878
-0.45796644
-0.45180448
-0.4284576
-0.42607599
-0.42136728
-0.39718164
-0.39535582
-0.39181245
-0.44153331
-0.42743494
-0.40808774
-0.41365249
-0.4033612
-0.38850493
-0.38630909
-0.37935542
-0.37067151
-0.35436191
-0.33096368
-0.30581504
-0.3585789
-0.33206329
-0.30581018
-0.36315036
-0.33489186
-0.30733056
-0.35314976
-0.33002839
-0.305101
-0.35730798
-0.33110678
-0.30509149
-0.36181895
-0.33388982
-0.30658755
-0.35089604
-0.32832573
-0.30383297
-0.35492423
-0.32934988
-0.30380687
-0.35929959
-0.33203516
-0.30525212
-0.38989625
-0.35878856
-0.32549141
-0.37294794
-0.34546537
-0.31608242
-0.35904495
-0.33538648
-0.30924967
-0.38792889
-0.3572275
-0.32431941
-0.37133289
-0.34420328
-0.3151338
-0.35771434
-0.33435055
-0.30846107
-0.38416756
-0.3542837
-0.32215468
-0.36828037
-0.34185536
-0.3134088
-0.35523192
-0.33245424
-0.30705198
-0.44218473
-0.45980326
-0.47500701
-0.45954055
-0.48505626
-0.50453558
-0.47445667
-0.50429848
-0.52775671
-0.42110436
-0.43654214
-0.44969446
-0.43632269
-0.45865414
-0.47547796
-0.44923227
-0.4752733
-0.49542392
-0.40198459
-0.41539368
-0.42658707
-0.4152137
-0.43456034
-0.44881
-0.4262027
-0.44863317
-0.46555422
-0.48686961
-0.51958991
-0.54569004
-0.49506185
-0.52927959
-0.55685531
-0.49930319
-0.53422486
-0.56248342
-0.45980855
-0.4882592
-0.51055706
-0.46671096
-0.49638403
-0.51985504
-0.4702625
-0.50050231
-0.52450823
-0.43503313
-0.45940382
-0.4779869
-0.440744
-0.4660697
-0.48553803
-0.443675
-0.46943831
-0.48930399
-0.49930319
-0.53422486
-0.56248342
-0.49506185
-0.52927959
-0.55685531
-0.48686961
-0.51958991
-0.54569004
-0.4702625
-0.50050231
-0.52450823
-0.46671096
-0.49638403
-0.51985504
-0.45980855
-0.4882592
-0.51055706
-0.443675
-0.46943831
-0.48930399
-0.440744
-0.4660697
-0.48553803
-0.43503313
-0.45940382
-0.4779869
-0.41139907
-0.43129457
-0.44592006
-0.41600507
-0.4365817
-0.45180757
-0.41838055
-0.43926728
-0.45475789
-0.39114786
-0.40634901
-0.4169593
-0.39489671
-0.41053457
-0.42149714
-0.39685038
-0.41268835
-0.42380371
-0.37281354
-0.38164461
-0.38877922
-0.37586598
-0.38489616
-0.39222518
-0.37747671
-0.38659474
-0.39400917
-0.41838055
-0.43926728
-0.45475789
-0.41600507
-0.4365817
-0.45180757
-0.41139907
-0.43129457
-0.44592006
-0.39685038
-0.41268835
-0.42380371
-0.39489671
-0.41053457
-0.42149714
-0.39114786
-0.40634901
-0.4169593
-0.37747671
-0.38659474
-0.39400917
-0.37586598
-0.38489616
-0.39222518
-0.37281354
-0.38164461
-0.38877922
-0.16068586
-0.16608466
-0.16068586
-0.27129336
-0.19162046
-0.1778934
-0.17173982
-0.091154634
-0.092998901
-0.091154634
-0.1608673
-0.11334521
-0.21804425
-0.31402035
-0.22870071
-0.33299349
-0.21804425
-0.31402035
-0.087356359
-0.085895869
-0.28179071
-0.26614876
-0.17478571
-0.1835471
-0.17478571
-0.12024882
-0.1247171
-0.12024882
-0.16808207
-0.1723241
-0.17619586
-0.16163452
-0.13164693
-0.10254522
-0.090616164
-0.088140502
-0.087415552
-0.15678477
-0.1342329
-0.10783809
-0.16255956
-0.16656143
-0.17016528
-0.15660362
-0.12833136
-0.10055882
-0.088945195
-0.086607498
-0.085935619
-0.15211937
-0.13079208
-0.10550734
-0.1659094
-0.16464733
-0.16228492
-0.17770026
-0.17629636
-0.17361208
-0.087300184
-0.086898996
-0.086249939
-0.092930819
-0.092447934
-0.091632475
-0.24187649
-0.26196438
-0.27620984
-0.194511
-0.22728945
-0.26216525
-0.17338577
-0.19182179
-0.21490391
-0.23016397
-0.24847525
-0.26119594
-0.18707752
-0.21703984
-0.24848958
-0.16731724
-0.18426962
-0.20540837
-0.22837318
-0.22598036
-0.22134013
-0.28133136
-0.27794939
-0.27116281
-0.25872691
-0.22606536
-0.18502113
-0.16214415
-0.16646321
-0.17195521
-0.29404428
-0.251012
-0.20235027
-0.27824531
-0.29308037
-0.30740682
-0.18297142
-0.15984484
-0.13054999
-0.11398714
-0.11611165
-0.11883121
-0.20421187
-0.1738183
-0.1395184
-0.19609831
-0.20556231
-0.21419154
-0.25471353
-0.2266368
-0.20266471
-0.15089348
-0.13404733
-0.11981455
-0.16355238
-0.14439285
-0.12790452
-0.23175616
-0.26086442
-0.29439277
-0.17738438
-0.18121703
-0.18326617
-0.31118009
-0.26482594
-0.21282348
-0.31981738
-0.32809133
-0.33240358
-0.12156124
-0.12351656
-0.12457184
-0.21376961
-0.18128818
-0.14496442
-0.22134013
-0.22598036
-0.22837318
-0.17148825
-0.15085849
-0.13302677
-0.24369039
-0.27541766
-0.31178815
-0.18326617
-0.18121703
-0.17738438
-0.29404428
-0.251012
-0.20235027
-0.33240358
-0.32809133
-0.31981738
-0.12457184
-0.12351656
-0.12156124
-0.20421187
-0.1738183
-0.1395184
-0.16355238
-0.14439285
-0.12790452
-0.23175616
-0.26086442
-0.29439277
-0.15211937
-0.13079208
-0.10550734
-0.091632475
-0.092447934
-0.092930819
-0.16228492
-0.16464733
-0.1659094
-0.16731724
-0.18426962
-0.20540837
-0.094173554
-0.10228573
-0.11332984
-0.096278007
-0.1051361
-0.1171927
-0.094173554
-0.10228573
-0.11332984
-0.1052204
-0.10285947
-0.10241637
-0.13151612
-0.13022601
-0.13106368
-0.15555727
-0.15767386
-0.16029981
-0.16790399
-0.17214049
-0.17600621
-0.1666182
-0.17080971
-0.17462647
-0.16420417
-0.16829356
-0.17199686
-0.16147337
-0.13153574
-0.10247106
-0.1603034
-0.1307329
-0.10195066
-0.15810242
-0.12927846
-0.1010661
-0.087358532
-0.088082405
-0.090553858
-0.086953291
-0.08766773
-0.090108267
-0.086294643
-0.086987979
-0.089368248
-0.10775397
-0.13411634
-0.15663274
-0.10715999
-0.13328028
-0.15552768
-0.10612865
-0.13177127
-0.15348677
-0.15101502
-0.15294354
-0.15537056
-0.12829389
-0.12703429
-0.12778766
-0.10308118
-0.10084065
-0.10042622
-0.17987687
-0.18702241
-0.19238728
-0.20176859
-0.21517067
-0.22387066
-0.22705561
-0.24493778
-0.2573907
-0.24151978
-0.26156074
-0.27576918
-0.23891211
-0.25859934
-0.27251484
-0.23381907
-0.25274046
-0.26600744
-0.26176531
-0.22698234
-0.19428275
-0.25880476
-0.22472952
-0.19261499
-0.25288146
-0.2202779
-0.18938275
-0.1731911
-0.19158473
-0.21461192
-0.17178564
-0.18985984
-0.21247315
-0.16913415
-0.18656635
-0.20834235
-0.21662252
-0.23302815
-0.2442264
-0.19349585
-0.20597141
-0.21393386
-0.17334507
-0.18012002
-0.18510962
-0.28804411
-0.2463391
-0.19888004
-0.27555606
-0.23668009
-0.19208816
-0.26296356
-0.22831171
-0.18662735
-0.24292178
-0.2122089
-0.17360283
-0.21617972
-0.18879851
-0.15431286
-0.19342949
-0.16894248
-0.13798796
-0.15205021
-0.1559836
-0.16098102
-0.13499047
-0.13820877
-0.14229552
-0.12055805
-0.12306748
-0.12625939
-0.18942977
-0.2351727
-0.27563491
-0.16738698
-0.20814323
-0.24420907
-0.14837016
-0.18476925
-0.2169852
-0.28828931
-0.2750077
-0.26118632
-0.25568537
-0.24429004
-0.23227065
-0.2274613
-0.2178755
-0.20753791
-0.18553066
-0.16108254
-0.13138135
-0.19334774
-0.16584551
-0.13421061
-0.20075295
-0.17125279
-0.13771681
-0.31064311
-0.26439129
-0.21248817
-0.30672688
-0.26121829
-0.2100551
-0.29924463
-0.25518818
-0.20547037
-0.16590958
-0.16938089
-0.17123428
-0.14631517
-0.14914265
-0.15065176
-0.12942035
-0.1316602
-0.13286207
-0.19894241
-0.24778644
-0.29133342
-0.17518081
-0.2185935
-0.2573187
-0.15458507
-0.19321835
-0.22770545
-0.31125011
-0.30730991
-0.29972615
-0.27497084
-0.27169568
-0.26535478
-0.2433257
-0.24064895
-0.23545413
-0.20714313
-0.17608856
-0.14113212
-0.21131078
-0.17934616
-0.14351743
-0.21347292
-0.18105379
-0.14478825
-0.29924463
-0.25518818
-0.20547037
-0.30672688
-0.26121829
-0.2100551
-0.31064311
-0.26439129
-0.21248817
-0.17123428
-0.16938089
-0.16590958
-0.15065176
-0.14914265
-0.14631517
-0.13286207
-0.1316602
-0.12942035
-0.18942977
-0.2351727
-0.27563491
-0.16738698
-0.20814323
-0.24420907
-0.14837016
-0.18476925
-0.2169852
-0.29972615
-0.30730991
-0.31125011
-0.26535478
-0.27169568
-0.27497084
-0.23545413
-0.24064895
-0.2433257
-0.21347292
-0.18105379
-0.14478825
-0.21131078
-0.17934616
-0.14351743
-0.20714313
-0.17608856
-0.14113212
-0.19240191
-0.16380863
-0.13145861
-0.17300687
-0.14739646
-0.11853085
-0.15753953
-0.13501731
-0.10901333
-0.11445468
-0.11614489
-0.11706609
-0.10308583
-0.10433766
-0.10503881
-0.094736276
-0.095663624
-0.096202697
-0.13618957
-0.17037055
-0.20088101
-0.12206677
-0.15242129
-0.17970382
-0.11166111
-0.13885341
-0.16278096
-0.21461192
-0.21247315
-0.20834235
-0.19158473
-0.18985984
-0.18656635
-0.1731911
-0.17178564
-0.16913415
-0.15348677
-0.13177127
-0.10612865
-0.15552768
-0.13328028
-0.10715999
-0.15663274
-0.13411634
-0.10775397
-0.11706609
-0.11614489
-0.11445468
-0.10503881
-0.10433766
-0.10308583
-0.096202697
-0.095663624
-0.094736276
-0.13145861
-0.16380863
-0.19240191
-0.11853085
-0.14739646
-0.17300687
-0.10901333
-0.13501731
-0.15753953
-0.15540614
-0.15751992
-0.16014023
-0.13140608
-0.13011804
-0.13095295
-0.10514098
-0.10278435
-0.10234139
-0.15432767
-0.15640796
-0.15899026
-0.13061765
-0.12934126
-0.13015818
-0.10458816
-0.10225929
-0.10182045
-0.1523322
-0.15433645
-0.15683116
-0.1292019
-0.12794134
-0.12871924
-0.103637
-0.10136154
-0.10093236
-0.22674025
-0.24458294
-0.25700668
-0.20151221
-0.21488949
-0.22357345
-0.17967362
-0.18680741
-0.19216542
-0.22441166
-0.24196214
-0.25414879
-0.19963998
-0.21283301
-0.2213824
-0.1781762
-0.18523744
-0.19052833
-0.2198849
-0.2367986
-0.24845468
-0.19603981
-0.20883187
-0.21707229
-0.17533793
-0.18223372
-0.18737
-0.24682551
-0.21425934
-0.17505993
-0.25853502
-0.22198117
-0.18005713
-0.27009921
-0.23088164
-0.18626342
-0.21951472
-0.19050809
-0.15551065
-0.22963549
-0.19704791
-0.15965062
-0.23952302
-0.20455499
-0.1647793
-0.19624158
-0.17033706
-0.13894106
-0.20485203
-0.1757233
-0.14223117
-0.21311441
-0.18185914
-0.14629806
-0.28041415
-0.23899684
-0.19226866
-0.28726767
-0.24450216
-0.19643293
-0.29084359
-0.24739105
-0.19863848
-0.24822413
-0.2113266
-0.16971767
-0.25394415
-0.21588528
-0.17312891
-0.25691251
-0.21826768
-0.17493225
-0.22027937
-0.18734593
-0.15022311
-0.22495306
-0.19102936
-0.15294327
-0.22737441
-0.1929551
-0.154386
-0.29084359
-0.24739105
-0.19863848
-0.28726767
-0.24450216
-0.19643293
-0.28041415
-0.23899684
-0.19226866
-0.25691251
-0.21826768
-0.17493225
-0.25394415
-0.21588528
-0.17312891
-0.24822413
-0.2113266
-0.16971767
-0.22737441
-0.1929551
-0.154386
-0.22495306
-0.19102936
-0.15294327
-0.22027937
-0.18734593
-0.15022311
-0.19499602
-0.16579503
-0.13285012
-0.19869138
-0.16865544
-0.13492237
-0.20061713
-0.17016384
-0.13603531
-0.17502285
-0.14888548
-0.11953861
-0.17794752
-0.15108111
-0.12109304
-0.17949114
-0.15225873
-0.12194718
-0.15908745
-0.13612365
-0.10973732
-0.1613809
-0.13780381
-0.11090554
-0.1626106
-0.13872544
-0.11156764
-0.20061713
-0.17016384
-0.13603531
-0.19869138
-0.16865544
-0.13492237
-0.19499602
-0.16579503
-0.13285012
-0.17949114
-0.15225873
-0.12194718
-0.17794752
-0.15108111
-0.12109304
-0.17502285
-0.14888548
-0.11953861
-0.1626106
-0.13872544
-0.11156764
-0.1613809
-0.13780381
-0.11090554
-0.15908745
-0.13612365
-0.10973732
-0.090262432
9.0208976e-17
0.090262432
-0.26924666
-0.18998382
1.4467211e-16
0.088288133
-0.090084957
1.2943728e-16
0.090084957
-0.31136231
-0.21613735
-0.11222493
-0.15964417
1.258608e-16
8.4958536e-17
0.11222493
0.15964417
1.3816101e-16
0.084893292
1.6260622e-16
0.11461186
-0.17346291
1.0397587e-16
0.17346291
-0.11908157
1.2536659e-16
0.11908157
1.0645918e-16
1.1958514e-16
1.483573e-16
1.5283881e-16
1.3206491e-16
1.1492333e-16
1.3420453e-16
1.1864972e-16
1.4515623e-16
1.0658089e-16
9.9836215e-17
1.2329737e-16
0.089472391
0.088410032
0.088196537
0.086438461
0.084739424
0.084646587
0.087893809
0.085590894
0.084934914
0.089733496
0.089261146
0.089668962
0.016320063
0.046779276
0.075847461
0.015720639
0.045208168
0.073786166
0.014769769
0.042678249
0.070380474
0.016056302
0.046163604
0.075310643
1.4009728e-16
1.1667831e-16
1.4463507e-16
1.2483833e-16
1.1913603e-16
1.2905193e-16
1.4888728e-16
1.3441554e-16
1.1800284e-16
0.11199343
0.11253938
0.11386269
0.090931252
0.098225943
0.10828945
0.092064315
0.097803802
0.10652499
0.020240776
0.058045393
0.094196316
0.020313987
0.058470928
0.095629906
-0.27613628
-0.29077581
-0.30487214
-0.29162943
-0.24903778
-0.2008038
-0.16089249
-0.16518011
-0.17064716
-0.25673459
-0.22431681
-0.18360312
-0.19443659
-0.20381286
-0.21233908
-0.20240951
-0.17223151
-0.1381924
-0.11284866
-0.11495525
-0.11766736
-0.18135535
-0.1583609
-0.12928398
-0.25273264
-0.22479615
-0.20096242
-0.29186293
-0.25859295
-0.22973249
-0.16225219
-0.14314676
-0.12671274
-0.118675
-0.13286872
-0.14968106
-0.14507462
-0.088972701
-0.030953022
3.4653223e-17
8.0117266e-17
8.1687333e-17
-0.13418418
-0.082851609
-0.028917971
-0.099396634
-0.060799201
-0.021126514
8.7605691e-17
1.170937e-16
1.2549161e-16
-0.094196316
-0.058045393
-0.020240776
1.3346151e-16
7.8584134e-17
9.3342727e-17
8.8519124e-17
7.6803783e-17
1.0884869e-16
0.030953022
0.088972701
0.14507462
0.16089249
0.16518011
0.17064716
0.028917971
0.082851609
0.13418418
0.021126514
0.060799201
0.099396634
0.11284866
0.11495525
0.11766736
0.16225219
0.14314676
0.12671274
0.118675
0.13286872
0.14968106
-0.089733496
-0.089261146
-0.089668962
-0.075310643
-0.046163604
-0.016056302
-0.075847461
-0.046779276
-0.016320063
-0.092064315
-0.097803802
-0.10652499
-0.093085637
-0.10117007
-0.11218353
1.065287e-16
1.1696404e-16
1.1616856e-16
0.093085637
0.10117007
0.11218353
1.2654156e-16
1.2432714e-16
1.3040896e-16
1.1286692e-16
1.3541833e-16
1.273791e-16
1.1740126e-16
1.2278083e-16
1.1857574e-16
0.016154733
0.015889178
0.015749012
0.046319527
0.045600825
0.045260231
0.075136697
0.074117464
0.073772324
0.015352947
0.014930139
0.014779961
0.044172008
0.043025135
0.042672814
0.072175665
0.070551782
0.070252426
0.014833268
0.015089772
0.015625969
0.042824719
0.043479065
0.044948264
0.070495331
0.071275307
0.073413126
0.016024289
0.016048376
0.016203623
0.046043833
0.046053965
0.046458935
0.07502239
0.074839896
0.075357833
0.088222579
0.086753923
0.086390071
0.087324337
0.085286002
0.084750061
0.087539131
0.085312035
0.084674538
1.168624e-16
1.1187837e-16
1.1393445e-16
1.1211292e-16
1.2680046e-16
1.3447174e-16
1.0972569e-16
1.182743e-16
1.3529136e-16
0.020179939
0.020157798
0.020243808
0.057880748
0.057886716
0.058226583
0.093971192
0.094226219
0.095092899
0.01920555
0.017469395
0.016204982
0.055270357
0.050244308
0.046591535
0.090366909
0.082046052
0.076017355
0.01665631
0.017683074
0.01922269
0.047737746
0.050683369
0.055117963
0.077364847
0.082156814
0.08942155
0.10629362
0.10664079
0.10768098
0.097545896
0.097400344
0.097863592
0.091596423
0.090797488
0.090780169
-0.18517858
-0.19060179
-0.19735723
-0.22652673
-0.23483888
-0.24441462
-0.26093172
-0.27340042
-0.28571988
-0.25915115
-0.27279692
-0.28587089
-0.23038924
-0.24227052
-0.25350183
-0.20580605
-0.21603988
-0.22550295
-0.27332256
-0.233261
-0.18791686
-0.24210739
-0.20636551
-0.16595074
-0.21508675
-0.18312221
-0.14700973
-0.15969327
-0.15471692
-0.15081145
-0.14105776
-0.13698553
-0.13378948
-0.12507237
-0.12189
-0.11939926
-0.17220345
-0.21049824
-0.24098772
-0.15296413
-0.1871772
-0.21437353
-0.13669492
-0.16741403
-0.19175183
-0.18389772
-0.19166051
-0.19899022
-0.15957831
-0.16431482
-0.16968683
-0.13009663
-0.13290529
-0.13639873
-0.029119907
-0.029732498
-0.030525427
-0.083443466
-0.085294953
-0.087691004
-0.13519919
-0.13853029
-0.14282212
-0.13563565
-0.083126848
-0.028908584
-0.11956254
-0.073186606
-0.025436493
-0.10577033
-0.064698079
-0.022479744
1.1954204e-16
8.9546566e-17
8.1854283e-17
1.1508805e-16
7.437451e-17
8.8228448e-17
8.2159107e-17
9.7696846e-17
1.0995055e-16
-0.027082962
-0.077616117
-0.1257695
-0.023991399
-0.0687895
-0.11157269
-0.021402522
-0.061380722
-0.099610354
-0.094692757
-0.096256729
-0.098297926
-0.058326455
-0.059138914
-0.060204966
-0.020335555
-0.020594483
-0.020934025
0.13519919
0.13853029
0.14282212
0.083443466
0.085294953
0.087691004
0.029119907
0.029732498
0.030525427
0.028908584
0.083126848
0.13563565
0.025436493
0.073186606
0.11956254
0.022479744
0.064698079
0.10577033
0.15969327
0.15471692
0.15081145
0.14105776
0.13698553
0.13378948
0.12507237
0.12189
0.11939926
0.1257695
0.077616117
0.027082962
0.11157269
0.0687895
0.023991399
0.099610354
0.061380722
0.021402522
0.020335555
0.020594483
0.020934025
0.058326455
0.059138914
0.060204966
0.094692757
0.096256729
0.098297926
-0.10704341
-0.10874658
-0.11099383
-0.098117488
-0.098985529
-0.10035554
-0.091998806
-0.091904104
-0.092579338
-0.093648522
-0.057301116
-0.019914978
-0.084533306
-0.051791318
-0.018011195
-0.077847029
-0.047735881
-0.016606929
1.2947176e-16
1.276935e-16
1.0366297e-16
1.1023933e-16
9.2191773e-17
1.0075429e-16
9.9025461e-17
1.0904634e-16
1.2015794e-16
-0.01922269
-0.055117963
-0.08942155
-0.017683074
-0.050683369
-0.082156814
-0.01665631
-0.047737746
-0.077364847
-0.075357833
-0.074839896
-0.07502239
-0.046458935
-0.046053965
-0.046043833
-0.016203623
-0.016048376
-0.016024289
0.019914978
0.057301116
0.093648522
0.018011195
0.051791318
0.084533306
0.016606929
0.047735881
0.077847029
0.11099383
0.10874658
0.10704341
0.10035554
0.098985529
0.098117488
0.092579338
0.091904104
0.091998806
0.015899741
0.015558243
0.015388401
0.015665548
0.015197589
0.01498158
0.015604354
0.015087443
0.014838885
0.045605465
0.044669705
0.044245407
0.044974626
0.043690021
0.043140979
0.04485924
0.043441788
0.042807596
0.074029651
0.072671947
0.072194369
0.073157651
0.07127807
0.070629832
0.07317267
0.071108876
0.070351636
0.019162336
0.019112213
0.019156561
0.017620463
0.017498034
0.017457401
0.016554798
0.016332852
0.016224212
0.054954469
0.054875132
0.055089608
0.050512133
0.05021618
0.050174684
0.047455601
0.04686384
0.046616292
0.08919637
0.089297885
0.089941526
0.08191384
0.081628467
0.081817033
0.076941131
0.076140662
0.075955109
-0.24485698
-0.25645648
-0.26786861
-0.21251555
-0.22018801
-0.22901445
-0.17363232
-0.17859621
-0.18477109
-0.21768254
-0.22771814
-0.23748566
-0.18885968
-0.19536163
-0.20281171
-0.15413836
-0.15825199
-0.163358
-0.19454439
-0.20309111
-0.21126352
-0.16878642
-0.17414333
-0.18023712
-0.13762803
-0.14089641
-0.14494757
-0.12668549
-0.12970662
-0.13359564
-0.078148314
-0.07981654
-0.081972861
-0.027264125
-0.027814055
-0.028524845
-0.11231481
-0.1147607
-0.11791011
-0.06921692
-0.070545846
-0.072264042
-0.024136407
-0.024570694
-0.025131971
-0.10018879
-0.10206297
-0.10448627
-0.061710395
-0.062703834
-0.063994194
-0.021513872
-0.021834181
-0.022249859
0.027264125
0.027814055
0.028524845
0.078148314
0.07981654
0.081972861
0.12668549
0.12970662
0.13359564
0.024136407
0.024570694
0.025131971
0.06921692
0.070545846
0.072264042
0.11231481
0.1147607
0.11791011
0.021513872
0.021834181
0.022249859
0.061710395
0.062703834
0.063994194
0.10018879
0.10206297
0.10448627
-0.089830171
-0.091069467
-0.092733047
-0.055347028
-0.055970039
-0.056815322
-0.019299648
-0.019494607
-0.019759343
-0.082399112
-0.082967308
-0.083923009
-0.050815026
-0.051049054
-0.051483945
-0.01772675
-0.017789755
-0.017915937
-0.077285662
-0.077081664
-0.077484714
-0.047671945
-0.047452689
-0.047572932
-0.016630999
-0.016539755
-0.016560291
0.019299648
0.019494607
0.019759343
0.055347028
0.055970039
0.056815322
0.089830171
0.091069467
0.092733047
0.01772675
0.017789755
0.017915937
0.050815026
0.051049054
0.051483945
0.082399112
0.082967308
0.083923009
0.016630999
0.016539755
0.016560291
0.047671945
0.047452689
0.047572932
0.077285662
0.077081664
0.077484714
