MFEM mesh v1.0

#
# MFEM Geometry Types (see mesh/geom.hpp):
#
# POINT       = 0
# SEGMENT     = 1
# TRIANGLE    = 2
# SQUARE      = 3
# TETRAHEDRON = 4
# CUBE        = 5
#

dimension
3

elements
5
1 5 14 15 3 4 17 18 6 7
1 5 15 16 2 3 18 19 5 6
1 5 18 19 5 6 8 9 0 1
1 5 20 11 10 21 22 13 12 23
1 5 22 13 12 23 8 1 0 9

boundary
22
47 3 4 3 15 14
47 3 3 2 16 15
47 3 14 15 18 17
47 3 15 16 19 18
47 3 4 14 17 7
47 3 3 4 7 6
47 3 17 18 6 7
47 3 16 2 5 19
47 3 2 3 6 5
47 3 18 19 9 8
47 3 6 18 8 1
47 3 19 5 0 9
47 3 5 6 1 0
47 3 11 10 12 13
47 3 13 12 0 1
47 3 21 10 11 20
47 3 20 11 13 22
47 3 21 20 22 23
47 3 10 21 23 12
47 3 22 13 1 8
47 3 23 22 8 9
47 3 12 23 9 0

vertices
24

nodes
FiniteElementSpace
FiniteElementCollection: H1_3D_P4
VDim: 3
Ordering: 0

-0.12552145
-0.20609602
-0.12526221
-0.20785979
-0.29309622
-0.12661098
-0.20734485
-0.29059633
-0.20835137
-0.12826879
-0.048044756
-0.18130226
-0.10195872
-0.19962217
-0.29389062
-0.21197325
-0.13219431
-0.29132968
-0.21114341
-0.13305751
-0.18741678
-0.049994851
-0.2020654
-0.10058463
-0.27951132
-0.25255559
-0.22591994
-0.20882335
-0.21032869
-0.2114854
-0.22270919
-0.2508801
-0.27871518
-0.2921045
-0.29193615
-0.29310334
-0.27739915
-0.25108001
-0.22489067
-0.20822504
-0.20960591
-0.21068105
-0.22192514
-0.24952887
-0.27665981
-0.28968613
-0.28949485
-0.29057956
-0.29380261
-0.29316452
-0.29203797
-0.21194888
-0.21176861
-0.21140858
-0.20784399
-0.20772824
-0.20750394
-0.29300805
-0.29237748
-0.2912758
-0.19809035
-0.17192582
-0.14589877
-0.12796294
-0.1309066
-0.13199207
-0.13883455
-0.16551913
-0.19309214
-0.19746075
-0.17174498
-0.14633969
-0.12909427
-0.13184919
-0.13286812
-0.13978838
-0.16582067
-0.19284437
-0.13223045
-0.13248892
-0.13287724
-0.12531327
-0.12567549
-0.12627463
-0.19396354
-0.16716004
-0.14134289
-0.12635171
-0.12765485
-0.12819138
-0.13832653
-0.16417749
-0.19140861
-0.20638705
-0.20715137
-0.20795428
-0.20901439
-0.21004635
-0.21082139
-0.13040776
-0.13259277
-0.133107
-0.12619886
-0.12697772
-0.12687781
-0.2063092
-0.20675142
-0.20716044
-0.18219598
-0.18412556
-0.18627115
-0.068863748
-0.11125682
-0.15660163
-0.049187063
-0.049803622
-0.049817461
-0.16213849
-0.11574069
-0.071898434
-0.19994383
-0.20070541
-0.20159366
-0.11748478
-0.14875223
-0.18176939
-0.10223722
-0.10190328
-0.1010397
-0.18379412
-0.1498554
-0.11717632
-0.19099203
-0.19636169
-0.20036531
-0.1858554
-0.19264151
-0.19758486
-0.060081661
-0.079413879
-0.095014962
-0.060592854
-0.078330936
-0.093501777
-0.20758765
-0.20582331
-0.20353913
-0.2055515
-0.20386086
-0.20134202
-0.1235515
-0.11736352
-0.1080533
-0.12533089
-0.11749699
-0.10703999
-0.27800354
-0.25079002
-0.22330599
-0.27791184
-0.25117939
-0.22440589
-0.27885293
-0.25203618
-0.22543289
-0.27943606
-0.25250359
-0.22588639
-0.2789028
-0.25213267
-0.22564481
-0.27796968
-0.25148238
-0.22519455
-0.21146184
-0.21030728
-0.20880533
-0.21128708
-0.21014909
-0.20867253
-0.21093842
-0.20983537
-0.20841252
-0.22268207
-0.25083066
-0.27864042
-0.22248949
-0.25048198
-0.27811421
-0.22214497
-0.24988519
-0.2772054
-0.29201984
-0.29185142
-0.29301623
-0.29140877
-0.29123906
-0.29238605
-0.2903436
-0.29016468
-0.29127493
-0.27676815
-0.25058091
-0.22442649
-0.27588949
-0.24977978
-0.22347012
-0.2760039
-0.24944074
-0.22246778
-0.19441599
-0.16748202
-0.14132445
-0.19631881
-0.17003863
-0.14425792
-0.19760212
-0.17147104
-0.14557794
-0.19807513
-0.17192868
-0.1459236
-0.19795605
-0.17193711
-0.1460864
-0.19768659
-0.17186844
-0.14629343
-0.13202893
-0.13094502
-0.12800694
-0.13229048
-0.13121914
-0.12832244
-0.13268573
-0.13164156
-0.12882688
-0.13887423
-0.16553586
-0.19308754
-0.13914598
-0.165646
-0.19304786
-0.13957421
-0.16578533
-0.19294291
-0.1970005
-0.17131986
-0.14604081
-0.19580907
-0.16999008
-0.14481008
-0.1940564
-0.16762218
-0.14207636
-0.19715592
-0.17150647
-0.1462613
-0.19629757
-0.170576
-0.14549897
-0.19493331
-0.16867262
-0.14330138
-0.13292979
-0.13193589
-0.12928075
-0.13242465
-0.13154426
-0.12914002
-0.13029341
-0.12958961
-0.12784442
-0.13993512
-0.16579258
-0.1927061
-0.13981385
-0.16545089
-0.19230116
-0.13897512
-0.16468102
-0.19172927
-0.20800715
-0.20932854
-0.21037091
-0.2074957
-0.20866521
-0.20961789
-0.20685677
-0.20775954
-0.20861394
-0.19359057
-0.16685371
-0.14116744
-0.19274991
-0.16599485
-0.14044879
-0.19181949
-0.16479652
-0.13911605
-0.071561336
-0.071055644
-0.070002663
-0.11509731
-0.11386875
-0.11233615
-0.16118122
-0.15936043
-0.15755953
-0.19003729
-0.18823856
-0.18661116
-0.19567031
-0.19436251
-0.19318322
-0.19983734
-0.19884247
-0.19796853
-0.1626016
-0.11985452
-0.079794427
-0.17181531
-0.13342631
-0.097275901
-0.17880459
-0.14410381
-0.11129
-0.060982648
-0.061188004
-0.060721666
-0.079972273
-0.079711014
-0.078768009
-0.09536204
-0.094975166
-0.093994908
-0.081493033
-0.12318209
-0.16711843
-0.097431181
-0.13530146
-0.17492662
-0.11092979
-0.1453093
-0.18108177
-0.1834544
-0.18277265
-0.1821021
-0.14978057
-0.14954233
-0.14909758
-0.11742915
-0.11782881
-0.11779961
-0.20310505
-0.20229101
-0.20160866
-0.20542849
-0.20467184
-0.20405859
-0.20719571
-0.20642545
-0.20574422
-0.18430621
-0.15277889
-0.12290128
-0.18806914
-0.15882404
-0.13111471
-0.19058979
-0.16286114
-0.13657747
-0.10829643
-0.10809567
-0.10741672
-0.11759618
-0.11785474
-0.1176863
-0.12400117
-0.1249891
-0.12531492
-0.12284088
-0.15393116
-0.18618849
-0.13193457
-0.16039262
-0.18994165
-0.13873163
-0.1652379
-0.19278787
-0.27877814
-0.2519846
-0.22539998
-0.27783896
-0.25112938
-0.22437487
-0.27793065
-0.25074103
-0.22327748
-0.27825064
-0.25161783
-0.22516322
-0.27732483
-0.25077412
-0.2241525
-0.27741836
-0.25039434
-0.22307442
-0.2773286
-0.25097603
-0.22472295
-0.27643095
-0.25015698
-0.2237428
-0.27653363
-0.24979871
-0.22270672
-0.19758791
-0.17147508
-0.1456039
-0.19630697
-0.17004527
-0.14428596
-0.19440838
-0.16749411
-0.14135848
-0.19747497
-0.17149021
-0.14577174
-0.19621267
-0.17008102
-0.14447127
-0.19434528
-0.16756986
-0.1415869
-0.19721823
-0.17143537
-0.14598978
-0.19599495
-0.17006933
-0.14472617
-0.19419248
-0.16763981
-0.14192861
-0.19670992
-0.17109826
-0.14597872
-0.19555491
-0.16980834
-0.14478142
-0.19387588
-0.16753542
-0.14215257
-0.19587618
-0.17019397
-0.14523445
-0.19483076
-0.16904047
-0.14417085
-0.19333919
-0.16701068
-0.14180506
-0.19455106
-0.16834571
-0.14309747
-0.19363471
-0.16736873
-0.14222446
-0.19250785
-0.16586821
-0.14050147
-0.16635707
-0.16488842
-0.16340454
-0.12276178
-0.12191943
-0.12074312
-0.081427484
-0.081365025
-0.080708924
-0.17441727
-0.17341577
-0.17238142
-0.13513394
-0.13474331
-0.13403147
-0.097646923
-0.09804766
-0.097866207
-0.18070603
-0.17995895
-0.17920177
-0.14523207
-0.14500164
-0.14451831
-0.11120858
-0.11168701
-0.11167496
-0.18586368
-0.18521032
-0.18458616
-0.15383138
-0.1535379
-0.15307631
-0.123033
-0.12329313
-0.12317642
-0.18961489
-0.18892403
-0.18828718
-0.16021585
-0.15970601
-0.15907383
-0.13197629
-0.13183118
-0.13136433
-0.19242946
-0.19165138
-0.19084312
-0.1649639
-0.16422406
-0.16322084
-0.13860771
-0.13806815
-0.13701098
0.15297542
0.16024011
0.17189891
0.18108258
0.1778934
0.16622039
0.17469473
0.17173982
0.089606109
0.086649793
0.29343711
0.31528657
0.20459288
0.21778967
0.087356359
0.087261658
0.084481939
0.085895869
0.085924605
0.083249948
0.16964304
0.15907894
0.11722119
0.11113265
0.087419226
0.087543074
0.087452115
0.16400744
0.13279199
0.10275588
0.18141823
0.18101015
0.17928634
0.16163452
0.13164693
0.10254522
0.085981378
0.08614671
0.086095395
0.15882993
0.12946699
0.10086773
0.1750026
0.17462063
0.17302545
0.15660362
0.12833136
0.10055882
0.087300184
0.086898996
0.086249939
0.087209358
0.086837992
0.086242793
0.18088371
0.17943344
0.17664712
0.17770026
0.17629636
0.17361208
0.08696663
0.086131836
0.085061028
0.15629325
0.12736044
0.099189431
0.17429269
0.17796474
0.18036233
0.085648819
0.084848955
0.083812121
0.15167383
0.12437696
0.09746746
0.16842906
0.17181754
0.17403034
0.084433422
0.084088655
0.083539951
0.17172178
0.17043302
0.16795714
0.08931616
0.08845075
0.08729591
0.14488134
0.12450513
0.10035198
0.15480541
0.1577054
0.1596477
0.15133533
0.12950788
0.1039655
0.087670076
0.085883789
0.085715293
0.084913793
0.083254928
0.083068304
0.15512184
0.15981266
0.16420906
0.16254773
0.16760119
0.17245207
0.29307751
0.24718607
0.19725523
0.29940974
0.30837071
0.31386987
0.27316517
0.23079692
0.18465916
0.16882906
0.16601178
0.16175405
0.20283796
0.17115331
0.13641846
0.2081335
0.21346292
0.21683356
0.19087314
0.16151631
0.12913456
0.11670989
0.11505659
0.11263486
0.15874692
0.14032065
0.12454269
0.29522726
0.26114572
0.23166279
0.27489866
0.24371265
0.21704763
0.14893887
0.13200227
0.11770383
0.092379633
0.10004409
0.11060583
0.16684028
0.18376326
0.20503615
0.1588552
0.17409356
0.19315145
0.089112209
0.095872639
0.10522736
0.16269741
0.16403517
0.16431588
0.13222391
0.13296609
0.13305376
0.10272718
0.10301849
0.10297052
0.087363347
0.087488634
0.087399018
0.086966889
0.087102071
0.087022618
0.086326908
0.086480582
0.086418601
0.10268471
0.13268076
0.1638423
0.10218831
0.13187885
0.16264429
0.10134626
0.13041979
0.16037816
0.18121846
0.1808109
0.17909074
0.17976099
0.17935833
0.17766525
0.17696264
0.17657143
0.17493502
0.16147337
0.13153574
0.10247106
0.1603034
0.1307329
0.10195066
0.15810242
0.12927846
0.1010661
0.1007543
0.10107344
0.10106105
0.12888225
0.1296016
0.12970528
0.15759318
0.15884272
0.1591132
0.16337814
0.16132939
0.15825337
0.13231111
0.13081787
0.12867493
0.1023994
0.10136087
0.099967667
0.086914932
0.086081385
0.085011702
0.086548474
0.085723615
0.084662413
0.085961646
0.085152193
0.084105766
0.099124215
0.12726028
0.15614591
0.098668704
0.12653799
0.15507605
0.097900605
0.12522904
0.1530557
0.17411074
0.17777397
0.18016555
0.1727825
0.17638171
0.17872906
0.17022689
0.17370135
0.17596752
0.10053527
0.099547827
0.098213781
0.12902059
0.1276215
0.12561002
0.15824792
0.15634677
0.15349313
0.085444045
0.084653228
0.083624843
0.085617632
0.084834977
0.083812557
0.087394997
0.086579318
0.085504939
0.097088245
0.12352684
0.15006077
0.096958742
0.12217044
0.14693235
0.098453603
0.12261408
0.14430395
0.16635343
0.16964686
0.17180408
0.16181348
0.16492476
0.16698087
0.15700614
0.15997098
0.16194767
0.15702222
0.12850602
0.10043674
0.15354352
0.1269506
0.10025054
0.15064078
0.12738043
0.10184774
0.10362375
0.10258674
0.10116523
0.12906702
0.12768268
0.12570561
0.15079617
0.14905002
0.1464849
0.18789695
0.23515642
0.2785508
0.19300136
0.24183423
0.28671013
0.19631755
0.24604739
0.29175907
0.18463431
0.23146255
0.27445949
0.16327525
0.20481623
0.2428678
0.14494219
0.18188107
0.21560914
0.29387661
0.28874326
0.28043275
0.25994445
0.25552573
0.24843497
0.23062394
0.22690528
0.22099028
0.25594914
0.21626385
0.17295795
0.22701885
0.19187749
0.15337256
0.20234783
0.17113923
0.1367805
0.15141049
0.1553511
0.15797566
0.13408521
0.13741266
0.13964836
0.11940387
0.12212916
0.12397705
0.13582361
0.17041078
0.20195347
0.13387073
0.16788901
0.19887051
0.13095848
0.16402083
0.19404409
0.12866442
0.16136566
0.19105171
0.11623644
0.14536012
0.1717669
0.10719226
0.13343369
0.15652613
0.20415957
0.20110813
0.19632446
0.18301943
0.18049584
0.17661733
0.16620188
0.16408517
0.16089297
0.18030977
0.15276967
0.12221173
0.1630605
0.13853639
0.11119312
0.14945527
0.12798099
0.10320932
0.10654218
0.10867543
0.11014626
0.096856478
0.098502134
0.099669551
0.089845134
0.091125245
0.092068052
0.1026528
0.10294519
0.10289843
0.1321115
0.13285327
0.13294156
0.16253366
0.16386913
0.16414966
0.102135
0.10243411
0.10239658
0.13130303
0.13204056
0.13213366
0.16134868
0.16266581
0.16294512
0.10125503
0.10156672
0.10154485
0.12983608
0.13056394
0.13066408
0.15911435
0.16039297
0.16066765
0.10232896
0.10129226
0.099900971
0.13220096
0.13071088
0.12857201
0.16321452
0.16117072
0.15810151
0.10183861
0.10081445
0.099437493
0.13140757
0.12993997
0.12783132
0.1620282
0.16001975
0.15700104
0.10100697
0.10000548
0.098654412
0.12996351
0.12853727
0.12648605
0.15978268
0.15783932
0.1549182
0.10011013
0.099137852
0.097821399
0.12806875
0.12669818
0.12472903
0.15645335
0.15459943
0.15182252
0.099931763
0.09897707
0.097683094
0.12652901
0.12520779
0.12331943
0.15299808
0.15122461
0.14859051
0.10152071
0.10053824
0.09920222
0.12695674
0.12563211
0.12374851
0.1501084
0.14839265
0.14586698
0.18374602
0.23038143
0.2732032
0.18066064
0.22645926
0.26849292
0.17594353
0.22028622
0.26093258
0.16249914
0.20386429
0.24175248
0.15987024
0.20050951
0.23770238
0.15588768
0.19528035
0.23126242
0.14428615
0.18106773
0.21464658
0.14210809
0.17826892
0.21124309
0.13883855
0.17394757
0.20588105
0.12812789
0.16069107
0.19024241
0.12638643
0.15842814
0.18745877
0.12381339
0.15498807
0.18313866
0.11579645
0.14479941
0.17108268
0.11440619
0.14296937
0.16878888
0.11240508
0.14025199
0.16530212
0.10682452
0.13296207
0.15594484
0.10569605
0.13146615
0.15404694
0.10412485
0.12930644
0.15122746
0.1509312
0.15834916
1.4824977e-16
1.3785883e-16
1.1950258e-16
0.085226585
0.08837315
0.088288133
0.17256831
0.16401453
0.28807716
0.31136795
0.20189501
0.21539192
1.2657589e-16
1.2417436e-16
1.5418774e-16
0.084893292
0.084797916
0.082015121
0.402592
0.36647399
0.27180783
0.2519537
1.3805707e-16
1.1746709e-16
1.3478595e-16
1.6038024e-16
1.2592203e-16
1.3510137e-16
1.4149239e-16
1.0308962e-16
1.126571e-16
1.2754145e-16
1.3481821e-16
1.3822329e-16
0.084969438
0.085099905
0.084998224
0.086446619
0.084699585
0.084571757
0.088584936
0.088664497
0.088443379
0.086438461
0.084739424
0.084646587
0.014769769
0.042678249
0.070380474
0.014624525
0.042350145
0.070113957
0.015627588
0.045020067
0.073707292
0.015720639
0.045208168
0.073786166
1.2007854e-16
1.2954278e-16
1.4856655e-16
1.4427035e-16
1.5638521e-16
1.511686e-16
1.5456632e-16
1.5025353e-16
1.3252889e-16
0.084492781
0.083643688
0.082578446
0.083509266
0.081917967
0.081803413
0.085885446
0.087096214
0.088039214
0.014262026
0.041217122
0.067986259
0.015159734
0.043606893
0.071206852
0.17184758
0.16956821
0.16618471
0.15305574
0.15769285
0.16203264
0.15274988
0.15567851
0.15770081
0.1606291
0.1656049
0.17036992
0.15689101
0.12785306
0.099568974
0.14963404
0.12263995
0.096050543
0.14287429
0.1226508
0.098752812
0.14949288
0.12784651
0.10256584
0.33148008
0.36475777
0.39132055
0.29422556
0.30363945
0.30966554
0.30620552
0.33522497
0.35729985
0.3999702
0.39080203
0.37625429
0.22868636
0.24968568
0.26536697
0.20542964
0.21082808
0.21434171
0.21401157
0.23284839
0.24645587
0.27034474
0.2653544
0.25739355
0.37643935
0.3314124
0.29132139
0.29164895
0.25812781
0.22908341
0.27018675
0.24000807
0.21406995
0.34336871
0.3038571
0.26891201
0.1885493
0.21994794
0.2531775
0.16492683
0.18172914
0.20279254
0.15679279
0.17189628
0.19067775
0.17851609
0.20659012
0.23571299
1.1531503e-16
1.0181814e-16
1.3523746e-16
1.2428054e-16
1.2627146e-16
1.3060015e-16
1.3731184e-16
1.3172976e-16
1.3143906e-16
0.014735232
0.01470314
0.014661912
0.042611561
0.042557712
0.04245644
0.070368533
0.070399366
0.070282421
0.014641813
0.014806799
0.015245759
0.042363505
0.042753769
0.043943309
0.070009318
0.070353159
0.072030546
0.015668386
0.015702995
0.015709449
0.045135145
0.045218611
0.045203513
0.073887618
0.073980844
0.073857806
0.015352947
0.014930139
0.014779961
0.044172008
0.043025135
0.042672814
0.072175665
0.070551782
0.070252426
0.084726314
0.084865304
0.084769294
0.084835382
0.084987725
0.084896487
0.086559736
0.086739497
0.086651349
1.3796157e-16
1.4705913e-16
1.4493863e-16
1.3410342e-16
1.3576407e-16
1.3930958e-16
1.2871013e-16
1.2826566e-16
1.5212108e-16
0.014573953
0.014449049
0.014315592
0.042202581
0.041824804
0.041402623
0.069863981
0.06919266
0.068383317
0.014275682
0.014422764
0.014819224
0.041223492
0.041571142
0.042646679
0.067883711
0.068189827
0.069712119
0.015241988
0.015417178
0.015569054
0.043868347
0.04440189
0.044851255
0.071704985
0.072662417
0.073429101
0.084268826
0.08342421
0.082362946
0.084396588
0.083550029
0.082484191
0.086129703
0.085240446
0.084113525
0.099202787
0.098160681
0.096796632
0.12736508
0.12590443
0.12386727
0.15625852
0.15429225
0.15142987
0.09564519
0.095445882
0.096873923
0.12177945
0.12038403
0.12077326
0.14803403
0.14492505
0.14229983
0.099577717
0.10105651
0.10217603
0.12385663
0.12588372
0.12735282
0.14447108
0.14707112
0.14889859
0.10045856
0.09890008
0.099124734
0.12572551
0.1253262
0.12689328
0.14879727
0.15167625
0.155109
0.16966501
0.16743781
0.16414281
0.16492724
0.16279538
0.15966953
0.15997216
0.15791572
0.15492525
0.36653802
0.34317831
0.31293465
0.3802447
0.35510612
0.32314753
0.38887214
0.3626373
0.32965128
0.36604287
0.3414331
0.31044215
0.32260746
0.30154476
0.27462007
0.28407941
0.26650272
0.24345974
0.29006254
0.28450434
0.27584571
0.25676466
0.2520704
0.24478272
0.22793241
0.22403633
0.21802044
0.28713564
0.31425478
0.33484095
0.25492164
0.27867127
0.29652537
0.2271295
0.24766528
0.26278637
0.35234898
0.36566071
0.37403705
0.31138553
0.32246596
0.32940989
0.27506478
0.28405756
0.28968567
0.26397171
0.24842242
0.22756121
0.25920962
0.24413374
0.22377239
0.25163582
0.23738816
0.2179007
0.24760535
0.23380625
0.21505307
0.21584664
0.20597505
0.19176517
0.18585867
0.1795049
0.17157764
0.20183576
0.19866688
0.19383611
0.18092133
0.17830781
0.17440115
0.16423171
0.16203493
0.15881618
0.20188383
0.21882473
0.23091097
0.18111223
0.19414894
0.20297555
0.16290475
0.17031456
0.17609432
0.24049467
0.24747623
0.25187789
0.21016289
0.21548713
0.21891212
0.1811223
0.18509921
0.18773109
0.014747232
0.014718391
0.014678774
0.014903994
0.01488154
0.014844048
0.015334672
0.015320817
0.015284789
0.042610819
0.042565421
0.042468543
0.042979941
0.04295076
0.042859351
0.044147836
0.044141392
0.044053785
0.070245272
0.070286463
0.070175397
0.070564873
0.070624147
0.070519395
0.072215585
0.072304325
0.072203794
0.014591155
0.01446545
0.014330122
0.014755101
0.014625201
0.014482908
0.015190475
0.015049374
0.014890304
0.042216022
0.041836846
0.041410738
0.042603895
0.042214875
0.041772168
0.043783841
0.043364689
0.04287705
0.069760384
0.069090322
0.068279946
0.070102551
0.069424363
0.068599697
0.071766418
0.071046625
0.070160793
0.098762122
0.097730733
0.096379896
0.098540186
0.097516323
0.096177483
0.10008548
0.099024339
0.09763436
0.12641266
0.12497664
0.12297765
0.12485732
0.12346224
0.12153443
0.12525046
0.12384393
0.12191311
0.15448856
0.15256606
0.14977513
0.15107747
0.14922894
0.14657004
0.14821006
0.14641412
0.14385531
0.36379156
0.33946863
0.3087393
0.35589178
0.33254136
0.30273937
0.34333254
0.32158004
0.29333937
0.32071835
0.29987373
0.27315782
0.31414246
0.2940569
0.26808995
0.30365986
0.28485274
0.26016836
0.28252602
0.26510856
0.24222701
0.27717107
0.2603213
0.23802257
0.26863515
0.25276536
0.23148012
0.24636113
0.23266844
0.2140316
0.24214393
0.22883703
0.21061724
0.23548084
0.222856
0.20536869
0.21484591
0.20503872
0.19090534
0.21153658
0.20196052
0.18809907
0.20641484
0.19725205
0.18386505
0.18506205
0.17874348
0.17085326
0.18249494
0.17630352
0.16853341
0.17863251
0.17266527
0.16510817
