MFEM mesh v1.0

#
# MFEM Geometry Types (see mesh/geom.hpp):
#
# POINT       = 0
# SEGMENT     = 1
# TRIANGLE    = 2
# SQUARE      = 3
# TETRAHEDRON = 4
# CUBE        = 5
#

dimension
3

elements
9
1 5 7 8 6 5 18 19 21 20
1 5 8 0 1 6 19 9 10 21
1 5 5 6 4 3 20 21 23 22
1 5 6 1 2 4 21 10 11 23
1 5 20 21 23 22 24 25 27 26
1 5 22 23 12 13 26 27 14 15
1 5 26 27 14 15 28 29 16 17
1 5 13 12 31 30 15 14 33 32
1 5 15 14 33 32 17 16 35 34

boundary
34
1 3 5 6 8 7
1 3 6 1 0 8
1 3 3 4 6 5
1 3 4 2 1 6
35 3 7 8 19 18
35 3 8 0 9 19
35 3 5 7 18 20
35 3 18 19 21 20
35 3 0 1 10 9
35 3 19 9 10 21
35 3 3 5 20 22
35 3 4 3 22 23
35 3 1 2 11 10
35 3 2 4 23 11
35 3 21 10 11 23
35 3 13 12 23 22
35 3 20 21 25 24
35 3 22 20 24 26
35 3 21 23 27 25
35 3 24 25 27 26
35 3 13 22 26 15
35 3 23 12 14 27
35 3 26 27 29 28
35 3 15 26 28 17
35 3 27 14 16 29
35 3 28 29 16 17
35 3 30 31 12 13
35 3 30 13 15 32
35 3 12 31 33 14
35 3 31 30 32 33
35 3 32 15 17 34
35 3 14 33 35 16
35 3 33 32 34 35
35 3 17 16 35 34

vertices
36

nodes
FiniteElementSpace
FiniteElementCollection: H1_3D_P4
VDim: 3
Ordering: 0

0.59718411
0.16338835
0.59718411
-1.3010426e-18
0.35742227
1.0842022e-18
0.12464717
-4.7704896e-18
0.35742227
0.18331332
0.11593099
0.18331332
0.063118382
-0.13198986
-0.048044756
-0.18130226
-0.10195872
-0.19962217
-0.14693255
0.042616678
-0.16007234
0.011479379
-0.14693255
0.042616678
-0.19139576
-0.052071601
-0.18741678
-0.049994851
-0.2020654
-0.10058463
-0.1259328
0.092726462
-0.17780112
-0.031599783
-0.19875588
-0.095037873
0.066774181
0.18738835
0.30121566
0.14774878
0.26293511
0.34370086
0.071432212
0.10061368
0.11661449
4.98733e-18
4.2961511e-18
8.6672646e-19
-0.11100089
-0.046215589
0.013418199
0.036364014
0.023055667
0.013009495
-0.125257
-0.065572412
-0.013082399
-0.15020639
-0.15591435
-0.15953404
-0.041991928
-0.098165803
-0.13360411
0.25642348
0.13888271
0.069288107
0.096354296
0.055535868
0.024984853
-0.060639756
-0.11941338
-0.14943831
0.56883747
0.49871635
0.4101988
0.54570526
0.37276546
0.19494147
0.15775963
0.14582932
0.13233522
0.16238301
0.11873568
0.070313343
0.17150573
0.14402119
0.12011655
0.10212314
0.071304333
0.033974635
0.46564011
0.31081708
0.21924159
0.15457024
0.14062549
0.12504385
0.34370086
0.26293511
0.14774878
0.066774181
0.18738835
0.30121566
-1.9515639e-18
-1.9515639e-18
-2.5410988e-21
0.013009495
0.023055667
0.036364014
-0.11100089
-0.046215589
0.013418199
-0.15953404
-0.15591435
-0.15020639
0.25642348
0.13888271
0.069288107
-0.041991928
-0.098165803
-0.13360411
0.19494147
0.37276546
0.54570526
0.56883747
0.49871635
0.4101988
0.12011655
0.14402119
0.17150573
0.16238301
0.11873568
0.070313343
0.46564011
0.31081708
0.21924159
-0.16554693
-0.11837159
-0.074075685
-0.051955886
-0.05122492
-0.050318465
-0.16213849
-0.11574069
-0.071898434
-0.19125319
-0.19025126
-0.18851168
-0.1682478
-0.1798876
-0.18802295
-0.001133782
-0.022815322
-0.042420535
0.020651021
-0.012490668
-0.03833889
-0.15761784
-0.17270959
-0.18317521
0.060009789
0.054802709
0.047862098
0.032822386
-0.029107859
-0.095651607
-0.13383333
-0.13823026
-0.14372153
-0.049187063
-0.049803622
-0.049817461
-0.068863748
-0.11125682
-0.15660163
-0.18219598
-0.18412556
-0.18627115
0.036947138
-0.0033954647
-0.034453961
-0.14441743
-0.16274193
-0.17590544
-0.18379412
-0.1498554
-0.11717632
-0.10223722
-0.10190328
-0.1010397
-0.11748478
-0.14875223
-0.18176939
-0.19994383
-0.20070541
-0.20159366
-0.19099203
-0.19636169
-0.20036531
-0.060592854
-0.078330936
-0.093501777
-0.060081661
-0.079413879
-0.095014962
-0.1858554
-0.19264151
-0.19758486
0.067220282
0.076900736
0.087551163
-0.085782518
-0.011764976
0.058090762
-0.13042779
-0.12816491
-0.12657291
-0.046207631
-0.040917181
-0.034698153
-0.15108031
-0.10175194
-0.054951579
-0.1804993
-0.17921471
-0.17821886
0.06414011
0.019322474
-0.015961013
-0.13851234
-0.15762068
-0.17183881
-0.10132012
-0.099179936
-0.096449341
-0.18008155
-0.14536228
-0.11195474
-0.19936607
-0.19902537
-0.19882535
-0.045551292
-0.068157077
-0.086661828
-0.18289696
-0.19061342
-0.19634799
0.071287575
0.11032642
0.13569934
0.070230762
0.15654023
0.22926335
0.068202148
0.18452615
0.29177901
0.014824902
0.11709523
0.21076971
-0.052724824
0.02874571
0.10290277
-0.094977451
-0.025488476
0.038181264
0.23967648
0.18204744
0.11137147
0.12588649
0.092698571
0.061181605
0.060937054
0.042343407
0.027515588
0.081370197
0.045044461
-0.012730381
0.033695318
-0.016340044
-0.07959117
0.00089616369
-0.05147291
-0.11363113
-0.059347902
-0.052450921
-0.045184194
-0.11834812
-0.11173202
-0.1027277
-0.14874907
-0.14424342
-0.1374161
-0.11445587
-0.050462549
0.0079472017
-0.12069074
-0.058806788
-0.0033902386
-0.12468269
-0.064687075
-0.011786068
0.15871024
0.17626756
0.18955766
0.29267151
0.33699445
0.36470773
0.39151394
0.46865364
0.52512428
0.29920075
0.37215988
0.43513986
0.17280037
0.23170588
0.28483233
0.098723059
0.15017258
0.19664673
0.42498045
0.31027452
0.18473758
0.28574511
0.22248486
0.15570667
0.20369932
0.16605093
0.13169751
0.14686402
0.1301903
0.10948373
0.12972397
0.10522312
0.074724158
0.11205165
0.082739983
0.046861053
0.063192834
0.10984085
0.15155894
0.047768232
0.089907374
0.12673212
0.035832187
0.073856628
0.10567265
0.068202148
0.18452615
0.29177901
0.070230762
0.15654023
0.22926335
0.071287575
0.11032642
0.13569934
0.11137147
0.18204744
0.23967648
0.061181605
0.092698571
0.12588649
0.027515588
0.042343407
0.060937054
0.21076971
0.11709523
0.014824902
0.10290277
0.02874571
-0.052724824
0.038181264
-0.025488476
-0.094977451
-0.045184194
-0.052450921
-0.059347902
-0.1027277
-0.11173202
-0.11834812
-0.1374161
-0.14424342
-0.14874907
-0.12468269
-0.064687075
-0.011786068
-0.12069074
-0.058806788
-0.0033902386
-0.11445587
-0.050462549
0.0079472017
0.39151394
0.46865364
0.52512428
0.29267151
0.33699445
0.36470773
0.15871024
0.17626756
0.18955766
0.18473758
0.31027452
0.42498045
0.15570667
0.22248486
0.28574511
0.13169751
0.16605093
0.20369932
0.43513986
0.37215988
0.29920075
0.28483233
0.23170588
0.17280037
0.19664673
0.15017258
0.098723059
0.035832187
0.073856628
0.10567265
0.047768232
0.089907374
0.12673212
0.063192834
0.10984085
0.15155894
-0.13534412
-0.077370518
-0.025714557
-0.14987825
-0.096022049
-0.04675852
-0.16079066
-0.11128839
-0.065180756
-6.531945e-05
0.0067463708
0.016106306
-0.022327687
-0.019167551
-0.014690898
-0.042212834
-0.040905868
-0.039132006
-0.0069747171
-0.063192505
-0.12400217
-0.037600457
-0.088369249
-0.1428004
-0.061294276
-0.10739758
-0.1564021
-0.16036125
-0.16499801
-0.16783366
-0.17462766
-0.17776339
-0.17962012
-0.18450132
-0.18662171
-0.18784822
-0.16542202
-0.11826399
-0.073968096
-0.1645483
-0.11753576
-0.073271964
-0.16305958
-0.11639141
-0.072328106
-0.097691928
-0.031586614
0.029917161
-0.10219626
-0.036470073
0.024698075
-0.1076889
-0.04237428
0.01811025
0.024510217
0.029806868
0.03408105
-0.010616168
-0.0080389959
-0.005502877
-0.037731278
-0.037043884
-0.035891766
0.0088269557
-0.048710096
-0.11059923
-0.028123596
-0.078689604
-0.1330475
-0.05648977
-0.1014418
-0.14962613
-0.14612669
-0.15008136
-0.15487905
-0.16411923
-0.1671884
-0.17074683
-0.17695402
-0.17923377
-0.18179575
-0.16118122
-0.11509731
-0.071561336
-0.15936043
-0.11386875
-0.071055644
-0.15755953
-0.11233615
-0.070002663
-0.16711843
-0.12318209
-0.081493033
-0.17492662
-0.13530146
-0.097431181
-0.18108177
-0.1453093
-0.11092979
-0.060721666
-0.061188004
-0.060982648
-0.078768009
-0.079711014
-0.079972273
-0.093994908
-0.094975166
-0.09536204
-0.079794427
-0.11985452
-0.1626016
-0.097275901
-0.13342631
-0.17181531
-0.11129
-0.14410381
-0.17880459
-0.18661116
-0.18823856
-0.19003729
-0.19318322
-0.19436251
-0.19567031
-0.19796853
-0.19884247
-0.19983734
-0.1834544
-0.14978057
-0.11742915
-0.18277265
-0.14954233
-0.11782881
-0.1821021
-0.14909758
-0.11779961
-0.087202154
-0.014674919
0.053682698
-0.090269778
-0.020612511
0.044702507
-0.0936747
-0.026298068
0.036507028
0.040548503
0.049490838
0.059323197
-0.00055404261
0.0068673729
0.015213044
-0.032307102
-0.026322205
-0.019398871
0.032061717
-0.032656799
-0.10126935
-0.0087278974
-0.065247077
-0.12511871
-0.04077957
-0.090629838
-0.1432865
-0.13916043
-0.14075395
-0.14295259
-0.1582118
-0.159639
-0.16152926
-0.17232167
-0.17347437
-0.1749678
-0.1556228
-0.10993748
-0.067189553
-0.15374342
-0.10686587
-0.062750138
-0.15193898
-0.10346544
-0.05756747
-0.058524955
-0.053874109
-0.048326788
-0.078291445
-0.07472368
-0.070357416
-0.094228305
-0.091612856
-0.088333214
-0.067569201
-0.11158313
-0.15785958
-0.087936734
-0.12727
-0.16841124
-0.10450562
-0.13980857
-0.17656122
-0.18324874
-0.18408924
-0.18517582
-0.19084484
-0.19140899
-0.19216091
-0.19647
-0.19678851
-0.1972596
-0.18145523
-0.14832306
-0.1169196
-0.1808905
-0.14728019
-0.11523688
-0.18035039
-0.14603281
-0.1130931
0.011240119
0.10991889
0.19765227
0.0012065073
0.084631564
0.15122496
-0.010290781
0.052088454
0.093497687
-0.057932692
0.021222286
0.091964495
-0.069200191
0.0028805807
0.0642141
-0.078130743
-0.0134867
0.038303593
-0.099162865
-0.030892154
0.030943116
-0.10709717
-0.041927711
0.015211306
-0.11272183
-0.050124852
0.0029415541
0.27850193
0.34345506
0.39806878
0.20977046
0.25490795
0.2917664
0.12720088
0.15292388
0.17426896
0.15764299
0.21243076
0.2615758
0.11897047
0.16358924
0.20311329
0.08156327
0.11467753
0.14253971
0.089156915
0.13825138
0.18224846
0.067478906
0.11036518
0.14790734
0.049871934
0.086852629
0.11761652
-0.010290781
0.052088454
0.093497687
0.0012065073
0.084631564
0.15122496
0.011240119
0.10991889
0.19765227
-0.078130743
-0.0134867
0.038303593
-0.069200191
0.0028805807
0.0642141
-0.057932692
0.021222286
0.091964495
-0.11272183
-0.050124852
0.0029415541
-0.10709717
-0.041927711
0.015211306
-0.099162865
-0.030892154
0.030943116
0.12720088
0.15292388
0.17426896
0.20977046
0.25490795
0.2917664
0.27850193
0.34345506
0.39806878
0.08156327
0.11467753
0.14253971
0.11897047
0.16358924
0.20311329
0.15764299
0.21243076
0.2615758
0.049871934
0.086852629
0.11761652
0.067478906
0.11036518
0.14790734
0.089156915
0.13825138
0.18224846
-0.13488325
-0.07674036
-0.024824635
-0.1317623
-0.072594836
-0.019083075
-0.12682418
-0.06645882
-0.011013422
-0.14960527
-0.095700869
-0.046342128
-0.14772887
-0.093550561
-0.043615094
-0.14464103
-0.090223676
-0.039645054
-0.16062636
-0.11112832
-0.064999709
-0.15948913
-0.11005346
-0.063818831
-0.15757435
-0.10836066
-0.062131587
-0.12125149
-0.060176088
-0.0034541335
-0.11652597
-0.055296446
0.0017276535
-0.11250418
-0.051030404
0.0061297838
-0.14094699
-0.086591283
-0.03578423
-0.13760508
-0.083515559
-0.032982325
-0.13456313
-0.080487015
-0.030144838
-0.15519617
-0.10645493
-0.060578405
-0.15293775
-0.10471744
-0.059460874
-0.15076184
-0.10274704
-0.057901649
-0.16635707
-0.12276178
-0.081427484
-0.16488842
-0.12191943
-0.081365025
-0.16340454
-0.12074312
-0.080708924
-0.17441727
-0.13513394
-0.097646923
-0.17341577
-0.13474331
-0.09804766
-0.17238142
-0.13403147
-0.097866207
-0.18070603
-0.14523207
-0.11120858
-0.17995895
-0.14500164
-0.11168701
-0.17920177
-0.14451831
-0.11167496
-0.10878353
-0.046192472
0.012081742
-0.10555102
-0.040894484
0.019665157
-0.1026285
-0.035379134
0.027957047
-0.1315612
-0.076664637
-0.025539185
-0.12882976
-0.072253315
-0.019250042
-0.12630225
-0.067570826
-0.01222506
-0.14848332
-0.099899669
-0.054533088
-0.14631572
-0.096383907
-0.049487833
-0.14425995
-0.092551602
-0.043692614
-0.16177364
-0.11873984
-0.078378361
-0.16016526
-0.11608157
-0.074498716
-0.15860578
-0.11309676
-0.069902013
-0.1712285
-0.13263403
-0.096261243
-0.17008025
-0.13067817
-0.09333087
-0.16895476
-0.1284265
-0.089764902
-0.17840655
-0.14356342
-0.11058754
-0.17765296
-0.14222025
-0.10849065
-0.17691979
-0.14063849
-0.10587096
-0.31000795
-3.1225023e-17
0.31000795
0.39717735
0.37298049
4.5536491e-18
-2.4286129e-17
-0.39717735
-0.37298049
-0.21845228
1.615226e-16
0.21845228
0.43775954
0.46758567
0.29343711
0.31528657
0.20459288
0.21778967
-0.25398595
-0.24029479
1.3825482e-16
9.7492703e-17
0.25398595
0.24029479
2.0613393e-16
1.5050849e-16
0.16964304
0.15907894
0.11722119
0.11113265
0.61063762
0.55892108
0.40977066
0.37426538
0.27553742
0.25565524
-0.39642918
-0.39095644
-0.38042078
-0.066774181
-0.19175207
-0.31218017
-8.6037372e-18
-2.2795351e-17
-1.9515639e-18
-0.071432212
-0.20490947
-0.33291588
-0.25331385
-0.24996314
-0.24415578
-0.20206789
-0.1259362
-0.044398821
1.3982108e-16
1.5540481e-16
1.2219098e-16
-0.21223898
-0.13020735
-0.045349813
-0.36675877
-0.31589895
-0.27345729
-0.34637705
-0.29990861
-0.2593017
3.6086952e-17
1.2864921e-16
1.2558881e-16
-2.3512422e-17
2.0212768e-17
8.850637e-17
-0.32278198
-0.34512795
-0.36435579
-0.25848698
-0.15792154
-0.054840668
-1.0408341e-17
8.2399365e-18
-1.7018586e-17
-0.22094687
-0.22787722
-0.23612578
-0.18660734
-0.12116857
-0.044707034
1.0968977e-16
1.0742721e-16
7.1203925e-17
-0.29890385
-0.26566553
-0.23433475
1.5851139e-17
1.551433e-16
1.1983819e-16
0.31218017
0.19175207
0.066774181
0.39642918
0.39095644
0.38042078
0.33291588
0.20490947
0.071432212
0.044398821
0.1259362
0.20206789
0.25331385
0.24996314
0.24415578
0.045349813
0.13020735
0.21223898
0.34637705
0.29990861
0.2593017
0.36675877
0.31589895
0.27345729
0.054840668
0.15792154
0.25848698
0.32278198
0.34512795
0.36435579
0.044707034
0.12116857
0.18660734
0.22094687
0.22787722
0.23612578
0.29890385
0.26566553
0.23433475
1.7377432e-16
1.5191134e-16
1.8696385e-16
0.028266735
0.081290721
0.13279227
0.16882906
0.16601178
0.16175405
0.029923696
0.086235197
0.1413401
1.3289027e-16
1.8907427e-16
1.4417341e-16
1.2022739e-16
1.4371405e-16
1.6554195e-16
0.22291293
0.19418832
0.17016556
0.23623567
0.2066377
0.18144526
0.40741123
0.34465139
0.27733837
0.44644599
0.45907283
0.4661879
0.43483128
0.36757339
0.29452323
0.27316517
0.23079692
0.18465916
0.29940974
0.30837071
0.31386987
0.29307751
0.24718607
0.19725523
0.4074965
0.35677357
0.3135868
0.43612428
0.38286968
0.33693966
0.11670989
0.11505659
0.11263486
0.19087314
0.16151631
0.12913456
0.2081335
0.21346292
0.21683356
0.20283796
0.17115331
0.13641846
0.15874692
0.14032065
0.12454269
0.14893887
0.13200227
0.11770383
0.27489866
0.24371265
0.21704763
0.29522726
0.26114572
0.23166279
0.46554712
0.51019678
0.54447267
0.60798126
0.59575625
0.57411168
0.49820751
0.54982815
0.59221937
0.31196648
0.34179786
0.36468183
0.40754079
0.39886588
0.3843119
0.33591704
0.37026574
0.39793859
0.52036894
0.45563101
0.40026483
0.56944068
0.49941728
0.4386259
0.21686899
0.23603111
0.24998165
0.2742016
0.26932878
0.26126161
0.23129971
0.25274052
0.26887354
0.35018902
0.30915063
0.27307144
0.38286857
0.33658783
0.29548759
-0.071287575
-0.070230762
-0.068202148
-0.20450132
-0.20151832
-0.19578843
-0.33227387
-0.32757928
-0.31855002
-0.36658585
-0.36234188
-0.35311361
-0.31566552
-0.31229803
-0.30510372
-0.27292547
-0.26959158
-0.26347391
-0.2922902
-0.18608237
-0.070363565
-0.25387154
-0.16238256
-0.05939657
-0.21869974
-0.13725749
-0.048950319
7.481265e-17
2.1035483e-18
2.0569077e-17
8.0445371e-17
8.4808756e-17
1.3691812e-17
1.0754348e-16
1.3378623e-16
1.2257481e-16
-0.067602746
-0.19124589
-0.30796989
-0.057373355
-0.16370696
-0.26488427
-0.049053192
-0.14059515
-0.2287291
-0.21176462
-0.2092703
-0.20492559
-0.13003564
-0.12899964
-0.12712177
-0.045299916
-0.045084453
-0.044661734
-0.065123692
-0.061462548
-0.057239495
-0.18708359
-0.17671588
-0.16473627
-0.30480318
-0.28838346
-0.26934696
-0.33852828
-0.32148782
-0.30430569
-0.29400914
-0.28149042
-0.26994305
-0.25468592
-0.24541599
-0.23719744
-0.25266199
-0.16283417
-0.068089368
-0.22738887
-0.15340069
-0.06263699
-0.20115147
-0.13247809
-0.050007139
8.6327235e-17
6.9894421e-18
8.0170429e-17
1.2350793e-16
8.8731582e-17
5.7688622e-17
1.060012e-16
6.4130615e-17
1.0034662e-16
-0.19901877
-0.1931349
-0.18834744
-0.12472223
-0.12263619
-0.12134955
-0.044198969
-0.04400147
-0.044296689
0.33227387
0.32757928
0.31855002
0.20450132
0.20151832
0.19578843
0.071287575
0.070230762
0.068202148
0.070363565
0.18608237
0.2922902
0.05939657
0.16238256
0.25387154
0.048950319
0.13725749
0.21869974
0.35311361
0.36234188
0.36658585
0.30510372
0.31229803
0.31566552
0.26347391
0.26959158
0.27292547
0.30796989
0.19124589
0.067602746
0.26488427
0.16370696
0.057373355
0.2287291
0.14059515
0.049053192
0.045299916
0.045084453
0.044661734
0.13003564
0.12899964
0.12712177
0.21176462
0.2092703
0.20492559
0.30480318
0.28838346
0.26934696
0.18708359
0.17671588
0.16473627
0.065123692
0.061462548
0.057239495
0.068089368
0.16283417
0.25266199
0.06263699
0.15340069
0.22738887
0.050007139
0.13247809
0.20115147
0.30430569
0.32148782
0.33852828
0.26994305
0.28149042
0.29400914
0.23719744
0.24541599
0.25468592
0.044198969
0.04400147
0.044296689
0.12472223
0.12263619
0.12134955
0.19901877
0.1931349
0.18834744
1.6411082e-16
1.1343528e-16
9.4035254e-17
1.5788093e-16
1.6766164e-16
1.3491535e-16
1.4379248e-16
1.3149622e-16
1.6438038e-16
0.040678298
0.11589709
0.18707806
0.034889044
0.099965642
0.16248733
0.030320576
0.087117901
0.14213707
0.22653866
0.2321053
0.23546817
0.19743497
0.20253281
0.20578279
0.17304166
0.17760666
0.18060013
0.19724401
0.12080685
0.042022756
0.17234366
0.10534585
0.036597222
0.15122037
0.092312572
0.032042283
0.029777781
0.029315169
0.028657526
0.085815923
0.084451243
0.082479723
0.14065564
0.13834556
0.13491196
0.43353305
0.42697169
0.41535764
0.36645285
0.36094143
0.3512599
0.29366431
0.28947647
0.2822042
0.25769817
0.32070138
0.37926425
0.22498344
0.28062439
0.33205197
0.19742993
0.24662351
0.29189304
0.41570525
0.42773411
0.43465927
0.36407292
0.37490948
0.38135723
0.32000931
0.32962161
0.33547147
0.40548465
0.34251766
0.2741395
0.3558902
0.3003555
0.2400323
0.31318847
0.26418836
0.21091434
0.19631755
0.19300136
0.18789695
0.24604739
0.24183423
0.23515642
0.29175907
0.28671013
0.2785508
0.15797566
0.1553511
0.15141049
0.13964836
0.13741266
0.13408521
0.12397705
0.12212916
0.11940387
0.17295795
0.21626385
0.25594914
0.15337256
0.19187749
0.22701885
0.1367805
0.17113923
0.20234783
0.28043275
0.28874326
0.29387661
0.24843497
0.25552573
0.25994445
0.22099028
0.22690528
0.23062394
0.27445949
0.23146255
0.18463431
0.2428678
0.20481623
0.16327525
0.21560914
0.18188107
0.14494219
0.13582361
0.13387073
0.13095848
0.17041078
0.16788901
0.16402083
0.20195347
0.19887051
0.19404409
0.58983972
0.57860103
0.5585897
0.54793432
0.5385852
0.52188285
0.49668025
0.48891634
0.47508914
0.43338662
0.47499191
0.50692331
0.37942137
0.41586535
0.44385891
0.3334378
0.36540642
0.38996115
0.53464096
0.55507258
0.56677775
0.46817281
0.48626235
0.49684916
0.41114974
0.42690929
0.43626068
0.55234677
0.51290745
0.46474922
0.48458686
0.45021763
0.40802977
0.42580879
0.39594115
0.35903881
0.33439032
0.32840885
0.31857951
0.36848581
0.36147235
0.3497856
0.39586669
0.38774386
0.37411392
0.29219784
0.32001685
0.34130421
0.25889003
0.28316078
0.3015455
0.23030076
0.25121888
0.26673964
0.3594261
0.37279462
0.38078794
0.31690717
0.32809571
0.33480549
0.27941451
0.28852244
0.29400448
0.37198509
0.34640769
0.31447816
0.32741757
0.30562546
0.27798857
0.28797888
0.2698655
0.24629838
0.23027356
0.2266223
0.22078931
0.251588
0.2474282
0.2406607
0.26760053
0.26295987
0.25530569
-0.30823502
-0.30525835
-0.29778279
-0.19269423
-0.19245239
-0.18880016
-0.069027644
-0.070164219
-0.070126379
-0.26500935
-0.26293855
-0.25773808
-0.16438656
-0.16474455
-0.16352164
-0.057802053
-0.058635856
-0.05915472
-0.22843618
-0.22609816
-0.22168189
-0.14070316
-0.13995111
-0.13833454
-0.049220479
-0.049193238
-0.049016732
-0.28575154
-0.27171641
-0.25738131
-0.18249155
-0.17448686
-0.16595338
-0.070099713
-0.069312891
-0.068183234
-0.24943346
-0.2399288
-0.23097685
-0.16101369
-0.15781867
-0.15462645
-0.059759041
-0.060564397
-0.061742877
-0.21537885
-0.20886995
-0.20315719
-0.13610416
-0.13407305
-0.13271456
-0.048862346
-0.04892448
-0.049449482
0.069027644
0.070164219
0.070126379
0.19269423
0.19245239
0.18880016
0.30823502
0.30525835
0.29778279
0.057802053
0.058635856
0.05915472
0.16438656
0.16474455
0.16352164
0.26500935
0.26293855
0.25773808
0.049220479
0.049193238
0.049016732
0.14070316
0.13995111
0.13833454
0.22843618
0.22609816
0.22168189
0.070099713
0.069312891
0.068183234
0.18249155
0.17448686
0.16595338
0.28575154
0.27171641
0.25738131
0.059759041
0.060564397
0.061742877
0.16101369
0.15781867
0.15462645
0.24943346
0.2399288
0.23097685
0.048862346
0.04892448
0.049449482
0.13610416
0.13407305
0.13271456
0.21537885
0.20886995
0.20315719
0.041947039
0.04158481
0.041012731
0.12052785
0.11924176
0.11717162
0.19665406
0.19405842
0.18980052
0.036463184
0.035989328
0.035296585
0.10494083
0.10347696
0.10128907
0.17164159
0.1690308
0.1650031
0.031895851
0.031414588
0.030727626
0.091884576
0.090453964
0.088373943
0.15051253
0.14806826
0.14440379
0.27320246
0.26909439
0.2622147
0.34133456
0.33598682
0.3268501
0.40411978
0.39774614
0.38672252
0.23903179
0.23515504
0.22896547
0.29913092
0.29416561
0.28601603
0.35448077
0.34855334
0.33865683
0.20993837
0.20640663
0.20091992
0.26300369
0.2585123
0.25132733
0.31182084
0.30644798
0.29768822
0.18374602
0.18066064
0.17594353
0.23038143
0.22645926
0.22028622
0.2732032
0.26849292
0.26093258
0.16249914
0.15987024
0.15588768
0.20386429
0.20050951
0.19528035
0.24175248
0.23770238
0.23126242
0.14428615
0.14210809
0.13883855
0.18106773
0.17826892
0.17394757
0.21464658
0.21124309
0.20588105
0.46315553
0.45560379
0.44242726
0.51096277
0.5019191
0.48604009
0.54994304
0.53914589
0.52021298
0.40639283
0.39936885
0.38748503
0.44826433
0.43992775
0.42567941
0.48223851
0.4724119
0.45557609
0.35745521
0.35108892
0.34054578
0.39408175
0.38658703
0.37401447
0.42362229
0.41489134
0.40016348
0.31302466
0.30744379
0.29832975
0.34472364
0.33820601
0.32740195
0.37004295
0.3625372
0.34999183
0.27669758
0.27189879
0.26412538
0.30414655
0.29858658
0.28942981
0.32574005
0.31940658
0.30886558
0.24518413
0.24115144
0.23467379
0.26860404
0.26397795
0.25641292
0.286572
0.28136832
0.27275023
-0.67227043
-0.70710678
-0.67227043
-0.91774188
-0.84957113
-1
-0.91774188
-0.91774188
-0.84957113
-0.41475441
-0.43862719
-0.41475441
-0.42824044
-0.46185394
-0.28807716
-0.31136795
-0.20189501
-0.21539192
-0.59957576
-0.54440267
-0.64614232
-0.58040305
-0.59957576
-0.54440267
-0.4320356
-0.38992054
-0.402592
-0.36647399
-0.27180783
-0.2519537
-0.25064867
-0.23013366
-0.16793162
-0.15542841
-0.11597792
-0.10949097
-0.91563372
-0.90021342
-0.87053063
-0.91563372
-0.90021342
-0.87053063
-0.99744546
-0.97878093
-0.94295653
-0.99744546
-0.97878093
-0.94295653
-0.59588916
-0.58197579
-0.55947685
-0.55568435
-0.57135729
-0.57937045
-0.64130222
-0.62457008
-0.59790658
-0.61424887
-0.6344852
-0.64475025
-0.8519602
-0.73970671
-0.64406137
-0.78354073
-0.67517407
-0.58557829
-0.84631272
-0.72383693
-0.62511386
-0.92864585
-0.80034803
-0.69495367
-0.70822101
-0.77112957
-0.82527783
-0.68307557
-0.69823377
-0.70604267
-0.74943575
-0.8239692
-0.88860063
-0.44243449
-0.48871055
-0.52712522
-0.42186255
-0.43237503
-0.43790711
-0.46757203
-0.51751099
-0.56064793
-0.60919191
-0.51756107
-0.44674376
-0.65236609
-0.55350989
-0.47383529
-0.87053063
-0.90021342
-0.91563372
-0.91563372
-0.90021342
-0.87053063
-0.94295653
-0.97878093
-0.99744546
-0.57937045
-0.57135729
-0.55568435
-0.59588916
-0.58197579
-0.55947685
-0.64475025
-0.6344852
-0.61424887
-0.78354073
-0.67517407
-0.58557829
-0.8519602
-0.73970671
-0.64406137
-0.70604267
-0.69823377
-0.68307557
-0.70822101
-0.77112957
-0.82527783
-0.43790711
-0.43237503
-0.42186255
-0.44243449
-0.48871055
-0.52712522
-0.60919191
-0.51756107
-0.44674376
-0.42887509
-0.41809155
-0.40120177
-0.38923911
-0.38417847
-0.37400274
-0.3999702
-0.39080203
-0.37625429
-0.43117185
-0.42477035
-0.41198411
-0.60170433
-0.52701712
-0.46261365
-0.54015858
-0.47341171
-0.41664548
-0.50691427
-0.44449501
-0.39139669
-0.55872008
-0.48993061
-0.43065563
-0.45531071
-0.49826979
-0.53078725
-0.43749377
-0.45137718
-0.45979708
-0.49171042
-0.54162967
-0.58213856
-0.30620552
-0.33522497
-0.35729985
-0.29422556
-0.30363945
-0.30966554
-0.33148008
-0.36475777
-0.39132055
-0.39851827
-0.34920431
-0.30750825
-0.43055685
-0.37788529
-0.3326584
-0.27034474
-0.2653544
-0.25739355
-0.21401157
-0.23284839
-0.24645587
-0.20542964
-0.21082808
-0.21434171
-0.22868636
-0.24968568
-0.26536697
-0.37643935
-0.3314124
-0.29132139
-0.34336871
-0.3038571
-0.26891201
-0.27018675
-0.24000807
-0.21406995
-0.29164895
-0.25812781
-0.22908341
-0.39832682
-0.33557479
-0.2675783
-0.24915414
-0.24380221
-0.23547974
-0.42975266
-0.36341542
-0.29094318
-0.26813922
-0.22628085
-0.18066932
-0.16688257
-0.16349242
-0.15851665
-0.28963475
-0.24452371
-0.1952389
-0.21422224
-0.18796632
-0.16578895
-0.23328235
-0.20430283
-0.17955853
-0.18833318
-0.15928932
-0.12727359
-0.11539989
-0.11360684
-0.11104982
-0.20065069
-0.16934768
-0.13498059
-0.14587397
-0.12972903
-0.11590641
-0.15717609
-0.138938
-0.12326776
-0.9949051
-0.97634361
-0.94071385
-0.97634361
-0.95853051
-0.92431526
-0.94071385
-0.92431526
-0.89277756
-0.84895356
-0.83264817
-0.80358239
-0.7360621
-0.72016229
-0.69331457
-0.64029408
-0.62563
-0.60168591
-0.80104658
-0.82665036
-0.84326267
-0.68940459
-0.71038189
-0.7222101
-0.59780238
-0.61483441
-0.62377977
-0.86959746
-0.90445119
-0.92665671
-0.74488955
-0.77659836
-0.79552085
-0.64380453
-0.67202865
-0.69023379
-0.92589163
-0.90745348
-0.87469252
-0.79847491
-0.7848115
-0.75847453
-0.69339614
-0.68205659
-0.65998417
-0.6102408
-0.59539218
-0.57158743
-0.63002802
-0.61391127
-0.58827132
-0.6399933
-0.62333639
-0.59677302
-0.8866454
-0.82234343
-0.74817327
-0.8723379
-0.81043561
-0.73891546
-0.84476821
-0.78743445
-0.72097901
-0.76037655
-0.70862972
-0.6465242
-0.65430885
-0.60786403
-0.55162504
-0.56711375
-0.52605154
-0.47644395
-0.62028102
-0.63880084
-0.65072868
-0.52731122
-0.5432846
-0.55233694
-0.45462878
-0.46644469
-0.47288001
-0.69178145
-0.76023912
-0.81939168
-0.5882756
-0.64830073
-0.70015567
-0.50464548
-0.55789664
-0.60395995
-0.53759056
-0.49750138
-0.44996437
-0.55215757
-0.51007168
-0.46096658
-0.55965916
-0.51664537
-0.46679122
-0.94071385
-0.92431526
-0.89277756
-0.97634361
-0.95853051
-0.92431526
-0.9949051
-0.97634361
-0.94071385
-0.84326267
-0.82665036
-0.80104658
-0.7222101
-0.71038189
-0.68940459
-0.62377977
-0.61483441
-0.59780238
-0.80358239
-0.83264817
-0.84895356
-0.69331457
-0.72016229
-0.7360621
-0.60168591
-0.62563
-0.64029408
-0.87469252
-0.90745348
-0.92589163
-0.75847453
-0.7848115
-0.79847491
-0.65998417
-0.68205659
-0.69339614
-0.6399933
-0.62333639
-0.59677302
-0.63002802
-0.61391127
-0.58827132
-0.6102408
-0.59539218
-0.57158743
-0.84476821
-0.78743445
-0.72097901
-0.8723379
-0.81043561
-0.73891546
-0.8866454
-0.82234343
-0.74817327
-0.65072868
-0.63880084
-0.62028102
-0.55233694
-0.5432846
-0.52731122
-0.47288001
-0.46644469
-0.45462878
-0.6465242
-0.70862972
-0.76037655
-0.55162504
-0.60786403
-0.65430885
-0.47644395
-0.52605154
-0.56711375
-0.55965916
-0.51664537
-0.46679122
-0.55215757
-0.51007168
-0.46096658
-0.53759056
-0.49750138
-0.44996437
-0.59715087
-0.58129754
-0.55652495
-0.52298641
-0.50916352
-0.48765143
-0.45915567
-0.44734296
-0.42891693
-0.53916565
-0.53185506
-0.51742168
-0.47256058
-0.4662645
-0.45371222
-0.41590607
-0.4104428
-0.39948552
-0.52099471
-0.54202895
-0.55514848
-0.45677796
-0.47513727
-0.48669052
-0.40201001
-0.41783394
-0.42781429
-0.57229908
-0.59097798
-0.60042583
-0.50169043
-0.51780266
-0.52591994
-0.44082685
-0.45470744
-0.4616736
-0.4280307
-0.41729751
-0.40047886
-0.42175728
-0.41139512
-0.39509756
-0.40920761
-0.39955176
-0.38427701
-0.48948206
-0.48037707
-0.46535136
-0.53890956
-0.5280756
-0.51025434
-0.57878836
-0.5659122
-0.54493674
-0.49421749
-0.46382707
-0.42373924
-0.43331854
-0.4065278
-0.371289
-0.38156111
-0.35793663
-0.3269036
-0.40723136
-0.42038647
-0.42849108
-0.35687065
-0.36855081
-0.37590373
-0.31416602
-0.32435255
-0.33084712
-0.45842286
-0.50492371
-0.54255988
-0.4023565
-0.44308078
-0.4758955
-0.35417744
-0.38987138
-0.41847786
-0.38887214
-0.3802447
-0.36653802
-0.3626373
-0.35510612
-0.34317831
-0.32965128
-0.32314753
-0.31293465
-0.37403705
-0.36566071
-0.35234898
-0.32940989
-0.32246596
-0.31138553
-0.28968567
-0.28405756
-0.27506478
-0.33484095
-0.31425478
-0.28713564
-0.29652537
-0.27867127
-0.25492164
-0.26278637
-0.24766528
-0.2271295
-0.27584571
-0.28450434
-0.29006254
-0.24478272
-0.2520704
-0.25676466
-0.21802044
-0.22403633
-0.22793241
-0.31044215
-0.3414331
-0.36604287
-0.27462007
-0.30154476
-0.32260746
-0.24345974
-0.26650272
-0.28407941
-0.26397171
-0.25920962
-0.25163582
-0.24842242
-0.24413374
-0.23738816
-0.22756121
-0.22377239
-0.2179007
-0.28930818
-0.28328878
-0.27375254
-0.36161947
-0.35460297
-0.34317122
-0.42781477
-0.41993548
-0.40695795
-0.37071389
-0.31234102
-0.24908503
-0.3248925
-0.27388742
-0.21852443
-0.28617811
-0.24141805
-0.19271703
-0.21910837
-0.22680166
-0.23183174
-0.19206961
-0.19861345
-0.20299004
-0.16920384
-0.17469356
-0.1784158
-0.27088305
-0.33858261
-0.40057734
-0.23735741
-0.29694394
-0.35152088
-0.20870439
-0.26128779
-0.30943525
-0.28804351
-0.28245571
-0.27377146
-0.2431255
-0.23833883
-0.23100267
-0.19405307
-0.19014814
-0.18431682
-0.25153758
-0.21234409
-0.16956416
-0.22355286
-0.18883935
-0.15081204
-0.19955226
-0.16869569
-0.13474244
-0.14865641
-0.15314771
-0.15621937
-0.13198386
-0.13563408
-0.13814679
-0.11769252
-0.12060052
-0.12262257
-0.18277916
-0.22901171
-0.27130422
-0.16164786
-0.20269083
-0.24017882
-0.14345759
-0.17998734
-0.21327654
-0.19967694
-0.19644605
-0.1915235
-0.16852391
-0.16584849
-0.16184645
-0.13431287
-0.13221123
-0.12915619
-0.87139099
-0.8535372
-0.82237015
-0.90369802
-0.88310199
-0.84952925
-0.923305
-0.90118744
-0.86663819
-0.75443742
-0.73726653
-0.70864006
-0.78032949
-0.76170797
-0.73080563
-0.79374094
-0.77484289
-0.74314799
-0.65589069
-0.64018848
-0.61481183
-0.67745162
-0.66020724
-0.63299899
-0.68864343
-0.67053052
-0.64245986
-0.77658575
-0.72223561
-0.65817111
-0.80060869
-0.74329334
-0.67712932
-0.81656952
-0.75777934
-0.68991477
-0.66750682
-0.61904994
-0.56159738
-0.68722465
-0.63657975
-0.57772869
-0.6985533
-0.64685072
-0.58701638
-0.57845361
-0.53562764
-0.48474077
-0.59433356
-0.54940587
-0.49700945
-0.60273441
-0.55679988
-0.50366617
-0.923305
-0.90118744
-0.86663819
-0.90369802
-0.88310199
-0.84952925
-0.87139099
-0.8535372
-0.82237015
-0.79374094
-0.77484289
-0.74314799
-0.78032949
-0.76170797
-0.73080563
-0.75443742
-0.73726653
-0.70864006
-0.68864343
-0.67053052
-0.64245986
-0.67745162
-0.66020724
-0.63299899
-0.65589069
-0.64018848
-0.61481183
-0.81656952
-0.75777934
-0.68991477
-0.80060869
-0.74329334
-0.67712932
-0.77658575
-0.72223561
-0.65817111
-0.6985533
-0.64685072
-0.58701638
-0.68722465
-0.63657975
-0.57772869
-0.66750682
-0.61904994
-0.56159738
-0.60273441
-0.55679988
-0.50366617
-0.59433356
-0.54940587
-0.49700945
-0.57845361
-0.53562764
-0.48474077
-0.59591001
-0.58013856
-0.55547126
-0.58669899
-0.57153689
-0.54767699
-0.56844522
-0.55448198
-0.53226292
-0.52191706
-0.50816447
-0.48674711
-0.51398797
-0.50075513
-0.48003483
-0.4982231
-0.48598346
-0.46664079
-0.45823614
-0.44648087
-0.4281339
-0.45141623
-0.44008471
-0.42231373
-0.43780811
-0.42727643
-0.41064273
-0.53930025
-0.52711456
-0.50745265
-0.50223669
-0.49189431
-0.47508871
-0.45619195
-0.44743732
-0.43320735
-0.47290722
-0.46211287
-0.44488896
-0.4405595
-0.43127711
-0.4164291
-0.40022317
-0.39228794
-0.37964307
-0.41583543
-0.40646517
-0.39157682
-0.38760141
-0.37946044
-0.36654314
-0.35223108
-0.34522233
-0.33418031
-0.36379156
-0.35589178
-0.34333254
-0.33946863
-0.33254136
-0.32158004
-0.3087393
-0.30273937
-0.29333937
-0.32071835
-0.31414246
-0.30365986
-0.29987373
-0.2940569
-0.28485274
-0.27315782
-0.26808995
-0.26016836
-0.28252602
-0.27717107
-0.26863515
-0.26510856
-0.2603213
-0.25276536
-0.24222701
-0.23802257
-0.23148012
-0.39863074
-0.39105983
-0.37879576
-0.33679925
-0.33010573
-0.31938726
-0.26928529
-0.26360322
-0.25475025
-0.34965984
-0.34281062
-0.33196826
-0.29527032
-0.28929513
-0.27995423
-0.23589475
-0.23090898
-0.22331967
-0.30773908
-0.30170769
-0.29229074
-0.25978628
-0.25458831
-0.24658092
-0.20741862
-0.20314681
-0.19673562
-0.26982334
-0.26467759
-0.25670663
-0.22771957
-0.22333712
-0.21664611
-0.18169296
-0.17814296
-0.17286181
-0.23890989
-0.23457614
-0.22789294
-0.20159732
-0.19794553
-0.1924019
-0.16074279
-0.15782155
-0.15350269
-0.21220764
-0.20862061
-0.2031245
-0.17907713
-0.17608727
-0.17158484
-0.14271469
-0.1403514
-0.13688943
