MFEM mesh v1.0

#
# MFEM Geometry Types (see mesh/geom.hpp):
#
# POINT       = 0
# SEGMENT     = 1
# TRIANGLE    = 2
# SQUARE      = 3
# TETRAHEDRON = 4
# CUBE        = 5
#

dimension
3

elements
9
1 5 13 22 23 12 15 24 25 14
1 5 12 23 7 3 14 25 9 4
1 5 14 25 9 4 16 26 11 5
1 5 21 27 28 20 3 7 9 4
1 5 20 28 30 19 4 9 11 5
1 5 28 29 31 30 9 8 10 11
1 5 19 30 18 6 5 11 2 0
1 5 30 31 17 18 11 10 1 2
1 5 32 20 19 33 14 4 5 16

boundary
32
18 3 12 23 22 13
18 3 3 7 23 12
18 3 13 22 24 15
18 3 22 23 25 24
18 3 12 13 15 14
18 3 15 24 25 14
18 3 23 7 9 25
18 3 3 12 14 4
18 3 14 25 26 16
18 3 25 9 11 26
18 3 16 26 11 5
18 3 9 8 10 11
18 3 5 11 2 0
18 3 11 10 1 2
18 3 20 28 27 21
18 3 19 30 28 20
18 3 30 31 29 28
18 3 6 18 30 19
18 3 18 17 31 30
18 3 21 27 7 3
18 3 27 28 9 7
18 3 20 21 3 4
18 3 28 29 8 9
18 3 29 31 10 8
18 3 18 6 0 2
18 3 6 19 5 0
18 3 31 17 1 10
18 3 17 18 2 1
18 3 33 19 20 32
18 3 32 20 4 14
18 3 33 32 14 16
18 3 19 33 16 5

vertices
34

nodes
FiniteElementSpace
FiniteElementCollection: H1_3D_P4
VDim: 3
Ordering: 0

-0.34715081
-0.20609602
-0.28933241
-0.35793389
-0.3638317
-0.35793389
-0.37954477
-0.29059633
-0.20785979
-0.29309622
-0.20734485
-0.29059633
-0.37443101
-0.38159255
-0.38138571
-0.38905707
-0.37443101
-0.19962217
-0.3019618
-0.40559113
-0.41631794
-0.40559113
-0.29412508
-0.29132968
-0.2967613
-0.29389062
-0.29132968
-0.30755019
-0.31210537
-0.19861484
-0.30755019
-0.19875588
-0.47947073
-0.46325474
-0.36583044
-0.336733
-0.30865829
-0.29402925
-0.29333519
-0.29210616
-0.3597157
-0.3322012
-0.30536389
-0.37661531
-0.37973821
-0.38136836
-0.37215696
-0.34133168
-0.31186125
-0.29666366
-0.29595573
-0.29469428
-0.3656336
-0.33653934
-0.30844318
-0.3837317
-0.3870771
-0.38881832
-0.38387781
-0.38713268
-0.38882511
-0.29485785
-0.29601716
-0.2966711
-0.29203797
-0.29316452
-0.29380261
-0.37655653
-0.37958879
-0.38116861
-0.28968613
-0.28949485
-0.29057956
-0.34933903
-0.32840181
-0.30414012
-0.36061786
-0.36643162
-0.37191306
-0.2921045
-0.29193615
-0.29310334
-0.35451068
-0.33241537
-0.30710865
-0.36669591
-0.37283942
-0.37869226
-0.2912758
-0.29237748
-0.29300805
-0.359683
-0.36226364
-0.36364053
-0.3597157
-0.3322012
-0.30536389
-0.28968613
-0.28949485
-0.29057956
-0.34933903
-0.32840181
-0.30414012
-0.36061786
-0.36643162
-0.37191306
-0.38116861
-0.37958879
-0.37655653
-0.29380261
-0.29316452
-0.29203797
-0.29300805
-0.29237748
-0.2912758
-0.36364053
-0.36226364
-0.359683
-0.39063827
-0.35935809
-0.32583506
-0.30886809
-0.31086427
-0.31195501
-0.4002622
-0.36692627
-0.3313809
-0.41598671
-0.41356932
-0.40889696
-0.36375315
-0.37819098
-0.39554362
-0.29216009
-0.29691336
-0.30353056
-0.2948306
-0.30015538
-0.30758983
-0.37026014
-0.3860425
-0.40518924
-0.31195501
-0.31086427
-0.30886809
-0.39063827
-0.35935809
-0.32583506
-0.40889696
-0.41356932
-0.41598671
-0.29216009
-0.29691336
-0.30353056
-0.36375315
-0.37819098
-0.39554362
-0.29263432
-0.25540666
-0.21814763
-0.19861825
-0.19864475
-0.19870522
-0.28902614
-0.25341393
-0.21758156
-0.22270919
-0.2508801
-0.27871518
-0.20784399
-0.20772824
-0.20750394
-0.22192514
-0.24952887
-0.27665981
-0.20675539
-0.20418696
-0.20081305
-0.20633334
-0.20396292
-0.20081988
-0.3021024
-0.30365143
-0.30616256
-0.37026921
-0.34674087
-0.318235
-0.38391142
-0.39319094
-0.40174473
-0.28901548
-0.28903983
-0.2899452
-0.3419547
-0.32456875
-0.30238343
-0.34833471
-0.35199212
-0.35596145
-0.29035934
-0.29366951
-0.29875203
-0.3499271
-0.35938497
-0.3719112
-0.19936607
-0.19902537
-0.19882535
-0.21762263
-0.25171178
-0.28502009
-0.2063092
-0.20675142
-0.20716044
-0.22087044
-0.24872871
-0.27574469
-0.2055515
-0.20386086
-0.20134202
-0.43100178
-0.4544723
-0.47216885
-0.41918903
-0.44076155
-0.45671368
-0.47899624
-0.47550498
-0.46847222
-0.39743146
-0.4287825
-0.46145376
-0.38928172
-0.41794066
-0.44722054
-0.3615519
-0.33353293
-0.30628581
-0.36422463
-0.33551528
-0.30773843
-0.36563616
-0.33658548
-0.30854519
-0.3677368
-0.33809138
-0.30955619
-0.37050318
-0.34010299
-0.31096937
-0.37195694
-0.34118294
-0.31175149
-0.29476124
-0.29406241
-0.29282243
-0.29591986
-0.29521504
-0.29396122
-0.29657343
-0.29586589
-0.29460528
-0.30622353
-0.33347773
-0.36149611
-0.30758215
-0.33537534
-0.36408261
-0.3083373
-0.33639842
-0.36544607
-0.37879555
-0.38198687
-0.38364981
-0.38189713
-0.38518636
-0.38689802
-0.38351064
-0.38684926
-0.38858701
-0.37195046
-0.34117661
-0.3117446
-0.37045006
-0.34005098
-0.31091261
-0.36759759
-0.33795481
-0.30940571
-0.34939451
-0.32721084
-0.30304765
-0.35330631
-0.3281814
-0.30300146
-0.35757454
-0.33079379
-0.30441246
-0.29127493
-0.29016468
-0.2903436
-0.29238605
-0.29123906
-0.29140877
-0.29301623
-0.29185142
-0.29201984
-0.30495756
-0.32955666
-0.35085953
-0.30626732
-0.3313154
-0.35312157
-0.30700489
-0.33228109
-0.35434274
-0.36243205
-0.36836425
-0.37398166
-0.36508841
-0.37116115
-0.37693591
-0.36650041
-0.3726361
-0.37848029
-0.36333445
-0.33503039
-0.30743535
-0.35875451
-0.33219557
-0.30591146
-0.35453115
-0.3310936
-0.30591625
-0.36544607
-0.33639842
-0.3083373
-0.36408261
-0.33537534
-0.30758215
-0.36149611
-0.33347773
-0.30622353
-0.29301623
-0.29185142
-0.29201984
-0.29238605
-0.29123906
-0.29140877
-0.29127493
-0.29016468
-0.2903436
-0.30700489
-0.33228109
-0.35434274
-0.30626732
-0.3313154
-0.35312157
-0.30495756
-0.32955666
-0.35085953
-0.36650041
-0.3726361
-0.37848029
-0.36508841
-0.37116115
-0.37693591
-0.36243205
-0.36836425
-0.37398166
-0.35757454
-0.33079379
-0.30441246
-0.35330631
-0.3281814
-0.30300146
-0.34939451
-0.32721084
-0.30304765
-0.39996166
-0.36668671
-0.33119879
-0.39777393
-0.36494338
-0.32988897
-0.39357472
-0.36164026
-0.32745595
-0.38154327
-0.35225643
-0.3207211
-0.36618405
-0.34026817
-0.31229315
-0.35355857
-0.33119978
-0.30616352
-0.30469769
-0.30647661
-0.30745509
-0.29782407
-0.29924824
-0.30004497
-0.29289333
-0.29406831
-0.29473762
-0.32565445
-0.3590029
-0.39016642
-0.31621523
-0.34563962
-0.37317065
-0.30936063
-0.33553013
-0.35922947
-0.40489125
-0.40271097
-0.39851321
-0.38579522
-0.38399731
-0.38057246
-0.37005139
-0.36854349
-0.36570035
-0.39357472
-0.36164026
-0.32745595
-0.39777393
-0.36494338
-0.32988897
-0.39996166
-0.36668671
-0.33119879
-0.30745509
-0.30647661
-0.30469769
-0.30004497
-0.29924824
-0.29782407
-0.29473762
-0.29406831
-0.29289333
-0.3207211
-0.35225643
-0.38154327
-0.31229315
-0.34026817
-0.36618405
-0.30616352
-0.33119978
-0.35355857
-0.39851321
-0.40271097
-0.40489125
-0.38057246
-0.38399731
-0.38579522
-0.36570035
-0.36854349
-0.37005139
-0.29004826
-0.25396083
-0.21772634
-0.2916344
-0.25483838
-0.21797713
-0.2925115
-0.25533661
-0.21812617
-0.28930431
-0.25430768
-0.21922366
-0.28384408
-0.25245128
-0.22082287
-0.27997501
-0.25120664
-0.22209619
-0.20081241
-0.20080922
-0.20081113
-0.20417952
-0.20412587
-0.20402765
-0.20674219
-0.20664581
-0.20646154
-0.21862688
-0.25248581
-0.28607761
-0.220165
-0.25090103
-0.28124053
-0.22136174
-0.24982007
-0.2777953
-0.27864042
-0.25083066
-0.22268207
-0.27811421
-0.25048198
-0.22248949
-0.2772054
-0.24988519
-0.22214497
-0.37239407
-0.34740351
-0.31853119
-0.37990056
-0.35158797
-0.32076654
-0.38718377
-0.3568144
-0.32405731
-0.30231813
-0.30015359
-0.29886094
-0.29599157
-0.29447191
-0.29371856
-0.29145809
-0.29041172
-0.29023447
-0.31418122
-0.34119965
-0.36333301
-0.30775763
-0.33220084
-0.3520402
-0.30358652
-0.32618616
-0.34395934
-0.37595188
-0.38441393
-0.39211471
-0.36269208
-0.36944838
-0.37543623
-0.35226131
-0.3569604
-0.36155375
-0.34766814
-0.3272127
-0.3033134
-0.34444749
-0.32508592
-0.30211391
-0.34203324
-0.32423217
-0.30197472
-0.28507343
-0.25162536
-0.21742375
-0.28611765
-0.25199291
-0.2173075
-0.28795821
-0.25286345
-0.21744941
-0.20083865
-0.20092699
-0.20114337
-0.20389573
-0.20378045
-0.20376676
-0.20618449
-0.2058808
-0.20559511
-0.21850852
-0.25098481
-0.28266044
-0.21975928
-0.24977584
-0.27893204
-0.22060477
-0.24899306
-0.27650497
-0.27613778
-0.24918802
-0.22169469
-0.27545823
-0.24872211
-0.22128312
-0.27547444
-0.24863321
-0.22097373
-0.46168417
-0.44509703
-0.42286695
-0.46837854
-0.45105172
-0.42800408
-0.47171695
-0.45406162
-0.43064077
-0.45515389
-0.43963101
-0.41870241
-0.42411656
-0.41298306
-0.39711805
-0.39425081
-0.3868273
-0.37769534
-0.40808774
-0.42743494
-0.44153331
-0.38850493
-0.4033612
-0.41365249
-0.37067151
-0.37935542
-0.38630909
-0.45180448
-0.45796644
-0.46103878
-0.42136728
-0.42607599
-0.4284576
-0.39181245
-0.39535582
-0.39718164
-0.36753863
-0.33794131
-0.30944166
-0.36610094
-0.33685399
-0.30862695
-0.36337235
-0.33483536
-0.30715683
-0.37029983
-0.33994977
-0.31085348
-0.36882295
-0.33883822
-0.31002767
-0.36601557
-0.33677014
-0.30853406
-0.37175073
-0.34102801
-0.31163482
-0.37025321
-0.33990411
-0.31080363
-0.36740603
-0.3378112
-0.30929823
-0.35929959
-0.33203516
-0.30525212
-0.35492423
-0.32934988
-0.30380687
-0.35089604
-0.32832573
-0.30383297
-0.36181895
-0.33388982
-0.30658755
-0.35730798
-0.33110678
-0.30509149
-0.35314976
-0.33002839
-0.305101
-0.36315036
-0.33489186
-0.30733056
-0.3585789
-0.33206329
-0.30581018
-0.35436191
-0.33096368
-0.30581504
-0.36315036
-0.33489186
-0.30733056
-0.3585789
-0.33206329
-0.30581018
-0.35436191
-0.33096368
-0.30581504
-0.36181895
-0.33388982
-0.30658755
-0.35730798
-0.33110678
-0.30509149
-0.35314976
-0.33002839
-0.305101
-0.35929959
-0.33203516
-0.30525212
-0.35492423
-0.32934988
-0.30380687
-0.35089604
-0.32832573
-0.30383297
-0.38416756
-0.3542837
-0.32215468
-0.38792889
-0.3572275
-0.32431941
-0.38989625
-0.35878856
-0.32549141
-0.36828037
-0.34185536
-0.3134088
-0.37133289
-0.34420328
-0.3151338
-0.37294794
-0.34546537
-0.31608242
-0.35523192
-0.33245424
-0.30705198
-0.35771434
-0.33435055
-0.30846107
-0.35904495
-0.33538648
-0.30924967
-0.38989625
-0.35878856
-0.32549141
-0.38792889
-0.3572275
-0.32431941
-0.38416756
-0.3542837
-0.32215468
-0.37294794
-0.34546537
-0.31608242
-0.37133289
-0.34420328
-0.3151338
-0.36828037
-0.34185536
-0.3134088
-0.35904495
-0.33538648
-0.30924967
-0.35771434
-0.33435055
-0.30846107
-0.35523192
-0.33245424
-0.30705198
-0.28919361
-0.2542432
-0.21920141
-0.28840342
-0.25378455
-0.21904619
-0.28698457
-0.25298213
-0.21878221
-0.28375229
-0.25239522
-0.22079901
-0.28310171
-0.25199862
-0.2206314
-0.28195393
-0.25131454
-0.22034116
-0.27989641
-0.25115601
-0.22207034
-0.2793415
-0.25079805
-0.22188743
-0.27837896
-0.25018601
-0.22156425
-0.37847061
-0.35001509
-0.31916291
-0.37196963
-0.34541759
-0.31631295
-0.36522599
-0.3417654
-0.31441819
-0.36374473
-0.3385397
-0.31110418
-0.35873949
-0.33513702
-0.30907545
-0.3535345
-0.3325911
-0.30789413
-0.35167275
-0.32989329
-0.30525924
-0.3479752
-0.32747092
-0.30386022
-0.34471357
-0.3262018
-0.30346175
-0.28514246
-0.25199261
-0.21848055
-0.28356012
-0.25122544
-0.2182996
-0.28269567
-0.25091031
-0.21835111
-0.28052471
-0.25049923
-0.21999247
-0.2794189
-0.24992028
-0.21973946
-0.27893835
-0.24972777
-0.21967978
-0.27723838
-0.24947481
-0.22115352
-0.2764653
-0.24899967
-0.22080903
-0.27638407
-0.24892204
-0.2206072
-0.45475789
-0.43926728
-0.41838055
-0.45180757
-0.4365817
-0.41600507
-0.44592006
-0.43129457
-0.41139907
-0.42380371
-0.41268835
-0.39685038
-0.42149714
-0.41053457
-0.39489671
-0.4169593
-0.40634901
-0.39114786
-0.39400917
-0.38659474
-0.37747671
-0.39222518
-0.38489616
-0.37586598
-0.38877922
-0.38164461
-0.37281354
0.15089524
0.16024011
0.15787405
0.16068586
0.16608466
0.16068586
0.19162046
0.17173982
0.18108258
0.1778934
0.17469473
0.17173982
0.091154634
2.7206589e-16
0.092998901
2.9546643e-16
0.091154634
0.21778967
0.2121121
0.21804425
0.22870071
0.21804425
2.7965107e-16
0.085895869
2.5928073e-16
0.087356359
0.085895869
0.26614876
0.28179071
0.29246313
0.26614876
0.27553742
0.1247171
0.12024882
2.6322397e-16
2.6990831e-16
2.6159518e-16
0.014957624
0.043211702
0.071231349
0.088945195
0.086607498
0.085935619
0.076225003
0.046741048
0.016260256
2.8972098e-16
2.7535727e-16
2.8775077e-16
0.015084968
0.043668235
0.072254176
0.090616164
0.088140502
0.087415552
0.077620114
0.047463759
0.016485735
2.3966269e-16
2.9973605e-16
3.1283611e-16
2.7934647e-16
2.7373035e-16
2.6615755e-16
0.086249939
0.086898996
0.087300184
0.091632475
0.092447934
0.092930819
0.15660362
0.12833136
0.10055882
0.16255956
0.16656143
0.17016528
0.15211937
0.13079208
0.10550734
0.16163452
0.13164693
0.10254522
0.16808207
0.1723241
0.17619586
0.15678477
0.1342329
0.10783809
0.17361208
0.17629636
0.17770026
0.16228492
0.16464733
0.1659094
0.088945195
0.086607498
0.085935619
0.15660362
0.12833136
0.10055882
0.16255956
0.16656143
0.17016528
0.15211937
0.13079208
0.10550734
0.092930819
0.092447934
0.091632475
0.087300184
0.086898996
0.086249939
0.17770026
0.17629636
0.17361208
0.1659094
0.16464733
0.16228492
0.23016397
0.24847525
0.26119594
0.27116281
0.27794939
0.28133136
0.24187649
0.26196438
0.27620984
0.22837318
0.22598036
0.22134013
0.16731724
0.18426962
0.20540837
0.18707752
0.21703984
0.24848958
0.194511
0.22728945
0.26216525
0.17338577
0.19182179
0.21490391
0.28133136
0.27794939
0.27116281
0.23016397
0.24847525
0.26119594
0.22134013
0.22598036
0.22837318
0.18707752
0.21703984
0.24848958
0.16731724
0.18426962
0.20540837
0.28613446
0.2914
0.29301807
0.29197013
0.28832361
0.28098108
0.26996425
0.27459223
0.27601861
0.18141823
0.18101015
0.17928634
0.18088371
0.17943344
0.17664712
0.1750026
0.17462063
0.17302545
0.1986606
0.23363549
0.27127906
0.19087838
0.22272366
0.25653043
0.22486528
0.2450148
0.25997754
0.19517582
0.2027014
0.20928614
0.19609831
0.20556231
0.21419154
0.16007141
0.16493679
0.16958679
0.15167247
0.15408858
0.15665239
0.15195994
0.15527244
0.1588859
0.1640703
0.18008482
0.20011479
0.15416343
0.16567043
0.1815867
0.23129971
0.25274052
0.26887354
0.21816563
0.21729916
0.2144077
0.16254773
0.16760119
0.17245207
0.16052066
0.1602153
0.15890144
0.16684028
0.18376326
0.20503615
0.21376961
0.18128818
0.14496442
0.20421187
0.1738183
0.1395184
0.12457184
0.12351656
0.12156124
0.096278007
0.1051361
0.1171927
0.094173554
0.10228573
0.11332984
0.074310632
0.072142696
0.071346427
0.045514697
0.044025954
0.043359762
0.015825928
0.015282779
0.015021862
2.8763536e-16
2.6164732e-16
2.5967451e-16
2.979767e-16
2.7808754e-16
2.8085877e-16
2.9062098e-16
2.810283e-16
2.7897614e-16
0.014972944
0.043287717
0.071451818
0.015031811
0.043495586
0.071912182
0.015077836
0.04364598
0.072210592
0.086294643
0.086987979
0.089368248
0.086953291
0.08766773
0.090108267
0.087358532
0.088082405
0.090553858
0.076567746
0.046904314
0.016307856
0.077188234
0.047226699
0.01640884
0.077565677
0.047433653
0.016475763
0.016018772
0.015440062
0.01515742
0.046144404
0.044559285
0.043837433
0.075557591
0.073255481
0.072393412
0.15101502
0.15294354
0.15537056
0.12829389
0.12703429
0.12778766
0.10308118
0.10084065
0.10042622
0.1010661
0.12927846
0.15810242
0.10195066
0.1307329
0.1603034
0.10247106
0.13153574
0.16147337
0.17199686
0.16829356
0.16420417
0.17462647
0.17080971
0.1666182
0.17600621
0.17214049
0.16790399
0.15348677
0.13177127
0.10612865
0.15552768
0.13328028
0.10715999
0.15663274
0.13411634
0.10775397
0.1052204
0.10285947
0.10241637
0.13151612
0.13022601
0.13106368
0.15555727
0.15767386
0.16029981
0.090553858
0.088082405
0.087358532
0.090108267
0.08766773
0.086953291
0.089368248
0.086987979
0.086294643
0.10247106
0.13153574
0.16147337
0.10195066
0.1307329
0.1603034
0.1010661
0.12927846
0.15810242
0.17600621
0.17214049
0.16790399
0.17462647
0.17080971
0.1666182
0.17199686
0.16829356
0.16420417
0.15663274
0.13411634
0.10775397
0.15552768
0.13328028
0.10715999
0.15348677
0.13177127
0.10612865
0.10308118
0.10084065
0.10042622
0.12829389
0.12703429
0.12778766
0.15101502
0.15294354
0.15537056
0.24151978
0.26156074
0.27576918
0.23891211
0.25859934
0.27251484
0.23381907
0.25274046
0.26600744
0.21662252
0.23302815
0.2442264
0.19349585
0.20597141
0.21393386
0.17334507
0.18012002
0.18510962
0.25288146
0.25880476
0.26176531
0.2202779
0.22472952
0.22698234
0.18938275
0.19261499
0.19428275
0.2573907
0.24493778
0.22705561
0.22387066
0.21517067
0.20176859
0.19238728
0.18702241
0.17987687
0.21461192
0.21247315
0.20834235
0.19158473
0.18985984
0.18656635
0.1731911
0.17178564
0.16913415
0.23381907
0.25274046
0.26600744
0.23891211
0.25859934
0.27251484
0.24151978
0.26156074
0.27576918
0.26176531
0.25880476
0.25288146
0.22698234
0.22472952
0.2202779
0.19428275
0.19261499
0.18938275
0.2442264
0.23302815
0.21662252
0.21393386
0.20597141
0.19349585
0.18510962
0.18012002
0.17334507
0.20834235
0.21247315
0.21461192
0.18656635
0.18985984
0.19158473
0.16913415
0.17178564
0.1731911
0.2751611
0.27999369
0.28148373
0.28217256
0.28728435
0.28885766
0.28566268
0.29090978
0.29252303
0.26592255
0.2704337
0.27178914
0.22994196
0.23315574
0.23406564
0.19629774
0.19846894
0.19902694
0.27085153
0.26767101
0.26128367
0.23331183
0.23092439
0.22618627
0.19842443
0.19668662
0.19330447
0.25698095
0.25578761
0.25180659
0.22311271
0.22230122
0.21941871
0.19121291
0.19070089
0.18871062
0.17909074
0.1808109
0.18121846
0.17766525
0.17935833
0.17976099
0.17493502
0.17657143
0.17696264
0.20368513
0.21385406
0.22169056
0.21592562
0.23086587
0.24099473
0.22589082
0.24327164
0.25533267
0.24313865
0.22993616
0.21188855
0.21306839
0.20352123
0.189734
0.18444006
0.17823792
0.17044482
0.19763877
0.19176939
0.18491698
0.17817857
0.17379511
0.16842607
0.16264924
0.15951419
0.15606893
0.18571895
0.19430083
0.20200594
0.16902326
0.17575321
0.18159931
0.15647806
0.16095374
0.16526242
0.16071193
0.16458761
0.16807181
0.15692072
0.16041411
0.16353784
0.15324465
0.15604741
0.15879693
0.22746797
0.23070627
0.23169206
0.24813778
0.25198026
0.25316538
0.26359981
0.2679832
0.26933633
0.25077415
0.23659802
0.21747859
0.21850443
0.20837887
0.1939165
0.18812198
0.18163066
0.17355921
0.20539638
0.20466742
0.20213868
0.18408901
0.18357001
0.18162758
0.16713415
0.16676401
0.165257
0.17083335
0.17238125
0.17275295
0.16608986
0.16754136
0.16789005
0.16114303
0.16250626
0.16282932
0.14113212
0.17608856
0.20714313
0.14351743
0.17934616
0.21131078
0.14478825
0.18105379
0.21347292
0.13618957
0.17037055
0.20088101
0.12206677
0.15242129
0.17970382
0.11166111
0.13885341
0.16278096
0.19240191
0.16380863
0.13145861
0.17300687
0.14739646
0.11853085
0.15753953
0.13501731
0.10901333
0.11445468
0.11614489
0.11706609
0.10308583
0.10433766
0.10503881
0.094736276
0.095663624
0.096202697
0.015862687
0.015308268
0.01503937
0.045647606
0.044128245
0.043441476
0.074604369
0.072394637
0.071572964
0.015949824
0.015379933
0.01510209
0.045930147
0.044368917
0.043659256
0.075161726
0.07289338
0.072045106
0.016009666
0.015432055
0.015149929
0.046117032
0.044534836
0.0438143
0.075507253
0.073209349
0.072348679
0.103637
0.10136154
0.10093236
0.1292019
0.12794134
0.12871924
0.1523322
0.15433645
0.15683116
0.10458816
0.10225929
0.10182045
0.13061765
0.12934126
0.13015818
0.15432767
0.15640796
0.15899026
0.10514098
0.10278435
0.10234139
0.13140608
0.13011804
0.13095295
0.15540614
0.15751992
0.16014023
0.10514098
0.10278435
0.10234139
0.13140608
0.13011804
0.13095295
0.15540614
0.15751992
0.16014023
0.10458816
0.10225929
0.10182045
0.13061765
0.12934126
0.13015818
0.15432767
0.15640796
0.15899026
0.103637
0.10136154
0.10093236
0.1292019
0.12794134
0.12871924
0.1523322
0.15433645
0.15683116
0.2198849
0.2367986
0.24845468
0.22441166
0.24196214
0.25414879
0.22674025
0.24458294
0.25700668
0.19603981
0.20883187
0.21707229
0.19963998
0.21283301
0.2213824
0.20151221
0.21488949
0.22357345
0.17533793
0.18223372
0.18737
0.1781762
0.18523744
0.19052833
0.17967362
0.18680741
0.19216542
0.22674025
0.24458294
0.25700668
0.22441166
0.24196214
0.25414879
0.2198849
0.2367986
0.24845468
0.20151221
0.21488949
0.22357345
0.19963998
0.21283301
0.2213824
0.19603981
0.20883187
0.21707229
0.17967362
0.18680741
0.19216542
0.1781762
0.18523744
0.19052833
0.17533793
0.18223372
0.18737
0.26551296
0.27000874
0.27136014
0.26246314
0.26684682
0.2681643
0.25635366
0.26050486
0.26175194
0.22962933
0.23283347
0.233741
0.22732185
0.23045604
0.23134288
0.22275522
0.22574354
0.22658753
0.19606729
0.19823304
0.19879015
0.1943689
0.19649641
0.19704411
0.19107369
0.19312106
0.19364889
0.21287484
0.22848485
0.2391391
0.20394952
0.21745252
0.2264525
0.19286753
0.20211345
0.20912934
0.19055924
0.20250388
0.21013544
0.18378565
0.19433093
0.20090522
0.17499069
0.18235586
0.18760686
0.1711901
0.1777321
0.18257104
0.16628273
0.17222272
0.17651342
0.16071074
0.16523466
0.1689424
0.24629906
0.25007759
0.25121098
0.23267566
0.23600822
0.23700369
0.21419403
0.217024
0.21785662
0.21535159
0.21810808
0.21888426
0.2055459
0.20803894
0.20873798
0.1914861
0.19365969
0.19425638
0.18602961
0.18795381
0.18845083
0.17968897
0.18148108
0.18194382
0.17178744
0.17344133
0.17386408
0.13603531
0.17016384
0.20061713
0.13492237
0.16865544
0.19869138
0.13285012
0.16579503
0.19499602
0.12194718
0.15225873
0.17949114
0.12109304
0.15108111
0.17794752
0.11953861
0.14888548
0.17502285
0.11156764
0.13872544
0.1626106
0.11090554
0.13780381
0.1613809
0.10973732
0.13612365
0.15908745
0.14945863
0.15834916
0.15633221
-0.090262432
6.4679809e-17
0.090262432
0.18998382
-0.088288133
1.3785883e-16
1.1950258e-16
0.08837315
0.088288133
-0.090084957
-0.09191693
1.2916978e-16
1.1053613e-16
0.090084957
0.21539192
0.21027127
0.11222493
1.0735856e-16
-0.11222493
-0.086357502
-0.084893292
1.3546719e-16
1.2657589e-16
0.084893292
-0.11461186
1.0421333e-16
1.014807e-16
0.11461186
0.11597792
1.4722685e-16
0.11908157
-0.089552783
-0.08711644
-0.086414452
-0.086301473
-0.085900736
-0.085250107
-0.087893809
-0.085590894
-0.084934914
-0.090560057
-0.091370178
-0.091849406
1.3228174e-16
1.2144732e-16
1.1980953e-16
1.2004559e-16
1.2131229e-16
1.3574761e-16
1.16604e-16
1.155736e-16
1.3289723e-16
1.1287366e-16
8.7105679e-17
9.1991638e-17
-0.076701471
-0.04688939
-0.016283932
-0.071413712
-0.043147465
-0.014902674
-0.070380474
-0.042678249
-0.014769769
-0.075310643
-0.046163604
-0.016056302
-0.086438461
-0.084739424
-0.084646587
-0.089472391
-0.088410032
-0.088196537
-0.089733496
-0.089261146
-0.089668962
1.2754145e-16
1.3481821e-16
1.3822329e-16
8.5531424e-17
1.3281295e-16
1.2165922e-16
8.5845851e-17
1.0558245e-16
1.1887837e-16
-0.073786166
-0.045208168
-0.015720639
-0.075847461
-0.046779276
-0.016320063
0.087893809
0.085590894
0.084934914
0.086438461
0.084739424
0.084646587
0.089472391
0.088410032
0.088196537
0.089733496
0.089261146
0.089668962
0.016056302
0.046163604
0.075310643
0.014769769
0.042678249
0.070380474
0.015720639
0.045208168
0.073786166
0.016320063
0.046779276
0.075847461
-0.11199343
-0.11253938
-0.11386269
-0.095629906
-0.058470928
-0.020313987
7.5940905e-17
6.0225725e-17
1.1705605e-16
-0.020240776
-0.058045393
-0.094196316
-0.092064315
-0.097803802
-0.10652499
-0.090931252
-0.098225943
-0.10828945
8.6514485e-17
1.0997091e-16
1.0809006e-16
8.7795204e-17
8.2411904e-17
1.0045471e-16
0.020313987
0.058470928
0.095629906
0.11199343
0.11253938
0.11386269
0.094196316
0.058045393
0.020240776
0.090931252
0.098225943
0.10828945
0.092064315
0.097803802
0.10652499
7.9452782e-17
1.0040757e-16
1.1107759e-16
0.02039887
0.058829166
0.096549106
0.11530526
0.11619096
0.11629388
1.4149239e-16
1.0308962e-16
1.126571e-16
0.015627588
0.045020067
0.073707292
0.088584936
0.088664497
0.088443379
1.3527115e-16
1.1608904e-16
1.0217603e-16
0.091145528
0.098820992
0.10937932
0.19621657
0.16621894
0.13308542
0.19354328
0.20102674
0.20751704
0.18135535
0.1583609
0.12928398
0.14793015
0.12697354
0.10226924
0.15024146
0.15264431
0.15515387
0.14433866
0.12684373
0.10395195
0.16251333
0.17845382
0.19836022
0.15271841
0.16417758
0.18000844
0.20065069
0.16934768
0.13498059
0.21586872
0.21519722
0.2124856
0.14949288
0.12784651
0.10256584
0.15869135
0.15850799
0.15730806
0.16492683
0.18172914
0.20279254
8.3017802e-17
8.3817593e-17
1.3210703e-16
0.11284866
0.11495525
0.11766736
0.021126514
0.060799201
0.099396634
9.4008362e-17
9.647124e-17
1.2061911e-16
0.093085637
0.10117007
0.11218353
-0.088314211
-0.085970199
-0.085295266
-0.089049007
-0.086646709
-0.085953698
-0.089491029
-0.08705877
-0.086357687
-0.074656086
-0.0723879
-0.071548768
-0.045581093
-0.044017781
-0.043312278
-0.01582096
-0.015249965
-0.014973361
-0.071369996
-0.071070231
-0.070605336
-0.043124903
-0.042972062
-0.042758588
-0.014895393
-0.014848211
-0.014786891
-0.070495331
-0.071275307
-0.073413126
-0.042824719
-0.043479065
-0.044948264
-0.014833268
-0.015089772
-0.015625969
-0.075652795
-0.076271492
-0.076647296
-0.046327992
-0.046651841
-0.046859243
-0.016104561
-0.016206534
-0.016273904
1.4044916e-16
1.1942993e-16
1.1220037e-16
1.2314263e-16
1.3591826e-16
1.2610214e-16
1.3370387e-16
1.1457496e-16
1.4382352e-16
-0.088222579
-0.086753923
-0.086390071
-0.087324337
-0.085286002
-0.084750061
-0.087539131
-0.085312035
-0.084674538
-0.070252426
-0.070551782
-0.072175665
-0.042672814
-0.043025135
-0.044172008
-0.014779961
-0.014930139
-0.015352947
-0.073772324
-0.074117464
-0.075136697
-0.045260231
-0.045600825
-0.046319527
-0.015749012
-0.015889178
-0.016154733
-0.075357833
-0.074839896
-0.07502239
-0.046458935
-0.046053965
-0.046043833
-0.016203623
-0.016048376
-0.016024289
1.0821298e-16
1.1609175e-16
1.2628491e-16
1.2341185e-16
1.2898876e-16
1.2280236e-16
1.0263388e-16
1.4146278e-16
1.2357108e-16
0.015625969
0.015089772
0.014833268
0.044948264
0.043479065
0.042824719
0.073413126
0.071275307
0.070495331
0.014779961
0.014930139
0.015352947
0.042672814
0.043025135
0.044172008
0.070252426
0.070551782
0.072175665
0.015749012
0.015889178
0.016154733
0.045260231
0.045600825
0.046319527
0.073772324
0.074117464
0.075136697
0.016203623
0.016048376
0.016024289
0.046458935
0.046053965
0.046043833
0.075357833
0.074839896
0.07502239
0.087539131
0.085312035
0.084674538
0.087324337
0.085286002
0.084750061
0.088222579
0.086753923
0.086390071
-0.020179939
-0.020157798
-0.020243808
-0.057880748
-0.057886716
-0.058226583
-0.093971192
-0.094226219
-0.095092899
-0.10629362
-0.10664079
-0.10768098
-0.097545896
-0.097400344
-0.097863592
-0.091596423
-0.090797488
-0.090780169
-0.090366909
-0.055270357
-0.01920555
-0.082046052
-0.050244308
-0.017469395
-0.076017355
-0.046591535
-0.016204982
1.0124976e-16
8.0788738e-17
8.0418223e-17
7.9031808e-17
1.0651378e-16
8.8997596e-17
1.206736e-16
1.1831596e-16
1.056598e-16
-0.01922269
-0.055117963
-0.08942155
-0.017683074
-0.050683369
-0.082156814
-0.01665631
-0.047737746
-0.077364847
0.093971192
0.094226219
0.095092899
0.057880748
0.057886716
0.058226583
0.020179939
0.020157798
0.020243808
0.01920555
0.055270357
0.090366909
0.017469395
0.050244308
0.082046052
0.016204982
0.046591535
0.076017355
0.10768098
0.10664079
0.10629362
0.097863592
0.097400344
0.097545896
0.090780169
0.090797488
0.091596423
0.08942155
0.055117963
0.01922269
0.082156814
0.050683369
0.017683074
0.077364847
0.047737746
0.01665631
0.096129074
0.096780335
0.0968223
0.058709346
0.059023137
0.059006913
0.020383821
0.020476669
0.020462498
1.0431391e-16
1.0642634e-16
1.2988656e-16
9.2669492e-17
9.4815679e-17
1.1688851e-16
1.1494607e-16
9.9641216e-17
1.1658086e-16
0.019253574
0.055514343
0.09107364
0.017448774
0.050277361
0.082367556
0.016131638
0.046462697
0.076042724
0.10966889
0.10960473
0.10886754
0.09907042
0.099076936
0.098595357
0.091367836
0.091429875
0.091143298
0.015709449
0.015702995
0.015668386
0.045203513
0.045218611
0.045135145
0.073857806
0.073980844
0.073887618
0.18268821
0.18841882
0.19379275
0.15840891
0.16103693
0.16456581
0.12910389
0.13014054
0.13204352
0.12570965
0.15699302
0.18518121
0.11391397
0.14192119
0.16709876
0.10533398
0.13068766
0.15278717
0.19594771
0.19016075
0.18334317
0.17659977
0.17228326
0.16693813
0.16113734
0.15805891
0.15462967
0.17199163
0.1502929
0.12269518
0.15723672
0.13763338
0.11256802
0.1469877
0.12921515
0.10594035
0.10305165
0.10204227
0.10204304
0.1259981
0.12562307
0.12645195
0.14395706
0.1451543
0.14699852
0.19814764
0.20053279
0.20110289
0.16763174
0.16938687
0.16975312
0.13398987
0.1351501
0.13533051
0.12725715
0.15962555
0.18898302
0.1148471
0.14369392
0.16985307
0.10579349
0.13177717
0.15468444
0.20323997
0.20268177
0.20031211
0.18212552
0.18174689
0.17993652
0.16528333
0.16503759
0.16364725
0.10251841
0.10286203
0.10280472
0.12748431
0.12812058
0.12813332
0.1487289
0.14970794
0.14982055
0.098297926
0.096256729
0.094692757
0.060204966
0.059138914
0.058326455
0.020934025
0.020594483
0.020335555
8.455277e-17
7.4329024e-17
1.0381347e-16
8.0461473e-17
1.2369416e-16
9.604962e-17
1.0712168e-16
1.1428696e-16
9.794762e-17
0.10704341
0.10874658
0.11099383
0.098117488
0.098985529
0.10035554
0.091998806
0.091904104
0.092579338
0.093648522
0.057301116
0.019914978
0.084533306
0.051791318
0.018011195
0.077847029
0.047735881
0.016606929
-0.074606005
-0.072341915
-0.071504011
-0.074262035
-0.072026693
-0.071199871
-0.07370638
-0.07152799
-0.070724919
-0.04555368
-0.043993223
-0.043288917
-0.045366319
-0.043826333
-0.043131995
-0.045082316
-0.043583203
-0.042909824
-0.0158118
-0.015241881
-0.01496575
-0.015751505
-0.015189139
-0.014916962
-0.015663393
-0.015116163
-0.014852234
-0.07317267
-0.071108876
-0.070351636
-0.073157651
-0.07127807
-0.070629832
-0.074029651
-0.072671947
-0.072194369
-0.04485924
-0.043441788
-0.042807596
-0.044974626
-0.043690021
-0.043140979
-0.045605465
-0.044669705
-0.044245407
-0.015604354
-0.015087443
-0.014838885
-0.015665548
-0.015197589
-0.01498158
-0.015899741
-0.015558243
-0.015388401
0.015604354
0.015087443
0.014838885
0.015665548
0.015197589
0.01498158
0.015899741
0.015558243
0.015388401
0.04485924
0.043441788
0.042807596
0.044974626
0.043690021
0.043140979
0.045605465
0.044669705
0.044245407
0.07317267
0.071108876
0.070351636
0.073157651
0.07127807
0.070629832
0.074029651
0.072671947
0.072194369
-0.08919637
-0.089297885
-0.089941526
-0.054954469
-0.054875132
-0.055089608
-0.019162336
-0.019112213
-0.019156561
-0.08191384
-0.081628467
-0.081817033
-0.050512133
-0.05021618
-0.050174684
-0.017620463
-0.017498034
-0.017457401
-0.076941131
-0.076140662
-0.075955109
-0.047455601
-0.04686384
-0.046616292
-0.016554798
-0.016332852
-0.016224212
0.019162336
0.019112213
0.019156561
0.054954469
0.054875132
0.055089608
0.08919637
0.089297885
0.089941526
0.017620463
0.017498034
0.017457401
0.050512133
0.05021618
0.050174684
0.08191384
0.081628467
0.081817033
0.016554798
0.016332852
0.016224212
0.047455601
0.04686384
0.046616292
0.076941131
0.076140662
0.075955109
0.019258094
0.019329168
0.01931128
0.055456953
0.055705005
0.055675907
0.090774654
0.091308775
0.091322985
0.017490552
0.017523522
0.017497726
0.050336635
0.050470005
0.050414867
0.082288254
0.082619378
0.082581215
0.016202946
0.01620703
0.01617467
0.046614007
0.04666029
0.046583965
0.076135245
0.076311972
0.07623223
0.12250476
0.12328809
0.12484093
0.15031393
0.15255104
0.15557935
0.17319692
0.17833191
0.18306613
0.11233878
0.11250488
0.1133494
0.13757945
0.13890391
0.14092425
0.15820056
0.16204631
0.16550353
0.10543989
0.10478571
0.10502881
0.128815
0.12891834
0.1300578
0.14731938
0.14936895
0.15166695
0.12647278
0.1274502
0.12757891
0.15821124
0.15971512
0.16000229
0.18686882
0.18894018
0.1894063
0.11442447
0.11508907
0.11512615
0.14279259
0.14387107
0.14402454
0.16836639
0.16992661
0.17022844
0.10565189
0.1060776
0.10604327
0.13128657
0.1320299
0.13207573
0.15371284
0.15485679
0.15502334
0.019759343
0.019494607
0.019299648
0.056815322
0.055970039
0.055347028
0.092733047
0.091069467
0.089830171
0.017915937
0.017789755
0.01772675
0.051483945
0.051049054
0.050815026
0.083923009
0.082967308
0.082399112
0.016560291
0.016539755
0.016630999
0.047572932
0.047452689
0.047671945
0.077484714
0.077081664
0.077285662
