MFEM mesh v1.0

#
# MFEM Geometry Types (see mesh/geom.hpp):
#
# POINT       = 0
# SEGMENT     = 1
# TRIANGLE    = 2
# SQUARE      = 3
# TETRAHEDRON = 4
# CUBE        = 5
#

dimension
3

elements
9
1 5 19 7 8 20 21 10 11 22
1 5 6 3 10 21 1 0 4 13
1 5 21 10 11 22 13 4 5 14
1 5 7 23 24 8 10 26 27 11
1 5 8 24 25 9 11 27 28 12
1 5 3 15 26 10 0 2 16 4
1 5 10 26 27 11 4 16 17 5
1 5 1 18 2 0 13 29 16 4
1 5 13 29 16 4 14 30 17 5

boundary
28
1 3 6 3 0 1
1 3 3 15 2 0
1 3 0 2 18 1
55 3 20 8 7 19
55 3 19 7 10 21
55 3 21 10 3 6
55 3 20 19 21 22
55 3 8 20 22 11
55 3 9 8 11 12
55 3 21 6 1 13
55 3 22 21 13 14
55 3 11 22 14 5
55 3 8 24 23 7
55 3 9 25 24 8
55 3 7 23 26 10
55 3 10 26 15 3
55 3 23 24 27 26
55 3 24 25 28 27
55 3 25 9 12 28
55 3 11 27 28 12
55 3 15 26 16 2
55 3 26 27 17 16
55 3 27 11 5 17
55 3 1 18 29 13
55 3 18 2 16 29
55 3 13 29 30 14
55 3 29 16 17 30
55 3 14 30 17 5

vertices
31

nodes
FiniteElementSpace
FiniteElementCollection: H1_3D_P4
VDim: 3
Ordering: 0

0.57680281
0.30998466
0.59718411
0.67220951
0.19396305
0.042399647
0.37298049
0.27115431
0.091822129
-0.0043627827
0.24847343
0.07733117
-0.012592879
0.063118382
-0.048044756
0.80820096
0.18331332
0.056891641
0.35742227
0.10812103
-0.022316481
0.092726462
-0.031599783
0.29620417
0.13450498
0.034794825
0.26996421
0.11755195
0.024510883
0.042616678
-0.049994851
0.25072743
0.20213432
0.14288406
0.22972083
0.16529326
0.11452174
0.076523564
0.04196899
0.0012276166
0.078410155
0.031547844
-0.0056921061
0.22875039
0.18193156
0.12556927
0.20863931
0.14702189
0.098784834
0.06261028
0.029400173
-0.0093162761
0.06414011
0.019322474
-0.015961013
0.1076396
0.10410054
0.097385245
0.2704517
0.26531138
0.25543471
0.091378856
0.088122514
0.081811546
-0.022608139
-0.024748767
-0.028803783
0.6278812
0.53501952
0.4314642
0.56347554
0.4066831
0.29476763
0.30489766
0.20239339
0.1255841
0.53530853
0.45101024
0.36016927
0.48033016
0.33796809
0.23582439
0.17761954
0.13927435
0.091317482
0.26013144
0.16636104
0.093938521
0.32278198
0.34512795
0.36435579
0.59676332
0.63090058
0.65955636
0.20371461
0.22282701
0.24051992
0.067220282
0.076900736
0.087551163
0.15817717
0.10344519
0.061094114
0.031277675
0.0045540258
-0.028598938
0.036947138
-0.0033954647
-0.034453961
0.048423451
0.060716852
0.072176107
-0.046207631
-0.040917181
-0.034698153
0.28745865
0.30551306
0.30484845
0.25793182
0.20053322
0.15525996
0.10488499
0.12313709
0.13271242
0.26402452
0.28070425
0.27870447
0.23393439
0.17974257
0.1370856
0.089865617
0.10716795
0.11592315
0.29543704
0.28976694
0.27838473
0.13402339
0.13044035
0.12309187
0.11523121
0.081604001
0.050498752
0.006182438
0.021580443
0.031392017
0.071365765
0.037582576
0.0090008422
0.099441704
0.067961382
0.03903704
-0.0025344991
0.012130686
0.021326418
0.058064364
0.026408175
-0.0002038044
0.0345054
0.032363553
0.0279164
-0.0046114999
-0.0064364212
-0.010016227
0.70801595
0.76917225
0.80964612
0.62225357
0.42374963
0.3132938
0.5956796
0.62291904
0.62215427
0.46564011
0.31081708
0.21924159
0.19864298
0.20054484
0.19234645
0.64042801
0.71574907
0.77979086
0.20296434
0.23497843
0.25971675
0.15375604
0.1088079
0.073222545
0.046695082
0.053101738
0.056509421
0.071128515
0.093776266
0.1106782
0.32270389
0.34438715
0.35846631
0.56883747
0.49871635
0.4101988
0.060009789
0.054802709
0.047862098
0.16238301
0.11873568
0.070313343
0.25642348
0.13888271
0.069288107
-0.049187063
-0.049803622
-0.049817461
0.04125899
0.0080681266
-0.028992408
0.020651021
-0.012490668
-0.03833889
0.019303551
0.062382318
0.098631749
0.059746266
0.10802369
0.1480801
0.110615
0.16553431
0.21065284
0.14234235
0.20151026
0.25004576
0.13838298
0.19692937
0.24505674
0.13082534
0.18813502
0.23547901
0.22906895
0.16472969
0.11403879
0.22429151
0.16059672
0.11049206
0.21511068
0.1526391
0.10363815
0.076094149
0.041581156
0.00089594757
0.072953399
0.038735923
-0.0015194688
0.066883527
0.033258468
-0.0061296398
-0.0060148805
0.031164088
0.077962132
-0.0083817824
0.028348933
0.074678812
-0.012867263
0.02301101
0.068448605
0.094562088
0.14677794
0.19025535
0.045962837
0.091840367
0.13041917
0.0076770381
0.048609941
0.083479785
0.16125337
0.22251661
0.27343172
0.24482672
0.31824312
0.38018157
0.35683358
0.44787932
0.52752875
0.42174123
0.52366827
0.61549699
0.40002382
0.49820397
0.58759702
0.37469603
0.46827742
0.55454333
0.55151037
0.39665756
0.28616928
0.52453036
0.37434146
0.26704061
0.49515529
0.35032133
0.24631962
0.22093311
0.1748993
0.11963203
0.20396794
0.15955665
0.10730141
0.18537454
0.14468755
0.096034064
0.11997132
0.19595894
0.29713792
0.10854449
0.18269753
0.28076017
0.098041845
0.17088933
0.26482491
0.30541006
0.38539547
0.45271078
0.2030516
0.26609876
0.31683937
0.12459277
0.17678284
0.21847761
0.20124006
0.14059399
0.093214724
0.18481186
0.12634189
0.080856399
0.16709116
0.1110461
0.067610113
0.057586538
0.025017018
-0.012922184
0.046848718
0.015633093
-0.020211932
0.035360795
0.0070352252
-0.026473178
-0.019398871
0.015213044
0.059323197
-0.026322205
0.0068673729
0.049490838
-0.032307102
-0.00055404261
0.040548503
0.063110974
0.10756265
0.14315602
0.019621625
0.058763205
0.090198377
-0.01389901
0.021107485
0.049305004
0.12794175
0.14612206
0.15456283
0.17947924
0.19733412
0.20266374
0.24506596
0.26281767
0.26419697
0.28673409
0.30475976
0.30407767
0.28143814
0.29922553
0.29836387
0.27123605
0.28844114
0.28703529
0.25723132
0.19993126
0.15474
0.25205376
0.19547217
0.15087655
0.24164079
0.18645182
0.14299538
0.13223267
0.12266285
0.10442913
0.12864642
0.1191615
0.10107637
0.12137866
0.11222303
0.094542773
0.22334949
0.23987764
0.24021407
0.16065097
0.17748099
0.18195994
0.11167315
0.12889813
0.13651071
0.020084714
0.036435492
0.046948333
0.049552319
0.067151402
0.078169461
0.084074577
0.10225353
0.1126471
0.11478661
0.081223519
0.050180895
0.11146755
0.078381414
0.047800001
0.10462787
0.072478619
0.04284876
0.031108244
0.021304364
0.0059215267
0.028996434
0.019272481
0.0040083327
0.0246499
0.015175517
0.00022282989
0.0087245045
0.037245172
0.070961025
0.0066854864
0.034759708
0.067981889
0.0026837038
0.029896705
0.062190392
0.070241909
0.087481127
0.097050408
0.037850541
0.054543548
0.064763054
0.010372757
0.025911234
0.035722565
0.31163053
0.32895168
0.32467502
0.42782151
0.44982781
0.44196174
0.59389566
0.6340379
0.64067338
0.69306443
0.74974496
0.78477495
0.65927659
0.70582491
0.728404
0.6191257
0.65352974
0.66126959
0.60157662
0.40994834
0.3020322
0.55409259
0.37696532
0.27505809
0.49693738
0.33545652
0.24023568
0.26873852
0.27144772
0.25576707
0.24441958
0.24987592
0.23708456
0.21240494
0.22025973
0.21470717
0.49077055
0.50271489
0.49001673
0.34397165
0.34543163
0.32904672
0.24064432
0.24188467
0.23090794
0.22451143
0.17150763
0.12978237
0.20175212
0.1515251
0.11192264
0.17203688
0.12518035
0.088125377
0.10928558
0.10104572
0.084498442
0.092816175
0.086560166
0.072176386
0.070674113
0.066530052
0.057418213
0.16272204
0.16561787
0.16027992
0.10790778
0.11255383
0.11169738
0.065467211
0.071423334
0.07369982
0.55385926
0.58220527
0.58756728
0.46799784
0.49568327
0.50805375
0.37458348
0.3988824
0.41335705
0.26067552
0.2664275
0.26474534
0.16325061
0.15826855
0.14838891
0.090284306
0.084505028
0.075978839
0.29920075
0.37215988
0.43513986
0.17280037
0.23170588
0.28483233
0.098723059
0.15017258
0.19664673
0.088258551
0.083348056
0.076097479
0.13647272
0.1332281
0.12573492
0.17803196
0.17859894
0.1705889
0.03408105
0.029806868
0.024510217
-0.005502877
-0.0080389959
-0.010616168
-0.035891766
-0.037043884
-0.037731278
0.046881003
0.092790076
0.13402574
0.011436993
0.053410856
0.090985479
-0.016379264
0.02228808
0.056892329
-0.029581529
-0.029547656
-0.029008057
0.0039562111
0.0059482682
0.0078026624
0.032780347
0.037980166
0.040796051
0.11011026
0.16495281
0.21001797
0.059312879
0.10752269
0.14753152
0.018937514
0.061956428
0.098162514
0.10643664
0.16069777
0.20538666
0.056156742
0.10385201
0.14352585
0.016274096
0.058835503
0.094734699
0.099422637
0.15252595
0.19648989
0.050133334
0.096800957
0.13582179
0.011190763
0.052833187
0.08812372
0.34800986
0.4375372
0.51598247
0.23745947
0.30954094
0.37045716
0.15481643
0.21489918
0.26497313
0.32931177
0.41502298
0.49089947
0.22212976
0.29057369
0.3493037
0.1415914
0.19845444
0.24675856
0.31096122
0.39203739
0.46305515
0.20835117
0.27238129
0.32630711
0.12935009
0.18230093
0.22660627
0.089031179
0.14021961
0.18295961
0.041229447
0.08619475
0.12409223
0.0036934525
0.043806763
0.078025988
0.077649116
0.12602717
0.167257
0.031545071
0.074028019
0.11053139
-0.0043855608
0.033511975
0.066375076
0.067242729
0.11228862
0.15003909
0.022881348
0.062489408
0.095820235
-0.011426435
0.023966727
0.053856118
0.24439699
0.26212216
0.26349251
0.17890132
0.19673545
0.20206092
0.12744621
0.14560774
0.15404356
0.23949466
0.25700934
0.25826511
0.17466192
0.19232929
0.19757483
0.12380127
0.14181245
0.15016588
0.23004431
0.24703639
0.24787219
0.16646867
0.18369867
0.18860519
0.11672368
0.13432707
0.14234857
0.083658043
0.10181871
0.11220567
0.049203191
0.066784351
0.077794078
0.019797598
0.036131851
0.046636531
0.080582966
0.098596799
0.10889311
0.046623654
0.064062187
0.074974979
0.017667631
0.033871807
0.044286018
0.074568774
0.092181999
0.10214595
0.041539692
0.058592673
0.069181945
0.01345467
0.029313727
0.03944383
0.58092347
0.61798178
0.62162369
0.41724239
0.43764218
0.42860006
0.30273415
0.31889502
0.3137984
0.55128391
0.58136345
0.57709569
0.39339196
0.40940734
0.39627745
0.28252733
0.29549412
0.28733397
0.51608336
0.53357222
0.52206584
0.36470904
0.37089925
0.35459129
0.25830569
0.26332895
0.25251447
0.21570992
0.23130689
0.23102274
0.15401137
0.17001846
0.17395721
0.10589634
0.12234895
0.12943782
0.19837335
0.2113364
0.20858754
0.13891134
0.15257264
0.15433245
0.09268616
0.10693137
0.11197692
0.17768323
0.18391725
0.17891614
0.1209312
0.12859415
0.12822792
0.076919313
0.085669699
0.088601993
0.30620366
0.31275167
0.30980178
0.38635756
0.39435127
0.38800649
0.45715961
0.46793764
0.4567711
0.1998785
0.19489603
0.18377455
0.26289378
0.258991
0.24571151
0.31734798
0.31726466
0.30164906
0.12091763
0.11533337
0.10620771
0.17325088
0.16918259
0.15932633
0.21840261
0.21822426
0.20740659
0.060317481
0.056449936
0.051074853
0.10506862
0.10298993
0.097798436
0.14366586
0.14528516
0.13990854
0.017640703
0.01565894
0.013353244
0.057144161
0.057091618
0.055576459
0.091198862
0.094636089
0.093491918
-0.015184256
-0.015702807
-0.015905661
0.020207556
0.021660284
0.022641537
0.050671706
0.055428201
0.057199782
-0.57735027
-0.67227043
-0.31000795
-0.67227043
-0.37093401
-0.2509096
-0.84957113
-0.43932695
-0.29750051
-0.2085147
-0.41857316
-0.28352483
-0.19996325
-0.43775954
-0.29343711
-0.37298049
-0.21845228
-0.14600588
-0.37298049
-0.59697122
-0.39908046
-0.55892108
-0.37426538
-0.23304203
-0.15834293
-0.11026941
-0.22511841
-0.15245548
-0.1070958
-0.24029479
-0.15907894
-0.47193998
-0.52827048
-0.57583119
-0.40914976
-0.35941462
-0.31726928
-0.31861206
-0.35490835
-0.38548755
-0.55568354
-0.48641666
-0.42705865
-0.44872591
-0.49972072
-0.54098167
-0.38988744
-0.34247906
-0.30230706
-0.30292498
-0.33570563
-0.36250442
-0.52036894
-0.45563101
-0.40026483
-0.59582899
-0.58744569
-0.57091939
-0.43868007
-0.43395344
-0.42490777
-0.29706934
-0.2939119
-0.2878203
-0.39834785
-0.39294505
-0.38217166
-0.70822101
-0.77112957
-0.82527783
-0.61215467
-0.52164231
-0.45032057
-0.79232189
-0.6903003
-0.60084245
-0.59712124
-0.63106638
-0.65963981
-0.53151106
-0.45857524
-0.39844885
-0.38313373
-0.40634548
-0.42796573
-0.62284484
-0.54105344
-0.47060224
-0.70822101
-0.77112957
-0.82527783
-0.59712124
-0.63106638
-0.65963981
-0.37898351
-0.39555948
-0.41135334
-0.46554712
-0.51019678
-0.54447267
-0.34569468
-0.30351735
-0.26762724
-0.25787203
-0.27253872
-0.2867688
-0.4074965
-0.35677357
-0.3135868
-0.25633817
-0.26776484
-0.27858944
-0.31196648
-0.34179786
-0.36468183
-0.40513992
-0.3375144
-0.26866474
-0.21857035
-0.19243355
-0.16935223
-0.27526669
-0.23067476
-0.18380226
-0.38659168
-0.32302303
-0.25858824
-0.21069335
-0.18524019
-0.16294692
-0.26287586
-0.2210081
-0.17669845
-0.23279266
-0.23093637
-0.22746703
-0.15815483
-0.15677123
-0.15419117
-0.14823215
-0.13122753
-0.11686588
-0.19350847
-0.16223885
-0.12861952
-0.27921287
-0.24814063
-0.22121532
-0.14284085
-0.12677434
-0.11327263
-0.18598414
-0.15656967
-0.12466186
-0.26620095
-0.23693288
-0.21176633
-0.11016456
-0.10940125
-0.10800945
-0.20825305
-0.20633937
-0.2026164
-0.6278812
-0.53501952
-0.4314642
-0.32811467
-0.27430146
-0.23981836
-0.53562341
-0.45112133
-0.36020918
-0.29890385
-0.26566553
-0.23433475
-0.3498866
-0.30268408
-0.24857135
-0.32278198
-0.34512795
-0.36435579
-0.21735311
-0.21855505
-0.22267877
-0.20340937
-0.17773486
-0.15600026
-0.23796105
-0.20626259
-0.16801524
-0.14573186
-0.1473614
-0.15062118
-0.6278812
-0.53501952
-0.4314642
-0.32278198
-0.34512795
-0.36435579
-0.40741123
-0.34465139
-0.27733837
-0.22094687
-0.22787722
-0.23612578
-0.34637705
-0.29990861
-0.2593017
-0.27316517
-0.23079692
-0.18465916
-0.14709415
-0.15103618
-0.15627259
-0.22291293
-0.19418832
-0.17016556
-0.41228944
-0.37914523
-0.33996942
-0.46926237
-0.43082741
-0.38554989
-0.53595535
-0.49166018
-0.43936521
-0.57478791
-0.52739756
-0.4712203
-0.56709252
-0.52100259
-0.46596073
-0.55197867
-0.50858574
-0.45585661
-0.40854938
-0.35888824
-0.3168063
-0.40416414
-0.35504016
-0.3134179
-0.39576716
-0.34765752
-0.30689572
-0.3181335
-0.35433116
-0.38481089
-0.31461703
-0.35008411
-0.37979564
-0.30779319
-0.34173707
-0.36983074
-0.42626508
-0.48549941
-0.55462632
-0.4204155
-0.47875133
-0.54686013
-0.40878197
-0.46538258
-0.53152327
-0.50357152
-0.46507324
-0.41778488
-0.44093268
-0.40743143
-0.36654287
-0.38753081
-0.35854478
-0.32317684
-0.58177715
-0.53772613
-0.48297896
-0.66918627
-0.62025547
-0.55872639
-0.76927585
-0.7167288
-0.65182775
-0.80266349
-0.7521652
-0.69333656
-0.7521652
-0.70963766
-0.65977922
-0.69333656
-0.65977922
-0.62011882
-0.60038683
-0.51216621
-0.44244343
-0.57404304
-0.49126584
-0.42521295
-0.5455763
-0.46933228
-0.40711947
-0.4406535
-0.48911689
-0.52789816
-0.42229191
-0.46450242
-0.49638672
-0.40031948
-0.43017511
-0.45465174
-0.58527166
-0.67215173
-0.77059661
-0.54842036
-0.62963216
-0.72100241
-0.50047247
-0.5749901
-0.65995632
-0.61053435
-0.58192784
-0.55020992
-0.52962832
-0.50359039
-0.47486459
-0.4602205
-0.43702606
-0.41193555
-0.38317302
-0.3365572
-0.29704544
-0.36850959
-0.32361979
-0.2855301
-0.35309506
-0.31001418
-0.27339735
-0.2973719
-0.32845488
-0.35372411
-0.28460675
-0.31145782
-0.33250068
-0.26931749
-0.28822045
-0.30455927
-0.38996115
-0.44385891
-0.50692331
-0.36540642
-0.41586535
-0.47499191
-0.3334378
-0.37942137
-0.43338662
-0.39827797
-0.37810105
-0.35668317
-0.34861218
-0.33100062
-0.312609
-0.30641894
-0.29108647
-0.27523847
-0.29343012
-0.2458643
-0.19617502
-0.33207484
-0.27794551
-0.22222775
-0.37755078
-0.31513688
-0.25170458
-0.40455978
-0.33706227
-0.26834241
-0.40032153
-0.33374599
-0.26599963
-0.39222757
-0.32742886
-0.2615774
-0.21832088
-0.19220552
-0.16914794
-0.21647603
-0.1905216
-0.16764537
-0.21302061
-0.1873689
-0.16483711
-0.18357421
-0.23037299
-0.2748807
-0.18192164
-0.22816278
-0.27206341
-0.17880347
-0.2239438
-0.26665205
-0.36041952
-0.30179478
-0.24216674
-0.31704289
-0.26619385
-0.21358856
-0.28016231
-0.23548407
-0.18852561
-0.20512676
-0.17193456
-0.13629642
-0.22985884
-0.19261903
-0.1528907
-0.25844303
-0.21658347
-0.17231414
-0.14805923
-0.13108368
-0.11674841
-0.14679015
-0.13003043
-0.11589081
-0.1444272
-0.12807895
-0.11431585
-0.12848953
-0.16206071
-0.19327544
-0.1275546
-0.1607612
-0.19157561
-0.12581657
-0.15828805
-0.1882938
-0.22092788
-0.24779838
-0.2788131
-0.21881616
-0.24528674
-0.27588135
-0.21470401
-0.24040495
-0.27021106
-0.24692051
-0.20762544
-0.16578288
-0.21995571
-0.18499708
-0.14742606
-0.19680211
-0.16560854
-0.13184022
-0.41572555
-0.34664676
-0.27645233
-0.48182374
-0.40123821
-0.31809699
-0.56853725
-0.47826479
-0.38119722
-0.61552794
-0.52366827
-0.42174123
-0.58766974
-0.49820397
-0.40002382
-0.55473086
-0.46833285
-0.37471292
-0.32155853
-0.27060638
-0.23723142
-0.30895686
-0.26463461
-0.23314545
-0.29940064
-0.2633324
-0.2324258
-0.25532983
-0.31818564
-0.38003448
-0.24958604
-0.30820792
-0.36633049
-0.2474075
-0.30174092
-0.35264015
-0.49772201
-0.4256719
-0.34371842
-0.4306185
-0.37063019
-0.30272194
-0.37552377
-0.3244863
-0.26638275
-0.20824192
-0.18298825
-0.16094533
-0.20407318
-0.17903723
-0.15740572
-0.20251225
-0.17722641
-0.15566569
-0.17437838
-0.21774991
-0.25845208
-0.17015974
-0.21108525
-0.24926819
-0.16780175
-0.2062923
-0.24007169
-0.32660426
-0.28283146
-0.23204079
-0.28728871
-0.24895315
-0.20360436
-0.2536697
-0.21985622
-0.17929794
-0.55473086
-0.46833285
-0.37471292
-0.58766974
-0.49820397
-0.40002382
-0.61552794
-0.52366827
-0.42174123
-0.58166193
-0.49424699
-0.39912947
-0.50401144
-0.42709862
-0.34485613
-0.43813736
-0.37079592
-0.29883584
-0.33852828
-0.32148782
-0.30430569
-0.29400914
-0.28149042
-0.26994305
-0.25468592
-0.24541599
-0.23719744
-0.39830062
-0.33727317
-0.27196998
-0.37887721
-0.32171773
-0.26124451
-0.35811382
-0.30735334
-0.25193663
-0.37926425
-0.32070138
-0.25769817
-0.33205197
-0.28062439
-0.22498344
-0.29189304
-0.24662351
-0.19742993
-0.21902422
-0.21151602
-0.20539106
-0.19075516
-0.18426896
-0.1792232
-0.16714201
-0.16148892
-0.15719804
-0.26708225
-0.2260409
-0.18117463
-0.25461396
-0.21646678
-0.17460332
-0.2421157
-0.20836792
-0.16945895
-0.53498928
-0.49084989
-0.43869902
-0.46842094
-0.43011756
-0.38496523
-0.41155838
-0.37852413
-0.33945595
-0.52785132
-0.48490548
-0.43381584
-0.46219678
-0.42490503
-0.38067635
-0.40614072
-0.37395461
-0.33568156
-0.51380908
-0.47334487
-0.42442743
-0.44991233
-0.41473267
-0.37240752
-0.39540563
-0.36499941
-0.32837706
-0.74943401
-0.70026603
-0.63898088
-0.65274864
-0.60685413
-0.54832756
-0.56770372
-0.52631969
-0.47428576
-0.70343164
-0.66308697
-0.60970944
-0.6135848
-0.57612792
-0.52485173
-0.5338318
-0.49987858
-0.45445775
-0.64623892
-0.6146932
-0.57580864
-0.5623539
-0.53350314
-0.49699742
-0.48899394
-0.46291393
-0.43077732
-0.49138578
-0.45518169
-0.41028205
-0.43022246
-0.39868883
-0.35989942
-0.37811492
-0.35080186
-0.3172651
-0.46200893
-0.43217148
-0.39314729
-0.40440229
-0.37830741
-0.344698
-0.35538811
-0.33269275
-0.30369966
-0.42314469
-0.40021133
-0.37265954
-0.37034729
-0.35022086
-0.32653074
-0.32547535
-0.30789428
-0.28747785
-0.37701243
-0.31471859
-0.25139815
-0.33160351
-0.27757763
-0.2219506
-0.29301537
-0.2455395
-0.19592923
-0.3730954
-0.31166299
-0.24918176
-0.3281699
-0.27488581
-0.21994314
-0.28999258
-0.24316377
-0.19415058
-0.36561248
-0.30584045
-0.24499168
-0.321604
-0.26975735
-0.21614989
-0.28419703
-0.23863258
-0.19079201
-0.25808516
-0.21630409
-0.17210413
-0.22955289
-0.19238172
-0.15271441
-0.20487009
-0.1717371
-0.13615136
-0.25547134
-0.21425823
-0.17058392
-0.22731648
-0.19064408
-0.15143966
-0.20299298
-0.1702923
-0.13510513
-0.25043989
-0.21034849
-0.16771705
-0.22299432
-0.18731853
-0.14904144
-0.19936241
-0.16753326
-0.13314916
-0.55725069
-0.46852727
-0.37334683
-0.47297848
-0.39422669
-0.31310105
-0.40849108
-0.34123391
-0.27283841
-0.53284912
-0.44738373
-0.35767065
-0.45406924
-0.37942756
-0.30425369
-0.39346591
-0.33018564
-0.26666746
-0.5055939
-0.42799307
-0.34512951
-0.43470283
-0.36930568
-0.30076508
-0.37828869
-0.32297993
-0.26453615
-0.35433639
-0.29731406
-0.23904958
-0.31170538
-0.26224814
-0.21076353
-0.27543605
-0.23199002
-0.1860232
-0.34173282
-0.28815166
-0.23353481
-0.3006618
-0.25418135
-0.2056793
-0.26564818
-0.22485533
-0.18148859
-0.32910056
-0.2820371
-0.2310995
-0.28961262
-0.24859907
-0.2030902
-0.25585318
-0.21978084
-0.17900645
-0.5696056
-0.48341268
-0.38998731
-0.54297953
-0.45911086
-0.37027479
-0.51121355
-0.43337264
-0.3501869
-0.49309091
-0.41771577
-0.33752914
-0.46906413
-0.39706816
-0.32211113
-0.44195386
-0.37699237
-0.30783584
-0.42836414
-0.36275045
-0.29289498
-0.40746941
-0.34569106
-0.28094209
-0.38458886
-0.32949899
-0.27013513
-0.37072011
-0.31385501
-0.25272779
-0.35275811
-0.29966073
-0.24302111
-0.33379812
-0.28675815
-0.23477471
-0.32455104
-0.27469134
-0.22066172
-0.30900111
-0.26259211
-0.21239021
-0.29301564
-0.25197368
-0.20566059
-0.28533817
-0.24147865
-0.19366402
-0.27187565
-0.23109813
-0.18654396
-0.25828788
-0.22222267
-0.18091001
0.57735027
0.67227043
0.67227043
0.31000795
0.36204072
0.24629866
0.37298049
1.186113e-16
1.8234972e-16
1.8082004e-16
0.20396961
0.14162495
0.10269046
0.42824044
0.28807716
0.37298049
0.41475441
0.28057433
0.84957113
1.5243568e-16
1.8571576e-16
0.23013366
0.15542841
1.3330816e-16
1.9675356e-16
1.8351298e-16
0.22018368
0.15017332
0.10663477
0.54440267
0.36647399
9.2390657e-17
1.2703744e-16
1.2413349e-16
1.3982053e-16
1.5653807e-16
1.659138e-16
1.5245314e-16
1.4738805e-16
1.6753834e-16
1.4134895e-16
1.4698056e-16
1.6357659e-16
0.20599411
0.2138244
0.22448673
0.19094451
0.16911576
0.15042799
0.14246403
0.14643559
0.15223062
0.21422224
0.18796632
0.16578895
0.040688318
0.11716514
0.19182543
0.036427225
0.10468126
0.17059347
0.025378677
0.072888907
0.11861367
0.027468621
0.079119585
0.12956698
0.32278198
0.34512795
0.36435579
0.29099422
0.25084148
0.2186143
0.33901691
0.28758291
0.24782968
0.59712124
0.63106638
0.65963981
0.52737352
0.45042681
0.38937375
0.37321485
0.39592702
0.41794732
0.61859413
0.53235175
0.4608565
0.6278812
0.53501952
0.4314642
0.53562341
0.45112133
0.36020918
0.34073645
0.29250438
0.23582297
0.39832682
0.33557479
0.2675783
0.33733964
0.29660105
0.26227054
0.25278354
0.26705101
0.28127341
0.39851827
0.34920431
0.30750825
0.23332077
0.20171173
0.16350686
0.26813922
0.22628085
0.18066932
1.2544205e-16
1.321925e-16
1.1320785e-16
1.4419672e-16
1.7350014e-16
1.9321882e-16
1.7358366e-16
1.785821e-16
1.8964881e-16
0.20377861
0.20772185
0.21548699
0.20536428
0.18079488
0.15994185
0.14168708
0.14406228
0.14801515
0.03870308
0.1116067
0.18320953
0.026434226
0.076218126
0.12504201
1.940993e-16
1.8000226e-16
1.7113896e-16
1.9399628e-16
1.8329586e-16
1.8428693e-16
1.5133088e-16
1.6367468e-16
1.7599819e-16
0.14114804
0.12585729
0.11273223
0.10270055
0.10377581
0.10562076
0.1334835
0.11971719
0.10802855
0.018787187
0.054148642
0.088800519
0.018426813
0.052905609
0.08605067
0.32278198
0.34512795
0.36435579
0.32683969
0.27329733
0.2366211
0.59712124
0.63106638
0.65963981
0.60919191
0.51756107
0.44674376
0.37146812
0.38963884
0.40684311
0.6278812
0.53501952
0.4314642
0.38489153
0.32299562
0.25652682
0.38604076
0.3387521
0.29904394
0.25230909
0.26437113
0.27556222
0.2606695
0.21941116
0.17477528
0.70822101
0.77112957
0.82527783
0.70822101
0.77112957
0.82527783
0.45531071
0.49826979
0.53078725
0.44243449
0.48871055
0.52712522
0.78354073
0.67517407
0.58557829
0.30620552
0.33522497
0.35729985
0.29902892
0.32986757
0.35519664
0.50691427
0.44449501
0.39139669
1.6613173e-16
1.3944964e-16
1.551718e-16
1.5405905e-16
1.5383702e-16
1.4281784e-16
1.2051034e-16
1.4908847e-16
1.5250942e-16
0.039733929
0.038018591
0.036792887
0.11438233
0.10934081
0.10572508
0.187164
0.17854785
0.17231598
0.034133114
0.030274335
0.026951256
0.098071164
0.086960604
0.077406032
0.15975239
0.14156805
0.12597166
0.025521641
0.026098538
0.026963324
0.073300542
0.075033182
0.077622208
0.11931245
0.12240423
0.12697935
0.029305187
0.033228732
0.037870615
0.084403135
0.095695234
0.10905691
0.13820659
0.15668782
0.17856379
0.20907267
0.19950143
0.19258016
0.18368529
0.17584318
0.17033819
0.16224455
0.1558093
0.15137247
0.24159668
0.2297562
0.22076337
0.28024602
0.26564445
0.25394672
0.33059137
0.31283484
0.29573237
0.42174123
0.40002382
0.37471292
0.52366827
0.49820397
0.46833285
0.61552794
0.58766974
0.55473086
0.33708047
0.29030173
0.25281791
0.42085222
0.36126963
0.3139491
0.49357557
0.42227225
0.36617156
0.2384335
0.24810855
0.26087979
0.29585683
0.31009873
0.32724166
0.34761649
0.36828674
0.38856963
0.28814463
0.33409313
0.39303772
0.36128987
0.41828667
0.48964825
0.42880582
0.49565683
0.57752925
0.60597992
0.57707573
0.54556344
0.52040218
0.49392371
0.46569028
0.44993958
0.42630733
0.40174122
0.22068162
0.1953421
0.17369075
0.27339907
0.2415256
0.21441362
0.31801369
0.28023207
0.24825091
0.1646139
0.169676
0.17678151
0.20325712
0.2111241
0.22118946
0.23686298
0.24914578
0.26183657
0.19271703
0.21852443
0.24908503
0.24141805
0.27388742
0.31234102
0.28617811
0.3248925
0.37071389
0.38885666
0.36833424
0.34739001
0.34072602
0.32291205
0.30495713
0.30014877
0.28475896
0.26932384
1.5293433e-16
1.5443023e-16
1.7962932e-16
1.421972e-16
1.5851187e-16
1.5879781e-16
1.3393687e-16
1.2342074e-16
1.3716916e-16
0.036353629
0.036803943
0.037933965
0.10449142
0.10593323
0.10933973
0.17039758
0.173254
0.17934901
0.036133512
0.031837581
0.028162457
0.10417632
0.091779708
0.081193237
0.17093842
0.15054041
0.13318395
0.026125245
0.025614434
0.025360044
0.075275487
0.073684118
0.07285178
0.12333541
0.1203318
0.11862977
0.19077519
0.1944346
0.20130304
0.16909031
0.1722002
0.17768105
0.15046996
0.15308542
0.15750275
1.8345553e-16
1.7400381e-16
1.7197938e-16
1.8329541e-16
1.8802789e-16
1.8016619e-16
1.7242711e-16
1.8534509e-16
1.8013617e-16
0.024835958
0.022134496
0.019837809
0.071617437
0.063832438
0.057196002
0.11751436
0.10476548
0.09384595
0.018664515
0.018478327
0.018406492
0.053757036
0.053134616
0.052858886
0.088034667
0.086720652
0.086025795
0.019368396
0.021453243
0.023920734
0.055621818
0.061618175
0.068703302
0.090500042
0.10027762
0.1118021
0.13355099
0.13569935
0.13923417
0.11977729
0.12151073
0.12433901
0.10806099
0.10937447
0.11155392
0.21805627
0.22244294
0.23115235
0.25028615
0.25582164
0.26658985
0.2927536
0.3047676
0.31887851
0.37471292
0.40002382
0.42174123
0.46833285
0.49820397
0.52366827
0.55473086
0.58766974
0.61552794
0.38012902
0.31881452
0.27583747
0.47705059
0.40251146
0.34764736
0.56688067
0.48044703
0.41456931
0.25091761
0.24137383
0.2359838
0.31617528
0.30272387
0.29317428
0.37722229
0.36131582
0.34520909
0.54178006
0.57015949
0.59680632
0.46235223
0.48522482
0.50720129
0.39948979
0.41920702
0.43799154
0.23917185
0.21044916
0.18614199
0.30087518
0.26441309
0.23371697
0.35830218
0.3145222
0.27776638
0.17208017
0.16706338
0.1637767
0.21579741
0.20827578
0.20239088
0.2560708
0.24631966
0.23618966
0.34600176
0.36290478
0.37878908
0.30407002
0.31879866
0.33254325
0.26874239
0.28165618
0.29365563
0.62011882
0.65977922
0.69333656
0.65977922
0.70963766
0.7521652
0.69333656
0.7521652
0.80266349
0.65532736
0.7151523
0.76296502
0.56555694
0.61818758
0.65824461
0.48997206
0.53605394
0.57094286
0.76037655
0.70862972
0.6465242
0.65430885
0.60786403
0.55162504
0.56711375
0.52605154
0.47644395
0.44411309
0.48448352
0.51463804
0.41962819
0.45381
0.4782489
0.3913732
0.41478629
0.43394434
0.42373924
0.46382707
0.49421749
0.371289
0.4065278
0.43331854
0.3269036
0.35793663
0.38156111
0.49078385
0.45493186
0.41177103
0.43041224
0.39905403
0.3612603
0.37919143
0.35188394
0.31879347
0.29877996
0.3261084
0.34672506
0.28267585
0.30587478
0.32275415
0.26463451
0.28049055
0.29345284
0.037011119
0.035494792
0.034425587
0.032530162
0.031317747
0.030488542
0.028738746
0.027766496
0.027113602
0.10654349
0.10207029
0.098906448
0.093641305
0.090043205
0.087574403
0.082729262
0.079827407
0.077872694
0.17432828
0.16663218
0.16114355
0.15319046
0.14693216
0.14259963
0.13532883
0.13022947
0.12676186
0.3833704
0.36300681
0.34306996
0.32554476
0.30839264
0.29429791
0.28078767
0.26669362
0.2556505
0.47839681
0.4535051
0.42792186
0.40805864
0.38603964
0.36624626
0.35225143
0.33355263
0.31754507
0.56513938
0.53812197
0.50646143
0.4841259
0.45931854
0.43233736
0.41835607
0.39656669
0.37380261
0.24294444
0.2314317
0.22282335
0.21337766
0.20387012
0.19695255
0.18842411
0.18056546
0.17493769
0.30462458
0.28898744
0.27619168
0.26730476
0.25415712
0.24368301
0.23584126
0.22479897
0.21613171
0.36157996
0.34283378
0.32398096
0.31694968
0.30083834
0.28499901
0.27933367
0.26554185
0.25214987
0.034065852
0.03448824
0.035477669
0.030236896
0.03059277
0.031355706
0.026928118
0.027216598
0.027803302
0.097897025
0.099245858
0.10223705
0.086870438
0.088010983
0.090339187
0.077356179
0.078291501
0.080105536
0.15957757
0.16224018
0.16761488
0.1415133
0.14377467
0.148023
0.12597171
0.12785854
0.13123973
0.023903737
0.024125777
0.024569087
0.021436954
0.021600245
0.021933176
0.01934989
0.019454644
0.019689923
0.068670656
0.069405112
0.070797727
0.061586295
0.062141932
0.063206026
0.055581781
0.055958212
0.056728953
0.1118215
0.11334812
0.11601238
0.10029073
0.10149565
0.10359101
0.090490983
0.091369949
0.092947867
0.3396222
0.35401875
0.3707106
0.29018167
0.29757057
0.31076459
0.25263331
0.25862837
0.26931165
0.42377646
0.44349073
0.46561255
0.36154056
0.3743401
0.39279724
0.31422641
0.32479229
0.33978529
0.50167374
0.52904967
0.55432237
0.42777444
0.44897469
0.47003359
0.37070936
0.38840385
0.40589321
0.22083018
0.2258237
0.23428481
0.19558576
0.19983221
0.20665022
0.17395873
0.17755592
0.18312026
0.2740315
0.28281748
0.29483689
0.24222471
0.24969522
0.25956865
0.21510743
0.22149621
0.22973398
0.32206901
0.33687779
0.35133395
0.28376987
0.29643303
0.30868673
0.25133138
0.26225846
0.27278401
0.64134204
0.69733299
0.74159608
0.60956493
0.65711189
0.69297566
0.57128488
0.60505608
0.63369779
0.55251575
0.6019035
0.63887579
0.52347952
0.56527361
0.59493303
0.48852289
0.51717381
0.54082105
0.47813846
0.52140903
0.55371702
0.452008
0.48865259
0.51480122
0.42154951
0.44661161
0.46722985
0.41324613
0.45091683
0.47913173
0.39035519
0.42225988
0.44517665
0.36426095
0.38608867
0.40394142
0.36206724
0.39520282
0.42013186
0.34206951
0.37014655
0.39045075
0.31957502
0.33876795
0.35445206
0.31888356
0.34808903
0.37012279
0.3015076
0.32627939
0.34428262
0.28205631
0.29898307
0.31282423
