MFEM mesh v1.0

#
# MFEM Geometry Types (see mesh/geom.hpp):
#
# POINT       = 0
# SEGMENT     = 1
# TRIANGLE    = 2
# SQUARE      = 3
# TETRAHEDRON = 4
# CUBE        = 5
#

dimension
3

elements
7
1 5 0 1 6 5 8 9 15 14
1 5 4 5 3 2 13 14 17 16
1 5 7 8 14 13 10 11 20 19
1 5 8 9 15 14 11 12 21 20
1 5 13 14 17 16 19 20 23 22
1 5 14 15 18 17 20 21 24 23
1 5 7 8 11 10 25 26 28 27

boundary
28
1 3 5 6 1 0
1 3 2 3 5 4
65 3 5 0 8 14
65 3 4 5 14 13
65 3 13 14 8 7
65 3 0 1 9 8
65 3 1 6 15 9
65 3 6 5 14 15
65 3 2 4 13 16
65 3 5 3 17 14
65 3 3 2 16 17
65 3 17 18 15 14
65 3 13 7 10 19
65 3 10 11 20 19
65 3 8 9 12 11
65 3 9 15 21 12
65 3 11 12 21 20
65 3 16 13 19 22
65 3 17 16 22 23
65 3 19 20 23 22
65 3 15 18 24 21
65 3 18 17 23 24
65 3 20 21 24 23
65 3 7 8 26 25
65 3 10 7 25 27
65 3 8 11 28 26
65 3 11 10 27 28
65 3 25 26 28 27

vertices
29

nodes
FiniteElementSpace
FiniteElementCollection: H1_3D_P4
VDim: 3
Ordering: 0

-3.1225023e-17
0.30998466
-0.39717735
1.0842022e-18
-0.37298049
-4.7704896e-18
0.35742227
-0.34167788
-0.13198986
0.063118382
-0.3240448
-0.18130226
-0.048044756
-0.36480918
-0.14693255
0.042616678
-0.38137006
-0.16007234
0.011479379
-0.33785177
-0.18741678
-0.049994851
-0.34774374
-0.19139576
-0.052071601
-0.35883119
-0.1259328
-0.33425364
-0.17780112
0.054840668
0.15791786
0.25847359
0.32270389
0.34438715
0.35846631
0.066774181
0.18738835
0.30121566
-8.6466182e-18
-1.5612511e-17
-9.5409791e-18
-0.095651607
-0.029107859
0.032822386
0.060009789
0.054802709
0.047862098
-0.11100089
-0.046215589
0.013418199
-0.13383333
-0.13823026
-0.14372153
-0.031416576
-0.08086326
-0.11713807
0.26013144
0.16636104
0.093938521
0.25642348
0.13888271
0.069288107
-0.041991928
-0.098165803
-0.13360411
-0.31218017
-0.19175207
-0.066774181
4.98733e-18
4.2961511e-18
8.6672646e-19
-0.33291588
-0.20490947
-0.071432212
-0.39642918
-0.39095644
-0.38042078
-0.32725209
-0.25526002
-0.183783
-0.15020639
-0.15591435
-0.15953404
-0.34214564
-0.26796628
-0.19613208
-0.36964025
-0.37688296
-0.38082685
-0.37354919
-0.37228907
-0.36808969
-0.060639756
-0.11941338
-0.14943831
-0.39667848
-0.3929224
-0.38601301
-0.30704892
-0.2387523
-0.16880044
-0.34316238
-0.34996101
-0.35966667
-0.30036399
-0.25382808
-0.20630292
-0.18219598
-0.18412556
-0.18627115
-0.31197782
-0.26246378
-0.21310118
-0.324875
-0.32895995
-0.33476008
-0.33979507
-0.33449819
-0.32785839
-0.14441743
-0.16274193
-0.17590544
-0.15761784
-0.17270959
-0.18317521
-0.3609721
-0.35248796
-0.34303087
-0.15660163
-0.11125682
-0.068863748
-0.049187063
-0.049803622
-0.049817461
-0.16213849
-0.11574069
-0.071898434
0.036947138
-0.0033954647
-0.034453961
0.020651021
-0.012490668
-0.03833889
-0.18851168
-0.19025126
-0.19125319
-0.32049899
-0.26878628
-0.21775571
-0.34074089
-0.34507082
-0.34742028
-0.1682478
-0.1798876
-0.18802295
-0.37620851
-0.36541918
-0.35390841
0.036364014
0.023055667
0.013009495
-0.125257
-0.065572412
-0.013082399
-0.050318465
-0.05122492
-0.051955886
-0.16554693
-0.11837159
-0.074075685
-0.001133782
-0.022815322
-0.042420535
-0.3196866
-0.24365386
-0.16650804
-0.13851234
-0.15762068
-0.17183881
-0.30763853
-0.25638582
-0.20482386
-0.35522049
-0.34749537
-0.33895473
-0.3421412
-0.34695176
-0.35467616
-0.13042779
-0.12816491
-0.12657291
-0.1804993
-0.17921471
-0.17821886
-0.3242434
-0.32711436
-0.33173573
0.065123692
0.18558472
0.30080151
0.061462548
0.17656051
0.28791467
0.057239495
0.16472272
0.2693007
0.021062651
0.1188768
0.21278247
-0.035414005
0.048392381
0.12732399
-0.077922293
-0.0060105755
0.061062673
0.26067552
0.2664275
0.26474534
0.16325061
0.15826855
0.14838891
0.090284306
0.084505028
0.075978839
0.21076971
0.11709523
0.014824902
0.10290277
0.02874571
-0.052724824
0.038181264
-0.025488476
-0.094977451
-0.039317677
-0.035352512
-0.03245588
-0.094009511
-0.087449518
-0.082657349
-0.12994471
-0.12383403
-0.11908648
-0.097691928
-0.031586614
0.029917161
-0.10219626
-0.036470073
0.024698075
-0.1076889
-0.04237428
0.01811025
-0.33227387
-0.20450132
-0.071287575
-0.32757928
-0.20151832
-0.070230762
-0.31855002
-0.19578843
-0.068202148
-0.31838949
-0.21020172
-0.099870383
-0.32558949
-0.23524993
-0.14485744
-0.3277605
-0.25028571
-0.17328645
-0.045184194
-0.052450921
-0.059347902
-0.1027277
-0.11173202
-0.11834812
-0.1374161
-0.14424342
-0.14874907
-0.11514983
-0.2263102
-0.3388697
-0.16275012
-0.25172152
-0.34432421
-0.18766071
-0.26441227
-0.34397763
-0.39594938
-0.39062089
-0.38054105
-0.3922546
-0.38740065
-0.37838998
-0.38542407
-0.38116103
-0.37331679
-0.33153205
-0.25878631
-0.18700426
-0.33805434
-0.26434526
-0.19238561
-0.34164523
-0.26751745
-0.19565416
-0.32271961
-0.25160372
-0.18054652
-0.31434319
-0.24501173
-0.17487494
-0.30849305
-0.24022549
-0.1704785
-0.30750536
-0.24384639
-0.17868802
-0.30605545
-0.25006903
-0.1928337
-0.30266349
-0.25312382
-0.20251828
-0.14612669
-0.15008136
-0.15487905
-0.16411923
-0.1671884
-0.17074683
-0.17695402
-0.17923377
-0.18179575
-0.19204787
-0.25873303
-0.32589833
-0.20324227
-0.26219677
-0.3214966
-0.210421
-0.26286321
-0.315515
-0.35622785
-0.34734466
-0.3410816
-0.34846062
-0.34091815
-0.33559438
-0.33963335
-0.33326635
-0.32877402
-0.30114974
-0.254594
-0.20713919
-0.30453904
-0.25713871
-0.2092239
-0.30935537
-0.2605737
-0.21173834
-0.11059923
-0.048710096
0.0088269557
-0.1330475
-0.078689604
-0.028123596
-0.14962613
-0.1014418
-0.05648977
0.03408105
0.029806868
0.024510217
-0.005502877
-0.0080389959
-0.010616168
-0.035891766
-0.037043884
-0.037731278
-0.0069747171
-0.063192505
-0.12400217
-0.037600457
-0.088369249
-0.1428004
-0.061294276
-0.10739758
-0.1564021
-0.15755953
-0.11233615
-0.070002663
-0.15936043
-0.11386875
-0.071055644
-0.16118122
-0.11509731
-0.071561336
-0.16036125
-0.16499801
-0.16783366
-0.17462766
-0.17776339
-0.17962012
-0.18450132
-0.18662171
-0.18784822
-0.20247887
-0.27004178
-0.33949438
-0.21078525
-0.27119356
-0.33286129
-0.21590076
-0.27000139
-0.32494439
-0.37570695
-0.37207534
-0.36540604
-0.36499448
-0.36191483
-0.35625454
-0.35355198
-0.35096616
-0.34620424
-0.31443428
-0.26425588
-0.21439889
-0.31817091
-0.26702811
-0.21643753
-0.32021445
-0.2685706
-0.21759242
-0.12468269
-0.064687075
-0.011786068
-0.12069074
-0.058806788
-0.0033902386
-0.11445587
-0.050462549
0.0079472017
0.016106306
0.0067463708
-6.531945e-05
-0.014690898
-0.019167551
-0.022327687
-0.039132006
-0.040905868
-0.042212834
-0.025714557
-0.077370518
-0.13534412
-0.04675852
-0.096022049
-0.14987825
-0.065180756
-0.11128839
-0.16079066
-0.16305958
-0.11639141
-0.072328106
-0.1645483
-0.11753576
-0.073271964
-0.16542202
-0.11826399
-0.073968096
-0.30719665
-0.23826116
-0.16762882
-0.31054631
-0.23926005
-0.16648666
-0.31641656
-0.24199453
-0.16636472
-0.14295259
-0.16152926
-0.1749678
-0.14075395
-0.159639
-0.17347437
-0.13916043
-0.1582118
-0.17232167
-0.20567066
-0.25351151
-0.30038113
-0.20497954
-0.25401064
-0.30230862
-0.20479571
-0.25546697
-0.30570729
-0.3280599
-0.33472609
-0.3400922
-0.33117833
-0.33837345
-0.34443531
-0.33620882
-0.34427365
-0.35141771
-0.31868667
-0.2478684
-0.17617398
-0.31533836
-0.25320519
-0.19050582
-0.31056228
-0.2558313
-0.20072283
0.020437876
0.11889144
0.21322621
0.01956429
0.1212937
0.21803443
0.017209998
0.1205819
0.21711777
-0.037342416
0.046077321
0.12451112
-0.041867523
0.041616847
0.11970561
-0.048269275
0.034569171
0.11097359
-0.080131754
-0.0087958598
0.057698351
-0.084959247
-0.014026102
0.052005333
-0.09113055
-0.020848623
0.04408693
-0.32450589
-0.21475015
-0.10325442
-0.33344439
-0.22173599
-0.10959476
-0.33820988
-0.22573515
-0.11436017
-0.33103819
-0.23977604
-0.14913073
-0.33922812
-0.24695209
-0.15681407
-0.34370016
-0.25112256
-0.16195649
-0.33241311
-0.25417792
-0.1769484
-0.33952095
-0.26035747
-0.18319324
-0.34343018
-0.26390665
-0.18708361
-0.30876158
-0.24516037
-0.18022775
-0.31412677
-0.24951583
-0.18420264
-0.3217418
-0.25543846
-0.18921879
-0.3071184
-0.25116108
-0.19408882
-0.31162817
-0.25473058
-0.1972413
-0.31801456
-0.25953928
-0.20110845
-0.30353728
-0.25399432
-0.20348898
-0.30729291
-0.25686778
-0.20590724
-0.31261462
-0.2607337
-0.20882994
-0.11250418
-0.051030404
0.0061297838
-0.11652597
-0.055296446
0.0017276535
-0.12125149
-0.060176088
-0.0034541335
-0.13456313
-0.080487015
-0.030144838
-0.13760508
-0.083515559
-0.032982325
-0.14094699
-0.086591283
-0.03578423
-0.15076184
-0.10274704
-0.057901649
-0.15293775
-0.10471744
-0.059460874
-0.15519617
-0.10645493
-0.060578405
-0.32979719
-0.26188492
-0.19482517
-0.33575761
-0.26683894
-0.19938277
-0.33903606
-0.26964539
-0.20208792
-0.32476265
-0.26472723
-0.20530277
-0.32974547
-0.26867058
-0.20860373
-0.33247989
-0.27088286
-0.21051279
-0.31822995
-0.26488238
-0.21194064
-0.32236515
-0.2680123
-0.21434038
-0.32462877
-0.26975701
-0.21570701
-0.12682418
-0.06645882
-0.011013422
-0.1317623
-0.072594836
-0.019083075
-0.13488325
-0.07674036
-0.024824635
-0.14464103
-0.090223676
-0.039645054
-0.14772887
-0.093550561
-0.043615094
-0.14960527
-0.095700869
-0.046342128
-0.15757435
-0.10836066
-0.062131587
-0.15948913
-0.11005346
-0.063818831
-0.16062636
-0.11112832
-0.064999709
-0.30751495
-0.24329543
-0.17755474
-0.30603966
-0.24958641
-0.19188249
-0.30266222
-0.25274704
-0.20177877
-0.31048438
-0.24407473
-0.17637399
-0.30848787
-0.25016003
-0.19082524
-0.30475173
-0.25325961
-0.20095659
-0.31571883
-0.2464058
-0.17610589
-0.31285266
-0.25202047
-0.19049899
-0.30845364
-0.25483229
-0.20070971
-0.70710678
-0.67227043
-7.1557343e-18
4.5536491e-18
-0.37298049
-0.39717735
-0.37298049
-0.44485559
-0.46758567
-0.43775954
-0.3036754
-0.31528657
-0.29343711
-0.24437637
-0.25398595
-0.24029479
1.074608e-16
1.3825482e-16
9.7492703e-17
-0.16586463
-0.16964304
-0.15907894
2.1346154e-16
2.0613393e-16
1.5050849e-16
-0.57561662
-0.61063762
-0.39093676
-0.40977066
-0.70604267
-0.69823377
-0.68307557
-0.6278812
-0.53501952
-0.4314642
-0.39642918
-0.39095644
-0.38042078
-0.66207707
-0.56663459
-0.45868172
-0.4661879
-0.45907283
-0.44644599
-0.40741123
-0.34465139
-0.27733837
-0.25331385
-0.24996314
-0.24415578
-0.43483128
-0.36757339
-0.29452323
-0.65756996
-0.57389986
-0.50160709
-0.62284484
-0.54105344
-0.47060224
-0.34637705
-0.29990861
-0.2593017
-0.36675877
-0.31589895
-0.27345729
-0.38042078
-0.39095644
-0.39642918
-0.071432212
-0.20490947
-0.33291588
1.3040072e-18
-4.472334e-18
-3.1441863e-18
-0.066774181
-0.19175207
-0.31218017
-0.24730601
-0.25169586
-0.25388973
-0.21223898
-0.13020735
-0.045349813
1.0744177e-16
9.3727098e-17
1.059584e-16
-0.20448388
-0.12557338
-0.043729249
-0.34483299
-0.29949372
-0.26190793
-2.3512422e-17
2.0212768e-17
8.850637e-17
6.8332629e-17
6.4246621e-17
8.6355044e-17
-0.45213207
-0.46242214
-0.46733572
-0.41438303
-0.35159763
-0.2828967
-0.30790332
-0.31353625
-0.31565884
-0.29307751
-0.24718607
-0.19725523
-0.16733519
-0.16936004
-0.16998188
-0.28287978
-0.23966278
-0.192319
-0.41591536
-0.36670259
-0.32393415
-0.43612428
-0.38286968
-0.33693966
-0.23623567
-0.2066377
-0.18144526
-0.22823611
-0.20083654
-0.17709517
-0.31386987
-0.30837071
-0.29940974
-0.27316517
-0.23079692
-0.18465916
-0.16882906
-0.16601178
-0.16175405
-0.4074965
-0.35677357
-0.3135868
-0.22291293
-0.19418832
-0.17016556
-0.1413401
-0.086235197
-0.029923696
1.9653167e-16
1.8710429e-16
1.7153257e-16
-0.13856966
-0.084881578
-0.029516511
1.3289027e-16
1.8907427e-16
1.4417341e-16
1.6778751e-16
1.8868363e-16
1.9780089e-16
-0.20206789
-0.1259362
-0.044398821
1.3982108e-16
1.5540481e-16
1.2219098e-16
-0.13279227
-0.081290721
-0.028266735
1.7377432e-16
1.5191134e-16
1.8696385e-16
1.2022739e-16
1.4371405e-16
1.6554195e-16
-0.58759421
-0.6036558
-0.61067272
-0.56944068
-0.49941728
-0.4386259
-0.39806871
-0.40712513
-0.41038045
-0.53812261
-0.47392419
-0.41772683
-0.47305683
-0.52042921
-0.55886828
-0.49820751
-0.54982815
-0.59221937
-0.33591704
-0.37026574
-0.39793859
-0.32287437
-0.35467469
-0.3800487
-0.45784149
-0.45169272
-0.43984281
-0.56566212
-0.55853883
-0.54477698
-0.6610298
-0.65334976
-0.63846807
-0.65663792
-0.64890943
-0.63373129
-0.57282718
-0.56535741
-0.55111943
-0.50030709
-0.49303206
-0.47980025
-0.58166193
-0.49424699
-0.39912947
-0.50401144
-0.42709862
-0.34485613
-0.43813736
-0.37079592
-0.29883584
-0.35311361
-0.36234188
-0.36658585
-0.30510372
-0.31229803
-0.31566552
-0.26347391
-0.26959158
-0.27292547
-0.42331337
-0.52360575
-0.61392538
-0.36521237
-0.45353891
-0.53445649
-0.31681815
-0.39485074
-0.46663008
-0.43353305
-0.42697169
-0.41535764
-0.36645285
-0.36094143
-0.3512599
-0.29366431
-0.28947647
-0.2822042
-0.068202148
-0.070230762
-0.071287575
-0.19578843
-0.20151832
-0.20450132
-0.31855002
-0.32757928
-0.33227387
-0.35116677
-0.36043334
-0.36569213
-0.30411104
-0.31109481
-0.3151286
-0.26528434
-0.2704235
-0.27316109
-0.30796989
-0.19124589
-0.067602746
-0.26488427
-0.16370696
-0.057373355
-0.2287291
-0.14059515
-0.049053192
-4.1122805e-17
-1.6447663e-16
1.3694124e-17
3.9594822e-17
6.1665058e-17
5.1143208e-17
5.2918341e-17
6.5481548e-17
8.598892e-17
-0.061795806
-0.17740359
-0.28870737
-0.053682063
-0.15409601
-0.25074416
-0.046900317
-0.13465498
-0.21920176
-0.20677869
-0.2102904
-0.21210565
-0.12686193
-0.12888639
-0.13003088
-0.04415641
-0.044841961
-0.045258815
-0.28649159
-0.29183638
-0.29444388
-0.35666057
-0.36395783
-0.36745801
-0.42090501
-0.43017651
-0.43462228
-0.42251916
-0.43179238
-0.43605368
-0.37222526
-0.37982462
-0.38305416
-0.3285702
-0.33481722
-0.3372694
-0.40548465
-0.34251766
-0.2741395
-0.3558902
-0.3003555
-0.2400323
-0.31318847
-0.26418836
-0.21091434
-0.23629705
-0.23455249
-0.23077791
-0.20688561
-0.20574798
-0.20285043
-0.18177149
-0.18101161
-0.17872887
-0.26428064
-0.32861585
-0.38743877
-0.23266944
-0.28955741
-0.34156596
-0.20527694
-0.25568786
-0.30173867
-0.28660151
-0.29159062
-0.29344791
-0.24245935
-0.24622763
-0.24756195
-0.1941902
-0.19677436
-0.19761602
-0.43465927
-0.42773411
-0.41570525
-0.38135723
-0.37490948
-0.36407292
-0.33547147
-0.32962161
-0.32000931
-0.37926425
-0.32070138
-0.25769817
-0.33205197
-0.28062439
-0.22498344
-0.29189304
-0.24662351
-0.19742993
-0.22653866
-0.2321053
-0.23546817
-0.19743497
-0.20253281
-0.20578279
-0.17304166
-0.17760666
-0.18060013
-0.29175907
-0.28671013
-0.2785508
-0.24604739
-0.24183423
-0.23515642
-0.19631755
-0.19300136
-0.18789695
-0.19724401
-0.12080685
-0.042022756
-0.17234366
-0.10534585
-0.036597222
-0.15122037
-0.092312572
-0.032042283
1.5650372e-16
1.2567713e-16
1.4450637e-16
1.9070625e-16
1.6455035e-16
1.7212762e-16
1.5940045e-16
1.8280862e-16
2.2593952e-16
-0.040808487
-0.11720976
-0.19093326
-0.03584825
-0.10300863
-0.16792991
-0.031549385
-0.090702167
-0.14799771
-0.13966808
-0.14120397
-0.14164048
-0.085447034
-0.086242773
-0.086434922
-0.029692697
-0.029942666
-0.029995169
-0.045299916
-0.045084453
-0.044661734
-0.13003564
-0.12899964
-0.12712177
-0.21176462
-0.2092703
-0.20492559
-0.18707806
-0.11589709
-0.040678298
-0.16248733
-0.099965642
-0.034889044
-0.14213707
-0.087117901
-0.030320576
9.4035254e-17
1.1343528e-16
1.6411082e-16
1.3491535e-16
1.6766164e-16
1.5788093e-16
1.6438038e-16
1.3149622e-16
1.4379248e-16
-0.14065564
-0.13834556
-0.13491196
-0.085815923
-0.084451243
-0.082479723
-0.029777781
-0.029315169
-0.028657526
-0.481188
-0.492546
-0.49793234
-0.5301296
-0.54345709
-0.54960615
-0.57017156
-0.58538015
-0.5921517
-0.46474922
-0.40802977
-0.35903881
-0.51290745
-0.45021763
-0.39594115
-0.55234677
-0.48458686
-0.42580879
-0.33630251
-0.33392663
-0.32764963
-0.37070997
-0.36791291
-0.36043866
-0.39848761
-0.39535995
-0.38678911
-0.34446369
-0.39000116
-0.44234384
-0.37857739
-0.42889714
-0.48660886
-0.40593871
-0.46031074
-0.52251129
-0.54905491
-0.5635679
-0.56967794
-0.48314867
-0.49517209
-0.49990159
-0.42552787
-0.43552047
-0.43921843
-0.613069
-0.60589777
-0.59172394
-0.52280785
-0.51631573
-0.50347113
-0.42280786
-0.41758066
-0.40683466
-0.53347273
-0.52656663
-0.5133357
-0.45269438
-0.44675157
-0.43526793
-0.36468241
-0.36019927
-0.35122505
-0.46542279
-0.4587228
-0.44653751
-0.39381099
-0.38814932
-0.37788318
-0.31606337
-0.31181198
-0.30408739
-0.29404648
-0.30197932
-0.30674558
-0.18075351
-0.18586406
-0.18956651
-0.062975397
-0.064830157
-0.066469388
-0.25452893
-0.26037905
-0.26398882
-0.15638331
-0.16004403
-0.16269899
-0.054474628
-0.05578137
-0.056860049
-0.22188129
-0.22605716
-0.22838433
-0.13619671
-0.1386731
-0.14021477
-0.047418381
-0.048273233
-0.048855088
-0.39331457
-0.40162435
-0.40544663
-0.33313474
-0.33960447
-0.34255744
-0.26743005
-0.27208418
-0.27421083
-0.34645467
-0.35322536
-0.35609077
-0.29327079
-0.29846007
-0.30060151
-0.23520144
-0.23884045
-0.24029276
-0.30582455
-0.31136686
-0.31352127
-0.25876811
-0.26297218
-0.26453885
-0.20734842
-0.21024913
-0.21125919
-0.40411978
-0.39774614
-0.38672252
-0.34133456
-0.33598682
-0.3268501
-0.27320246
-0.26909439
-0.2622147
-0.35448077
-0.34855334
-0.33865683
-0.29913092
-0.29416561
-0.28601603
-0.23903179
-0.23515504
-0.22896547
-0.31182084
-0.30644798
-0.29768822
-0.26300369
-0.2585123
-0.25132733
-0.20993837
-0.20640663
-0.20091992
-0.19289652
-0.19587429
-0.19727484
-0.11828691
-0.11995747
-0.12078794
-0.041159797
-0.041715237
-0.042004389
-0.16945791
-0.17169652
-0.17255949
-0.10381932
-0.10502403
-0.10548003
-0.036106503
-0.036495555
-0.036641811
-0.14922299
-0.150963
-0.15150984
-0.091338228
-0.092248918
-0.092505261
-0.031748808
-0.032037023
-0.032111464
-0.19665406
-0.19405842
-0.18980052
-0.12052785
-0.11924176
-0.11717162
-0.041947039
-0.04158481
-0.041012731
-0.17164159
-0.1690308
-0.1650031
-0.10494083
-0.10347696
-0.10128907
-0.036463184
-0.035989328
-0.035296585
-0.15051253
-0.14806826
-0.14440379
-0.091884576
-0.090453964
-0.088373943
-0.031895851
-0.031414588
-0.030727626
-0.44975229
-0.45999058
-0.46467009
-0.3962166
-0.40464295
-0.4082173
-0.34969644
-0.35664571
-0.35938005
-0.49546809
-0.50751968
-0.51288663
-0.43636346
-0.4463321
-0.45046994
-0.38488447
-0.39314385
-0.39634437
-0.53283525
-0.54658165
-0.55248394
-0.46902535
-0.48041516
-0.48498289
-0.4133105
-0.42277039
-0.42633106
-0.70710678
-0.67227043
-0.91774188
-1
-0.84957113
-0.91774188
-0.84957113
-0.44195064
-0.46185394
-0.42824044
-0.30113814
-0.31136795
-0.28807716
-0.56997242
-0.59957576
-0.54440267
-0.61371409
-0.64614232
-0.58040305
-0.38645085
-0.402592
-0.36647399
-0.41419046
-0.4320356
-0.38992054
-0.24331101
-0.25064867
-0.16477615
-0.16793162
-0.70604267
-0.69823377
-0.68307557
-0.70822101
-0.77112957
-0.82527783
-0.91563372
-0.90021342
-0.87053063
-0.74943575
-0.8239692
-0.88860063
-0.45979708
-0.45137718
-0.43749377
-0.45531071
-0.49826979
-0.53078725
-0.59588916
-0.58197579
-0.55947685
-0.49171042
-0.54162967
-0.58213856
-0.6553184
-0.5690496
-0.49589265
-0.61859413
-0.53235175
-0.4608565
-0.78354073
-0.67517407
-0.58557829
-0.8519602
-0.73970671
-0.64406137
-0.87053063
-0.90021342
-0.91563372
-0.99744546
-0.97878093
-0.94295653
-0.94295653
-0.97878093
-0.99744546
-0.91563372
-0.90021342
-0.87053063
-0.58118992
-0.5955756
-0.60067267
-0.61424887
-0.6344852
-0.64475025
-0.62657076
-0.64272849
-0.64790968
-0.58365285
-0.60267304
-0.612391
-0.79350674
-0.69592376
-0.61042442
-0.92864585
-0.80034803
-0.69495367
-0.85618723
-0.75011215
-0.65754281
-0.44887885
-0.45834295
-0.46222311
-0.46973924
-0.51624223
-0.55372698
-0.30518175
-0.31039262
-0.31202038
-0.33148008
-0.36475777
-0.39132055
-0.39314814
-0.40130897
-0.40364944
-0.32004085
-0.35121805
-0.37591429
-0.41296592
-0.36383415
-0.32126787
-0.43055685
-0.37788529
-0.3326584
-0.55872008
-0.48993061
-0.43065563
-0.53243005
-0.46852081
-0.41289334
-0.30966554
-0.30363945
-0.29422556
-0.30620552
-0.33522497
-0.35729985
-0.3999702
-0.39080203
-0.37625429
-0.39851827
-0.34920431
-0.30750825
-0.50691427
-0.44449501
-0.39139669
-0.41198411
-0.42477035
-0.43117185
-0.42182529
-0.43098967
-0.43340561
-0.39523207
-0.40728572
-0.41336589
-0.60170433
-0.52701712
-0.46261365
-0.57303052
-0.50364635
-0.44307491
-0.55568435
-0.57135729
-0.57937045
-0.64130222
-0.62457008
-0.59790658
-0.37400274
-0.38417847
-0.38923911
-0.42887509
-0.41809155
-0.40120177
-0.54015858
-0.47341171
-0.41664548
-0.24608512
-0.24995403
-0.25123206
-0.23328235
-0.20430283
-0.17955853
-0.16621258
-0.16809829
-0.16846276
-0.22714404
-0.19972963
-0.17599718
-0.41187119
-0.34975433
-0.2815934
-0.42975266
-0.36341542
-0.29094318
-0.28963475
-0.24452371
-0.1952389
-0.28062798
-0.23791163
-0.19101481
-0.8866454
-0.8723379
-0.84476821
-0.82234343
-0.81043561
-0.78743445
-0.74817327
-0.73891546
-0.72097901
-0.65406478
-0.64567271
-0.62981031
-0.56732898
-0.55854834
-0.54301491
-0.49389635
-0.48523628
-0.47066242
-0.65532736
-0.7151523
-0.76296502
-0.56555694
-0.61818758
-0.65824461
-0.48997206
-0.53605394
-0.57094286
-0.80358239
-0.83264817
-0.84895356
-0.69331457
-0.72016229
-0.7360621
-0.60168591
-0.62563
-0.64029408
-0.82559827
-0.76634757
-0.69622871
-0.7176238
-0.66698249
-0.60548815
-0.62520188
-0.58152674
-0.52790763
-0.48948206
-0.48037707
-0.46535136
-0.53890956
-0.5280756
-0.51025434
-0.57878836
-0.5659122
-0.54493674
-0.94071385
-0.97634361
-0.9949051
-0.92431526
-0.95853051
-0.97634361
-0.89277756
-0.92431526
-0.94071385
-0.81217498
-0.83816876
-0.85087783
-0.71103576
-0.7313156
-0.7399827
-0.62281217
-0.63891909
-0.64497955
-0.87469252
-0.90745348
-0.92589163
-0.75847453
-0.7848115
-0.79847491
-0.65998417
-0.68205659
-0.69339614
-0.92571758
-0.90955439
-0.87843148
-0.80102979
-0.79126469
-0.76776045
-0.69636762
-0.69001736
-0.67179537
-0.8542537
-0.84013147
-0.81284642
-0.74845888
-0.7363407
-0.7127717
-0.65611397
-0.64562745
-0.62513986
-0.59541916
-0.6103858
-0.61553415
-0.61514261
-0.63088092
-0.63606057
-0.62520489
-0.6413128
-0.64649452
-0.56434625
-0.57803523
-0.58305048
-0.52539906
-0.53750592
-0.54222161
-0.47745792
-0.48786941
-0.49210718
-0.41924353
-0.4277462
-0.43105346
-0.36908643
-0.37605462
-0.37851789
-0.32569182
-0.3314497
-0.3333211
-0.45842286
-0.50492371
-0.54255988
-0.4023565
-0.44308078
-0.4758955
-0.35417744
-0.38987138
-0.41847786
-0.55990668
-0.55556418
-0.54263358
-0.49114359
-0.48782796
-0.47712321
-0.43178166
-0.42915594
-0.42019695
-0.51732042
-0.4823753
-0.43898233
-0.45536833
-0.42483868
-0.38675068
-0.40149714
-0.37489046
-0.34146914
-0.32458606
-0.33036054
-0.33217253
-0.35666775
-0.36347732
-0.36556681
-0.38226065
-0.39001148
-0.392291
-0.42849108
-0.42038647
-0.40723136
-0.37590373
-0.36855081
-0.35687065
-0.33084712
-0.32435255
-0.31416602
-0.42373924
-0.46382707
-0.49421749
-0.371289
-0.4065278
-0.43331854
-0.3269036
-0.35793663
-0.38156111
-0.52099471
-0.54202895
-0.55514848
-0.45677796
-0.47513727
-0.48669052
-0.40201001
-0.41783394
-0.42781429
-0.32965128
-0.32314753
-0.31293465
-0.3626373
-0.35510612
-0.34317831
-0.38887214
-0.3802447
-0.36653802
-0.57229908
-0.59097798
-0.60042583
-0.50169043
-0.51780266
-0.52591994
-0.44082685
-0.45470744
-0.4616736
-0.60348853
-0.59915044
-0.58468629
-0.52871684
-0.52541083
-0.51345329
-0.46410683
-0.46143782
-0.45139929
-0.57180548
-0.56280097
-0.54514903
-0.50259148
-0.49482946
-0.47955959
-0.4421745
-0.4355375
-0.4224206
-0.40225319
-0.41074798
-0.41313063
-0.4147066
-0.42363908
-0.42605276
-0.42097818
-0.43011512
-0.43253193
-0.6399933
-0.62333639
-0.59677302
-0.63002802
-0.61391127
-0.58827132
-0.6102408
-0.59539218
-0.57158743
-0.51742168
-0.53185506
-0.53916565
-0.45371222
-0.4662645
-0.47256058
-0.39948552
-0.4104428
-0.41590607
-0.55652495
-0.58129754
-0.59715087
-0.48765143
-0.50916352
-0.52298641
-0.42891693
-0.44734296
-0.45915567
-0.40920761
-0.39955176
-0.38427701
-0.42175728
-0.41139512
-0.39509756
-0.4280307
-0.41729751
-0.40047886
-0.41809346
-0.42663591
-0.43013099
-0.35459091
-0.36127708
-0.36389009
-0.28501325
-0.28981006
-0.29151244
-0.40057734
-0.35152088
-0.30943525
-0.33858261
-0.29694394
-0.26128779
-0.27088305
-0.23735741
-0.20870439
-0.29026304
-0.28884094
-0.28420221
-0.24512813
-0.24414309
-0.24061927
-0.19580603
-0.19525204
-0.19283771
-0.29938792
-0.33906305
-0.38488409
-0.25388477
-0.28768022
-0.32673002
-0.20395264
-0.23132073
-0.26294417
-0.22956029
-0.23290841
-0.23390161
-0.20166561
-0.20428454
-0.20492332
-0.17758522
-0.17969103
-0.18012702
-0.69473621
-0.68529776
-0.66767364
-0.76435691
-0.75243936
-0.73046999
-0.82299751
-0.80825651
-0.78154101
-0.60357938
-0.59398904
-0.57710405
-0.66449961
-0.65270524
-0.63221295
-0.71439054
-0.69989765
-0.67514751
-0.5257324
-0.51635125
-0.50059149
-0.5788276
-0.56757241
-0.54877221
-0.62181775
-0.60830887
-0.5860315
-0.83263275
-0.86013851
-0.87358128
-0.86146478
-0.89118879
-0.90594794
-0.87639462
-0.90734045
-0.92327809
-0.72869824
-0.74996709
-0.75891976
-0.75335997
-0.77603102
-0.78544045
-0.76603506
-0.78943697
-0.79915337
-0.63814725
-0.65493065
-0.66108555
-0.65943549
-0.67714132
-0.68340474
-0.67031754
-0.68847741
-0.69481417
-0.44599917
-0.45534683
-0.4589601
-0.49071343
-0.50160913
-0.50564483
-0.52698793
-0.53929716
-0.54357817
-0.39263549
-0.40032194
-0.4030325
-0.43185892
-0.44085815
-0.44391615
-0.46352128
-0.47370936
-0.47697321
-0.34643861
-0.35280815
-0.35488283
-0.38083904
-0.38833366
-0.39070763
-0.40841861
-0.41693352
-0.41950165
-0.45619195
-0.44743732
-0.43320735
-0.50223669
-0.49189431
-0.47508871
-0.53930025
-0.52711456
-0.50745265
-0.40022317
-0.39228794
-0.37964307
-0.4405595
-0.43127711
-0.4164291
-0.47290722
-0.46211287
-0.44488896
-0.35223108
-0.34522233
-0.33418031
-0.38760141
-0.37946044
-0.36654314
-0.41583543
-0.40646517
-0.39157682
-0.55584502
-0.56928322
-0.57365628
-0.57411887
-0.58822612
-0.59259403
-0.58342455
-0.59784649
-0.60218973
-0.48857504
-0.49969918
-0.50304097
-0.50435965
-0.5160301
-0.51936504
-0.51236883
-0.52429258
-0.5276036
-0.4300764
-0.43939563
-0.44205749
-0.44362879
-0.45341891
-0.45609762
-0.45047423
-0.46048339
-0.46315485
-0.56844522
-0.55448198
-0.53226292
-0.58669899
-0.57153689
-0.54767699
-0.59591001
-0.58013856
-0.55547126
-0.4982231
-0.48598346
-0.46664079
-0.51398797
-0.50075513
-0.48003483
-0.52191706
-0.50816447
-0.48674711
-0.43780811
-0.42727643
-0.41064273
-0.45141623
-0.44008471
-0.42231373
-0.45823614
-0.44648087
-0.4281339
-0.39048354
-0.39812203
-0.40107448
-0.34372863
-0.34996162
-0.35213972
-0.30330252
-0.30843555
-0.31007597
-0.33104905
-0.33697739
-0.33914511
-0.29124453
-0.29602749
-0.2975808
-0.25685837
-0.2607698
-0.26191569
-0.26594769
-0.27014016
-0.27150285
-0.23375579
-0.23707766
-0.23799992
-0.20596254
-0.20865219
-0.20930581
