MFEM mesh v1.0

#
# MFEM Geometry Types (see mesh/geom.hpp):
#
# POINT       = 0
# SEGMENT     = 1
# TRIANGLE    = 2
# SQUARE      = 3
# TETRAHEDRON = 4
# CUBE        = 5
#

dimension
3

elements
7
1 5 2 3 1 0 12 13 15 14
1 5 12 13 15 14 18 19 21 20
1 5 14 15 17 16 20 21 23 22
1 5 16 17 8 9 22 23 10 11
1 5 18 19 21 20 24 25 27 26
1 5 19 4 5 21 25 6 7 27
1 5 20 21 23 22 26 27 29 28

boundary
28
48 3 2 3 13 12
48 3 0 2 12 14
48 3 0 1 3 2
48 3 3 1 15 13
48 3 1 0 14 15
48 3 16 17 15 14
48 3 9 8 17 16
48 3 12 13 19 18
48 3 14 12 18 20
48 3 13 15 21 19
48 3 21 5 4 19
48 3 16 14 20 22
48 3 15 17 23 21
48 3 9 16 22 11
48 3 17 8 10 23
48 3 8 9 11 10
48 3 22 23 10 11
48 3 18 19 25 24
48 3 19 4 6 25
48 3 20 18 24 26
48 3 24 25 27 26
48 3 4 5 7 6
48 3 5 21 27 7
48 3 25 6 7 27
48 3 22 20 26 28
48 3 21 23 29 27
48 3 23 22 28 29
48 3 26 27 29 28

vertices
30

nodes
FiniteElementSpace
FiniteElementCollection: H1_3D_P4
VDim: 3
Ordering: 0

-0.20955488
-0.12805102
-0.20835137
-0.12826879
-0.051243871
-0.047913207
-0.055651449
-0.052520803
-0.12661098
-0.20734485
-0.12526221
-0.20785979
-0.21114341
-0.13305751
-0.21239869
-0.13292294
-0.21114341
-0.13305751
-0.21197325
-0.13219431
-0.21326751
-0.13207172
-0.21197325
-0.13219431
-0.21114341
-0.13305751
-0.21239869
-0.13292294
-0.21114341
-0.13305751
-0.19396354
-0.16716004
-0.14134289
-0.12806312
-0.12814857
-0.1282519
-0.19497192
-0.16776375
-0.14144339
-0.20951547
-0.20923203
-0.2087058
-0.19746075
-0.17174498
-0.14633969
-0.13309179
-0.13302136
-0.13293514
-0.19856079
-0.17249056
-0.14656834
-0.21153397
-0.21207962
-0.21236034
-0.20901439
-0.21004635
-0.21082139
-0.13040776
-0.13259277
-0.133107
-0.13028059
-0.13248609
-0.13298051
-0.21021859
-0.211264
-0.21206451
-0.19809035
-0.17192582
-0.14589877
-0.13223817
-0.13217211
-0.1320845
-0.1992386
-0.17272841
-0.14616631
-0.21238159
-0.21294341
-0.21322879
-0.21140858
-0.21176861
-0.21194888
-0.13287724
-0.13248892
-0.13223045
-0.13274322
-0.13236039
-0.13210718
-0.21267589
-0.21305282
-0.21324196
-0.13293514
-0.13302136
-0.13309179
-0.19746075
-0.17174498
-0.14633969
-0.21236034
-0.21207962
-0.21153397
-0.1320845
-0.13217211
-0.13223817
-0.19809035
-0.17192582
-0.14589877
-0.21322879
-0.21294341
-0.21238159
-0.13287724
-0.13248892
-0.13223045
-0.21140858
-0.21176861
-0.21194888
-0.12909427
-0.13184919
-0.13286812
-0.13978838
-0.16582067
-0.19284437
-0.20822504
-0.20960591
-0.21068105
-0.12796294
-0.1309066
-0.13199207
-0.13883455
-0.16551913
-0.19309214
-0.20882335
-0.21032869
-0.2114854
-0.12627463
-0.12567549
-0.12531327
-0.20750394
-0.20772824
-0.20784399
-0.19746075
-0.17174498
-0.14633969
-0.13309179
-0.13302136
-0.13293514
-0.19856079
-0.17249056
-0.14656834
-0.21153397
-0.21207962
-0.21236034
-0.21194888
-0.21176861
-0.21140858
-0.13223045
-0.13248892
-0.13287724
-0.13210718
-0.13236039
-0.13274322
-0.21324196
-0.21305282
-0.21267589
-0.06552822
-0.092237927
-0.11844563
-0.050174738
-0.048726595
-0.048009441
-0.062825946
-0.090632358
-0.11787809
-0.069171493
-0.094649635
-0.11977847
-0.054645458
-0.053284743
-0.052611447
-0.066645128
-0.09316097
-0.11923584
-0.05137955
-0.052370312
-0.05429046
-0.048053822
-0.049084801
-0.051091743
-0.13293514
-0.13302136
-0.13309179
-0.19746075
-0.17174498
-0.14633969
-0.21236034
-0.21207962
-0.21153397
-0.13223045
-0.13248892
-0.13287724
-0.21194888
-0.21176861
-0.21140858
-0.19494122
-0.16774939
-0.14144675
-0.19471623
-0.16763869
-0.14146088
-0.19427778
-0.16738115
-0.14142685
-0.19493331
-0.16867262
-0.14330138
-0.19629757
-0.170576
-0.14549897
-0.19715592
-0.17150647
-0.1462613
-0.13042526
-0.13036029
-0.13029024
-0.13262344
-0.13256693
-0.13249604
-0.13314261
-0.13307471
-0.13299244
-0.14348167
-0.16932981
-0.19596198
-0.14571854
-0.17127921
-0.19735425
-0.14648783
-0.17223982
-0.1982427
-0.21017993
-0.20989953
-0.20937434
-0.21122572
-0.21094724
-0.2104168
-0.21202636
-0.21174667
-0.21120638
-0.19782532
-0.17203506
-0.14649073
-0.19830003
-0.17235011
-0.1465759
-0.19853012
-0.1724749
-0.14657116
-0.19768659
-0.17186844
-0.14629343
-0.19795605
-0.17193711
-0.1460864
-0.19807513
-0.17192868
-0.1459236
-0.13291534
-0.13284408
-0.13275608
-0.13253049
-0.13246174
-0.1323733
-0.13227429
-0.13220777
-0.13212008
-0.14653161
-0.17262984
-0.19880088
-0.14634145
-0.17272321
-0.19909121
-0.14618976
-0.17272935
-0.19922186
-0.21263753
-0.21235553
-0.2118051
-0.21301424
-0.21273022
-0.21217266
-0.21320328
-0.21291806
-0.21235676
-0.19847556
-0.17223929
-0.146068
-0.19897033
-0.17257812
-0.14616899
-0.19920729
-0.17271189
-0.14616896
-0.19782532
-0.17203506
-0.14649073
-0.19830003
-0.17235011
-0.1465759
-0.19853012
-0.1724749
-0.14657116
-0.13275608
-0.13284408
-0.13291534
-0.1323733
-0.13246174
-0.13253049
-0.13212008
-0.13220777
-0.13227429
-0.14629343
-0.17186844
-0.19768659
-0.1460864
-0.17193711
-0.19795605
-0.1459236
-0.17192868
-0.19807513
-0.2118051
-0.21235553
-0.21263753
-0.21217266
-0.21273022
-0.21301424
-0.21235676
-0.21291806
-0.21320328
-0.19920729
-0.17271189
-0.14616896
-0.19897033
-0.17257812
-0.14616899
-0.19847556
-0.17223929
-0.146068
-0.1940564
-0.16762218
-0.14207636
-0.19580907
-0.16999008
-0.14481008
-0.1970005
-0.17131986
-0.14604081
-0.13268573
-0.13164156
-0.12882688
-0.13229048
-0.13121914
-0.12832244
-0.13202893
-0.13094502
-0.12800694
-0.13957421
-0.16578533
-0.19294291
-0.13914598
-0.165646
-0.19304786
-0.13887423
-0.16553586
-0.19308754
-0.20841252
-0.20983537
-0.21093842
-0.20867253
-0.21014909
-0.21128708
-0.20880533
-0.21030728
-0.21146184
-0.19760212
-0.17147104
-0.14557794
-0.19631881
-0.17003863
-0.14425792
-0.19441599
-0.16748202
-0.14132445
-0.19807513
-0.17192868
-0.1459236
-0.19795605
-0.17193711
-0.1460864
-0.19768659
-0.17186844
-0.14629343
-0.13227429
-0.13220777
-0.13212008
-0.13253049
-0.13246174
-0.1323733
-0.13291534
-0.13284408
-0.13275608
-0.14618976
-0.17272935
-0.19922186
-0.14634145
-0.17272321
-0.19909121
-0.14653161
-0.17262984
-0.19880088
-0.21320328
-0.21291806
-0.21235676
-0.21301424
-0.21273022
-0.21217266
-0.21263753
-0.21235553
-0.2118051
-0.19782532
-0.17203506
-0.14649073
-0.19830003
-0.17235011
-0.1465759
-0.19853012
-0.1724749
-0.14657116
-0.11790582
-0.090685743
-0.062908324
-0.1180891
-0.091074205
-0.063511932
-0.11835508
-0.091780772
-0.064696075
-0.11849756
-0.09231806
-0.065643285
-0.11885858
-0.09289958
-0.066481017
-0.11945723
-0.09395732
-0.06807501
-0.050311436
-0.048865679
-0.048149751
-0.05131357
-0.049885547
-0.049179469
-0.053260189
-0.051870669
-0.051183763
-0.062946045
-0.090715578
-0.11793065
-0.063819171
-0.091319369
-0.11829455
-0.065491068
-0.092427891
-0.11890435
-0.11968901
-0.094224704
-0.068390654
-0.11943532
-0.093570056
-0.06728515
-0.11926168
-0.093210093
-0.066721614
-0.13212008
-0.13220777
-0.13227429
-0.1323733
-0.13246174
-0.13253049
-0.13275608
-0.13284408
-0.13291534
-0.1459236
-0.17192868
-0.19807513
-0.1460864
-0.17193711
-0.19795605
-0.14629343
-0.17186844
-0.19768659
-0.21235676
-0.21291806
-0.21320328
-0.21217266
-0.21273022
-0.21301424
-0.2118051
-0.21235553
-0.21263753
-0.19853012
-0.1724749
-0.14657116
-0.19830003
-0.17235011
-0.1465759
-0.19782532
-0.17203506
-0.14649073
-0.19525978
-0.16891696
-0.14341822
-0.19570543
-0.16919598
-0.14348461
-0.19593155
-0.16931469
-0.1434838
-0.19663933
-0.17084191
-0.14563499
-0.19709656
-0.17114025
-0.14571805
-0.19732377
-0.17126356
-0.14572026
-0.19751484
-0.1717915
-0.14641082
-0.19798347
-0.17210057
-0.14649395
-0.19821234
-0.17222452
-0.14649084
-0.19805816
-0.17216657
-0.14645122
-0.19853842
-0.17248758
-0.14653934
-0.19877022
-0.17261427
-0.14653488
-0.19833623
-0.17224481
-0.14625126
-0.19882538
-0.17257648
-0.14634676
-0.19906017
-0.17270712
-0.14634443
-0.19845987
-0.17224168
-0.14609263
-0.19895392
-0.17257955
-0.14619283
-0.19919063
-0.17271296
-0.14619256
-0.19877022
-0.17261427
-0.14653488
-0.19853842
-0.17248758
-0.14653934
-0.19805816
-0.17216657
-0.14645122
-0.19906017
-0.17270712
-0.14634443
-0.19882538
-0.17257648
-0.14634676
-0.19833623
-0.17224481
-0.14625126
-0.19919063
-0.17271296
-0.14619256
-0.19895392
-0.17257955
-0.14619283
-0.19845987
-0.17224168
-0.14609263
-0.19721823
-0.17143537
-0.14598978
-0.19599495
-0.17006933
-0.14472617
-0.19419248
-0.16763981
-0.14192861
-0.19747497
-0.17149021
-0.14577174
-0.19621267
-0.17008102
-0.14447127
-0.19434528
-0.16756986
-0.1415869
-0.19758791
-0.17147508
-0.1456039
-0.19630697
-0.17004527
-0.14428596
-0.19440838
-0.16749411
-0.14135848
-0.19845987
-0.17224168
-0.14609263
-0.19895392
-0.17257955
-0.14619283
-0.19919063
-0.17271296
-0.14619256
-0.19833623
-0.17224481
-0.14625126
-0.19882538
-0.17257648
-0.14634676
-0.19906017
-0.17270712
-0.14634443
-0.19805816
-0.17216657
-0.14645122
-0.19853842
-0.17248758
-0.14653934
-0.19877022
-0.17261427
-0.14653488
-0.11840755
-0.09186212
-0.06481296
-0.11814158
-0.091156693
-0.063630779
-0.11795853
-0.090768992
-0.063028407
-0.11876863
-0.092449891
-0.065660325
-0.1185041
-0.091754277
-0.064493997
-0.11832214
-0.091371953
-0.06390025
-0.11936895
-0.093522531
-0.067277936
-0.11910921
-0.092848907
-0.066145856
-0.11893141
-0.09247887
-0.065569839
-0.19919063
-0.17271296
-0.14619256
-0.19895392
-0.17257955
-0.14619283
-0.19845987
-0.17224168
-0.14609263
-0.19906017
-0.17270712
-0.14634443
-0.19882538
-0.17257648
-0.14634676
-0.19833623
-0.17224481
-0.14625126
-0.19877022
-0.17261427
-0.14653488
-0.19853842
-0.17248758
-0.14653934
-0.19805816
-0.17216657
-0.14645122
2.2877918e-16
2.469721e-16
-0.089606109
-0.086649793
-0.086191786
2.5097509e-16
-0.084801907
2.6049899e-16
0.16622039
0.17469473
0.17189891
0.18108258
-0.085924605
-0.083249948
2.6422045e-16
2.5777263e-16
0.085924605
0.083249948
-0.087261658
-0.084481939
2.722825e-16
2.5749541e-16
0.087261658
0.084481939
-0.085924605
-0.083249948
2.5796243e-16
2.6612454e-16
0.085924605
0.083249948
-0.08931616
-0.08845075
-0.08729591
-0.015434005
-0.044381653
-0.072427385
2.3644818e-16
2.2200883e-16
2.3819386e-16
-0.015860183
-0.045679846
-0.07475662
-0.085648819
-0.084848955
-0.083812121
-0.069027497
-0.041863968
-0.014488665
2.5626808e-16
2.5598144e-16
2.5728815e-16
-0.071061713
-0.042937657
-0.014830286
-0.087670076
-0.085883789
-0.085715293
-0.084913793
-0.083254928
-0.083068304
2.479314e-16
2.4336002e-16
2.4500138e-16
2.3666973e-16
2.4760164e-16
2.4942871e-16
-0.08696663
-0.086131836
-0.085061028
-0.069860061
-0.042204805
-0.014576045
2.6884241e-16
2.645153e-16
2.6581408e-16
-0.07195515
-0.04329693
-0.014921388
-0.086242793
-0.086837992
-0.087209358
-0.083539951
-0.084088655
-0.084433422
2.5628317e-16
2.5375122e-16
2.5556733e-16
2.6134464e-16
2.6870441e-16
2.7668649e-16
0.014488665
0.041863968
0.069027497
0.085648819
0.084848955
0.083812121
0.014830286
0.042937657
0.071061713
0.014576045
0.042204805
0.069860061
0.08696663
0.086131836
0.085061028
0.014921388
0.04329693
0.07195515
0.083539951
0.084088655
0.084433422
0.086242793
0.086837992
0.087209358
0.15167383
0.12437696
0.09746746
0.16842906
0.17181754
0.17403034
0.15882993
0.12946699
0.10086773
0.15629325
0.12736044
0.099189431
0.17429269
0.17796474
0.18036233
0.16400744
0.13279199
0.10275588
0.16795714
0.17043302
0.17172178
0.17664712
0.17943344
0.18088371
-0.085648819
-0.084848955
-0.083812121
-0.069027497
-0.041863968
-0.014488665
2.7771321e-16
2.6899981e-16
2.6308707e-16
-0.071061713
-0.042937657
-0.014830286
-0.087209358
-0.086837992
-0.086242793
-0.084433422
-0.084088655
-0.083539951
2.5883703e-16
2.6082053e-16
2.5765537e-16
2.633348e-16
2.7767387e-16
2.6336151e-16
-0.084690881
-0.083598481
-0.083999924
-0.071859521
-0.043874044
-0.015227074
2.5199033e-16
2.5302671e-16
2.6096169e-16
-0.083419985
-0.082397578
-0.082785344
-0.070842025
-0.04337976
-0.015080257
2.6627168e-16
2.652607e-16
2.6379436e-16
-0.086138838
-0.085764824
-0.085148303
2.481625e-16
2.5291949e-16
2.5898133e-16
0.014488665
0.041863968
0.069027497
0.085648819
0.084848955
0.083812121
0.014830286
0.042937657
0.071061713
0.084433422
0.084088655
0.083539951
0.087209358
0.086837992
0.086242793
-0.015810832
-0.015675857
-0.015513366
-0.04553651
-0.045133738
-0.044635061
-0.074517177
-0.073819933
-0.072913748
-0.087394997
-0.086579318
-0.085504939
-0.085617632
-0.084834977
-0.083812557
-0.085444045
-0.084653228
-0.083624843
-0.070914101
-0.043407953
-0.015088378
-0.069330033
-0.042289559
-0.014676134
-0.068954742
-0.04189273
-0.014510757
2.4319991e-16
2.2820833e-16
2.5592417e-16
2.4477788e-16
2.4520541e-16
2.4344783e-16
2.4828135e-16
2.4342396e-16
2.5407373e-16
-0.015475564
-0.044595833
-0.073070071
-0.015027883
-0.043382386
-0.071357495
-0.014852528
-0.042964151
-0.070974196
-0.0708366
-0.070207741
-0.069423669
-0.04280555
-0.042454861
-0.042048998
-0.014785139
-0.014669807
-0.014542134
-0.085961646
-0.085152193
-0.084105766
-0.086548474
-0.085723615
-0.084662413
-0.086914932
-0.086081385
-0.085011702
-0.06919546
-0.041908475
-0.014493207
-0.069571981
-0.042065355
-0.014534442
-0.069823023
-0.042186568
-0.014570329
2.523153e-16
2.5359927e-16
2.6390963e-16
2.6173152e-16
2.5580188e-16
2.786739e-16
2.6492543e-16
2.5477084e-16
2.7280267e-16
-0.014835166
-0.042985583
-0.071244513
-0.014878278
-0.043151111
-0.071648494
-0.01491545
-0.043277826
-0.071915678
-0.071714928
-0.071063382
-0.070262273
-0.043156363
-0.042796484
-0.042388225
-0.014873421
-0.01475557
-0.014628171
0.0708366
0.070207741
0.069423669
0.04280555
0.042454861
0.042048998
0.014785139
0.014669807
0.014542134
0.014493207
0.041908475
0.06919546
0.014534442
0.042065355
0.069571981
0.014570329
0.042186568
0.069823023
0.084105766
0.085152193
0.085961646
0.084662413
0.085723615
0.086548474
0.085011702
0.086081385
0.086914932
0.071244513
0.042985583
0.014835166
0.071648494
0.043151111
0.014878278
0.071915678
0.043277826
0.01491545
0.014873421
0.01475557
0.014628171
0.043156363
0.042796484
0.042388225
0.071714928
0.071063382
0.070262273
0.15824792
0.15634677
0.15349313
0.12902059
0.1276215
0.12561002
0.10053527
0.099547827
0.098213781
0.097900605
0.12522904
0.1530557
0.098668704
0.12653799
0.15507605
0.099124215
0.12726028
0.15614591
0.17022689
0.17370135
0.17596752
0.1727825
0.17638171
0.17872906
0.17411074
0.17777397
0.18016555
0.16037816
0.13041979
0.10134626
0.16264429
0.13187885
0.10218831
0.1638423
0.13268076
0.10268471
0.1023994
0.10136087
0.099967667
0.13231111
0.13081787
0.12867493
0.16337814
0.16132939
0.15825337
-0.086914932
-0.086081385
-0.085011702
-0.086548474
-0.085723615
-0.084662413
-0.085961646
-0.085152193
-0.084105766
-0.069823023
-0.042186568
-0.014570329
-0.069571981
-0.042065355
-0.014534442
-0.06919546
-0.041908475
-0.014493207
2.6119827e-16
2.667637e-16
2.8078898e-16
2.679843e-16
2.6742403e-16
2.787686e-16
2.7409746e-16
2.7136151e-16
2.728619e-16
-0.01491545
-0.043277826
-0.071915678
-0.014878278
-0.043151111
-0.071648494
-0.014835166
-0.042985583
-0.071244513
-0.0708366
-0.070207741
-0.069423669
-0.04280555
-0.042454861
-0.042048998
-0.014785139
-0.014669807
-0.014542134
-0.014547886
-0.014614662
-0.014927764
-0.042087521
-0.042197811
-0.043030642
-0.069541597
-0.069437061
-0.070551734
-0.083951889
-0.083551269
-0.084641829
-0.083611575
-0.083216262
-0.084292508
-0.083069895
-0.082681782
-0.083727886
-0.071817823
-0.043851744
-0.015219825
-0.071531441
-0.043700513
-0.015172214
-0.07107644
-0.043478261
-0.015105724
2.5323352e-16
2.512003e-16
2.5877846e-16
2.6141328e-16
2.6157206e-16
2.5490893e-16
2.6555591e-16
2.5929499e-16
2.7102035e-16
-0.068715766
-0.068601984
-0.069638101
-0.041744614
-0.041834311
-0.042603709
-0.014458919
-0.014516184
-0.014804903
0.014570329
0.042186568
0.069823023
0.014534442
0.042065355
0.069571981
0.014493207
0.041908475
0.06919546
0.085011702
0.086081385
0.086914932
0.084662413
0.085723615
0.086548474
0.084105766
0.085152193
0.085961646
0.071915678
0.043277826
0.01491545
0.071648494
0.043151111
0.014878278
0.071244513
0.042985583
0.014835166
0.014785139
0.014669807
0.014542134
0.04280555
0.042454861
0.042048998
0.0708366
0.070207741
0.069423669
-0.072842606
-0.072188348
-0.071350633
-0.044460278
-0.044084843
-0.0436299
-0.01542887
-0.015303578
-0.015156411
-0.071138846
-0.070517062
-0.069731907
-0.043253055
-0.042901177
-0.042485043
-0.01498351
-0.014866953
-0.014734281
-0.070752344
-0.070129098
-0.069348283
-0.042833734
-0.04248482
-0.04207817
-0.014807896
-0.014692956
-0.014564595
-0.071015215
-0.070380445
-0.069591868
-0.042851184
-0.04249828
-0.042092058
-0.014789258
-0.014673369
-0.014545903
-0.071412636
-0.070767732
-0.069971704
-0.043013033
-0.042655965
-0.04224866
-0.014831146
-0.014714093
-0.014586724
-0.071675917
-0.071025242
-0.070224716
-0.043137519
-0.042778016
-0.042369851
-0.014867568
-0.014749829
-0.014622424
0.014789258
0.014673369
0.014545903
0.042851184
0.04249828
0.042092058
0.071015215
0.070380445
0.069591868
0.014831146
0.014714093
0.014586724
0.043013033
0.042655965
0.04224866
0.071412636
0.070767732
0.069971704
0.014867568
0.014749829
0.014622424
0.043137519
0.042778016
0.042369851
0.071675917
0.071025242
0.070224716
0.10100697
0.10000548
0.098654412
0.12996351
0.12853727
0.12648605
0.15978268
0.15783932
0.1549182
0.10183861
0.10081445
0.099437493
0.13140757
0.12993997
0.12783132
0.1620282
0.16001975
0.15700104
0.10232896
0.10129226
0.099900971
0.13220096
0.13071088
0.12857201
0.16321452
0.16117072
0.15810151
-0.071675917
-0.071025242
-0.070224716
-0.043137519
-0.042778016
-0.042369851
-0.014867568
-0.014749829
-0.014622424
-0.071412636
-0.070767732
-0.069971704
-0.043013033
-0.042655965
-0.04224866
-0.014831146
-0.014714093
-0.014586724
-0.071015215
-0.070380445
-0.069591868
-0.042851184
-0.04249828
-0.042092058
-0.014789258
-0.014673369
-0.014545903
-0.069504584
-0.069400278
-0.070512756
-0.042069134
-0.042179122
-0.043010237
-0.014542074
-0.014608691
-0.014921117
-0.069255556
-0.069151382
-0.070247966
-0.041947758
-0.042054685
-0.042873035
-0.014505938
-0.014571002
-0.01487852
-0.06888129
-0.068774499
-0.069837209
-0.041789631
-0.04188851
-0.042679662
-0.014463872
-0.014525158
-0.014822201
0.014867568
0.014749829
0.014622424
0.043137519
0.042778016
0.042369851
0.071675917
0.071025242
0.070224716
0.014831146
0.014714093
0.014586724
0.043013033
0.042655965
0.04224866
0.071412636
0.070767732
0.069971704
0.014789258
0.014673369
0.014545903
0.042851184
0.04249828
0.042092058
0.071015215
0.070380445
0.069591868
-0.17881949
-0.16959823
-0.17256831
-0.16401453
1.7503644e-16
1.7456934e-16
0.08393419
0.085372903
-0.085226585
-0.08837315
1.4824977e-16
1.3785883e-16
-0.084797916
-0.082015121
-0.086167301
-0.083307822
-0.084797916
-0.082015121
1.2673016e-16
1.6830079e-16
1.4348126e-16
1.6256034e-16
1.2417436e-16
1.5418774e-16
0.084797916
0.082015121
0.086167301
0.083307822
0.084797916
0.082015121
-0.17184758
-0.16956821
-0.16618471
-0.1694245
-0.16815929
-0.16572498
-0.17804579
-0.1755933
-0.1719436
-0.1786252
-0.17720755
-0.17448112
-0.084492781
-0.083643688
-0.082578446
-0.082328122
-0.082903006
-0.083258134
-0.08584868
-0.084975415
-0.083885089
-0.085128489
-0.085737649
-0.086114395
-0.15689101
-0.12785306
-0.099568974
-0.14963404
-0.12263995
-0.096050543
-0.15419687
-0.12562616
-0.097819809
-0.1619777
-0.13115463
-0.10147701
1.5220527e-16
1.6334818e-16
1.6050348e-16
1.7408719e-16
1.6338383e-16
1.5147266e-16
1.4516834e-16
1.4403396e-16
1.5283563e-16
1.4036603e-16
1.6347018e-16
1.5844226e-16
-0.070113957
-0.042350145
-0.014624525
-0.067986259
-0.041217122
-0.014262026
-0.068885212
-0.041612343
-0.014370835
-0.07104556
-0.042742143
-0.014728674
-0.083258134
-0.082903006
-0.082328122
-0.084492781
-0.083643688
-0.082578446
-0.086114395
-0.085737649
-0.085128489
1.4853442e-16
1.5182873e-16
1.6306522e-16
1.2007854e-16
1.2954278e-16
1.4856655e-16
1.2622187e-16
1.4145278e-16
1.2685825e-16
-0.067986259
-0.041217122
-0.014262026
-0.070113957
-0.042350145
-0.014624525
-0.083509266
-0.081917967
-0.081803413
-0.085885446
-0.087096214
-0.088039214
-0.086446619
-0.084699585
-0.084571757
1.4427035e-16
1.5638521e-16
1.511686e-16
1.5456632e-16
1.5025353e-16
1.3252889e-16
1.6038024e-16
1.2592203e-16
1.3510137e-16
-0.071206852
-0.043606893
-0.015159734
-0.073707292
-0.045020067
-0.015627588
0.084492781
0.083643688
0.082578446
0.082328122
0.082903006
0.083258134
0.08584868
0.084975415
0.083885089
0.085128489
0.085737649
0.086114395
0.014624525
0.042350145
0.070113957
0.014262026
0.041217122
0.067986259
0.014370835
0.041612343
0.068885212
0.014728674
0.042742143
0.07104556
1.7578996e-16
1.7040084e-16
1.5905195e-16
1.7221306e-16
1.7664698e-16
1.7499637e-16
1.6722509e-16
1.6536593e-16
1.5861499e-16
0.08243843
0.081254277
0.081564755
0.084300743
0.084938341
0.085319233
0.083761352
0.082514739
0.082841229
0.014924473
0.042933456
0.070115992
0.015089346
0.043473137
0.071187374
0.083258134
0.082903006
0.082328122
0.084492781
0.083643688
0.082578446
0.086114395
0.085737649
0.085128489
0.014262026
0.041217122
0.067986259
0.014624525
0.042350145
0.070113957
-0.17785345
-0.1754066
-0.17176523
-0.17644879
-0.17404331
-0.17046234
-0.17374584
-0.17141642
-0.16795254
-0.15625852
-0.15429225
-0.15142987
-0.12736508
-0.12590443
-0.12386727
-0.099202787
-0.098160681
-0.096796632
-0.15100155
-0.15299712
-0.15405176
-0.12349754
-0.12480713
-0.12552663
-0.096503135
-0.097291412
-0.097753859
-0.15612712
-0.15919854
-0.16130157
-0.1269323
-0.12909219
-0.13063694
-0.098595089
-0.10000982
-0.10109243
-0.16181568
-0.16064003
-0.15841361
-0.13104457
-0.13025024
-0.12880183
-0.10140564
-0.10090703
-0.10005656
-0.084819898
-0.083964935
-0.082893526
-0.085423201
-0.084557514
-0.083475188
-0.085796216
-0.084923939
-0.08383456
-0.069863981
-0.06919266
-0.068383317
-0.042202581
-0.041824804
-0.041402623
-0.014573953
-0.014449049
-0.014315592
-0.068178271
-0.068583511
-0.068846712
-0.04128029
-0.04146085
-0.041592766
-0.014273774
-0.014324342
-0.014364569
-0.069284955
-0.070102444
-0.070786011
-0.041793444
-0.042211058
-0.042590202
-0.014421937
-0.01455241
-0.014676831
-0.071005213
-0.070730966
-0.070310434
-0.042722186
-0.042588853
-0.042409022
-0.014722381
-0.014682487
-0.014633674
1.5162174e-16
1.5824644e-16
1.6582248e-16
1.5779527e-16
1.5722542e-16
1.5031515e-16
1.6090415e-16
1.4168771e-16
1.5210533e-16
-0.084819898
-0.083964935
-0.082893526
-0.085423201
-0.084557514
-0.083475188
-0.085796216
-0.084923939
-0.08383456
-0.068846712
-0.068583511
-0.068178271
-0.041592766
-0.04146085
-0.04128029
-0.014364569
-0.014324342
-0.014273774
-0.068383317
-0.06919266
-0.069863981
-0.041402623
-0.041824804
-0.042202581
-0.014315592
-0.014449049
-0.014573953
-0.070310434
-0.070730966
-0.071005213
-0.042409022
-0.042588853
-0.042722186
-0.014633674
-0.014682487
-0.014722381
1.3981406e-16
1.4359031e-16
1.5950212e-16
1.3683186e-16
1.5512135e-16
1.5163304e-16
1.309238e-16
1.3348127e-16
1.4587924e-16
-0.086129703
-0.085240446
-0.084113525
-0.084396588
-0.083550029
-0.082484191
-0.084268826
-0.08342421
-0.082362946
-0.067883711
-0.068189827
-0.069712119
-0.041223492
-0.041571142
-0.042646679
-0.014275682
-0.014422764
-0.014819224
-0.071704985
-0.072662417
-0.073429101
-0.043868347
-0.04440189
-0.044851255
-0.015241988
-0.015417178
-0.015569054
-0.072030546
-0.070353159
-0.070009318
-0.043943309
-0.042753769
-0.042363505
-0.015245759
-0.014806799
-0.014641813
1.2871013e-16
1.2826566e-16
1.5212108e-16
1.3410342e-16
1.3576407e-16
1.3930958e-16
1.3796157e-16
1.4705913e-16
1.4493863e-16
0.014573953
0.014449049
0.014315592
0.042202581
0.041824804
0.041402623
0.069863981
0.06919266
0.068383317
0.014273774
0.014324342
0.014364569
0.04128029
0.04146085
0.041592766
0.068178271
0.068583511
0.068846712
0.014421937
0.01455241
0.014676831
0.041793444
0.042211058
0.042590202
0.069284955
0.070102444
0.070786011
0.014722381
0.014682487
0.014633674
0.042722186
0.042588853
0.042409022
0.071005213
0.070730966
0.070310434
0.084819898
0.083964935
0.082893526
0.085423201
0.084557514
0.083475188
0.085796216
0.084923939
0.08383456
1.6087688e-16
1.6369677e-16
1.7315358e-16
1.6536697e-16
1.7364698e-16
1.7299381e-16
1.6429195e-16
1.6737587e-16
1.7410721e-16
0.014235232
0.014308281
0.014628127
0.041105878
0.041239785
0.042097332
0.067686684
0.067640708
0.068816058
0.014956097
0.015030499
0.01508165
0.043047981
0.043290089
0.043449788
0.070371084
0.070849485
0.071144663
0.014770486
0.014428695
0.014346238
0.042573258
0.041658649
0.041504647
0.069787926
0.068542169
0.068580339
0.081872939
0.081562434
0.08276732
0.082441432
0.082122409
0.083354479
0.082791989
0.082466536
0.083711456
0.014364569
0.014324342
0.014273774
0.041592766
0.04146085
0.04128029
0.068846712
0.068583511
0.068178271
0.014315592
0.014449049
0.014573953
0.041402623
0.041824804
0.042202581
0.068383317
0.06919266
0.069863981
0.014633674
0.014682487
0.014722381
0.042409022
0.042588853
0.042722186
0.070310434
0.070730966
0.071005213
0.085796216
0.084923939
0.08383456
0.085423201
0.084557514
0.083475188
0.084819898
0.083964935
0.082893526
-0.15776861
-0.15576336
-0.15283792
-0.15997606
-0.15791047
-0.15489332
-0.16114093
-0.15904251
-0.15597755
-0.12830546
-0.12682095
-0.12474731
-0.12974098
-0.12821948
-0.12609222
-0.13052782
-0.12898596
-0.12682995
-0.099685397
-0.098632897
-0.097255157
-0.10052791
-0.099457347
-0.098057384
-0.10102161
-0.099940585
-0.098527604
-0.070058105
-0.069384465
-0.068573963
-0.070474494
-0.069795266
-0.068981178
-0.070745971
-0.070063021
-0.069245928
-0.042260504
-0.041883157
-0.041463132
-0.042438443
-0.042060347
-0.041642273
-0.042570391
-0.042191426
-0.041773744
-0.014582846
-0.014458391
-0.014326101
-0.014631114
-0.014506805
-0.014375794
-0.014670579
-0.014546193
-0.014415649
-0.070745971
-0.070063021
-0.069245928
-0.070474494
-0.069795266
-0.068981178
-0.070058105
-0.069384465
-0.068573963
-0.042570391
-0.042191426
-0.041773744
-0.042438443
-0.042060347
-0.041642273
-0.042260504
-0.041883157
-0.041463132
-0.014670579
-0.014546193
-0.014415649
-0.014631114
-0.014506805
-0.014375794
-0.014582846
-0.014458391
-0.014326101
-0.069760384
-0.069090322
-0.068279946
-0.070102551
-0.069424363
-0.068599697
-0.071766418
-0.071046625
-0.070160793
-0.042216022
-0.041836846
-0.041410738
-0.042603895
-0.042214875
-0.041772168
-0.043783841
-0.043364689
-0.04287705
-0.014591155
-0.01446545
-0.014330122
-0.014755101
-0.014625201
-0.014482908
-0.015190475
-0.015049374
-0.014890304
0.014582846
0.014458391
0.014326101
0.014631114
0.014506805
0.014375794
0.014670579
0.014546193
0.014415649
0.042260504
0.041883157
0.041463132
0.042438443
0.042060347
0.041642273
0.042570391
0.042191426
0.041773744
0.070058105
0.069384465
0.068573963
0.070474494
0.069795266
0.068981178
0.070745971
0.070063021
0.069245928
0.014247607
0.014324837
0.014652053
0.014299305
0.014380205
0.014716918
0.014339854
0.014422182
0.014763348
0.041170114
0.041313602
0.042190444
0.04135265
0.041503793
0.042405266
0.041484871
0.041638663
0.042551692
0.067876901
0.067838355
0.069037104
0.068280632
0.06824381
0.069473206
0.068541817
0.068504048
0.069747779
0.014670579
0.014546193
0.014415649
0.014631114
0.014506805
0.014375794
0.014582846
0.014458391
0.014326101
0.042570391
0.042191426
0.041773744
0.042438443
0.042060347
0.041642273
0.042260504
0.041883157
0.041463132
0.070745971
0.070063021
0.069245928
0.070474494
0.069795266
0.068981178
0.070058105
0.069384465
0.068573963
