MFEM mesh v1.0

#
# MFEM Geometry Types (see mesh/geom.hpp):
#
# POINT       = 0
# SEGMENT     = 1
# TRIANGLE    = 2
# SQUARE      = 3
# TETRAHEDRON = 4
# CUBE        = 5
#

dimension
3

elements
8
1 5 2 0 4 12 3 1 6 13
1 5 14 9 0 2 15 11 1 3
1 5 8 16 19 9 10 22 25 11
1 5 16 17 20 19 22 23 26 25
1 5 17 18 21 20 23 24 27 26
1 5 9 19 4 0 11 25 6 1
1 5 19 20 5 4 25 26 7 6
1 5 22 23 26 25 28 29 31 30

boundary
30
59 3 12 4 0 2
59 3 12 2 3 13
59 3 4 12 13 6
59 3 3 1 6 13
59 3 5 4 6 7
59 3 2 0 9 14
59 3 9 8 10 11
59 3 14 9 11 15
59 3 2 14 15 3
59 3 15 11 1 3
59 3 9 19 16 8
59 3 19 20 17 16
59 3 20 21 18 17
59 3 0 4 19 9
59 3 4 5 20 19
59 3 8 16 22 10
59 3 16 17 23 22
59 3 17 18 24 23
59 3 10 22 25 11
59 3 18 21 27 24
59 3 21 20 26 27
59 3 23 24 27 26
59 3 11 25 6 1
59 3 20 5 7 26
59 3 25 26 7 6
59 3 22 23 29 28
59 3 25 22 28 30
59 3 23 26 31 29
59 3 26 25 30 31
59 3 28 29 31 30

vertices
32

nodes
FiniteElementSpace
FiniteElementCollection: H1_3D_P4
VDim: 3
Ordering: 0

-0.064571523
-0.060483045
-0.12661098
-0.12526221
-0.055651449
-0.052520803
-0.051243871
-0.047913207
0.07733117
-0.012592879
0.091822129
-0.0043627827
-0.13305751
-0.13219431
-0.095037873
-0.090662349
0.11755195
0.1095832
0.11755195
0.024510883
0.030215319
0.024510883
0.13450498
0.12432409
0.13450498
0.034794825
0.040861245
0.034794825
0.11755195
0.1095832
0.024510883
0.030215319
-0.072379153
-0.09148723
-0.11392757
-0.062952489
-0.05968912
-0.056860408
-0.069171493
-0.094649635
-0.11977847
-0.12909427
-0.13184919
-0.13286812
-0.068873834
-0.088883592
-0.1121783
-0.058804144
-0.055464336
-0.052514676
-0.06552822
-0.092237927
-0.11844563
-0.12796294
-0.1309066
-0.13199207
-0.12627463
-0.12567549
-0.12531327
-0.063350815
-0.061562338
-0.060614406
-0.05429046
-0.052370312
-0.05137955
-0.13287724
-0.13248892
-0.13223045
-0.024159731
-0.049721361
-0.078687713
-0.058451718
-0.043031366
-0.023960944
-0.12327735
-0.11445666
-0.10253952
-0.016471591
-0.043197751
-0.073553197
-0.053797726
-0.037201615
-0.016616971
-0.12161034
-0.11191661
-0.098849367
-0.093740589
-0.091826553
-0.090802523
-0.010016227
-0.0064364212
-0.0046114999
0.089865617
0.10716795
0.11592315
0.099441704
0.067961382
0.03903704
-0.0025344991
0.012130686
0.021326418
0.058064364
0.026408175
-0.0002038044
0.10488499
0.12313709
0.13271242
0.11523121
0.081604001
0.050498752
0.006182438
0.021580443
0.031392017
0.071365765
0.037582576
0.0090008422
0.081811546
0.088122514
0.091378856
0.12309187
0.13044035
0.13402339
0.0279164
0.032363553
0.0345054
0.11741333
0.11409825
0.11026482
0.096774698
0.071135736
0.044457434
0.026724665
0.029167899
0.030101106
0.13433408
0.13024282
0.12526057
0.11126734
0.084569791
0.056190248
0.037185222
0.039784894
0.040747713
0.11459327
0.12096965
0.12393532
0.033772901
0.038373865
0.040567527
0.11026482
0.11409825
0.11741333
0.099441704
0.067961382
0.03903704
0.030101106
0.029167899
0.026724665
0.12526057
0.13024282
0.13433408
0.11523121
0.081604001
0.050498752
0.040747713
0.039784894
0.037185222
0.12309187
0.13044035
0.13402339
0.0279164
0.032363553
0.0345054
-0.042060405
-0.016023474
0.010261752
-0.036808174
-0.0089871351
0.019403303
-0.038314592
-0.011202757
0.015891165
-0.054645458
-0.053284743
-0.052611447
-0.032836039
-0.0038626632
0.02541533
-0.050174738
-0.048726595
-0.048009441
-0.051091743
-0.049084801
-0.048053822
0.11741333
0.11409825
0.11026482
0.096774698
0.071135736
0.044457434
0.026724665
0.029167899
0.030101106
0.099441704
0.067961382
0.03903704
0.13402339
0.13044035
0.12309187
0.12393532
0.12096965
0.11459327
0.040567527
0.038373865
0.033772901
0.0345054
0.032363553
0.0279164
-0.11977311
-0.095032614
-0.070138683
-0.11907355
-0.095461896
-0.072002248
-0.11652821
-0.09401708
-0.073492436
-0.11347035
-0.090744911
-0.071345356
-0.11269338
-0.089602815
-0.069812327
-0.11224236
-0.088971404
-0.068986856
-0.061705898
-0.05840551
-0.055521766
-0.059893548
-0.056562327
-0.053629489
-0.058936354
-0.05559705
-0.052648788
-0.06807501
-0.09395732
-0.11945723
-0.066481017
-0.09289958
-0.11885858
-0.065643285
-0.09231806
-0.11849756
-0.13268573
-0.13164156
-0.12882688
-0.13229048
-0.13121914
-0.12832244
-0.13202893
-0.13094502
-0.12800694
-0.11500489
-0.091646535
-0.070121417
-0.11770946
-0.093149605
-0.068536283
-0.11844433
-0.09265909
-0.066563563
-0.11022796
-0.08728089
-0.067230474
-0.10033125
-0.075208547
-0.05287567
-0.087010667
-0.059398412
-0.035029865
-0.077153193
-0.047717562
-0.021776862
-0.074904635
-0.04487484
-0.018426153
-0.073717276
-0.043399337
-0.016706777
-0.021663272
-0.04123922
-0.057045175
-0.018472531
-0.038698964
-0.055012887
-0.016838901
-0.03738195
-0.053945277
-0.12283729
-0.11373947
-0.10145504
-0.12210123
-0.11262358
-0.099840728
-0.12167029
-0.11200236
-0.098968601
-0.082637132
-0.053736998
-0.028235245
-0.097239304
-0.071014404
-0.047577377
-0.10811698
-0.084264287
-0.06318949
0.010372757
0.025911234
0.035722565
0.037850541
0.054543548
0.064763054
0.070241909
0.087481127
0.097050408
0.094542773
0.11222303
0.12137866
0.10107637
0.1191615
0.12864642
0.10442913
0.12266285
0.13223267
0.10462787
0.072478619
0.04284876
0.11146755
0.078381414
0.047800001
0.11478661
0.081223519
0.050180895
0.0246499
0.015175517
0.00022282989
0.028996434
0.019272481
0.0040083327
0.031108244
0.021304364
0.0059215267
0.0026837038
0.029896705
0.062190392
0.0066854864
0.034759708
0.067981889
0.0087245045
0.037245172
0.070961025
0.084074577
0.10225353
0.1126471
0.049552319
0.067151402
0.078169461
0.020084714
0.036435492
0.046948333
0.04130096
0.043611562
0.044375288
0.069891885
0.071239568
0.071185573
0.10028504
0.099163707
0.097145929
0.12299867
0.11949447
0.11534603
0.13032287
0.12648319
0.12183227
0.13386404
0.1298041
0.12486392
0.10168914
0.075675224
0.048406557
0.10795541
0.081479334
0.053470443
0.11088329
0.084209783
0.055873116
0.033660373
0.032714851
0.030210914
0.038260503
0.037302187
0.034728614
0.040454674
0.039491819
0.036895278
0.11611062
0.1145099
0.11178273
0.083672332
0.084944197
0.0846662
0.0529426
0.055370805
0.056116913
0.044375288
0.043611562
0.04130096
0.071185573
0.071239568
0.069891885
0.097145929
0.099163707
0.10028504
0.11534603
0.11949447
0.12299867
0.12183227
0.12648319
0.13032287
0.12486392
0.1298041
0.13386404
0.10462787
0.072478619
0.04284876
0.11146755
0.078381414
0.047800001
0.11478661
0.081223519
0.050180895
0.030210914
0.032714851
0.033660373
0.034728614
0.037302187
0.038260503
0.036895278
0.039491819
0.040454674
0.11178273
0.1145099
0.11611062
0.0846662
0.084944197
0.083672332
0.056116913
0.055370805
0.0529426
-0.053099868
-0.047456141
-0.043545315
-0.034973323
-0.024448792
-0.018292242
-0.014479354
-0.0010180976
0.0073759283
0.013289073
-0.013753434
-0.040402953
0.01723299
-0.010703243
-0.038123477
0.019147162
-0.0091923197
-0.036965865
-0.0066701448
0.0074227391
0.016333841
-0.028724154
-0.01780678
-0.011372195
-0.048146267
-0.042403893
-0.038352694
-0.040817881
-0.039198007
-0.038418656
-0.014351117
-0.012271715
-0.011327003
0.012362337
0.014768207
0.015766905
0.019068266
-0.0088232518
-0.036576859
0.023174978
-0.0056422468
-0.034200953
0.025153244
-0.004073951
-0.032998299
-0.051183763
-0.051870669
-0.053260189
-0.049179469
-0.049885547
-0.05131357
-0.048149751
-0.048865679
-0.050311436
0.021667696
0.024237448
0.025287661
-0.0072025715
-0.0049921123
-0.0039924871
-0.035488596
-0.033771756
-0.032945112
0.13386404
0.1298041
0.12486392
0.13032287
0.12648319
0.12183227
0.12299867
0.11949447
0.11534603
0.11088329
0.084209783
0.055873116
0.10795541
0.081479334
0.053470443
0.10168914
0.075675224
0.048406557
0.040454674
0.039491819
0.036895278
0.038260503
0.037302187
0.034728614
0.033660373
0.032714851
0.030210914
0.050180895
0.081223519
0.11478661
0.047800001
0.078381414
0.11146755
0.04284876
0.072478619
0.10462787
0.10028504
0.099163707
0.097145929
0.069891885
0.071239568
0.071185573
0.04130096
0.043611562
0.044375288
-0.11614733
-0.093350326
-0.072511938
-0.11874071
-0.094805078
-0.070975127
-0.11945633
-0.094356551
-0.069070609
-0.11546567
-0.09230801
-0.071029423
-0.11812904
-0.09379046
-0.069456735
-0.11885741
-0.093313516
-0.06750389
-0.11506323
-0.091727377
-0.070233152
-0.11776247
-0.093227593
-0.068648061
-0.11849692
-0.092738897
-0.066678107
-0.085713299
-0.057666057
-0.032928887
-0.099444194
-0.073953037
-0.05126521
-0.10965371
-0.086405579
-0.06602843
-0.083797589
-0.05520005
-0.029969255
-0.098084338
-0.072121539
-0.048952259
-0.10872051
-0.085084684
-0.06426032
-0.082778084
-0.053912647
-0.028443689
-0.097342899
-0.071148198
-0.047743467
-0.1081917
-0.084364017
-0.063319613
0.074568774
0.092181999
0.10214595
0.041539692
0.058592673
0.069181945
0.01345467
0.029313727
0.03944383
0.080582966
0.098596799
0.10889311
0.046623654
0.064062187
0.074974979
0.017667631
0.033871807
0.044286018
0.083658043
0.10181871
0.11220567
0.049203191
0.066784351
0.077794078
0.019797598
0.036131851
0.046636531
0.10553393
0.10430939
0.10210189
0.074493507
0.075848282
0.075739672
0.045199922
0.047564318
0.048328573
0.11237935
0.11094762
0.10842952
0.080447312
0.081769941
0.081562708
0.050221922
0.052638817
0.053394997
0.11567457
0.11409499
0.11139472
0.083295328
0.084573789
0.084305483
0.052625194
0.0550522
0.055800287
0.10210189
0.10430939
0.10553393
0.075739672
0.075848282
0.074493507
0.048328573
0.047564318
0.045199922
0.10842952
0.11094762
0.11237935
0.081562708
0.081769941
0.080447312
0.053394997
0.052638817
0.050221922
0.11139472
0.11409499
0.11567457
0.084305483
0.084573789
0.083295328
0.055800287
0.0550522
0.052625194
-0.012001869
0.0017051863
0.010337175
-0.033028705
-0.022355416
-0.016061581
-0.051568915
-0.045888519
-0.04190356
-0.0086200676
0.0053557859
0.014194817
-0.030312315
-0.019469611
-0.013067479
-0.049420467
-0.043693115
-0.039655842
-0.0069013499
0.0071777969
0.016083283
-0.028914793
-0.018006233
-0.011573439
-0.048297516
-0.042558531
-0.038507009
0.015463406
0.017928456
0.018944773
-0.012031641
-0.0099089213
-0.0089476195
-0.039126024
-0.037475073
-0.036680982
0.019472229
0.02201018
0.02304879
-0.0089370267
-0.0067554411
-0.0057700034
-0.036817035
-0.035122683
-0.034308152
0.021411149
0.02397704
0.025026435
-0.0074081059
-0.0052012832
-0.0042030062
-0.035646107
-0.033932172
-0.033106659
0.11567457
0.11409499
0.11139472
0.083295328
0.084573789
0.084305483
0.052625194
0.0550522
0.055800287
0.11237935
0.11094762
0.10842952
0.080447312
0.081769941
0.081562708
0.050221922
0.052638817
0.053394997
0.10553393
0.10430939
0.10210189
0.074493507
0.075848282
0.075739672
0.045199922
0.047564318
0.048328573
-0.15067172
-0.15523432
-0.16622039
-0.17189891
-0.084801907
2.4286123e-16
-0.086191786
2.5097509e-16
-0.28352483
-0.19996325
-0.29750051
-0.2085147
-0.083249948
-0.084481939
-0.25565524
-0.26979576
-0.15245548
1.810862e-16
0.15245548
-0.1070958
2.3710677e-16
0.1070958
-0.15834293
2.0032826e-16
0.15834293
-0.11026941
2.4304686e-16
0.11026941
-0.15245548
2.2010523e-16
-0.1070958
2.4898068e-16
-0.15314072
-0.15853682
-0.16375289
-0.14245384
-0.12213784
-0.098269321
-0.083419985
-0.082397578
-0.082785344
-0.15167383
-0.12437696
-0.09746746
-0.15789396
-0.16363474
-0.16923887
-0.14633905
-0.12491839
-0.10007182
-0.084690881
-0.083598481
-0.083999924
-0.15629325
-0.12736044
-0.099189431
-0.16795714
-0.17043302
-0.17172178
-0.15202519
-0.15402162
-0.15508653
-0.085148303
-0.085764824
-0.086138838
-0.083539951
-0.084088655
-0.084433422
-0.21268533
-0.23320287
-0.24895152
-0.15636183
-0.17093788
-0.18909813
-0.18090119
-0.20937104
-0.23903663
-0.22227043
-0.24467413
-0.26224906
-0.16145954
-0.17719445
-0.19681289
-0.18777211
-0.21880042
-0.2514869
-0.2602218
-0.26635222
-0.26938448
-0.2026164
-0.20633937
-0.20825305
-0.26287586
-0.2210081
-0.17669845
-0.14284085
-0.12677434
-0.11327263
-0.18598414
-0.15656967
-0.12466186
-0.26620095
-0.23693288
-0.21176633
-0.27526669
-0.23067476
-0.18380226
-0.14823215
-0.13122753
-0.11686588
-0.19350847
-0.16223885
-0.12861952
-0.27921287
-0.24814063
-0.22121532
-0.2878203
-0.2939119
-0.29706934
-0.15419117
-0.15677123
-0.15815483
-0.10800945
-0.10940125
-0.11016456
-0.12767654
-0.07890839
-0.027710945
2.009336e-16
2.1861446e-16
2.2663168e-16
-0.089188946
-0.054405995
-0.018884335
-0.13247046
-0.081876277
-0.028826801
2.1304679e-16
2.2535098e-16
2.3693188e-16
-0.091649167
-0.055741112
-0.019316322
1.7550125e-16
1.9383351e-16
1.9932959e-16
2.3301283e-16
2.3803821e-16
2.4111056e-16
0.027710945
0.07890839
0.12767654
0.14284085
0.12677434
0.11327263
0.018884335
0.054405995
0.089188946
0.028826801
0.081876277
0.13247046
0.14823215
0.13122753
0.11686588
0.019316322
0.055741112
0.091649167
0.15419117
0.15677123
0.15815483
0.10800945
0.10940125
0.11016456
-0.086888106
-0.092936594
-0.10157909
-0.088461925
-0.0950379
-0.1043597
2.3941558e-16
2.3635357e-16
2.3609677e-16
-0.070842025
-0.04337976
-0.015080257
2.5019875e-16
2.4595592e-16
2.4405774e-16
-0.071859521
-0.043874044
-0.015227074
2.4195334e-16
2.4862825e-16
2.5029966e-16
-0.12767654
-0.07890839
-0.027710945
2.2720461e-16
2.4298337e-16
2.4265898e-16
-0.089188946
-0.054405995
-0.018884335
-0.14284085
-0.12677434
-0.11327263
-0.15815483
-0.15677123
-0.15419117
1.9345862e-16
2.2966311e-16
2.2922336e-16
2.4143747e-16
2.4461178e-16
2.4856332e-16
-0.11016456
-0.10940125
-0.10800945
-0.096763759
-0.095985962
-0.096771865
-0.12313786
-0.12102278
-0.12067376
-0.14962867
-0.1456973
-0.14229292
-0.16542798
-0.16007447
-0.15455954
-0.16781858
-0.16229988
-0.15663717
-0.16906747
-0.163473
-0.15774103
-0.14359204
-0.12292336
-0.098737083
-0.14529176
-0.12414367
-0.099537116
-0.14621259
-0.12482352
-0.10000523
-0.083727886
-0.082681782
-0.083069895
-0.084292508
-0.083216262
-0.083611575
-0.084641829
-0.083551269
-0.083951889
-0.097900605
-0.12522904
-0.1530557
-0.098668704
-0.12653799
-0.15507605
-0.099124215
-0.12726028
-0.15614591
-0.15408631
-0.14985149
-0.14615769
-0.12603086
-0.12374294
-0.12332458
-0.098448001
-0.097622733
-0.098449856
-0.17792756
-0.17116943
-0.16288604
-0.20500775
-0.19481996
-0.18062029
-0.23320244
-0.21926586
-0.20085718
-0.25324716
-0.23685189
-0.21569192
-0.25900437
-0.24183146
-0.21985711
-0.26186311
-0.24433362
-0.22198053
-0.19148915
-0.17284607
-0.15789132
-0.1948447
-0.17557411
-0.16011845
-0.19657662
-0.17699881
-0.16129644
-0.18304429
-0.21236962
-0.24306397
-0.18603026
-0.21646218
-0.24845224
-0.18756256
-0.2185202
-0.25112618
-0.24496213
-0.22950608
-0.20950235
-0.21400051
-0.20287351
-0.18761057
-0.18455687
-0.17728247
-0.16849543
-0.19680211
-0.16560854
-0.13184022
-0.21995571
-0.18499708
-0.14742606
-0.24692051
-0.20762544
-0.16578288
-0.26665205
-0.2239438
-0.17880347
-0.27206341
-0.22816278
-0.18192164
-0.2748807
-0.23037299
-0.18357421
-0.1444272
-0.12807895
-0.11431585
-0.14679015
-0.13003043
-0.11589081
-0.14805923
-0.13108368
-0.11674841
-0.12581657
-0.15828805
-0.1882938
-0.1275546
-0.1607612
-0.19157561
-0.12848953
-0.16206071
-0.19327544
-0.21470401
-0.24040495
-0.27021106
-0.21881616
-0.24528674
-0.27588135
-0.22092788
-0.24779838
-0.2788131
-0.25844303
-0.21658347
-0.17231414
-0.22985884
-0.19261903
-0.1528907
-0.20512676
-0.17193456
-0.13629642
-0.094326039
-0.057542755
-0.019974742
-0.10568264
-0.064606729
-0.022463571
-0.11937906
-0.073404358
-0.025649162
-0.12906499
-0.079749346
-0.028021863
-0.13117366
-0.081056383
-0.02851388
-0.13231283
-0.081776561
-0.028788285
2.0616006e-16
2.2311481e-16
2.2831635e-16
1.9920668e-16
2.1530918e-16
2.3182695e-16
1.9829201e-16
2.2532499e-16
2.3603662e-16
-0.01899698
-0.054764308
-0.089876757
-0.019188031
-0.055353519
-0.090960446
-0.019300223
-0.055693253
-0.091564452
-0.12371562
-0.0759932
-0.026572371
-0.10920068
-0.066599577
-0.023133023
-0.097126437
-0.059080935
-0.020477129
0.019974742
0.057542755
0.094326039
0.022463571
0.064606729
0.10568264
0.025649162
0.073404358
0.11937906
0.028021863
0.079749346
0.12906499
0.02851388
0.081056383
0.13117366
0.028788285
0.081776561
0.13231283
0.1444272
0.12807895
0.11431585
0.14679015
0.13003043
0.11589081
0.14805923
0.13108368
0.11674841
0.089876757
0.054764308
0.01899698
0.090960446
0.055353519
0.019188031
0.091564452
0.055693253
0.019300223
0.026572371
0.0759932
0.12371562
0.023133023
0.066599577
0.10920068
0.020477129
0.059080935
0.097126437
-0.14669901
-0.12517603
-0.10072186
-0.15963652
-0.13494821
-0.10793381
-0.17599091
-0.14834474
-0.11817315
-0.10237107
-0.09351314
-0.087295727
-0.10359102
-0.094438031
-0.087991223
-0.10426679
-0.094964833
-0.088404154
-0.18274793
-0.1533883
-0.12165562
-0.16507824
-0.13888758
-0.11059746
-0.15101054
-0.12823092
-0.10274884
-0.0725947
-0.044457631
-0.015456631
-0.077541097
-0.047418265
-0.016475994
-0.084621341
-0.051647005
-0.017930364
2.2941325e-16
2.3947921e-16
2.4032242e-16
2.3776202e-16
2.4089659e-16
2.4852246e-16
2.405041e-16
2.4928254e-16
2.4734876e-16
-0.015105724
-0.043478261
-0.07107644
-0.015172214
-0.043700513
-0.071531441
-0.015219825
-0.043851744
-0.071817823
-0.086763351
-0.05279627
-0.018299002
-0.079138203
-0.048253225
-0.016738784
-0.073767788
-0.045046453
-0.015636262
-0.13231283
-0.081776561
-0.028788285
-0.13117366
-0.081056383
-0.02851388
-0.12906499
-0.079749346
-0.028021863
2.2584502e-16
2.3512048e-16
2.3627289e-16
2.3090043e-16
2.3885851e-16
2.3236354e-16
2.2940495e-16
2.4096766e-16
2.4468875e-16
-0.019300223
-0.055693253
-0.091564452
-0.019188031
-0.055353519
-0.090960446
-0.01899698
-0.054764308
-0.089876757
-0.11674841
-0.13108368
-0.14805923
-0.11589081
-0.13003043
-0.14679015
-0.11431585
-0.12807895
-0.1444272
-0.11937906
-0.073404358
-0.025649162
-0.10568264
-0.064606729
-0.022463571
-0.094326039
-0.057542755
-0.019974742
-0.15095515
-0.14692276
-0.14341426
-0.12395981
-0.12179141
-0.1214154
-0.097184217
-0.096396357
-0.097195305
-0.1529066
-0.14874186
-0.14511202
-0.12523038
-0.12298534
-0.1225808
-0.097937004
-0.097126454
-0.097943599
-0.15394275
-0.14971659
-0.14602927
-0.125933
-0.12365037
-0.12323341
-0.098383535
-0.097560305
-0.098385986
-0.23700922
-0.22252748
-0.20357505
-0.20786806
-0.19733757
-0.18278014
-0.17999941
-0.17305006
-0.16460529
-0.24209005
-0.2269643
-0.20732304
-0.21176495
-0.20083866
-0.18582036
-0.18287395
-0.17570912
-0.16704095
-0.24462284
-0.22920344
-0.20924301
-0.2137341
-0.20262905
-0.1873953
-0.18435643
-0.17709314
-0.16832199
-0.25043989
-0.21034849
-0.16771705
-0.22299432
-0.18731853
-0.14904144
-0.19936241
-0.16753326
-0.13314916
-0.25547134
-0.21425823
-0.17058392
-0.22731648
-0.19064408
-0.15143966
-0.20299298
-0.1702923
-0.13510513
-0.25808516
-0.21630409
-0.17210413
-0.22955289
-0.19238172
-0.15271441
-0.20487009
-0.1717371
-0.13615136
-0.12063029
-0.074132808
-0.025904341
-0.10668997
-0.065160119
-0.022645591
-0.095117475
-0.057961781
-0.020108131
-0.12253793
-0.075273044
-0.026311407
-0.10823753
-0.066038044
-0.022940954
-0.096350087
-0.058639996
-0.020330066
-0.12357211
-0.07590532
-0.026540147
-0.10908301
-0.066530774
-0.023109167
-0.097031203
-0.05902665
-0.020458749
0.025904341
0.074132808
0.12063029
0.022645591
0.065160119
0.10668997
0.020108131
0.057961781
0.095117475
0.026311407
0.075273044
0.12253793
0.022940954
0.066038044
0.10823753
0.020330066
0.058639996
0.096350087
0.026540147
0.07590532
0.12357211
0.023109167
0.066530774
0.10908301
0.020458749
0.05902665
0.097031203
-0.17805857
-0.14986577
-0.1191798
-0.16127541
-0.13611167
-0.10867984
-0.14796983
-0.12605104
-0.1012627
-0.18100487
-0.15206584
-0.12071008
-0.1636526
-0.13783365
-0.10985403
-0.14985802
-0.12739027
-0.10216018
-0.18253774
-0.15322886
-0.12153995
-0.16490565
-0.1387598
-0.11050581
-0.15087004
-0.12812833
-0.10267556
-0.085211559
-0.051949393
-0.018024165
-0.077960779
-0.047624086
-0.016537693
-0.072880075
-0.044586947
-0.015492703
-0.086155964
-0.052457132
-0.018187439
-0.078667796
-0.047994676
-0.016654718
-0.073402263
-0.044849966
-0.01557337
-0.086688404
-0.052754251
-0.018284926
-0.079079566
-0.048220816
-0.016728019
-0.073721654
-0.045021476
-0.015628044
-0.12357211
-0.07590532
-0.026540147
-0.10908301
-0.066530774
-0.023109167
-0.097031203
-0.05902665
-0.020458749
-0.12253793
-0.075273044
-0.026311407
-0.10823753
-0.066038044
-0.022940954
-0.096350087
-0.058639996
-0.020330066
-0.12063029
-0.074132808
-0.025904341
-0.10668997
-0.065160119
-0.022645591
-0.095117475
-0.057961781
-0.020108131
-0.084602851
1.7956698e-16
-0.085226585
1.7030761e-16
-0.08393419
-0.085372903
1.7503644e-16
1.7456934e-16
-0.14162495
-0.10269046
1.8234972e-16
1.8082004e-16
-0.082015121
1.6830079e-16
-0.10949097
1.6744202e-16
-0.15017332
-0.1569856
-0.15017332
-0.10663477
-0.10988562
-0.10663477
1.9675356e-16
1.8504917e-16
1.5313415e-16
1.8351298e-16
1.7683718e-16
1.6105666e-16
0.15017332
0.1569856
0.10663477
0.10988562
-0.084193969
-0.083965657
-0.084646037
-0.084026852
-0.083416295
-0.083629315
-0.08243843
-0.081254277
-0.081564755
-0.083509266
-0.081917967
-0.081803413
1.7949293e-16
1.8080259e-16
1.8270109e-16
1.8002122e-16
1.7507138e-16
1.8302694e-16
1.7578996e-16
1.7040084e-16
1.5905195e-16
1.7808011e-16
1.6705033e-16
1.5347891e-16
-0.071206852
-0.043606893
-0.015159734
-0.071039623
-0.043766146
-0.015260027
-0.070115992
-0.042933456
-0.014924473
-0.067986259
-0.041217122
-0.014262026
-0.10311391
-0.10504588
-0.10789454
-0.086035921
-0.090732483
-0.097963547
-0.087678157
-0.094422423
-0.10368831
1.9259158e-16
1.7022314e-16
1.7451354e-16
1.7758228e-16
1.9161046e-16
1.952484e-16
1.8818063e-16
1.6922054e-16
1.7944071e-16
-0.09127057
-0.055728434
-0.019347137
-0.08605067
-0.052905609
-0.018426813
-0.14168708
-0.14406228
-0.14801515
-0.14114804
-0.12585729
-0.11273223
-0.10270055
-0.10377581
-0.10562076
-0.1334835
-0.11971719
-0.10802855
1.7358366e-16
1.785821e-16
1.8964881e-16
1.940993e-16
1.8000226e-16
1.7113896e-16
1.9399628e-16
1.8329586e-16
1.8428693e-16
1.5133088e-16
1.6367468e-16
1.7599819e-16
-0.11861367
-0.072888907
-0.025378677
-0.12504201
-0.076218126
-0.026434226
-0.088800519
-0.054148642
-0.018787187
-0.15220064
-0.15519317
-0.15677019
-0.14711739
-0.13056116
-0.11643983
-0.10759215
-0.10901686
-0.10978129
1.8865244e-16
1.7731774e-16
1.8490093e-16
1.6916927e-16
1.7330538e-16
1.6994123e-16
1.7926299e-16
1.7756521e-16
1.731289e-16
-0.13056263
-0.079418643
-0.027508038
-0.091342992
-0.055548669
-0.019243888
-0.15677019
-0.15519317
-0.15220064
-0.14114804
-0.12585729
-0.11273223
-0.10978129
-0.10901686
-0.10759215
1.8264873e-16
1.6082253e-16
1.5557185e-16
1.5755855e-16
1.5430955e-16
1.5886584e-16
1.7271679e-16
1.6626444e-16
1.6347547e-16
-0.12504201
-0.076218126
-0.026434226
-0.088800519
-0.054148642
-0.018787187
-0.086140106
-0.092393061
-0.10113301
1.7353099e-16
1.728924e-16
1.7454414e-16
-0.087758211
-0.094533361
-0.10396914
-0.084300743
-0.084938341
-0.085319233
1.7514295e-16
1.7590156e-16
1.7530749e-16
1.7221306e-16
1.7664698e-16
1.7499637e-16
-0.071187374
-0.043473137
-0.015089346
0.15220064
0.15519317
0.15677019
0.14711739
0.13056116
0.11643983
0.10759215
0.10901686
0.10978129
0.14114804
0.12585729
0.11273223
0.026434226
0.076218126
0.12504201
0.027508038
0.079418643
0.13056263
0.019243888
0.055548669
0.091342992
0.018787187
0.054148642
0.088800519
-0.08134984
-0.08103937
-0.082177548
-0.081459121
-0.081093138
-0.082104554
-0.08298849
-0.082475539
-0.083048847
-0.070778403
-0.070358464
-0.070660326
-0.043399239
-0.04325666
-0.043519285
-0.015096809
-0.015066407
-0.015170478
-0.070512311
-0.06988646
-0.069916361
-0.043423344
-0.042958296
-0.042863659
-0.015135977
-0.014960903
-0.014909031
-0.068816058
-0.067640708
-0.067686684
-0.042097332
-0.041239785
-0.041105878
-0.014628127
-0.014308281
-0.014235232
-0.067883711
-0.068189827
-0.069712119
-0.041223492
-0.041571142
-0.042646679
-0.014275682
-0.014422764
-0.014819224
1.7626969e-16
1.8317406e-16
1.7488395e-16
1.6769702e-16
1.7117906e-16
1.6963795e-16
1.7445397e-16
1.6857726e-16
1.8475701e-16
-0.087005658
-0.086081494
-0.085986969
-0.09344445
-0.091863601
-0.090958809
-0.10232484
-0.099918457
-0.098323906
-0.090010688
-0.087837771
-0.086391619
-0.055029116
-0.053863705
-0.053100093
-0.019116655
-0.018739082
-0.018493094
-0.082116415
-0.07613386
-0.072237144
-0.050514961
-0.046894996
-0.044518548
-0.017599111
-0.016347992
-0.01552285
-0.073271291
-0.078826746
-0.08645937
-0.044882968
-0.048233466
-0.052819037
-0.01560579
-0.016762886
-0.018342484
1.7441915e-16
1.7575218e-16
1.9117526e-16
1.7041743e-16
1.7743914e-16
1.7335246e-16
1.8637202e-16
1.7993646e-16
1.7692432e-16
-0.10806099
-0.10937447
-0.11155392
-0.11977729
-0.12151073
-0.12433901
-0.13355099
-0.13569935
-0.13923417
-0.11862977
-0.1203318
-0.12333541
-0.07285178
-0.073684118
-0.075275487
-0.025360044
-0.025614434
-0.026125245
-0.11751436
-0.10476548
-0.09384595
-0.071617437
-0.063832438
-0.057196002
-0.024835958
-0.022134496
-0.019837809
-0.088034667
-0.086720652
-0.086025795
-0.053757036
-0.053134616
-0.052858886
-0.018664515
-0.018478327
-0.018406492
-0.090500042
-0.10027762
-0.1118021
-0.055621818
-0.061618175
-0.068703302
-0.019368396
-0.021453243
-0.023920734
1.7242711e-16
1.8534509e-16
1.8013617e-16
1.8329541e-16
1.8802789e-16
1.8016619e-16
1.8345553e-16
1.7400381e-16
1.7197938e-16
-0.11383546
-0.11545929
-0.11632274
-0.12726925
-0.12933075
-0.13041465
-0.14293548
-0.14555534
-0.14693153
-0.12665127
-0.1290842
-0.13038147
-0.0771284
-0.078538903
-0.07930934
-0.026734654
-0.02720818
-0.027470035
-0.12230988
-0.10849627
-0.096758074
-0.074364105
-0.065931679
-0.05881192
-0.025751772
-0.022828114
-0.020367383
-0.091258118
-0.090648767
-0.08952973
-0.055500142
-0.055153392
-0.054536185
-0.019227466
-0.019112239
-0.018910502
1.8749768e-16
1.7619677e-16
1.8344569e-16
1.8232633e-16
1.8078199e-16
1.7224454e-16
1.8350913e-16
1.7536638e-16
1.7643572e-16
-0.11632274
-0.11545929
-0.11383546
-0.13041465
-0.12933075
-0.12726925
-0.14693153
-0.14555534
-0.14293548
-0.13038147
-0.1290842
-0.12665127
-0.07930934
-0.078538903
-0.0771284
-0.027470035
-0.02720818
-0.026734654
-0.11751436
-0.10476548
-0.09384595
-0.071617437
-0.063832438
-0.057196002
-0.024835958
-0.022134496
-0.019837809
-0.08952973
-0.090648767
-0.091258118
-0.054536185
-0.055153392
-0.055500142
-0.018910502
-0.019112239
-0.019227466
1.7186144e-16
1.5637474e-16
1.5183746e-16
1.6417813e-16
1.617544e-16
1.5818048e-16
1.7513112e-16
1.6635966e-16
1.6092173e-16
-0.085730264
-0.085365055
-0.08577088
-0.090635468
-0.090905977
-0.091804118
-0.097940287
-0.098762288
-0.10027799
-0.084256329
-0.077094742
-0.071971491
-0.05141907
-0.047146699
-0.044075546
-0.017847794
-0.016380889
-0.015323329
1.9171934e-16
1.8233461e-16
1.8313236e-16
1.9755239e-16
1.8356783e-16
1.7096582e-16
1.8329102e-16
1.756576e-16
1.8429829e-16
-0.086567131
-0.087281655
-0.087699975
-0.092990232
-0.093931879
-0.094460413
-0.10195814
-0.10320124
-0.10387695
-0.086461885
-0.078738928
-0.073194536
-0.05262276
-0.048023745
-0.044706825
-0.018238019
-0.016660716
-0.015519946
-0.071144663
-0.070849485
-0.070371084
-0.043449788
-0.043290089
-0.043047981
-0.01508165
-0.015030499
-0.014956097
1.7954851e-16
1.7730499e-16
1.8149514e-16
1.8235386e-16
1.7716195e-16
1.7458771e-16
1.7810229e-16
1.7955626e-16
1.801798e-16
0.026734654
0.02720818
0.027470035
0.0771284
0.078538903
0.07930934
0.12665127
0.1290842
0.13038147
0.025751772
0.022828114
0.020367383
0.074364105
0.065931679
0.05881192
0.12230988
0.10849627
0.096758074
0.019227466
0.019112239
0.018910502
0.055500142
0.055153392
0.054536185
0.091258118
0.090648767
0.08952973
0.019837809
0.022134496
0.024835958
0.057196002
0.063832438
0.071617437
0.09384595
0.10476548
0.11751436
0.14293548
0.14555534
0.14693153
0.12726925
0.12933075
0.13041465
0.11383546
0.11545929
0.11632274
-0.069331074
-0.069058305
-0.069646954
-0.067871098
-0.06774725
-0.068743141
-0.067577116
-0.067523677
-0.068650636
-0.042469746
-0.042420464
-0.042866757
-0.041439016
-0.041500608
-0.042222663
-0.041105493
-0.041228403
-0.0420501
-0.014766753
-0.014769435
-0.01493768
-0.014387156
-0.014431138
-0.014699871
-0.014246
-0.014314242
-0.014620366
-0.085390749
-0.083577341
-0.082402963
-0.078074022
-0.076928445
-0.076308982
-0.072766165
-0.072145872
-0.072177011
-0.052233882
-0.051280009
-0.050676316
-0.047834906
-0.047271127
-0.04698984
-0.044629905
-0.04436832
-0.044469525
-0.018151061
-0.017845526
-0.017653802
-0.01663508
-0.016461858
-0.016379659
-0.015527275
-0.015456127
-0.015504214
-0.1118215
-0.11334812
-0.11601238
-0.10029073
-0.10149565
-0.10359101
-0.090490983
-0.091369949
-0.092947867
-0.068670656
-0.069405112
-0.070797727
-0.061586295
-0.062141932
-0.063206026
-0.055581781
-0.055958212
-0.056728953
-0.023903737
-0.024125777
-0.024569087
-0.021436954
-0.021600245
-0.021933176
-0.01934989
-0.019454644
-0.019689923
-0.11892194
-0.1210339
-0.12215582
-0.10586226
-0.10750332
-0.10837619
-0.09469195
-0.095972585
-0.096662692
-0.072404297
-0.073614533
-0.074273246
-0.064433445
-0.06535771
-0.065862035
-0.057650909
-0.0583625
-0.058757193
-0.025093997
-0.025497921
-0.025720584
-0.022329442
-0.022635255
-0.022804387
-0.019983649
-0.020217275
-0.020348838
-0.12215582
-0.1210339
-0.11892194
-0.10837619
-0.10750332
-0.10586226
-0.096662692
-0.095972585
-0.09469195
-0.074273246
-0.073614533
-0.072404297
-0.065862035
-0.06535771
-0.064433445
-0.058757193
-0.0583625
-0.057650909
-0.025720584
-0.025497921
-0.025093997
-0.022804387
-0.022635255
-0.022329442
-0.020348838
-0.020217275
-0.019983649
-0.082064267
-0.0825638
-0.083617464
-0.076026435
-0.076098325
-0.076667876
-0.071952591
-0.071530403
-0.071718363
-0.050454691
-0.050623135
-0.05109989
-0.046806971
-0.046739599
-0.046947191
-0.044324045
-0.043976871
-0.043974918
-0.017574431
-0.017611302
-0.017749224
-0.016314424
-0.016273168
-0.016322109
-0.015452228
-0.015317616
-0.015297389
-0.08487905
-0.085850383
-0.086386993
-0.077535612
-0.078263073
-0.078679908
-0.072276808
-0.072820606
-0.073147614
-0.051745461
-0.052276512
-0.052580201
-0.047368817
-0.047757852
-0.047990601
-0.044220166
-0.044501723
-0.04468094
-0.017950584
-0.01812315
-0.018223652
-0.016448808
-0.016573325
-0.0166496
-0.01536527
-0.015453372
-0.01551133
0.025093997
0.025497921
0.025720584
0.022329442
0.022635255
0.022804387
0.019983649
0.020217275
0.020348838
0.072404297
0.073614533
0.074273246
0.064433445
0.06535771
0.065862035
0.057650909
0.0583625
0.058757193
0.11892194
0.1210339
0.12215582
0.10586226
0.10750332
0.10837619
0.09469195
0.095972585
0.096662692
