MFEM mesh v1.0

#
# MFEM Geometry Types (see mesh/geom.hpp):
#
# POINT       = 0
# SEGMENT     = 1
# TRIANGLE    = 2
# SQUARE      = 3
# TETRAHEDRON = 4
# CUBE        = 5
#

dimension
3

elements
5
1 5 8 3 0 1 19 9 4 10
1 5 12 5 16 20 13 6 17 21
1 5 13 6 17 21 14 7 18 23
1 5 15 14 23 22 2 1 10 11
1 5 14 7 18 23 1 0 4 10

boundary
22
41 3 8 3 9 19
41 3 1 8 19 10
41 3 2 1 10 11
41 3 1 0 3 8
41 3 3 0 4 9
41 3 19 9 4 10
41 3 12 5 6 13
41 3 13 6 7 14
41 3 15 14 1 2
41 3 14 7 0 1
41 3 5 16 17 6
41 3 6 17 18 7
41 3 7 18 4 0
41 3 20 16 5 12
41 3 20 12 13 21
41 3 16 20 21 17
41 3 21 13 14 23
41 3 22 23 14 15
41 3 17 21 23 18
41 3 22 15 2 11
41 3 23 22 11 10
41 3 18 23 10 4

vertices
24

nodes
FiniteElementSpace
FiniteElementCollection: H1_3D_P4
VDim: 3
Ordering: 0

-0.072282681
-0.12552145
-0.20609602
-0.066449439
-0.064571523
0.19396305
0.042399647
-0.034346884
-0.12826879
-0.055651449
-0.12661098
-0.20734485
0.063118382
-0.048044756
-0.10195872
-0.19962217
0.24847343
0.07733117
-0.012592879
-0.13305751
0.092726462
-0.031599783
-0.19875588
-0.095037873
-0.074293252
-0.093365462
-0.11568114
-0.071553679
-0.069466641
-0.067407686
-0.077010687
-0.092876383
-0.11334053
-0.12635171
-0.12765485
-0.12819138
-0.069171493
-0.094649635
-0.11977847
-0.062952489
-0.05968912
-0.056860408
-0.072379153
-0.09148723
-0.11392757
-0.12909427
-0.13184919
-0.13286812
-0.13040776
-0.13259277
-0.133107
-0.06461044
-0.060761276
-0.057236285
-0.071416057
-0.068776884
-0.065957888
-0.12619886
-0.12697772
-0.12687781
0.17761954
0.13927435
0.091317482
0.20371461
0.22282701
0.24051992
0.22875039
0.18193156
0.12556927
0.067220282
0.076900736
0.087551163
0.031277675
0.0045540258
-0.028598938
0.048423451
0.060716852
0.072176107
0.06261028
0.029400173
-0.0093162761
-0.046207631
-0.040917181
-0.034698153
0.036947138
-0.0033954647
-0.034453961
0.15817717
0.10344519
0.061094114
0.20863931
0.14702189
0.098784834
0.06414011
0.019322474
-0.015961013
-0.042188938
-0.062244886
-0.087308644
-0.030496019
-0.022610626
-0.015638032
-0.024159731
-0.049721361
-0.078687713
-0.10132012
-0.099179936
-0.096449341
-0.060081661
-0.079413879
-0.095014962
0.025683513
-0.0015543827
-0.024088777
0.058064364
0.026408175
-0.0002038044
-0.045551292
-0.068157077
-0.086661828
-0.11748478
-0.14875223
-0.18176939
-0.18008155
-0.14536228
-0.11195474
-0.19936607
-0.19902537
-0.19882535
-0.13832653
-0.16417749
-0.19140861
-0.13978838
-0.16582067
-0.19284437
-0.2063092
-0.20675142
-0.20716044
-0.2055515
-0.20386086
-0.20134202
-0.1235515
-0.11736352
-0.1080533
-0.12327735
-0.11445666
-0.10253952
-0.20633334
-0.20396292
-0.20081988
-0.069178618
-0.058400491
-0.043639409
-0.058451718
-0.043031366
-0.023960944
-0.1142492
-0.093685598
-0.077371219
-0.1154471
-0.094208033
-0.076427142
-0.11574206
-0.093706211
-0.07500874
-0.1179227
-0.095544417
-0.075097803
-0.11987162
-0.096357232
-0.072991836
-0.12003125
-0.095325515
-0.070476147
-0.065612969
-0.067833172
-0.070243972
-0.061855411
-0.064361057
-0.067309704
-0.058406756
-0.061167619
-0.064364411
-0.077204726
-0.093510449
-0.1140848
-0.07569013
-0.093453204
-0.11473328
-0.073515883
-0.092224976
-0.11435413
-0.12784442
-0.12958961
-0.13029341
-0.12914002
-0.13154426
-0.13242465
-0.12928075
-0.13193589
-0.13292979
-0.11977311
-0.095032614
-0.070138683
-0.11907355
-0.095461896
-0.072002248
-0.11652821
-0.09401708
-0.073492436
0.11963203
0.1748993
0.22093311
0.10730141
0.15955665
0.20396794
0.096034064
0.14468755
0.18537454
0.063110974
0.10756265
0.14315602
0.019621625
0.058763205
0.090198377
-0.01389901
0.021107485
0.049305004
0.16709116
0.18481186
0.20124006
0.1110461
0.12634189
0.14059399
0.067610113
0.080856399
0.093214724
0.19025535
0.14677794
0.094562088
0.13041917
0.091840367
0.045962837
0.083479785
0.048609941
0.0076770381
0.059323197
0.049490838
0.040548503
0.015213044
0.0068673729
-0.00055404261
-0.019398871
-0.026322205
-0.032307102
-0.026473178
0.0070352252
0.035360795
-0.020211932
0.015633093
0.046848718
-0.012922184
0.025017018
0.057586538
-0.041638848
-0.01016987
0.015205087
-0.062646411
-0.033994751
-0.010923492
-0.079687422
-0.053462746
-0.032430112
0.03126239
0.04268596
0.053303718
0.0032780897
0.01321401
0.022349859
-0.019903268
-0.011316863
-0.0035889778
0.043897641
0.012208156
-0.024499268
0.013256058
-0.015826151
-0.049163648
-0.012338373
-0.039058117
-0.069457981
-0.048326788
-0.053874109
-0.058524955
-0.070357416
-0.07472368
-0.078291445
-0.088333214
-0.091612856
-0.094228305
-0.086527388
-0.061203572
-0.040003888
-0.083799857
-0.056882076
-0.033227303
-0.080414074
-0.052002662
-0.027016958
-0.18035039
-0.14603281
-0.1130931
-0.1808905
-0.14728019
-0.11523688
-0.18145523
-0.14832306
-0.1169196
-0.18430621
-0.15277889
-0.12290128
-0.18806914
-0.15882404
-0.13111471
-0.19058979
-0.16286114
-0.13657747
-0.10755741
-0.10589605
-0.1036962
-0.11712036
-0.11640279
-0.11518755
-0.1237315
-0.12407625
-0.12365475
-0.11859641
-0.15026514
-0.18314569
-0.12906592
-0.1579064
-0.18786698
-0.13679997
-0.1635676
-0.19139194
-0.20083865
-0.20092699
-0.20114337
-0.20389573
-0.20378045
-0.20376676
-0.20618449
-0.2058808
-0.20559511
-0.19172927
-0.16468102
-0.13897512
-0.19230116
-0.16545089
-0.13981385
-0.1927061
-0.16579258
-0.13993512
-0.094039713
-0.07003304
-0.050948142
-0.10439091
-0.082258297
-0.064759696
-0.11124565
-0.090497424
-0.074448754
-0.040070303
-0.032894598
-0.026652322
-0.055492002
-0.049855647
-0.045140937
-0.067172316
-0.06348633
-0.060057044
-0.035029865
-0.059398412
-0.087010667
-0.05287567
-0.075208547
-0.10033125
-0.067230474
-0.08728089
-0.11022796
-0.11795996
-0.095858783
-0.075860899
-0.11748841
-0.096190129
-0.077217038
-0.11586884
-0.09523697
-0.07814632
-0.11986641
-0.096680968
-0.073846593
-0.11925611
-0.097025991
-0.075459084
-0.11701316
-0.095674577
-0.076693194
-0.1200345
-0.095700289
-0.071418097
-0.11934295
-0.096094517
-0.07320602
-0.11688674
-0.094686648
-0.074641627
0.067242729
0.11228862
0.15003909
0.077649116
0.12602717
0.167257
0.089031179
0.14021961
0.18295961
0.022881348
0.062489408
0.095820235
0.031545071
0.074028019
0.11053139
0.041229447
0.08619475
0.12409223
-0.011426435
0.023966727
0.053856118
-0.0043855608
0.033511975
0.066375076
0.0036934525
0.043806763
0.078025988
-0.039829172
-0.0080283473
0.018859965
-0.034284799
-0.00029769226
0.029403689
-0.027746792
0.0082228829
0.039280314
-0.061322826
-0.032374097
-0.0079415266
-0.056990895
-0.026108239
0.00099760459
-0.051772022
-0.01910155
0.0093648684
-0.078741432
-0.052245402
-0.029997977
-0.075478332
-0.04727195
-0.022493021
-0.071476031
-0.04167066
-0.015542493
-0.18406532
-0.15245287
-0.12246747
-0.18368413
-0.15170755
-0.12119852
-0.1833277
-0.15078074
-0.11951365
-0.18795953
-0.15867887
-0.13091109
-0.18792632
-0.15850726
-0.13045394
-0.18790408
-0.1581652
-0.12961427
-0.19067271
-0.16300845
-0.13675865
-0.19104011
-0.16348417
-0.13720876
-0.19130208
-0.16361233
-0.13704464
-0.093422957
-0.069173975
-0.049027028
-0.09123712
-0.065520361
-0.04300741
-0.08845108
-0.061349102
-0.037533814
-0.10406033
-0.081718544
-0.063299172
-0.10295447
-0.079412218
-0.058814769
-0.10128932
-0.076596508
-0.054787375
-0.11140774
-0.090521599
-0.073790889
-0.1115325
-0.08982799
-0.071314602
-0.11078453
-0.088175278
-0.068594903
0.14235082
0.15297542
0.16024011
0.085685808
0.15067172
0.37093401
0.2509096
0.17837139
0.086649793
0.084801907
0.16622039
0.17469473
0.43775954
0.29343711
0.20459288
0.21778967
0.41857316
0.28352483
0.19996325
0.083249948
0.55892108
0.37426538
0.27553742
0.25565524
0.085398594
0.085320451
0.086068969
0.1374372
0.12065127
0.098748073
0.14349751
0.14705163
0.15097418
0.14488134
0.12450513
0.10035198
0.083419985
0.082397578
0.082785344
0.14245384
0.12213784
0.098269321
0.15314072
0.15853682
0.16375289
0.15167383
0.12437696
0.09746746
0.084913793
0.083254928
0.083068304
0.085073443
0.084382523
0.084524629
0.1432571
0.14607656
0.14914579
0.15512184
0.15981266
0.16420906
0.38313373
0.40634548
0.42796573
0.37898351
0.39555948
0.41135334
0.44872591
0.49972072
0.54098167
0.46554712
0.51019678
0.54447267
0.25787203
0.27253872
0.2867688
0.25633817
0.26776484
0.27858944
0.30292498
0.33570563
0.36250442
0.31196648
0.34179786
0.36468183
0.4074965
0.35677357
0.3135868
0.34569468
0.30351735
0.26762724
0.38988744
0.34247906
0.30230706
0.52036894
0.45563101
0.40026483
0.18266278
0.19190172
0.2005811
0.18207761
0.18984122
0.19685024
0.21268533
0.23320287
0.24895152
0.21686899
0.23603111
0.24998165
0.27489866
0.24371265
0.21704763
0.23555723
0.20988982
0.18826025
0.26620095
0.23693288
0.21176633
0.35018902
0.30915063
0.27307144
0.2081335
0.21346292
0.21683356
0.2742016
0.26932878
0.26126161
0.23129971
0.25274052
0.26887354
0.15480541
0.1577054
0.1596477
0.16842906
0.17181754
0.17403034
0.16254773
0.16760119
0.17245207
0.16684028
0.18376326
0.20503615
0.1588552
0.17409356
0.19315145
0.18090119
0.20937104
0.23903663
0.19087838
0.22272366
0.25653043
0.14519363
0.1553091
0.16942494
0.15636183
0.17093788
0.18909813
0.14317433
0.13995906
0.13756935
0.12330928
0.12123059
0.12039081
0.099569646
0.098484968
0.098400868
0.08439079
0.083817233
0.084234569
0.082788691
0.082353559
0.083194342
0.082602747
0.082215019
0.083190515
0.098044571
0.12002372
0.13724811
0.097442412
0.12008932
0.13886004
0.097836102
0.12136147
0.14121155
0.1449739
0.14893786
0.15306448
0.14823915
0.15300472
0.15759625
0.15154147
0.15677181
0.1618269
0.14430395
0.12261408
0.098453603
0.14693235
0.12217044
0.096958742
0.15006077
0.12352684
0.097088245
0.096763759
0.095985962
0.096771865
0.12313786
0.12102278
0.12067376
0.14962867
0.1456973
0.14229292
0.52789816
0.48911689
0.4406535
0.49638672
0.46450242
0.42229191
0.45465174
0.43017511
0.40031948
0.39827797
0.37810105
0.35668317
0.34861218
0.33100062
0.312609
0.30641894
0.29108647
0.27523847
0.35309506
0.36850959
0.38317302
0.31001418
0.32361979
0.3365572
0.27339735
0.2855301
0.29704544
0.41778488
0.46507324
0.50357152
0.36654287
0.40743143
0.44093268
0.32317684
0.35854478
0.38753081
0.50692331
0.47499191
0.43338662
0.44385891
0.41586535
0.37942137
0.38996115
0.36540642
0.3334378
0.30455927
0.28822045
0.26931749
0.33250068
0.31145782
0.28460675
0.35372411
0.32845488
0.2973719
0.2687163
0.25552783
0.24194597
0.23841513
0.22707667
0.21534586
0.2126046
0.20301047
0.19293579
0.24066396
0.25142352
0.26158323
0.21442333
0.22397913
0.23290858
0.1922569
0.20064811
0.2083411
0.28425451
0.31463424
0.33936682
0.25270424
0.27894674
0.30001432
0.22550678
0.24796037
0.26555258
0.34130421
0.32001685
0.29219784
0.3015455
0.28316078
0.25889003
0.26673964
0.25121888
0.23030076
0.21241892
0.20238275
0.19037527
0.23054413
0.21783599
0.20084347
0.24367354
0.22870602
0.20916776
0.26760053
0.26295987
0.25530569
0.251588
0.2474282
0.2406607
0.23027356
0.2266223
0.22078931
0.20415957
0.20110813
0.19632446
0.18301943
0.18049584
0.17661733
0.16620188
0.16408517
0.16089297
0.20449482
0.22170847
0.2340873
0.18339818
0.1966328
0.20566256
0.16502236
0.17254741
0.17843063
0.243961
0.25103437
0.25533816
0.21303988
0.21842055
0.22176843
0.18356208
0.18756027
0.19012333
0.25077415
0.23659802
0.21747859
0.21850443
0.20837887
0.1939165
0.18812198
0.18163066
0.17355921
0.16194767
0.15997098
0.15700614
0.16698087
0.16492476
0.16181348
0.17180408
0.16964686
0.16635343
0.18958129
0.18178211
0.17338187
0.17125406
0.16522834
0.15854493
0.15661898
0.15206694
0.14747341
0.17287582
0.17998459
0.18631592
0.15814844
0.16381845
0.16871249
0.14717122
0.15097986
0.15462816
0.20085718
0.21926586
0.23320244
0.18062029
0.19481996
0.20500775
0.16288604
0.17116943
0.17792756
0.097721177
0.096830761
0.097078375
0.12147117
0.11958151
0.11908688
0.14257344
0.13943172
0.13699862
0.096274842
0.095494967
0.096140084
0.12102591
0.11910088
0.11881214
0.14508652
0.14160889
0.1386808
0.09638831
0.095627293
0.096376167
0.12231383
0.12026728
0.11993349
0.14807457
0.14428195
0.14100546
0.42314469
0.40021133
0.37265954
0.46200893
0.43217148
0.39314729
0.49138578
0.45518169
0.41028205
0.37034729
0.35022086
0.32653074
0.40440229
0.37830741
0.344698
0.43022246
0.39868883
0.35989942
0.32547535
0.30789428
0.28747785
0.35538811
0.33269275
0.30369966
0.37811492
0.35080186
0.3172651
0.28533656
0.2701737
0.25266797
0.31142199
0.29193994
0.26706434
0.33120759
0.30786699
0.2790585
0.25301418
0.23994798
0.2248051
0.27583342
0.25912025
0.23760567
0.29299668
0.27307416
0.24816955
0.22537994
0.21429422
0.20125611
0.24511685
0.23101968
0.21251947
0.25968193
0.24299455
0.2216472
0.21654147
0.21324047
0.20801467
0.235554
0.23182889
0.22582194
0.24963328
0.24551702
0.23878233
0.19312306
0.19040373
0.18618245
0.20751552
0.2045208
0.19979601
0.21758243
0.21435304
0.20918755
0.17289338
0.17065292
0.16724657
0.18093091
0.17856791
0.17493309
0.1873884
0.18489328
0.18101769
0.20056256
0.19152192
0.18062463
0.21688932
0.20553702
0.19019055
0.22858876
0.21530082
0.1977367
0.18027949
0.17331262
0.16456554
0.19291528
0.1843912
0.1722915
0.2015209
0.19174102
0.17812517
0.16267032
0.15750238
0.15177987
0.16991507
0.16403298
0.15674328
0.17558727
0.16903044
0.16103012
-0.1407231
-0.1509312
-0.15834916
-0.14912767
-0.084602851
-0.36204072
-0.24629866
-0.17637382
-0.16401453
-0.08393419
-0.085226585
-0.08837315
-0.42824044
-0.28807716
-0.20189501
-0.21539192
-0.20396961
-0.14162495
-0.10269046
-0.082015121
-0.23013366
-0.15542841
-0.11597792
-0.10949097
-0.15145151
-0.15658798
-0.16160951
-0.14165457
-0.14452085
-0.14760508
-0.14179023
-0.1451616
-0.14896369
-0.15305574
-0.15769285
-0.16203264
-0.08243843
-0.081254277
-0.081564755
-0.084026852
-0.083416295
-0.083629315
-0.084193969
-0.083965657
-0.084646037
-0.083509266
-0.081917967
-0.081803413
-0.14963404
-0.12263995
-0.096050543
-0.14097573
-0.12087842
-0.097260338
-0.13583574
-0.11918871
-0.09751595
-0.14287429
-0.1226508
-0.098752812
-0.37321485
-0.39592702
-0.41794732
-0.34073645
-0.29250438
-0.23582297
-0.20599411
-0.2138244
-0.22448673
-0.39832682
-0.33557479
-0.2675783
-0.25278354
-0.26705101
-0.28127341
-0.23332077
-0.20171173
-0.16350686
-0.14246403
-0.14643559
-0.15223062
-0.26813922
-0.22628085
-0.18066932
-0.39851827
-0.34920431
-0.30750825
-0.33733964
-0.29660105
-0.26227054
-0.19094451
-0.16911576
-0.15042799
-0.21422224
-0.18796632
-0.16578895
-0.18047091
-0.18941512
-0.19791782
-0.16786873
-0.14583081
-0.11851873
-0.10311391
-0.10504588
-0.10789454
-0.18833318
-0.15928932
-0.12727359
-0.27018675
-0.24000807
-0.21406995
-0.23161206
-0.20695136
-0.18601182
-0.1334835
-0.11971719
-0.10802855
-0.14587397
-0.12972903
-0.11590641
-0.20542964
-0.21082808
-0.21434171
-0.11539989
-0.11360684
-0.11104982
-0.20065069
-0.16934768
-0.13498059
-0.15274988
-0.15567851
-0.15770081
-0.085885446
-0.087096214
-0.088039214
-0.14949288
-0.12784651
-0.10256584
-0.16492683
-0.18172914
-0.20279254
-0.15679279
-0.17189628
-0.19067775
-0.087678157
-0.094422423
-0.10368831
-0.091145528
-0.098820992
-0.10937932
-0.14359279
-0.15368729
-0.16761186
-0.086035921
-0.090732483
-0.097963547
-0.1510348
-0.14703909
-0.14327171
-0.15552308
-0.15109277
-0.14655979
-0.159708
-0.15483997
-0.14986212
-0.14763294
-0.14384495
-0.14065648
-0.1214252
-0.11940741
-0.11926256
-0.095361934
-0.094670047
-0.095635724
-0.13973278
-0.13735618
-0.13568431
-0.12008726
-0.11875901
-0.11860583
-0.096802156
-0.096336831
-0.096852534
-0.13586686
-0.13808435
-0.14119254
-0.11880241
-0.11947004
-0.12146506
-0.097040644
-0.096961274
-0.097971558
-0.14229983
-0.14492505
-0.14803403
-0.12077326
-0.12038403
-0.12177945
-0.096873923
-0.095445882
-0.09564519
-0.08134984
-0.08103937
-0.082177548
-0.081459121
-0.081093138
-0.082104554
-0.08298849
-0.082475539
-0.083048847
-0.26087979
-0.24810855
-0.2384335
-0.32724166
-0.31009873
-0.29585683
-0.38856963
-0.36828674
-0.34761649
-0.38885666
-0.36833424
-0.34739001
-0.34072602
-0.32291205
-0.30495713
-0.30014877
-0.28475896
-0.26932384
-0.31801369
-0.27339907
-0.22068162
-0.28023207
-0.2415256
-0.1953421
-0.24825091
-0.21441362
-0.17369075
-0.19258016
-0.19950143
-0.20907267
-0.17033819
-0.17584318
-0.18368529
-0.15137247
-0.1558093
-0.16224455
-0.24908503
-0.31234102
-0.37071389
-0.21852443
-0.27388742
-0.3248925
-0.19271703
-0.24141805
-0.28617811
-0.26183657
-0.24914578
-0.23686298
-0.22118946
-0.2111241
-0.20325712
-0.17678151
-0.169676
-0.1646139
-0.26391744
-0.25079043
-0.23759244
-0.23469181
-0.22348586
-0.21210492
-0.20964916
-0.20022396
-0.19046238
-0.21958408
-0.19000124
-0.1540969
-0.19648211
-0.17026935
-0.13820081
-0.1768825
-0.15352237
-0.12469603
-0.13422863
-0.13778735
-0.14299575
-0.12031933
-0.12319104
-0.12740059
-0.10851157
-0.1107648
-0.11407071
-0.16956416
-0.21234409
-0.25153758
-0.15081204
-0.18883935
-0.22355286
-0.13474244
-0.16869569
-0.19955226
-0.18472101
-0.1773437
-0.16998255
-0.15652921
-0.15104585
-0.14669325
-0.1252752
-0.12165846
-0.11908194
-0.13431287
-0.13221123
-0.12915619
-0.16852391
-0.16584849
-0.16184645
-0.19967694
-0.19644605
-0.1915235
-0.20183576
-0.19866688
-0.19383611
-0.18092133
-0.17830781
-0.17440115
-0.16423171
-0.16203493
-0.15881618
-0.17796764
-0.1507004
-0.12047346
-0.16095533
-0.13663868
-0.10956525
-0.14744697
-0.12612389
-0.10160135
-0.10503949
-0.1072749
-0.10886176
-0.095423241
-0.097138316
-0.098397194
-0.088425274
-0.089764174
-0.090788412
-0.12725715
-0.15962555
-0.18898302
-0.1148471
-0.14369392
-0.16985307
-0.10579349
-0.13177717
-0.15468444
-0.14889859
-0.14707112
-0.14447108
-0.12735282
-0.12588372
-0.12385663
-0.10217603
-0.10105651
-0.099577717
-0.18714907
-0.17952768
-0.17140177
-0.16909956
-0.16323628
-0.15679359
-0.15459257
-0.15017196
-0.14577557
-0.15974143
-0.13896886
-0.11301394
-0.14692306
-0.12819402
-0.10455779
-0.13805231
-0.12111163
-0.099096414
-0.098323906
-0.099918457
-0.10232484
-0.090958809
-0.091863601
-0.09344445
-0.085986969
-0.086081494
-0.087005658
-0.14608827
-0.14243608
-0.13937201
-0.14311241
-0.13975962
-0.13703579
-0.14059552
-0.13756209
-0.13530881
-0.12058859
-0.11863955
-0.11850762
-0.11925697
-0.11742118
-0.11733434
-0.11964275
-0.11783287
-0.11751996
-0.094958204
-0.09428297
-0.095211658
-0.094770559
-0.094067836
-0.094899873
-0.096144544
-0.095321634
-0.095738571
-0.36157996
-0.34283378
-0.32398096
-0.30462458
-0.28898744
-0.27619168
-0.24294444
-0.2314317
-0.22282335
-0.31694968
-0.30083834
-0.28499901
-0.26730476
-0.25415712
-0.24368301
-0.21337766
-0.20387012
-0.19695255
-0.27933367
-0.26554185
-0.25214987
-0.23584126
-0.22479897
-0.21613171
-0.18842411
-0.18056546
-0.17493769
-0.24574831
-0.23408909
-0.22280882
-0.20770662
-0.19854497
-0.19139268
-0.16605081
-0.15963831
-0.15507936
-0.21867434
-0.20880694
-0.19920892
-0.18499577
-0.17738443
-0.17142386
-0.14794619
-0.14271531
-0.13899475
-0.19551998
-0.18730073
-0.17919047
-0.165578
-0.15937779
-0.15447923
-0.13245974
-0.12830077
-0.12533392
-0.18809728
-0.18519179
-0.18080241
-0.15888096
-0.15649118
-0.15295128
-0.12665759
-0.12479308
-0.12211256
-0.16910727
-0.16672048
-0.16319113
-0.14307561
-0.14114811
-0.13836639
-0.11435387
-0.11286715
-0.11079399
-0.15404779
-0.15206774
-0.1492127
-0.13125206
-0.129669
-0.12745672
-0.10537628
-0.10416165
-0.10253009
-0.174774
-0.16822243
-0.16163432
-0.14829157
-0.14350573
-0.13972258
-0.1187512
-0.11566211
-0.11349404
-0.15845447
-0.15347666
-0.148425
-0.13482022
-0.13135426
-0.12873608
-0.10830344
-0.10620139
-0.10487256
-0.14554025
-0.1419273
-0.1388298
-0.12479119
-0.12242632
-0.12121813
-0.10070481
-0.09939981
-0.099063484
