MFEM mesh v1.0

#
# MFEM Geometry Types (see mesh/geom.hpp):
#
# POINT       = 0
# SEGMENT     = 1
# TRIANGLE    = 2
# SQUARE      = 3
# TETRAHEDRON = 4
# CUBE        = 5
#

dimension
3

elements
5
1 5 7 8 19 18 1 2 11 10
1 5 8 4 9 19 2 0 3 11
1 5 12 20 21 13 5 16 17 6
1 5 13 21 9 4 6 17 3 0
1 5 14 22 16 5 15 23 17 6

boundary
22
52 3 18 19 8 7
52 3 19 9 4 8
52 3 18 7 1 10
52 3 7 8 2 1
52 3 19 18 10 11
52 3 1 2 11 10
52 3 8 4 0 2
52 3 9 19 11 3
52 3 2 0 3 11
52 3 13 12 5 6
52 3 5 14 15 6
52 3 4 13 6 0
52 3 13 21 20 12
52 3 4 9 21 13
52 3 12 20 16 5
52 3 20 21 17 16
52 3 21 9 3 17
52 3 6 17 3 0
52 3 5 16 22 14
52 3 14 22 23 15
52 3 22 16 17 23
52 3 15 23 17 6

vertices
24

nodes
FiniteElementSpace
FiniteElementCollection: H1_3D_P4
VDim: 3
Ordering: 0

-0.072282681
-0.20609602
-0.12552145
-0.066449439
-0.064571523
0.042399647
-0.034346884
-0.20734485
-0.12661098
-0.055651449
-0.20835137
-0.12826879
0.07733117
-0.012592879
-0.048044756
-0.10195872
0.056891641
-0.017873777
-0.21114341
-0.13305751
0.11755195
0.024510883
-0.049994851
-0.10058463
-0.19284437
-0.16582067
-0.13978838
-0.12909427
-0.13184919
-0.13286812
-0.19746075
-0.17174498
-0.14633969
-0.20822504
-0.20960591
-0.21068105
-0.19140861
-0.16417749
-0.13832653
-0.12635171
-0.12765485
-0.12819138
-0.19396354
-0.16716004
-0.14134289
-0.20638705
-0.20715137
-0.20795428
-0.2063092
-0.20675142
-0.20716044
-0.12619886
-0.12697772
-0.12687781
-0.13040776
-0.13259277
-0.133107
-0.20901439
-0.21004635
-0.21082139
-0.072379153
-0.09148723
-0.11392757
-0.062952489
-0.05968912
-0.056860408
-0.069171493
-0.094649635
-0.11977847
-0.077010687
-0.092876383
-0.11334053
-0.071553679
-0.069466641
-0.067407686
-0.074293252
-0.093365462
-0.11568114
-0.071416057
-0.068776884
-0.065957888
-0.06461044
-0.060761276
-0.057236285
0.089865617
0.10716795
0.11592315
0.099441704
0.067961382
0.03903704
-0.0025344991
0.012130686
0.021326418
0.058064364
0.026408175
-0.0002038044
0.046695082
0.053101738
0.056509421
0.041821368
0.016001912
-0.0068587042
-0.030959133
-0.024646095
-0.019741721
0.025683513
-0.0015543827
-0.024088777
0.048423451
0.060716852
0.072176107
0.071128515
0.093776266
0.1106782
-0.007230945
0.0089509933
0.02014637
-0.030496019
-0.022610626
-0.015638032
-0.042060405
-0.016023474
0.010261752
-0.058451718
-0.043031366
-0.023960944
-0.060525737
-0.045875873
-0.028179065
-0.069178618
-0.058400491
-0.043639409
-0.049187063
-0.049803622
-0.049817461
0.04125899
0.0080681266
-0.028992408
0.031277675
0.0045540258
-0.028598938
-0.10223722
-0.10190328
-0.1010397
-0.02984797
-0.055724559
-0.0844892
-0.042188938
-0.062244886
-0.087308644
-0.060081661
-0.079413879
-0.095014962
-0.060592854
-0.078330936
-0.093501777
-0.1970005
-0.17131986
-0.14604081
-0.19580907
-0.16999008
-0.14481008
-0.1940564
-0.16762218
-0.14207636
-0.1927061
-0.16579258
-0.13993512
-0.19230116
-0.16545089
-0.13981385
-0.19172927
-0.16468102
-0.13897512
-0.12928075
-0.13193589
-0.13292979
-0.12914002
-0.13154426
-0.13242465
-0.12784442
-0.12958961
-0.13029341
-0.1462613
-0.17150647
-0.19715592
-0.14549897
-0.170576
-0.19629757
-0.14330138
-0.16867262
-0.19493331
-0.21037091
-0.20932854
-0.20800715
-0.20961789
-0.20866521
-0.2074957
-0.20861394
-0.20775954
-0.20685677
-0.19181949
-0.16479652
-0.13911605
-0.19274991
-0.16599485
-0.14044879
-0.19359057
-0.16685371
-0.14116744
-0.11977311
-0.095032614
-0.070138683
-0.11907355
-0.095461896
-0.072002248
-0.11652821
-0.09401708
-0.073492436
-0.11435413
-0.092224976
-0.073515883
-0.11473328
-0.093453204
-0.07569013
-0.1140848
-0.093510449
-0.077204726
-0.064364411
-0.061167619
-0.058406756
-0.067309704
-0.064361057
-0.061855411
-0.070243972
-0.067833172
-0.065612969
-0.070476147
-0.095325515
-0.12003125
-0.072991836
-0.096357232
-0.11987162
-0.075097803
-0.095544417
-0.1179227
-0.1142492
-0.093685598
-0.077371219
-0.1154471
-0.094208033
-0.076427142
-0.11574206
-0.093706211
-0.07500874
0.010372757
0.025911234
0.035722565
0.037850541
0.054543548
0.064763054
0.070241909
0.087481127
0.097050408
0.084498442
0.10104572
0.10928558
0.072176386
0.086560166
0.092816175
0.057418213
0.066530052
0.070674113
0.092979839
0.062278727
0.034204246
0.07698944
0.048013215
0.021851421
0.055422288
0.028451072
0.0044228634
0.017142034
0.0083087856
-0.0057933098
0.0063068854
-0.0011583546
-0.013605699
-0.009318649
-0.015087488
-0.023601157
-0.0035889778
0.022349859
0.053303718
-0.011316863
0.01321401
0.04268596
-0.019903268
0.0032780897
0.03126239
0.029877917
0.036583014
0.040809888
0.0023796727
0.0092531612
0.014303479
-0.020484362
-0.013873213
-0.0087536968
-0.053099868
-0.047456141
-0.043545315
-0.034973323
-0.024448792
-0.018292242
-0.014479354
-0.0010180976
0.0073759283
0.0064490194
-0.018901582
-0.043974509
-0.0035301705
-0.026122798
-0.048665481
-0.01821514
-0.037479236
-0.054931122
-0.060057044
-0.045140937
-0.026652322
-0.06348633
-0.049855647
-0.032894598
-0.067172316
-0.055492002
-0.040070303
-0.040442408
-0.034522689
-0.029933857
-0.055743205
-0.05095465
-0.047356386
-0.067346807
-0.064269457
-0.061665993
0.032780347
0.037980166
0.040796051
0.0039562111
0.0059482682
0.0078026624
-0.029581529
-0.029547656
-0.029008057
-0.060982648
-0.061188004
-0.060721666
-0.079972273
-0.079711014
-0.078768009
-0.09536204
-0.094975166
-0.093994908
-0.040512507
-0.0049920577
0.02684408
-0.059904382
-0.027167249
0.0022203032
-0.076630753
-0.046521552
-0.019469487
0.015205087
-0.01016987
-0.041638848
-0.010923492
-0.033994751
-0.062646411
-0.032430112
-0.053462746
-0.079687422
-0.087466197
-0.086605516
-0.085194455
-0.062098163
-0.059668944
-0.05689243
-0.040712288
-0.035651395
-0.031543266
-0.19387588
-0.16753542
-0.14215257
-0.19555491
-0.16980834
-0.14478142
-0.19670992
-0.17109826
-0.14597872
-0.19333919
-0.16701068
-0.14180506
-0.19483076
-0.16904047
-0.14417085
-0.19587618
-0.17019397
-0.14523445
-0.19250785
-0.16586821
-0.14050147
-0.19363471
-0.16736873
-0.14222446
-0.19455106
-0.16834571
-0.14309747
-0.11688674
-0.094686648
-0.074641627
-0.11934295
-0.096094517
-0.07320602
-0.1200345
-0.095700289
-0.071418097
-0.11701316
-0.095674577
-0.076693194
-0.11925611
-0.097025991
-0.075459084
-0.11986641
-0.096680968
-0.073846593
-0.11586884
-0.09523697
-0.07814632
-0.11748841
-0.096190129
-0.077217038
-0.11795996
-0.095858783
-0.075860899
0.065267208
0.081767061
0.090826095
0.033572183
0.049569588
0.059309495
0.0067764752
0.021693765
0.0310931
0.053771308
0.068154825
0.075286614
0.023545107
0.037538662
0.045500202
-0.0018252626
0.011284422
0.019145383
0.039943334
0.049260574
0.054288198
0.011309668
0.020635696
0.026563654
-0.012579016
-0.0036913725
0.0023185114
-0.017344617
-0.0043754264
0.0037213114
-0.037240564
-0.027050925
-0.021064094
-0.054751696
-0.049239091
-0.04539542
-0.024393321
-0.012882432
-0.005962193
-0.042613165
-0.033380797
-0.02811473
-0.058636967
-0.05349333
-0.050013497
-0.033516742
-0.025574817
-0.020153302
-0.049948754
-0.043411914
-0.039129586
-0.063227515
-0.059214785
-0.056130713
-0.042381226
-0.041933186
-0.040872703
-0.010532952
-0.0081591268
-0.0056964386
0.016783321
0.022269637
0.025826631
-0.06305475
-0.062165949
-0.060606482
-0.03404701
-0.031339282
-0.02831424
-0.0093010136
-0.0036668519
0.00061820299
-0.079903875
-0.078947998
-0.07738574
-0.053355454
-0.050732167
-0.047746552
-0.030884342
-0.025526315
-0.021211571
-0.14235082
-0.16024011
-0.15297542
-0.085685808
-0.15067172
-0.2509096
-0.17837139
-0.17469473
-0.16622039
-0.084801907
-0.089606109
-0.086649793
-0.28352483
-0.19996325
-0.29343711
-0.20459288
-0.14600588
-0.10394788
-0.085924605
-0.083249948
-0.15245548
-0.1070958
-0.15907894
-0.11113265
-0.17403034
-0.17181754
-0.16842906
-0.15167383
-0.12437696
-0.09746746
-0.085648819
-0.084848955
-0.083812121
-0.15882993
-0.12946699
-0.10086773
-0.1596477
-0.1577054
-0.15480541
-0.14488134
-0.12450513
-0.10035198
-0.08931616
-0.08845075
-0.08729591
-0.15133533
-0.12950788
-0.1039655
-0.16254773
-0.16760119
-0.17245207
-0.15512184
-0.15981266
-0.16420906
-0.084913793
-0.083254928
-0.083068304
-0.087670076
-0.085883789
-0.085715293
-0.15314072
-0.15853682
-0.16375289
-0.14245384
-0.12213784
-0.098269321
-0.083419985
-0.082397578
-0.082785344
-0.14349751
-0.14705163
-0.15097418
-0.1374372
-0.12065127
-0.098748073
-0.085398594
-0.085320451
-0.086068969
-0.1432571
-0.14607656
-0.14914579
-0.085073443
-0.084382523
-0.084524629
-0.26287586
-0.2210081
-0.17669845
-0.14284085
-0.12677434
-0.11327263
-0.18598414
-0.15656967
-0.12466186
-0.26620095
-0.23693288
-0.21176633
-0.23796105
-0.20626259
-0.16801524
-0.1369194
-0.12191708
-0.10951341
-0.16982935
-0.14756402
-0.11995919
-0.23555723
-0.20988982
-0.18826025
-0.25633817
-0.26776484
-0.27858944
-0.14573186
-0.1473614
-0.15062118
-0.10377242
-0.10452532
-0.10615261
-0.18207761
-0.18984122
-0.19685024
-0.086888106
-0.092936594
-0.10157909
-0.15636183
-0.17093788
-0.18909813
-0.08703916
-0.091708842
-0.099062166
-0.14519363
-0.1553091
-0.16942494
-0.27316517
-0.23079692
-0.18465916
-0.14709415
-0.15103618
-0.15627259
-0.25787203
-0.27253872
-0.2867688
-0.19087314
-0.16151631
-0.12913456
-0.10454069
-0.10668306
-0.10956822
-0.18266278
-0.19190172
-0.2005811
-0.27489866
-0.24371265
-0.21704763
-0.14893887
-0.13200227
-0.11770383
-0.10053527
-0.099547827
-0.098213781
-0.12902059
-0.1276215
-0.12561002
-0.15824792
-0.15634677
-0.15349313
-0.17180408
-0.16964686
-0.16635343
-0.16698087
-0.16492476
-0.16181348
-0.16194767
-0.15997098
-0.15700614
-0.15006077
-0.12352684
-0.097088245
-0.14693235
-0.12217044
-0.096958742
-0.14430395
-0.12261408
-0.098453603
-0.083624843
-0.084653228
-0.085444045
-0.083812557
-0.084834977
-0.085617632
-0.085504939
-0.086579318
-0.087394997
-0.10043674
-0.12850602
-0.15702222
-0.10025054
-0.1269506
-0.15354352
-0.10184774
-0.12738043
-0.15064078
-0.15079617
-0.14905002
-0.1464849
-0.12906702
-0.12768268
-0.12570561
-0.10362375
-0.10258674
-0.10116523
-0.096763759
-0.095985962
-0.096771865
-0.12313786
-0.12102278
-0.12067376
-0.14962867
-0.1456973
-0.14229292
-0.1618269
-0.15677181
-0.15154147
-0.15759625
-0.15300472
-0.14823915
-0.15306448
-0.14893786
-0.1449739
-0.14121155
-0.12136147
-0.097836102
-0.13886004
-0.12008932
-0.097442412
-0.13724811
-0.12002372
-0.098044571
-0.083190515
-0.082215019
-0.082602747
-0.083194342
-0.082353559
-0.082788691
-0.084234569
-0.083817233
-0.08439079
-0.14317433
-0.13995906
-0.13756935
-0.12330928
-0.12123059
-0.12039081
-0.099569646
-0.098484968
-0.098400868
-0.19680211
-0.16560854
-0.13184022
-0.21995571
-0.18499708
-0.14742606
-0.24692051
-0.20762544
-0.16578288
-0.25845208
-0.21774991
-0.17437838
-0.24926819
-0.21108525
-0.17015974
-0.24007169
-0.2062923
-0.16780175
-0.14116494
-0.12540119
-0.1121852
-0.13818522
-0.12296024
-0.11027582
-0.13668079
-0.12172413
-0.10934112
-0.12340009
-0.15465428
-0.1832411
-0.12114015
-0.15070347
-0.17741428
-0.11986147
-0.14773755
-0.17135918
-0.2083411
-0.23290858
-0.26158323
-0.20064811
-0.22397913
-0.25142352
-0.1922569
-0.21442333
-0.24066396
-0.22353689
-0.19379133
-0.15771625
-0.19940133
-0.17296333
-0.14061245
-0.17909763
-0.155504
-0.12637699
-0.14669901
-0.12517603
-0.10072186
-0.15963652
-0.13494821
-0.10793381
-0.17599091
-0.14834474
-0.11817315
-0.10077685
-0.092381122
-0.086543868
-0.09943362
-0.091581025
-0.086206954
-0.098879604
-0.091482609
-0.086653895
-0.15462816
-0.16871249
-0.18631592
-0.15097986
-0.16381845
-0.17998459
-0.14717122
-0.15814844
-0.17287582
-0.16151196
-0.1405184
-0.11428076
-0.1484994
-0.1295726
-0.1056843
-0.13960764
-0.12250038
-0.10024794
-0.2421157
-0.20836792
-0.16945895
-0.25461396
-0.21646678
-0.17460332
-0.26708225
-0.2260409
-0.18117463
-0.25594914
-0.21626385
-0.17295795
-0.22701885
-0.19187749
-0.15337256
-0.20234783
-0.17113923
-0.1367805
-0.14634819
-0.1415214
-0.13790571
-0.12982121
-0.12576129
-0.12273563
-0.11592962
-0.11263461
-0.1101841
-0.24194597
-0.25552783
-0.2687163
-0.21534586
-0.22707667
-0.23841513
-0.19293579
-0.20301047
-0.2126046
-0.18725692
-0.15878441
-0.12717482
-0.17977878
-0.15326986
-0.12352095
-0.17218045
-0.14866309
-0.12071189
-0.15645335
-0.15459943
-0.15182252
-0.12806875
-0.12669818
-0.12472903
-0.10011013
-0.099137852
-0.097821399
-0.15299808
-0.15122461
-0.14859051
-0.12652901
-0.12520779
-0.12331943
-0.099931763
-0.09897707
-0.097683094
-0.1501084
-0.14839265
-0.14586698
-0.12695674
-0.12563211
-0.12374851
-0.10152071
-0.10053824
-0.09920222
-0.14807457
-0.14428195
-0.14100546
-0.12231383
-0.12026728
-0.11993349
-0.09638831
-0.095627293
-0.096376167
-0.14508652
-0.14160889
-0.1386808
-0.12102591
-0.11910088
-0.11881214
-0.096274842
-0.095494967
-0.096140084
-0.14257344
-0.13943172
-0.13699862
-0.12147117
-0.11958151
-0.11908688
-0.097721177
-0.096830761
-0.097078375
-0.24278981
-0.20459719
-0.16364895
-0.21637302
-0.18240767
-0.14564451
-0.19376929
-0.16346018
-0.1304019
-0.23419218
-0.19839696
-0.15976291
-0.20885678
-0.17707996
-0.14239327
-0.18734431
-0.15902192
-0.12779539
-0.22555967
-0.19388887
-0.15755084
-0.20124709
-0.17313643
-0.14050415
-0.18073837
-0.15569173
-0.12628522
-0.17354791
-0.14666512
-0.11708517
-0.15771247
-0.13368991
-0.10715256
-0.14526194
-0.12428765
-0.10020072
-0.1683401
-0.14321544
-0.11518142
-0.15375077
-0.13123733
-0.10593223
-0.14246644
-0.1227149
-0.099567576
-0.16288353
-0.14065195
-0.11416016
-0.14957736
-0.12959342
-0.10549893
-0.1400425
-0.12220938
-0.099840483
-0.25031903
-0.21187901
-0.16974596
-0.238792
-0.20306554
-0.16370343
-0.22728179
-0.19566459
-0.15900606
-0.2222118
-0.18816763
-0.15066656
-0.21234848
-0.18070203
-0.14558356
-0.20250819
-0.17448069
-0.14166292
-0.19833071
-0.16807748
-0.13456797
-0.1900364
-0.16189263
-0.13041974
-0.1816854
-0.15673668
-0.12722777
0.1407231
0.15834916
0.1509312
0.14912767
0.084602851
0.24629866
0.17637382
0.08837315
0.085226585
0.08393419
0.17256831
0.16401453
0.14162495
0.10269046
0.28807716
0.20189501
0.28057433
0.19840661
0.084797916
0.082015121
0.15017332
0.10663477
0.36647399
0.2519537
0.088039214
0.087096214
0.085885446
0.083509266
0.081917967
0.081803413
0.084492781
0.083643688
0.082578446
0.086446619
0.084699585
0.084571757
0.15770081
0.15567851
0.15274988
0.15305574
0.15769285
0.16203264
0.17184758
0.16956821
0.16618471
0.1606291
0.1656049
0.17036992
0.14949288
0.12784651
0.10256584
0.14287429
0.1226508
0.098752812
0.14963404
0.12263995
0.096050543
0.15689101
0.12785306
0.099568974
0.084193969
0.083965657
0.084646037
0.084026852
0.083416295
0.083629315
0.08243843
0.081254277
0.081564755
0.14179023
0.1451616
0.14896369
0.14165457
0.14452085
0.14760508
0.15145151
0.15658798
0.16160951
0.13583574
0.11918871
0.09751595
0.14097573
0.12087842
0.097260338
0.14168708
0.14406228
0.14801515
0.14114804
0.12585729
0.11273223
0.10270055
0.10377581
0.10562076
0.1334835
0.11971719
0.10802855
0.25230909
0.26437113
0.27556222
0.26357146
0.23484694
0.21007308
0.18025947
0.18821967
0.1953046
0.23161206
0.20695136
0.18601182
0.23332077
0.20171173
0.16350686
0.2606695
0.21941116
0.17477528
0.18475775
0.15577314
0.1241113
0.16786873
0.14583081
0.11851873
0.086140106
0.092393061
0.10113301
0.086035921
0.090732483
0.097963547
0.15490076
0.16953306
0.18763461
0.14359279
0.15368729
0.16761186
0.30620552
0.33522497
0.35729985
0.29902892
0.32986757
0.35519664
0.25278354
0.26705101
0.28127341
0.21401157
0.23284839
0.24645587
0.21073826
0.23043473
0.24550277
0.18047091
0.18941512
0.19791782
0.27018675
0.24000807
0.21406995
0.34336871
0.3038571
0.26891201
0.084268826
0.08342421
0.082362946
0.084396588
0.083550029
0.082484191
0.086129703
0.085240446
0.084113525
0.10217603
0.10105651
0.099577717
0.12735282
0.12588372
0.12385663
0.14889859
0.14707112
0.14447108
0.096873923
0.095445882
0.09564519
0.12077326
0.12038403
0.12177945
0.14229983
0.14492505
0.14803403
0.096796632
0.098160681
0.099202787
0.12386727
0.12590443
0.12736508
0.15142987
0.15429225
0.15625852
0.099124734
0.09890008
0.10045856
0.12689328
0.1253262
0.12572551
0.155109
0.15167625
0.14879727
0.15997216
0.15791572
0.15492525
0.16492724
0.16279538
0.15966953
0.16966501
0.16743781
0.16414281
0.08134984
0.08103937
0.082177548
0.081459121
0.081093138
0.082104554
0.08298849
0.082475539
0.083048847
0.097971558
0.096961274
0.097040644
0.12146506
0.11947004
0.11880241
0.14119254
0.13808435
0.13586686
0.096852534
0.096336831
0.096802156
0.11860583
0.11875901
0.12008726
0.13568431
0.13735618
0.13973278
0.095635724
0.094670047
0.095361934
0.11926256
0.11940741
0.1214252
0.14065648
0.14384495
0.14763294
0.1510348
0.14703909
0.14327171
0.15552308
0.15109277
0.14655979
0.159708
0.15483997
0.14986212
0.10806099
0.10937447
0.11155392
0.11977729
0.12151073
0.12433901
0.13355099
0.13569935
0.13923417
0.1637767
0.16706338
0.17208017
0.20239088
0.20827578
0.21579741
0.23618966
0.24631966
0.2560708
0.16428022
0.14651073
0.13122713
0.20622909
0.18394537
0.16476476
0.24493326
0.218362
0.19548774
0.12277662
0.12028383
0.11864366
0.15379813
0.14962316
0.14626097
0.18199794
0.17603433
0.169668
0.12469603
0.13820081
0.1540969
0.15352237
0.17026935
0.19000124
0.1768825
0.19648211
0.21958408
0.23719859
0.24847584
0.2589119
0.2118134
0.22172082
0.23081601
0.19023069
0.19886284
0.20665588
0.085730264
0.085365055
0.08577088
0.090635468
0.090905977
0.091804118
0.097940287
0.098762288
0.10027799
0.11762973
0.10728475
0.099850237
0.1475519
0.13406252
0.12406994
0.17481306
0.15844564
0.14536847
0.099096414
0.10455779
0.11301394
0.12111163
0.12819402
0.13896886
0.13805231
0.14692306
0.15974143
0.1712079
0.17847852
0.18486559
0.1566196
0.16239298
0.16731588
0.14562358
0.14949675
0.15316873
0.26463451
0.28049055
0.29345284
0.28267585
0.30587478
0.32275415
0.29877996
0.3261084
0.34672506
0.28713564
0.31425478
0.33484095
0.25492164
0.27867127
0.29652537
0.2271295
0.24766528
0.26278637
0.33298511
0.30954068
0.28081932
0.29508164
0.27501852
0.25001768
0.26168139
0.24487168
0.22336
0.23759244
0.25079043
0.26391744
0.21210492
0.22348586
0.23469181
0.19046238
0.20022396
0.20964916
0.20963883
0.22751418
0.24037
0.19986557
0.21526783
0.22602542
0.18829699
0.19891372
0.20725055
0.10008548
0.099024339
0.09763436
0.098540186
0.097516323
0.096177483
0.098762122
0.097730733
0.096379896
0.12525046
0.12384393
0.12191311
0.12485732
0.12346224
0.12153443
0.12641266
0.12497664
0.12297765
0.14821006
0.14641412
0.14385531
0.15107747
0.14922894
0.14657004
0.15448856
0.15256606
0.14977513
0.096144544
0.095321634
0.095738571
0.094770559
0.094067836
0.094899873
0.094958204
0.09428297
0.095211658
0.11964275
0.11783287
0.11751996
0.11925697
0.11742118
0.11733434
0.12058859
0.11863955
0.11850762
0.14059552
0.13756209
0.13530881
0.14311241
0.13975962
0.13703579
0.14608827
0.14243608
0.13937201
0.15435274
0.15734852
0.16187002
0.13841879
0.14088771
0.14456785
0.12485583
0.12679465
0.12969268
0.1906499
0.19607077
0.20294254
0.1708471
0.17544765
0.18121098
0.15400768
0.15781177
0.16253496
0.22224352
0.23164639
0.24068223
0.19878263
0.20692984
0.21472129
0.17884536
0.18582777
0.19242835
0.11308248
0.11440211
0.11648906
0.10452072
0.10514612
0.10647115
0.098780427
0.098600203
0.099306083
0.1393172
0.14220691
0.14583098
0.12837626
0.13023191
0.13278126
0.12091898
0.12153094
0.1231665
0.16133588
0.16704754
0.17236124
0.14815647
0.15249584
0.15651694
0.13858101
0.1410937
0.14392846
0.28028738
0.30584404
0.32509931
0.2653815
0.28710155
0.30290425
0.24864245
0.263491
0.27562297
0.24910022
0.2715248
0.2882798
0.23631073
0.25543088
0.26926056
0.22178194
0.23487483
0.24550504
0.22228273
0.24172808
0.25597854
0.2114699
0.22814494
0.24000276
0.19892386
0.21037561
0.21952974
