MFEM mesh v1.0

#
# MFEM Geometry Types (see mesh/geom.hpp):
#
# POINT       = 0
# SEGMENT     = 1
# TRIANGLE    = 2
# SQUARE      = 3
# TETRAHEDRON = 4
# CUBE        = 5
#

dimension
3

elements
9
1 5 0 2 18 6 1 4 22 7
1 5 18 19 21 20 22 23 25 24
1 5 2 3 5 4 26 27 29 28
1 5 16 17 15 14 30 31 34 33
1 5 9 30 33 11 8 38 41 10
1 5 30 31 34 33 38 39 42 41
1 5 31 32 35 34 39 40 43 42
1 5 11 33 36 13 10 41 44 12
1 5 33 34 37 36 41 42 45 44

boundary
42
1 3 14 15 17 16
2 3 6 18 2 0
2 3 20 21 19 18
2 3 0 2 4 1
2 3 2 18 22 4
2 3 18 6 7 22
2 3 6 0 1 7
2 3 1 4 22 7
2 3 4 5 3 2
2 3 18 19 23 22
2 3 20 18 22 24
2 3 19 21 25 23
2 3 21 20 24 25
2 3 22 23 25 24
2 3 2 3 27 26
2 3 4 2 26 28
2 3 3 5 29 27
2 3 5 4 28 29
2 3 26 27 29 28
2 3 11 9 8 10
2 3 13 11 10 12
2 3 16 17 31 30
2 3 14 16 30 33
2 3 11 33 30 9
2 3 17 15 34 31
2 3 15 14 33 34
2 3 34 35 32 31
2 3 13 36 33 11
2 3 36 37 34 33
2 3 9 30 38 8
2 3 30 31 39 38
2 3 31 32 40 39
2 3 8 38 41 10
2 3 38 39 42 41
2 3 32 35 43 40
2 3 35 34 42 43
2 3 39 40 43 42
2 3 36 13 12 44
2 3 10 41 44 12
2 3 34 37 45 42
2 3 37 36 44 45
2 3 41 42 45 44

vertices
46

nodes
FiniteElementSpace
FiniteElementCollection: H1_3D_P4
VDim: 3
Ordering: 0

-0.43409041
-0.37954477
-0.3240448
-0.18130226
-0.3019618
-0.19962217
-0.47637389
-0.40615364
-0.47536606
-0.56285336
-0.49391193
-0.59100202
-0.47536606
-0.56285336
-0.91774188
-1
-0.84957113
-0.91774188
-0.33785177
-0.18741678
-0.34774374
-0.19139576
-0.30903013
-0.2020654
-0.31435986
-0.20364901
-0.33425364
-0.17780112
-0.30755019
-0.19875588
-0.69847424
-0.74521867
-0.69847424
-0.74489218
-0.80045262
-0.74489218
-0.69847424
-0.74521867
-0.56790914
-0.59803778
-0.56790914
-0.59773854
-0.63264032
-0.59773854
-0.56790914
-0.59803778
-0.42023229
-0.38671035
-0.34674892
-0.324875
-0.32895995
-0.33476008
-0.45473155
-0.41044944
-0.36342096
-0.4408931
-0.45552042
-0.46976297
-0.37026921
-0.34674087
-0.318235
-0.30235239
-0.30439045
-0.3073957
-0.39132516
-0.36030625
-0.32710656
-0.38397889
-0.39343822
-0.40219935
-0.4235462
-0.40475981
-0.38772527
-0.32012587
-0.31264529
-0.30547574
-0.33263971
-0.32288074
-0.31360574
-0.46288477
-0.43884384
-0.41688064
-0.31197782
-0.26246378
-0.21310118
-0.18851168
-0.19025126
-0.19125319
-0.32049899
-0.26878628
-0.21775571
-0.34074089
-0.34507082
-0.34742028
-0.2907455
-0.25567889
-0.22050563
-0.20251159
-0.20320476
-0.20359427
-0.29525313
-0.25885162
-0.22259219
-0.31057331
-0.31290806
-0.31418377
-0.19099203
-0.19636169
-0.20036531
-0.19426998
-0.19870743
-0.20214338
-0.34160731
-0.33025772
-0.31959149
-0.30036399
-0.25382808
-0.20630292
-0.1858554
-0.19264151
-0.19758486
-0.28502009
-0.25171178
-0.21762263
-0.30763853
-0.25638582
-0.20482386
-0.18289696
-0.19061342
-0.19634799
-0.28902614
-0.25341393
-0.21758156
-0.32949468
-0.32049942
-0.3118499
-0.3242434
-0.32711436
-0.33173573
-0.1804993
-0.17921471
-0.17821886
-0.19936607
-0.19902537
-0.19882535
-0.3021024
-0.30365143
-0.30616256
-0.87053063
-0.90021342
-0.91563372
-0.99744546
-0.97878093
-0.94295653
-0.94295653
-0.97878093
-0.99744546
-0.91563372
-0.90021342
-0.87053063
-0.71304858
-0.73338057
-0.743797
-0.76242131
-0.78645543
-0.79877622
-0.76220793
-0.78638217
-0.79876775
-0.7129444
-0.73313501
-0.74348021
-0.82303509
-0.77264257
-0.72353198
-0.88671376
-0.82905214
-0.77349676
-0.96370812
-0.89682196
-0.83286628
-0.88661269
-0.82881629
-0.77318865
-0.59222802
-0.64142206
-0.68118931
-0.62323055
-0.67838257
-0.72456962
-0.5713527
-0.58363217
-0.59011109
-0.49576955
-0.5295954
-0.55644801
-0.57735677
-0.59031996
-0.59685216
-0.51622547
-0.55385487
-0.5845453
-0.48101858
-0.48910706
-0.49333321
-0.48929944
-0.51710764
-0.54661326
-0.67408276
-0.62989663
-0.58854699
-0.71739483
-0.66760673
-0.62101268
-0.50938583
-0.54025403
-0.57300532
-0.57744947
-0.59054243
-0.59714211
-0.60900588
-0.62404461
-0.63161657
-0.60880568
-0.62397339
-0.63160818
-0.71772937
-0.66793663
-0.62132376
-0.76901555
-0.71221114
-0.65913824
-0.743797
-0.73338057
-0.71304858
-0.7129444
-0.73313501
-0.74348021
-0.79876775
-0.78638217
-0.76220793
-0.59714211
-0.59054243
-0.57744947
-0.57735677
-0.59031996
-0.59685216
-0.63160818
-0.62397339
-0.60880568
-0.67408276
-0.62989663
-0.58854699
-0.71739483
-0.66760673
-0.62101268
-0.74348021
-0.73313501
-0.7129444
-0.59222802
-0.64142206
-0.68118931
-0.59011109
-0.58363217
-0.5713527
-0.59685216
-0.59031996
-0.57735677
-0.49576955
-0.5295954
-0.55644801
-0.49333321
-0.48910706
-0.48101858
-0.67408276
-0.62989663
-0.58854699
-0.48929944
-0.51710764
-0.54661326
-0.79877622
-0.78645543
-0.76242131
-0.71304858
-0.73338057
-0.743797
-0.63161657
-0.62404461
-0.60900588
-0.57744947
-0.59054243
-0.59714211
-0.71772937
-0.66793663
-0.62132376
-0.44867177
-0.40567636
-0.35975445
-0.43620059
-0.39596203
-0.35281059
-0.42381016
-0.38813656
-0.34776074
-0.41059789
-0.37910427
-0.34150003
-0.3933821
-0.36536999
-0.33176578
-0.37776864
-0.3528005
-0.32265407
-0.32086956
-0.32457055
-0.32983388
-0.31323962
-0.31625735
-0.32057555
-0.30593287
-0.30830737
-0.3117522
-0.35669875
-0.40095071
-0.44257629
-0.34434753
-0.38382335
-0.4208614
-0.33277726
-0.36803131
-0.40099951
-0.45676865
-0.44353951
-0.42989168
-0.433621
-0.42221447
-0.41030497
-0.41250547
-0.40283371
-0.39253981
-0.3725019
-0.34755752
-0.31874494
-0.38022987
-0.35205763
-0.32139815
-0.38774959
-0.35760403
-0.32511666
-0.32021445
-0.2685706
-0.21759242
-0.31817091
-0.26702811
-0.21643753
-0.31443428
-0.26425588
-0.21439889
-0.30829403
-0.26170316
-0.21521495
-0.30116403
-0.25959658
-0.21805816
-0.29420593
-0.25705064
-0.21984455
-0.19190035
-0.19333422
-0.19415378
-0.19701654
-0.19804293
-0.19862519
-0.20086429
-0.20164268
-0.20208154
-0.2191905
-0.26730543
-0.31597715
-0.22106209
-0.2640603
-0.30743491
-0.22218707
-0.26061667
-0.299272
-0.34131435
-0.33918594
-0.33526041
-0.33001673
-0.3282656
-0.32503629
-0.31939511
-0.31796863
-0.31534785
-0.29202884
-0.25656716
-0.22108913
-0.29400815
-0.25796051
-0.22200437
-0.29510034
-0.25874206
-0.22251958
-0.28758492
-0.25244923
-0.21653219
-0.29272637
-0.25361737
-0.2136803
-0.29784343
-0.2540722
-0.20937696
-0.30038113
-0.25351151
-0.20567066
-0.30230862
-0.25401064
-0.20497954
-0.30570729
-0.25546697
-0.20479571
-0.18517582
-0.19216091
-0.1972596
-0.18408924
-0.19140899
-0.19678851
-0.18324874
-0.19084484
-0.19647
-0.21742375
-0.25162536
-0.28507343
-0.2173075
-0.25199291
-0.28611765
-0.21744941
-0.25286345
-0.28795821
-0.30563116
-0.31282341
-0.32031724
-0.30742001
-0.31503976
-0.32295695
-0.31028383
-0.3185762
-0.32719018
-0.30452857
-0.25649623
-0.20820626
-0.29834982
-0.25579022
-0.2130338
-0.29215516
-0.2543278
-0.21630632
-0.94071385
-0.97634361
-0.9949051
-0.92431526
-0.95853051
-0.97634361
-0.89277756
-0.92431526
-0.94071385
-0.84265748
-0.87038638
-0.88474455
-0.7901262
-0.81467109
-0.8273214
-0.73908188
-0.76081576
-0.77197248
-0.9103899
-0.94391787
-0.9613267
-0.85000868
-0.87950895
-0.89474295
-0.79194204
-0.81777939
-0.83105757
-0.96132413
-0.9438956
-0.91032432
-0.89473693
-0.87945668
-0.84985531
-0.83104963
-0.81771061
-0.79174108
-0.88464656
-0.87031039
-0.84262538
-0.82709257
-0.81449357
-0.79005086
-0.77167354
-0.76058393
-0.73898353
-0.72840579
-0.74991508
-0.7609253
-0.74977809
-0.77297069
-0.78484148
-0.76072094
-0.78477676
-0.7971015
-0.62225519
-0.67723794
-0.72325109
-0.61515789
-0.66887829
-0.71356135
-0.60164484
-0.65278592
-0.69471282
-0.57428661
-0.62055315
-0.65789112
-0.54169932
-0.58272075
-0.61567282
-0.51107812
-0.54728029
-0.57616317
-0.68761296
-0.70645025
-0.71608161
-0.64172916
-0.65812696
-0.66647103
-0.59879333
-0.6129055
-0.62004348
-0.69842446
-0.65517422
-0.60334861
-0.65105434
-0.61306493
-0.56720742
-0.60670085
-0.57358184
-0.53322785
-0.57217157
-0.56609939
-0.55458667
-0.53952509
-0.53421304
-0.524116
-0.50875706
-0.50416651
-0.49540534
-0.50205889
-0.53715892
-0.56534347
-0.51096749
-0.54771337
-0.57754021
-0.51559372
-0.55311877
-0.58371098
-0.68771944
-0.70670163
-0.71640617
-0.64183346
-0.65837419
-0.66679099
-0.59889052
-0.61313755
-0.620345
-0.73374258
-0.75605585
-0.76746477
-0.6818336
-0.70109011
-0.71088282
-0.6332669
-0.64970629
-0.65801406
-0.76745601
-0.75598031
-0.73352339
-0.71087401
-0.70101444
-0.68161609
-0.6580055
-0.64963333
-0.63305999
-0.58740794
-0.60115267
-0.60807162
-0.60102598
-0.61567841
-0.62304879
-0.60788023
-0.62298602
-0.6305899
-0.7971015
-0.78477676
-0.76072094
-0.78484148
-0.77297069
-0.74977809
-0.7609253
-0.74991508
-0.72840579
-0.71640617
-0.70670163
-0.68771944
-0.66679099
-0.65837419
-0.64183346
-0.620345
-0.61313755
-0.59889052
-0.68761296
-0.70645025
-0.71608161
-0.64172916
-0.65812696
-0.66647103
-0.59879333
-0.6129055
-0.62004348
-0.73352339
-0.75598031
-0.76745601
-0.68161609
-0.70101444
-0.71087401
-0.63305999
-0.64963333
-0.6580055
-0.60807162
-0.60115267
-0.58740794
-0.62304879
-0.61567841
-0.60102598
-0.6305899
-0.62298602
-0.60788023
-0.60164484
-0.65278592
-0.69471282
-0.61515789
-0.66887829
-0.71356135
-0.62225519
-0.67723794
-0.72325109
-0.71608161
-0.70645025
-0.68761296
-0.66647103
-0.65812696
-0.64172916
-0.62004348
-0.6129055
-0.59879333
-0.65789112
-0.62055315
-0.57428661
-0.61567282
-0.58272075
-0.54169932
-0.57616317
-0.54728029
-0.51107812
-0.55458667
-0.56609939
-0.57217157
-0.524116
-0.53421304
-0.53952509
-0.49540534
-0.50416651
-0.50875706
-0.51559372
-0.55311877
-0.58371098
-0.51096749
-0.54771337
-0.57754021
-0.50205889
-0.53715892
-0.56534347
-0.72840579
-0.74991508
-0.7609253
-0.74977809
-0.77297069
-0.78484148
-0.76072094
-0.78477676
-0.7971015
-0.76746477
-0.75605585
-0.73374258
-0.71088282
-0.70109011
-0.6818336
-0.65801406
-0.64970629
-0.6332669
-0.71640617
-0.70670163
-0.68771944
-0.66679099
-0.65837419
-0.64183346
-0.620345
-0.61313755
-0.59889052
-0.60788023
-0.62298602
-0.6305899
-0.60102598
-0.61567841
-0.62304879
-0.58740794
-0.60115267
-0.60807162
-0.41391227
-0.38041393
-0.34241297
-0.42542668
-0.38762611
-0.34701968
-0.43697897
-0.39656618
-0.35335405
-0.39624332
-0.36647628
-0.33251103
-0.40619684
-0.37258709
-0.33632303
-0.41610066
-0.38013818
-0.34157474
-0.38020488
-0.35371283
-0.32323989
-0.38869418
-0.35877196
-0.32629382
-0.39702841
-0.36500166
-0.33052918
-0.31050931
-0.26329229
-0.21632693
-0.31387889
-0.26574921
-0.21806858
-0.31572065
-0.26711457
-0.21905167
-0.30297002
-0.26086114
-0.2189006
-0.30572075
-0.26281932
-0.22021712
-0.30722529
-0.26390812
-0.22095769
-0.29565682
-0.25805472
-0.22050048
-0.29788004
-0.25961997
-0.22152774
-0.29910157
-0.26049433
-0.22210561
-0.29787152
-0.25380778
-0.20884197
-0.29277401
-0.25343975
-0.2133039
-0.28763788
-0.25233505
-0.21627848
-0.29964931
-0.25429785
-0.208277
-0.29427434
-0.25390279
-0.21294905
-0.28884896
-0.25274504
-0.21609055
-0.30276116
-0.25564831
-0.20815901
-0.29687375
-0.25506586
-0.21294943
-0.29095107
-0.25371895
-0.21618902
-0.86353625
-0.89302437
-0.90830462
-0.89298223
-0.92502705
-0.94164646
-0.90824182
-0.94162678
-0.95895905
-0.80866758
-0.83474232
-0.84817865
-0.8346437
-0.86293443
-0.87752017
-0.84803173
-0.87747398
-0.8926717
-0.75550146
-0.77852483
-0.79033623
-0.77839571
-0.80327645
-0.81604212
-0.79014376
-0.81598135
-0.82925245
-0.58313254
-0.631218
-0.67055473
-0.59579265
-0.64628792
-0.68816229
-0.60243869
-0.65410553
-0.6971972
-0.54948411
-0.59210136
-0.62677274
-0.56059628
-0.60530874
-0.64214016
-0.5664116
-0.61213312
-0.64998978
-0.51786976
-0.55545423
-0.58579806
-0.52751633
-0.56689868
-0.59905687
-0.53254188
-0.57278066
-0.60579005
-0.70206108
-0.72211203
-0.73235284
-0.72197148
-0.74354508
-0.75455991
-0.73214296
-0.7544932
-0.76591448
-0.65434818
-0.67177619
-0.6806338
-0.67163722
-0.69031659
-0.69980416
-0.68042562
-0.69973737
-0.70955322
-0.60970376
-0.62467883
-0.63224459
-0.62454737
-0.64054063
-0.64861456
-0.63204669
-0.64855023
-0.65688745
-0.73235284
-0.72211203
-0.70206108
-0.75455991
-0.74354508
-0.72197148
-0.76591448
-0.7544932
-0.73214296
-0.6806338
-0.67177619
-0.65434818
-0.69980416
-0.69031659
-0.67163722
-0.70955322
-0.69973737
-0.68042562
-0.63224459
-0.62467883
-0.60970376
-0.64861456
-0.64054063
-0.62454737
-0.65688745
-0.64855023
-0.63204669
-0.60243869
-0.65410553
-0.6971972
-0.59579265
-0.64628792
-0.68816229
-0.58313254
-0.631218
-0.67055473
-0.5664116
-0.61213312
-0.64998978
-0.56059628
-0.60530874
-0.64214016
-0.54948411
-0.59210136
-0.62677274
-0.53254188
-0.57278066
-0.60579005
-0.52751633
-0.56689868
-0.59905687
-0.51786976
-0.55545423
-0.58579806
-0.73214296
-0.7544932
-0.76591448
-0.72197148
-0.74354508
-0.75455991
-0.70206108
-0.72211203
-0.73235284
-0.68042562
-0.69973737
-0.70955322
-0.67163722
-0.69031659
-0.69980416
-0.65434818
-0.67177619
-0.6806338
-0.63204669
-0.64855023
-0.65688745
-0.62454737
-0.64054063
-0.64861456
-0.60970376
-0.62467883
-0.63224459
-0.27129336
-0.19162046
-0.3036754
-0.31528657
-0.2121121
-0.21778967
-0.1608673
-0.11334521
-0.31402035
-0.45836192
-0.33299349
-0.48748206
-0.31402035
-0.45836192
-0.39717735
1.0842022e-18
-0.37298049
-4.7704896e-18
-0.16586463
-0.16964304
2.1346154e-16
2.0613393e-16
-0.11564168
-0.11722119
2.3321018e-16
2.1701956e-16
-0.39093676
-0.40977066
-0.26614876
-0.27553742
-0.25688057
1.4284606e-16
0.25688057
-0.27142383
1.2352241e-16
0.27142383
-0.25688057
1.1474624e-16
-0.17478571
1.6533649e-16
0.17478571
-0.1835471
1.4258337e-16
0.1835471
-0.17478571
1.8554714e-16
-0.27632719
-0.2877368
-0.29868283
-0.28287978
-0.23966278
-0.192319
-0.16041054
-0.16156756
-0.16430423
-0.25872691
-0.22606536
-0.18502113
-0.19517582
-0.2027014
-0.20928614
-0.19792824
-0.16767692
-0.13426945
-0.11309121
-0.11359148
-0.11489126
-0.18297142
-0.15984484
-0.13054999
-0.25471353
-0.2266368
-0.20266471
-0.28486251
-0.2528458
-0.22514024
-0.15545395
-0.13779032
-0.12265416
-0.15089348
-0.13404733
-0.11981455
-0.16733519
-0.16936004
-0.16998188
-0.1413401
-0.086235197
-0.029923696
1.9653167e-16
1.8710429e-16
1.7153257e-16
-0.13856966
-0.084881578
-0.029516511
-0.11634773
-0.11728615
-0.11747761
-0.097593971
-0.059478223
-0.020626863
2.4561293e-16
2.0414353e-16
2.283336e-16
-0.096499052
-0.05901286
-0.020504594
-0.15874692
-0.14032065
-0.12454269
1.8527765e-16
1.7819709e-16
2.0257982e-16
2.170437e-16
2.116859e-16
2.2282588e-16
-0.30790332
-0.31353625
-0.31565884
-0.29522726
-0.26114572
-0.23166279
-0.2144077
-0.21729916
-0.21816563
-0.39806871
-0.40712513
-0.41038045
-0.38286857
-0.33658783
-0.29548759
-0.26996425
-0.27459223
-0.27601861
-0.36591551
-0.32284856
-0.28465257
-0.32287437
-0.35467469
-0.3800487
-0.33591704
-0.37026574
-0.39793859
-0.23129971
-0.25274052
-0.26887354
-0.22486528
-0.2450148
-0.25997754
-0.31218017
-0.19175207
-0.066774181
4.98733e-18
4.2961511e-18
8.6672646e-19
-0.33291588
-0.20490947
-0.071432212
-0.39642918
-0.39095644
-0.38042078
-0.21517327
-0.13229729
-0.046091329
2.0146197e-16
7.9413792e-17
1.2654945e-16
-0.22719501
-0.13953172
-0.048579813
-0.26116865
-0.26752909
-0.27095366
-0.349983
-0.3100508
-0.27427826
9.1660885e-17
1.7527578e-17
7.4945206e-17
7.7481481e-17
4.2383494e-17
9.4476609e-17
-0.37222683
-0.32881551
-0.29011099
-0.4293151
-0.367219
-0.29688218
-0.45573413
-0.38890674
-0.31391663
-0.46716788
-0.47986961
-0.48656309
-0.29404428
-0.251012
-0.20235027
-0.17738438
-0.18121703
-0.18326617
-0.31118009
-0.26482594
-0.21282348
-0.31981738
-0.32809133
-0.33240358
-0.33507956
-0.37921276
-0.42931148
-0.24049798
-0.21203827
-0.18683894
-0.25385543
-0.22341716
-0.19646183
-0.35568675
-0.40306282
-0.45658826
-0.14617313
-0.089641156
-0.031184901
1.8162136e-16
1.6009384e-16
1.5069667e-16
-0.15326334
-0.093768086
-0.032577529
1.3295521e-16
1.3148429e-16
1.354188e-16
1.5298094e-16
1.5698848e-16
1.5777803e-16
0.046091329
0.13229729
0.21517327
0.26116865
0.26752909
0.27095366
0.048579813
0.13953172
0.22719501
0.031184901
0.089641156
0.14617313
0.17738438
0.18121703
0.18326617
0.032577529
0.093768086
0.15326334
0.24049798
0.21203827
0.18683894
0.25385543
0.22341716
0.19646183
-0.27095366
-0.26752909
-0.26116865
-0.4293151
-0.367219
-0.29688218
-0.48656309
-0.47986961
-0.46716788
-0.18326617
-0.18121703
-0.17738438
-0.29404428
-0.251012
-0.20235027
-0.33240358
-0.32809133
-0.31981738
-0.24049798
-0.21203827
-0.18683894
-0.33507956
-0.37921276
-0.42931148
1.5614573e-16
1.2756597e-16
9.870723e-17
-0.21517327
-0.13229729
-0.046091329
1.5234182e-16
1.4830498e-16
1.7780764e-16
-0.14617313
-0.089641156
-0.031184901
1.1598724e-16
1.740725e-16
2.0475543e-16
-0.18461366
-0.18652995
-0.19023858
-0.22592839
-0.23018962
-0.23652042
-0.26041073
-0.26924532
-0.27846013
-0.25947949
-0.27015985
-0.28028788
-0.23091826
-0.24031041
-0.24899989
-0.20648055
-0.21465592
-0.22197509
-0.2653809
-0.22480178
-0.18030429
-0.2356308
-0.19956181
-0.15991283
-0.20995229
-0.1778306
-0.14240047
-0.15404374
-0.15155358
-0.1504832
-0.13664688
-0.13460828
-0.13371738
-0.12176894
-0.12020159
-0.11954228
-0.17360283
-0.2122089
-0.24292178
-0.15431286
-0.18879851
-0.21617972
-0.13798796
-0.16894248
-0.19342949
-0.18428059
-0.19001598
-0.19545205
-0.15986601
-0.16245709
-0.16599874
-0.13034431
-0.13133432
-0.13321973
-0.029692697
-0.029942666
-0.029995169
-0.085447034
-0.086242773
-0.086434922
-0.13966808
-0.14120397
-0.14164048
-0.15677511
-0.15857312
-0.15908524
-0.13885517
-0.14027912
-0.14063554
-0.12348153
-0.12457836
-0.12482037
-0.13222365
-0.080634779
-0.027972101
-0.11682679
-0.071197013
-0.024689047
-0.10367295
-0.063169354
-0.021903646
2.0655387e-16
2.0123561e-16
2.17948e-16
2.0949163e-16
2.0383071e-16
1.7750375e-16
2.1390282e-16
2.0301852e-16
2.337383e-16
-0.027633154
-0.079488164
-0.12982992
-0.02444767
-0.070356151
-0.11501304
-0.021741869
-0.062580221
-0.10234344
-0.097005753
-0.097698134
-0.097815145
-0.059253711
-0.059590395
-0.05962164
-0.020574887
-0.020675364
-0.020678046
-0.22773863
-0.23102775
-0.23205446
-0.25604202
-0.26016676
-0.26155362
-0.28871351
-0.29378686
-0.29562415
-0.32764963
-0.33392663
-0.33630251
-0.36043866
-0.36791291
-0.37070997
-0.38678911
-0.39535995
-0.39848761
-0.31447816
-0.27798857
-0.24629838
-0.34640769
-0.30562546
-0.2698655
-0.37198509
-0.32741757
-0.28797888
-0.23169206
-0.23070627
-0.22746797
-0.25316538
-0.25198026
-0.24813778
-0.26933633
-0.2679832
-0.26359981
-0.23891065
-0.26861485
-0.30281124
-0.26097406
-0.29434351
-0.33242019
-0.27771606
-0.31439822
-0.35589674
-0.37242363
-0.38061251
-0.38347782
-0.32824936
-0.33493362
-0.33716083
-0.28901312
-0.29432017
-0.29600401
-0.33227387
-0.20450132
-0.071287575
-0.32757928
-0.20151832
-0.070230762
-0.31855002
-0.19578843
-0.068202148
-0.29302267
-0.18005167
-0.062712163
-0.25969274
-0.15965993
-0.05562472
-0.22976484
-0.14128332
-0.049225592
8.9616531e-17
6.7675812e-17
2.3326502e-17
3.3939722e-17
9.4113866e-17
9.5910282e-17
6.3544759e-17
6.1502526e-17
1.230224e-16
-0.066916059
-0.19198096
-0.31197325
-0.059032034
-0.16942207
-0.2754829
-0.051984657
-0.14926735
-0.24291904
-0.37153162
-0.36644583
-0.35674363
-0.32821669
-0.32385199
-0.31565186
-0.28959764
-0.28587305
-0.27894049
-0.21869117
-0.13439465
-0.046808857
-0.22395552
-0.13756444
-0.047899651
-0.22680209
-0.13929287
-0.048496931
-0.45489575
-0.38821547
-0.31336699
-0.44878884
-0.38317776
-0.30937635
-0.43725702
-0.37371215
-0.30192466
-0.40216152
-0.34393093
-0.27799585
-0.35519979
-0.30360785
-0.24520973
-0.31380482
-0.26801288
-0.21621348
-0.24442689
-0.25027395
-0.25342174
-0.21539417
-0.2203736
-0.22304931
-0.18968658
-0.1938973
-0.19615213
-0.29370862
-0.36410982
-0.42684295
-0.25869389
-0.32113147
-0.37676419
-0.22768277
-0.2830655
-0.3324222
-0.45572804
-0.44946133
-0.43756243
-0.40231357
-0.39684984
-0.38644617
-0.3550436
-0.35034503
-0.34135729
-0.29924463
-0.25518818
-0.20547037
-0.30672688
-0.26121829
-0.2100551
-0.31064311
-0.26439129
-0.21248817
-0.20142726
-0.12381792
-0.043131669
-0.17751197
-0.10903887
-0.037967644
-0.15631554
-0.095920567
-0.033380656
1.1374769e-16
7.2228613e-17
1.2506768e-16
1.2706111e-16
1.0554429e-16
1.3981784e-16
1.5516155e-16
1.5352872e-16
1.352235e-16
-0.045378298
-0.13037825
-0.21241196
-0.039832493
-0.11452137
-0.18680128
-0.034925172
-0.10048615
-0.16412454
-0.14825489
-0.090837967
-0.03158562
-0.15136167
-0.092647331
-0.032196564
-0.15303235
-0.093631758
-0.032530917
0.048496931
0.13929287
0.22680209
0.047899651
0.13756444
0.22395552
0.046808857
0.13439465
0.21869117
0.043131669
0.12381792
0.20142726
0.037967644
0.10903887
0.17751197
0.033380656
0.095920567
0.15631554
0.24442689
0.25027395
0.25342174
0.21539417
0.2203736
0.22304931
0.18968658
0.1938973
0.19615213
0.21241196
0.13037825
0.045378298
0.18680128
0.11452137
0.039832493
0.16412454
0.10048615
0.034925172
0.03158562
0.090837967
0.14825489
0.032196564
0.092647331
0.15136167
0.032530917
0.093631758
0.15303235
-0.43725702
-0.37371215
-0.30192466
-0.44878884
-0.38317776
-0.30937635
-0.45489575
-0.38821547
-0.31336699
-0.25342174
-0.25027395
-0.24442689
-0.22304931
-0.2203736
-0.21539417
-0.19615213
-0.1938973
-0.18968658
-0.27799585
-0.34393093
-0.40216152
-0.24520973
-0.30360785
-0.35519979
-0.21621348
-0.26801288
-0.31380482
-0.43756243
-0.44946133
-0.45572804
-0.38644617
-0.39684984
-0.40231357
-0.34135729
-0.35034503
-0.3550436
-0.31064311
-0.26439129
-0.21248817
-0.30672688
-0.26121829
-0.2100551
-0.29924463
-0.25518818
-0.20547037
-0.21869117
-0.13439465
-0.046808857
-0.22395552
-0.13756444
-0.047899651
-0.22680209
-0.13929287
-0.048496931
1.5127343e-16
1.0202333e-16
1.2429901e-16
1.6343678e-16
1.6954266e-16
1.6106359e-16
1.8779045e-16
2.0617723e-16
1.9615619e-16
-0.043131669
-0.12381792
-0.20142726
-0.037967644
-0.10903887
-0.17751197
-0.033380656
-0.095920567
-0.15631554
-0.15303235
-0.093631758
-0.032530917
-0.15136167
-0.092647331
-0.032196564
-0.14825489
-0.090837967
-0.03158562
-0.24454753
-0.2528229
-0.26133249
-0.21211406
-0.21610667
-0.22193537
-0.17324141
-0.17502473
-0.17841573
-0.21769873
-0.22496646
-0.23223444
-0.18877329
-0.19225546
-0.19718309
-0.15403454
-0.15555259
-0.15836566
-0.19481324
-0.20109294
-0.20716679
-0.16895568
-0.17188331
-0.17591489
-0.13776409
-0.13896273
-0.14118084
-0.13081255
-0.13217104
-0.13252258
-0.079990154
-0.080688158
-0.080833821
-0.027788665
-0.028006558
-0.02804382
-0.11579818
-0.11686695
-0.1171026
-0.070750675
-0.071291967
-0.071379063
-0.024568319
-0.024735411
-0.024754501
-0.10294467
-0.10376038
-0.10391369
-0.062873767
-0.063278099
-0.063326445
-0.021829526
-0.021952159
-0.021959875
-0.3071673
-0.31282706
-0.3148908
-0.27223611
-0.27684688
-0.27841371
-0.24186093
-0.24554196
-0.24670805
-0.33768164
-0.34443146
-0.3468747
-0.29871836
-0.30422384
-0.30609612
-0.26452597
-0.26891091
-0.27031192
-0.36205002
-0.36979695
-0.37254307
-0.31950953
-0.3258309
-0.32795498
-0.28185125
-0.28687272
-0.28847218
-0.29876044
-0.18365069
-0.063977622
-0.30703441
-0.18886035
-0.065813952
-0.31137652
-0.19160403
-0.066782563
-0.26437936
-0.16253846
-0.056625564
-0.27128743
-0.16681126
-0.058117412
-0.27497463
-0.16910562
-0.058920837
-0.23360943
-0.14359652
-0.050020878
-0.23937724
-0.1470994
-0.051231911
-0.24248763
-0.14900308
-0.051892548
-0.4095703
-0.34996331
-0.28263487
-0.42035298
-0.35877774
-0.28951605
-0.42605707
-0.36346455
-0.29319892
-0.36169369
-0.30886475
-0.2492022
-0.37111278
-0.31651723
-0.2551061
-0.37608104
-0.32057411
-0.25825847
-0.31943603
-0.27254899
-0.21962143
-0.3275675
-0.27912179
-0.2246435
-0.33183593
-0.28258962
-0.22731406
-0.20463151
-0.12571258
-0.043776639
-0.20944689
-0.12859019
-0.044762586
-0.21205082
-0.13016023
-0.045302905
-0.1802274
-0.11062441
-0.03850342
-0.18429856
-0.11302858
-0.039321625
-0.18649688
-0.11433959
-0.039769987
-0.15860416
-0.097243072
-0.033824778
-0.16202675
-0.099245269
-0.034502517
-0.16386938
-0.10033502
-0.034873409
0.043776639
0.12571258
0.20463151
0.044762586
0.12859019
0.20944689
0.045302905
0.13016023
0.21205082
0.03850342
0.11062441
0.1802274
0.039321625
0.11302858
0.18429856
0.039769987
0.11433959
0.18649688
0.033824778
0.097243072
0.15860416
0.034502517
0.099245269
0.16202675
0.034873409
0.10033502
0.16386938
-0.42605707
-0.36346455
-0.29319892
-0.42035298
-0.35877774
-0.28951605
-0.4095703
-0.34996331
-0.28263487
-0.37608104
-0.32057411
-0.25825847
-0.37111278
-0.31651723
-0.2551061
-0.36169369
-0.30886475
-0.2492022
-0.33183593
-0.28258962
-0.22731406
-0.3275675
-0.27912179
-0.2246435
-0.31943603
-0.27254899
-0.21962143
-0.21205082
-0.13016023
-0.045302905
-0.20944689
-0.12859019
-0.044762586
-0.20463151
-0.12571258
-0.043776639
-0.18649688
-0.11433959
-0.039769987
-0.18429856
-0.11302858
-0.039321625
-0.1802274
-0.11062441
-0.03850342
-0.16386938
-0.10033502
-0.034873409
-0.16202675
-0.099245269
-0.034502517
-0.15860416
-0.097243072
-0.033824778
-0.26924666
-0.18998382
-0.30113814
-0.31136795
-0.21027127
-0.21539192
-0.31136231
-0.21613735
-0.15964417
-0.23339253
8.4958536e-17
2.7612418e-17
0.15964417
0.23339253
-7.1557343e-18
4.5536491e-18
-0.37298049
-0.39717735
-0.38645085
-0.402592
-0.41419046
-0.4320356
-0.26348491
-0.27180783
-0.27866566
-0.2880561
-0.16477615
-0.16793162
-0.11461186
-0.11597792
-0.25571549
-0.2701723
-0.25571549
5.4915776e-18
7.0682756e-17
2.6302809e-17
0.25571549
0.2701723
-0.17346291
-0.18216265
-0.17346291
1.0397587e-16
8.461021e-17
7.6317698e-18
0.17346291
0.18216265
-0.27428068
-0.28557945
-0.29630747
-0.32004085
-0.35121805
-0.37591429
-0.32907141
-0.35706911
-0.37799116
-0.27613628
-0.29077581
-0.30487214
-0.19354328
-0.20102674
-0.20751704
-0.22289799
-0.24278426
-0.25746065
-0.22815726
-0.24625555
-0.2587022
-0.19443659
-0.20381286
-0.21233908
-0.25273264
-0.22479615
-0.20096242
-0.28245896
-0.25068918
-0.22320164
-0.36178432
-0.31936297
-0.28173224
-0.29186293
-0.25859295
-0.22973249
-0.39314814
-0.40130897
-0.40364944
-0.41198411
-0.42477035
-0.43117185
-0.42182529
-0.43098967
-0.43340561
-0.39523207
-0.40728572
-0.41336589
-0.26711483
-0.27137338
-0.27244767
-0.27705043
-0.2840969
-0.28758494
-0.28277478
-0.28758808
-0.28879124
-0.26836343
-0.27494816
-0.27822126
-0.37643935
-0.3314124
-0.29132139
-0.40346336
-0.35403068
-0.30972461
-0.38717943
-0.34052527
-0.29891421
-0.30518175
-0.31039262
-0.31202038
-0.29164895
-0.25812781
-0.22908341
-0.2124856
-0.21519722
-0.21586872
-0.16621258
-0.16809829
-0.16846276
-0.15717609
-0.138938
-0.12326776
-0.11530526
-0.11619096
-0.11629388
-0.15437647
-0.13673477
-0.12161723
-0.28062798
-0.23791163
-0.19101481
-0.28963475
-0.24452371
-0.1952389
-0.20065069
-0.16934768
-0.13498059
-0.19621657
-0.16621894
-0.13308542
-0.38042078
-0.39095644
-0.39642918
-0.071432212
-0.20490947
-0.33291588
1.3040072e-18
-4.472334e-18
-3.1441863e-18
-0.066774181
-0.19175207
-0.31218017
-0.25998031
-0.2663028
-0.26970531
-0.22618656
-0.13894376
-0.04838036
-5.7781378e-17
8.2447663e-17
6.084318e-17
-0.21422538
-0.1317373
-0.045900099
-0.34968884
-0.30930815
-0.2732258
-0.37190798
-0.3280121
-0.28897681
1.3704602e-17
-5.8099458e-17
-9.7107067e-18
-3.8628921e-17
4.3225293e-17
-2.4558827e-17
-0.23546644
-0.24225316
-0.25112298
6.1365388e-17
5.1007646e-17
-2.4211179e-17
-0.19624752
-0.12126746
-0.042346745
-0.16089249
-0.16518011
-0.17064716
-0.14507462
-0.088972701
-0.030953022
3.4653223e-17
8.0117266e-17
8.1687333e-17
-0.13418418
-0.082851609
-0.028917971
-0.17040151
-0.19304584
-0.21873197
-0.23925185
-0.21071098
-0.18550198
5.3759679e-17
4.0806105e-17
4.1730221e-17
5.7269977e-17
3.5536148e-17
7.8050874e-17
-0.17604584
-0.17985132
-0.18188411
-0.15212563
-0.093085424
-0.032342379
1.0834539e-16
1.2573237e-16
5.0055651e-17
-0.25252151
-0.22200757
-0.19505504
4.5851343e-17
5.844411e-17
4.646894e-17
-0.26970531
-0.2663028
-0.25998031
-0.21422538
-0.1317373
-0.045900099
6.4068601e-17
2.6182305e-17
-2.6045883e-17
-0.18188411
-0.17985132
-0.17604584
-0.14507462
-0.088972701
-0.030953022
9.179839e-17
8.9363501e-17
6.1503076e-17
-0.23925185
-0.21071098
-0.18550198
2.7370919e-17
3.3950094e-17
4.3546098e-17
0.045900099
0.1317373
0.21422538
0.23546644
0.24225316
0.25112298
0.042346745
0.12126746
0.19624752
0.030953022
0.088972701
0.14507462
0.16089249
0.16518011
0.17064716
0.028917971
0.082851609
0.13418418
0.23925185
0.21071098
0.18550198
0.17040151
0.19304584
0.21873197
0.04838036
0.13894376
0.22618656
0.25998031
0.2663028
0.26970531
0.032342379
0.093085424
0.15212563
0.17604584
0.17985132
0.18188411
0.25252151
0.22200757
0.19505504
-0.32189514
-0.34829121
-0.36800348
-0.30575091
-0.32808954
-0.34443569
-0.28701991
-0.30205824
-0.31467303
-0.25750021
-0.2680856
-0.27802478
-0.22908082
-0.23840324
-0.24694996
-0.20478222
-0.21290728
-0.22011823
-0.30014402
-0.32920017
-0.35207639
-0.26625401
-0.29155727
-0.31115096
-0.23682035
-0.25857
-0.27497131
-0.35400456
-0.33461956
-0.30847087
-0.3127954
-0.29616529
-0.27328529
-0.27634556
-0.26241555
-0.24265787
-0.28587089
-0.27279692
-0.25915115
-0.25350183
-0.24227052
-0.23038924
-0.22550295
-0.21603988
-0.20580605
-0.2020088
-0.21210652
-0.21981191
-0.21412558
-0.22894652
-0.23888754
-0.22395333
-0.24115206
-0.25297088
-0.42097818
-0.43011512
-0.43253193
-0.4147066
-0.42363908
-0.42605276
-0.40225319
-0.41074798
-0.41313063
-0.36791556
-0.37533353
-0.37742229
-0.32447941
-0.3305884
-0.33224975
-0.28587858
-0.29075595
-0.29202619
-0.38508403
-0.3968156
-0.40267442
-0.33868642
-0.34849956
-0.35337468
-0.29726793
-0.30524412
-0.30919433
-0.40470743
-0.40251751
-0.39416782
-0.35504859
-0.35325369
-0.34635146
-0.31054942
-0.30914107
-0.30362172
-0.38642884
-0.38088249
-0.36985196
-0.33990495
-0.33531709
-0.32613164
-0.2984144
-0.29470921
-0.28726037
-0.27216228
-0.27660075
-0.27771889
-0.27895032
-0.28363199
-0.28480612
-0.28231968
-0.28711722
-0.28831745
-0.22570779
-0.2287917
-0.22959332
-0.25376493
-0.25761892
-0.25870096
-0.2861507
-0.29086168
-0.29227989
-0.28420221
-0.28884094
-0.29026304
-0.24061927
-0.24414309
-0.24512813
-0.19283771
-0.19525204
-0.19580603
-0.27130422
-0.24017882
-0.21327654
-0.22901171
-0.20269083
-0.17998734
-0.18277916
-0.16164786
-0.14345759
-0.20110289
-0.20053279
-0.19814764
-0.16975312
-0.16938687
-0.16763174
-0.13533051
-0.1351501
-0.13398987
-0.20816479
-0.23367414
-0.26323243
-0.17633178
-0.19797051
-0.22310599
-0.14120054
-0.15867463
-0.17902254
-0.15567201
-0.15735991
-0.15766688
-0.13778363
-0.1391335
-0.13935267
-0.12243204
-0.12347232
-0.12361469
-0.068202148
-0.070230762
-0.071287575
-0.19578843
-0.20151832
-0.20450132
-0.31855002
-0.32757928
-0.33227387
-0.35644226
-0.36613379
-0.37121358
-0.3148922
-0.32306578
-0.3274154
-0.2778657
-0.28476246
-0.2884664
-0.31171904
-0.19183515
-0.066867019
-0.27483989
-0.16905099
-0.058906846
-0.24200747
-0.14873788
-0.051805411
-1.2094671e-16
-1.1041648e-16
-2.8288937e-17
-8.9137594e-17
-3.3300566e-17
-3.10253e-17
3.2573724e-17
1.2011286e-17
2.5736731e-17
-0.062665562
-0.17991423
-0.29278619
-0.055505734
-0.15930966
-0.25909334
-0.049054383
-0.14078095
-0.22891099
-0.21772727
-0.22296502
-0.22579589
-0.13382727
-0.13698486
-0.13870596
-0.046615438
-0.047702656
-0.048297791
-0.042692796
-0.043736992
-0.045143672
-0.12227345
-0.12536678
-0.12951832
-0.19794667
-0.20332829
-0.21046977
-0.22056373
-0.22687928
-0.23501162
-0.19464425
-0.200105
-0.20708835
-0.17176407
-0.17644745
-0.18241723
-0.20041023
-0.12321446
-0.042925119
-0.17642179
-0.10838605
-0.037743115
-0.15520966
-0.095251527
-0.03314929
4.8112801e-17
6.3546596e-17
6.6763011e-17
4.8406194e-17
4.1723052e-17
3.8505412e-17
6.2688331e-17
9.4006565e-17
8.7724624e-17
-0.039719596
-0.11372248
-0.18397679
-0.035051191
-0.10036138
-0.16236765
-0.030898547
-0.088502353
-0.14326956
-0.13519919
-0.13853029
-0.14282212
-0.083443466
-0.085294953
-0.087691004
-0.029119907
-0.029732498
-0.030525427
-0.24315735
-0.24896587
-0.25209108
-0.21404534
-0.21898858
-0.22164283
-0.18833164
-0.19251161
-0.19474803
-0.21133413
-0.12974726
-0.045163778
-0.18565552
-0.11384474
-0.039601382
-0.16297312
-0.09979931
-0.034689313
5.5420969e-17
3.6180011e-17
2.7998463e-17
6.4900536e-17
2.6823451e-17
5.8863953e-17
3.5309363e-17
1.0357451e-16
9.18061e-17
-0.14714671
-0.15023624
-0.1518962
-0.090166129
-0.091969333
-0.092949704
-0.031352984
-0.031962526
-0.032295916
-0.048297791
-0.047702656
-0.046615438
-0.13870596
-0.13698486
-0.13382727
-0.22579589
-0.22296502
-0.21772727
-0.25209108
-0.24896587
-0.24315735
-0.22164283
-0.21898858
-0.21404534
-0.19474803
-0.19251161
-0.18833164
-0.20041023
-0.12321446
-0.042925119
-0.17642179
-0.10838605
-0.037743115
-0.15520966
-0.095251527
-0.03314929
4.695374e-17
2.1514268e-17
-1.4389549e-17
4.0457043e-17
1.4096715e-17
6.2193096e-17
4.3362789e-17
3.0467717e-17
8.6305194e-17
-0.1518962
-0.15023624
-0.14714671
-0.092949704
-0.091969333
-0.090166129
-0.032295916
-0.031962526
-0.031352984
0.19794667
0.20332829
0.21046977
0.12227345
0.12536678
0.12951832
0.042692796
0.043736992
0.045143672
0.042925119
0.12321446
0.20041023
0.037743115
0.10838605
0.17642179
0.03314929
0.095251527
0.15520966
0.23501162
0.22687928
0.22056373
0.20708835
0.200105
0.19464425
0.18241723
0.17644745
0.17176407
0.18397679
0.11372248
0.039719596
0.16236765
0.10036138
0.035051191
0.14326956
0.088502353
0.030898547
0.029119907
0.029732498
0.030525427
0.083443466
0.085294953
0.087691004
0.13519919
0.13853029
0.14282212
0.21772727
0.22296502
0.22579589
0.13382727
0.13698486
0.13870596
0.046615438
0.047702656
0.048297791
0.045163778
0.12974726
0.21133413
0.039601382
0.11384474
0.18565552
0.034689313
0.09979931
0.16297312
0.25209108
0.24896587
0.24315735
0.22164283
0.21898858
0.21404534
0.19474803
0.19251161
0.18833164
0.031352984
0.031962526
0.032295916
0.090166129
0.091969333
0.092949704
0.14714671
0.15023624
0.1518962
-0.26941778
-0.28351313
-0.29521474
-0.28687175
-0.30779015
-0.32296055
-0.30185163
-0.32652353
-0.3448015
-0.23954959
-0.25199867
-0.26208672
-0.25477275
-0.27319403
-0.2862741
-0.26766117
-0.28929332
-0.30500462
-0.21393878
-0.22483421
-0.23337986
-0.22709542
-0.2431553
-0.2542092
-0.23798784
-0.2567222
-0.26992374
-0.37628006
-0.38400643
-0.38614202
-0.38767569
-0.39580862
-0.39798678
-0.39339682
-0.40172077
-0.40391026
-0.33149488
-0.33786396
-0.33957647
-0.34098223
-0.34769781
-0.34946756
-0.34571451
-0.35259448
-0.35438714
-0.29160373
-0.2966899
-0.29800856
-0.29929062
-0.30465781
-0.30603618
-0.30310925
-0.30861038
-0.31001576
-0.2664884
-0.27067541
-0.27190941
-0.23637663
-0.23979086
-0.24072557
-0.2103548
-0.21307519
-0.21376061
-0.22556524
-0.22873635
-0.2295849
-0.19999573
-0.20256298
-0.20319607
-0.17795147
-0.17997331
-0.18042546
-0.18067025
-0.18283567
-0.18330728
-0.16001628
-0.16175592
-0.16209987
-0.14225331
-0.1436053
-0.14383985
-0.29851909
-0.30678527
-0.31112295
-0.18351098
-0.188717
-0.19145852
-0.063930375
-0.065765641
-0.066733621
-0.26376807
-0.27065701
-0.27433318
-0.16218255
-0.1664463
-0.1687353
-0.056504899
-0.05799405
-0.058795882
-0.23274012
-0.2384826
-0.24157818
-0.14308688
-0.14657797
-0.14847461
-0.049847505
-0.051055047
-0.051713605
-0.18546774
-0.19045259
-0.19695897
-0.11459962
-0.11744463
-0.12119183
-0.04002015
-0.040976162
-0.042238819
-0.16367012
-0.16795315
-0.17349566
-0.10112593
-0.10354385
-0.10669335
-0.035312861
-0.036120099
-0.037173069
-0.14437732
-0.14802912
-0.15273348
-0.08915001
-0.091191693
-0.093834492
-0.031119665
-0.031797382
-0.032675011
-0.20359856
-0.20838724
-0.21097527
-0.12510191
-0.12796753
-0.12953029
-0.043567988
-0.044550473
-0.045088692
-0.17912298
-0.1831697
-0.18535324
-0.10996552
-0.11235933
-0.1136639
-0.038277208
-0.03909256
-0.039539139
-0.15748688
-0.16088944
-0.16271975
-0.096569663
-0.098564125
-0.099648905
-0.033592318
-0.034268119
-0.03463774
-0.21097527
-0.20838724
-0.20359856
-0.12953029
-0.12796753
-0.12510191
-0.045088692
-0.044550473
-0.043567988
-0.18535324
-0.1831697
-0.17912298
-0.1136639
-0.11235933
-0.10996552
-0.039539139
-0.03909256
-0.038277208
-0.16271975
-0.16088944
-0.15748688
-0.099648905
-0.098564125
-0.096569663
-0.03463774
-0.034268119
-0.033592318
0.04002015
0.040976162
0.042238819
0.11459962
0.11744463
0.12119183
0.18546774
0.19045259
0.19695897
0.035312861
0.036120099
0.037173069
0.10112593
0.10354385
0.10669335
0.16367012
0.16795315
0.17349566
0.031119665
0.031797382
0.032675011
0.08915001
0.091191693
0.093834492
0.14437732
0.14802912
0.15273348
0.043567988
0.044550473
0.045088692
0.12510191
0.12796753
0.12953029
0.20359856
0.20838724
0.21097527
0.038277208
0.03909256
0.039539139
0.10996552
0.11235933
0.1136639
0.17912298
0.1831697
0.18535324
0.033592318
0.034268119
0.03463774
0.096569663
0.098564125
0.099648905
0.15748688
0.16088944
0.16271975
