MFEM mesh v1.0

#
# MFEM Geometry Types (see mesh/geom.hpp):
#
# POINT       = 0
# SEGMENT     = 1
# TRIANGLE    = 2
# SQUARE      = 3
# TETRAHEDRON = 4
# CUBE        = 5
#

dimension
3

elements
8
1 5 9 19 20 8 12 21 22 11
1 5 12 21 22 11 0 13 14 1
1 5 23 24 27 26 6 5 8 9
1 5 24 25 28 27 5 4 7 8
1 5 25 16 15 28 4 2 3 7
1 5 26 27 30 29 9 8 11 12
1 5 27 28 31 30 8 7 10 11
1 5 29 30 17 18 12 11 1 0

boundary
30
20 3 6 5 8 9
20 3 8 20 19 9
20 3 5 4 7 8
20 3 4 2 3 7
20 3 9 19 21 12
20 3 19 20 22 21
20 3 20 8 11 22
20 3 8 7 10 11
20 3 12 21 13 0
20 3 21 22 14 13
20 3 22 11 1 14
20 3 0 13 14 1
20 3 16 15 3 2
20 3 26 27 24 23
20 3 27 28 25 24
20 3 28 15 16 25
20 3 29 30 27 26
20 3 30 31 28 27
20 3 18 17 30 29
20 3 23 24 5 6
20 3 24 25 4 5
20 3 25 16 2 4
20 3 26 23 6 9
20 3 15 28 7 3
20 3 29 26 9 12
20 3 28 31 10 7
20 3 31 30 11 10
20 3 18 29 12 0
20 3 30 17 1 11
20 3 17 18 0 1

vertices
32

nodes
FiniteElementSpace
FiniteElementCollection: H1_3D_P4
VDim: 3
Ordering: 0

-0.35824573
-0.36439324
-0.35793389
-0.3638317
-0.37443101
-0.38159255
-0.37443101
-0.38138571
-0.38905707
-0.38138571
-0.37443101
-0.38159255
-0.37443101
-0.29108888
-0.29394633
-0.41631794
-0.40559113
-0.41723435
-0.40615364
-0.29389062
-0.2967613
-0.29132968
-0.29412508
-0.46325474
-0.47972374
-0.46325474
-0.47947073
-0.49801262
-0.47947073
-0.46325474
-0.47972374
-0.46325474
-0.3656336
-0.33653934
-0.30844318
-0.29469428
-0.29595573
-0.29666366
-0.37215696
-0.34133168
-0.31186125
-0.38881832
-0.3870771
-0.3837317
-0.3597157
-0.3322012
-0.30536389
-0.29210616
-0.29333519
-0.29402925
-0.36583044
-0.336733
-0.30865829
-0.38136836
-0.37973821
-0.37661531
-0.38116861
-0.37958879
-0.37655653
-0.29380261
-0.29316452
-0.29203797
-0.2966711
-0.29601716
-0.29485785
-0.38882511
-0.38713268
-0.38387781
-0.34964465
-0.32875229
-0.304573
-0.29186963
-0.29312824
-0.2938459
-0.35506118
-0.33303251
-0.30785995
-0.3600644
-0.36275461
-0.36419335
-0.36090113
-0.36661505
-0.37197667
-0.29008046
-0.28972389
-0.29065477
-0.29281839
-0.29243262
-0.29341932
-0.36722256
-0.3732476
-0.37896698
-0.46854531
-0.47568847
-0.4792407
-0.48560882
-0.4935421
-0.49747975
-0.48543232
-0.49347574
-0.49747172
-0.46847222
-0.47550498
-0.47899624
-0.38136836
-0.37973821
-0.37661531
-0.38387781
-0.38713268
-0.38882511
-0.37655653
-0.37958879
-0.38116861
-0.38928172
-0.41794066
-0.44722054
-0.39765129
-0.42902166
-0.46170298
-0.40644975
-0.44092889
-0.47763268
-0.39743146
-0.4287825
-0.46145376
-0.4792407
-0.47568847
-0.46854531
-0.46847222
-0.47550498
-0.47899624
-0.49747172
-0.49347574
-0.48543232
-0.37661531
-0.37973821
-0.38136836
-0.37655653
-0.37958879
-0.38116861
-0.3837317
-0.3870771
-0.38881832
-0.38928172
-0.41794066
-0.44722054
-0.39743146
-0.4287825
-0.46145376
-0.41918903
-0.44076155
-0.45671368
-0.41598671
-0.41356932
-0.40889696
-0.43100178
-0.4544723
-0.47216885
-0.36061786
-0.36643162
-0.37191306
-0.359683
-0.36226364
-0.36364053
-0.36669591
-0.37283942
-0.37869226
-0.36375315
-0.37819098
-0.39554362
-0.37026014
-0.3860425
-0.40518924
-0.49747975
-0.4935421
-0.48560882
-0.46854531
-0.47568847
-0.4792407
-0.47899624
-0.47550498
-0.46847222
-0.39765129
-0.42902166
-0.46170298
-0.38928172
-0.41794066
-0.44722054
-0.47899624
-0.47550498
-0.46847222
-0.4792407
-0.47568847
-0.46854531
-0.38116861
-0.37958879
-0.37655653
-0.37661531
-0.37973821
-0.38136836
-0.38928172
-0.41794066
-0.44722054
-0.43177284
-0.45500738
-0.47250916
-0.416891
-0.41438734
-0.40956005
-0.41963551
-0.44101229
-0.45679402
-0.37087187
-0.38675415
-0.40602805
-0.36410046
-0.37860789
-0.39605059
-0.37195046
-0.34117661
-0.3117446
-0.37045006
-0.34005098
-0.31091261
-0.36759759
-0.33795481
-0.30940571
-0.36544607
-0.33639842
-0.3083373
-0.36408261
-0.33537534
-0.30758215
-0.36149611
-0.33347773
-0.30622353
-0.29460528
-0.29586589
-0.29657343
-0.29396122
-0.29521504
-0.29591986
-0.29282243
-0.29406241
-0.29476124
-0.31175149
-0.34118294
-0.37195694
-0.31096937
-0.34010299
-0.37050318
-0.30955619
-0.33809138
-0.3677368
-0.38858701
-0.38684926
-0.38351064
-0.38689802
-0.38518636
-0.38189713
-0.38364981
-0.38198687
-0.37879555
-0.3615519
-0.33353293
-0.30628581
-0.36422463
-0.33551528
-0.30773843
-0.36563616
-0.33658548
-0.30854519
-0.35763404
-0.33085313
-0.30448042
-0.3534776
-0.32835639
-0.30320761
-0.3496592
-0.32749904
-0.30339732
-0.29141939
-0.29263583
-0.29332409
-0.29046937
-0.29166101
-0.29233872
-0.29082857
-0.29203375
-0.29272282
-0.3077238
-0.33528756
-0.36359465
-0.30636085
-0.33258486
-0.35913963
-0.30655287
-0.33162654
-0.35502901
-0.37874772
-0.37715157
-0.37410476
-0.37303643
-0.37150587
-0.36861032
-0.36701855
-0.36554626
-0.36278309
-0.35123311
-0.32998169
-0.30548035
-0.35360268
-0.33185746
-0.30692985
-0.35488464
-0.33288895
-0.30774521
-0.48494206
-0.49295873
-0.49694147
-0.48131336
-0.48913523
-0.49301702
-0.47399488
-0.48142214
-0.48511028
-0.451876
-0.45814685
-0.46127955
-0.42143577
-0.42624916
-0.42868863
-0.39187553
-0.39551502
-0.39739405
-0.4668355
-0.47373319
-0.47717056
-0.43278964
-0.43796125
-0.4405742
-0.40038925
-0.40421357
-0.40618209
-0.47716259
-0.47366727
-0.46666088
-0.44056647
-0.43789773
-0.43262159
-0.406175
-0.40415502
-0.40023473
-0.46103878
-0.45796644
-0.45180448
-0.4284576
-0.42607599
-0.42136728
-0.39718164
-0.39535582
-0.39181245
-0.37879555
-0.38198687
-0.38364981
-0.38189713
-0.38518636
-0.38689802
-0.38351064
-0.38684926
-0.38858701
-0.49694147
-0.49295873
-0.48494206
-0.49301702
-0.48913523
-0.48131336
-0.48511028
-0.48142214
-0.47399488
-0.46127955
-0.45814685
-0.451876
-0.42868863
-0.42624916
-0.42143577
-0.39739405
-0.39551502
-0.39187553
-0.45180448
-0.45796644
-0.46103878
-0.42136728
-0.42607599
-0.4284576
-0.39181245
-0.39535582
-0.39718164
-0.46666088
-0.47366727
-0.47716259
-0.43262159
-0.43789773
-0.44056647
-0.40023473
-0.40415502
-0.406175
-0.38364981
-0.38198687
-0.37879555
-0.38689802
-0.38518636
-0.38189713
-0.38858701
-0.38684926
-0.38351064
-0.47171695
-0.45406162
-0.43064077
-0.46837854
-0.45105172
-0.42800408
-0.46168417
-0.44509703
-0.42286695
-0.44153331
-0.42743494
-0.40808774
-0.41365249
-0.4033612
-0.38850493
-0.38630909
-0.37935542
-0.37067151
-0.39851321
-0.40271097
-0.40489125
-0.38057246
-0.38399731
-0.38579522
-0.36570035
-0.36854349
-0.37005139
-0.41870241
-0.43963101
-0.45515389
-0.39711805
-0.41298306
-0.42411656
-0.37769534
-0.3868273
-0.39425081
-0.37398166
-0.36836425
-0.36243205
-0.37693591
-0.37116115
-0.36508841
-0.37848029
-0.3726361
-0.36650041
-0.47399488
-0.48142214
-0.48511028
-0.48131336
-0.48913523
-0.49301702
-0.48494206
-0.49295873
-0.49694147
-0.47717056
-0.47373319
-0.4668355
-0.4405742
-0.43796125
-0.43278964
-0.40618209
-0.40421357
-0.40038925
-0.46127955
-0.45814685
-0.451876
-0.42868863
-0.42624916
-0.42143577
-0.39739405
-0.39551502
-0.39187553
-0.45180448
-0.45796644
-0.46103878
-0.42136728
-0.42607599
-0.4284576
-0.39181245
-0.39535582
-0.39718164
-0.48511028
-0.48142214
-0.47399488
-0.49301702
-0.48913523
-0.48131336
-0.49694147
-0.49295873
-0.48494206
-0.46103878
-0.45796644
-0.45180448
-0.4284576
-0.42607599
-0.42136728
-0.39718164
-0.39535582
-0.39181245
-0.451876
-0.45814685
-0.46127955
-0.42143577
-0.42624916
-0.42868863
-0.39187553
-0.39551502
-0.39739405
-0.38858701
-0.38684926
-0.38351064
-0.38689802
-0.38518636
-0.38189713
-0.38364981
-0.38198687
-0.37879555
-0.4234057
-0.42868479
-0.43140074
-0.44542808
-0.45150728
-0.45458689
-0.46183879
-0.46864669
-0.4720484
-0.45548738
-0.44014398
-0.41942043
-0.424435
-0.41346319
-0.39775355
-0.39454242
-0.38726565
-0.37826325
-0.40571864
-0.4034571
-0.39911398
-0.38649666
-0.38462625
-0.38107215
-0.37065393
-0.36908076
-0.36612165
-0.40849722
-0.42767182
-0.44161126
-0.38885829
-0.40358014
-0.41372651
-0.3709815
-0.37955429
-0.38637647
-0.36740603
-0.3378112
-0.30929823
-0.37025321
-0.33990411
-0.31080363
-0.37175073
-0.34102801
-0.31163482
-0.36601557
-0.33677014
-0.30853406
-0.36882295
-0.33883822
-0.31002767
-0.37029983
-0.33994977
-0.31085348
-0.36337235
-0.33483536
-0.30715683
-0.36610094
-0.33685399
-0.30862695
-0.36753863
-0.33794131
-0.30944166
-0.35941549
-0.33215037
-0.30538325
-0.36202281
-0.33409164
-0.3068151
-0.36340362
-0.33514222
-0.30761153
-0.35515491
-0.32958459
-0.30408161
-0.3576325
-0.33143547
-0.30547283
-0.35895653
-0.3324451
-0.30625117
-0.35122545
-0.32868232
-0.30426377
-0.35358149
-0.33049225
-0.3056575
-0.3548516
-0.3314881
-0.30644181
-0.45665369
-0.46315648
-0.46640015
-0.46304904
-0.4698744
-0.47327612
-0.46623373
-0.47321821
-0.4767028
-0.42498428
-0.42994138
-0.4324496
-0.42983792
-0.43499884
-0.43760731
-0.43228946
-0.43755154
-0.44021339
-0.39448216
-0.39820739
-0.40012853
-0.39811232
-0.4019616
-0.40394418
-0.39998127
-0.40389274
-0.40590855
-0.46640015
-0.46315648
-0.45665369
-0.47327612
-0.4698744
-0.46304904
-0.4767028
-0.47321821
-0.46623373
-0.4324496
-0.42994138
-0.42498428
-0.43760731
-0.43499884
-0.42983792
-0.44021339
-0.43755154
-0.43228946
-0.40012853
-0.39820739
-0.39448216
-0.40394418
-0.4019616
-0.39811232
-0.40590855
-0.40389274
-0.39998127
-0.44592006
-0.43129457
-0.41139907
-0.45180757
-0.4365817
-0.41600507
-0.45475789
-0.43926728
-0.41838055
-0.4169593
-0.40634901
-0.39114786
-0.42149714
-0.41053457
-0.39489671
-0.42380371
-0.41268835
-0.39685038
-0.38877922
-0.38164461
-0.37281354
-0.39222518
-0.38489616
-0.37586598
-0.39400917
-0.38659474
-0.37747671
-0.46623373
-0.47321821
-0.4767028
-0.46304904
-0.4698744
-0.47327612
-0.45665369
-0.46315648
-0.46640015
-0.43228946
-0.43755154
-0.44021339
-0.42983792
-0.43499884
-0.43760731
-0.42498428
-0.42994138
-0.4324496
-0.39998127
-0.40389274
-0.40590855
-0.39811232
-0.4019616
-0.40394418
-0.39448216
-0.39820739
-0.40012853
-0.4767028
-0.47321821
-0.46623373
-0.47327612
-0.4698744
-0.46304904
-0.46640015
-0.46315648
-0.45665369
-0.44021339
-0.43755154
-0.43228946
-0.43760731
-0.43499884
-0.42983792
-0.4324496
-0.42994138
-0.42498428
-0.40590855
-0.40389274
-0.39998127
-0.40394418
-0.4019616
-0.39811232
-0.40012853
-0.39820739
-0.39448216
-0.4460706
-0.45206987
-0.45508265
-0.43160908
-0.43701721
-0.43977071
-0.41189578
-0.41663684
-0.41908798
-0.41710268
-0.42174756
-0.42411379
-0.4066413
-0.41094143
-0.41315943
-0.39158062
-0.39545308
-0.39747614
-0.38891035
-0.39245443
-0.39429313
-0.38191079
-0.38526728
-0.38702482
-0.37319587
-0.37636133
-0.37803569
-0.091303978
2.9704968e-16
0.16068586
0.16608466
0.091154634
2.7206589e-16
-0.091154634
0.092998901
2.9546643e-16
-0.092998901
0.091154634
3.0960452e-16
-0.091154634
-0.08932113
3.2123222e-16
0.22870071
0.21804425
3.3973247e-16
-0.11334521
-0.087356359
2.5928073e-16
-0.085895869
2.9152465e-16
-0.12024882
2.5553119e-16
0.12024882
-0.1247171
2.414996e-16
0.1247171
-0.12024882
2.6346234e-16
0.12024882
-0.090616164
-0.088140502
-0.087415552
-0.072254176
-0.043668235
-0.015084968
2.8972098e-16
2.7535727e-16
2.8775077e-16
-0.016485735
-0.047463759
-0.077620114
-0.088945195
-0.086607498
-0.085935619
-0.071231349
-0.043211702
-0.014957624
3.1641578e-16
2.9277411e-16
3.0682266e-16
-0.016260256
-0.046741048
-0.076225003
-0.092930819
-0.092447934
-0.091632475
-0.087300184
-0.086898996
-0.086249939
2.6418548e-16
2.8276648e-16
2.873092e-16
2.9253349e-16
3.0082257e-16
3.1115749e-16
-0.090495423
-0.089419599
-0.089214089
-0.074667928
-0.045764632
-0.015917168
3.0082947e-16
3.0604554e-16
3.1025779e-16
-0.07674149
-0.047347161
-0.016521151
-0.090785058
-0.090323234
-0.090736551
-0.087469948
-0.085759399
-0.08565399
2.8027416e-16
3.0543521e-16
2.8645003e-16
3.3647968e-16
3.2695291e-16
3.1202493e-16
-0.10038993
-0.061424271
-0.021347031
2.4286601e-16
2.581845e-16
2.5748457e-16
-0.10393676
-0.063425242
-0.022009469
-0.12156124
-0.12351656
-0.12457184
-0.016260256
-0.046741048
-0.076225003
2.3966269e-16
2.9973605e-16
3.1283611e-16
-0.091632475
-0.092447934
-0.092930819
-0.094173554
-0.10228573
-0.11332984
2.4266244e-16
2.721829e-16
2.4807944e-16
2.7627281e-16
2.6542619e-16
2.4679205e-16
-0.096278007
-0.1051361
-0.1171927
0.021347031
0.061424271
0.10038993
0.12156124
0.12351656
0.12457184
0.022009469
0.063425242
0.10393676
0.076225003
0.046741048
0.016260256
0.091632475
0.092447934
0.092930819
0.077620114
0.047463759
0.016485735
0.094173554
0.10228573
0.11332984
0.096278007
0.1051361
0.1171927
0.20421187
0.1738183
0.1395184
0.22837318
0.22598036
0.22134013
0.21376961
0.18128818
0.14496442
0.15211937
0.13079208
0.10550734
0.16228492
0.16464733
0.1659094
0.15678477
0.1342329
0.10783809
0.16731724
0.18426962
0.20540837
0.17338577
0.19182179
0.21490391
2.4250319e-16
2.7321083e-16
2.5390961e-16
-0.10038993
-0.061424271
-0.021347031
-0.12457184
-0.12351656
-0.12156124
2.9620119e-16
2.6836285e-16
2.7130833e-16
-0.094173554
-0.10228573
-0.11332984
0.12457184
0.12351656
0.12156124
0.021347031
0.061424271
0.10038993
0.092930819
0.092447934
0.091632475
0.076225003
0.046741048
0.016260256
0.094173554
0.10228573
0.11332984
3.1803247e-16
2.6484664e-16
2.7372033e-16
-0.020454359
-0.05864994
-0.095153291
-0.11398714
-0.11611165
-0.11883121
3.2641661e-16
3.3540242e-16
3.0115706e-16
-0.093117242
-0.098879639
-0.10762835
-0.016018772
-0.015440062
-0.01515742
-0.046144404
-0.044559285
-0.043837433
-0.075557591
-0.073255481
-0.072393412
-0.090553858
-0.088082405
-0.087358532
-0.090108267
-0.08766773
-0.086953291
-0.089368248
-0.086987979
-0.086294643
-0.072210592
-0.04364598
-0.015077836
-0.071912182
-0.043495586
-0.015031811
-0.071451818
-0.043287717
-0.014972944
2.9046187e-16
2.7602706e-16
2.9437107e-16
2.87167e-16
2.8651527e-16
3.0811957e-16
2.9960823e-16
2.8456503e-16
3.0104955e-16
-0.016475763
-0.047433653
-0.077565677
-0.01640884
-0.047226699
-0.077188234
-0.016307856
-0.046904314
-0.076567746
-0.074310632
-0.072142696
-0.071346427
-0.045514697
-0.044025954
-0.043359762
-0.015825928
-0.015282779
-0.015021862
-0.088588099
-0.086328336
-0.085678155
-0.088367716
-0.086301444
-0.0857615
-0.089253338
-0.087765434
-0.087408017
-0.071109086
-0.043211372
-0.014969806
-0.071421676
-0.043573539
-0.015123697
-0.073055461
-0.044726967
-0.015548861
3.1166815e-16
2.959075e-16
2.960994e-16
3.1264963e-16
3.0401249e-16
3.046039e-16
3.1541204e-16
2.9188698e-16
3.1191619e-16
-0.016228928
-0.046622598
-0.075936607
-0.01625329
-0.046632756
-0.075751551
-0.016406941
-0.047032921
-0.076261059
-0.076013959
-0.074982393
-0.074642155
-0.046875978
-0.046148835
-0.045810165
-0.016351635
-0.016083001
-0.015943356
-0.10381833
-0.063356719
-0.021986246
-0.10296951
-0.062867217
-0.021822251
-0.10141332
-0.061988451
-0.021531012
-0.094626887
-0.057918984
-0.020133263
-0.085488175
-0.052395855
-0.018224962
-0.078777098
-0.048323875
-0.016814672
2.5652321e-16
2.4632534e-16
2.4266149e-16
2.7096034e-16
2.7362953e-16
2.675436e-16
2.5968659e-16
2.7987493e-16
2.7268283e-16
-0.020693921
-0.059622909
-0.097675896
-0.018617406
-0.053607294
-0.087707874
-0.017085374
-0.049177674
-0.080390062
-0.11706609
-0.11614489
-0.11445468
-0.10503881
-0.10433766
-0.10308583
-0.096202697
-0.095663624
-0.094736276
-0.076567746
-0.046904314
-0.016307856
-0.077188234
-0.047226699
-0.01640884
-0.077565677
-0.047433653
-0.016475763
0.021986246
0.063356719
0.10381833
0.021822251
0.062867217
0.10296951
0.021531012
0.061988451
0.10141332
0.020133263
0.057918984
0.094626887
0.018224962
0.052395855
0.085488175
0.016814672
0.048323875
0.078777098
0.11445468
0.11614489
0.11706609
0.10308583
0.10433766
0.10503881
0.094736276
0.095663624
0.096202697
0.097675896
0.059622909
0.020693921
0.087707874
0.053607294
0.018617406
0.080390062
0.049177674
0.017085374
0.016307856
0.046904314
0.076567746
0.01640884
0.047226699
0.077188234
0.016475763
0.047433653
0.077565677
0.14478825
0.18105379
0.21347292
0.14351743
0.17934616
0.21131078
0.14113212
0.17608856
0.20714313
0.13145861
0.16380863
0.19240191
0.11853085
0.14739646
0.17300687
0.10901333
0.13501731
0.15753953
0.20834235
0.21247315
0.21461192
0.18656635
0.18985984
0.19158473
0.16913415
0.17178564
0.1731911
0.20088101
0.17037055
0.13618957
0.17970382
0.15242129
0.12206677
0.16278096
0.13885341
0.11166111
0.10612865
0.13177127
0.15348677
0.10715999
0.13328028
0.15552768
0.10775397
0.13411634
0.15663274
-0.10141332
-0.061988451
-0.021531012
-0.10296951
-0.062867217
-0.021822251
-0.10381833
-0.063356719
-0.021986246
2.3958436e-16
2.4615394e-16
2.5751704e-16
2.6106654e-16
2.4690321e-16
2.5061679e-16
2.8536795e-16
2.7586872e-16
2.8342878e-16
-0.020133263
-0.057918984
-0.094626887
-0.018224962
-0.052395855
-0.085488175
-0.016814672
-0.048323875
-0.078777098
-0.11445468
-0.11614489
-0.11706609
-0.10308583
-0.10433766
-0.10503881
-0.094736276
-0.095663624
-0.096202697
0.021531012
0.061988451
0.10141332
0.021822251
0.062867217
0.10296951
0.021986246
0.063356719
0.10381833
0.11706609
0.11614489
0.11445468
0.10503881
0.10433766
0.10308583
0.096202697
0.095663624
0.094736276
0.094626887
0.057918984
0.020133263
0.085488175
0.052395855
0.018224962
0.078777098
0.048323875
0.016814672
0.016475763
0.047433653
0.077565677
0.01640884
0.047226699
0.077188234
0.016307856
0.046904314
0.076567746
-0.095665449
-0.05894128
-0.020552809
-0.097245388
-0.059764287
-0.020815557
-0.099290348
-0.060831192
-0.021155184
2.7116992e-16
3.0827582e-16
3.1349062e-16
2.7993488e-16
3.2302992e-16
3.4929189e-16
3.1914985e-16
3.3032375e-16
3.5484974e-16
-0.01943473
-0.055717189
-0.090366726
-0.017891239
-0.051270936
-0.083080874
-0.016859976
-0.048312691
-0.078269235
-0.10816445
-0.10988468
-0.11213816
-0.099211079
-0.1000964
-0.10147003
-0.093068679
-0.092986121
-0.093665525
-0.075507253
-0.073209349
-0.072348679
-0.046117032
-0.044534836
-0.0438143
-0.016009666
-0.015432055
-0.015149929
-0.075161726
-0.07289338
-0.072045106
-0.045930147
-0.044368917
-0.043659256
-0.015949824
-0.015379933
-0.01510209
-0.074604369
-0.072394637
-0.071572964
-0.045647606
-0.044128245
-0.043441476
-0.015862687
-0.015308268
-0.01503937
-0.074069607
-0.071977377
-0.071206757
-0.045426639
-0.043990635
-0.043346533
-0.015804842
-0.015281308
-0.01502903
-0.074051941
-0.072147735
-0.071493861
-0.045541827
-0.044240794
-0.043686866
-0.015866213
-0.015392331
-0.01517439
-0.074913384
-0.073538052
-0.073063944
-0.046166225
-0.045218323
-0.044794996
-0.016098163
-0.015752228
-0.015582549
-0.095496591
-0.058392086
-0.020286146
-0.096834693
-0.059140605
-0.020532751
-0.097572852
-0.059563654
-0.020673886
-0.086093324
-0.052712984
-0.018324837
-0.08707193
-0.053247895
-0.018498446
-0.087629097
-0.053562576
-0.018602384
-0.079190509
-0.048529405
-0.016876785
-0.079904788
-0.048908209
-0.016997235
-0.080329363
-0.049143785
-0.017074073
0.020286146
0.058392086
0.095496591
0.020532751
0.059140605
0.096834693
0.020673886
0.059563654
0.097572852
0.018324837
0.052712984
0.086093324
0.018498446
0.053247895
0.08707193
0.018602384
0.053562576
0.087629097
0.016876785
0.048529405
0.079190509
0.016997235
0.048908209
0.079904788
0.017074073
0.049143785
0.080329363
0.13285012
0.16579503
0.19499602
0.13492237
0.16865544
0.19869138
0.13603531
0.17016384
0.20061713
0.11953861
0.14888548
0.17502285
0.12109304
0.15108111
0.17794752
0.12194718
0.15225873
0.17949114
0.10973732
0.13612365
0.15908745
0.11090554
0.13780381
0.1613809
0.11156764
0.13872544
0.1626106
-0.097572852
-0.059563654
-0.020673886
-0.096834693
-0.059140605
-0.020532751
-0.095496591
-0.058392086
-0.020286146
-0.087629097
-0.053562576
-0.018602384
-0.08707193
-0.053247895
-0.018498446
-0.086093324
-0.052712984
-0.018324837
-0.080329363
-0.049143785
-0.017074073
-0.079904788
-0.048908209
-0.016997235
-0.079190509
-0.048529405
-0.016876785
0.020673886
0.059563654
0.097572852
0.020532751
0.059140605
0.096834693
0.020286146
0.058392086
0.095496591
0.018602384
0.053562576
0.087629097
0.018498446
0.053247895
0.08707193
0.018324837
0.052712984
0.086093324
0.017074073
0.049143785
0.080329363
0.016997235
0.048908209
0.079904788
0.016876785
0.048529405
0.079190509
-0.093711604
-0.057434923
-0.019978466
-0.09204507
-0.056589217
-0.019713796
-0.090790656
-0.055956267
-0.019515262
-0.08487852
-0.052090369
-0.018130584
-0.083921998
-0.05165653
-0.018005032
-0.083338685
-0.051412824
-0.017938587
-0.078414981
-0.048162499
-0.01676881
-0.078010769
-0.04804329
-0.016748932
-0.078205017
-0.04825686
-0.016838262
0.15915685
0.16449075
-0.090262432
6.4679809e-17
-0.090084957
-0.09191693
-0.090084957
1.2916978e-16
1.1053613e-16
1.2943728e-16
0.090084957
0.09191693
0.090084957
0.17002888
0.1760707
1.0735856e-16
-0.11222493
0.22662754
0.21613735
1.3816101e-16
1.3546719e-16
0.084893292
0.086357502
-0.11908157
-0.12353354
-0.11908157
1.2536659e-16
1.0135141e-16
1.4722685e-16
0.11908157
0.12353354
0.11908157
1.3420453e-16
1.1864972e-16
1.4515623e-16
1.5451216e-16
1.3228643e-16
1.3991799e-16
1.3228174e-16
1.2144732e-16
1.1980953e-16
1.0225805e-16
1.106867e-16
1.3858268e-16
0.087893809
0.085590894
0.084934914
0.085250107
0.085900736
0.086301473
0.089552783
0.08711644
0.086414452
0.091849406
0.091370178
0.090560057
0.016056302
0.046163604
0.075310643
0.014769769
0.042678249
0.070380474
0.014902674
0.043147465
0.071413712
0.016283932
0.04688939
0.076701471
0.16103597
0.16499706
0.16851575
0.17186915
0.1745044
0.17588134
0.16649192
0.17067777
0.17444482
0.16073751
0.16307149
0.1643177
0.1505937
0.12938092
0.10429827
0.15500736
0.12695035
0.099415747
0.1599558
0.13022795
0.10139529
0.15519433
0.13277622
0.10660583
-0.1203903
-0.12233846
-0.12338902
-0.10293787
-0.062803847
-0.021791557
1.2423431e-16
1.0170147e-16
7.0601742e-17
-0.099396634
-0.060799201
-0.021126514
-0.091849406
-0.091370178
-0.090560057
-0.076701471
-0.04688939
-0.016283932
-0.075310643
-0.046163604
-0.016056302
-0.093085637
-0.10117007
-0.11218353
-0.095178627
-0.10401121
-0.11603422
1.0110016e-16
1.2272326e-16
9.862982e-17
1.065287e-16
1.1696404e-16
1.1616856e-16
-0.12338902
-0.12233846
-0.1203903
-0.099396634
-0.060799201
-0.021126514
9.3068061e-17
1.103938e-16
1.1272413e-16
-0.090560057
-0.091370178
-0.091849406
-0.075310643
-0.046163604
-0.016056302
1.1287366e-16
8.7105679e-17
9.1991638e-17
-0.093085637
-0.10117007
-0.11218353
9.4008362e-17
9.647124e-17
1.2061911e-16
-0.11284866
-0.11495525
-0.11766736
-0.020240776
-0.058045393
-0.094196316
8.3017802e-17
8.3817593e-17
1.3210703e-16
-0.089733496
-0.089261146
-0.089668962
-0.075847461
-0.046779276
-0.016320063
8.5845851e-17
1.0558245e-16
1.1887837e-16
-0.092064315
-0.097803802
-0.10652499
8.7795204e-17
8.2411904e-17
1.0045471e-16
0.021791557
0.062803847
0.10293787
0.1203903
0.12233846
0.12338902
0.021126514
0.060799201
0.099396634
0.095178627
0.10401121
0.11603422
0.093085637
0.10117007
0.11218353
0.021126514
0.060799201
0.099396634
0.12338902
0.12233846
0.1203903
0.016056302
0.046163604
0.075310643
0.090560057
0.091370178
0.091849406
0.093085637
0.10117007
0.11218353
0.21183865
0.17963025
0.14360731
0.22630552
0.22395207
0.21938478
0.20240951
0.17223151
0.1381924
0.17177861
0.19009168
0.21297031
0.16577576
0.18262906
0.20360883
1.2913424e-16
1.0910537e-16
1.3117556e-16
1.0610765e-16
1.263055e-16
1.4531994e-16
1.2799089e-16
1.2182705e-16
1.4551737e-16
0.015625969
0.015089772
0.014833268
0.044948264
0.043479065
0.042824719
0.073413126
0.071275307
0.070495331
0.014786891
0.014848211
0.014895393
0.042758588
0.042972062
0.043124903
0.070605336
0.071070231
0.071369996
0.014973361
0.015249965
0.01582096
0.043312278
0.044017781
0.045581093
0.071548768
0.0723879
0.074656086
0.016273904
0.016206534
0.016104561
0.046859243
0.046651841
0.046327992
0.076647296
0.076271492
0.075652795
0.088314211
0.085970199
0.085295266
0.089049007
0.086646709
0.085953698
0.089491029
0.08705877
0.086357687
0.10189437
0.099690423
0.099289145
0.12690394
0.1256789
0.12642618
0.14951206
0.15144229
0.15381765
0.099922938
0.10080437
0.10132161
0.12788819
0.12932577
0.13011826
0.15648291
0.1586478
0.15979747
0.10126874
0.10169192
0.10401141
0.12966342
0.12882979
0.13008143
0.15866989
0.15610557
0.15399184
0.10652261
0.1059349
0.10491371
0.13266128
0.13183658
0.13034758
0.15504449
0.15395511
0.15194252
0.16266179
0.16670576
0.17031831
0.16504663
0.16918599
0.17290336
0.16631613
0.17049694
0.17425861
-0.021311318
-0.021603741
-0.021768271
-0.061364775
-0.062245258
-0.062735287
-0.10041926
-0.10197303
-0.10281978
-0.11330578
-0.11499071
-0.1159082
-0.10196852
-0.10321634
-0.10391441
-0.093645983
-0.094568327
-0.09510387
-0.096694756
-0.059010016
-0.020478632
-0.08675184
-0.053008188
-0.018406709
-0.079456665
-0.048593504
-0.016880083
1.1964978e-16
1.011066e-16
7.7747692e-17
1.1894965e-16
1.0648527e-16
1.223278e-16
1.073175e-16
1.0578478e-16
1.0312745e-16
-0.019914978
-0.057301116
-0.093648522
-0.018011195
-0.051791318
-0.084533306
-0.016606929
-0.047735881
-0.077847029
-0.075652795
-0.076271492
-0.076647296
-0.046327992
-0.046651841
-0.046859243
-0.016104561
-0.016206534
-0.016273904
-0.021768271
-0.021603741
-0.021311318
-0.062735287
-0.062245258
-0.061364775
-0.10281978
-0.10197303
-0.10041926
-0.1159082
-0.11499071
-0.11330578
-0.10391441
-0.10321634
-0.10196852
-0.09510387
-0.094568327
-0.093645983
-0.093648522
-0.057301116
-0.019914978
-0.084533306
-0.051791318
-0.018011195
-0.077847029
-0.047735881
-0.016606929
1.2120804e-16
9.1933979e-17
9.7451659e-17
9.529346e-17
1.0062839e-16
1.0275965e-16
1.0573e-16
9.6550311e-17
1.1407077e-16
-0.076647296
-0.076271492
-0.075652795
-0.046859243
-0.046651841
-0.046327992
-0.016273904
-0.016206534
-0.016104561
-0.020934025
-0.020594483
-0.020335555
-0.060204966
-0.059138914
-0.058326455
-0.098297926
-0.096256729
-0.094692757
-0.11099383
-0.10874658
-0.10704341
-0.10035554
-0.098985529
-0.098117488
-0.092579338
-0.091904104
-0.091998806
-0.08942155
-0.055117963
-0.01922269
-0.082156814
-0.050683369
-0.017683074
-0.077364847
-0.047737746
-0.01665631
1.0381347e-16
7.4329024e-17
8.455277e-17
9.604962e-17
1.2369416e-16
8.0461473e-17
9.794762e-17
1.1428696e-16
1.0712168e-16
-0.07502239
-0.074839896
-0.075357833
-0.046043833
-0.046053965
-0.046458935
-0.016024289
-0.016048376
-0.016203623
0.10041926
0.10197303
0.10281978
0.061364775
0.062245258
0.062735287
0.021311318
0.021603741
0.021768271
0.020478632
0.059010016
0.096694756
0.018406709
0.053008188
0.08675184
0.016880083
0.048593504
0.079456665
0.1159082
0.11499071
0.11330578
0.10391441
0.10321634
0.10196852
0.09510387
0.094568327
0.093645983
0.093648522
0.057301116
0.019914978
0.084533306
0.051791318
0.018011195
0.077847029
0.047735881
0.016606929
0.10281978
0.10197303
0.10041926
0.062735287
0.062245258
0.061364775
0.021768271
0.021603741
0.021311318
0.019914978
0.057301116
0.093648522
0.018011195
0.051791318
0.084533306
0.016606929
0.047735881
0.077847029
0.11330578
0.11499071
0.1159082
0.10196852
0.10321634
0.10391441
0.093645983
0.094568327
0.09510387
0.016273904
0.016206534
0.016104561
0.046859243
0.046651841
0.046327992
0.076647296
0.076271492
0.075652795
0.20530326
0.2094147
0.2115462
0.17448201
0.17770826
0.17939835
0.13979819
0.14216982
0.14343232
0.13486776
0.16877713
0.1990584
0.12078984
0.15091175
0.17803668
0.11041253
0.13737969
0.16118552
0.21268278
0.21057576
0.20650374
0.18985764
0.18815426
0.18490001
0.17158622
0.17019685
0.1675742
0.19068407
0.16227373
0.1301618
0.17141268
0.14593159
0.1172739
0.15600634
0.13358825
0.10778674
0.015663393
0.015116163
0.014852234
0.015751505
0.015189139
0.014916962
0.0158118
0.015241881
0.01496575
0.045082316
0.043583203
0.042909824
0.045366319
0.043826333
0.043131995
0.04555368
0.043993223
0.043288917
0.07370638
0.07152799
0.070724919
0.074262035
0.072026693
0.071199871
0.074606005
0.072341915
0.071504011
0.10244466
0.10020742
0.099793874
0.10338609
0.10109754
0.10067723
0.10393286
0.10161753
0.10119433
0.12779965
0.12657508
0.12734803
0.12919572
0.12795699
0.12876976
0.12997298
0.12872332
0.12955418
0.15081138
0.1528161
0.15525649
0.15277956
0.15485832
0.15738187
0.15384282
0.15595391
0.15851293
-0.094518196
-0.095855168
-0.096591949
-0.057775944
-0.058526783
-0.058950674
-0.020068782
-0.020316754
-0.020458519
-0.085138997
-0.086117143
-0.086673257
-0.052110395
-0.052647791
-0.052963375
-0.01811205
-0.018287044
-0.01839161
-0.07826026
-0.07897313
-0.079396216
-0.047942846
-0.048323418
-0.048559565
-0.016669826
-0.016791386
-0.016868722
-0.096591949
-0.095855168
-0.094518196
-0.058950674
-0.058526783
-0.057775944
-0.020458519
-0.020316754
-0.020068782
-0.086673257
-0.086117143
-0.085138997
-0.052963375
-0.052647791
-0.052110395
-0.01839161
-0.018287044
-0.01811205
-0.079396216
-0.07897313
-0.07826026
-0.048559565
-0.048323418
-0.047942846
-0.016868722
-0.016791386
-0.016669826
-0.092733047
-0.091069467
-0.089830171
-0.056815322
-0.055970039
-0.055347028
-0.019759343
-0.019494607
-0.019299648
-0.083923009
-0.082967308
-0.082399112
-0.051483945
-0.051049054
-0.050815026
-0.017915937
-0.017789755
-0.01772675
-0.077484714
-0.077081664
-0.077285662
-0.047572932
-0.047452689
-0.047671945
-0.016560291
-0.016539755
-0.016630999
0.020068782
0.020316754
0.020458519
0.057775944
0.058526783
0.058950674
0.094518196
0.095855168
0.096591949
0.01811205
0.018287044
0.01839161
0.052110395
0.052647791
0.052963375
0.085138997
0.086117143
0.086673257
0.016669826
0.016791386
0.016868722
0.047942846
0.048323418
0.048559565
0.07826026
0.07897313
0.079396216
0.020458519
0.020316754
0.020068782
0.058950674
0.058526783
0.057775944
0.096591949
0.095855168
0.094518196
0.01839161
0.018287044
0.01811205
0.052963375
0.052647791
0.052110395
0.086673257
0.086117143
0.085138997
0.016868722
0.016791386
0.016669826
0.048559565
0.048323418
0.047942846
0.079396216
0.07897313
0.07826026
0.13154702
0.13360834
0.13471446
0.16424387
0.16707855
0.16857248
0.19324756
0.19689719
0.19879796
0.11827694
0.1198226
0.12067106
0.14740848
0.14958446
0.1507508
0.17340763
0.17630048
0.17782644
0.10850532
0.1096639
0.11031993
0.13468238
0.13634289
0.13725332
0.15753645
0.15980272
0.16101726
