../data/blade.mesh 0 4 1 2 1 2 100 10 170.792 -2882.72 1787.85 10 
../data/blade.mesh 0 4 1 2 1 2 400 100 170.792 -8253.89 4932.7 12 
../data/tipton.mesh 0 2 1 1 1 2 400 100 0.189244 0.141374 25.2956 1 
../data/tipton.mesh 0 2 1 1 1 2 400 100 0.189244 0.141374 25.2956 1 
../data/tipton.mesh 0 2 1 1 1 2 400 100 0.189244 0.141374 25.2956 1 
../data/tipton.mesh 0 2 1 1 1 2 400 100 0.189244 0.141374 25.2956 1 
../data/tipton.mesh 0 2 1 1 1 2 400 100 0.189244 0.141374 25.2956 1 
../data/tipton.mesh 0 2 1 1 1 2 400 100 0.189244 0.141374 25.2956 1 
../data/tipton.mesh 0 2 1 1 1 2 400 100 0.189244 0.141374 25.2956 1 
../data/tipton.mesh 0 2 1 1 1 2 400 100 0.189244 0.141374 25.2956 1 
../data/tipton.mesh 0 2 1 1 1 2 400 100 0.189244 0.141374 25.2956 1 
../data/tipton.mesh 0 2 1 1 1 2 400 100 0.189244 0.141374 25.2956 1 
../data/tipton.mesh 0 2 1 1 1 2 400 100 0.189244 0.141374 25.2956 1 
../data/tipton.mesh 0 2 1 1 1 2 400 100 0.189244 0.141374 25.2956 1 
../data/tipton.mesh 0 2 1 1 1 2 400 100 0.189244 0.141374 25.2956 1 
../data/tipton.mesh 0 2 1 1 1 2 400 100 0.189244 0.141374 25.2956 1 
../data/tipton.mesh 0 2 1 1 1 2 400 100 0.189244 0.141374 25.2956 1 
../data/tipton.mesh 0 2 1 1 1 2 400 100 0.189244 0.141374 25.2956 1 
../data/tipton.mesh 0 2 1 1 1 2 400 100 0.189244 0.141374 25.2956 1 
../data/tipton.mesh 0 2 1 1 1 2 400 100 0.189244 0.141374 25.2956 1 
../data/blade.mesh 0 4 1 2 1 2 400 20 170.792 66.4977 61.0652 20 
../data/blade.mesh 0 4 1 2 1 2 400 30 170.792 66.4977 61.0652 30 
../data/blade.mesh 0 4 1 2 1 2 400 30 170.792 66.4977 61.0652 30 
../data/blade.mesh 0 4 1 2 1 2 400 30 170.792 66.4977 61.0652 30 
../data/pinchsph.mesh 0 4 0 0 0 0 0 0 1430.13 1430.13 0 0 
../data/blade.mesh 0 4 1 2 1 2 400 30 170.792 66.4977 61.0652 30 
../data/blade.mesh 0 4 1 2 1 2 400 30 170.792 66.4977 61.0652 30 
../data/blade.mesh 0 4 1 2 1 2 400 30 170.792 66.4977 61.0652 30 
../data/blade.mesh 0 4 1 2 1 2 400 30 170.792 66.4977 61.0652 30 
../data/blade.mesh 0 4 1 2 1 2 400 30 170.792 66.4977 61.0652 30 
../data/ball2to1.mesh 0 1 1 3 0 2 400 100 159.308 37.6334 76.3769 84 
../data/ball2to1.mesh 0 1 1 3 0 2 400 100 159.308 37.6334 76.3769 68 
../data/ball2to1.mesh 0 1 1 3 0 2 400 100 159.308 37.6334 76.3769 73 
../data/ball2to1.mesh 0 1 1 3 0 2 400 100 159.308 37.6334 76.3769 84 
../data/ball2to1.mesh 0 2 1 3 0 2 400 100 159.308 27.3926 82.8052 67 
../data/ball2to1.mesh 0 2 1 3 0 2 400 100 159.308 27.3926 82.8052 70 
../data/ball2to1.mesh 0 2 1 3 0 2 400 100 159.308 27.3926 82.8052 73 
../data/ball2to1.mesh 0 2 1 3 0 2 400 100 159.635 27.7928 82.5898 67 
../data/ball2to1.mesh 0 2 1 3 0 2 400 100 159.635 27.7928 82.5898 75 
../data/ball2to1.mesh 0 2 1 3 0 2 400 100 159.635 27.7928 82.5898 72 
../data/blade.mesh 0 4 1 2 1 2 400 100 170.788 10.4088 93.9054 100 
../data/blade.mesh 0 4 1 2 1 2 400 100 170.913 66.4699 61.109 50 
../data/blade.mesh 0 4 1 2 1 2 400 100 170.788 10.4088 93.9054 100 
../data/tipton.mesh 0 2 1 2 0 2 400 100 471.583 214.543 54.5058 75 
../data/tipton.mesh 0 2 1 2 0 2 400 100 471.583 214.543 54.5058 75 
../data/tipton.mesh 0 2 1 2 0 2 400 100 1.42358 1.41927 0.302666 5 
../data/tipton.mesh 0 2 1 2 0 2 400 100 237.215 108.988 54.0551 81 
../data/tipton.mesh 0 2 1 2 0 2 400 100 6.13941 3.77194 38.5618 80 
../data/tipton.mesh 0 2 1 2 0 2 400 100 1.89516 1.61097 14.9957 100 
../data/tipton.mesh 0 2 1 2 0 2 400 100 473.006 216.261 54.2796 82 
../data/tipton.mesh 0 2 1 2 0 2 400 100 1.42829 1.0858 23.9793 100 
../data/tipton.mesh 0 2 1 2 0 2 400 100 6.13941 3.77194 38.5618 80 
../data/tipton.mesh 0 2 1 2 0 2 400 100 1.89516 1.61097 14.9957 100 
../data/tipton.mesh 0 2 1 2 0 2 400 100 1.42358 1.41927 0.302666 5 
../data/tipton.mesh 0 2 1 2 0 2 400 100 1.42358 1.41927 0.302666 5 
../data/tipton.mesh 0 2 1 2 0 2 400 100 237.215 108.988 54.0551 81 
../data/tipton.mesh 0 2 1 2 0 2 400 100 237.215 108.988 54.0551 81 
../data/tipton.mesh 0 2 1 2 0 2 400 100 1.42358 1.41927 0.302666 5 
../data/tipton.mesh 0 2 1 2 0 2 400 100 1.42358 1.41927 0.302666 5 
../data/tipton.mesh 0 2 1 2 0 2 400 100 1.42358 1.41927 0.302666 5 
../data/tipton.mesh 0 2 1 2 0 2 400 100 1.42358 1.41927 0.302666 5 
../data/tipton.mesh 0 2 1 2 0 2 400 100 1.42358 1.41927 0.302666 5 
../data/tipton.mesh 0 2 1 2 0 2 400 100 1.42358 1.41927 0.302666 5 
../data/tipton.mesh 0 2 1 2 0 2 400 100 1.42358 1.41927 0.302666 5 
../data/tipton.mesh 0 2 1 2 0 2 400 100 1.42358 1.41927 0.302666 5 
../data/tipton.mesh 0 2 1 2 0 2 400 100 471.583 0.0104751 99.9978 100 
../data/tipton.mesh 0 2 1 2 0 2 400 100 471.583 0.0104751 99.9978 100 
../data/tipton.mesh 0 2 1 2 0 2 400 100 0 0 nan 0 
../data/tipton.mesh 0 2 1 2 0 2 400 100 0 0 nan 0 
../data/tipton.mesh 0 2 1 2 0 2 400 100 47.1583 0.326674 99.3073 100 
../data/tipton.mesh 0 2 1 2 0 2 400 100 4.71583 0.254686 94.5993 100 
../data/tipton.mesh 0 2 1 2 0 2 400 100 0.471583 0.0978163 79.2579 21 
../data/tipton.mesh 0 2 1 2 0 2 400 100 0.0471583 0.0184838 60.8047 17 
../data/tipton.mesh 0 2 1 2 0 2 400 100 0.00471583 0.00283446 39.8947 16 
../data/tipton.mesh 0 2 1 2 0 2 400 100 0.000471583 0.000367561 22.0581 20 
../data/tipton.mesh 0 2 3 7 0 2 400 100 9.57453e-08 8.55279e-08 10.6714 100 
../data/tipton.mesh 0 2 1 1 0 2 400 100 1.89244e-07 1.89244e-07 0.000153578 100 
../data/tipton.mesh 0 2 1 1 0 2 400 100 0.00189244 0.0018772 0.805077 10 
../data/tipton.mesh 0 2 1 1 0 2 400 100 0.00946219 0.00927272 2.00243 1 
../data/tipton.mesh 0 2 1 1 0 2 400 100 0.00946219 0.00927272 2.00243 1 
../data/tipton.mesh 0 2 1 2 0 2 400 100 23.5792 0.315269 98.6629 100 
../data/tipton.mesh 0 2 1 1 0 2 400 100 0.00189244 0.0018772 0.805077 10 
../data/tipton.mesh 0 2 1 1 0 2 400 100 0.000189244 0.000188978 0.140646 1 
../data/tipton.mesh 0 2 1 1 0 2 400 100 0.000189244 0.000188978 0.140646 1 
../data/tipton.mesh 0 2 3 7 0 2 400 100 0.0957453 0.0475884 50.2968 40 
../data/tipton.mesh 0 2 3 7 0 2 400 100 9.57453e-06 6.14356e-06 35.8343 46 
../data/tipton.mesh 0 2 3 7 0 2 400 100 9.57453e-07 7.4581e-07 22.1047 100 
../data/tipton.mesh 0 2 3 7 0 2 400 100 0.0962329 0.0477968 50.3321 34 
../data/tipton.mesh 0 2 3 7 0 2 400 100 0.0962329 0.0477968 50.3321 34 
../data/tipton.mesh 0 2 1 2 0 2 400 100 471.583 0.0103822 99.9978 100 
../data/tipton.mesh 0 2 1 2 0 2 400 100 471.708 0.0117284 99.9975 100 
../data/tipton.mesh 0 2 1 2 0 2 400 100 474.012 0.0320645 99.9932 100 
../data/tipton.mesh 0 2 1 2 0 2 400 100 474.012 0.0320645 99.9932 100 
../data/tipton.mesh 0 2 1 2 0 2 400 100 471.708 0.0117284 99.9975 100 
../data/tipton.mesh 0 2 1 2 0 2 400 100 471.583 0.0103822 99.9978 100 
../data/tipton.mesh 0 2 3 7 0 2 400 100 0.0957453 0.0475884 50.2968 40 
../data/tipton.mesh 0 2 3 9 0 2 400 100 0.189244 0.141374 25.2956 1 
../data/tipton.mesh 0 2 3 9 0 2 400 100 0.0957453 0.0465489 51.3826 100 
../data/tipton.mesh 0 2 3 9 0 2 400 100 0.0957453 0.0465489 51.3826 98 
../data/tipton.mesh 0 2 3 9 0 2 400 100 0.0957453 0.0465489 51.3826 100 
../data/tipton.mesh 0 2 3 9 0 2 400 100 0.0957453 0.0465489 51.3826 100 
../data/tipton.mesh 0 2 3 7 0 2 100 100 0.0957453 0.0475884 50.2968 100 
../data/tipton.mesh 0 2 3 7 0 2 50 100 0.0957453 0.0475884 50.2968 100 
../data/tipton.mesh 0 2 3 7 0 2 100 100 0.0957453 0.0475884 50.2968 100 
../data/tipton.mesh 0 2 3 7 0 2 200 100 0.0957453 0.0475884 50.2968 36 
../data/tipton.mesh 0 2 3 7 1 2 200 100 0.0957453 0.0475884 50.2968 36 
../data/tipton.mesh 0 2 3 7 1 2 200 100 0.0957453 0.0475884 50.2968 36 
../data/tipton.mesh 0 2 1 2 1 2 400 100 0.00471583 0.00283446 39.8947 16 
../data/tipton.mesh 0 2 1 2 1 2 400 100 0.0471583 0.0184838 60.8047 17 
../data/tipton.mesh 0 2 1 2 1 2 400 100 0.00471583 0.00283446 39.8947 16 
../data/tipton.mesh 0 2 1 2 1 2 400 100 0.000471583 0.000367561 22.0581 20 
../data/tipton.mesh 0 2 1 2 1 2 400 100 0.00235792 0.00155578 34.0187 100 
../data/tipton.mesh 0 2 1 1 1 2 400 100 0.00189244 0.0018772 0.805077 10 
../data/tipton.mesh 0 2 1 1 1 2 400 100 0.00946219 0.00927272 2.00243 1 
../data/tipton.mesh 0 2 1 1 1 2 400 100 0.00946219 0.00927272 2.00243 1 
../data/tipton.mesh 0 2 3 7 1 2 400 100 0.00478726 0.00238278 50.2268 37 
../data/tipton.mesh 0 2 3 7 1 2 400 100 0.0957453 0.0475884 50.2968 40 
../data/tipton.mesh 0 2 3 9 1 2 400 100 0.0957453 0.0465489 51.3826 100 
../data/tipton.mesh 0 2 2 9 1 2 400 100 1.12191 0.330993 70.4973 16 
../data/tipton.mesh 0 2 2 7 1 2 400 100 3.43802 0.296608 91.3727 72 
../data/tipton.mesh 0 2 2 7 1 2 100 100 3.43802 0.32143 90.6507 20 
../data/tipton.mesh 0 2 2 9 1 2 100 100 1.12191 0.331122 70.4858 14 
../data/tipton.mesh 0 2 2 9 1 2 20 100 1.12191 0.330882 70.5072 100 
../data/tipton.mesh 0 2 2 7 1 2 20 100 3.43802 0.308608 91.0237 100 
../data/tipton.mesh 0 2 2 7 1 2 20 100 3.43802 0.308608 91.0237 100 
../data/tipton.mesh 0 2 2 9 1 2 30 100 1.12191 0.330876 70.5078 100 
../data/tipton.mesh 0 2 2 9 1 2 50 100 1.12191 0.330875 70.5078 100 
../data/tipton.mesh 0 2 2 9 1 2 150 100 1.12191 0.330988 70.4977 15 
../data/tipton.mesh 0 2 2 7 1 2 150 100 3.43802 0.296608 91.3727 71 
../data/tipton.mesh 0 2 2 7 1 2 100 100 3.43802 0.32143 90.6507 20 
../data/tipton.mesh 0 2 2 7 1 2 100 100 3.43802 0.32143 90.6507 20 
../data/tipton.mesh 0 2 2 7 1 2 100 100 3.43802 0.32143 90.6507 20 
../data/tipton.mesh 0 2 2 9 1 2 100 100 1.12191 0.331122 70.4858 14 
../data/blade.mesh 0 2 1 2 1 2 100 10 170.22 67.2033 60.5197 10 
../data/blade.mesh 0 2 1 2 1 2 100 10 170.22 67.2033 60.5197 10 
../data/blade.mesh 0 2 1 2 1 2 100 10 170.22 67.2033 60.5197 10 
../data/blade.mesh 0 4 1 2 1 2 100 10 170.866 65.602 61.6061 10 
../data/blade.mesh 0 4 1 2 1 2 100 15 170.866 57.9356 66.0929 15 
../data/blade.mesh 0 4 1 2 1 2 100 25 170.866 51.7221 69.7293 25 
../data/blade.mesh 0 4 1 2 1 2 100 45 170.866 51.0221 70.1391 30 
../data/blade.mesh 0 4 1 2 1 2 100 65 170.866 51.0221 70.1391 30 
../data/blade.mesh 0 4 1 2 1 2 400 65 170.788 11.8466 93.0636 65 
../data/blade.mesh 0 4 1 2 1 2 100 65 170.788 13.1927 92.2754 65 
../data/blade.mesh 0 4 1 2 1 2 100 65 170.788 13.1927 92.2754 65 
../data/blade.mesh 0 4 1 2 1 2 100 65 170.866 51.0221 70.1391 30 
../data/blade.mesh 0 4 1 2 1 2 100 30 170.788 21.4435 87.4444 30 
../data/blade.mesh 0 4 1 2 1 2 100 65 170.869 38.6341 77.3897 50 
../data/blade.mesh 0 4 1 2 1 2 100 30 170.792 66.4983 61.0649 30 
../data/blade.mesh 0 4 1 2 1 2 100 65 170.781 66.5159 61.052 65 
../data/blade.mesh 0 4 1 2 1 2 100 30 170.781 66.5172 61.0512 30 
../data/blade.mesh 0 4 1 2 1 2 100 30 170.781 66.5174 61.0511 30 
../data/blade.mesh 0 4 1 2 1 2 100 30 170.792 66.4983 61.0649 30 
../data/blade.mesh 0 4 1 2 1 2 100 30 170.792 66.4983 61.0649 30 
../data/blade.mesh 0 4 1 2 1 2 100 30 170.788 21.4435 87.4444 30 
../data/blade.mesh 0 4 1 2 1 2 100 20 170.788 30.171 82.3342 20 
../data/blade.mesh 0 4 1 2 1 2 100 10 170.788 51.6774 69.7417 10 
../data/blade.mesh 0 4 1 2 1 2 100 15 170.788 35.3457 79.3043 15 
../data/tipton.mesh 0 2 2 7 1 2 400 100 3.43802 0.296608 91.3727 72 
../data/tipton.mesh 0 2 2 7 1 2 100 100 3.43802 0.32143 90.6507 20 
../data/tipton.mesh 0 2 2 9 1 2 100 100 1.12191 0.331122 70.4858 14 
../data/blade.mesh 0 2 1 2 1 2 100 10 170.223 67.1368 60.5595 10 
../data/blade.mesh 0 2 1 2 1 2 100 10 170.223 67.1366 60.5596 10 
../data/blade.mesh 0 4 1 2 1 2 100 10 170.792 66.6899 60.9527 10 
../data/blade.mesh 0 4 1 2 1 2 100 10 170.781 66.7667 60.9051 10 
../data/blade.mesh 0 4 1 2 1 2 100 10 170.781 66.7661 60.9055 10 
../data/star.mesh 0 1 1 2 1 2 100 10 1.02924 0.163049 84.1583 10 
../data/blade.mesh 0 4 1 2 1 2 100 10 170.788 51.6774 69.7417 10 
../data/blade.mesh 0 4 1 2 1 2 100 10 170.869 68.3433 60.0025 10 
../data/blade.mesh 0 4 1 1 1 2 100 10 4.49218 4.24035 5.60602 10 
../data/blade.mesh 0 4 1 1 1 2 100 10 4.49218 4.24031 5.60682 8 
../data/blade.mesh 0 4 1 1 1 2 100 10 4.49217 4.2404 5.6046 10 
../data/blade.mesh 0 4 1 1 1 2 100 10 4.49218 4.24035 5.60602 10 
../data/blade.mesh 0 4 1 1 1 2 100 10 4.49218 4.24036 5.60583 10 
../data/blade.mesh 0 4 1 1 1 2 100 10 4.49217 4.24053 5.60195 6 
../data/blade.mesh 0 4 2 55 1 2 100 10 1.45068 0.880343 39.315 10 
../data/blade.mesh 0 4 2 55 1 2 100 10 1.4507 0.869794 40.043 10 
../data/blade.mesh 0 4 1 2 1 2 100 10 170.788 51.6774 69.7417 10 
../data/blade.mesh 0 4 1 2 1 2 100 10 170.866 65.602 61.6061 10 
../data/blade.mesh 0 4 1 1 1 2 100 10 4.49217 4.2404 5.6046 10 
../data/blade.mesh 0 4 1 2 1 2 100 10 170.788 54.4198 68.136 10 
../data/blade.mesh 0 4 1 2 1 2 100 10 170.869 68.3433 60.0025 10 
../data/blade.mesh 0 4 1 2 1 2 100 10 170.866 65.602 61.6061 10 
../data/star.mesh 0 4 1 2 1 2 100 10 1.02924 0.00985471 99.0425 10 
../data/star.mesh 0 4 1 2 1 2 100 10 1.02924 0.00985384 99.0426 10 
../data/star.mesh 0 4 1 2 1 2 100 10 1.02924 0.0124355 98.7918 10 
../data/star.mesh 0 4 1 2 1 2 100 10 1.02924 0.0142076 98.6196 10 
../data/star.mesh 0 1 1 2 1 2 100 10 1.02924 0.163049 84.1583 9 
../data/star.mesh 0 1 1 2 1 2 100 10 1.02924 0.163049 84.1583 10 
../data/tipton.mesh 0 2 1 2 1 2 100 10 471.733 10.4995 97.7743 10 
../data/tipton.mesh 0 2 1 2 1 2 100 10 471.708 10.4558 97.7834 10 
../data/tipton.mesh 0 2 1 2 1 2 100 10 471.708 10.4906 97.776 10 
../data/tipton.mesh 0 2 1 2 1 2 100 10 471.733 10.5431 97.765 10 
../data/tipton.mesh 0 2 1 2 1 2 100 10 471.733 10.4995 97.7743 10 
../data/tipton.mesh 0 2 1 2 1 2 100 10 471.733 10.5431 97.765 10 
../data/tipton.mesh 0 2 1 2 1 2 100 10 471.708 10.4906 97.776 10 
../data/tipton.mesh 0 2 1 2 1 2 100 10 471.733 10.5431 97.765 10 
../data/tipton.mesh 0 2 1 2 1 2 100 10 471.708 10.4906 97.776 10 
../data/tipton.mesh 0 2 1 2 1 2 100 10 471.708 10.4906 97.776 10 
../data/star.mesh 0 2 1 2 1 2 100 10 1.02924 0.0224986 97.8141 10 
../data/star.mesh 0 2 1 2 1 2 100 10 1.02924 0.02259 97.8052 10 
../data/star.mesh 0 2 1 2 1 2 100 10 1.02924 0.0224077 97.8229 10 
../data/semicir.mesh 0 2 1 2 1 2 100 10 42.6089 38.2654 10.1939 10 
../data/semicir.mesh 0 2 1 2 1 2 100 10 42.6089 38.2654 10.1937 10 
../data/pertsq.mesh 0 2 1 2 1 2 100 10 39.1082 -4.48133e-17 100 8 
../data/pertsq.mesh 0 2 1 2 1 2 100 10 39.1137 -3.64369e-15 100 9 
../data/tipton.mesh 0 2 1 2 1 2 100 10 471.708 10.4558 97.7834 10 
../data/tipton.mesh 0 2 1 2 1 2 100 10 471.733 10.4995 97.7743 10 
../data/tipton.mesh 0 2 1 2 1 2 100 10 471.708 10.4906 97.776 10 
../data/tipton.mesh 0 2 1 1 1 2 400 100 0.189244 0.141374 25.2956 1 
../data/tipton.mesh 0 2 1 1 1 2 400 100 0.189244 0.141374 25.2956 1 
../data/tipton.mesh 0 2 1 1 1 2 400 100 0.189244 0.141374 25.2956 1 
../data/tipton.mesh 0 2 2 9 1 2 400 100 0.189244 0.141374 25.2956 1 
../data/tipton.mesh 0 2 2 9 1 2 400 100 0.189244 0.141374 25.2956 1 
../data/tipton.mesh 0 2 2 9 1 2 400 100 0.189244 0.141374 25.2956 1 
../data/tipton.mesh 0 2 2 9 1 2 400 100 0.189244 0.141374 25.2956 1 
../data/tipton.mesh 0 2 2 9 1 2 400 100 1.12191 0.330989 70.4976 16 
../data/tipton.mesh 0 2 2 9 1 2 400 100 1.12191 0.330989 70.4976 16 
../data/tipton.mesh 0 2 3 9 1 2 400 100 0.0957453 0.0465489 51.3825 94 
../data/tipton.mesh 0 2 1 1 1 2 400 100 0.189244 0.141374 25.2956 1 
../data/tipton.mesh 0 2 1 1 1 2 400 100 0.189244 0.141374 25.2956 1 
../data/tipton.mesh 0 2 1 1 1 2 400 100 15.121 2.41299 84.0421 5 
../data/tipton.mesh 0 2 1 1 1 2 400 100 15.2629 2.77144 81.842 8 
../data/tipton.mesh 0 2 1 1 1 2 400 100 13.3394 2.49763 81.2763 6 
../data/tipton.mesh 0 2 1 1 1 2 400 100 13.0263 2.49012 80.8839 9 
../data/tipton.mesh 0 2 1 1 1 2 400 100 0.189244 0.141374 25.2956 1 
../data/tipton.mesh 0 2 1 1 1 2 400 100 0.189244 0.141374 25.2956 1 
../data/tipton.mesh 0 2 1 2 1 2 400 100 471.58 0.0104531 99.9978 100 
../data/tipton.mesh 0 2 1 1 1 2 400 100 0.189244 0.141374 25.2956 1 
../data/tipton.mesh 0 2 1 1 1 2 400 100 0.189244 0.141374 25.2956 1 
../data/tipton.mesh 0 2 1 1 1 2 400 100 0.189244 0.141374 25.2956 1 
../data/tipton.mesh 0 2 1 1 1 2 400 100 0.189244 0.141374 25.2956 1 
../data/tipton.mesh 0 2 2 9 1 2 400 100 1.12191 0.330993 70.4973 16 
../data/tipton.mesh 0 2 3 9 1 2 400 100 0.0957453 0.0465489 51.3825 100 
../data/tipton.mesh 0 2 1 1 1 2 400 100 14.5059 2.49123 82.8261 12 
../data/tipton.mesh 0 2 1 1 1 2 400 100 14.5059 2.49123 82.8261 12 
../data/tipton.mesh 0 2 3 9 1 2 400 100 0.0957453 0.0465489 51.3825 100 
../data/tipton.mesh 0 2 3 9 1 2 400 100 0.0957453 0.0465489 51.3825 100 
../data/tipton.mesh 0 2 3 9 1 2 400 200 0.0957453 0.0465489 51.3825 105 
../data/tipton.mesh 0 2 2 9 1 2 400 200 1.12191 0.330993 70.4973 16 
../data/tipton.mesh 0 2 1 1 1 2 400 200 0.189244 0.141374 25.2956 1 
../data/tipton.mesh 0 2 2 9 1 2 400 200 1.12191 0.330993 70.4973 16 
../data/tipton.mesh 0 2 3 9 1 2 400 200 0.0957453 0.0465489 51.3825 105 
../data/tipton.mesh 0 2 1 1 1 2 400 200 14.5059 2.49123 82.8261 12 
../data/tipton.mesh 0 2 1 1 1 2 400 200 0.238404 0.190143 20.2434 9 
../data/tipton.mesh 0 2 1 1 1 2 400 200 14.5059 2.49123 82.8261 12 
../data/tipton.mesh 0 2 1 1 1 2 400 200 5.26585 1.34914 74.3795 5 
../data/tipton.mesh 0 2 1 1 1 2 400 200 14.5059 2.49123 82.8261 12 
../data/tipton.mesh 0 2 1 1 1 2 400 200 5.26585 1.34914 74.3795 5 
../data/tipton.mesh 0 2 1 1 1 2 400 200 6.85662 2.80032 59.1588 3 
../data/tipton.mesh 0 2 1 1 1 2 400 200 6.85662 2.80032 59.1588 3 
../data/tipton.mesh 0 2 1 1 1 2 400 200 14.5059 2.49123 82.8261 12 
../data/blade.mesh 0 4 1 2 1 2 400 100 170.792 66.4977 61.0652 45 
../data/blade.mesh 0 4 1 2 1 2 400 100 170.792 66.4977 61.0652 45 
../data/blade.mesh 0 4 1 2 1 2 400 100 170.792 66.4977 61.0652 45 
../data/tipton.mesh 0 2 1 1 1 2 400 200 0.189244 0.141374 25.2956 1 
../data/tipton.mesh 0 2 1 1 1 2 400 200 0.189244 0.141374 25.2956 1 
../data/tipton.mesh 0 2 1 1 1 2 400 200 0.189244 0.141374 25.2956 1 
../data/tipton.mesh 0 2 2 9 1 2 400 200 1.12191 0.330993 70.4973 16 
../data/tipton.mesh 0 2 3 9 1 2 400 200 0.0957453 0.0465489 51.3825 105 
../data/tipton.mesh 0 2 1 1 1 2 400 200 14.5059 2.49123 82.8261 12 
../data/tipton.mesh 0 2 3 9 1 2 400 200 0.0957453 0.0465489 51.3825 105 
../data/tipton.mesh 0 2 1 1 1 2 400 200 0.189244 0.141374 25.2956 1 
../data/tipton.mesh 0 2 1 1 1 2 400 200 0.189244 0.141374 25.2956 1 
../data/tipton.mesh 0 2 2 9 1 2 400 200 1.12191 0.330993 70.4973 16 
../data/tipton.mesh 0 2 3 9 1 2 400 200 0.0957453 0.0465489 51.3825 105 
../data/tipton.mesh 0 2 1 1 1 2 400 200 14.5059 2.49123 82.8261 12 
../data/tipton.mesh 0 2 1 1 1 2 400 200 14.5059 2.49123 82.8261 12 
../data/blade.mesh 0 4 1 2 1 2 400 15 170.788 33.3351 80.4815 15 
../data/blade.mesh 0 4 1 2 1 2 400 15 170.913 66.4699 61.109 15 
../data/blade.mesh 0 4 1 2 1 2 400 15 170.792 66.4977 61.0652 15 
../data/blade.mesh 0 4 1 2 1 2 400 15 170.792 66.4977 61.0652 15 
../data/blade.mesh 0 4 1 2 1 2 400 15 170.913 66.4699 61.109 15 
../data/tipton.mesh 0 2 2 9 1 2 400 200 1.12192 0.330997 70.4973 16 
../data/tipton.mesh 0 2 1 1 1 2 400 200 0.189244 0.141374 25.2956 1 
../data/tipton.mesh 0 2 2 9 1 2 400 200 1.12192 0.330997 70.4973 16 
../data/tipton.mesh 0 2 1 1 1 2 400 200 0.189244 0.141374 25.2956 1 