MFEM mesh v1.0

#
# MFEM Geometry Types (see mesh/geom.hpp):
#
# POINT       = 0
# SEGMENT     = 1
# TRIANGLE    = 2
# SQUARE      = 3
# TETRAHEDRON = 4
# CUBE        = 5
#

dimension
2

elements
13
3 3 1 0 2 3
3 3 3 2 4 5
3 3 5 4 6 7
3 3 0 8 9 2
3 3 2 9 10 4
3 3 4 10 11 6
3 3 12 14 15 13
3 3 14 16 17 15
3 3 16 18 19 17
3 3 18 20 21 19
3 3 11 10 14 12
3 3 10 9 16 14
3 3 9 8 18 16

boundary
16
3 1 3 1
3 1 5 3
3 1 7 5
3 1 15 13
3 1 17 15
3 1 19 17
3 1 21 19
10 1 1 0
10 1 6 7
10 1 0 8
10 1 11 6
10 1 13 12
10 1 18 20
10 1 20 21
10 1 12 11
10 1 8 18

vertices
22

nodes
FiniteElementSpace
FiniteElementCollection: H1_2D_P4
VDim: 2
Ordering: 0

0.8227764
0.8111136
0.7617069
0.7501139
0.6838881
0.6726585
0.5811633
0.5712436
0.8552071
0.7937298
0.7144556
0.6073647
0.5445922
0.4767167
0.6557773
0.5922423
0.7498414
0.7022395
0.832539
0.8070894
0.9070305
0.9068875
0.82076803
0.8169552
0.81313363
0.8124456
0.7926824
0.77248064
0.7597141
0.755927
0.7521258
0.80097891
0.7813552
0.76110304
0.74881593
0.7238636
0.6978553
0.68196617
0.6783048
0.67461676
0.73763063
0.7130133
0.68701744
0.66737016
0.6349039
0.60011889
0.57948194
0.5762622
0.57299351
0.65700256
0.625388
0.59081687
0.8283968
0.8390226
0.84962264
0.844603
0.8245261
0.80435841
0.76726968
0.7777676
0.78822426
0.78021683
0.7544083
0.72819799
0.68923563
0.699278
0.70923105
0.6963992
0.6618059
0.6261304
0.58580874
0.5944474
0.60293226
0.56407734
0.600835
0.63686502
0.64535299
0.6254885
0.60444151
0.49825133
0.5373391
0.57397565
0.53318087
0.5118111
0.48957795
0.67221164
0.7033989
0.73391819
0.74221459
0.7273711
0.71142497
0.61276177
0.6497192
0.68467678
0.76404883
0.7913374
0.81840758
0.82852698
0.8206094
0.81202093
0.72159009
0.7567615
0.79013534
0.845319
0.8695948
0.89405486
0.90701532
0.9069877
0.90693437
0.82528322
0.8586566
0.89056888
0.70474774
0.6858317
0.66615556
0.59708598
0.5767713
0.5557401
0.78634956
0.7720457
0.75741395
0.85125712
0.8437807
0.83637851
0.80295871
0.80671121
0.81046501
0.78331333
0.7870179
0.79072553
0.76306597
0.7667897
0.77051498
0.73956128
0.74322058
0.74688289
0.71490374
0.7184458
0.72199172
0.68888944
0.69243504
0.6959832
0.65883402
0.6622108
0.66558868
0.62708
0.6301721
0.63326866
0.59246504
0.59549184
0.59852113
0.81799832
0.82852549
0.83905146
0.7981707
0.8085887
0.81901993
0.77798643
0.78842288
0.79885613
0.75423161
0.76450667
0.77478971
0.72911558
0.739101
0.74911602
0.7030991
0.71303738
0.72296582
0.67236957
0.68186609
0.69137785
0.63950392
0.6482826
0.65712279
0.60460533
0.61312254
0.62164037
0.55230085
0.58978292
0.62613842
0.53145039
0.5679044
0.60585675
0.51001873
0.54782609
0.58368082
0.66154329
0.6940214
0.7255742
0.64309377
0.6754781
0.70962949
0.62348244
0.65879994
0.69207087
0.75661534
0.78514632
0.81357745
0.74357871
0.7732922
0.80420297
0.72938117
0.76267722
0.79418814
0.84202003
0.86758214
0.89332563
0.83580916
0.8639417
0.8919792
0.82906701
0.86055289
0.89082144
0.61511192
0.65111851
0.68643183
0.59561559
0.6307294
0.66691592
0.57503851
0.6113402
0.64683768
0.71838461
0.74543944
0.77230807
0.70076234
0.7284952
0.75699266
0.68216685
0.71227928
0.74156899
0.79743374
0.81876818
0.84004329
0.78453794
0.8079358
0.83141173
0.7711501
0.79719585
0.82284648
0.1329097
0.1280254
0.2729457
0.2674233
0.4244573
0.4177114
0.5734759
0.564039
0.1463736
0.2881988
0.4428304
0.5984291
0.7462844
0.8982333
0.6112561
0.7861814
0.4586086
0.6367062
0.2975123
0.4553728
0.124835
0.2475512
0.13206852
0.1304718
0.12887134
0.15717502
0.2031259
0.24886457
0.2719964
0.2701925
0.26838174
0.15225605
0.1980629
0.24355694
0.29936182
0.3492475
0.3985714
0.42330278
0.4211033
0.4188878
0.29379823
0.3434221
0.39229736
0.45090073
0.5005222
0.54863816
0.57187649
0.5688134
0.56570363
0.44411803
0.4932443
0.54041769
0.13524317
0.1396547
0.14405521
0.17086341
0.2173062
0.2637103
0.27559577
0.2805964
0.28557682
0.31497339
0.3656556
0.41614029
0.4276724
0.4337092
0.43969099
0.46989665
0.5210854
0.57165741
0.57790317
0.5861329
0.59421114
0.72320724
0.6793013
0.63476702
0.64196857
0.7000677
0.75702519
0.88083724
0.8451743
0.80696287
0.77297844
0.8237963
0.87358085
0.58496217
0.5352007
0.48510469
0.4896974
0.5484279
0.60653395
0.76146067
0.7132826
0.66337534
0.43074549
0.3781236
0.32539439
0.32496816
0.3768693
0.42842918
0.60609365
0.5471455
0.48726437
0.26765185
0.2110785
0.1545968
0.14602991
0.1862076
0.22637241
0.42004706
0.352278
0.28388226
0.4721374
0.527429
0.58228962
0.62454125
0.673234
0.72110119
0.31771466
0.3735263
0.42917421
0.1724503
0.2218936
0.2713757
0.15310527
0.15471528
0.15632559
0.19893802
0.2005938
0.20225114
0.24447251
0.24620994
0.24794767
0.2947577
0.29657847
0.29840022
0.34443681
0.3463385
0.34824244
0.39338091
0.39543383
0.39748762
0.44531127
0.44752248
0.44973422
0.49453412
0.4969012
0.49927114
0.5418711
0.544547
0.54722524
0.15953949
0.16402097
0.16850093
0.20556949
0.2102087
0.21485412
0.25142935
0.25629012
0.26114849
0.30205571
0.30716506
0.31227632
0.35206906
0.3574333
0.36281302
0.40160882
0.407364
0.41311181
0.45417605
0.46039279
0.46661413
0.50404441
0.5107588
0.51751137
0.55261188
0.56015214
0.56768757
0.75014653
0.70788287
0.66472222
0.80238827
0.7612393
0.7213833
0.85419399
0.81606762
0.77640977
0.6153044
0.56588323
0.51599153
0.67386232
0.6236097
0.57448832
0.73157845
0.68241756
0.63202099
0.46096491
0.40720218
0.35337395
0.5188342
0.4622368
0.4063287
0.57608147
0.51793134
0.45889263
0.29403408
0.2354003
0.17685958
0.34407231
0.2815892
0.21907901
0.39387343
0.32789907
0.26138962
0.59760274
0.54826193
0.49851535
0.64801186
0.5997221
0.55245833
0.69735243
0.65200439
0.60603109
0.44518617
0.39482819
0.34438397
0.5008446
0.4501701
0.39998455
0.55596666
0.50595194
0.45552672
0.29256705
0.24505693
0.19752666
0.34738694
0.2977083
0.24807819
0.40197369
0.35041195
0.29866717
