MFEM mesh v1.0

#
# MFEM Geometry Types (see mesh/geom.hpp):
#
# POINT       = 0
# SEGMENT     = 1
# TRIANGLE    = 2
# SQUARE      = 3
# TETRAHEDRON = 4
# CUBE        = 5
#

dimension
2

elements
28
3 3 1 0 2 3
3 3 3 2 4 5
3 3 5 4 6 7
3 3 7 6 8 9
3 3 9 8 10 11
3 3 11 10 12 13
3 3 13 12 14 15
3 3 0 16 17 2
3 3 2 17 18 4
3 3 4 18 19 6
3 3 6 19 20 8
3 3 8 20 21 10
3 3 10 21 22 12
3 3 12 22 23 14
3 3 24 25 26 21
3 3 27 28 25 24
3 3 29 30 17 16
3 3 30 31 18 17
3 3 31 32 19 18
3 3 32 33 20 19
3 3 33 24 21 20
3 3 34 35 30 29
3 3 35 36 31 30
3 3 36 37 32 31
3 3 37 38 33 32
3 3 38 27 24 33
3 3 22 40 39 23
3 3 21 26 40 22

boundary
24
3 1 3 1
3 1 5 3
3 1 7 5
3 1 9 7
3 1 11 9
3 1 13 11
3 1 15 13
3 1 27 28
3 1 34 35
3 1 35 36
3 1 36 37
3 1 37 38
3 1 38 27
5 1 1 0
5 1 14 15
5 1 0 16
5 1 23 14
5 1 25 26
5 1 28 25
5 1 16 29
5 1 29 34
5 1 39 23
5 1 40 39
5 1 26 40

vertices
41

nodes
FiniteElementSpace
FiniteElementCollection: H1_2D_P2
VDim: 2
Ordering: 0

0.3598028
0.3626248
0.5368834
0.5436194
0.6708098
0.680183
0.7575478
0.7682332
0.810378
0.8215172
0.8381154
0.8456662
0.853644
0.8517448
0.866851
0.8572128
0.3510954
0.5165005
0.6433803
0.7271042
0.7795903
0.8171432
0.8583027
0.893384
0.8615467
0.9294813
0.9068276
0.9068875
0.9523083
0.3538685
0.4979699
0.6191648
0.7155401
0.7937298
0.3553767
0.4767167
0.5922423
0.7022395
0.8070894
0.9457082
0.9278235
0.3612413
0.4517887
0.5403025
0.4585566
0.6073464
0.6755366
0.6171961
0.7159195
0.7629098
0.72688
0.784036
0.8159332
0.7950532
0.8238819
0.841859
0.8329245
0.8458765
0.8527271
0.8485872
0.8602516
0.8621277
0.8547587
0.3555537
0.4351718
0.526891
0.5812899
0.6572462
0.6858068
0.7423871
0.7532848
0.7949744
0.7982947
0.8276493
0.8377111
0.8559864
0.8758355
0.8801231
0.895589
0.9181621
0.8621072
0.839573
0.9295979
0.9408091
0.8849997
0.4260118
0.507546
0.3527208
0.558623
0.6314139
0.6672671
0.7212228
0.7545989
0.7866976
0.8278224
0.4187633
0.4881283
0.3551096
0.5373391
0.6064984
0.6497192
0.7097224
0.7567615
0.8013036
0.8586566
0.8931353
0.9367668
0.9195747
0.9173264
0.4548287
0.6120726
0.7213482
0.7895441
0.8283959
0.8472732
0.8574458
0.443405
0.5942425
0.7008128
0.7686601
0.8111425
0.8418065
0.8680492
0.8788611
0.9129594
0.4302934
0.5696246
0.6763491
0.753875
0.8131229
0.4217547
0.5473287
0.6579347
0.7551221
0.8425426
0.9063512
0.8776185
0.5496917
0.5597833
0.4557501
0.4642115
0.3037047
0.3103493
0.1513028
0.1568723
0.04049263
0.04605804
-0.01005158
-8.14456e-05
-0.01386773
-0.001437293
-0.006710383
0.00152355
0.5184625
0.4301552
0.2842688
0.1354437
0.02472492
-0.03754121
-0.04836225
-0.0294892
-0.2879169
-0.4291099
-0.2231351
-0.5514488
-0.6458261
0.3490923
0.2701863
0.1401622
-0.009392385
-0.154548
0.1673535
0.09923329
-0.01281863
-0.1622938
-0.3436272
-0.1433274
-0.1908275
0.5548401
0.5092053
0.4600452
0.5222643
0.3827596
0.3070557
0.3919198
0.2284592
0.1540974
0.2351084
0.09592798
0.04326765
0.1015511
0.01506847
-0.005128113
0.02266186
-0.01197774
-0.007766032
-0.001317982
-0.01030998
-0.002669108
-0.0004475098
0.5344598
0.4767585
0.4432084
0.3582282
0.2940968
0.2101028
0.1434058
0.08003982
0.03260306
-0.006446942
-0.02377972
-0.04296502
-0.03108597
-0.03893847
-0.01807685
-0.3584762
-0.3261174
-0.13027
-0.1625875
-0.5986375
-0.5375135
-0.4193101
0.3097419
0.3505296
0.4342434
0.2051102
0.2123457
0.06526704
0.06299495
-0.08199266
-0.06487678
-0.2211441
0.1381041
0.1859356
0.2599537
0.04617434
0.06441732
-0.08571744
-0.08530892
-0.2518545
-0.24862
-0.446722
-0.119541
-0.1670763
-0.08637799
-0.2069805
0.5151385
0.3872051
0.2317663
0.0987393
0.01886007
-0.006505787
-0.005264077
0.4928428
0.3704323
0.2192555
0.08798408
0.004333786
-0.02744832
-0.02459698
-0.2443624
-0.4783902
0.3926605
0.2814503
0.1376259
-0.0009975969
-0.1137466
0.2229813
0.1250118
-0.01068041
-0.1672241
-0.3342881
-0.1029619
-0.1249078
