MFEM mesh v1.0

#
# MFEM Geometry Types (see mesh/geom.hpp):
#
# POINT       = 0
# SEGMENT     = 1
# TRIANGLE    = 2
# SQUARE      = 3
# TETRAHEDRON = 4
# CUBE        = 5
#

dimension
2

elements
28
3 3 1 0 2 3
3 3 3 2 4 5
3 3 5 4 6 7
3 3 7 6 8 9
3 3 9 8 10 11
3 3 11 10 12 13
3 3 13 12 14 15
3 3 0 16 17 2
3 3 2 17 18 4
3 3 4 18 19 6
3 3 6 19 20 8
3 3 8 20 21 10
3 3 10 21 22 12
3 3 12 22 23 14
3 3 24 26 27 25
3 3 23 22 26 24
3 3 26 28 29 27
3 3 28 30 31 29
3 3 30 32 33 31
3 3 32 34 35 33
3 3 34 36 37 35
3 3 36 38 39 37
3 3 22 21 28 26
3 3 21 20 30 28
3 3 20 19 32 30
3 3 19 18 34 32
3 3 18 17 36 34
3 3 17 16 38 36

boundary
22
3 1 3 1
3 1 5 3
3 1 7 5
3 1 9 7
3 1 11 9
3 1 13 11
3 1 15 13
1 1 27 25
3 1 29 27
3 1 31 29
3 1 33 31
3 1 35 33
3 1 37 35
3 1 39 37
6 1 1 0
6 1 14 15
6 1 0 16
6 1 23 14
6 1 25 24
6 1 24 23
6 1 38 39
6 1 16 38

vertices
40

nodes
FiniteElementSpace
FiniteElementCollection: H1_2D_P2
VDim: 2
Ordering: 0

0.7617069
0.7501139
0.6838881
0.6726585
0.5811633
0.5712436
0.4367889
0.4311404
0.2645643
0.2660239
0.1176419
0.124896
0.01871597
0.02844305
0.00363231
0.01440464
0.7937298
0.7144556
0.6073647
0.4512787
0.2607938
0.09879836
-0.007236874
-0.02575281
-0.1595099
-0.3
-0.02669485
-0.04619864
0.09574161
0.094205
0.2446648
0.2280317
0.4049833
0.3553767
0.5445922
0.4767167
0.6557773
0.5922423
0.7498414
0.7022395
0.755927
0.7238636
0.6783048
0.7130133
0.6349039
0.5762622
0.625388
0.5131587
0.4340274
0.5073018
0.3518376
0.265282
0.3503718
0.1890483
0.1211987
0.1923445
0.06621684
0.02351405
0.07352464
0.01123912
0.008950017
0.02124527
0.7777676
0.7544083
0.699278
0.6618059
0.5944474
0.5312245
0.4441705
0.3565561
0.2626478
0.178949
0.1080864
0.04527158
0.005635703
-0.01646591
-0.01113376
-0.0930382
-0.03668199
-0.1730993
-0.2296974
-0.01706769
-0.09271356
0.0342673
0.09421307
0.01985684
0.1700433
0.23619
0.1588307
0.3249209
0.3808975
0.2926574
0.4749704
0.5118111
0.4187633
0.600835
0.6254885
0.5373391
0.7033989
0.7273711
0.6497192
0.09727876
0.2527316
0.4282016
0.5767713
0.6858317
0.7720457
0.7184458
0.6301721
0.5100562
0.3510351
0.1907741
0.06985558
0.01625177
0.739101
0.6482826
0.5220662
0.3541582
0.1840782
0.05583962
-0.002697856
-0.133045
-0.05486102
0.02776831
0.1649099
0.3085433
0.4459719
0.5679044
0.6754781
0.03994654
0.1746945
0.3406063
0.5025756
0.6307294
0.7284952
0.2729457
0.2674233
0.4244573
0.4177114
0.5734759
0.564039
0.6850855
0.6719565
0.7116545
0.6972777
0.6560169
0.6439835
0.5665601
0.5574203
0.5470949
0.5396698
0.2881988
0.4428304
0.5984291
0.7188587
0.7483915
0.687266
0.5910095
0.5670026
0.695253
0.8296193
0.7082926
0.8296193
0.8128742
0.9406713
0.8650961
0.9832244
0.8415842
0.9663535
0.7462844
0.8982333
0.6112561
0.7861814
0.4586086
0.6367062
0.2701925
0.3492475
0.4211033
0.3434221
0.5005222
0.5688134
0.4932443
0.634425
0.6786572
0.625764
0.7057047
0.7046439
0.6959899
0.6889127
0.6501206
0.6787563
0.6133307
0.5620513
0.6041955
0.5567774
0.5434293
0.5486826
0.2805964
0.3656556
0.4337092
0.5210854
0.5861329
0.6607074
0.7023004
0.7366736
0.7303781
0.7195181
0.671881
0.639491
0.5788819
0.5789783
0.557096
0.7016421
0.7693589
0.8296193
0.7623648
0.6498214
0.6313346
0.7607353
0.878196
0.8903361
0.8392104
0.9260068
0.9689338
0.8536034
0.9058234
0.9816536
0.7940771
0.8237963
0.9371041
0.6793013
0.7000677
0.8451743
0.5352007
0.5484279
0.7132826
0.7502537
0.8069635
0.7807067
0.673234
0.527429
0.3735263
0.3463385
0.4969012
0.6298832
0.700409
0.6836497
0.6087758
0.5527249
0.3574333
0.5107588
0.6474205
0.7209604
0.7040269
0.6263146
0.5679469
0.7656079
0.6405214
0.8248312
0.9028407
0.9161704
0.8643156
0.7612393
0.6236097
0.7000364
0.7790425
0.7945381
0.7268441
0.5997221
0.4501701
