MFEM mesh v1.0

#
# MFEM Geometry Types (see mesh/geom.hpp):
#
# POINT       = 0
# SEGMENT     = 1
# TRIANGLE    = 2
# SQUARE      = 3
# TETRAHEDRON = 4
# CUBE        = 5
#

dimension
2

elements
14
3 3 1 0 2 3
3 3 3 2 4 5
3 3 5 4 6 7
3 3 7 6 8 9
3 3 0 10 11 2
3 3 2 11 12 4
3 3 4 12 13 6
3 3 6 13 14 8
3 3 15 16 13 12
3 3 16 17 14 13
3 3 18 19 16 15
3 3 19 20 17 16
3 3 21 15 12 11
3 3 22 18 15 21

boundary
16
3 1 3 1
3 1 5 3
3 1 7 5
3 1 9 7
3 1 18 19
3 1 19 20
1 1 22 18
8 1 1 0
8 1 8 9
8 1 0 10
8 1 10 11
8 1 14 8
8 1 17 14
8 1 20 17
8 1 11 21
8 1 21 22

vertices
23

nodes
FiniteElementSpace
FiniteElementCollection: H1_2D_P4
VDim: 2
Ordering: 0

-0.01035422
0.002854406
-0.003593348
0.004543397
0.03053696
0.02597226
0.07606576
0.07122237
0.1887047
0.187182
-0.04473256
-0.0242582
0.04102591
0.09032121
0.1933812
-0.0024877
0.09182485
0.2104676
-0.04619864
0.094205
0.2280317
-0.1590637
-0.3
-0.008243239
-0.004153953
0.0002261474
-0.0095626351
-0.007948672
-0.0051255344
-0.0023309161
0.0001148926
0.0026189314
0.0016743602
2.865445e-05
0.0017234306
0.0023914733
0.01385169
0.024856561
0.029775077
0.02832335
0.026826522
0.0081163072
0.01604347
0.022689671
0.038375681
0.05324101
0.068186534
0.075211716
0.07360981
0.072037008
0.033753429
0.04834915
0.063261117
0.094902938
0.1314593
0.16886761
0.1884337
0.1879284
0.18743581
0.090051588
0.1275349
0.16651996
-0.016307354
-0.02754713
-0.038794058
-0.041265949
-0.03463877
-0.027837126
-0.0071351761
-0.01389932
-0.020678894
-0.012990446
0.008405255
0.029779533
0.032309164
0.03572181
0.039185325
0.049563694
0.06571885
0.081835193
0.078487406
0.08313988
0.087835346
0.10797661
0.1415988
0.17546986
0.18948366
0.1910017
0.19255428
0.013747455
0.04462936
0.075536143
0.09064665
0.09117935
0.091624798
0.033541935
0.01936384
0.0050928257
0.11227194
0.1510838
0.18995046
0.19638313
0.2020318
0.20757848
-0.024365084
0.01985684
0.067788394
0.091998309
0.09234844
0.093053913
-0.01048641
-0.02558497
-0.039824596
0.11565516
0.1588307
0.20421613
0.2134717
0.2191334
0.22482222
-0.029536894
-0.08077776
-0.13202198
-0.047535925
-0.09168894
-0.13581896
-0.090023361
-0.1730993
-0.25617537
-0.18343824
-0.2295574
-0.27565058
-0.00065905448
-0.004135913
-0.007691138
-0.0014776815
-0.003853279
-0.0064953405
0.00042754376
-0.0015224606
-0.003847085
0.007066483
0.0051485441
0.0033340143
0.015783856
0.01491434
0.014199513
0.023154009
0.023807648
0.024489191
0.034557768
0.036074162
0.037582001
0.049203767
0.05080889
0.052403109
0.064105384
0.065715712
0.067331803
0.090952957
0.09252905
0.094087484
0.12834139
0.1295963
0.13082313
0.16693173
0.16769794
0.16846364
-0.014970912
-0.025327383
-0.035751548
-0.012360635
-0.02105211
-0.029924903
-0.0089429759
-0.016360029
-0.023863356
-0.00030466439
-0.0053354875
-0.010349877
0.012804517
0.01100169
0.0092920612
0.025640346
0.027229618
0.028889118
0.040295668
0.043944707
0.047617671
0.055398465
0.05947784
0.063560894
0.070524476
0.074982078
0.079464166
0.097181437
0.10147118
0.10573466
0.13324314
0.1365808
0.13987446
0.17000531
0.1721658
0.17432879
0.02001163
0.048341537
0.076680889
0.031762336
0.05527399
0.078782085
0.043416327
0.062121249
0.080802398
0.11161624
0.14954819
0.18752697
0.11028892
0.1465415
0.18285287
0.10883404
0.14337561
0.17805342
-0.018343946
0.024443987
0.069306652
-0.0056626431
0.03288581
0.071894824
0.0070950032
0.040658894
0.074306174
0.11500433
0.15786092
0.20176044
0.11405091
0.1554847
0.19715781
0.11291723
0.15265406
0.19246402
-0.11149954
-0.065394997
-0.019265213
-0.072532455
-0.03619841
0.00016666317
-0.033549428
-0.00700966
0.019540783
-0.2347475
-0.15729463
-0.080145825
-0.19418639
-0.1272448
-0.060572449
-0.15353257
-0.096890181
-0.040312787
0.5233067
0.5201488
0.4890984
0.4993213
0.4927918
0.5044712
0.5200531
0.5305418
0.5590044
0.569702
0.5292229
0.4616289
0.4605945
0.4891104
0.526195
0.2527135
0.3214711
0.3612355
0.03061929
0.1416713
0.1842244
0.2521568
0.03061929
0.5228
0.5218281
0.52079197
0.51747373
0.5060847
0.49476217
0.49077022
0.4939692
0.49724746
0.51703524
0.5099871
0.50145314
0.48942048
0.4901277
0.49183269
0.49473196
0.4984533
0.5023074
0.49833219
0.4996502
0.50268125
0.49762006
0.5065942
0.5153951
0.52190358
0.5253732
0.52877838
0.50904477
0.5179135
0.52632287
0.52811359
0.5421374
0.55377505
0.56090964
0.5644605
0.56792024
0.53984007
0.5550175
0.56588624
0.52433436
0.5262812
0.52821281
0.51749507
0.4952854
0.47321059
0.48441504
0.4754607
0.4664236
0.461367
0.4609237
0.4606593
0.48726046
0.4767575
0.46619191
0.46546087
0.474753
0.48412826
0.51480456
0.5047107
0.49451255
0.49574114
0.5080941
0.51995926
0.55355925
0.5429269
0.5320201
0.26460908
0.2870801
0.30956902
0.46016416
0.4053127
0.35043259
0.42487166
0.3568731
0.28870209
0.32836266
0.3413891
0.35437911
0.49789559
0.4438354
0.38974599
0.052348266
0.09133615
0.12597623
0.29106949
0.2332185
0.17435737
0.2149167
0.1430864
0.070244209
0.15264086
0.1699338
0.18117919
0.33137324
0.2746047
0.21696154
0.25257153
0.2523426
0.25219865
0.42576169
0.3572812
0.28851614
0.03061929
0.03061929
0.03061929
0.21393375
0.141382
0.068834274
0.51730816
0.51729538
0.51740528
0.50918169
0.507873
0.50669081
0.50029486
0.49825445
0.49599021
0.49660554
0.4940429
0.49104086
0.49761907
0.4947534
0.49175109
0.50070955
0.49718757
0.4936783
0.50705249
0.50329897
0.49957523
0.51595044
0.5122381
0.50854047
0.52445212
0.52087884
0.51729242
0.53777614
0.53394152
0.53012261
0.55252507
0.548365
0.54427128
0.56376026
0.55980155
0.55585413
0.51744919
0.517465
0.5174878
0.50423446
0.500717
0.4971686
0.49112788
0.48410634
0.47698959
0.48470828
0.47555755
0.4662881
0.4852842
0.4757772
0.46607821
0.48651752
0.47635742
0.46609947
0.49205623
0.48154542
0.47102349
0.50108935
0.4906745
0.48025646
0.5100425
0.49983272
0.48956262
0.52250079
0.51189332
0.50131427
0.53617381
0.5249865
0.51390864
0.54795028
0.53689953
0.52581893
0.29935822
0.31953585
0.33974611
0.36520915
0.3810351
0.39691243
0.4309147
0.44242708
0.45401752
0.35722112
0.37009084
0.38295603
0.41195508
0.4245725
0.43718044
0.46674609
0.4791784
0.49143168
0.08970128
0.12483811
0.15749949
0.15905902
0.1886178
0.2176873
0.22814869
0.25302892
0.27786062
0.18339767
0.19866019
0.21096326
0.2407325
0.2544775
0.26763041
0.29809282
0.31129921
0.32439822
0.2885133
0.28855058
0.2886408
0.35718246
0.357022
0.35691015
0.4255543
0.42520456
0.42495661
0.068868612
0.069036914
0.069554797
0.1414765
0.1418061
0.14248964
0.21401114
0.21425358
0.21464621
