MFEM mesh v1.0

#
# MFEM Geometry Types (see mesh/geom.hpp):
#
# POINT       = 0
# SEGMENT     = 1
# TRIANGLE    = 2
# SQUARE      = 3
# TETRAHEDRON = 4
# CUBE        = 5
#

dimension
2

elements
14
3 3 1 0 2 3
3 3 3 2 4 5
3 3 0 7 8 2
3 3 2 8 9 4
3 3 11 12 10 9
3 3 13 14 12 11
3 3 11 15 16 13
3 3 15 17 18 16
3 3 9 8 15 11
3 3 8 7 17 15
3 3 17 19 20 18
3 3 7 6 19 17
3 3 21 13 16 22
3 3 23 14 13 21

boundary
18
3 1 3 1
3 1 5 3
1 1 18 16
3 1 20 18
1 1 16 22
2 1 22 21
1 1 23 14
2 1 21 23
9 1 1 0
9 1 4 5
9 1 7 6
9 1 0 7
9 1 9 4
9 1 10 9
9 1 12 10
9 1 14 12
9 1 19 20
9 1 6 19

vertices
24

nodes
FiniteElementSpace
FiniteElementCollection: H1_2D_P4
VDim: 2
Ordering: 0

0.01871597
0.02844305
0.00363231
0.01440464
-0.01035422
0.002854406
0.09879836
-0.007236874
-0.02575281
-0.04473256
-0.0242582
-0.1693342
-0.1590637
-0.3002609
-0.3
-0.1595099
-0.3
-0.02669485
-0.04619864
0.09574161
0.094205
-0.45
-0.45
-0.45
0.020362569
0.02351405
0.026717629
0.016155792
0.01123912
0.0062736913
0.0054609485
0.008950017
0.012493024
0.025940914
0.02124527
0.01672286
0.0012646831
-0.003271222
-0.0078729963
-0.008243239
-0.004153953
0.0002261474
0.012175565
0.008131914
0.0045144014
0.01416028
0.005635703
-0.0028040193
-0.010417602
-0.01646591
-0.022539897
-0.0014921458
-0.01113376
-0.020714692
-0.029015421
-0.03522302
-0.041449208
-0.016307354
-0.02754713
-0.038794058
-0.16754831
-0.1641641
-0.16082005
-0.047535925
-0.09168894
-0.13581896
-0.041265949
-0.03463877
-0.027837126
-0.066233086
-0.1070143
-0.14780958
-0.30027681
-0.300282
-0.30016013
-0.18343824
-0.2295574
-0.27565058
-0.19193711
-0.23479
-0.2776494
-0.16765427
-0.1644553
-0.16122799
-0.18373725
-0.2296974
-0.27570887
-0.30024109
-0.3001774
-0.30007174
-0.13654263
-0.0930382
-0.049589742
-0.030164112
-0.03668199
-0.042985445
-0.25617537
-0.1730993
-0.090023361
-0.048929354
-0.09271356
-0.13644383
-0.010684661
-0.01706769
-0.023379325
-0.0056259983
0.0342673
0.074399797
0.095173605
0.09421307
0.0938447
-0.024365084
0.01985684
0.067788394
0.080316129
0.04527158
0.010806997
0.098254391
0.09727876
0.096282582
-0.32611431
-0.3751268
-0.42414251
-0.32590097
-0.375
-0.42409903
-0.45
-0.45
-0.45
-0.32590097
-0.375
-0.42409903
-0.45
-0.45
-0.45
0.02424183
0.021025483
0.017831352
0.019530167
0.01625177
0.012968467
0.014913368
0.011482284
0.0080681504
0.010295272
0.0067132432
0.003142545
0.0061881842
0.002453422
-0.0012962976
0.0023197259
-0.0017857736
-0.0057877921
0.01149921
0.0027704109
-0.0058763261
0.0064001963
-0.002697856
-0.01172384
0.0012468851
-0.0082102042
-0.017602507
-0.0040097112
-0.01394176
-0.023818646
-0.008832217
-0.01930581
-0.029732591
-0.01371179
-0.02470228
-0.035667137
-0.14572475
-0.1417683
-0.1378589
-0.10436696
-0.09931891
-0.094308225
-0.063040904
-0.056919339
-0.050754607
-0.27735721
-0.27678517
-0.27611057
-0.23391053
-0.2322371
-0.23052958
-0.19046506
-0.18767624
-0.18491074
-0.190542
-0.18787879
-0.18517959
-0.2339364
-0.2322939
-0.2306072
-0.27734065
-0.27672861
-0.2760726
-0.15717372
-0.10685977
-0.056623821
-0.19630506
-0.133045
-0.069896272
-0.23548464
-0.15925166
-0.083076926
-0.063240923
-0.057566385
-0.051906684
-0.10454734
-0.09986752
-0.095185908
-0.14585888
-0.14215028
-0.13842217
-0.042310616
-0.029778483
-0.01727144
-0.079636277
-0.05486102
-0.030111632
-0.11689638
-0.079866148
-0.042875665
-0.0086327592
0.032113638
0.073236288
-0.014452707
0.02776831
0.070967793
-0.020645053
0.022926146
0.06882045
0.0079509759
0.043480327
0.079348556
0.0025909791
0.03994654
0.077456188
-0.0027778175
0.036269861
0.075482704
-0.42413868
-0.37511605
-0.32609721
-0.4241273
-0.3750832
-0.32604388
-0.42410986
-0.37503234
-0.32595777
-0.42412269
-0.37507107
-0.32602683
-0.4241448
-0.3751344
-0.32612966
-0.42414564
-0.37513583
-0.3261283
0.5665601
0.5574203
0.5470949
0.5396698
0.5233067
0.5201488
0.687266
0.5910095
0.5670026
0.5292229
0.4616289
0.5292706
0.2521568
0.5289993
0.03061929
0.695253
0.8296193
0.7082926
0.8296193
0.8128742
0.9406713
0.5286706
0.8296193
0.03061929
0.56501268
0.5620513
0.55904114
0.56316228
0.5567774
0.55043069
0.54583357
0.5434293
0.54098881
0.55443735
0.5486826
0.54283552
0.54298834
0.5352087
0.52741361
0.5228
0.5218281
0.52079197
0.53648058
0.5302135
0.52369181
0.57085089
0.5788819
0.58683354
0.5868483
0.5789783
0.57113264
0.55056174
0.557096
0.56359045
0.56046292
0.5480843
0.53573055
0.52433436
0.5262812
0.52821281
0.48138251
0.3907028
0.30003289
0.42576169
0.3572812
0.28851614
0.51749507
0.4952854
0.47321059
0.52929748
0.5293352
0.52930302
0.44304805
0.2800826
0.11686415
0.21393375
0.141382
0.068834274
0.52923022
0.529143
0.52904957
0.55793413
0.6122837
0.66661378
0.71841746
0.7623648
0.80637711
0.58093185
0.6793618
0.77774342
0.69743816
0.7016421
0.70595852
0.7294293
0.7693589
0.80893433
0.8296193
0.8296193
0.8296193
0.5893159
0.6313346
0.6731942
0.61138441
0.6498214
0.68812776
0.72634612
0.7607353
0.7949967
0.83552882
0.878196
0.91975444
0.85134831
0.8903361
0.92497625
0.67070655
0.639491
0.60780107
0.70910752
0.7502537
0.79126706
0.52894136
0.5288331
0.52872652
0.8296193
0.8296193
0.8296193
0.58063637
0.679145
0.77765349
0.03061929
0.03061929
0.03061929
0.44267051
0.279645
0.11661935
0.55594802
0.55881528
0.56166631
0.55007228
0.5527249
0.55537935
0.54414497
0.54663688
0.5491226
0.53759664
0.53972832
0.54186288
0.53105784
0.5326858
0.53433525
0.52434139
0.52556606
0.52677695
0.5673131
0.57509414
0.58280149
0.56065484
0.5679469
0.57517981
0.55403922
0.56083567
0.5675864
0.54602567
0.55175964
0.5574639
0.537441
0.5416656
0.54587246
0.52885844
0.53158971
0.53430553
0.48766429
0.40885052
0.33008663
0.49953604
0.4431781
0.38694415
0.51132671
0.47735201
0.44354271
0.44967664
0.29920071
0.14849643
0.4622347
0.3354304
0.20848669
0.47477663
0.3716281
0.26844212
0.56190811
0.62385999
0.68577957
0.56943453
0.6458065
0.7221309
0.57696021
0.66776808
0.75852551
0.72023248
0.72374728
0.72741071
0.76346115
0.7656079
0.76795133
0.80675147
0.80749081
0.80833147
0.53963697
0.55926829
0.5789324
0.54692901
0.5803121
0.61371486
0.55414367
0.60125427
0.6483595
0.59310554
0.60031153
0.60755116
0.63449694
0.6405214
0.6465949
0.67572325
0.68056565
0.68549031
0.74778741
0.78279416
0.81751983
0.78846871
0.8248312
0.86023232
0.82939535
0.86735618
0.90270642
0.62833456
0.6603715
0.69220918
0.66715782
0.7000364
0.73290346
0.70591682
0.73975445
0.77354915
0.58068606
0.5807812
0.58087879
0.67917972
0.6792473
0.67932005
0.77766708
0.77769368
0.77772435
0.11665575
0.1167283
0.1168121
0.27971483
0.279851
0.27999801
0.44273452
0.44285667
0.44298115
