MFEM mesh v1.0

#
# MFEM Geometry Types (see mesh/geom.hpp):
#
# POINT       = 0
# SEGMENT     = 1
# TRIANGLE    = 2
# SQUARE      = 3
# TETRAHEDRON = 4
# CUBE        = 5
#

dimension
2

elements
14
3 3 1 0 2 3
3 3 3 2 4 5
3 3 5 4 6 7
3 3 7 6 8 9
3 3 0 10 11 2
3 3 2 11 12 4
3 3 4 12 13 6
3 3 6 13 14 8
3 3 15 17 18 16
3 3 17 19 20 18
3 3 19 21 22 20
3 3 13 12 17 15
3 3 12 11 19 17
3 3 11 10 21 19

boundary
16
3 1 3 1
3 1 5 3
3 1 7 5
3 1 9 7
3 1 18 16
3 1 20 18
3 1 22 20
11 1 1 0
11 1 8 9
11 1 0 10
11 1 13 14
11 1 14 8
11 1 16 15
11 1 21 22
11 1 15 13
11 1 10 21

vertices
23

nodes
FiniteElementSpace
FiniteElementCollection: H1_2D_P4
VDim: 2
Ordering: 0

0.5811633
0.5712436
0.4367889
0.4311404
0.2645643
0.2660239
0.1176419
0.124896
0.01871597
0.02844305
0.6073647
0.4512787
0.2607938
0.09879836
-0.007236874
0.09574161
0.094205
0.2446648
0.2280317
0.4049833
0.3553767
0.5445922
0.4767167
0.57948194
0.5762622
0.57299351
0.55873303
0.5131587
0.46361646
0.43584504
0.4340274
0.43216743
0.55079081
0.5073018
0.45818071
0.40822686
0.3518376
0.29429059
0.26480979
0.265282
0.26576452
0.40471048
0.3503718
0.29428888
0.23847565
0.1890483
0.14158818
0.11885891
0.1211987
0.12358953
0.24063325
0.1923445
0.14690935
0.09969118
0.06621684
0.034652087
0.020362569
0.02351405
0.026717629
0.10660973
0.07352464
0.043144648
0.58580874
0.5944474
0.60293226
0.58137525
0.5312245
0.47896474
0.43938235
0.4441705
0.44884441
0.41872533
0.3565561
0.29377465
0.26389154
0.2626478
0.2614299
0.232507
0.178949
0.12632443
0.11429415
0.1080864
0.10198915
0.080316129
0.04527158
0.010806997
0.01416028
0.005635703
-0.0028040193
0.12137452
0.1700433
0.21886814
0.24173277
0.23619
0.23074235
0.11565516
0.1588307
0.20421613
0.095173605
0.09421307
0.0938447
0.27238986
0.3249209
0.37738032
0.39664397
0.3808975
0.36466971
0.2499327
0.2926574
0.33444059
0.42912437
0.4749704
0.52063313
0.53318087
0.5118111
0.48957795
0.37762053
0.4187633
0.45748417
0.25800473
0.2527316
0.2474533
0.098254391
0.09727876
0.096282582
0.44336863
0.4282016
0.41298816
0.59708598
0.5767713
0.5557401
0.55220169
0.55477458
0.55736293
0.50809069
0.5100562
0.51207382
0.45918093
0.46093213
0.46268877
0.40526757
0.40641925
0.40759677
0.35053424
0.3510351
0.35155538
0.2943732
0.29435464
0.29431731
0.24021964
0.23952836
0.23883851
0.19186952
0.1907741
0.1896512
0.14595681
0.14423901
0.14250633
0.10537073
0.10312764
0.10087851
0.072221426
0.06985558
0.067476462
0.041596219
0.038851315
0.036102427
0.56259354
0.56998245
0.57743057
0.51620036
0.5220662
0.52803887
0.46623819
0.47124994
0.47629501
0.4100003
0.41342099
0.41688662
0.35262832
0.3541582
0.35572104
0.29421551
0.29405304
0.29387352
0.23745469
0.2355059
0.23354515
0.18735459
0.1840782
0.18073412
0.13899066
0.13401107
0.12898659
0.096358931
0.090019197
0.083668196
0.062662479
0.05583962
0.048936033
0.030565244
0.022772831
0.014945043
0.12042885
0.16830899
0.21634408
0.11863734
0.1649099
0.21153272
0.11684576
0.16121642
0.20671555
0.26852189
0.31925851
0.3699321
0.26120734
0.3085433
0.35584761
0.2538698
0.29800326
0.34156148
0.42013337
0.46505074
0.5096724
0.40357832
0.4459719
0.48910023
0.38676212
0.42790366
0.46746124
0.12551375
0.17754994
0.23019781
0.1239332
0.1746945
0.22575901
0.12227419
0.17167724
0.22126013
0.29008607
0.35099595
0.41157165
0.28307726
0.3406063
0.39799842
0.27607756
0.33032186
0.38447778
0.4700664
0.52125346
0.5712763
0.45384682
0.5025756
0.55132694
0.43765261
0.48445668
0.53108548
0.5734759
0.564039
0.6850855
0.6719565
0.7116545
0.6972777
0.6560169
0.6439835
0.5665601
0.5574203
0.5984291
0.7188587
0.7483915
0.687266
0.5910095
0.8128742
0.9406713
0.8650961
0.9832244
0.8415842
0.9663535
0.7462844
0.8982333
0.57187649
0.5688134
0.56570363
0.59515546
0.634425
0.66892289
0.68288784
0.6786572
0.67432941
0.58630432
0.625764
0.6584943
0.6934182
0.7057047
0.71111206
0.70926039
0.7046439
0.69990962
0.6823515
0.6959899
0.69948665
0.70479805
0.6889127
0.66813607
0.65399983
0.6501206
0.64615514
0.6930235
0.6787563
0.65737042
0.64160438
0.6133307
0.58301203
0.56501268
0.5620513
0.55904114
0.63124992
0.6041955
0.57417909
0.57790317
0.5861329
0.59421114
0.62006937
0.6607074
0.69896082
0.69113569
0.7023004
0.71319017
0.72518562
0.7366736
0.74462901
0.71823802
0.7303781
0.7422221
0.73847268
0.7195181
0.69852523
0.66157834
0.671881
0.68198496
0.67070655
0.639491
0.60780107
0.57085089
0.5788819
0.58683354
0.82197203
0.8392104
0.85620832
0.88619427
0.9260068
0.96464053
0.95164086
0.9689338
0.98017919
0.83552882
0.878196
0.91975444
0.86115951
0.8536034
0.84582886
0.86375842
0.9058234
0.94681779
0.98430994
0.9816536
0.97296532
0.82516535
0.7940771
0.76283105
0.77297844
0.8237963
0.87358085
0.95767071
0.9371041
0.91241449
0.76875929
0.8069635
0.84502282
0.70910752
0.7502537
0.79126706
0.74048045
0.7807067
0.82056643
0.62454125
0.673234
0.72110119
0.58790621
0.59077051
0.59364065
0.62698819
0.6298832
0.6328404
0.66031347
0.66369707
0.66711191
0.68431266
0.68789133
0.69150306
0.69709327
0.700409
0.70384474
0.70155395
0.70530948
0.70910116
0.69510873
0.69891733
0.70276077
0.68028666
0.6836497
0.68707854
0.65933514
0.66280951
0.66629525
0.63308638
0.63644792
0.63982205
0.60581233
0.6087758
0.61175431
0.57576276
0.57862938
0.58149854
0.59942695
0.60757042
0.61574794
0.63887263
0.6474205
0.65609267
0.67404981
0.68385977
0.6937365
0.69882602
0.70919525
0.71965105
0.71090952
0.7209604
0.73120621
0.71681629
0.72775333
0.73878604
0.71054477
0.72154741
0.73261951
0.69407762
0.7040269
0.71413651
0.67334138
0.68327346
0.69325143
0.64661707
0.6561476
0.66568118
0.61778387
0.6263146
0.63492662
0.58727487
0.59538276
0.60350971
0.84432181
0.86109556
0.87758719
0.88664058
0.9028407
0.9181866
0.92893329
0.9453434
0.95872358
0.88241295
0.87513657
0.86768131
0.92280319
0.9161704
0.90921148
0.96308059
0.95813762
0.95030038
0.84795712
0.81848273
0.78865145
0.89178593
0.8643156
0.83783535
0.93531429
0.91149759
0.8855294
0.71988392
0.73994713
0.75879778
0.76028088
0.7790425
0.79732177
0.80066745
0.81839057
0.83585871
0.76457635
0.75643082
0.74621647
0.80268005
0.7945381
0.78565055
0.8409352
0.83313297
0.82501272
0.72036758
0.68350563
0.64521392
0.7620173
0.7268441
0.69195044
0.80338967
0.77085006
0.73820054
