MFEM mesh v1.0

#
# MFEM Geometry Types (see mesh/geom.hpp):
#
# POINT       = 0
# SEGMENT     = 1
# TRIANGLE    = 2
# SQUARE      = 3
# TETRAHEDRON = 4
# CUBE        = 5
#

dimension
2

elements
56
1 3 0 7 37 36
1 3 7 8 38 37
1 3 8 9 39 38
1 3 9 3 10 39
1 3 1 35 40 11
1 3 11 40 41 12
1 3 12 41 42 13
1 3 13 42 10 3
1 3 2 20 43 14
1 3 20 21 44 43
1 3 21 22 45 44
1 3 22 5 26 45
1 3 14 43 46 15
1 3 43 44 47 46
1 3 44 45 48 47
1 3 45 26 27 48
1 3 15 46 49 16
1 3 46 47 50 49
1 3 47 48 51 50
1 3 48 27 28 51
1 3 16 49 23 4
1 3 49 50 24 23
1 3 50 51 25 24
1 3 51 28 6 25
1 3 4 23 52 19
1 3 23 24 53 52
1 3 24 25 54 53
1 3 25 6 34 54
1 3 19 52 55 18
1 3 52 53 56 55
1 3 53 54 57 56
1 3 54 34 33 57
1 3 18 55 58 17
1 3 55 56 59 58
1 3 56 57 60 59
1 3 57 33 32 60
1 3 17 58 7 0
1 3 58 59 8 7
1 3 59 60 9 8
1 3 60 32 3 9
1 3 5 31 61 26
1 3 31 30 62 61
1 3 30 29 63 62
1 3 29 1 11 63
1 3 26 61 64 27
1 3 61 62 65 64
1 3 62 63 66 65
1 3 63 11 12 66
1 3 27 64 67 28
1 3 64 65 68 67
1 3 65 66 69 68
1 3 66 12 13 69
1 3 28 67 34 6
1 3 67 68 33 34
1 3 68 69 32 33
1 3 69 13 3 32

boundary
34
4 1 0 7
4 1 7 8
4 1 8 9
4 1 9 3
4 1 1 11
4 1 11 12
4 1 12 13
4 1 13 3
2 1 14 2
2 1 15 14
2 1 16 15
2 1 4 16
2 1 19 4
2 1 18 19
2 1 17 18
2 1 0 17
1 1 2 20
1 1 20 21
1 1 21 22
1 1 22 5
1 1 5 31
1 1 31 30
1 1 30 29
1 1 29 1
1 1 1 35
2 1 36 0
5 1 37 36
5 1 38 37
5 1 39 38
5 1 10 39
5 1 35 40
5 1 40 41
5 1 41 42
5 1 42 10

vertices
70

nodes
FiniteElementSpace
FiniteElementCollection: H1_2D_P2
VDim: 2
Ordering: 0

3.6739404e-18
0.06
0
0.042426407
0
0.03
0.03
0.01159295
0.022961006
0.033429481
0.047057955
0.058869376
0.055432772
0.049824389
0
0
0
0
0
0
0.0075
0.015
0.0225
0.0075
0.015
0.0225
0.03
0.03
0.03
0.0525
0.045
0.0375
0.039319805
0.036213203
0.033106602
0.066549999
0
0.012858514
0.025467582
0.037078866
0.065295949
0.061484182
0.055263551
0.0075
0.015
0.0225
0.0075
0.015
0.0225
0.0075
0.015
0.0225
0.0085011738
0.016932894
0.025173453
0.0095168438
0.018903284
0.027885615
0.010547327
0.020912273
0.030637334
0.037061718
0.044225685
0.051494137
0.036174954
0.042469697
0.04888775
0.03484923
0.039768674
0.044759866
0.0057819092
0.012225732
0.0064131009
9.184851e-19
0.017348194
0.024214294
0.019242038
0.028347258
0.035254174
0.031441834
0.038140529
0.044742182
0.042304203
0.063275
0.066240278
0.062082664
0.059720763
0.063707506
0.058458478
0.057437271
0.058654185
0.052543971
0.05288131
0.051373697
0.046317383
0.00375
0.0075
0.00375
0
0.01125
0.015
0.01125
0.01875
0.0225
0.01875
0.02625
0.03
0.02625
0.0075
0.00375
0
0.015
0.01125
0.0225
0.01875
0.03
0.02625
0.0075
0.00375
0
0.015
0.01125
0.0225
0.01875
0.03
0.02625
0.0075
0.00375
0
0.015
0.01125
0.0225
0.01875
0.03
0.02625
0.0079987943
0.0042516069
0
0.015961827
0.012733383
0.02383194
0.021084528
0.031553301
0.029185353
0.0090071772
0.0047574251
0
0.017913334
0.014243711
0.026524643
0.023461463
0.034659903
0.032145351
0.010030214
0.0052675078
0
0.019902883
0.015781725
0.029256476
0.02588197
0.037766504
0.035130304
0.011068226
9.184851e-19
0.021931598
0.032028299
0.040873106
0.03375
0.037337011
0.033518215
0.04125
0.04473562
0.040630782
0.04875
0.052196607
0.047846708
0.05625
0.055168262
0.036674103
0.033072718
0.043469439
0.039307135
0.050389343
0.045663085
0.052144156
0.035565867
0.032415933
0.041232838
0.03730008
0.047003691
0.042255203
0.047282861
0.034028188
0.038090195
0.042186448
0.0060975052
0.018295116
0.029894547
0.040222367
0.062980521
0.060572389
0.055767748
0.048845541
0.00375
0.01125
0.01875
0.02625
0.00375
0.01125
0.01875
0.02625
0.00375
0.01125
0.01875
0.02625
0.00375
0.01125
0.01875
0.02625
0.0040002803
0.011988368
0.019912035
0.027714615
0.0045039863
0.013485133
0.022267623
0.030662252
0.00501193
0.01500921
0.024666196
0.033634688
0.0055241653
0.016561354
0.027108939
0.036632237
0.033660854
0.041028567
0.048458267
0.055950739
0.033322101
0.040056411
0.046913607
0.053897083
0.032770466
0.038386543
0.044105101
0.04992897
0.032009893
0.036054938
0.040134014
0.044247553
0.06
0
0
0.042426407
0.03
1.8369702e-18
0.03
0.058869376
0.055432772
0.049824389
0.047057955
0.01159295
0.022961006
0.033429481
0.0075
0.015
0.0225
0.0525
0.045
0.0375
3.2146978e-18
2.7554553e-18
2.2962127e-18
0.03
0.03
0.03
0.0075
0.015
0.0225
4.5924255e-19
9.184851e-19
1.3777276e-18
0.039319805
0.036213203
0.033106602
1.2032155e-18
0.066549999
0.065295949
0.061484182
0.055263551
0.012858514
0.025467582
0.037078866
0.0075
0.0075
0.0075
0.015
0.015
0.015
0.0225
0.0225
0.0225
0.037061718
0.036174954
0.03484923
0.044225685
0.042469697
0.039768674
0.051494137
0.04888775
0.044759866
0.0085011738
0.0095168438
0.010547327
0.016932894
0.018903284
0.020912273
0.025173453
0.027885615
0.030637334
0.059720763
0.062082664
0.066240278
0.063275
0.057437271
0.058458478
0.063707506
0.05288131
0.052543971
0.058654185
0.046317383
0.044742182
0.051373697
1.0026796e-18
0.0064131009
0.012225732
0.0057819092
0.019242038
0.024214294
0.017348194
0.031441834
0.035254174
0.028347258
0.042304203
0.038140529
2.525834e-18
0.00375
0.0075
0.00375
2.9850766e-18
0.00375
0.0075
2.525834e-18
0.00375
0.0075
2.0665915e-18
0.00375
0.0075
0.01125
0.015
0.01125
0.01125
0.015
0.01125
0.015
0.01125
0.015
0.01875
0.0225
0.01875
0.01875
0.0225
0.01875
0.0225
0.01875
0.0225
0.02625
0.03
0.02625
0.02625
0.03
0.02625
0.03
0.02625
0.03
0.033518215
0.037337011
0.03375
0.033072718
0.036674103
0.032415933
0.035565867
0.031553301
0.034028188
0.040630782
0.04473562
0.04125
0.039307135
0.043469439
0.03730008
0.041232838
0.034659903
0.038090195
0.047846708
0.052196607
0.04875
0.045663085
0.050389343
0.042255203
0.047003691
0.037766504
0.042186448
0.055168262
0.05625
0.052144156
0.047282861
0.040873106
1.6073489e-18
0.0042516069
0.0079987943
1.1481064e-18
0.0047574251
0.0090071772
6.8886382e-19
0.0052675078
0.010030214
2.2962127e-19
0.011068226
0.012733383
0.015961827
0.014243711
0.017913334
0.015781725
0.019902883
0.021931598
0.021084528
0.02383194
0.023461463
0.026524643
0.02588197
0.029256476
0.032028299
0.029185353
0.032145351
0.035130304
0.062980521
0.060572389
0.055767748
0.048845541
0.0060975052
0.018295116
0.029894547
0.040222367
0.00375
0.00375
0.00375
0.00375
0.01125
0.01125
0.01125
0.01125
0.01875
0.01875
0.01875
0.01875
0.02625
0.02625
0.02625
0.02625
0.033660854
0.033322101
0.032770466
0.032009893
0.041028567
0.040056411
0.038386543
0.036054938
0.048458267
0.046913607
0.044105101
0.040134014
0.055950739
0.053897083
0.04992897
0.044247553
0.0040002803
0.0045039863
0.00501193
0.0055241653
0.011988368
0.013485133
0.01500921
0.016561354
0.019912035
0.022267623
0.024666196
0.027108939
0.027714615
0.030662252
0.033634688
0.036632237
