MFEM mesh v1.0

#
# MFEM Geometry Types (see mesh/geom.hpp):
#
# POINT       = 0
# SEGMENT     = 1
# TRIANGLE    = 2
# SQUARE      = 3
# TETRAHEDRON = 4
# CUBE        = 5
#

dimension
3

elements
16
1 5 0 1 4 3 13 14 17 16
1 5 1 2 5 4 14 15 18 17
1 5 6 7 9 8 19 20 22 21
1 5 8 9 12 11 21 22 25 24
1 5 10 11 14 13 23 24 29 28
1 5 11 12 15 14 24 25 30 29
1 5 13 14 17 16 28 29 34 33
1 5 14 15 18 17 29 30 35 34
1 5 19 20 22 21 36 37 39 38
1 5 21 22 25 24 38 39 42 41
1 5 23 24 29 28 40 41 46 45
1 5 24 25 30 29 41 42 47 46
1 5 26 27 32 31 43 44 49 48
1 5 27 28 33 32 44 45 50 49
1 5 28 29 34 33 45 46 51 50
1 5 29 30 35 34 46 47 52 51

boundary
50
6 3 36 37 39 38
6 3 38 39 42 41
6 3 40 41 46 45
6 3 41 42 47 46
6 3 43 44 49 48
6 3 44 45 50 49
6 3 45 46 51 50
6 3 46 47 52 51
5 3 26 43 48 31
3 3 2 5 18 15
3 3 7 9 22 20
3 3 9 12 25 22
3 3 12 15 30 25
3 3 15 18 35 30
3 3 20 22 39 37
3 3 22 25 42 39
3 3 25 30 47 42
3 3 30 35 52 47
2 3 6 7 20 19
2 3 19 20 37 36
4 3 31 48 49 32
4 3 32 49 50 33
4 3 3 16 17 4
4 3 16 33 34 17
4 3 33 50 51 34
4 3 4 17 18 5
4 3 17 34 35 18
4 3 34 51 52 35
9 3 3 4 1 0
9 3 4 5 2 1
9 3 8 9 7 6
9 3 11 12 9 8
9 3 0 1 14 13
9 3 13 14 11 10
9 3 1 2 15 14
9 3 14 15 12 11
9 3 3 0 13 16
9 3 8 6 19 21
9 3 11 8 21 24
9 3 10 11 24 23
9 3 13 10 23 28
9 3 31 32 27 26
9 3 16 13 28 33
9 3 32 33 28 27
9 3 21 19 36 38
9 3 24 21 38 41
9 3 23 24 41 40
9 3 26 27 44 43
9 3 28 23 40 45
9 3 27 28 45 44

vertices
53

nodes
FiniteElementSpace
FiniteElementCollection: H1_3D_P1
VDim: 3
Ordering: 0

0.5
0.75
1
0.5
0.75
1
0.75
1
0.75
1
0.5
0.75
1
0.5
0.75
1
0.5
0.75
1
0.75
1
0.75
1
0.5
0.75
1
0
0.25
0.5
0.75
1
0
0.25
0.5
0.75
1
0.75
1
0.75
1
0.5
0.75
1
0
0.25
0.5
0.75
1
0
0.25
0.5
0.75
1
0.75
0.75
0.75
1
1
1
0
0
0.25
0.25
0.5
0.5
0.5
0.75
0.75
0.75
1
1
1
0
0
0.25
0.25
0.5
0.5
0.5
0.75
0.75
0.75
0.75
0.75
1
1
1
1
1
0
0
0.25
0.25
0.5
0.5
0.5
0.75
0.75
0.75
0.75
0.75
1
1
1
1
1
0.25
0.25
0.25
0.25
0.25
0.25
0.5
0.5
0.5
0.5
0.5
0.5
0.5
0.5
0.5
0.5
0.5
0.5
0.5
0.75
0.75
0.75
0.75
0.75
0.75
0.75
0.75
0.75
0.75
0.75
0.75
0.75
0.75
0.75
0.75
0.75
1
1
1
1
1
1
1
1
1
1
1
1
1
1
1
1
1
