MFEM mesh v1.0

#
# MFEM Geometry Types (see mesh/geom.hpp):
#
# POINT       = 0
# SEGMENT     = 1
# TRIANGLE    = 2
# SQUARE      = 3
# TETRAHEDRON = 4
# CUBE        = 5
#

dimension
2

elements
14
3 3 1 0 2 3
3 3 3 2 4 5
3 3 0 7 8 2
3 3 2 8 9 4
3 3 11 12 10 9
3 3 13 14 12 11
3 3 11 15 16 13
3 3 15 17 18 16
3 3 9 8 15 11
3 3 8 7 17 15
3 3 17 19 20 18
3 3 7 6 19 17
3 3 21 13 16 22
3 3 23 14 13 21

boundary
18
3 1 3 1
3 1 5 3
1 1 18 16
3 1 20 18
1 1 16 22
2 1 22 21
1 1 23 14
2 1 21 23
9 1 1 0
9 1 4 5
9 1 7 6
9 1 0 7
9 1 9 4
9 1 10 9
9 1 12 10
9 1 14 12
9 1 19 20
9 1 6 19

vertices
24

nodes
FiniteElementSpace
FiniteElementCollection: H1_2D_P4
VDim: 2
Ordering: 0

0.026135903
0.02844305
0.0062983141
0.01440464
-0.0081876478
0.002854406
0.10669522
0.002893865
-0.021753714
-0.04141247
-0.02124019
-0.15825064
-0.14466053
-0.29109599
-0.28224091
-0.14457737
-0.28202584
-0.019112397
-0.04619864
0.10058674
0.094205
-0.45
-0.45
-0.45
0.027165784
0.028682152
0.029029379
0.02237055
0.015638132
0.0094079173
0.0078995402
0.010640578
0.013128755
0.025940914
0.02124527
0.01672286
0.0035511213
-0.0013675702
-0.0059144957
-0.0061962744
-0.0026422273
0.00084384361
0.012175565
0.008131914
0.0045144014
0.022419897
0.015037826
0.007204428
-0.0016838663
-0.010007889
-0.017837151
0.0017537081
-0.0071758878
-0.01658052
-0.025554976
-0.032312779
-0.038446229
-0.013590943
-0.024165942
-0.03529308
-0.15661213
-0.15264462
-0.1476646
-0.042132293
-0.082221919
-0.12293665
-0.038420568
-0.032192656
-0.025177608
-0.061031992
-0.098809468
-0.13746014
-0.29090522
-0.28977076
-0.28605902
-0.1675968
-0.21142058
-0.25691348
-0.18028412
-0.22304796
-0.26720707
-0.1566209
-0.15265725
-0.14762603
-0.16743781
-0.21120944
-0.2567079
-0.29083817
-0.28957821
-0.28581071
-0.12315892
-0.082219422
-0.040963684
-0.023396848
-0.031518508
-0.040537621
-0.23703025
-0.15751638
-0.083392274
-0.042609076
-0.082482048
-0.12295501
-0.00070433224
-0.007729166
-0.015093586
0.0012623471
0.04013375
0.079539706
0.099267544
0.096677985
0.094638662
-0.024365084
0.01985684
0.067788394
0.088365423
0.053889383
0.020312417
0.10581683
0.10396856
0.10182868
-0.31807958
-0.36992487
-0.42230075
-0.31341256
-0.36874217
-0.4218696
-0.45
-0.45
-0.45
-0.3135555
-0.36880691
-0.42189158
-0.45
-0.45
-0.45
0.025942698
0.02513807
0.023494383
0.020568859
0.018999532
0.016950576
0.015651489
0.013444895
0.010914961
0.010845278
0.0081813587
0.0052489239
0.0066659582
0.0037161551
0.00048390621
0.0028393435
-0.00044847101
-0.0039416205
0.018521029
0.010877569
0.002774319
0.011517981
0.0033614441
-0.0052636106
0.0050046294
-0.0036665825
-0.012808721
-0.0011729886
-0.010441483
-0.020191918
-0.006405635
-0.016263942
-0.026619114
-0.011220236
-0.021580293
-0.032462837
-0.13558411
-0.13124972
-0.1260194
-0.096482307
-0.091402087
-0.085569503
-0.058263798
-0.052407286
-0.045831645
-0.26676005
-0.26485207
-0.2605822
-0.22212709
-0.21922187
-0.21462086
-0.17889258
-0.17529975
-0.17055288
-0.17888476
-0.17526074
-0.17043614
-0.22209052
-0.21910155
-0.21441091
-0.26670172
-0.26467745
-0.26034029
-0.14267639
-0.095557821
-0.048321283
-0.18008183
-0.12108038
-0.062342153
-0.21752716
-0.14558164
-0.076223694
-0.058312131
-0.052605211
-0.046227024
-0.09653008
-0.091563028
-0.085810234
-0.13560854
-0.13131554
-0.12607211
-0.035712312
-0.02222778
-0.0082543379
-0.069906294
-0.045653331
-0.02093151
-0.10462128
-0.069487841
-0.033959152
-0.0025421155
0.037213231
0.077623196
-0.010106324
0.031153292
0.073742594
-0.0188207
0.024191565
0.069804125
0.017274792
0.051850243
0.087097727
0.011243764
0.047578603
0.084392589
0.0048147087
0.042828663
0.081313084
-0.42227418
-0.36985831
-0.31792159
-0.42215098
-0.36927977
-0.31682943
-0.42196962
-0.3687365
-0.3147884
-0.42200096
-0.36883285
-0.31497344
-0.42218024
-0.36936847
-0.31698425
-0.42228551
-0.36989117
-0.31797674
0.57413308
0.5574203
0.54958353
0.5396698
0.52150207
0.5201488
0.69261873
0.60246104
0.57046944
0.52424744
0.45382085
0.52085522
0.26011776
0.51707002
0.03061929
0.6872477
0.8296193
0.71366962
0.8296193
0.81266346
0.9406713
0.51546457
0.8296193
0.03061929
0.5716273
0.56683776
0.56117579
0.56984643
0.56179402
0.55379241
0.54791072
0.54470186
0.54143136
0.55443735
0.5486826
0.54283552
0.54472063
0.53550846
0.52631776
0.52135553
0.52099734
0.52051089
0.53648058
0.5302135
0.52369181
0.57896307
0.58812325
0.59743558
0.5971678
0.58686093
0.57621492
0.55315032
0.55991691
0.56677771
0.56258441
0.54747113
0.53226092
0.52206623
0.52303985
0.52387057
0.47535317
0.38946135
0.3044456
0.42121607
0.35844494
0.29445158
0.51180988
0.48845129
0.46560484
0.52379247
0.52274731
0.52153867
0.43504449
0.27952707
0.11935793
0.2235501
0.15315117
0.076341909
0.52015624
0.51883072
0.51761866
0.54992828
0.60484936
0.65908745
0.70925821
0.75173377
0.79973101
0.56987654
0.66964606
0.77240094
0.69246917
0.70146071
0.70959316
0.73405794
0.77302234
0.81085623
0.8296193
0.8296193
0.8296193
0.59041852
0.62830391
0.66667913
0.62145235
0.65763765
0.69420295
0.73104884
0.7638326
0.79604783
0.83477045
0.87689716
0.91891292
0.85134831
0.8903361
0.92497625
0.67740306
0.64834916
0.61845469
0.71311254
0.75215017
0.79162926
0.51658666
0.51591884
0.51554973
0.8296193
0.8296193
0.8296193
0.56964099
0.67236799
0.77524967
0.03061929
0.03061929
0.03061929
0.4321039
0.27365725
0.11467565
0.55754787
0.56275875
0.56744048
0.55105741
0.55543443
0.55963695
0.54476861
0.54838732
0.55194001
0.53790461
0.54061392
0.54330938
0.5311186
0.53285939
0.53460088
0.52417676
0.52507159
0.52590706
0.57451149
0.58335102
0.59232652
0.56607111
0.57418313
0.58241903
0.55761686
0.56487548
0.57224389
0.54777235
0.5535632
0.55942963
0.53757417
0.54147378
0.54538567
0.52740127
0.52938651
0.53128782
0.48187299
0.40706219
0.33305011
0.49397833
0.43980881
0.3863254
0.50574532
0.47182857
0.43850256
0.44201019
0.29826146
0.15337784
0.45527644
0.33464978
0.215148
0.46847421
0.37087319
0.27411111
0.5532137
0.61560241
0.6772241
0.55959432
0.63682714
0.7127553
0.56624145
0.65844026
0.75086551
0.71427857
0.72275412
0.73028939
0.75685285
0.76409375
0.76984808
0.80300404
0.8066959
0.80918712
0.53535108
0.55727181
0.57904883
0.54110963
0.57586705
0.61033085
0.54685945
0.59471993
0.64205565
0.59604648
0.60640742
0.61636384
0.63375075
0.64361619
0.65292804
0.67197426
0.68130413
0.68989393
0.75174151
0.78518112
0.81795436
0.79124689
0.82609658
0.85992067
0.83064787
0.86775422
0.90236765
0.63764376
0.66792706
0.69757952
0.67427657
0.70546821
0.73615753
0.71132409
0.74353284
0.77521855
0.5696909
0.56978585
0.56985962
0.67234766
0.67213546
0.67095699
0.77520909
0.77504766
0.7738727
0.11479354
0.11522348
0.11714461
0.27383128
0.27465519
0.27713752
0.43222297
0.43286324
0.43411028
