MFEM mesh v1.0

#
# MFEM Geometry Types (see mesh/geom.hpp):
#
# POINT       = 0
# SEGMENT     = 1
# TRIANGLE    = 2
# SQUARE      = 3
# TETRAHEDRON = 4
# CUBE        = 5
#

dimension
2

elements
14
3 3 1 0 2 3
3 3 3 2 4 5
3 3 5 4 6 7
3 3 7 6 8 9
3 3 0 10 11 2
3 3 2 11 12 4
3 3 4 12 13 6
3 3 6 13 14 8
3 3 15 17 18 16
3 3 17 19 20 18
3 3 19 21 22 20
3 3 13 12 17 15
3 3 12 11 19 17
3 3 11 10 21 19

boundary
16
3 1 3 1
3 1 5 3
3 1 7 5
3 1 9 7
3 1 18 16
3 1 20 18
3 1 22 20
11 1 1 0
11 1 8 9
11 1 0 10
11 1 13 14
11 1 14 8
11 1 16 15
11 1 21 22
11 1 15 13
11 1 10 21

vertices
23

nodes
FiniteElementSpace
FiniteElementCollection: H1_2D_P4
VDim: 2
Ordering: 0

0.5733541
0.5712436
0.43201146
0.4311404
0.26581986
0.2660239
0.12318667
0.124896
0.026135903
0.02844305
0.59216284
0.44166829
0.26136537
0.10669522
0.002893865
0.10058674
0.094205
0.24505119
0.2280317
0.39975151
0.3553767
0.53625958
0.4767167
0.57275837
0.57185996
0.57133954
0.55125131
0.50652888
0.45818253
0.43176336
0.43140464
0.43120573
0.55079081
0.5073018
0.45818071
0.40432215
0.34986548
0.29445565
0.26605634
0.26634454
0.26627655
0.40471048
0.3503718
0.29428888
0.24035317
0.19231986
0.14633423
0.1238708
0.12479689
0.12507398
0.24063325
0.1923445
0.14690935
0.10530499
0.072296763
0.041510416
0.027165784
0.028682152
0.029029379
0.10660973
0.07352464
0.043144648
0.57656222
0.58268199
0.58887026
0.56707713
0.5186654
0.46834495
0.43370408
0.43687451
0.44001784
0.41081115
0.35191548
0.29253569
0.26515261
0.26376762
0.26223205
0.23424647
0.18303194
0.13285062
0.12053781
0.1152941
0.10974453
0.088365423
0.053889383
0.020312417
0.022419897
0.015037826
0.007204428
0.12536563
0.17253587
0.21996504
0.24203788
0.23630921
0.23074012
0.11565516
0.1588307
0.20421613
0.099267544
0.096677985
0.094638662
0.27179951
0.32249543
0.37312063
0.39225443
0.37815275
0.363665
0.2499327
0.2926574
0.33444059
0.42340364
0.46825796
0.51287311
0.52620993
0.50747423
0.48800982
0.37762053
0.4187633
0.45748417
0.25861683
0.25332489
0.24793037
0.10581683
0.10396856
0.10182868
0.43447698
0.42072447
0.4069717
0.58290875
0.56475371
0.54610223
0.55057017
0.55050305
0.55090357
0.50665099
0.50626933
0.50635356
0.45804374
0.45789551
0.45802465
0.40444185
0.40424216
0.40426258
0.35017009
0.3500303
0.34992853
0.29459337
0.29473217
0.29459746
0.24078364
0.24086616
0.24060924
0.19271979
0.19291115
0.1926398
0.14721804
0.14732426
0.14680891
0.10678808
0.10668374
0.10593442
0.073718239
0.073685005
0.072961029
0.043506776
0.043409738
0.042349379
0.55380652
0.55888364
0.56419932
0.5084467
0.51231179
0.51642057
0.45983684
0.46310906
0.4665125
0.40538236
0.40748079
0.40965079
0.35022862
0.35091045
0.35157514
0.2942255
0.29366358
0.29295839
0.23945825
0.23756524
0.23544521
0.19096523
0.18808841
0.18485862
0.14429437
0.1400671
0.13543496
0.10269229
0.097353088
0.091571971
0.069507333
0.063738605
0.057417708
0.038233272
0.031550696
0.024322064
0.12379049
0.17040316
0.2172571
0.12068387
0.16620725
0.21206074
0.11751652
0.16166212
0.20687557
0.26801862
0.31723419
0.36637159
0.26086662
0.3072964
0.3536436
0.25372967
0.29756728
0.34081452
0.41536683
0.45945524
0.50320064
0.40060669
0.44258935
0.48511262
0.38569401
0.42671894
0.46619945
0.1317656
0.18146874
0.23191139
0.12946302
0.17816794
0.22731496
0.12685064
0.17454504
0.2225402
0.28901143
0.34677136
0.40427989
0.28224611
0.33711978
0.39189719
0.27541772
0.32753464
0.37957854
0.46029733
0.50968324
0.55797687
0.44563932
0.49291676
0.54012646
0.43105961
0.47671274
0.52213325
0.57615295
0.564039
0.68279588
0.6719565
0.70918382
0.6972777
0.65808675
0.6439835
0.57413308
0.5574203
0.60683588
0.71938743
0.74788744
0.69261873
0.60246104
0.81266346
0.9406713
0.86143299
0.9832244
0.83864871
0.9663535
0.74788601
0.8982333
0.57370491
0.56947136
0.56577343
0.59708199
0.63470802
0.66753794
0.68032449
0.67626723
0.67317482
0.58630432
0.625764
0.6584943
0.6911268
0.7032586
0.7086535
0.70658489
0.70224964
0.69878516
0.6823515
0.6959899
0.69948665
0.70316552
0.68872145
0.66945609
0.65543873
0.65070321
0.64627071
0.6930235
0.6787563
0.65737042
0.64463667
0.61807964
0.58958215
0.5716273
0.56683776
0.56117579
0.63124992
0.6041955
0.57417909
0.58118193
0.59100147
0.60124588
0.62740547
0.66561553
0.70115227
0.68879858
0.70051116
0.71272612
0.72582565
0.73706157
0.74457598
0.71558981
0.7280097
0.74088721
0.73930463
0.72240536
0.7031565
0.66388484
0.67501011
0.68643486
0.67740306
0.64834916
0.61845469
0.57896307
0.58812325
0.59743558
0.8216059
0.83804955
0.85359387
0.88252144
0.92293039
0.96316842
0.95164086
0.9689338
0.98017919
0.83477045
0.87689716
0.91891292
0.85809663
0.8511236
0.84322886
0.86073829
0.90318785
0.94549128
0.98430994
0.9816536
0.97296532
0.82345524
0.79415877
0.76406786
0.77379436
0.82354867
0.87312196
0.95767071
0.9371041
0.91241449
0.76722071
0.80403973
0.84142763
0.71311254
0.75215017
0.79162926
0.73989225
0.77863213
0.81774469
0.63131063
0.67744392
0.72344278
0.58780212
0.59098052
0.59480572
0.62650302
0.62908552
0.63255138
0.65936473
0.6618374
0.66533753
0.68318037
0.68552085
0.68894084
0.69598153
0.69797839
0.70116282
0.70039387
0.70286933
0.70641362
0.69418046
0.69703184
0.70082897
0.67974626
0.68268588
0.68644635
0.65919447
0.66284654
0.66703626
0.63339845
0.6375976
0.64211863
0.60655085
0.61103507
0.61562426
0.57725351
0.58238578
0.58711363
0.60189206
0.61151286
0.62175817
0.63951756
0.64926078
0.65977556
0.67280269
0.68343624
0.69484522
0.69653995
0.7075078
0.71930112
0.70845823
0.71908202
0.73062828
0.71428607
0.72565795
0.73784558
0.7088867
0.72036499
0.73258354
0.69402739
0.70469244
0.71610267
0.67489593
0.68565085
0.6969647
0.65001494
0.66052513
0.67145607
0.62305223
0.63275213
0.64284751
0.59441095
0.60370765
0.6132698
0.84352394
0.85968769
0.87488851
0.88555018
0.90149861
0.91590032
0.92835227
0.94476334
0.95769844
0.87934513
0.87264596
0.86504031
0.92030035
0.9142095
0.90704179
0.96198394
0.95736887
0.94943534
0.84607152
0.81814293
0.78924173
0.89001563
0.86375875
0.83765194
0.93444119
0.91119971
0.88544904
0.72326065
0.74174978
0.75858781
0.76172358
0.77920583
0.79564151
0.8007645
0.81751768
0.83338466
0.76356426
0.75591721
0.7458048
0.80033402
0.79275438
0.78383629
0.83793531
0.83071508
0.82250343
0.72149315
0.68718872
0.65102983
0.76147907
0.72867133
0.69546758
0.80190057
0.77136524
0.74008634
