MFEM mesh v1.0

#
# MFEM Geometry Types (see mesh/geom.hpp):
#
# POINT       = 0
# SEGMENT     = 1
# TRIANGLE    = 2
# SQUARE      = 3
# TETRAHEDRON = 4
# CUBE        = 5
#

dimension
2

elements
112
2 3 0 14 63 60
2 3 14 15 64 63
2 3 15 16 65 64
2 3 16 17 66 65
2 3 17 18 67 66
2 3 18 19 68 67
2 3 19 20 69 68
2 3 20 4 36 69
2 3 60 63 70 61
2 3 63 64 71 70
2 3 64 65 72 71
2 3 65 66 73 72
2 3 66 67 74 73
2 3 67 68 75 74
2 3 68 69 76 75
2 3 69 36 37 76
2 3 61 70 77 62
2 3 70 71 78 77
2 3 71 72 79 78
2 3 72 73 80 79
2 3 73 74 81 80
2 3 74 75 82 81
2 3 75 76 83 82
2 3 76 37 38 83
2 3 62 77 59 7
2 3 77 78 58 59
2 3 78 79 57 58
2 3 79 80 56 57
2 3 80 81 55 56
2 3 81 82 54 55
2 3 82 83 53 54
2 3 83 38 5 53
3 3 1 33 84 21
3 3 33 34 85 84
3 3 34 35 86 85
3 3 35 5 42 86
3 3 21 84 87 22
3 3 84 85 88 87
3 3 85 86 89 88
3 3 86 42 43 89
3 3 22 87 90 23
3 3 87 88 91 90
3 3 88 89 92 91
3 3 89 43 44 92
3 3 23 90 93 24
3 3 90 91 94 93
3 3 91 92 95 94
3 3 92 44 45 95
3 3 24 93 96 25
3 3 93 94 97 96
3 3 94 95 98 97
3 3 95 45 46 98
3 3 25 96 39 2
3 3 96 97 40 39
3 3 97 98 41 40
3 3 98 46 6 41
3 3 4 9 99 36
3 3 9 10 100 99
3 3 10 11 101 100
3 3 11 12 102 101
3 3 12 13 103 102
3 3 13 8 49 103
3 3 36 99 104 37
3 3 99 100 105 104
3 3 100 101 106 105
3 3 101 102 107 106
3 3 102 103 108 107
3 3 103 49 48 108
3 3 37 104 109 38
3 3 104 105 110 109
3 3 105 106 111 110
3 3 106 107 112 111
3 3 107 108 113 112
3 3 108 48 47 113
3 3 38 109 42 5
3 3 109 110 43 42
3 3 110 111 44 43
3 3 111 112 45 44
3 3 112 113 46 45
3 3 113 47 6 46
2 3 3 50 114 32
2 3 50 51 115 114
2 3 51 52 116 115
2 3 52 7 59 116
2 3 32 114 117 31
2 3 114 115 118 117
2 3 115 116 119 118
2 3 116 59 58 119
2 3 31 117 120 30
2 3 117 118 121 120
2 3 118 119 122 121
2 3 119 58 57 122
2 3 30 120 123 29
2 3 120 121 124 123
2 3 121 122 125 124
2 3 122 57 56 125
2 3 29 123 126 28
2 3 123 124 127 126
2 3 124 125 128 127
2 3 125 56 55 128
2 3 28 126 129 27
2 3 126 127 130 129
2 3 127 128 131 130
2 3 128 55 54 131
2 3 27 129 132 26
2 3 129 130 133 132
2 3 130 131 134 133
2 3 131 54 53 134
2 3 26 132 33 1
2 3 132 133 34 33
2 3 133 134 35 34
2 3 134 53 5 35

boundary
56
1 1 4 9
1 1 9 10
1 1 10 11
1 1 11 12
1 1 12 13
1 1 13 8
1 1 0 14
1 1 14 15
1 1 15 16
1 1 16 17
1 1 17 18
1 1 18 19
1 1 19 20
1 1 20 4
2 1 21 1
2 1 22 21
2 1 23 22
2 1 24 23
2 1 25 24
2 1 2 25
2 1 32 3
2 1 31 32
2 1 30 31
2 1 29 30
2 1 28 29
2 1 27 28
2 1 26 27
2 1 1 26
4 1 1 33
4 1 33 34
4 1 34 35
4 1 35 5
4 1 4 36
4 1 36 37
4 1 37 38
4 1 38 5
3 1 39 2
3 1 40 39
3 1 41 40
3 1 6 41
3 1 8 49
3 1 49 48
3 1 48 47
3 1 47 6
4 1 0 60
4 1 60 61
4 1 61 62
4 1 62 7
6 1 60 0
6 1 61 60
6 1 62 61
6 1 7 62
6 1 3 50
6 1 50 51
6 1 51 52
6 1 52 7

vertices
135

nodes
FiniteElementSpace
FiniteElementCollection: H1_2D_P2
VDim: 2
Ordering: 0

0.047794491
6.7845433e-18
0
5.7742097e-18
0.14065291
0.09905945
0.21213203
0.033695275
0.3
0.15821858
0.17799273
0.20064273
0.2272632
0.2596567
0.055705312
0.064536288
0.074441202
0.085331968
0.09729068
0.11041998
0.12475885
0
0
0
0
0
0
0
0
0
0
0
0
0.027159442
0.053365824
0.077648487
0.13786532
0.12981737
0.11670819
0.057964752
0.11480503
0.16714741
0.11163343
0.1258459
0.14218712
0.16139051
0.18441856
0.24912195
0.27716386
0.29434688
0.0093488947
0.018295791
0.026512846
0.087804365
0.077620293
0.068369328
0.059959756
0.052315431
0.045438072
0.03924886
0.046785565
0.044027789
0.039607804
0.054549236
0.063208592
0.072848256
0.083508402
0.095218166
0.10809017
0.12224742
0.051336133
0.059484495
0.068532307
0.078552284
0.089571911
0.10170224
0.11506313
0.046166161
0.053478934
0.061599514
0.070603429
0.080507514
0.091414568
0.10343129
0.030564448
0.060092959
0.087479802
0.034414905
0.067724376
0.09861783
0.038832802
0.07652054
0.11144639
0.044074125
0.086926813
0.12659065
0.050411233
0.099507413
0.14486032
0.15524288
0.17486731
0.19734608
0.22377474
0.25561638
0.14628599
0.16486987
0.18616738
0.21115555
0.2410871
0.13153948
0.14827396
0.16748062
0.18999811
0.2169076
0.010862576
0.02127739
0.030855447
0.012546141
0.024584751
0.0356826
0.014426346
0.028272491
0.041059042
0.016529767
0.032394425
0.047054837
0.018832562
0.036919045
0.053649287
0.021344133
0.041882573
0.060889627
0.024098845
0.04734077
0.068851317
0.051618086
0.055364619
0.050546857
0.04749036
0.05997551
0.064155442
0.058745775
0.069321264
0.073951087
0.067886281
0.079714092
0.084778478
0.078030208
0.091142714
0.096664267
0.08919965
0.10365755
0.10971993
0.10147848
0.11738423
0.12405861
0.11498158
0.13248071
0.1398881
0.12983997
0.053175438
0.04756933
0.045603092
0.061619648
0.055285542
0.071005282
0.063878819
0.081384497
0.073404041
0.092800338
0.083906962
0.10536173
0.095469966
0.11919265
0.10820465
0.13447524
0.1222383
0.048966168
0.042786301
0.041999839
0.056732858
0.049711431
0.065359711
0.057423532
0.074905366
0.065976945
0.085416473
0.075415638
0.096993357
0.085810321
0.10974819
0.097261982
0.12385796
0.1098889
0.042894286
0.036387397
0.036810701
0.04967801
0.042250358
0.05721566
0.048779222
0.06556732
0.056031613
0.074765084
0.064046583
0.084892372
0.072867963
0.096051874
0.082577386
0.10839695
0.093279758
0.013621291
0.028810124
0.015335573
1.6961358e-18
0.04044613
0.056632419
0.045539701
0.065803794
0.08242056
0.074133794
0.088764558
0.10516136
0.10003363
0.032428743
0.017246811
0
0.063791188
0.051304572
0.092876154
0.08357668
0.1185208
0.11279074
0.036546785
0.019471978
0
0.071969841
0.05795867
0.10481008
0.094474219
0.13373599
0.12748353
0.041351534
0.022079371
0
0.081526958
0.065832695
0.11873432
0.10735029
0.15143668
0.14478977
0.047110374
0.025246979
0
0.092946118
0.075324154
0.13533286
0.1228698
0.17243218
0.16555536
0.054068144
0.028909546
0
0.10682667
0.08674097
0.15549595
0.14173629
0.19770523
0.19070265
0.14916894
0.1574914
0.14630222
0.16782908
0.17733197
0.16475703
0.18898314
0.20009641
0.18573309
0.21351063
0.22686686
0.21007085
0.24284046
0.25919643
0.2390282
0.2789783
0.29860381
0.27415057
0.15151274
0.13780956
0.17074787
0.15529323
0.19281454
0.17515506
0.2187291
0.19820131
0.24977161
0.22550558
0.28718636
0.25837621
0.13960666
0.12390631
0.15738705
0.13965029
0.17778711
0.15754798
0.2017165
0.17832968
0.23025677
0.20291118
0.26440655
0.23238047
0.12218245
0.13776031
0.15565862
0.17666967
0.20172164
0.23158692
0.0046984923
0.010082504
0.0054604824
1.4435524e-18
0.013888495
0.019742029
0.016145185
0.022505181
0.02861894
0.026185191
0.03023614
0.035206668
0.011681212
0.0063104543
0
0.022884127
0.018653944
0.033197706
0.030272906
0.040741059
0.013459917
0.0072542739
0
0.026375301
0.021451332
0.038294441
0.034825249
0.046900247
0.015450665
0.0083103463
0
0.030276709
0.02457024
0.043973227
0.039894003
0.053738755
0.017654787
0.0094658793
0
0.0345957
0.027997535
0.050259859
0.045475767
0.061273187
0.020056858
0.010722426
0
0.039335101
0.031753254
0.057171008
0.051608624
0.069559608
0.022685856
0.012088968
0
0.044542581
0.035879467
0.064766656
0.058349292
0.078677689
0.025583324
1.6961358e-18
0.050273115
0.073131636
0.051315525
0.059634949
0.068920065
0.079230868
0.090573425
0.10303342
0.11671556
0.13177293
0.049280731
0.057278853
0.0661841
0.076062151
0.086947173
0.0989237
0.11210461
0.12663628
0.045382981
0.05274061
0.06092839
0.070009068
0.0800258
0.091058551
0.1032102
0.11661741
0.039765052
0.046191069
0.053342997
0.06128256
0.070048469
0.079701271
0.090331919
0.10206196
0.014453869
0.042910765
0.069832326
0.094218299
0.016264122
0.048328977
0.078700803
0.10620621
0.018319842
0.054511599
0.08882842
0.11987481
0.020725365
0.06172792
0.10063906
0.13577729
0.02359773
0.070362014
0.11474709
0.15469929
0.027049495
0.080807032
0.13187768
0.17756082
0.14842846
0.16709977
0.18831093
0.21291194
0.24225062
0.2780136
0.14273243
0.1608254
0.18139235
0.20523571
0.23354678
0.26768252
0.13148829
0.14821518
0.1672274
0.1892657
0.21536029
0.24663923
0.11507613
0.12972339
0.14639204
0.16573754
0.18864968
0.21607744
0.0050683678
0.014985731
0.024294501
0.032651429
0.0058734912
0.017364864
0.028172586
0.03789654
0.0067685132
0.020012009
0.032483897
0.043734302
0.0077674531
0.022969434
0.037292407
0.05022936
0.0088759118
0.026241982
0.042615359
0.057410275
0.010081641
0.029829807
0.048466807
0.065313373
0.011386746
0.033764736
0.054895843
0.074005095
0.012835104
0.038104218
0.061980367
0.08358939
0
0.14037317
0.3
0.047785731
0
0.099693715
0.21213203
0.033734331
0
1.1027677e-17
1.0191455e-17
8.9371224e-18
7.055623e-18
4.2333738e-18
7.6753144e-19
5.7328971e-19
4.1789633e-19
2.9358162e-19
1.9412985e-19
1.1456844e-19
5.0919305e-20
0.15784835
0.17751478
0.20007506
0.22665718
0.259174
0.12455326
0.11028273
0.097198729
0.085268902
0.074399865
0.064511687
0.055691603
0.13767503
0.12984762
0.11706171
0.027460745
0.053937915
0.078361512
0.29434688
0.27716386
0.24912195
0.11238598
0.12666227
0.14296935
0.16201416
0.18477267
0.16714741
0.11480503
0.057964752
0.046780715
0.044035966
0.039633104
0.088304665
0.077993663
0.068638757
0.060148858
0.052445978
0.045527894
0.039309719
0.009368743
0.018331571
0.026556125
0.010893965
0.012593925
0.014497589
0.016632504
0.018976177
0.021538151
0.024347557
0.021333557
0.024669588
0.028398978
0.032578905
0.037180634
0.042239714
0.047802423
0.030922896
0.035783376
0.041207246
0.04727061
0.053958937
0.061318356
0.069414803
0.15496223
0.14627314
0.13193101
0.17451128
0.16481331
0.14867871
0.19690016
0.1860303
0.16782256
0.22330105
0.21096311
0.19022877
0.25525348
0.24091538
0.21701045
0.030912381
0.03478279
0.03919448
0.044381298
0.050603854
0.060767393
0.068447905
0.077231586
0.087524142
0.099874766
0.088336641
0.099548169
0.11236356
0.12734659
0.14531294
0.054542351
0.051349909
0.046205816
0.063196142
0.059503955
0.053537015
0.072827441
0.068559689
0.061683842
0.083474574
0.078588161
0.07072398
0.095160689
0.089611086
0.080672785
0.1079953
0.101737
0.091631324
0.12211161
0.11509935
0.1037156
6.3634912e-19
0.0054767002
0.010107578
0.0047086917
6.7041058e-19
0.0063352108
0.011720214
4.9559302e-19
0.0072908021
0.013518544
3.5573897e-19
0.0083627236
0.015536536
2.4385573e-19
0.0095391069
0.017776532
1.5434914e-19
0.010821133
0.020224703
8.274387e-20
0.012215517
0.022906171
2.5459652e-20
0.013772968
0.025859041
0.016190136
0.01978702
0.013916978
0.018722565
0.022953384
0.021553522
0.026479203
0.024717869
0.030429768
0.028205418
0.034815803
0.032032663
0.039641825
0.036240895
0.04494846
0.040889138
0.050787944
0.026248906
0.028673149
0.022545792
0.030369015
0.033280193
0.034967362
0.038416652
0.04010085
0.044152215
0.045771446
0.050518936
0.052011598
0.057536708
0.058877272
0.065257628
0.066462023
0.073765931
0.035272544
0.036436378
0.03027831
0.040839065
0.042324227
0.047043742
0.048887292
0.053947552
0.05618875
0.061572449
0.064272478
0.069972385
0.073185175
0.079225817
0.083009917
0.08945876
0.093842018
0.13963562
0.14606793
0.15715017
0.14883773
0.13437661
0.13782247
0.15135159
0.12403911
0.12428025
0.13978713
0.10889947
0.10585569
0.12276628
0.16443996
0.17689408
0.16741443
0.15526038
0.17051311
0.14004962
0.15753864
0.11930737
0.13837659
0.18533659
0.19957748
0.18846413
0.17506244
0.19250593
0.15792624
0.17787701
0.13453921
0.15623065
0.20960753
0.22632499
0.21292141
0.19803826
0.21838693
0.1786216
0.20173147
0.15214796
0.17711127
0.23859434
0.25878602
0.24228662
0.22531538
0.2495034
0.20307805
0.23022297
0.1729284
0.20196234
0.27394097
0.29860381
0.27870627
0.25827322
0.28718636
0.23242968
0.26440655
0.19789173
0.23158692
8.4101284e-18
0.01550616
0.029136162
1.0609566e-17
0.017432947
0.032789133
9.5642889e-18
0.019653622
0.036915503
7.9963727e-18
0.022236495
0.041692434
5.6444984e-18
0.025344826
0.047368901
2.1166869e-18
0.028909546
0.054173101
0.046053191
0.057255013
0.051856397
0.064492993
0.058498339
0.072692435
0.066289113
0.082190207
0.075607521
0.093442194
0.08674097
0.10702768
0.074912095
0.083201859
0.084424641
0.093771142
0.095306991
0.10573787
0.1080476
0.11958056
0.12329513
0.13595028
0.14173629
0.15574051
0.10086198
0.11369324
0.12835889
0.14550828
0.16597891
0.19070265
0.047482047
0.050541345
0.055352276
0.051607212
0.045603714
0.047580266
0.053177546
0.04201631
0.042818274
0.048992759
0.036843358
0.042945453
0.058736541
0.064134139
0.059956961
0.055301994
0.061621459
0.04975946
0.056771721
0.04975338
0.067870113
0.073916215
0.069289245
0.063901819
0.071005862
0.057493392
0.065415366
0.057325117
0.078003487
0.084724072
0.07966325
0.073435266
0.081380835
0.06607767
0.074982464
0.065724819
0.089155378
0.096579292
0.09106636
0.08394461
0.092782847
0.075556786
0.085515254
0.074985666
0.10140257
0.10959683
0.10354359
0.09550618
0.10532693
0.085998487
0.097119428
0.085195455
0.11487057
0.12387509
0.11721484
0.10824236
0.11912899
0.097511473
0.10990161
0.096450072
0.12967881
0.13224486
0.12227279
0.11020619
0.0050812837
0.0058936126
0.0067986962
0.0078113599
0.0089380163
0.010167009
0.011499888
0.012974459
0.015021685
0.017420547
0.020095913
0.023092629
0.026417663
0.030072118
0.034084272
0.038505747
0.024345674
0.028251002
0.032600913
0.037464085
0.042863287
0.048813793
0.055359019
0.062571322
0.032704542
0.037977075
0.04385293
0.05040259
0.057660829
0.06566639
0.074482363
0.084207898
0.14812155
0.14259326
0.13166119
0.11561626
0.16671307
0.16062925
0.14838405
0.13032803
0.18783784
0.18112757
0.16735788
0.14699852
0.21237223
0.20490391
0.18931887
0.1662538
0.24175048
0.23322553
0.2153451
0.18899688
0.27777511
0.26752647
0.24661444
0.21620326
0.014617313
0.016443318
0.018505839
0.020896981
0.023729834
0.027104322
0.043394744
0.048866101
0.055062661
0.062235453
0.070743753
0.080962385
0.070558946
0.079521424
0.089677389
0.10141828
0.11532438
0.13210931
0.094987805
0.10707916
0.12077359
0.13658871
0.15528433
0.17778764
0.051305721
0.049282316
0.045404319
0.039806371
0.05961869
0.057280933
0.052772849
0.04625332
0.068892557
0.066185423
0.060974926
0.053433831
0.079187188
0.076061256
0.070074914
0.061414081
0.090505517
0.086938057
0.080113754
0.070235498
0.10293085
0.098897744
0.091169751
0.079960303
0.11656413
0.11205633
0.10334968
0.090680695
0.13155977
0.12655983
0.11678747
0.1025124
