MFEM mesh v1.0

#
# MFEM Geometry Types (see mesh/geom.hpp):
#
# POINT       = 0
# SEGMENT     = 1
# TRIANGLE    = 2
# SQUARE      = 3
# TETRAHEDRON = 4
# CUBE        = 5
#

dimension
2

elements
13
3 3 1 0 2 3
3 3 3 2 4 5
3 3 5 4 6 7
3 3 0 8 9 2
3 3 2 9 10 4
3 3 4 10 11 6
3 3 12 14 15 13
3 3 14 16 17 15
3 3 16 18 19 17
3 3 18 20 21 19
3 3 11 10 14 12
3 3 10 9 16 14
3 3 9 8 18 16

boundary
16
3 1 3 1
3 1 5 3
3 1 7 5
3 1 15 13
3 1 17 15
3 1 19 17
3 1 21 19
10 1 1 0
10 1 6 7
10 1 0 8
10 1 11 6
10 1 13 12
10 1 18 20
10 1 20 21
10 1 12 11
10 1 8 18

vertices
22

nodes
FiniteElementSpace
FiniteElementCollection: H1_2D_P4
VDim: 2
Ordering: 0

0.81905581
0.8111136
0.75598716
0.7501139
0.67653907
0.6726585
0.5733541
0.5712436
0.8468396
0.78135255
0.699425
0.59216284
0.53625958
0.4767167
0.64750062
0.5922423
0.74302638
0.7022395
0.82791897
0.8070894
0.90502511
0.9068875
0.81750374
0.81474917
0.81227979
0.80849194
0.78814579
0.76721302
0.75481257
0.75274353
0.75093518
0.80097891
0.7813552
0.76110304
0.74288891
0.71744891
0.69087098
0.67567483
0.6742339
0.67310449
0.73763063
0.7130133
0.68701744
0.65995108
0.62730967
0.59240315
0.57275837
0.57185996
0.57133954
0.65700256
0.625388
0.59081687
0.82376162
0.83281679
0.84198535
0.83559544
0.81425329
0.79274093
0.76027483
0.7685113
0.77688476
0.76745652
0.74083888
0.71372338
0.68040484
0.68783079
0.69538791
0.68138557
0.64674945
0.61102568
0.57656222
0.58268199
0.58887026
0.55578571
0.59256461
0.6286115
0.63839069
0.62112743
0.60286725
0.49825133
0.5373391
0.57397565
0.52620993
0.50747423
0.48800982
0.66423249
0.69589319
0.72687511
0.7364559
0.72375374
0.71012884
0.61276177
0.6497192
0.68467678
0.75767975
0.78569339
0.81343909
0.82459822
0.81812372
0.81113177
0.72159009
0.7567615
0.79013534
0.84122114
0.86642283
0.89168545
0.90504703
0.905205
0.90598571
0.82528322
0.8586566
0.89056888
0.69072957
0.67391917
0.65659202
0.58290875
0.56475371
0.54610223
0.77483054
0.76228721
0.74957044
0.84354312
0.8372898
0.83110863
0.80211476
0.80445256
0.80703352
0.7824031
0.78451478
0.78683158
0.76199778
0.76388406
0.76600504
0.73836253
0.73996102
0.74181604
0.71362833
0.71494519
0.71651668
0.6874804
0.68859912
0.69001488
0.65730978
0.65810269
0.65923501
0.62550959
0.62594965
0.62675517
0.59084531
0.59116713
0.59188844
0.81306475
0.82188219
0.83083825
0.79253565
0.8010106
0.8096473
0.77150576
0.77978801
0.78823218
0.74700055
0.75495617
0.76309728
0.72133551
0.72889169
0.73666371
0.69467955
0.70207066
0.70965558
0.66349315
0.67040693
0.67754424
0.63047738
0.63671984
0.64322725
0.5954667
0.60147072
0.60768272
0.54544149
0.58287255
0.61922774
0.52717037
0.56377412
0.601564
0.50848203
0.54635585
0.58236828
0.65493953
0.68775267
0.71966631
0.63891887
0.67173199
0.70596494
0.62198746
0.6574342
0.69096387
0.75130669
0.78044094
0.80939897
0.74019716
0.7704431
0.801626
0.72816946
0.76162089
0.79339361
0.8385287
0.86483396
0.89114615
0.83354956
0.86211208
0.89031503
0.8282342
0.85983909
0.8900962
0.6011427
0.637167
0.67244826
0.58370104
0.61900099
0.6550866
0.56545709
0.60181921
0.6373768
0.70496201
0.73285468
0.76044406
0.68930258
0.71787256
0.74696922
0.67294135
0.70363723
0.73351544
0.78665061
0.80924862
0.83171703
0.77538278
0.79989024
0.82439381
0.7637914
0.79068497
0.81716429
0.14499369
0.1280254
0.28387551
0.2674233
0.43230487
0.4177114
0.57615295
0.564039
0.16750863
0.30868884
0.45905571
0.60683588
0.74788601
0.8982333
0.61755932
0.7861814
0.46787138
0.6367062
0.3083141
0.4553728
0.13948117
0.2475512
0.14229231
0.13698763
0.13128011
0.16898403
0.21451987
0.25994617
0.2810983
0.27583381
0.27041717
0.15225605
0.1980629
0.24355694
0.30979576
0.35871394
0.40701728
0.42968228
0.42487917
0.42018996
0.29379823
0.3434221
0.39229736
0.45799829
0.50603005
0.55237026
0.57370491
0.56947136
0.56577343
0.44411803
0.4932443
0.54041769
0.14891453
0.15626088
0.16359924
0.19195981
0.23825545
0.28439873
0.28811179
0.2961737
0.3043291
0.33488296
0.384307
0.43329289
0.43675957
0.44537083
0.45424804
0.48503803
0.53387592
0.58172293
0.58118193
0.59100147
0.60124588
0.72595223
0.68379997
0.64057606
0.64673817
0.7022996
0.75749773
0.88083724
0.8451743
0.80696287
0.77379436
0.82354867
0.87312196
0.59203434
0.54339137
0.49407963
0.49703376
0.55237127
0.60766048
0.76146067
0.7132826
0.66337534
0.44041385
0.38834175
0.33601027
0.33380386
0.38197027
0.43004016
0.60609365
0.5471455
0.48726437
0.27893504
0.22338417
0.1682814
0.1589879
0.19549272
0.23035197
0.42004706
0.352278
0.28388226
0.48634961
0.53815808
0.59000854
0.63131063
0.67744392
0.72344278
0.33610411
0.3881113
0.44021285
0.19176351
0.23782381
0.28395559
0.15533483
0.16092628
0.16625505
0.20097626
0.20642635
0.21175941
0.2464769
0.2518798
0.25717268
0.29661384
0.30185583
0.30704731
0.34602767
0.35099106
0.35602366
0.39477739
0.39951996
0.40438095
0.44641403
0.45082848
0.45544997
0.4952571
0.49924546
0.50358549
0.54217985
0.54582947
0.54997849
0.17296889
0.18046704
0.18796959
0.21860509
0.22634041
0.23411649
0.26412681
0.2720786
0.28011079
0.3140424
0.32217151
0.33044431
0.36299605
0.37125505
0.37973288
0.41138335
0.41984185
0.42856851
0.46243429
0.47110064
0.48012436
0.51052895
0.51940866
0.52875473
0.55709638
0.56645112
0.5763152
0.7520476
0.71124958
0.66914167
0.80297091
0.76301023
0.7235746
0.8541524
0.81656583
0.77715649
0.62084838
0.57239391
0.52313845
0.67670885
0.62732424
0.57845058
0.73236033
0.68358521
0.63335834
0.46874715
0.4155217
0.36205612
0.52317592
0.4671372
0.41141489
0.57744283
0.51954738
0.46062859
0.30338599
0.24585727
0.18879695
0.34966673
0.28818486
0.22718368
0.39575558
0.3302421
0.26458889
0.6060757
0.559316
0.51173587
0.65369541
0.60785631
0.56240085
0.70094752
0.65759591
0.6131899
0.4603664
0.4114798
0.36223104
0.5124696
0.46324953
0.41412378
0.5644953
0.51572033
0.466233
0.31122186
0.26406558
0.2167609
0.36230552
0.3131295
0.26385496
0.41339267
0.36237819
0.31105536
