MFEM mesh v1.0

#
# MFEM Geometry Types (see mesh/geom.hpp):
#
# POINT       = 0
# SEGMENT     = 1
# TRIANGLE    = 2
# SQUARE      = 3
# TETRAHEDRON = 4
# CUBE        = 5
#

dimension
2

elements
56
1 3 0 7 37 36
1 3 7 8 38 37
1 3 8 9 39 38
1 3 9 3 10 39
1 3 1 35 40 11
1 3 11 40 41 12
1 3 12 41 42 13
1 3 13 42 10 3
1 3 2 20 43 14
1 3 20 21 44 43
1 3 21 22 45 44
1 3 22 5 26 45
1 3 14 43 46 15
1 3 43 44 47 46
1 3 44 45 48 47
1 3 45 26 27 48
1 3 15 46 49 16
1 3 46 47 50 49
1 3 47 48 51 50
1 3 48 27 28 51
1 3 16 49 23 4
1 3 49 50 24 23
1 3 50 51 25 24
1 3 51 28 6 25
1 3 4 23 52 19
1 3 23 24 53 52
1 3 24 25 54 53
1 3 25 6 34 54
1 3 19 52 55 18
1 3 52 53 56 55
1 3 53 54 57 56
1 3 54 34 33 57
1 3 18 55 58 17
1 3 55 56 59 58
1 3 56 57 60 59
1 3 57 33 32 60
1 3 17 58 7 0
1 3 58 59 8 7
1 3 59 60 9 8
1 3 60 32 3 9
1 3 5 31 61 26
1 3 31 30 62 61
1 3 30 29 63 62
1 3 29 1 11 63
1 3 26 61 64 27
1 3 61 62 65 64
1 3 62 63 66 65
1 3 63 11 12 66
1 3 27 64 67 28
1 3 64 65 68 67
1 3 65 66 69 68
1 3 66 12 13 69
1 3 28 67 34 6
1 3 67 68 33 34
1 3 68 69 32 33
1 3 69 13 3 32

boundary
34
4 1 0 7
4 1 7 8
4 1 8 9
4 1 9 3
4 1 1 11
4 1 11 12
4 1 12 13
4 1 13 3
2 1 14 2
2 1 15 14
2 1 16 15
2 1 4 16
2 1 19 4
2 1 18 19
2 1 17 18
2 1 0 17
1 1 2 20
1 1 20 21
1 1 21 22
1 1 22 5
1 1 5 31
1 1 31 30
1 1 30 29
1 1 29 1
1 1 1 35
2 1 36 0
5 1 37 36
5 1 38 37
5 1 39 38
5 1 10 39
5 1 35 40
5 1 40 41
5 1 41 42
5 1 42 10

vertices
70

nodes
FiniteElementSpace
FiniteElementCollection: H1_2D_P2
VDim: 2
Ordering: 0

3.6739404e-18
0.038093634
0
0.026524399
0
0.018197743
0.016663266
0.0075257999
0.014763137
0.021213181
0.030373963
0.037340464
0.035033077
0.031285643
0
0
0
0
0
0
0.0044616844
0.0089867805
0.013595988
0.0045927061
0.0090260535
0.013149971
0.018093775
0.017772527
0.017276969
0.032752875
0.027669777
0.022824426
0.023569604
0.020813555
0.018419826
0.043265094
0
0.0084795852
0.016670858
0.024082572
0.042412754
0.039846414
0.03569657
0.004427846
0.0089166622
0.013498127
0.0043562118
0.0087455057
0.013226447
0.0043514592
0.0086460614
0.01289263
0.0050991166
0.010015211
0.014567241
0.0057758955
0.011377665
0.016565736
0.0065906045
0.012975679
0.018791878
0.022560113
0.027239813
0.03214949
0.02181197
0.025993232
0.030370289
0.020588059
0.023892896
0.027436448
0.0037665057
0.0079896052
0.0042457196
9.184851e-19
0.011212601
0.015695758
0.012642547
0.018116085
0.022626742
0.020502856
0.024012295
0.028442518
0.027370566
0.040638757
0.043053463
0.03983575
0.037910992
0.041340971
0.037403451
0.036378237
0.037951409
0.03346037
0.033323494
0.03314896
0.02898165
0.002226578
0.0044527042
0.0022100113
0
0.0067134723
0.0089684648
0.0066614538
0.011283526
0.013570913
0.011197445
0.015909849
0.018173983
0.015805712
0.0043923537
0.0021764767
0
0.0088375054
0.0065436874
0.013379892
0.010972249
0.017957897
0.015505893
0.0043357493
0.0021799014
0
0.0086680501
0.0065076824
0.013053845
0.010769061
0.01754364
0.015084629
0.0044292154
0.0023085452
0
0.008743773
0.0068375444
0.012867869
0.011135449
0.016982507
0.014991625
0.0048239934
0.0025624079
0
0.0094662162
0.007590394
0.013751733
0.012349336
0.017446474
0.016663009
0.0054178745
0.0028948915
0
0.010659588
0.0086130576
0.015530772
0.014042297
0.019559389
0.018870948
0.0061680114
0.0032975468
0
0.012153071
0.0098312656
0.017655114
0.015979854
0.022157107
0.021350876
0.0070430333
9.184851e-19
0.013843972
0.019974117
0.025033439
0.020485352
0.022756475
0.020298535
0.02521875
0.027560128
0.024873463
0.030180007
0.032600372
0.029662861
0.035391038
0.034706384
0.022243668
0.019770479
0.026717052
0.023883267
0.031405454
0.028150672
0.032662374
0.021262617
0.018921844
0.025058966
0.022221369
0.029044964
0.025627901
0.029323569
0.019675624
0.022462639
0.025577043
0.0039997202
0.011909534
0.019287118
0.025673598
0.040440443
0.038820914
0.035603533
0.031041896
0.0022221518
0.0066997409
0.011261202
0.015883436
0.00219302
0.0066048442
0.011096357
0.01567709
0.0021687309
0.0065008005
0.010846149
0.015297754
0.002222485
0.0066068157
0.010830692
0.014872739
0.0024263097
0.0071774242
0.011667907
0.015702393
0.002718955
0.0080725937
0.013153853
0.017722351
0.0030882294
0.0092013558
0.014986881
0.020083187
0.0035235208
0.010500888
0.017020065
0.02266051
0.020437295
0.025130359
0.030048647
0.035219634
0.020074766
0.024457263
0.02902999
0.03385249
0.019390832
0.023148484
0.027019421
0.031145601
0.018377172
0.021031031
0.023980953
0.027246683
0.038105865
0
0
0.026534519
0.018203222
1.8369702e-18
0.016667951
0.037352575
0.035044908
0.031297044
0.030386295
0.0075286514
0.01476877
0.021221302
0.0044628819
0.0089892691
0.013599939
0.032762955
0.027678129
0.022831307
3.2146978e-18
2.7554553e-18
2.2962127e-18
0.018099184
0.017777742
0.017281888
0.0045940725
0.0090287274
0.013153812
4.5924255e-19
9.184851e-19
1.3777276e-18
0.023577528
0.02081993
0.018425147
1.2032155e-18
0.043279822
0.04242746
0.039861034
0.035710633
0.0084834471
0.01667822
0.024092689
0.0044290618
0.0043574971
0.0043528471
0.0089191553
0.0087480495
0.0086487507
0.013502042
0.013230282
0.012896434
0.022566877
0.021818363
0.020593865
0.02724801
0.026000951
0.023899997
0.032159413
0.030379775
0.027445399
0.0051004634
0.0057774632
0.0065926888
0.010017896
0.011380822
0.012979854
0.014571253
0.016570587
0.018798091
0.037923189
0.039849095
0.043068183
0.040652165
0.036390221
0.037416641
0.041355655
0.033335149
0.033473072
0.037965857
0.028992598
0.028453639
0.033162306
1.0026796e-18
0.0042476691
0.0079929745
0.0037679352
0.012648233
0.015702262
0.01121686
0.020511702
0.022635812
0.018123024
0.027381802
0.024021443
2.525834e-18
0.002210616
0.0044539062
0.0022271712
2.9850766e-18
0.0021771217
0.0043935968
2.525834e-18
0.0021806006
0.0043370875
2.0665915e-18
0.0023092315
0.0044306213
0.0066632953
0.0089709541
0.0067152975
0.0065456051
0.0088400139
0.0065097377
0.0086706597
0.0068395766
0.0087465057
0.011200628
0.013574854
0.011286725
0.010975426
0.013383769
0.010772338
0.013057651
0.011138728
0.012871743
0.015810384
0.018179443
0.015914576
0.015510423
0.017963224
0.015088974
0.017548713
0.014995948
0.016987231
0.020304624
0.022763329
0.020491536
0.019776281
0.022250277
0.018927191
0.021268736
0.017451391
0.019681158
0.02488092
0.027568443
0.025226347
0.023890285
0.026725044
0.02222775
0.02506637
0.019565175
0.022469469
0.029671872
0.032610414
0.03018918
0.028159207
0.031415183
0.025635858
0.029054191
0.022164189
0.025585634
0.034717336
0.035402135
0.032672957
0.029333665
0.025042356
1.6073489e-18
0.0025630818
0.0048253232
1.1481064e-18
0.0028956749
0.0054192972
6.8886382e-19
0.0032985894
0.0061698004
2.2962127e-19
0.0070454773
0.0075924118
0.0094688496
0.008615414
0.010662441
0.0098343929
0.012156674
0.01384883
0.012352683
0.013755586
0.014046287
0.01553514
0.015985073
0.017660577
0.019981222
0.016667758
0.018876618
0.021357966
0.040453832
0.038834198
0.035616559
0.031053972
0.0040014143
0.011914521
0.019294995
0.025683701
0.002222748
0.002193641
0.0021694045
0.0022231932
0.00670157
0.0066067137
0.0065027858
0.0066089004
0.011264396
0.011099531
0.010849357
0.010834026
0.015888148
0.0156817
0.015302192
0.014877045
0.020443456
0.020080733
0.019396422
0.018382258
0.025137923
0.024464534
0.02315519
0.021037159
0.030057781
0.029038793
0.027027664
0.0239886
0.035230693
0.033863276
0.031155964
0.027256364
0.0024269751
0.0027196665
0.0030891232
0.0035247461
0.0071794127
0.0080747289
0.0092040451
0.010504545
0.011671167
0.013157441
0.014991418
0.017026091
0.015706846
0.017727505
0.020089497
0.022668545
