MFEM mesh v1.0

#
# MFEM Geometry Types (see mesh/geom.hpp):
#
# POINT       = 0
# SEGMENT     = 1
# TRIANGLE    = 2
# SQUARE      = 3
# TETRAHEDRON = 4
# CUBE        = 5
#

dimension
3

elements
16
1 5 0 1 5 4 15 16 20 19
1 5 1 2 6 5 16 17 21 20
1 5 2 3 7 6 17 18 22 21
1 5 4 5 9 8 19 20 24 23
1 5 5 6 10 9 20 21 25 24
1 5 6 7 11 10 21 22 26 25
1 5 8 9 13 12 23 24 28 27
1 5 9 10 14 13 24 25 29 28
1 5 15 16 20 19 30 31 35 34
1 5 16 17 21 20 31 32 36 35
1 5 17 18 22 21 32 33 37 36
1 5 19 20 24 23 34 35 39 38
1 5 20 21 25 24 35 36 40 39
1 5 21 22 26 25 36 37 41 40
1 5 23 24 28 27 38 39 43 42
1 5 24 25 29 28 39 40 44 43

boundary
40
6 3 30 31 35 34
6 3 31 32 36 35
6 3 32 33 37 36
6 3 34 35 39 38
6 3 35 36 40 39
6 3 36 37 41 40
6 3 38 39 43 42
6 3 39 40 44 43
5 3 0 15 19 4
5 3 4 19 23 8
5 3 8 23 27 12
5 3 15 30 34 19
5 3 19 34 38 23
5 3 23 38 42 27
2 3 0 1 16 15
2 3 15 16 31 30
2 3 1 2 17 16
2 3 16 17 32 31
2 3 2 3 18 17
2 3 17 18 33 32
10 3 4 5 1 0
10 3 5 6 2 1
10 3 6 7 3 2
10 3 8 9 5 4
10 3 9 10 6 5
10 3 10 11 7 6
10 3 12 13 9 8
10 3 13 14 10 9
10 3 3 7 22 18
10 3 7 11 26 22
10 3 11 10 25 26
10 3 13 12 27 28
10 3 10 14 29 25
10 3 14 13 28 29
10 3 18 22 37 33
10 3 22 26 41 37
10 3 26 25 40 41
10 3 28 27 42 43
10 3 25 29 44 40
10 3 29 28 43 44

vertices
45

nodes
FiniteElementSpace
FiniteElementCollection: H1_3D_P1
VDim: 3
Ordering: 0

0
0.25
0.5
0.75
0
0.25
0.5
0.75
0
0.25
0.5
0.75
0
0.25
0.5
0
0.25
0.5
0.75
0
0.25
0.5
0.75
0
0.25
0.5
0.75
0
0.25
0.5
0
0.25
0.5
0.75
0
0.25
0.5
0.75
0
0.25
0.5
0.75
0
0.25
0.5
0
0
0
0
0.25
0.25
0.25
0.25
0.5
0.5
0.5
0.5
0.75
0.75
0.75
0
0
0
0
0.25
0.25
0.25
0.25
0.5
0.5
0.5
0.5
0.75
0.75
0.75
0
0
0
0
0.25
0.25
0.25
0.25
0.5
0.5
0.5
0.5
0.75
0.75
0.75
0.5
0.5
0.5
0.5
0.5
0.5
0.5
0.5
0.5
0.5
0.5
0.5
0.5
0.5
0.5
0.75
0.75
0.75
0.75
0.75
0.75
0.75
0.75
0.75
0.75
0.75
0.75
0.75
0.75
0.75
1
1
1
1
1
1
1
1
1
1
1
1
1
1
1
