FiniteElementSpace
FiniteElementCollection: ND_3D_P1
VDim: 1
Ordering: 0

0.01222316
-0.0017901814
0.028660882
-0.00029983309
0.011090734
-0.011232193
0.023175466
-0.0074927943
0.055045237
0.049613607
0.050469309
0.05941272
-0.0044313122
-0.055493208
0.0011635162
-0.049020931
-0.0032285613
-0.057125548
0.0035913961
-0.051739833
0.068064007
0.069285302
0.067699191
0.06588606
0.0088363673
0.0029548258
0.020150863
0.0037975895
0.0033428572
-0.0022158812
0.014001498
-0.0032915001
0.045023932
0.052254343
0.062937207
0.054544389
0.04621436
0.015247004
0.050739977
0.016935035
0.042813767
-0.0053030529
0.049066596
-0.0044179003
0.064573713
0.073631152
0.069701976
0.06101139
0.030778296
-0.050965809
0.040598786
-0.051285625
0.028630902
-0.059245651
0.038894175
-0.059621854
0.046180355
0.054519652
0.05297378
0.044566036
0.038154305
-0.046433553
0.045415425
-0.04349734
0.039850555
-0.054234558
0.045516492
-0.050753263
0.0066579555
0.015321385
0.014909399
0.0070743798
-0.043661764
-0.0047115922
-0.035715635
-0.0049216424
-0.040486535
-0.016960116
-0.032841192
-0.016060035
0.03271232
0.031346933
0.026407483
0.028455618
-0.038838578
-0.0490852
-0.031381877
-0.04717516
-0.039618113
-0.056404073
-0.032023843
-0.054867435
0.037764912
0.031039197
0.03149683
0.038472458
-0.041554235
-0.062557493
-0.033284539
-0.062948172
-0.041639172
-0.058966806
-0.033142223
-0.059878268
0.03710934
0.02693206
0.032184571
0.04216404
-0.03852024
-0.065353043
-0.029580137
-0.06596582
-0.036488736
-0.065038133
-0.026262542
-0.066703669
0.055867581
0.054767091
0.056818533
0.05656719
-0.084140522
-0.057332871
-0.07525107
-0.064482529
-0.084635011
-0.044540337
-0.076302641
-0.050853658
0.062975356
0.058826087
0.061558628
0.06623977
-0.040897397
-0.034203481
-0.032004081
-0.035343082
-0.040582555
-0.022615232
-0.031672123
-0.023393243
0.03940068
0.026660764
0.031032874
0.04362298
-0.035601858
-0.046513708
-0.022329291
-0.05130439
-0.036812663
-0.034995581
-0.023069206
-0.040434686
0.072740965
0.068525841
0.069956998
0.073158293
-0.0042719787
-0.009676557
0.011167254
-0.0081157773
0.0022556957
-0.022617429
0.016768495
-0.021214147
0.025937243
0.018523783
0.017183876
0.02289183
0.042004821
-0.014630478
0.048211708
-0.015483401
0.046043825
-0.018622215
0.052310128
-0.019175364
0.035011718
0.031461221
0.038293548
0.041432936
0.056902006
-0.0054547572
0.059392639
0.00034721576
0.049948194
-0.014802194
0.0544908
-0.012192139
0.067837616
0.058663482
0.060301878
0.06732196
0.00098871005
-0.033949201
0.0062996749
-0.027318226
-0.0020165884
-0.040672356
0.0025616408
-0.033640896
0.060284487
0.057769342
0.058568442
0.062182203
0.012561864
-0.054044057
0.024362392
-0.051090454
0.013027413
-0.062376488
0.024670091
-0.058988981
0.036553431
0.026691671
0.024721311
0.034585999
0.049332897
-0.039021985
0.055421682
-0.038831832
0.049346233
-0.045904848
0.055451511
-0.045625648
0.036142698
0.026429557
0.028850434
0.038641267
0.033173191
-0.042842615
0.041918615
-0.045256202
0.030318917
-0.050138972
0.039856074
-0.052856399
0.062916057
0.059486355
0.060300974
0.062933132
-0.0054391762
-0.034807589
0.00055195353
-0.033878654
-0.0013469734
-0.038669851
0.0043314747
-0.036965585
0.039396388
0.049531729
0.044711623
0.03470156
0.030136653
-0.064945406
0.040149439
-0.06549111
0.032614758
-0.061716179
0.042238959
-0.062448972
0.028332648
0.037971828
0.0386007
0.028753734
0.0085741152
-0.074561304
0.022271849
-0.071917561
0.0060519275
-0.072416189
0.020769195
-0.07057761
0.055271256
0.044504266
0.04193944
0.052727683
0.050404497
-0.056943201
0.056720154
-0.056793466
0.050769266
-0.056150858
0.057167425
-0.056132934
0.048578782
0.038275302
0.038559692
0.048902912
0.033142776
-0.059397543
0.043396963
-0.060922682
0.037300771
-0.057780395
0.047272322
-0.058693034
0.061556255
0.064027137
0.064395938
0.062069108
0.0017289211
-0.047455962
0.013848518
-0.048081182
0.0029291539
-0.039783773
0.016732479
-0.042572818
0.069125992
0.070219466
0.066791749
0.064939822
-0.00099328276
-0.045376072
0.015167356
-0.045865906
-0.0023727332
-0.031575371
0.013509983
-0.03265259
0.057389481
0.04665714
0.042953986
0.053711813
0.049089284
-0.040877509
0.055890084
-0.041537133
0.047918174
-0.032615915
0.054935119
-0.033637397
0.04680651
0.036985273
0.036245045
0.045752203
0.0051899786
-0.0059111654
0.021807493
-0.0036866287
0.008243933
-0.018616888
0.021593323
-0.015130795
0.042249421
0.034042208
0.030730595
0.040323643
0.035072001
-0.0086323516
0.044901696
-0.0056419237
0.033053784
-0.014750394
0.042315791
-0.012745635
0.041878061
0.031993506
0.035837524
0.045201497
0.041750347
-0.0019509116
0.051141802
0.0020272453
0.03408146
-0.010317481
0.043120401
-0.0077810955
0.063528242
0.0530535
0.056077329
0.066511322
0.0082510122
-0.019366971
0.017172692
-0.014244363
0.0046191268
-0.026846139
0.011336517
-0.020827313
0.056280288
0.051760458
0.053459754
0.060076919
0.0094863125
-0.029159878
0.020382188
-0.024644315
0.0092554633
-0.038364387
0.018453934
-0.033046158
0.045097683
0.03710325
0.035912744
0.04502632
0.030625169
-0.021639857
0.039578948
-0.020343953
0.027924362
-0.029113391
0.036770163
-0.028220691
0.045967264
0.036622704
0.038674693
0.047671735
0.026598464
-0.018885729
0.035575476
-0.017495439
0.019839
-0.027370303
0.028941255
-0.026713506
0.06256415
0.055029899
0.05648492
0.063922438
0.0016854149
-0.067478753
0.010941929
-0.061826725
0.00092169251
-0.066993712
0.011356918
-0.062344344
0.067644312
0.062995553
0.060995488
0.06608772
0.021669119
-0.056872075
0.032398743
-0.055853218
0.023095571
-0.056361433
0.034538027
-0.05566931
0.064345004
0.059001352
0.057627645
0.063049677
0.010580765
-0.05500678
0.021792946
-0.054321223
0.013984799
-0.055120753
0.025793672
-0.05467543
0.06374525
0.065929854
0.064583242
0.062175823
-0.0015484045
-0.056402845
0.0068477661
-0.052640273
0.00020617224
-0.053144931
0.010427769
-0.051460015
0.069291083
0.070897377
0.068537641
0.065924253
0.00050172252
-0.063236045
0.012276074
-0.060013773
0.00030238418
-0.056166166
0.01344517
-0.054723895
0.069892853
0.065893236
0.06367789
0.067889435
0.025085608
-0.053059842
0.037209922
-0.052960893
0.027252505
-0.047169799
0.039937509
-0.047872412
0.065828489
0.061414484
0.059554885
0.064137464
0.018357599
-0.053001496
0.0307395
-0.053087771
0.023092272
-0.048732428
0.035956141
-0.04958202
0.063198786
0.066350921
0.064708801
0.061406737
0.013059944
0.00089271446
0.02757002
0.001950704
0.0089160101
-0.0044756305
0.020170968
-0.002629545
0.05664995
0.057581471
0.065296014
0.066672407
0.03968327
0.005888253
0.048777584
0.0092333787
0.030851407
-0.005491052
0.040130627
-0.0037933124
0.073658042
0.071038566
0.074202862
0.077097667
0.030582955
0.011663454
0.03942367
0.01276858
0.024667915
-0.0029803244
0.034509432
-0.0032630761
0.061335814
0.070355241
0.07395717
0.064753982
-0.0024938805
-0.0085823251
0.0074251174
-0.011209769
-0.0074823874
-0.01449893
0.0017103324
-0.017890293
0.044691931
0.051861201
0.059711456
0.052139743
0.0035607237
-0.010271079
0.012311168
-0.0082482811
-0.0017059346
-0.016184319
0.0051008424
-0.01390392
0.056469227
0.057970731
0.063762992
0.063721831
0.021949152
-0.016477595
0.031525592
-0.01612063
0.014012733
-0.026502339
0.023917159
-0.026972499
0.067999125
0.067239858
0.068644079
0.069520559
0.018198802
-0.016610595
0.028850258
-0.017976836
0.012431948
-0.028233616
0.023618824
-0.030203674
0.056586611
0.064361383
0.065960168
0.05810979
0.054642666
0.0062414173
0.057406737
0.011457994
0.047433214
-0.009515412
0.052448236
-0.0071077066
0.076893011
0.074549123
0.072191775
0.073342916
0.057453794
0.0049579034
0.055337599
0.010443124
0.055120983
-0.012867645
0.055616318
-0.010160686
0.067086182
0.067554045
0.061312875
0.059033633
0.053004315
0.014394212
0.053189272
0.016080826
0.052984273
-0.0078760248
0.054515452
-0.0063564852
0.054686989
0.062875201
0.054160632
0.046551784
0.038457083
-0.023717603
0.046251145
-0.023457092
0.034194318
-0.039092202
0.04319745
-0.03922459
0.057088254
0.064940904
0.061926629
0.054117738
0.040159968
-0.024202004
0.047168316
-0.023977475
0.03368147
-0.037101065
0.04232343
-0.038336945
0.068714028
0.068316448
0.066644133
0.066132679
0.052123504
-0.029350944
0.054863358
-0.028812659
0.049120608
-0.043786039
0.053655294
-0.044788557
0.062384612
0.064035103
0.06090429
0.058082573
0.051696722
-0.027826096
0.054530178
-0.026450205
0.049891469
-0.044727431
0.053835225
-0.043485594
0.049911192
0.057633326
0.052790955
0.045209429
0.028683701
-0.047669471
0.038551178
-0.049686011
0.025607808
-0.055560964
0.036294225
-0.057813419
0.060398409
0.063267536
0.06257199
0.059164492
0.04670445
-0.055512367
0.052542683
-0.057459413
0.045319952
-0.0640046
0.051967713
-0.066371455
0.058018464
0.062025257
0.061779284
0.057251291
0.048191087
-0.057987591
0.05297729
-0.056898613
0.047037284
-0.067215908
0.052385191
-0.066329021
0.042939455
0.051466136
0.050393681
0.041753778
0.027885473
-0.064103931
0.038279072
-0.064493313
0.028460849
-0.065871592
0.038748001
-0.066303821
0.035530178
0.044716651
0.044453304
0.035112961
0.024630228
-0.06062388
0.035763134
-0.062743376
0.025679786
-0.062879499
0.036934456
-0.064669974
0.052826983
0.058965199
0.059116172
0.052758515
0.045212231
-0.06894138
0.052200283
-0.071298015
0.046407041
-0.070244011
0.053305207
-0.072260223
0.053733653
0.060220961
0.062212631
0.055772165
0.046672369
-0.072257457
0.052326692
-0.071642367
0.047151226
-0.073196842
0.052893878
-0.072924658
0.035634414
0.04524102
0.047194219
0.037296719
0.035927297
-0.050569186
0.044712249
-0.048886652
0.035496837
-0.058859511
0.043881707
-0.057011865
0.025550952
0.036196101
0.034752634
0.024510258
0.050987501
-0.054296657
0.054375555
-0.050597869
0.049942016
-0.06381094
0.053301094
-0.060056753
0.023262652
0.033225668
0.032062713
0.022186552
0.050668603
-0.046501923
0.053672475
-0.042943163
0.049350107
-0.055703087
0.05129482
-0.051561872
0.0066918426
0.014069829
0.013067822
0.0056686992
0.041569833
-0.059503494
0.045561395
-0.056053681
0.042887902
-0.062290508
0.045297323
-0.059148163
0.0022396524
0.0088616072
0.0089088514
0.0030065247
0.035480342
-0.063831183
0.04328747
-0.062139076
0.035798942
-0.065872399
0.04295953
-0.064537904
0.017002181
0.02607407
0.025597935
0.016649956
0.049052039
-0.06954463
0.052404731
-0.066292209
0.048418677
-0.071506203
0.051820098
-0.06915793
0.016583274
0.025808664
0.026961477
0.017051901
0.048016844
-0.062382051
0.049062677
-0.0584093
0.046580005
-0.066188843
0.047018067
-0.062941346
0.002722836
0.0086750108
0.0083524046
0.0015369182
-0.047830747
0.00025924181
-0.038814937
-0.0030890615
-0.041247658
-0.016186157
-0.032290185
-0.017020908
0.030164843
0.027152145
0.021451405
0.024733115
-0.029269697
-0.00091738921
-0.019422847
-0.0030233925
-0.022988171
-0.016208706
-0.013182434
-0.015765491
0.019752045
0.015624889
0.010242846
0.015482412
-0.026709027
-0.0039502209
-0.016382744
-0.003817244
-0.023605056
-0.014362016
-0.012192364
-0.012434438
0.02576075
0.022556974
0.019968483
0.024889056
-0.038878259
-0.028818804
-0.031414331
-0.027184047
-0.038462956
-0.03971695
-0.031057165
-0.037752225
0.036022454
0.031645976
0.029086068
0.033979685
-0.03821659
-0.030912393
-0.029398711
-0.030043632
-0.038167011
-0.04330408
-0.029451415
-0.041546098
0.026537667
0.019616377
0.016045497
0.023461458
-0.019932414
-0.030372034
-0.0092093049
-0.02891451
-0.019432783
-0.042920335
-0.0071100937
-0.041738929
0.019924756
0.011843924
0.0071878051
0.01587095
-0.021870948
-0.026191985
-0.0093490125
-0.023118182
-0.021170263
-0.03863359
-0.0076854047
-0.03500817
0.032184956
0.026410049
0.023460222
0.030511609
-0.040273815
-0.052982874
-0.0316244
-0.05100987
-0.043620824
-0.059791264
-0.035048258
-0.058039893
0.02296042
0.013342412
0.012930363
0.023035258
-0.020814697
-0.053381826
-0.006589048
-0.053360533
-0.0234076
-0.061381265
-0.007342729
-0.062928186
0.022222426
0.011624151
0.0089804402
0.020056091
-0.021162334
-0.050629796
-0.0069602462
-0.046958446
-0.021526564
-0.061069973
-0.0069225846
-0.057732232
0.038761999
0.031236536
0.029812235
0.038270762
-0.040471294
-0.061250394
-0.032678265
-0.060303425
-0.041159231
-0.063339993
-0.033132462
-0.06307637
0.037899353
0.029319405
0.032657167
0.041233035
-0.047309827
-0.063739273
-0.038880608
-0.062382962
-0.050539759
-0.064952229
-0.042362191
-0.063933305
0.019249001
0.0082874362
0.010668824
0.022254908
-0.026562998
-0.066668615
-0.0090424522
-0.069722876
-0.029679757
-0.069125021
-0.011327065
-0.073234187
0.024520387
0.012254862
0.012254938
0.025337803
-0.021996779
-0.068936872
-0.0073408159
-0.066163712
-0.022385511
-0.073433823
-0.008022985
-0.071307633
0.044180228
0.035366361
0.036823674
0.04624167
-0.052672019
-0.063632772
-0.044870402
-0.062728888
-0.053290326
-0.06003026
-0.045973739
-0.05893779
0.015669611
0.004536495
0.0085769074
0.020571374
-0.03223708
-0.068757244
-0.013813412
-0.073208567
-0.033832237
-0.065685578
-0.016120156
-0.069670853
0.025251401
0.012170074
0.014493646
0.028959082
-0.022597304
-0.074084824
-0.0088281288
-0.072566445
-0.02262597
-0.070796251
-0.0096661077
-0.069774554
0.047270413
0.037335177
0.041701702
0.051859285
-0.041484486
-0.052797024
-0.032798406
-0.054023102
-0.041204344
-0.044402647
-0.032383918
-0.045703311
0.036907644
0.025266297
0.030866054
0.042226396
-0.052248019
-0.054409058
-0.045478617
-0.052830662
-0.049690538
-0.047017956
-0.043460124
-0.044739998
0.013381591
0.0029055461
0.0070490538
0.01858848
-0.034218244
-0.060127513
-0.01790147
-0.062918558
-0.033339795
-0.052375408
-0.018890939
-0.053486181
0.024174477
0.01119293
0.014696307
0.029500086
-0.022531761
-0.063870221
-0.010484253
-0.063221389
-0.022398695
-0.053962254
-0.011241225
-0.053602286
0.048007658
0.036942748
0.042871943
0.053704182
-0.038045256
-0.063683133
-0.029450484
-0.064546262
-0.036753529
-0.061383728
-0.02726485
-0.063191808
0.051312768
0.045384483
0.049755517
0.054634839
-0.020054726
-0.069586895
-0.0096863306
-0.065854248
-0.017750815
-0.067252821
-0.008310192
-0.063818108
0.058626046
0.054432518
0.059008091
0.063062315
-0.020699018
-0.06189543
-0.012185576
-0.058112245
-0.016963325
-0.060002692
-0.0091276822
-0.056297804
0.05880176
0.059972427
0.064175012
0.062648354
-0.035257809
-0.061748762
-0.023804565
-0.064534377
-0.034982734
-0.055519671
-0.022484407
-0.05938721
0.062988929
0.06037039
0.062354216
0.06365035
-0.036015376
-0.056163217
-0.025684707
-0.058854593
-0.035974654
-0.048266282
-0.024943705
-0.051678509
0.055045989
0.047093917
0.051587793
0.05836271
-0.015936436
-0.06130113
-0.0071065219
-0.058515945
-0.014878901
-0.052412476
-0.0063076296
-0.05057582
0.062141236
0.056523001
0.061480999
0.066115942
-0.013914717
-0.055324646
-0.0063123517
-0.052220699
-0.011910821
-0.048410672
-0.0041341467
-0.046334458
0.064932575
0.064867541
0.06779523
0.066852923
-0.078321411
-0.043807532
-0.070201585
-0.050067117
-0.078511717
-0.033528975
-0.070914306
-0.038419207
0.05169328
0.042275236
0.043663623
0.053805878
-0.0599692
-0.039367106
-0.048481549
-0.045611765
-0.06098234
-0.027988735
-0.049562206
-0.033427949
0.056158864
0.045627091
0.048191578
0.058674939
-0.06336303
-0.053015545
-0.049708816
-0.060607993
-0.0647474
-0.040319223
-0.051147915
-0.047715433
0.069144061
0.064204712
0.066574514
0.071377222
-0.082983276
-0.028269669
-0.075770995
-0.033242915
-0.078954135
-0.0088748184
-0.073336196
-0.012108519
0.059662792
0.059164746
0.065330192
0.067545941
-0.076730119
-0.020828481
-0.070179857
-0.023844048
-0.072684337
-0.0057173574
-0.067626388
-0.006544052
0.055822447
0.050087562
0.052178275
0.059982323
-0.061058772
-0.014417567
-0.050130671
-0.018562014
-0.059724045
0.0011980788
-0.049576551
-0.0012982016
0.063863964
0.054340806
0.056659928
0.06724901
-0.065175212
-0.024404695
-0.052208192
-0.031076151
-0.064222398
-0.0056466715
-0.05234292
-0.011100807
0.074630649
0.070892655
0.07529193
0.080003235
-0.046045108
-0.03806735
-0.04027143
-0.035013024
-0.041971061
-0.027718341
-0.036524765
-0.023965406
0.01465186
0.0053463409
0.0079150791
0.018480046
-0.031364233
-0.042768561
-0.018955782
-0.042077576
-0.0287006
-0.031662129
-0.018154696
-0.029469636
0.023151749
0.010931887
0.014012652
0.028178283
-0.022278468
-0.041982064
-0.011871902
-0.041897719
-0.022132962
-0.028946244
-0.012249421
-0.029196745
0.04837504
0.036210026
0.041667176
0.053176233
-0.040156738
-0.0099787147
-0.031264148
-0.010254572
-0.039349605
0.0034864549
-0.030477846
0.0037744998
0.046630074
0.0338603
0.036154375
0.04926883
-0.038275351
-0.016084189
-0.033040136
-0.011848789
-0.035732285
-0.0032875678
-0.030757862
0.0012161938
0.022586739
0.015358968
0.014695731
0.023788293
-0.025999676
-0.019399432
-0.01679509
-0.016395266
-0.024156309
-0.0062460669
-0.015457536
-0.003403128
0.026146914
0.014855456
0.015761832
0.029190616
-0.021791456
-0.01580343
-0.012153776
-0.016494776
-0.020922173
-0.0032706187
-0.011243216
-0.0045265568
0.05221951
0.039329926
0.042805558
0.05490585
-0.036576232
-0.038063567
-0.025046698
-0.041940831
-0.037517906
-0.025983852
-0.02569982
-0.030003545
0.061261455
0.051312167
0.054846853
0.063792013
-0.014628022
-0.041529005
-0.0059922631
-0.040823598
-0.014927881
-0.02967373
-0.0059873274
-0.03012075
0.066088874
0.058538319
0.06200622
0.067905632
-0.011063383
-0.039925413
-0.0027942087
-0.039127018
-0.011167838
-0.030519994
-0.0022063707
-0.031030932
0.072652735
0.070787654
0.070923764
0.071293238
-0.038088732
-0.021301049
-0.024138877
-0.027021677
-0.038752863
-0.0058006101
-0.024749442
-0.011377693
0.083008108
0.078104152
0.079060068
0.083310998
-0.03824308
-0.012445249
-0.026287499
-0.016261792
-0.037987736
0.0021975398
-0.025916397
-0.0010982556
0.069919383
0.059100736
0.061474878
0.071644978
-0.015170884
-0.017749916
-0.0057958691
-0.019190251
-0.014415803
-0.0064029976
-0.0045722888
-0.0085321264
0.072173575
0.06343811
0.064528272
0.071238004
-0.011679223
-0.020700004
-0.0019339927
-0.022338502
-0.011756446
-0.01080358
-0.0011932972
-0.013233957
0.080890503
0.078028604
0.074986003
0.07597848
-0.0093998059
-0.0075582203
0.0039926352
-0.0097752445
-0.0024862866
-0.021522085
0.011743826
-0.022711505
0.011932587
0.0058538587
0.0096297307
0.013135332
0.015340191
-0.0047516554
0.025445107
-0.0090392066
0.022930244
-0.014975549
0.032495168
-0.016242862
0.01711077
0.014515264
0.020170654
0.02273414
0.023854739
-0.010788192
0.034009011
-0.01049597
0.028643843
-0.016613268
0.038263314
-0.016091145
0.024622298
0.019943099
0.025091121
0.029117782
0.0072883326
-0.03407094
0.02069718
-0.032332244
0.010705461
-0.044517903
0.023135803
-0.042182916
0.028502865
0.019778957
0.018800676
0.027009722
0.0038643658
-0.035184225
0.017849424
-0.034772466
0.0091477662
-0.047810877
0.02270036
-0.04602105
0.011102582
0.0023609133
0.0043056851
0.011330351
0.028071808
-0.02588774
0.036580714
-0.024511606
0.031896496
-0.03673217
0.039304858
-0.03342105
0.012955261
0.0062234185
0.0082845472
0.015471296
0.03171683
-0.023561807
0.040756991
-0.022685185
0.033414677
-0.031376153
0.041940118
-0.030082608
0.027862054
0.020024512
0.022616375
0.030254318
0.034858303
-0.0045509828
0.043786211
-0.011079754
0.041278971
-0.013288362
0.049542585
-0.016714793
0.029179114
0.026174108
0.032057659
0.035828417
0.052107652
-0.0032116703
0.059431207
-0.010598303
0.057106118
-0.01255651
0.063500508
-0.017189896
0.042156592
0.037316033
0.041430003
0.047652955
0.052912484
-0.015102147
0.056268905
-0.016720588
0.057240188
-0.020058134
0.060862905
-0.021365483
0.047796217
0.045032482
0.051181409
0.053635823
0.04823616
-0.024553002
0.05444056
-0.02479862
0.049134178
-0.03163174
0.055260291
-0.031618499
0.033575878
0.026021489
0.029848283
0.037385138
0.04446055
-0.022813741
0.052031169
-0.02393664
0.046245688
-0.032370404
0.053126567
-0.031927906
0.018533061
0.01049972
0.012782966
0.021862305
0.059060717
-0.022135553
0.064988184
-0.024932376
0.059702298
-0.031305622
0.06534217
-0.032939449
0.025221041
0.01498535
0.016931387
0.028387399
0.059483499
-0.026644394
0.063315994
-0.027705166
0.060394023
-0.03392755
0.064437088
-0.034861167
0.041342729
0.033798293
0.037611694
0.045161496
0.051537311
-0.013950864
0.055394461
-0.010434257
0.04935864
-0.018567716
0.054343552
-0.017024664
0.04910086
0.040887555
0.046256049
0.052811446
0.056961464
-0.015655177
0.056732833
-0.012307432
0.057511811
-0.021328618
0.059110806
-0.02018574
0.055897554
0.051380927
0.055880721
0.058147993
0.059164219
-0.0072574685
0.056867732
-0.0012289056
0.056882276
-0.01819935
0.057393741
-0.015656665
0.065080684
0.060796462
0.060196324
0.061479611
0.043405807
-0.024559231
0.049667644
-0.024391422
0.0376672
-0.034117951
0.045325629
-0.035608644
0.064320046
0.057756937
0.058755242
0.063912062
0.046987996
-0.024812145
0.052824604
-0.024708608
0.044536948
-0.032012954
0.051055476
-0.032865144
0.04982049
0.041548489
0.044830792
0.052120261
0.057169114
-0.028415789
0.060116588
-0.028938992
0.056296668
-0.036121786
0.060260869
-0.037840706
0.054325945
0.048190204
0.051353103
0.056245923
0.054176553
-0.029313292
0.056922888
-0.029484714
0.051493129
-0.039907862
0.055957586
-0.042024097
0.062859952
0.059406931
0.059678481
0.061346029
0.0080231192
-0.046666026
0.016194338
-0.040750824
0.0062812379
-0.05411226
0.014015878
-0.047815646
0.052606251
0.045344737
0.044023543
0.052279624
0.025267638
-0.036766878
0.034175234
-0.035998251
0.023038666
-0.044027509
0.032172146
-0.043184777
0.052098688
0.043499481
0.043970314
0.052437594
0.014325452
-0.035404505
0.02367848
-0.035071136
0.010482793
-0.0425795
0.020183078
-0.042250596
0.062894277
0.058820302
0.059028285
0.06299554
-0.0039918635
-0.046783477
0.00043297087
-0.039585701
-0.0047734578
-0.05188536
7.5804698e-06
-0.044838469
0.064816071
0.064495053
0.063979251
0.064479727
0.0044606021
-0.060424896
0.012278821
-0.054003465
0.0028733311
-0.065090192
0.011225433
-0.058862143
0.061254338
0.055299662
0.053503145
0.060217193
0.02158153
-0.05022869
0.031106177
-0.04923311
0.021113079
-0.054701165
0.031182152
-0.053607138
0.059063947
0.052010303
0.051368748
0.058422939
0.0085738661
-0.04848059
0.018706711
-0.04798428
0.008658516
-0.052726157
0.019301038
-0.052059359
0.063552958
0.063034805
0.062316999
0.062669132
0.012970062
-0.058557607
0.026491705
-0.056169096
0.015071258
-0.066663961
0.029234037
-0.064688602
0.01601635
0.0045410914
0.0061429356
0.015076032
0.035050885
-0.04663349
0.041615715
-0.042276924
0.037757728
-0.05476949
0.043890075
-0.050253696
0.014967656
0.007120917
0.0078383733
0.015637981
0.034148002
-0.039502184
0.042327357
-0.037824831
0.034310135
-0.047189549
0.042386683
-0.045252977
0.033888422
0.024118969
0.024763584
0.034467823
0.012337703
-0.068995914
0.024312024
-0.065498204
0.010760579
-0.073264695
0.023474107
-0.070029298
0.046910604
0.036379589
0.033843661
0.044437091
0.015369226
-0.071596132
0.030824337
-0.070966213
0.013984922
-0.073130939
0.031126942
-0.074437885
0.023947868
0.0097451979
0.011873894
0.022671994
0.039911471
-0.060491658
0.046039517
-0.056533797
0.041201176
-0.063396147
0.047662697
-0.060430774
0.021930981
0.013133314
0.013733424
0.021788612
0.034192852
-0.053606924
0.042437664
-0.05159963
0.033940639
-0.05796929
0.042597259
-0.056101665
0.042677871
0.032210859
0.031694822
0.042037747
0.047742253
-0.041223177
0.053959825
-0.039869929
0.049406826
-0.048736677
0.054994307
-0.046994847
0.016978124
0.0084977034
0.0091980112
0.018832496
0.060061066
-0.039586216
0.065394231
-0.0405115
0.060544831
-0.046605659
0.065454576
-0.04711347
0.021015963
0.0099629036
0.010767241
0.023325044
0.060649317
-0.041107934
0.064886281
-0.042020002
0.060754766
-0.047539005
0.065115068
-0.048482609
0.041641823
0.03173494
0.034779472
0.044800476
0.049502801
-0.051544485
0.055664663
-0.051253343
0.049896625
-0.055353311
0.056133447
-0.0551102
0.042559184
0.032242994
0.033634162
0.044040428
0.05117089
-0.054407551
0.056176882
-0.05264223
0.052616432
-0.057879771
0.057128084
-0.056305401
0.022221274
0.013877032
0.013736263
0.023116672
0.061109839
-0.052066819
0.065485286
-0.052346734
0.061450619
-0.05573053
0.06527134
-0.05592843
0.024309184
0.013449654
0.013127463
0.025613009
0.060990443
-0.052729633
0.06535319
-0.05369913
0.061407917
-0.056340007
0.065634024
-0.057288623
0.046139068
0.035552587
0.03765056
0.048455642
0.042314061
-0.039421551
0.049407139
-0.040804185
0.040710314
-0.046271885
0.048293324
-0.047834512
0.05342653
0.045394182
0.047576397
0.055006066
0.055345388
-0.043662745
0.060064969
-0.046146736
0.054749679
-0.050333423
0.059969538
-0.053174515
0.056988951
0.050231904
0.053032538
0.059116319
0.049317019
-0.049272039
0.055015779
-0.052589174
0.048076689
-0.056762949
0.054539186
-0.060589783
0.06317592
0.061430253
0.062729902
0.063644039
0.029363419
-0.055520003
0.039409879
-0.058080707
0.030363455
-0.058655474
0.040646323
-0.060768129
0.062294712
0.062227682
0.062923394
0.062697327
0.040070369
-0.051860482
0.04804994
-0.053341473
0.040581492
-0.055624241
0.048837284
-0.05685643
0.058597292
0.051755573
0.053067427
0.059614127
0.054826589
-0.055566658
0.060262736
-0.058377863
0.055704082
-0.058973974
0.061041381
-0.061400745
0.061296593
0.055021443
0.05724394
0.063338532
0.04805488
-0.061887233
0.05481397
-0.065610523
0.049327192
-0.064358687
0.055922132
-0.067462912
0.063932258
0.064346267
0.066270574
0.065853161
-0.0069295166
-0.042995203
-0.0028028022
-0.038044353
-0.0040357828
-0.046573811
0.00081697415
-0.042054012
0.057908943
0.064186519
0.061024629
0.0537245
0.0056343168
-0.053826987
0.016642846
-0.053578356
0.0097044192
-0.054314748
0.020874948
-0.054050002
0.050450251
0.058298368
0.056405601
0.048270477
0.0091572731
-0.053635261
0.019405794
-0.054050302
0.0125207
-0.053926617
0.022318324
-0.054020658
0.031427856
0.041192628
0.038900374
0.029289526
0.0024834265
-0.042398975
0.008241945
-0.040346454
0.0053794484
-0.045446635
0.011713232
-0.043449269
0.043993048
0.0525766
0.044858587
0.035775271
-0.00090879463
-0.048901246
0.0051079419
-0.045389389
0.0018817591
-0.049616162
0.00946324
-0.047584661
0.059799005
0.065469978
0.060619318
0.053348873
0.014640944
-0.053141191
0.02598961
-0.053123665
0.019823411
-0.050277834
0.031369126
-0.050731459
0.048905567
0.057059149
0.054956364
0.046444719
0.016244565
-0.053053709
0.025696197
-0.053004905
0.019857234
-0.050924903
0.029145791
-0.050903454
0.03050849
0.039765846
0.037032283
0.027699695
0.02847728
-0.062487739
0.039576418
-0.06389122
0.032585968
-0.059706443
0.043292922
-0.060750321
0.047435795
0.055685718
0.056338464
0.048144384
0.048723304
-0.06808173
0.055145714
-0.069517722
0.05181181
-0.062846253
0.057420763
-0.063535336
0.050432491
0.058363383
0.061533426
0.05410251
0.04837471
-0.070336878
0.054017815
-0.070456848
0.050134052
-0.064160527
0.055506612
-0.064678143
0.030707818
0.040878789
0.044675856
0.034156193
0.035562384
-0.056520908
0.044723051
-0.057481352
0.038638484
-0.049619376
0.047291523
-0.050786045
0.027015477
0.036449511
0.037816603
0.028214314
0.037463709
-0.054850117
0.047576034
-0.055589251
0.042509574
-0.048253367
0.051857782
-0.048717806
0.045911351
0.054389493
0.05531124
0.047176475
0.055210551
-0.055103689
0.059726621
-0.054935061
0.058405427
-0.045535329
0.06162852
-0.044444442
0.049991323
0.057527534
0.060698994
0.053963897
0.052157431
-0.055286218
0.05709769
-0.056147842
0.054152613
-0.044426706
0.058513643
-0.04551444
0.031040912
0.040863053
0.045193296
0.035146495
0.011238246
-0.071367197
0.030054998
-0.074694239
0.0076102706
-0.066673501
0.027642841
-0.071554816
0.030854101
0.014626883
0.016749215
0.029572197
0.041254753
-0.063346891
0.048233099
-0.061481858
0.039792107
-0.060454664
0.047303803
-0.059500674
0.028626983
0.018188245
0.018858743
0.028056759
0.033551822
-0.059658208
0.042785906
-0.058118476
0.032925838
-0.058318849
0.042796072
-0.057241093
0.05048469
0.039887447
0.038660884
0.049059738
0.0034546492
-0.06663825
0.019015793
-0.065667898
0.0010278392
-0.057416238
0.017094454
-0.057242985
0.058588375
0.047830602
0.045117615
0.055946323
0.0036782153
-0.059595584
0.024099129
-0.06511108
3.3154361e-05
-0.050742851
0.019832392
-0.055735821
0.033747862
0.016873687
0.017639533
0.0319828
0.03676812
-0.055019209
0.044702482
-0.054586824
0.032479772
-0.047448406
0.040680531
-0.047095304
0.030668311
0.018469095
0.019004456
0.029747846
0.031944715
-0.053920446
0.042405008
-0.053374576
0.030566209
-0.046768957
0.041497411
-0.046774931
0.053447617
0.042787791
0.041072083
0.05149445
0.053185209
-0.058950209
0.057351826
-0.057663762
0.052400436
-0.057565782
0.056443486
-0.056595566
0.02783206
0.018839015
0.018262871
0.027860634
0.061190077
-0.057414623
0.06457452
-0.057677615
0.060051832
-0.057003968
0.063257934
-0.057505414
0.028016844
0.017297811
0.016137571
0.028180273
0.061878001
-0.058171047
0.065853128
-0.059040084
0.062180069
-0.058145597
0.06584906
-0.058893122
0.049746421
0.039245354
0.040043309
0.050772734
0.050726937
-0.053031157
0.057223405
-0.05318543
0.050138983
-0.047820346
0.056765959
-0.048196129
0.050196472
0.039970821
0.039353594
0.049473486
0.050072147
-0.053810997
0.054271529
-0.053167818
0.046449892
-0.047884517
0.051104685
-0.047604234
0.029109731
0.019092177
0.018689014
0.028630714
0.057997763
-0.054466171
0.061373201
-0.055406641
0.05531489
-0.049867286
0.059205706
-0.05145136
0.028195339
0.017843493
0.016691967
0.027725269
0.062112389
-0.056282518
0.065490795
-0.056902199
0.061595473
-0.052667944
0.064753425
-0.053193477
0.049146568
0.039031671
0.038818038
0.049009581
0.042209024
-0.057199139
0.050590897
-0.05810362
0.044692767
-0.056447625
0.053032372
-0.057016593
0.062519338
0.057109364
0.057398391
0.062807258
0.05729665
-0.060359244
0.062213932
-0.062099316
0.059333879
-0.059702896
0.063544773
-0.060529189
0.063772206
0.058269481
0.059411109
0.065147485
0.051741401
-0.064121676
0.057734173
-0.066202708
0.054940424
-0.061338008
0.059943689
-0.062112112
0.063684902
0.065617456
0.067453725
0.066172255
0.042256948
-0.053996645
0.0517132
-0.054339402
0.047320658
-0.04835697
0.056066391
-0.048194002
0.060716165
0.063822837
0.06374572
0.061147105
0.047601658
-0.053450407
0.055734402
-0.053723551
0.050428811
-0.048466991
0.058219521
-0.048507278
0.063032225
0.058282232
0.057585525
0.062553458
0.061432901
-0.057121938
0.064728446
-0.056903642
0.063193599
-0.052817514
0.065474425
-0.051535282
0.062614551
0.057336469
0.057351956
0.063046237
0.058421707
-0.056343295
0.062134473
-0.05565369
0.061617692
-0.049585129
0.063863087
-0.047407881
0.062570297
0.064391459
0.065564205
0.064723864
0.00024036517
-0.04623398
0.01462863
-0.046770034
0.00036498096
-0.034448448
0.015688515
-0.036925798
0.068922096
0.064765659
0.061395026
0.065731147
0.029219436
-0.039197379
0.042259026
-0.040785489
0.030704186
-0.029890233
0.043819058
-0.032279834
0.063191532
0.058561643
0.056369148
0.061311367
0.027562447
-0.042545369
0.040734414
-0.044234353
0.031196112
-0.034799548
0.044403302
-0.037162834
0.062301112
0.064365589
0.062823803
0.060980967
0.0040357571
-0.030929983
0.018880249
-0.035204307
0.0056778691
-0.022036127
0.020318332
-0.02645645
0.069173438
0.070171068
0.06414504
0.063877776
0.00095054866
-0.0223606
0.016649307
-0.026444357
0.0025785554
-0.011972399
0.0177349
-0.01701011
0.068752996
0.064385956
0.057043233
0.061953047
0.031579208
-0.020127415
0.044427124
-0.023057352
0.031896001
-0.010774416
0.044075512
-0.013840541
0.057993178
0.052453326
0.049911745
0.05598807
0.033537806
-0.02593884
0.046389186
-0.028509042
0.034294733
-0.016435642
0.04625575
-0.018418769
0.06189984
0.061149948
0.060078305
0.061930857
-0.002811882
-0.040661745
0.015444382
-0.04405395
-0.0045141582
-0.029701647
0.011693198
-0.030872038
0.032807499
0.016634792
0.015052506
0.0297511
0.027612186
-0.038168394
0.035979026
-0.037569843
0.02320917
-0.027525137
0.031791877
-0.026642478
0.02786969
0.014864017
0.015410065
0.026870267
0.028901989
-0.037464209
0.040160262
-0.038026755
0.027259024
-0.026801499
0.038722452
-0.027959102
0.050678768
0.040148093
0.038214327
0.048398806
-0.0028573312
-0.017427104
0.012522855
-0.019226953
-0.0021577748
-0.0045453213
0.012723961
-0.0075891961
0.056742325
0.04582924
0.039168397
0.049374857
-0.0049750878
-0.017902357
0.0094268312
-0.017069952
-0.0043957087
-0.0048592674
0.0095427646
-0.0034760377
0.032134383
0.016804776
0.013378661
0.02691447
0.020580353
-0.015696849
0.029627733
-0.014911532
0.021127097
-0.0025493342
0.031093756
-0.0027719422
0.024478926
0.012871949
0.014414712
0.024059239
0.026132447
-0.015630966
0.03772848
-0.017510448
0.026146321
-0.0046754357
0.037856354
-0.0075546164
0.044746124
0.03525757
0.033461826
0.042242007
0.042286513
-0.040064522
0.047658681
-0.040235799
0.038791346
-0.030662041
0.045046711
-0.031439682
0.026421858
0.016171606
0.016775409
0.026240083
0.052638772
-0.043382221
0.057276144
-0.045776035
0.050906557
-0.035294304
0.056298702
-0.038574577
0.026110491
0.017002242
0.016787804
0.025905521
0.060741808
-0.047429633
0.063765951
-0.047925224
0.05987503
-0.040719624
0.062821112
-0.041260739
0.045066619
0.035787697
0.035455238
0.044602883
0.047186203
-0.023437579
0.054446312
-0.024918395
0.047579604
-0.013682768
0.055082422
-0.015747308
0.041177843
0.033025331
0.033343793
0.040994098
0.037475193
-0.019963763
0.044634926
-0.021574673
0.039919375
-0.0081676364
0.047840511
-0.010926791
0.0247806
0.01683862
0.019292184
0.02595753
0.051242329
-0.025980117
0.057098511
-0.030090831
0.054797097
-0.01589619
0.06048929
-0.020618246
0.02710405
0.021183731
0.022185317
0.027928253
0.059494577
-0.032707977
0.062344541
-0.033358372
0.060194414
-0.023589042
0.06282672
-0.024379545
0.041277421
0.033973415
0.034632383
0.041758694
-0.0093581653
-0.026092876
-0.010262787
-0.022936907
0.0038717935
-0.039365821
0.0010717363
0.012498712
-0.034092939
0.0096168529
-0.001665514
0.0067695458
-0.05517682
-0.050004919
-0.051622395
-0.059499195
-0.0093592307
-0.019078194
-0.042894612
-0.042306262
0.020747092
-0.028828092
0.017866799
-0.043680754
-0.053764966
0.01505943
-0.062827674
0.0017032973
-0.0055469367
0.0014749916
-0.0070240694
0.057321831
-0.015652816
0.054327675
0.057557168
-0.018173342
0.055274638
0.051346592
0.052962133
-0.068922703
-0.070487622
-0.068498806
-0.066074102
0.00078866744
-0.0092287606
-0.069305137
-0.067549329
0.055096812
-0.0215273
0.0539329
-0.065632424
-0.066476914
0.052707333
-0.063554927
-0.01135635
-0.024354432
-0.0063550274
-0.017308111
-0.0063288639
-0.035690735
-0.0079648288
0.0028113265
-0.027976549
0.0023509959
-0.0088331577
0.0031362362
-0.045887141
-0.052663112
-0.061891297
-0.054306323
-0.00053260248
-0.0097766913
-0.056745101
-0.065410318
0.011981261
-0.019918786
0.012557504
-0.071041167
-0.067908776
0.014656421
-0.059881288
-0.050920243
-0.054420564
-0.045276091
-0.050831072
-0.011240572
-0.05537722
-0.015306041
0.0088143328
-0.054017519
0.0066525241
-0.017107418
0.0053370345
-0.061457277
-0.069610275
-0.066014966
-0.058024793
-0.039118607
-0.04651921
-0.072836781
-0.069684998
0.026939218
-0.051708315
0.026256046
-0.064636473
-0.060373166
0.025323947
-0.052636156
-0.029027256
-0.039021044
-0.026290018
-0.036971335
0.054480141
-0.047045083
0.055386761
0.063008208
-0.045758858
0.064163494
0.054899187
0.063820503
-0.040601273
-0.049381677
-0.048527047
-0.039635364
-0.02539057
-0.03640076
-0.056437844
-0.055832671
0.067857877
-0.045557128
0.069046616
-0.05583679
-0.048260522
0.068869813
-0.039170316
-0.037781313
-0.04583655
-0.038388243
-0.045468229
0.050095341
-0.05149977
0.046550926
0.058949648
-0.050361491
0.055114691
0.043070445
0.051056433
-0.0043991866
-0.012016775
-0.011908791
-0.0050953445
-0.039085118
-0.045071764
-0.021129075
-0.020488384
0.064649093
-0.04919681
0.061127754
-0.019891196
-0.011427316
0.057173037
-0.0048309076
0.046376224
0.037960349
0.04093437
0.032685801
0.0031291206
0.028769501
0.0044005976
0.016586545
0.023496406
0.015711458
0.0043563832
0.014156193
-0.034538496
-0.031578842
-0.027707415
-0.031290953
0.038144529
0.030023478
-0.028327215
-0.023902261
0.029739179
0.020592511
0.027493228
-0.019435614
-0.024267097
0.024944311
-0.028880728
0.038478003
0.0303861
0.040360168
0.032223419
0.052329335
0.019946154
0.04959491
0.060477868
0.021224289
0.058338939
0.046562995
0.055681679
-0.038009745
-0.030309741
-0.032277499
-0.040094923
0.04255851
0.034392348
-0.02112123
-0.022744544
0.06587123
0.022957206
0.064574985
-0.023490499
-0.03349609
0.06254132
-0.041702817
0.045938156
0.037872336
0.046503324
0.038581217
0.067462512
0.026270582
0.067630163
0.06367944
0.027306077
0.064133023
0.067016492
0.064082142
-0.036811311
-0.025881745
-0.03152188
-0.042193203
0.046194322
0.038459838
-0.014248998
-0.019520945
0.057161587
0.027738603
0.057532731
-0.024877966
-0.037366516
0.057863695
-0.047861507
0.037975999
0.029216154
0.036166849
0.026274991
0.064614192
0.020174089
0.063178041
0.063024758
0.016969701
0.062233005
0.061738378
0.061404846
-0.059018064
-0.05722567
-0.059324151
-0.059736532
0.035093249
0.024128403
-0.052906382
-0.056349742
0.058283526
0.014401044
0.058374653
-0.06041818
-0.062314933
0.05844873
-0.061625219
0.082337251
0.073321529
0.082699386
0.074243682
0.047852688
0.061785785
0.0555707
0.035859109
0.063033933
0.042690531
0.063355031
0.04990892
-0.061626191
-0.059169293
-0.063563097
-0.067157834
0.080909659
0.07359211
-0.053712803
-0.056798375
0.02099361
0.063298855
0.026367175
-0.05986346
-0.067604751
0.032471784
-0.072099022
0.043543595
0.036194668
0.041753836
0.0345468
0.037677141
0.026863133
0.037134641
0.025726251
0.025802942
0.024679291
0.037729545
0.025255573
-0.042319299
-0.029365135
-0.032738026
-0.045734038
0.04005233
0.03295627
-0.017594894
-0.020215357
0.012937171
0.024588714
0.011577078
-0.023844959
-0.036969649
0.012116471
-0.049580466
0.035545313
0.023019636
0.03666366
0.023742686
0.040959996
0.012222628
0.043108303
0.029511253
0.012424143
0.032544243
0.045415731
0.035872236
-0.077982438
-0.073248458
-0.074382818
-0.078295744
0.037676941
0.024564089
-0.06532908
-0.067393705
0.016969465
0.012765763
0.0206104
-0.068746628
-0.074225363
0.024691973
-0.076786595
0.0078019623
-0.0067099092
0.00056984389
-0.014077885
0.0086527099
-0.01882348
0.0094307678
0.018018162
-0.025813304
0.017897737
0.0085018922
0.016883548
-0.026436985
-0.018383754
-0.017567997
-0.024594803
-0.0055345605
-0.019632441
-0.010742839
-0.011624674
0.027683365
-0.030536323
0.026436209
-0.014464489
-0.019745415
0.025085746
-0.02611114
-0.037686279
-0.045209248
-0.043755007
-0.05093518
0.011383395
-0.051687142
0.015561003
0.017214839
-0.057074873
0.019747289
0.016859344
0.020753824
-0.034033624
-0.028290715
-0.033324554
-0.038910532
-0.047102551
-0.053876741
-0.022903263
-0.027550561
0.024529548
-0.059744847
0.025842403
-0.03201253
-0.038309591
0.026578971
-0.043774786
-0.055061393
-0.05805797
-0.050048429
-0.054698465
0.01199733
-0.058499064
0.0068016833
0.019097921
-0.057347486
0.016949041
0.00065247539
0.014303438
-0.065733079
-0.057826588
-0.059067217
-0.065213011
-0.045301452
-0.051281391
-0.049125719
-0.052011424
0.027247805
-0.055639688
0.027409482
-0.054523336
-0.059570314
0.027459426
-0.063532772
-0.004660961
-0.01113475
-0.0021073765
-0.008005348
0.036529819
-0.019590067
0.03347301
0.043718327
-0.016405422
0.040489588
0.03056776
0.037404932
-0.0626161
-0.061230213
-0.06136843
-0.063384569
-5.7093057e-05
-0.0059402959
-0.057017996
-0.056332029
0.049924536
-0.014619501
0.046567132
-0.055622612
-0.060986412
0.043319846
-0.063240928
-0.013303746
-0.026335991
-0.014776484
-0.027929948
0.046987497
-0.035769363
0.043943993
0.055337624
-0.037202796
0.052025998
0.04161721
0.049345036
-0.04171161
-0.031453616
-0.029109318
-0.039434408
-0.014708902
-0.028523392
-0.019853971
-0.018651267
0.06177835
-0.038116252
0.058703996
-0.018120465
-0.027887575
0.055916865
-0.038123265
-0.049828088
-0.055876485
-0.050642018
-0.056410733
0.040106059
-0.061360619
0.040148917
0.046906038
-0.061693224
0.046741381
0.040608377
0.047177886
-0.03908766
-0.028936509
-0.030844218
-0.041084947
-0.0514767
-0.057020325
-0.019128798
-0.020487343
0.052290898
-0.062055598
0.052084651
-0.02219394
-0.033284204
0.052528249
-0.043677811
-0.037515633
-0.045428997
-0.035193364
-0.043773778
0.043837567
-0.05210063
0.046557679
0.050825944
-0.051138482
0.053921722
0.049585494
0.0573684
-0.062581235
-0.060860575
-0.061631356
-0.062817011
-0.034350376
-0.043406285
-0.055982323
-0.057289957
0.056117372
-0.051158987
0.059108079
-0.059166558
-0.062958381
0.062417949
-0.063619323
0.0066052953
0.001996765
0.0030467449
-0.0018110173
0.04647794
-0.0063567082
0.045206801
0.048746822
-0.010195494
0.047255717
0.045112522
0.046568314
-0.041403503
-0.050888504
-0.044367011
-0.034698594
-0.00051105426
-0.0060558747
-0.058815276
-0.053285422
0.049963939
-0.014690136
0.04861804
-0.04926372
-0.039889579
0.047619192
-0.030276445
-0.028564889
-0.03940444
-0.0319876
-0.042435919
0.067242771
-0.04834369
0.068245483
0.06250865
-0.050886539
0.063396392
0.068587772
0.06407552
-0.026803677
-0.036429595
-0.037424727
-0.027597049
-0.036057255
-0.045962796
-0.046079009
-0.047073955
0.055455895
-0.053718139
0.056212858
-0.049713768
-0.040166925
0.057219095
-0.030045865
-0.010809849
-0.026898681
-0.0076424867
-0.02478052
0.066397561
-0.038115556
0.0648426
0.063902839
-0.036876601
0.063196926
0.062690059
0.061672733
-0.05763228
-0.046853515
-0.044274563
-0.055089469
-0.0042101805
-0.021954991
-0.03288415
-0.03145457
0.05824149
-0.034687072
0.058153909
-0.030359323
-0.042090073
0.057330869
-0.05271832
-0.052586457
-0.057875679
-0.052206628
-0.05751915
0.057403055
-0.062390017
0.057371295
0.056791057
-0.061896405
0.056934914
0.057813994
0.057365576
-0.050071604
-0.039801769
-0.03957432
-0.04982289
-0.050870047
-0.056348958
-0.029119991
-0.028820668
0.054069798
-0.060766104
0.054462808
-0.028590202
-0.039683993
0.054899637
-0.05002477
-0.037411408
-0.04679624
-0.040891718
-0.0501094
0.060181574
-0.054359783
0.061951285
0.058770625
-0.057107151
0.059635694
0.06387666
0.060566848
-0.061107929
-0.064184133
-0.064324149
-0.061585972
-0.045041207
-0.053879921
-0.063262245
-0.063145831
0.055258603
-0.060055031
0.055149724
-0.063648465
-0.065279926
0.055020789
-0.063160274
-0.00091641023
-0.01425336
-0.0016993612
-0.01641095
0.042539041
-0.02864059
0.044405357
0.033477501
-0.031396798
0.03676585
0.04617172
0.039909714
-0.069012685
-0.069881368
-0.065448621
-0.064356554
-0.0026876683
-0.01813103
-0.068388921
-0.06384457
0.023736341
-0.033133375
0.027915873
-0.060767956
-0.062812136
0.031820308
-0.061977282
0.0017599056
-0.015332564
0.0035840144
-0.01244277
0.039191047
-0.028268164
0.039366448
0.027156596
-0.025115528
0.027248465
0.039860272
0.028370601
-0.056523368
-0.045740552
-0.040915422
-0.051494807
0.0043228237
-0.010636261
-0.032052445
-0.02803985
0.014436268
-0.02311568
0.014771979
-0.025876448
-0.037680143
0.016663087
-0.047861189
-0.045937991
-0.052204354
-0.043533617
-0.050355813
0.042959829
-0.057277106
0.04414182
0.03506834
-0.055915148
0.036789781
0.044753396
0.037605488
-0.0440239
-0.034803647
-0.034433669
-0.043238149
-0.042443145
-0.049839815
-0.025041783
-0.025402736
0.025996455
-0.055824021
0.028325002
-0.025803061
-0.034361478
0.029426523
-0.04285502
-0.0003628442
-0.016522465
-0.0053973265
-0.019412266
-0.029592237
0.0064770695
-0.031151863
0.015023328
-0.034773009
-0.032964904
-0.0087187356
-0.020948467
-0.031681932
0.023225219
-0.034143836
-0.039623279
-0.040610162
0.013121311
-0.046920366
0.011414364
0.017293325
-0.047973605
0.016344364
0.0080982664
0.01461428
-0.03710107
-0.046184836
-0.040708553
-0.029563965
0.023116288
-0.04809135
0.022653533
-0.040957358
0.022071761
-0.048966524
-0.043195453
0.0036461624
0.012340848
-0.0013994687
0.0098158089
-0.055969654
-0.064943206
-0.037739989
0.021436289
0.020846115
-0.007273532
-0.014979041
0.028782561
-0.023863039
0.025853568
0.023049317
-0.058078155
-0.054480854
-0.055846694
-0.061024776
-0.048478678
-0.04841369
-0.048805044
-0.056766181
-0.062626999
-0.010413588
-0.021311301
0.033380474
-0.031332283
0.031337147
-0.040762101
-0.039637086
-0.010747338
-0.020816833
-0.031991023
-0.03035215
-0.030423496
0.039271414
-0.030405854
-0.039733031
-0.040075641
0.030072126
-0.047496265
0.029859491
0.030004772
-0.0409403
-0.049779437
-0.0390539
-0.031821064
0.037485776
-0.046579309
0.037341601
-0.03422858
-0.043015447
0.037840264
-0.051286745
-0.032796662
-0.041011452
0.030445974
0.031137475
-0.057555469
-0.063319369
-0.028702304
0.038837841
-0.058370529
0.040193684
-0.063439481
-0.0053022929
-0.016738137
-0.0035985685
-0.016114899
-0.027878494
0.060148218
-0.028190979
0.059725689
-0.06509036
-0.063026024
-0.0020471026
-0.015660789
-0.028665314
0.056242535
-0.060894519
-0.037998373
-0.038995933
0.056585871
-0.04677863
0.056276507
0.055797252
-0.048152412
0.055628079
0.056415298
0.055761969
-0.059252795
-0.064109379
-0.040120132
-0.051002059
0.052383661
-0.049588952
0.052473935
-0.058323656
0.052754598
-0.02673054
-0.029942826
0.056901027
0.056126685
0.057627028
0.056660235
-0.064936225
-0.061802059
-0.033959696
0.053161797
0.053666636
-7.8057402e-05
-0.011765579
0.049972238
-0.025195015
0.05025543
0.050456803
-0.06929374
-0.070699775
-0.067906454
-0.065508101
-0.069623441
-0.0672011
-0.06496218
-0.065604588
-0.062747217
-0.00070296048
-0.015284817
0.049852053
-0.029079354
0.049807096
-0.065622674
-0.063035818
0.00036566249
-0.014935919
-0.058339402
-0.055375555
-0.029277083
0.040935956
-0.052684
-0.060571289
-0.041064142
0.046615563
-0.050752804
0.047063773
0.047620993
-0.058533747
-0.063156622
-0.041611431
-0.050545542
0.038981793
-0.051418705
0.039849131
-0.049011846
-0.057028895
0.052698901
0.040748677
-0.061892037
-0.038176091
-0.049228681
0.048211333
0.048825734
-0.063961631
-0.061090431
-0.041963053
-0.052809858
0.041581838
-0.063044185
0.051770691
0.042353089
-0.060526887
-0.013452659
-0.029141194
-0.010601187
-0.022217866
-0.04184529
-0.0041755348
-0.032966276
0.0043755099
-0.05758625
-0.064467507
-0.0062416702
-0.014846911
-0.024226862
0.01291963
-0.069086872
-0.05107044
-0.042066399
-0.056754062
-0.0064429989
-0.04904796
0.0073668561
-0.010867162
0.005329436
-0.071303558
-0.07344434
-0.033422795
-0.041619289
0.02041522
-0.07123082
0.020248586
-0.044663259
-0.03751828
-0.014069067
0.0040177451
-0.015489639
0.0037023094
-0.070414882
-0.062227897
-0.03000354
0.020420727
0.02096304
0.0047957739
-0.0030098802
0.02043032
-0.012714476
0.021547553
0.024335213
-0.010843495
-0.019533427
-0.0023210479
-0.022863314
-0.042644253
-0.050652142
-0.056771925
-0.048717862
0.0087700312
-0.019278593
0.0021064476
-0.056198867
-0.061740703
0.027800101
-0.0072179555
0.028896816
-0.064661357
-0.060053708
0.0081915753
0.031727605
-0.052033438
-0.0015299654
-0.0079380488
-0.016430642
0.021040524
-0.0059905071
-0.022077047
-0.0005977882
-0.058728767
-0.063150516
0.0026605359
-0.0022588416
-0.010247152
0.028473389
-0.065467477
0.0078354296
-0.025849889
-0.035106045
0.032035414
0.033081148
-0.035196836
0.018042308
-0.035971284
-0.06615522
-0.065409027
-0.019956827
-0.030079818
0.04176413
-0.065687637
0.043394013
-0.064537394
-0.023236679
-0.033451555
0.034187846
0.035236217
-0.037463772
0.019612421
-0.039557824
-0.060876274
-0.052892508
-0.018025501
0.04491165
-0.059813667
0.046131551
-0.051836422
-0.059164038
-0.053716312
-0.05879937
-0.0056451225
-0.05611795
0.011479715
-0.069153856
-0.048239698
-0.052963499
0.027328187
-0.065503422
-0.056298204
-0.056485069
0.001125545
-0.052353153
-0.0044154129
0.015903536
-0.055165796
0.013383851
0.057073867
0.054333013
0.051695364
-0.0092776193
0.054256982
0.010909627
0.050287851
-0.060828938
-0.058462569
-0.055700568
-0.060968421
0.030061689
-0.056535878
0.0299442
-0.057901209
-0.055763
0.055454506
0.029360007
-0.051999837
-0.05418872
-0.054905663
-0.051362548
-0.012693897
-0.053753632
0.0087942427
0.044777318
0.051601354
-0.01400374
0.053811938
0.0073501032
0.037787747
-0.053571524
-0.046158756
-0.054467299
-0.054837707
0.028273274
-0.046558324
0.054755973
0.026751114
-0.039530325
-0.042352943
0.042350321
-0.049177132
0.042676241
0.042010243
-0.057519941
-0.049519959
-0.062622645
-0.060201569
-0.054640445
-0.046612169
-0.043321826
0.039436468
-0.049892539
0.041172662
-0.064495178
-0.039514045
-0.063225847
-0.047446941
0.052404152
-0.06283174
-0.062939689
-0.054484914
0.042937291
-0.056995518
0.044602629
0.059579335
0.057659044
0.055801751
0.04542105
0.053801691
-0.061301559
-0.05772299
-0.053374252
-0.062345894
0.05383059
-0.057070284
0.056660277
-0.061814669
-0.059777317
0.055810481
0.058408589
-0.055515753
-0.053472364
-0.055108138
0.04511666
0.048076358
0.054904341
0.043604376
0.040701434
-0.051736297
-0.043709501
-0.052475573
-0.055058329
0.05866607
-0.049227154
0.054728446
0.057273475
-0.041265318
-0.026961574
-0.037244086
-0.046064597
0.060591152
-0.061022855
-0.060787855
-0.025965031
-0.0367493
-0.046007006
0.065511911
-0.061144897
-0.052812196
0.062106941
-0.057195856
0.065493687
0.064238335
0.061841293
0.05590861
0.067720718
0.056969831
-0.062129061
-0.056597262
-0.053076533
-0.064908037
0.067292502
-0.057649774
0.070657553
-0.06646265
-0.063586083
0.056371305
0.07294222
-0.058030314
-0.051914132
-0.055104149
0.068341649
0.04994482
0.054629172
0.067183023
0.041251824
-0.048829616
-0.039527673
-0.052054356
-0.055517386
0.07374461
-0.050224887
0.054875329
0.072918472
-0.04077102
-0.026238115
-0.037281065
0.069167094
-0.046469758
0.070280378
0.070329207
-0.031335409
-0.040821336
-0.041044422
-0.031369211
-0.0497575
-0.050122333
-0.051860254
-0.042678167
-0.032690776
-0.027071608
-0.038041063
0.064571705
-0.047317764
0.067159048
-0.057152108
-0.057597269
-0.030035453
-0.040903209
-0.061963588
-0.062458668
-0.049817983
0.065719878
-0.063967315
-0.059261226
-0.05423706
0.06914564
-0.058514801
0.07196146
0.06814766
0.064807686
0.05728239
0.073922836
0.058634706
-0.061990236
-0.054877888
-0.056152646
-0.06629278
0.067691349
-0.059682937
0.069507881
-0.069063161
-0.065405836
0.058535962
0.070817056
-0.058815449
-0.052968409
-0.056387809
0.074735647
0.050141188
0.055569074
0.074305804
0.040015704
-0.045714303
-0.035386547
-0.054543961
-0.057623901
0.071477062
-0.049851614
0.056647378
0.071458675
-0.039250798
-0.033329972
-0.042725561
-0.031967434
-0.041442428
-0.049689864
0.053042992
-0.048633186
0.061997767
-0.030915617
-0.030005453
-0.031494143
-0.040801444
-0.048030275
0.067338344
-0.029421363
-0.053737601
-0.052994947
-0.054670884
0.054379796
-0.054256477
0.064389659
0.03152921
0.054691098
0.050461347
0.05371906
0.060420839
0.021541827
-0.029512222
-0.01965276
-0.052594961
-0.054156327
0.070599728
-0.030404395
0.053042937
0.067181678
-0.019945622
-0.054484352
-0.052864321
-0.054572911
0.046308103
-0.052744572
0.056009677
0.012144514
0.054104814
0.042987826
0.051087308
0.052104892
0.0042421878
-0.010803756
-0.0037580348
-0.051338303
-0.051234038
0.063255887
-0.010245452
0.048481922
0.059544056
-0.0021329739
-0.039691491
-0.04460319
0.067274596
-0.04806298
0.064444699
0.06101648
0.043395027
-0.062731899
0.04448211
-0.059952623
-0.0005608523
-0.0062746609
-0.0063342819
-0.0011702925
-0.040006005
-0.064514076
-0.043983655
-0.013596305
-0.013432496
0.067011604
-0.046972789
0.065062844
-0.013775359
-0.0062294965
0.044956542
0.062380815
-0.00070493859
-0.031846262
-0.040828631
-0.047968698
0.069294263
0.036313401
-0.06539165
0.04285253
-0.022081027
-0.021948062
-0.03286035
-0.041438689
-0.048413793
0.068188106
-0.022802427
0.048056368
-0.052655291
-0.054489812
0.072747278
0.029065327
0.052798856
0.070346299
0.018148553
-0.069883498
0.0515845
-0.06868693
-0.024801935
-0.01480205
-0.053161756
-0.055235376
0.070839422
-0.027854489
0.053014626
0.069770477
-0.016531124
-0.050023806
-0.050184722
0.067498763
0.0081081648
0.046417462
0.064646727
-0.00028672112
-0.06696799
0.045200279
-0.064827791
-0.0061108622
0.00067914945
-0.048985008
-0.0496721
0.068427846
-0.0061031095
0.04500098
0.066967516
0.0027114078
0.047188102
0.005704871
0.037485566
0.041144046
-0.014465674
0.031431882
0.019639352
0.013995563
-0.0043333019
0.027452928
0.00032027811
0.015433974
0.021875591
0.01655363
0.0080085805
-0.02324725
-0.018357433
0.039294936
-0.031554073
0.029757024
-0.014213255
-0.0090888729
0.031746253
0.020017721
0.031297189
-0.0036385679
-0.013082
0.002603265
0.017602086
-0.015304837
0.012512994
0.0027414284
-0.000600383
0.0084355461
0.0014458777
0.013731882
0.0029853565
0.014977783
-0.00031686594
0.0026984718
0.014487336
-0.0078852869
-0.015081834
-0.029555194
0.0095550556
0.0012403711
0.024330849
-0.0027417056
0.027781154
0.0042740191
-0.0033193892
0.027568937
0.018778998
0.012993658
0.0033314798
0.01297786
0.0033763323
0.011119973
-0.021292315
-0.027382605
0.0091120583
0.025265555
0.022338567
0.037525546
0.029451775
0.041882663
0.019574516
0.039048508
0.036021954
-0.03710655
-0.031480439
-0.030394808
-0.036407846
-0.024759389
-0.023227732
-0.02094574
-0.028800543
-0.035530637
0.040912362
-0.045063639
0.031596015
0.0093610681
0.0054018516
0.044339085
0.0211502
0.043912965
0.001036973
-0.016316356
-0.014303147
0.044907862
-0.054983676
0.035821252
-0.0052510715
-0.0027630358
0.053393421
0.024381549
0.053961169
0.00026714091
-0.011482298
-0.040448447
0.0085461305
-0.0032460926
0.032525144
-0.0079146546
0.039818095
-0.0067071988
0.041131721
-0.0076997795
-0.017639847
-0.04842514
0.009194541
0.0038316185
0.039145994
-0.01180648
0.050679971
0.0078070168
-0.0028682046
0.054121446
-0.012954138
0.0068502775
-0.01021197
0.038994575
0.035608041
-0.026381984
-0.034210156
0.0059325661
0.05275771
-0.022647696
0.049330984
0.050095077
-0.061583563
0.041264143
0.0018905196
0.00092410659
0.059318928
0.028793997
0.061208272
-0.0007351435
-0.010670105
-0.011758215
0.055322669
-0.065250288
0.046817993
0.00076579614
0.00033965224
0.062593061
0.033513218
0.065587
0.00074237746
-0.01195993
-0.053951432
0.0111248
-0.0035177401
0.044634792
-0.013936212
0.059807119
-0.0078539977
0.065403826
-0.010617232
-0.022746815
-0.057439794
0.013891695
0.0027392954
0.049141578
-0.014118363
0.066633379
0.0071697022
-0.0069794863
0.073940541
0.0060901727
0.065105184
0.061897205
-0.033416527
-0.042394719
0.0070512397
0.074713124
0.071848322
0.04454799
0.036400192
0.068228662
0.024746434
0.067770451
0.066462816
-0.037544192
-0.028146801
-0.032609999
-0.041896727
-0.01739516
-0.021521358
-0.025138291
-0.036676669
-0.046057573
0.059559421
-0.066382194
0.05150115
-0.0027651212
-0.0011941813
0.063657514
0.037753673
0.067154798
-0.00055679666
-0.0062189492
-0.0096054644
0.061975851
-0.065330068
0.054514951
0.0041348705
0.0017401232
0.062860841
0.040851063
0.066062552
0.00034236438
-0.012350207
-0.059202567
0.017008083
-0.0018247643
0.052611976
-0.012466845
0.070693763
-0.0060712844
0.078933004
-0.013610694
-0.027493178
-0.059431883
0.019969976
0.00099325349
0.054861838
-0.0093676586
0.07169636
0.0048329735
-0.012414327
0.079924061
-0.027768741
0.008541874
-0.013289686
0.080548669
0.078048301
-0.039678655
-0.04948257
0.01029326
0.082000368
-0.040897416
0.079824199
-0.051590841
0.062025768
-0.06237028
0.055305387
-0.0048689513
-0.0020125841
0.060433543
0.042299009
0.062526251
-0.00016856864
-0.0033667763
-0.0076668797
0.059515866
-0.057696197
0.053626687
0.0049108437
0.0019757293
0.056484108
0.041802577
0.056797259
1.6104516e-05
-0.011738044
-0.058198515
0.022290428
-0.00035934798
0.055639491
-0.0054241964
0.069567107
-0.0036571388
0.076852862
-0.014832204
-0.029611622
-0.055463435
0.023557329
-6.0352997e-05
0.054675932
-0.0013650882
0.064469188
0.0026566192
-0.016139573
0.070061713
0.012053592
0.078955006
0.077050443
-0.042749898
-0.053246218
0.013601458
0.07181071
0.070160501
0.045126879
0.037594382
0.048327501
0.027561668
0.048318004
0.048850804
-0.03767858
-0.02540848
-0.030561817
-0.042580714
-0.013388192
-0.018100362
-0.023448775
-0.0363969
-0.04802928
0.054654343
-0.051418838
0.049599822
-0.0041280511
-0.0015072902
0.05100861
0.039343009
0.049134507
0.00022584962
-0.0034363509
-0.0070013445
0.04807102
-0.043573653
0.043755393
0.0022754284
0.000371089
0.043911747
0.035238804
0.039783212
-0.00077235132
-0.010796264
-0.051098363
0.023511304
0.00034246431
0.051723837
0.0020862954
0.056787743
-0.0018488878
0.060252081
-0.014303738
-0.028872993
-0.044915292
0.022126545
-0.00065506974
0.046586944
0.0043564802
0.047074725
0.0011614727
-0.016940319
0.048388206
-0.033587005
0.014758708
-0.00094415857
0.061421285
0.060078232
-0.0423429
-0.053513809
0.015402597
0.04897198
-0.047606503
0.048070555
0.039087029
0.030649503
0.038483867
0.029461924
0.020704141
0.065940753
0.019540732
0.063674802
-0.046020319
-0.050616421
0.03811467
0.028550971
0.018616326
0.058119
-0.055629818
0.0088199552
0.0085531001
0.074972108
0.072307351
0.068691176
0.065828809
-0.060637485
-0.064858581
0.0083843243
0.065833042
0.059719567
0.010933189
0.0085914006
0.061956522
0.058646455
0.055538552
0.051717531
-0.066105759
-0.064721907
0.0064680933
0.052808219
0.046119248
0.034910158
0.023042114
0.050751012
0.012794157
0.051868154
0.053036188
-0.067640511
-0.0641731
-0.065914605
-0.068189759
-0.057821344
-0.060806803
-0.063962151
-0.067677545
-0.068647612
0.038106976
0.028102261
0.018113957
0.049714054
-0.048803331
-0.05291245
0.038460588
0.028153472
0.01807533
0.03909928
-0.057375164
0.0084179987
0.056496909
0.051296714
-0.061792556
-0.067026737
0.0086621129
0.045538513
0.04168508
0.0048927677
0.045319711
0.039524446
-0.069346227
-0.069040227
0.0040076727
0.037127521
0.032667251
0.072394058
-0.039425364
0.066055228
0.072391507
-0.03051735
0.066446122
0.031523062
0.032134309
0.036762515
0.057916605
0.041297631
0.027147911
0.058514658
0.030455625
0.03359147
-0.045849547
-0.047550858
0.070758652
-0.019586869
0.065634665
-0.036466148
-0.036857568
0.01559907
0.058320955
0.017261435
-0.037851132
-0.049583827
-0.03506256
0.048543401
-0.024642836
0.049172998
0.036011392
0.034523038
0.03822099
0.023291889
0.038989688
0.026406372
0.043565384
0.031389325
-0.051992894
-0.062759412
-0.012430231
0.049349307
-0.03965137
0.010503572
0.039294036
0.012686129
-0.054731134
0.016880686
0.048823203
0.050132644
0.04990631
0.037668327
0.056483621
0.044472025
-0.070926652
-0.075847817
0.050968403
0.022634411
0.02920327
0.076699936
0.07101077
0.0034931074
0.062112839
0.0069629072
0.01148119
-0.072384593
0.013065324
-0.068726096
0.011857934
-0.056968313
-0.058666118
-0.066635652
-0.067186577
0.069855208
0.013081249
0.066171144
-0.057884557
-0.063166518
-0.016208394
0.059016486
-0.014939007
-0.067935174
-0.073787303
-0.061492677
-0.012392315
-0.076430488
0.06718892
-0.0064530312
0.063263248
0.042720199
0.042946894
0.0020094099
0.056915079
0.0017840001
0.043485123
-0.066108832
0.011637559
-0.062878531
-0.054900264
-0.057427815
0.061365617
0.0089676665
0.058921323
-0.050282415
-0.050401611
-0.01362305
0.053786059
-0.015748169
-0.050497767
-0.059762592
-0.05647632
0.0015768117
0.048564435
0.044666233
-0.0037081918
0.038762004
-0.0026945776
0.00037535594
0.018575406
-0.047235692
0.017906505
-0.062067146
-0.071914903
0.017297418
0.046183945
-0.051085833
-0.01919162
0.036619814
-0.019426475
-0.052432739
-0.064357531
-0.035894519
-0.017682823
-0.074849932
0.050719254
0.037813753
0.005185712
0.011048596
0.015384769
-0.051017441
0.011592535
-0.079365071
-0.08347512
0.048764339
0.036262604
-0.014160156
-0.082811893
-0.038119066
-0.009469565
-0.087440136
0.040796323
-0.034136811
0.037047991
0.0010541745
0.0018230691
0.035043807
0.030191988
0.028963421
0.0019650754
-0.0091258282
-0.01028981
0.034171519
-0.023061508
0.030818807
-0.0064921175
-0.0056710308
0.024266536
0.025311297
0.016865839
-0.0043016971
-0.01209728
-0.036709878
0.019685712
0.0012583776
0.039142067
0.0051497365
0.035963348
-0.00044697861
0.035554916
-0.014300573
-0.028036709
-0.026329456
0.016846822
-0.0025052534
0.029356552
0.0045473392
0.024059033
-0.00049484679
-0.016409422
0.022789776
0.015477157
0.035797217
0.035535792
-0.041543215
-0.053376851
0.015000198
0.023162723
0.023760804
0.038751389
0.031761979
-0.00038069519
0.023482869
-0.0017242828
-0.001196122
-0.037629616
0.017644104
-0.028778697
0.018496367
-0.040508544
-0.041739385
-0.054474348
0.037799686
0.01515392
0.031019466
-0.030412231
-0.030001185
-0.013963145
0.022654997
-0.014995767
-0.030823056
-0.043924504
-0.019017902
-0.014470659
-0.056803371
0.029669718
-0.01035281
0.026667651
0.01496354
0.012031107
0.011570652
0.022076346
0.0036852149
0.0084653315
-0.035671632
0.010838772
-0.031060131
-0.024502812
-0.021754858
0.028531803
0.0037929367
0.026368779
-0.027743648
-0.022067296
-0.0027239609
0.022403678
-0.01055477
-0.015339291
-0.019884769
-0.024387464
-0.013782652
0.014736812
0.0048369399
0.017304078
0.0030501945
0.01187226
0.0018911585
0.010912201
0.0075096166
-0.01524938
0.0091927485
-0.01886157
-0.032490528
0.00058804671
0.014815647
-0.0087667379
0.0031812677
0.0018207364
-0.00072964075
-0.0039695776
-0.018602638
-0.0032956032
0.00028745543
-0.034089198
0.014081184
0.0039092136
0.012061449
0.013682136
0.0083612861
-0.0090695096
0.0064985597
-0.046399574
-0.0587031
0.012923299
0.0023840379
0.0030621231
-0.048056229
8.6215807e-05
0.0058697816
-0.059123411
0.028521483
0.018320775
0.026988365
-0.057634511
0.028762344
0.018397578
0.01403913
-0.060417577
0.0089518866
0.0010193684
0.034264487
0.031984927
-0.062703636
-0.069166124
0.0088891686
0.00098582016
0.02380613
-0.064049312
0.023058939
0.0036651965
0.029062588
0.026100465
-0.072741219
-0.073623
0.0033569826
0.021679311
0.020096494
0.024575424
0.0037608654
0.012281458
0.007651165
0.012112345
0.011111851
-0.024056392
0.006135471
-0.083809387
-0.087892811
0.015122297
0.022768828
-0.076493775
-0.0099194593
0.0098054016
-0.0061667125
-0.076589137
-0.082254477
-0.010402792
-0.0017569709
-0.084844635
0.028175249
0.017572213
0.00073006027
0.017656898
-0.023540195
-0.06645421
0.025862407
0.014886623
-0.012734002
-0.067972325
-0.011490257
0.0078096156
-0.00019627677
0.014873654
0.015311215
0.0042756106
-0.0011361593
0.0018827511
-0.068328415
-0.074812388
0.0047958199
-0.0032281734
0.0079366331
-0.066635048
0.0061864828
0.0090943111
-0.070538953
0.0022030951
-0.0045206017
0.015083849
0.014535806
-0.00069948927
0.0011258286
-0.003503914
-0.078148098
-0.078621165
-0.0010295164
-0.0082292621
0.0095376771
-0.071237077
0.0088351169
0.0096149279
-0.069418594
-0.0023532344
-0.0036131565
-0.019225067
-0.0099995887
0.0051162398
-0.00049453425
-0.014010403
0.0055304595
0.015877417
-0.020100717
0.017310017
0.010058358
-0.0060183576
-0.036299382
-0.015485091
0.00019323149
0.032270739
-0.024426943
0.029429864
-0.0027126948
-0.0091690039
0.0025832326
-0.024037492
-0.012813562
-0.029323811
0.014901226
-0.0041195454
-0.03432529
0.0046057069
0.010196429
-0.038668832
0.013827313
0.019667233
0.010100189
0.01614928
-0.012708074
-0.018404999
-0.028087785
-0.032217724
-0.0051282505
0.024242145
-0.040229975
0.023870782
-0.0073769393
-0.016464438
0.023657868
-0.028996032
-0.035490627
0.012808924
0.017274539
-0.023587128
-0.039435349
0.023439071
-0.023632927
0.037518885
-0.033667727
0.035214959
-0.021186866
-0.012510173
-0.013117282
-0.021422136
-0.05126984
-0.020450639
-0.0027044858
0.046803884
-0.02832282
0.041146306
-0.00055394259
-0.0044589204
-0.062517071
-0.024870382
0.0030034257
0.058148887
-0.032307733
0.051564845
0.00069187933
-0.0056762324
-0.041786311
-0.034729301
0.00062012408
0.03695975
-0.041410884
0.033975814
0.0013583274
0.031974301
-0.0068370171
-0.014546698
-0.052869812
-0.037751861
-9.2881592e-05
0.04757786
-0.043296222
0.043322746
-3.3188146e-05
-0.0080756423
0.040313845
-0.01659288
-0.04176985
-0.048832557
0.030733393
-0.022933629
-0.043261951
0.038423281
-0.025352034
0.0052724412
-0.044863586
-0.0081434235
-0.048231506
0.024088853
-0.0061643028
-0.055135918
0.0041755252
0.0067196355
-0.05748445
0.012950702
0.027731525
-0.020190201
-0.021100742
-0.04872144
-0.0094835629
0.018891269
-0.057193018
0.022322105
-0.011282039
-0.023589804
0.0068685523
-0.064288999
-0.0059437936
-0.065548908
0.030113109
-0.0074103116
-0.071296856
0.001535358
0.005798598
-0.07140762
0.011968903
0.030802925
0.043902866
0.065163503
0.0084937944
0.068100144
0.016400155
0.051789419
-0.026358107
-0.035981453
-0.017717385
-0.064712186
-0.012519186
0.017582608
-0.070162169
0.02209678
-0.012937561
-0.028209371
0.069100657
0.024886018
-0.039151012
-0.057046517
-0.061996649
-0.061036627
0.012951176
-0.065373088
0.01923574
0.056221718
0.058312243
0.014735922
0.063078835
0.020635554
0.058503635
-0.042923453
-0.04829399
-0.064448828
-0.067585678
0.02661795
-0.046846323
0.0657573
0.027766643
-0.052165311
-0.055218447
0.032424337
-0.060882224
0.032929728
0.033480463
-0.028366994
-0.037292122
-0.019056203
-0.021738979
-0.031699317
-0.040697187
-0.032890899
-0.048825376
0.0019098369
0.029947446
-0.056540927
0.031561639
0.0023230994
-0.0094166656
-0.042980879
-0.049641856
0.00044771788
0.03956181
-0.056488521
0.040046184
0.0011175086
-0.010809206
-0.028316852
-0.06359109
0.0025363112
0.028037868
-0.068754583
0.031441884
0.0024500119
0.018445113
0.069239357
0.033205358
0.03114034
-0.012159918
-0.024440317
-0.037591296
-0.06290234
0.0018618604
0.037157326
-0.067617043
0.039698623
0.0026238566
-0.013358639
0.069094724
0.040827092
-0.026953489
-0.065505121
-0.068613089
0.034274874
0.041034258
0.06715013
0.035334356
0.048578043
-0.03508177
-0.044141862
-0.065930156
-0.069060799
0.041557929
-0.038248383
0.067851032
0.042648352
-0.047335764
-0.051883803
-0.053502881
-0.054913799
0.01553684
-0.057437189
0.020455681
-0.045105908
-0.053986845
-0.05853595
0.026992819
-0.04913317
-0.056357776
-0.059944042
-0.056481858
0.013979622
-0.061097938
0.020780458
0.059456426
0.055164126
0.011060198
0.059343226
0.019877841
0.059494383
-0.052741979
-0.056477311
-0.061803956
-0.063756213
0.028620082
-0.055704225
0.061716737
0.029301915
-0.057791682
-0.056983977
-0.058273902
-0.054107507
0.0065430253
-0.057766531
0.018164103
0.058729371
0.053179575
0.056361801
-0.059350517
-0.058437215
-0.059761641
0.029809788
-0.058537723
0.058001503
-0.048064793
0.035742452
-0.053742339
0.037509891
-0.059243297
-0.053174325
-0.055237509
-0.060125675
-0.053674664
-0.05869037
0.034376002
-0.045676439
-0.053024791
-0.058426874
0.041803641
-0.048629232
-0.062549355
-0.065151375
0.036763271
0.054091635
0.062906352
0.038644805
0.057746694
-0.051582407
-0.057255315
-0.062751778
-0.065855748
0.044515179
-0.054263555
0.063467112
0.047214722
-0.059021333
-0.057957642
-0.060670325
0.040814366
0.059588129
0.058649753
-0.060928837
-0.057343045
-0.061036377
0.050483668
-0.061557295
0.058841902
-0.010068871
-0.019825108
-0.029342553
0.046688329
-0.050365042
-0.048783622
-0.0087372249
-0.018668461
-0.028436133
0.053061699
-0.047716337
-0.038056267
0.044582461
-0.045780531
0.044392693
0.044954051
-0.047573775
-0.055425334
-0.037442899
-0.038023334
0.05057273
-0.045461311
0.050296344
-0.04844956
0.050740363
-0.025831509
0.046087711
0.047608806
-0.060693679
-0.06281722
-0.024487516
0.051731954
0.053086618
0.0012324451
-0.0051231447
0.054633386
-0.014384536
0.051312103
0.048053388
-0.066677566
-0.067253612
-0.066154359
-0.065342276
-0.06490237
-0.063573354
-0.062077319
-0.064743538
-0.063739808
-0.0070680332
-0.017595226
0.060597638
-0.027928099
0.057758914
-0.059647122
-0.057717056
-0.049044196
-0.046987755
-0.055922284
-0.037421237
0.054750346
-0.045805632
0.054415773
0.054682929
-0.054876952
-0.061073749
-0.045915537
-0.04592502
-0.054802302
-0.060888285
-0.024812042
-0.035121149
0.055411221
0.056447866
-0.063673687
-0.062468396
-0.063344006
-0.069189614
-0.028480473
-0.0018046399
0.065578446
-0.036293917
0.059843074
0.0012032613
-0.0088234897
-0.071182959
-0.030926219
-0.00015547604
0.068934184
-0.0398138
0.065337545
-0.0040501168
-0.0098755822
-0.060734863
-0.041322072
0.0021316389
0.055613698
-0.045989305
0.051166768
0.0017368959
0.047851802
-0.010455711
-0.018296535
-0.06517892
-0.044920773
-0.0053912659
0.060838833
-0.048969353
0.056915776
-0.0049440991
-0.010785944
0.05382523
-0.044398285
0.045688592
-0.027870568
-0.045362454
0.051716131
-0.028168033
0.065623337
-0.038472146
0.063199146
-0.038315419
-0.026505618
-0.025658571
-0.036427711
-0.069029329
-0.031884894
0.002205819
0.068536707
-0.042238468
0.067691287
0.0068949912
-0.01468279
-0.063716526
-0.031162061
-0.0038079059
0.065053797
-0.042974812
0.066858747
-0.008991117
-0.016112521
-0.066332469
-0.047760439
0.0087199905
0.063232097
-0.051418625
0.06017323
0.0083891059
0.057619993
-0.016768376
-0.025287234
-0.064572006
-0.049045364
-0.011234787
0.062930146
-0.052509127
0.060753166
-0.011126063
-0.016803509
0.058834719
-0.025373111
-0.046067234
-0.052226781
0.055799117
-0.035522278
-0.046245516
0.057426235
-0.035590277
-0.051000068
-0.051284907
0.00057381064
0.047462504
-0.057118462
0.047267783
-0.00096394034
-0.011013967
-0.056711461
-0.053269132
-0.003348709
0.053415041
-0.058009978
0.052825841
-0.0011318475
-0.011226771
-0.04535107
-0.062677094
-0.0025947391
0.04481559
-0.066735195
0.046634992
-0.0041057567
0.011559257
0.06886414
0.047378519
0.025547441
-0.011467548
-0.024046359
-0.051368681
-0.062584155
0.0012723132
0.05079244
-0.065887759
0.052048955
0.0035019916
-0.011750163
0.068516285
0.052591696
-0.025836908
-0.066148798
-0.06924131
0.047978095
0.037679938
0.068230682
0.049145477
0.047776093
-0.035919592
-0.046482902
-0.06629863
-0.069248173
0.053180204
-0.038417631
0.068460707
0.054397951
-0.049118049
-0.057603924
0.055870621
-0.062363879
0.055720667
0.056170443
-0.03643324
-0.046843592
-0.02581704
-0.026472809
-0.037749448
-0.048345598
-0.059985005
-0.05484534
0.0065711462
0.057217982
-0.058550544
0.056421378
0.0038829314
-0.016386924
-0.060779298
-0.055280716
-0.0092951541
0.058711871
-0.058181372
0.057856414
-0.0063882776
-0.015687631
-0.055399605
-0.062187072
0.00088198117
0.054820122
-0.064826438
0.055753407
-0.0019397694
0.012855285
0.067925936
0.056269087
0.026845643
-0.014870715
-0.027184848
-0.057216673
-0.061133129
-0.0030382691
0.056641748
-0.063395795
0.057582366
0.00016699205
-0.014089067
0.066981789
0.05826511
-0.027812733
-0.06631914
-0.069044037
0.056918023
0.039594011
0.068560954
0.058111592
0.050596129
-0.039208791
-0.050047979
-0.066056214
-0.068545867
0.059032813
-0.040505439
0.068461108
0.060114055
-0.051579319
-0.05249757
-0.058210862
0.048513735
-0.050204428
-0.052439538
-0.058358046
0.053858107
-0.052551795
-0.062858881
-0.066271616
0.05127224
0.055647363
0.063820267
0.054387418
0.061107524
-0.055130331
-0.061321039
-0.063142626
-0.066618895
0.056561156
-0.05756281
0.064215803
0.059670044
-0.063414761
-0.057032667
-0.061292526
0.058183521
0.06400044
0.059015494
-0.06464949
-0.057317412
-0.061706449
0.063422457
-0.066421625
0.059446551
-0.044449935
0.059301645
-0.052271026
0.061814061
-0.063906312
-0.061564871
-0.062939169
-0.065293824
-0.053002626
-0.058983853
0.057362918
-0.055623128
-0.054120422
-0.060003695
0.058762472
-0.057076119
-0.063683834
-0.066951735
0.060061964
0.059340179
0.064726502
0.062745692
0.065371313
-0.058804592
-0.064713304
-0.064396233
-0.067200014
0.061610736
-0.060430639
0.065274198
0.063490039
-0.066521142
-0.058291171
-0.062359249
0.065912523
0.068357693
0.060218234
-0.067265509
-0.059844307
-0.06316094
0.065596753
-0.069458673
0.061229222
0.0062159548
0.0017215338
0.004112744
-0.0014391954
-0.0070967126
0.048629883
-0.011035204
0.050729903
-0.064926071
-0.060772561
0.0016098997
-0.0054069866
-0.015949546
0.051375698
-0.057498827
-0.018277241
-0.02263263
0.058484706
-0.034414202
0.057306204
0.059364105
0.058003624
-0.055401811
-0.046825503
-0.027953764
-0.039618336
0.054259955
-0.054707593
0.054926206
-0.01705604
-0.020755004
0.060157771
0.05867967
0.060764627
0.059244403
-0.037255364
-0.027694943
-0.025165916
0.055618921
0.056242636
-0.003444453
-0.010136171
0.04987969
-0.019282245
0.049017941
0.047995933
0.0068296462
-0.047011491
0.014248458
-0.04534296
-0.046820177
-0.054392823
-0.04610612
-0.037786722
-0.0052836568
-0.048042802
-0.013515133
-0.060786802
-0.053897117
0.048100388
-0.023433989
0.047940248
-0.049448574
-0.040881694
0.022921645
0.047118033
-0.03216484
-0.0007936483
-0.0096059153
-0.021199546
0.050370944
0.0039052368
-0.048359763
0.013327481
-0.065855271
-0.060599472
-0.0027193134
-0.013496021
-0.026135698
0.047485511
-0.057056404
0.024637154
-0.033563896
-0.044969766
0.049495199
0.050245177
-0.045655357
0.036380114
-0.04668041
-0.055204079
-0.047288747
-0.038757392
-0.049759675
0.043131252
-0.054920992
0.047100314
0.043983308
-0.047160086
-0.029773683
-0.04029407
0.051049344
0.051796012
-0.047253704
0.032289391
-0.04737288
-0.038408152
-0.029484016
-0.034062346
-0.04420815
0.044904631
-0.038286714
0.041508434
0.045768073
-0.029234681
-0.044921441
-0.053137016
0.061538905
-0.055506287
-0.04953577
-0.056770032
0.055070803
-0.057706135
-0.058506781
0.063214482
-0.060899059
0.063686961
0.069132281
0.065409375
0.059877835
0.064081039
0.05870724
-0.061018286
-0.053701166
-0.060872199
-0.065578698
0.056216733
-0.06183303
0.055132831
-0.06844591
-0.064976281
0.060976081
0.054431196
-0.058533153
-0.056522552
-0.058991945
0.064434064
0.049588676
0.057918211
0.064787486
0.038789956
-0.044396909
-0.033966548
-0.058557043
-0.060183063
0.054339191
-0.04963345
0.059121808
0.054972887
-0.038959976
-0.049535039
0.046604192
-0.056421194
0.047171837
0.048423439
-0.041193899
0.049639692
-0.04246457
-0.040068737
-0.030907481
-0.040399685
-0.052693992
-0.04871901
0.036478814
-0.058583848
0.036742583
-0.051548216
-0.043262454
0.055841759
0.038080166
-0.033989122
-0.054104582
0.047708492
-0.060149113
0.046832782
-0.040243187
0.055553867
-0.05598674
-0.040621501
-0.057967924
-0.060949042
0.0391385
-0.062712939
0.03736439
-0.062162222
-0.058093303
0.060885449
-0.062788974
0.047349656
-0.062161988
0.044653728
0.067243581
0.064366139
0.061502447
0.042776409
0.058569786
-0.034879536
0.062727107
-0.032851732
-0.060865553
-0.05517454
-0.038007887
-0.06383843
-0.063903209
0.037339428
-0.061642771
0.033152102
-0.065864169
-0.063889447
0.061204466
0.030139915
-0.059096743
-0.060275594
-0.060890638
0.042130929
0.050275367
0.060000991
0.042913105
0.040057408
-0.0323599
0.059511094
-0.033498533
-0.047341202
-0.03796032
-0.061339169
-0.06087833
0.028881818
-0.051764043
0.060361898
0.029658773
-0.042304719
-0.056458773
-0.028766121
0.0046042732
0.059340156
-0.041638769
0.063072366
0.0098538195
-0.017759039
-0.048445409
-0.024959163
-0.0044487137
0.052260954
-0.038199494
0.056762816
-0.0092976334
-0.018991732
-0.060420151
-0.048200154
0.012370422
0.060177341
-0.051646158
0.058669983
0.012561743
0.057313874
-0.01961273
-0.029600455
-0.05443598
-0.045060009
-0.011914639
0.055272484
-0.048663662
0.054105043
-0.012479517
-0.019599821
0.053145759
-0.045590381
0.056343496
-0.040592282
-0.043916535
0.052577456
-0.018676457
0.049799791
-0.031683346
0.049990728
-0.044553861
-0.031278789
-0.029691238
-0.042030307
-0.040594162
-0.020273057
0.0034188051
0.044511565
-0.033081858
0.048452703
0.0074572734
-0.01658566
-0.03333412
-0.015481131
-0.0018110617
0.036446537
-0.027206565
0.038640276
-0.0047912165
-0.016897656
-0.047098707
-0.040011366
0.010032935
0.048509716
-0.04396272
0.04735528
0.011059812
0.04662726
-0.01737697
-0.02867526
-0.038689944
-0.034061367
-0.0072795194
0.040113316
-0.038575323
0.038770048
-0.0088919641
-0.017706127
0.038200668
-0.0280312
-0.04130129
-0.048639734
0.046415649
-0.040164731
-0.038163934
0.038346648
-0.038901076
-0.059130306
-0.054083939
0.010946039
0.057797564
-0.056579948
0.057036997
0.0081234896
-0.01901665
-0.055142016
-0.05117416
-0.011326258
0.054458097
-0.053783197
0.053976469
-0.0089262998
-0.017990755
-0.056651425
-0.059279633
0.0047358931
0.05607115
-0.061600237
0.05741086
0.0014165758
0.014984039
0.065661505
0.058480102
0.028258471
-0.016707574
-0.028337183
-0.053636315
-0.056764964
-0.0058515152
0.053047451
-0.05962784
0.05518169
-0.0027171642
-0.015387708
0.064073542
0.056862973
-0.028010828
-0.065367586
-0.067697957
0.059434848
0.040697338
0.068067122
0.060333948
0.051661582
-0.039894556
-0.050405467
-0.064214205
-0.066525906
0.058088252
-0.040007968
0.06732259
0.058774376
-0.050711801
-0.054442037
0.049384315
-0.059102519
0.0501203
0.050609651
-0.038092075
-0.047995994
-0.027577233
-0.027167702
-0.03756198
-0.04734719
-0.048973432
-0.046989639
0.010623118
0.048777854
-0.050252945
0.048794614
0.0089860201
-0.017695248
-0.040817986
-0.042525114
-0.0094130027
0.04095343
-0.046880728
0.041708783
-0.0088330654
-0.017276764
-0.048242142
-0.054031091
0.0065698919
0.047679531
-0.057840427
0.050933054
0.0039039397
0.015437315
0.062468756
0.053419022
0.027195755
-0.016500729
-0.026713933
-0.040705227
-0.05180116
-0.0073558782
0.040276065
-0.056736906
0.044821693
-0.0053660848
-0.015517903
0.061226137
0.048219847
-0.026196765
-0.062723951
-0.065167708
0.055000173
0.038568502
0.066255734
0.055486458
0.048877312
-0.037154121
-0.046906601
-0.061218239
-0.063880792
0.050215393
-0.036763208
0.065004855
0.050548517
-0.04654346
-0.05554742
-0.061184544
0.057999178
-0.058083743
-0.056948511
-0.062233671
0.055191513
-0.058357795
-0.065085569
-0.067228599
0.0611818
0.060492352
0.065683139
0.06195824
0.066599365
-0.058897567
-0.064550425
-0.065530088
-0.066903193
0.058854691
-0.059438155
0.065748845
0.058347692
-0.065571942
-0.061700369
-0.063899536
0.062639971
0.069548513
0.062239743
-0.066830987
-0.063486015
-0.064312019
0.05738825
-0.068653167
0.062943709
-0.057511497
0.049956206
-0.062693739
0.048886988
-0.041241364
0.059667106
-0.062821771
-0.041749672
-0.060417827
-0.061163875
0.043232894
-0.064552223
0.041292237
-0.060889847
-0.063182644
0.063978171
-0.05801081
-0.062899403
0.050580403
-0.041875787
0.060063621
-0.056027412
-0.058544258
-0.063055807
0.044468964
-0.055424428
0.064289965
-0.065562656
-0.066149674
0.054774792
0.057437396
0.065306861
0.052947582
0.063632294
-0.047023932
0.0655807
-0.044776227
-0.055084955
-0.060939506
-0.065134234
-0.064994875
0.049117317
-0.054873789
0.064285889
0.046087886
-0.061156796
-0.064815834
-0.064160021
0.050308924
0.066989862
0.063048975
-0.041557917
0.064737129
-0.063953523
-0.065370729
-0.063292423
0.041925768
-0.064920056
0.062346472
-0.014664382
-0.029238637
0.030535216
-0.059216837
-0.014665906
-0.029114512
0.019806413
-0.055720403
-0.041710138
0.030102707
-0.05154274
0.031409774
0.054785385
0.054058214
0.032628349
0.060026352
-0.053369661
-0.058831256
-0.041498753
-0.045465037
0.020624845
-0.051278769
0.022363466
-0.051891992
0.054326028
0.023785561
-0.057696946
-0.044757121
-0.055217013
0.03364215
0.062018197
0.054928819
0.034476273
0.060713455
-0.061467288
-0.061217248
-0.046128952
-0.056022893
0.024779189
-0.060950172
0.056215867
0.02541326
-0.061451458
-0.019526289
0.014401343
-0.033699342
0.018544942
0.022098455
-0.01414686
0.021364239
-0.016601819
-0.063172809
-0.063633593
-0.010361072
-0.020967991
-0.060479951
0.0065266057
-0.033131354
0.0093692547
-0.055185399
-0.059591994
0.033354524
0.01095687
-0.06219188
-0.015300331
0.006089464
-0.029215984
0.010073666
-0.0054649232
0.019374409
-0.055393137
2.6119508e-05
-0.017061119
-0.047928132
-0.0022824181
-0.029977682
0.002517717
-0.041882599
-0.049190716
0.031874463
-0.041281708
0.011118169
-0.050941525
0.013275184
0.048742403
0.05350243
0.014710317
0.055194815
-0.0025366541
0.042926015
-0.0052618832
-0.046394669
-0.053063143
0.00125893
-0.041472811
-0.039256185
0.0019925112
-0.05093725
0.0045800122
-0.038794437
-0.045738114
0.051744723
0.0057931725
-0.052806041
-0.045822299
-0.054973196
0.015352696
0.060045354
0.05518856
0.015353832
0.062890673
-0.0067280658
0.043733663
-0.0070277066
-0.058831782
-0.063221159
-0.043770581
-0.051995713
0.0056494669
-0.059481781
0.051566246
0.0044366257
-0.065127724
-0.026439559
-0.011523992
0.00011930781
0.027931457
-0.021948326
0.02768211
0.0020649401
-0.013704578
-0.018930006
-0.0094067249
0.0010025501
0.018232167
-0.019006325
0.015674036
-0.0003101473
-0.013209776
-0.029182742
-0.028804749
0.0045868485
0.030169738
-0.03412703
0.02867987
0.0069656144
0.028368494
-0.014048166
-0.025048393
-0.018149658
-0.026285465
-0.0032236303
0.018565065
-0.032678003
0.01731402
-0.0066254204
-0.015486877
0.017591471
-0.035261455
0.028968304
-0.035764236
-0.033600497
0.018877919
-0.010595359
0.0016495609
-0.023258529
0.0030654962
0.0052446791
0.014681071
-0.038309357
0.0089502169
-0.012973072
-0.026959596
-0.011142605
-0.026512759
-0.0071741206
-0.024519308
-0.033565169
0.027985407
-0.0090455021
-0.010042915
-0.00079161208
0.005958682
-0.020285816
0.0024639472
0.00075530059
0.0095708046
0.012679061
-0.014446711
0.005698956
-0.014706089
-0.0015607545
-0.010910109
-0.027442564
-0.012954236
-0.0047194371
-0.014941121
0.026193074
-0.004709715
-0.028721955
0.004707799
0.0049441727
-0.036398824
0.0047225668
0.0094674543
0.006191387
0.012397655
0.037683948
0.0096964741
-0.017796717
-0.024818448
0.01244947
-0.037954455
-0.010652983
-0.011275582
-0.046936124
-0.0093065941
-0.017144996
-0.02160339
0.047579844
-0.0057292655
-0.026588105
-0.034293656
-0.043777944
0.0085678642
0.0056112267
0.039808072
-0.031990103
-0.038395714
-0.048572493
-0.0016585882
-0.032340516
0.049788639
-0.030874201
-0.039280043
0.0086479767
0.031291623
-0.04492305
0.033012906
0.0093149176
-0.016918703
-0.019310148
-0.039096041
-0.0096046269
0.020191396
-0.045847204
0.02304083
-0.011538054
-0.017947892
-0.031438282
-0.051010111
0.0089170648
0.031355684
-0.056891805
0.03713661
0.0076637713
0.016206009
0.060816431
0.041412996
0.025590371
-0.01837881
-0.026046334
-0.021018004
-0.052673496
-0.012139859
0.021629442
-0.058861438
0.028301485
-0.011461412
-0.018198731
0.061744089
0.033230587
-0.026063591
-0.060197888
-0.06302537
0.043816932
0.035158647
0.063818001
0.044054871
0.044259273
-0.034388184
-0.042692404
-0.060289848
-0.063023469
0.03593228
-0.03441363
0.063024982
0.036115429
-0.042644248
-0.051683207
0.016022989
-0.057877666
0.01899313
0.020453614
-0.0035972692
0.057498163
-0.0064123099
-0.033659895
-0.03954463
0.00033397586
-0.056834822
-0.02883918
0.0054179523
-0.062864754
0.0090296647
-0.030870819
-0.035279319
0.062555707
0.010913176
-0.040846742
-0.0062301137
-0.043823073
0.013768794
0.0081092374
-0.051030836
0.012126541
0.016749479
0.0046444651
0.055922605
-0.025205233
0.0083360326
-0.054708825
-0.022619741
-0.0044861146
-0.061268174
0.00062375369
-0.026124261
-0.027820028
0.062522876
-0.010141801
-0.057657303
0.01797696
0.011945107
-0.063043537
0.018878711
0.017428063
0.022217359
0.064454712
0.024001422
0.02831609
-0.0056139296
0.067054938
-0.010528678
-0.029046442
-0.032279672
0.00045170314
-0.066350701
-0.027260268
0.0031821255
-0.069517864
0.0095923184
-0.026088292
-0.028824904
0.069156079
0.01418874
-0.032923614
-0.062156483
-0.064286572
0.026745857
0.035181614
0.062979892
0.026865036
0.042292447
-0.01360778
0.064723197
-0.014515286
-0.036793382
-0.042297197
-0.066350759
-0.067077833
0.016526548
-0.038009157
0.063964388
0.016481571
-0.043687641
