FiniteElementSpace
FiniteElementCollection: ND_3D_P1
VDim: 1
Ordering: 0

0.033637397
0.063313422
0.029442822
0.067353549
0.03560527
0.057733292
0.03201254
0.061494519
0.0078216936
0.016397099
0.012496128
0.0029733522
0.069828065
0.053105817
0.065547553
0.055545342
0.068327288
0.050133164
0.065161768
0.051403993
-0.068392227
-0.068909747
-0.069999655
-0.070274576
0.041781708
0.048206659
0.051304711
0.048713602
0.043280831
0.052242441
0.052644591
0.052665017
0.038436261
0.048314112
0.044413791
0.034308046
0.035494711
0.050627251
0.041117778
0.051673592
0.034907884
0.056597313
0.03930684
0.058983936
-0.0088272014
0.0026595383
0.0018481442
-0.0071300621
0.043243537
0.045738002
0.052781504
0.047094287
0.044783557
0.054082249
0.054257006
0.055778136
-0.047590848
-0.055300274
-0.05560861
-0.047781963
0.041886712
0.057476637
0.038260704
0.060164999
0.037011438
0.064211057
0.03305247
0.067363852
-0.00018749949
0.0025338278
0.0036279763
0.0018613581
0.04683638
0.0384594
0.037391998
0.039474235
0.049071061
0.048249234
0.039623394
0.049479127
0.031245102
0.040325491
0.043217515
0.034476671
0.023537489
0.043933522
0.017673811
0.045617335
0.019142095
0.052976237
0.013726491
0.053614964
0.0051047524
0.0081197729
0.0096975566
0.0050255953
0.04852618
0.054966925
0.056940838
0.054421484
0.049643825
0.054126349
0.057678799
0.053134265
0.04816296
0.05402409
0.053956389
0.047597111
0.042227909
0.060611621
0.043062727
0.066120684
0.044125014
0.058006387
0.044472266
0.063288631
0.015050534
0.025120864
0.024788278
0.016062735
0.036525913
0.041026444
0.038827174
0.041061808
0.030422724
0.032581845
0.034162406
0.030224937
0.015215619
0.019590626
0.020322612
0.015069542
0.016525421
0.066088243
0.010949123
0.064051875
0.019800092
0.06438692
0.013842168
0.062524074
-0.0078625046
0.0040560414
0.0036040038
-0.0087740426
0.045759526
0.035442365
0.047448098
0.035033264
0.049286985
0.027842233
0.05350348
0.025342372
0.0085565124
0.021045504
0.020637832
0.0054570329
0.052887787
0.036119647
0.045673367
0.03650237
0.05020301
0.024463783
0.04329865
0.02458799
0.056348614
0.062883627
0.061914264
0.055112313
0.041484468
0.04299936
0.03360296
0.045181892
0.050477814
0.032561686
0.041799124
0.036377395
-0.002545641
0.017094394
0.015030067
-0.0045070023
0.05981684
0.038949726
0.060326105
0.036661976
0.060464182
0.044655662
0.061115588
0.042299963
-0.039536142
-0.029102115
-0.029093237
-0.03993828
0.035430411
0.037478347
0.024998332
0.038926079
0.035257555
0.043821525
0.024525949
0.045595103
-0.067358111
-0.064585626
-0.063777989
-0.065916117
0.047434274
0.059750955
0.055735736
0.061213315
0.047805426
0.055792082
0.055494985
0.057031041
-0.031094885
-0.041017116
-0.042106935
-0.032508944
0.034233866
0.065690078
0.04217344
0.066420044
0.042414867
0.061684771
0.049781527
0.06289054
0.0097618599
0.00068863722
-0.0025459331
0.0058208362
0.057181836
0.057960736
0.065251439
0.057696903
0.0536354
0.055495908
0.061691308
0.054821235
-0.061000943
-0.06279883
-0.063794863
-0.061925455
-0.0035372289
0.044723281
0.010124113
0.045335367
-0.001435468
0.035298966
0.010826096
0.037032906
-0.041491819
-0.030374496
-0.030558417
-0.040807197
0.046312562
0.041565314
0.055899379
0.039811559
0.045926227
0.032002109
0.055709682
0.030257593
-0.044230312
-0.034446439
-0.035768373
-0.045698694
0.046245733
0.034548466
0.05359056
0.033565685
0.046839571
0.025053417
0.05377542
0.024149107
-0.060705985
-0.059659588
-0.060493945
-0.061137717
0.064239776
0.053436736
0.064228345
0.05129393
0.06596958
0.052633541
0.065545482
0.050560681
-0.051608074
-0.039552022
-0.03935998
-0.051259946
0.040901372
0.054080323
0.030590057
0.055819237
0.043441385
0.054464503
0.033495798
0.056111503
-0.068983311
-0.066569772
-0.063291909
-0.066026545
0.062380125
0.029193136
0.060966257
0.029091469
0.061396429
0.019406418
0.059645628
0.019794924
-0.062106934
-0.06262684
-0.062919001
-0.062068516
0.070584316
0.035440383
0.069449383
0.033064729
0.071306276
0.025640421
0.070368015
0.022959203
-0.048641108
-0.038342594
-0.038728854
-0.049070902
0.048573119
0.041337047
0.037845266
0.04140736
0.049138246
0.033201971
0.037873808
0.03361872
-0.047904764
-0.037856164
-0.036356876
-0.045970751
0.055156523
0.059086757
0.05342111
0.06059096
0.056067794
0.055400911
0.055005487
0.055820411
0.025927441
0.035821098
0.034176533
0.023147825
0.050649596
0.062712941
0.046730377
0.063491757
0.053001428
0.059162564
0.049795024
0.059332207
0.020677912
0.032817813
0.03189568
0.018796598
0.025318431
0.064334122
0.021136781
0.065174464
0.028405408
0.05981728
0.02448961
0.060749776
-0.0016886851
0.008842955
0.0058978029
-0.0054602247
0.03855245
0.050774175
0.036135669
0.053708776
0.042068934
0.043165466
0.041446395
0.044673629
0.0093381461
0.020236022
0.01716502
0.0041116859
0.056978773
0.050997997
0.056803824
0.050099874
0.057654657
0.046455415
0.058544497
0.044112888
0.030890804
0.04090257
0.041156835
0.029699117
0.055726689
0.053726657
0.05332986
0.053214703
0.058512844
0.047158858
0.056976953
0.045914683
0.028403766
0.041258919
0.041089105
0.027055547
0.033439104
0.053279513
0.030010047
0.05434753
0.040096976
0.045449041
0.037409217
0.046553214
-0.00090133377
0.014066521
0.011245482
-0.0051002117
0.068710856
0.050639495
0.066005338
0.051339939
0.068463545
0.049481477
0.066312887
0.049397128
-0.066410108
-0.060647849
-0.060547074
-0.066819494
0.061060103
0.050581525
0.054188063
0.051515297
0.06176479
0.050324342
0.055104685
0.050800592
-0.066224718
-0.059491943
-0.057410101
-0.064492001
0.058962859
0.053481071
0.050561832
0.056023001
0.059714724
0.052058257
0.052336692
0.053719581
-0.071169282
-0.07007678
-0.06892568
-0.070762322
0.066373377
0.04497549
0.064192231
0.045318334
0.064244864
0.037875432
0.062691454
0.03773374
-0.066365946
-0.06772082
-0.068517444
-0.067510918
0.067896558
0.045830408
0.066241533
0.045077709
0.067136677
0.039613394
0.065808514
0.038443905
-0.066238091
-0.061535273
-0.06177043
-0.066722374
0.062036262
0.047851809
0.055544318
0.04796795
0.061800537
0.042945838
0.055366611
0.042888488
-0.066276452
-0.061056397
-0.059282756
-0.064767258
0.059777
0.048655688
0.053353589
0.049598221
0.058978462
0.043284027
0.053245143
0.043839195
-0.067905854
-0.068455201
-0.067373202
-0.067352095
0.039900134
0.047103918
0.04994879
0.047673321
0.041545276
0.052184227
0.05192136
0.052112888
0.056055855
0.06117609
0.058937247
0.052849034
0.059093703
0.048423717
0.066217825
0.047700495
0.061238587
0.054155229
0.068465676
0.053004162
0.049876449
0.056726584
0.054830443
0.047471807
0.058881405
0.047942719
0.063847544
0.049205476
0.059991995
0.052936272
0.064805576
0.054051609
0.03070639
0.040922433
0.038199189
0.027982936
0.045107346
0.054360109
0.054208539
0.054567037
0.0469464
0.055125958
0.055722628
0.054997733
0.045242726
0.052616061
0.050796206
0.042970425
0.043527717
0.055458161
0.054077979
0.054715309
0.045622326
0.057343635
0.056187196
0.055989457
0.058507744
0.062557109
0.062259819
0.057395446
0.063263851
0.057648172
0.0702346
0.056106151
0.064985709
0.05931285
0.071415986
0.057463553
0.056271758
0.061698029
0.060964017
0.055220063
0.06117517
0.055601485
0.065697757
0.056301442
0.06223618
0.056450658
0.066408311
0.056517361
0.040705886
0.049061113
0.047516893
0.038608847
0.041658813
0.049237885
0.049633405
0.049848196
0.042391647
0.053478659
0.049610201
0.054770088
0.014872653
0.027050199
0.023311596
0.012232631
0.054794699
0.051309377
0.057043844
0.053884757
0.054038117
0.056228202
0.055766781
0.059170862
0.010165669
0.020150934
0.017865769
0.0088518757
0.043871802
0.056456756
0.043969511
0.05854936
0.040795844
0.062494967
0.039823611
0.065821174
-0.0049251208
0.0015746434
0.0018210305
-0.0025210449
0.036443412
0.060128993
0.039507394
0.063929522
0.039268831
0.061394812
0.041072011
0.066339416
0.0045650679
0.016312733
0.0157684
0.0061786259
0.043882048
0.055508135
0.050316456
0.057330016
0.045629027
0.055855781
0.051355817
0.057929512
0.027003271
0.036657076
0.034340468
0.025207678
0.054005092
0.058210734
0.055250653
0.061207575
0.054430081
0.057838196
0.05533928
0.060528463
0.022891824
0.031810084
0.029290578
0.020315514
0.039638327
0.065100696
0.037576762
0.069688805
0.039980232
0.064658346
0.037010638
0.070261785
0.0066503032
0.014379078
0.01234788
0.0059549148
0.053656695
0.042416378
0.062497576
0.044090905
0.056217913
0.050543734
0.065036192
0.052255745
-0.060525472
-0.063073161
-0.063490373
-0.060917021
0.067938111
0.048753402
0.069595495
0.052434534
0.070186222
0.056250963
0.071365419
0.060224749
-0.061940629
-0.064472004
-0.06591437
-0.063470428
0.059792731
0.055463952
0.063394585
0.057372962
0.06095391
0.063641105
0.064063781
0.066054956
-0.048649249
-0.056595515
-0.058115307
-0.050035489
0.0460542
0.05925207
0.055264516
0.061038231
0.046915625
0.0610671
0.055726778
0.062744762
-0.036208372
-0.045552351
-0.046364346
-0.037198621
0.057168307
0.055995249
0.065829902
0.057503579
0.056518164
0.05845307
0.064961109
0.059585957
-0.053235544
-0.058782322
-0.059470432
-0.053957435
0.07076048
0.060273136
0.071761553
0.063983443
0.06980884
0.060773695
0.070961772
0.063774199
-0.055985896
-0.061236977
-0.063851062
-0.059071173
0.061561015
0.067265767
0.064289849
0.069751414
0.061605351
0.066505445
0.064098386
0.068701879
-0.039792538
-0.048668666
-0.052190964
-0.043681476
0.056560135
0.05111829
0.053732116
0.054294302
0.05507637
0.057703317
0.052361211
0.060868141
0.0083902089
0.016649624
0.016568044
0.0087867758
0.0490491
0.047204793
0.042982556
0.049790965
0.048036352
0.055725526
0.04244297
0.058022937
0.0099641828
0.017564429
0.019489787
0.011787139
0.033735209
0.052390251
0.028782408
0.054664391
0.028564855
0.060203052
0.023928362
0.06198783
0.0034775642
0.0049975211
0.0065290981
0.0045746129
0.034084893
0.067200814
0.029857564
0.070779001
0.033028118
0.06671565
0.02867535
0.070635938
0.004313491
0.0099824422
0.0076419096
0.0021417392
0.054426866
0.060992318
0.051910536
0.063861556
0.054521111
0.061234391
0.052315166
0.063553319
0.017790098
0.027039431
0.02530528
0.015627792
0.048015301
0.061327808
0.042930949
0.063175714
0.048925696
0.063615032
0.044389644
0.064948094
0.0141083
0.024301544
0.024197783
0.013463558
0.025410642
0.064849773
0.020971496
0.066117084
0.024314759
0.066167879
0.01999625
0.067098525
-4.8975204e-05
0.0056879906
0.0044420461
-0.0017855839
0.054669999
0.038158781
0.044187877
0.037970096
0.05762094
0.047135958
0.047039572
0.047398874
0.048364005
0.054472373
0.056123965
0.05068399
0.032291476
0.028317191
0.019505471
0.030559775
0.034801606
0.037529608
0.021405182
0.039999522
0.05337653
0.05817194
0.060553721
0.056332673
0.026953113
0.032639587
0.015794123
0.034169533
0.028741858
0.042409962
0.016565149
0.044361141
0.0381142
0.046492139
0.050027767
0.042060386
0.05140045
0.056306689
0.04203719
0.057726203
0.053625265
0.061599101
0.044431944
0.06314638
0.036538143
0.046798878
0.048827892
0.038716563
0.05963514
0.054368698
0.049139791
0.055104151
0.060624511
0.059075025
0.050371422
0.060152851
0.054795483
0.059752483
0.061266946
0.056561967
0.036720056
0.046115146
0.022788804
0.048819413
0.037938619
0.053039213
0.023593346
0.055971666
0.0592561
0.063783542
0.06741732
0.062980273
0.030730169
0.051626998
0.01744403
0.054134458
0.032773165
0.059219287
0.018405566
0.062375679
0.041993997
0.051822538
0.055873253
0.046471572
0.035888175
0.04082527
0.027949682
0.042343571
0.035770592
0.05082759
0.028011329
0.052047281
0.014100358
0.022147918
0.025345505
0.01677058
0.019165909
0.035111637
0.0093573131
0.03585064
0.018952377
0.045712511
0.0081943694
0.046665516
0.019721361
0.028939168
0.032882902
0.022957334
0.010325804
0.037230162
3.5915527e-05
0.040706165
0.0066692229
0.047836523
-0.0036061082
0.050400323
0.0042630437
0.011235002
0.012747887
0.0026742049
0.016397169
0.060078842
0.011129786
0.059533092
0.015451726
0.06459768
0.010113726
0.063061841
-0.0027693191
0.0041489216
0.0049501492
-0.0029874806
0.036672131
0.059034725
0.029043424
0.059899995
0.038547628
0.064420481
0.031021633
0.06501463
0.013876672
0.025126486
0.027200237
0.015491262
0.019629715
0.05604615
0.0078169751
0.057256603
0.021209916
0.064963727
0.0083174974
0.066501525
0.018429258
0.030532707
0.035255353
0.022812387
0.0041867098
0.05795041
-0.0058203455
0.058726888
0.003162168
0.066605176
-0.0063810052
0.065096326
-0.0027883894
0.0068716871
0.0098365689
-0.0029194984
0.047684103
0.058112829
0.05809046
0.056295069
0.049612623
0.05787432
0.059682839
0.05581105
0.058836401
0.062239551
0.063238383
0.059319811
0.066280158
0.059558684
0.071935743
0.057558997
0.067078809
0.058709553
0.071767473
0.056785661
0.059753381
0.06391806
0.064257613
0.06007176
0.062981668
0.056058241
0.066788815
0.055365362
0.063258496
0.054917564
0.066703285
0.053452163
0.046914444
0.0539125
0.053841697
0.046138795
0.050178024
0.052648158
0.057829739
0.051239461
0.050080364
0.050374583
0.057359083
0.048637544
0.045293068
0.050919364
0.052152846
0.046197922
0.051332205
0.056573341
0.060899727
0.05452772
0.052765941
0.054003573
0.061693138
0.052251718
0.055666163
0.059057902
0.060605694
0.057123291
0.067361209
0.056953706
0.070936146
0.055375699
0.067135488
0.054311903
0.069511162
0.053351387
0.058776258
0.062108798
0.063455808
0.060458073
0.062974817
0.053346511
0.066059924
0.051210796
0.062104017
0.051419419
0.064831573
0.048813075
0.047318205
0.05368029
0.055332805
0.048536358
0.04708818
0.054979458
0.052265334
0.056954521
0.047797303
0.053204413
0.052631775
0.054717286
0.033814155
0.04143249
0.040542727
0.032933982
0.054951403
0.055833507
0.055761555
0.057834361
0.055209748
0.052895811
0.056207134
0.053850752
0.031147749
0.039208961
0.037568264
0.028705214
0.041159325
0.061722688
0.037720897
0.067793442
0.042418018
0.056928859
0.039195644
0.062663987
0.014990603
0.022997789
0.020057927
0.012068592
0.044001817
0.053783212
0.044449633
0.057981563
0.041393458
0.048095306
0.042529386
0.050455105
0.019119434
0.025962375
0.026068217
0.019450925
0.047448367
0.050691169
0.052162134
0.051418982
0.045919464
0.047416661
0.050720996
0.047123441
0.032660226
0.039137421
0.039672717
0.032885271
0.054918667
0.049574319
0.056392743
0.049205677
0.053913695
0.0461652
0.056119079
0.044320241
0.032602541
0.04015756
0.040564686
0.031896611
0.043060715
0.050901546
0.040904828
0.055355831
0.042626399
0.044159516
0.042404778
0.046421387
0.017650018
0.024995609
0.022954318
0.014083283
0.043285582
0.043160616
0.048353331
0.041736974
0.039829266
0.037496882
0.045311641
0.034996586
0.025332202
0.031985149
0.033859962
0.026750675
0.052191032
0.042616148
0.055319654
0.039307223
0.049946827
0.038428576
0.054103884
0.033877715
0.028580018
0.036458664
0.039356892
0.030519811
0.041052096
0.037021998
0.043447178
0.03643831
0.038791311
0.029531918
0.044070684
0.025957282
0.01371541
0.020847176
0.021102308
0.011429794
0.024888805
0.02268939
0.030075154
0.018409894
0.022334976
0.011212983
0.028689857
0.0061103262
0.0044990126
0.011162027
0.012201946
0.0040296699
0.036061977
0.029800481
0.042096549
0.026476203
0.032738927
0.019300277
0.03949807
0.015627181
0.019261861
0.028476677
0.031117736
0.021378146
0.047622446
0.032561656
0.052797961
0.02726432
0.045946757
0.023360715
0.051968917
0.018193419
0.024479184
0.034649962
0.038304526
0.027968705
0.036865641
0.021409828
0.044664998
0.015452673
0.03679556
0.012044569
0.045963332
0.0052787123
0.004121587
0.014124724
0.016660572
0.0048007677
0.041330895
0.066211055
0.033890452
0.066732892
0.044876898
0.06405352
0.037501344
0.064763896
0.017758948
0.031553456
0.031981497
0.017818684
0.023637456
0.070934925
0.0096609171
0.072989332
0.026748431
0.072439354
0.011682079
0.075342037
0.019256168
0.03349023
0.036575608
0.022403285
0.0038258441
0.072712227
-0.0052826126
0.069012837
0.0062902261
0.075257991
-0.0027088361
0.07010179
-0.0085455575
0.0046680777
0.0071690147
-0.0080818829
0.025292167
0.059642285
0.018816065
0.058655707
0.032734007
0.052292201
0.025608515
0.052747608
-0.0080680127
0.0089633421
0.0074022335
-0.0096752162
0.048921347
0.058110484
0.04157491
0.059256899
0.053064419
0.049050904
0.045692838
0.050788968
0.025695584
0.04052254
0.039523095
0.024396044
0.030257399
0.068433789
0.014112487
0.072584475
0.033773785
0.058768613
0.016631089
0.064473635
0.02331625
0.038281256
0.03738152
0.022773934
0.010486537
0.073518219
0.0010069153
0.068144565
0.016118847
0.067248374
0.0054313587
0.063113557
-0.010196094
0.0066147215
0.006462298
-0.010409146
0.057950749
0.041932409
0.059987387
0.038203911
0.057853635
0.037059252
0.060960523
0.032262082
0.032295887
0.042165981
0.044548561
0.033668352
0.061012336
0.039994964
0.060284325
0.038059304
0.062872913
0.032417502
0.062731049
0.029999307
0.034436976
0.046225929
0.046978279
0.034443837
0.047810936
0.036991127
0.046068182
0.037950211
0.055720573
0.028401143
0.054978484
0.029051114
0.0024495801
0.019853669
0.018680088
-0.00024700751
0.052412949
0.020238237
0.058834582
0.016023504
0.055023186
0.012136423
0.062543144
0.0073460294
0.0059207605
0.019440625
0.022042826
0.0072050233
0.057513696
0.030901082
0.061386185
0.025673235
0.057247124
0.021995371
0.061271155
0.017348101
0.031252884
0.041388031
0.043456902
0.033868028
0.063763708
0.024223862
0.063757701
0.021755134
0.063368681
0.014900589
0.062772983
0.013040957
0.035540098
0.04438511
0.044335782
0.036172423
0.062643862
0.01993614
0.062709127
0.020234371
0.067074154
0.011591445
0.067397836
0.011702605
0.0082785888
0.02403683
0.025032243
0.0087099821
0.044433054
0.037950067
0.036933799
0.036688798
0.039021626
0.027177003
0.032026981
0.025442865
0.06651265
0.067527497
0.067159962
0.065817873
0.028535997
0.033293931
0.018360697
0.032325137
0.024646633
0.019144147
0.01594075
0.016868464
0.064258066
0.066109814
0.06447419
0.062005357
0.035373897
0.033767189
0.020800836
0.037945432
0.033605777
0.017267774
0.020043267
0.020889006
0.052654043
0.059879104
0.056946864
0.049070212
0.04760303
0.013002285
0.040761583
0.013140364
0.04567691
0.0026161221
0.038532241
0.0031688068
0.049959836
0.055441594
0.054455619
0.049096885
0.035196887
0.015588895
0.028430457
0.013934301
0.03439961
0.0036695309
0.027378861
0.0028623333
0.060232164
0.064108869
0.062517207
0.058962619
0.021446625
0.0044640101
0.013377862
0.0018093841
0.019743844
-0.0089228633
0.010811731
-0.010281812
0.05774748
0.060296597
0.057344703
0.056444905
0.031428796
0.0017354221
0.018794164
0.004844169
0.029145086
-0.0096547212
0.017096647
-0.0066705112
0.048542676
0.05387423
0.053426243
0.047876466
0.05677851
0.037937805
0.049315656
0.040274917
0.059434196
0.02604142
0.051815666
0.028823557
0.033570779
0.046641993
0.045109039
0.031724267
0.036838403
0.044432566
0.018924701
0.051705864
0.038963739
0.027552261
0.020739779
0.035949667
0.028802214
0.042323084
0.038264791
0.024653823
0.022643922
0.056814612
0.010090692
0.055200459
0.029274636
0.043241463
0.014530325
0.044833524
-0.0063521429
0.012336245
0.0087346292
-0.0084691247
0.058207522
0.021815768
0.048818677
0.026746384
0.062741493
0.011550774
0.052947376
0.016658612
0.008075105
0.024711299
0.022840449
0.0060559354
0.060335307
0.014622929
0.052512671
0.017571388
0.058737077
0.0047427715
0.050689782
0.007512411
0.035781928
0.043650145
0.042658749
0.034401648
0.039660174
0.011144388
0.021907749
0.019692085
0.038423554
-0.0013031277
0.022319984
0.0059230437
0.031949892
0.041424615
0.039467681
0.028079121
0.035000225
0.028168265
0.018361801
0.032683752
0.038622125
0.013714978
0.021288084
0.019661848
0.0025752396
0.01927351
0.013961513
-0.0020391948
0.053985658
0.050611693
0.059084295
0.043573184
0.052906845
0.057091639
0.05874691
0.049553045
-0.018575851
-0.0086975319
-0.0074618676
-0.018023571
0.061989028
0.047850389
0.062151541
0.042259427
0.06233868
0.054312334
0.063063329
0.048117955
-0.017761358
-0.0065971856
-0.0061534972
-0.01780318
0.059097
0.038265913
0.05606261
0.03609282
0.059988491
0.043777608
0.056989401
0.041501511
-0.040411998
-0.029276111
-0.029630738
-0.040904583
0.061413852
0.049091011
0.061999924
0.04676115
0.062686904
0.05212395
0.063035102
0.049879933
-0.04647527
-0.034861419
-0.034628399
-0.04632464
0.053169973
0.061088254
0.058842886
0.05385276
0.054660883
0.062634371
0.059338457
0.056400558
-0.021933335
-0.0085613958
-0.0093262892
-0.021956913
0.062189164
0.058618177
0.062633611
0.052512788
0.061599235
0.060682767
0.061007782
0.055276966
-0.021759013
-0.0099992031
-0.010372224
-0.021258179
0.060709368
0.048213055
0.057464401
0.045954404
0.06135349
0.051363503
0.057615654
0.049234121
-0.045678329
-0.034036359
-0.033047193
-0.044490592
0.042735871
0.036612737
0.034054443
0.036623207
0.043085933
0.042526026
0.034118397
0.042690226
-0.059128462
-0.05126821
-0.051601357
-0.058939603
0.025011469
0.042146992
0.01613046
0.039667341
0.024881376
0.048261067
0.016000185
0.045471148
-0.059002762
-0.052301195
-0.05397134
-0.059964347
0.015368085
0.037257247
0.0073861097
0.035076485
0.014729297
0.042911575
0.0067584998
0.040676609
-0.064481453
-0.063100599
-0.06320728
-0.06368082
0.036232197
0.048724901
0.025475596
0.050589706
0.03827225
0.052152351
0.027676111
0.053980091
-0.069374632
-0.066353768
-0.063892387
-0.06682772
0.043705339
0.047271558
0.034563241
0.047497403
0.044674943
0.050623386
0.035407914
0.050906929
-0.060771681
-0.052799889
-0.05077254
-0.058480694
0.025191082
0.052321038
0.016280422
0.049582837
0.02587701
0.054306547
0.016811932
0.052061923
-0.056359275
-0.049161424
-0.048994482
-0.05537796
0.015537289
0.047252085
0.0072751799
0.04534708
0.017558506
0.050399285
0.0086904052
0.049248074
-0.063845695
-0.061315251
-0.059502489
-0.06119175
0.054637016
0.057913915
0.06281084
0.058615235
0.052141963
0.054635286
0.059970817
0.054966948
-0.049651809
-0.056475243
-0.057356562
-0.050573278
0.067671283
0.058068532
0.069203289
0.060126674
0.06483341
0.052730439
0.066790883
0.053861596
-0.052864642
-0.059357151
-0.062173265
-0.056210903
0.061181256
0.062085835
0.063533888
0.063785649
0.060457513
0.055051418
0.062670057
0.056228787
-0.035644567
-0.044773918
-0.048683186
-0.040127267
0.048262539
0.049796599
0.055250902
0.050880788
0.048985307
0.042349713
0.055221461
0.043381137
-0.034411875
-0.043634596
-0.044182866
-0.035211355
0.049754177
0.049057209
0.057130808
0.04916556
0.048148153
0.041712471
0.054959866
0.041769078
-0.051345368
-0.057197052
-0.057805304
-0.051838906
0.061865484
0.045467827
0.064099084
0.045907887
0.059356076
0.037004516
0.061568165
0.037132459
-0.053124043
-0.059100081
-0.060830962
-0.054981228
0.059642392
0.046528027
0.061616973
0.04731916
0.058946548
0.037508744
0.060524936
0.038152722
-0.036944061
-0.045601831
-0.047696456
-0.039413342
0.03918538
0.062837778
0.047507022
0.064411453
0.043376527
0.058550325
0.050978763
0.060170667
-0.0096283841
-0.020436969
-0.022336034
-0.012151451
0.05342596
0.065154533
0.056602865
0.066217597
0.055920836
0.057429256
0.058175396
0.058814309
-0.016363441
-0.026009324
-0.031019047
-0.021750363
0.047699899
0.06708569
0.050758065
0.067918194
0.053858605
0.060673768
0.054957742
0.063402001
0.0010940578
-0.0071741295
-0.012626466
-0.0038798337
0.051022098
0.055539269
0.05778912
0.05703416
0.058516607
0.048061787
0.064760114
0.049771698
0.0070113761
-0.0025494751
-0.0049849227
0.0040313515
0.047695762
0.052302775
0.054519711
0.053911618
0.051560592
0.044758188
0.057627895
0.046358488
-0.013239937
-0.024099613
-0.02533819
-0.015054849
0.058456501
0.048400612
0.059770358
0.050053051
0.060632828
0.03923694
0.061078248
0.041133221
-0.017873664
-0.027559396
-0.030524193
-0.021375662
0.060429573
0.052738503
0.05961073
0.057101042
0.06621487
0.044449437
0.063828631
0.05005336
0.00035613532
-0.0083663985
-0.012282617
-0.0035714566
0.053361876
0.059702626
0.061392692
0.058656925
0.05103471
0.057962583
0.059333546
0.056582418
-0.061519414
-0.056917913
-0.057918436
-0.062557968
0.066550202
0.053651058
0.068947597
0.053694955
0.065010667
0.05199161
0.068052083
0.051286698
-0.063895556
-0.059017912
-0.060030801
-0.065303857
0.069947209
0.054595048
0.071399279
0.056138008
0.066764788
0.051265124
0.068930879
0.051804307
-0.06369236
-0.065350552
-0.067201167
-0.066012166
0.050125998
0.050430358
0.058074591
0.049490215
0.047456239
0.04324044
0.055164083
0.042210117
-0.060883524
-0.062116772
-0.063232929
-0.061722533
0.048587255
0.053430781
0.057113496
0.051790298
0.046532885
0.046512191
0.055188491
0.044722883
-0.060615602
-0.056105009
-0.057614756
-0.061979435
0.063263881
0.047672039
0.066895598
0.046318769
0.061670257
0.0408527
0.065723522
0.039067378
-0.063547838
-0.059174013
-0.060574613
-0.065073811
0.063406604
0.045547042
0.066150268
0.045303163
0.060524333
0.037858755
0.063542096
0.037205664
-0.063110676
-0.064731763
-0.066343371
-0.064777412
-0.0040454415
0.044519403
0.011572451
0.04396761
-0.0020832152
0.033290633
0.012638989
0.033448695
-0.0186326
-0.0071137123
-0.0061917665
-0.018954239
0.026564491
0.045588792
0.040228303
0.045503595
0.027470985
0.035072692
0.041353167
0.035404592
-0.019713552
-0.0055225309
-0.0052133676
-0.020669636
0.023076826
0.045446567
0.03523031
0.045036611
0.02300729
0.035798061
0.034845215
0.035800622
-0.041418393
-0.031590486
-0.032991663
-0.042707272
0.00066973615
0.027224815
0.011503937
0.030289227
0.002561742
0.020339926
0.012136906
0.024860105
-0.039567121
-0.029085925
-0.028172266
-0.036824582
0.00012068448
0.021954158
0.013006691
0.023728504
0.0020999455
0.011016569
0.012648217
0.0149003
-0.018210852
-0.0070342544
-0.0076698743
-0.018639477
0.026824985
0.023825828
0.040241759
0.025202436
0.024762785
0.012436292
0.037016324
0.015450544
-0.020155139
-0.0090980218
-0.010500567
-0.021732695
0.02279322
0.026393921
0.034130143
0.026940697
0.02248268
0.017764819
0.03313525
0.018974568
-0.036573879
-0.028971527
-0.030294541
-0.037421846
0.052044559
0.042701506
0.061555625
0.042694943
0.053517286
0.032659616
0.063360837
0.033015476
-0.021683288
-0.00533823
-0.0059007012
-0.022679447
0.068351416
0.039284662
0.072107942
0.039036687
0.070403809
0.02959777
0.074304507
0.029517338
-0.023617758
-0.0068481301
-0.0080823041
-0.024473694
0.063473967
0.037083911
0.068512434
0.034502574
0.063583841
0.027419726
0.068947361
0.024620354
-0.046954225
-0.036868627
-0.037723946
-0.04793652
0.044998396
0.022355305
0.054789268
0.020698677
0.043552678
0.013617453
0.053122975
0.012120331
-0.038260027
-0.03120602
-0.031129919
-0.038369343
0.05228491
0.022113323
0.062224712
0.023099328
0.048368484
0.011837418
0.058002473
0.013873631
-0.022609993
-0.011270441
-0.011084644
-0.022365944
0.069512204
0.019777361
0.073777001
0.019847675
0.065305688
0.010723448
0.069872527
0.011242984
-0.020951568
-0.0099098642
-0.0079782219
-0.018662785
0.062846415
0.017610493
0.06853452
0.014605736
0.061201596
0.0090188509
0.067166184
0.0058203748
-0.037489608
-0.029913426
-0.027811934
-0.035805362
0.04527959
0.037855986
0.053938942
0.03602516
0.045073541
0.028292504
0.053622022
0.026477636
-0.056601202
-0.051510325
-0.052926384
-0.057788203
0.060565119
0.03202384
0.064820006
0.030059848
0.060224357
0.022003664
0.064492085
0.020055351
-0.058947279
-0.054217809
-0.055277004
-0.059933885
0.058721336
0.028765114
0.061645117
0.028113004
0.058498003
0.018940549
0.061029632
0.018599787
-0.061597647
-0.061358895
-0.062096519
-0.061944442
0.049277589
0.015459622
0.055898687
0.014499362
0.053321462
0.0064126754
0.059911303
0.0050569158
-0.059075512
-0.055252266
-0.055354124
-0.059054687
0.045984387
0.018745142
0.05435417
0.016914909
0.047929449
0.010135233
0.0561232
0.0081439575
-0.050237006
-0.044517329
-0.044725852
-0.050433952
0.060842469
0.011875604
0.065045385
0.0099880534
0.062524725
0.0028798767
0.066753425
0.00088460989
-0.049965209
-0.044127769
-0.042846936
-0.048919077
0.060219077
0.0091204516
0.062271147
0.0091704848
0.064105035
4.8620999e-05
0.065923432
0.00023278023
-0.058372676
-0.054843648
-0.053798184
-0.057111261
0.05725306
0.061787134
0.060330008
0.057014694
0.060749115
0.058651796
0.061943395
0.05548021
-0.025035289
-0.0088918667
-0.011045259
-0.025596967
0.060888465
0.060489783
0.058698703
0.056212407
0.060500066
0.058097503
0.056422017
0.055124644
-0.025599024
-0.012824842
-0.013896038
-0.02490599
0.061985365
0.052927046
0.057563291
0.051009569
0.062651621
0.052559954
0.057434415
0.050891242
-0.050050921
-0.038441346
-0.036745649
-0.047942039
0.067725997
0.049384045
0.066919185
0.047310196
0.069328343
0.043575154
0.068257341
0.041403514
-0.053387812
-0.041793243
-0.042109204
-0.053516829
0.064828147
0.053410369
0.064221286
0.051649085
0.069007969
0.046349997
0.06701531
0.045545814
-0.02702725
-0.0096802615
-0.012229769
-0.028051094
0.060837443
0.053645615
0.054895766
0.051873426
0.062095946
0.047358822
0.054627643
0.046429967
-0.028438011
-0.014348879
-0.01572457
-0.028028791
0.063386764
0.04995437
0.057366734
0.048515026
0.064212915
0.044929621
0.05750115
0.043641011
-0.052739012
-0.041624289
-0.040237787
-0.050959648
0.045801203
0.052431921
0.036420809
0.052825165
0.046750391
0.052592557
0.037251513
0.053169546
-0.061717509
-0.054449552
-0.051011796
-0.058252571
0.026682938
0.054512933
0.017339278
0.05314485
0.027277357
0.053397582
0.017594661
0.053128822
-0.054699532
-0.047762877
-0.045623153
-0.051882253
0.020269463
0.052495077
0.010596445
0.052404192
0.023009185
0.053634393
0.012521774
0.054687799
-0.062327104
-0.059617508
-0.056266928
-0.058500698
0.045203329
0.05321645
0.035662128
0.054793177
0.045678847
0.050187831
0.036522643
0.051720894
-0.065783134
-0.065248542
-0.062186611
-0.063261591
0.047194299
0.051017002
0.037567259
0.051842087
0.046955546
0.04760754
0.03718595
0.048708835
-0.062201539
-0.056481025
-0.05282842
-0.058719712
0.027366054
0.051425953
0.017369317
0.052265401
0.026796089
0.048924492
0.016573452
0.050663678
-0.054565773
-0.04863114
-0.04429772
-0.050045763
0.025119797
0.053813166
0.014017421
0.055819776
0.026084035
0.052887766
0.014738313
0.055383285
-0.059949862
-0.058384507
-0.054078393
-0.056059979
0.06641856
0.031076638
0.065205063
0.029788817
0.06609262
0.020845722
0.06483228
0.019669137
-0.060682311
-0.056068102
-0.05657712
-0.061163815
0.06121305
0.035573151
0.054698556
0.035553014
0.060723479
0.02595606
0.054023638
0.026120347
-0.061339142
-0.056758996
-0.056490239
-0.061110792
0.057473582
0.03599458
0.052010244
0.036583161
0.055860645
0.026896878
0.050174739
0.027914847
-0.061844323
-0.062955335
-0.0626896
-0.061449733
0.062082771
0.0091025755
0.059707915
0.010187299
0.065366045
-0.0010333131
0.062457614
0.00054677549
-0.055628574
-0.052598725
-0.051772104
-0.054421222
0.066604257
0.0099299769
0.065291822
0.0089050574
0.068442888
-0.00032781513
0.067322235
-0.0014493038
-0.047713637
-0.041352827
-0.040280795
-0.046924462
0.061085325
0.014625879
0.054213917
0.014960983
0.06329073
0.0024577956
0.056476087
0.0026989746
-0.047080264
-0.040209861
-0.041431698
-0.048449626
0.055255116
0.016182817
0.048912835
0.01785916
0.057295233
0.0041647092
0.050093417
0.0064003471
-0.053983091
-0.051815299
-0.05301232
-0.054658943
0.072631271
0.037885221
0.069901123
0.037458907
0.074881221
0.028571097
0.07213306
0.0280014
-0.025223114
-0.0094707975
-0.010867877
-0.025831011
0.064113158
0.039546563
0.055715603
0.038932901
0.066261699
0.030601523
0.057690071
0.029736205
-0.026245028
-0.012140034
-0.013189175
-0.026393026
0.065132692
0.037522267
0.057963863
0.036250819
0.066114163
0.028060122
0.058837845
0.026628033
-0.0491876
-0.03885031
-0.038613766
-0.048872275
0.071322344
0.015277005
0.070864448
0.012201996
0.070480186
0.0058332139
0.070755236
0.0022945173
-0.033842741
-0.02539189
-0.023363896
-0.032290762
0.074828282
0.019106478
0.072652212
0.018127695
0.071496726
0.010326941
0.070151426
0.0090973192
-0.016051865
-0.0057190081
-0.0036620121
-0.013787175
0.067408895
0.021000589
0.059428445
0.019442475
0.065960197
0.011310607
0.059165752
0.0089152359
-0.012483187
-0.0023290988
-0.002120468
-0.012529746
0.067066429
0.017209522
0.060121547
0.015412257
0.0678033
0.0059908472
0.061670476
0.003623056
-0.031776566
-0.0223746
-0.022795635
-0.0326341
0.045433371
0.043565803
0.034274737
0.042110716
0.047073138
0.034812815
0.035301945
0.033618975
-0.02618503
-0.013969322
-0.014494279
-0.025522091
0.023518039
0.047646939
0.014676873
0.043996251
0.023505755
0.038658674
0.013046041
0.036713913
-0.024318449
-0.014837788
-0.015134461
-0.022534742
0.026841227
0.043156566
0.016703673
0.044079421
0.026085354
0.037476539
0.014903324
0.039621426
-0.042707582
-0.033879766
-0.03023767
-0.037782035
0.050511528
0.023140232
0.038971705
0.023637811
0.052646046
0.01101486
0.041244325
0.011214305
-0.034706753
-0.024548064
-0.026992171
-0.037216361
0.049207116
0.024789368
0.037408819
0.023509102
0.050100728
0.013716923
0.039161626
0.011799628
-0.013950483
-0.0032072299
-0.0054501703
-0.016314116
0.024880695
0.028437053
0.012686364
0.028366582
0.026792602
0.016977122
0.013491652
0.018203821
-0.018712781
-0.0083589489
-0.011085753
-0.019818602
0.026429096
0.030681756
0.013932525
0.033851087
0.02816178
0.021570513
0.014216901
0.025365582
-0.038717537
-0.028899712
-0.028496304
-0.037128221
-0.045428383
-0.042575417
-0.046909307
-0.044805605
-0.062061635
-0.039221127
-0.0638747
-0.057410378
-0.042228407
-0.058591102
-0.066361377
-0.060963575
-0.0088658597
-0.018694188
-0.014919185
-0.0035160684
-0.048839967
-0.047903871
-0.028867536
-0.026650736
-0.051392766
-0.046422798
-0.051664729
-0.024547343
-0.011267732
-0.05365729
0.0016144786
-0.069710965
-0.066044231
-0.068702552
-0.065921934
-0.051174079
-0.060102679
-0.053133698
-0.049792949
-0.06079174
-0.050829447
-0.055727059
-0.052337966
0.067651294
0.068737696
0.069698789
0.069246116
-0.06728529
-0.065291709
0.06686942
0.06728479
-0.046149239
-0.06089077
-0.046435615
0.066678163
0.069676176
-0.047071491
0.069933113
-0.040820054
-0.050727401
-0.0424642
-0.052480815
-0.047664645
-0.059237405
-0.048012767
-0.052420706
-0.060979844
-0.052384345
-0.04893962
-0.053176559
-0.042028046
-0.050557042
-0.047727764
-0.038841013
-0.044421616
-0.054409428
-0.057306486
-0.055197023
-0.055171004
-0.06265847
-0.054650118
-0.053184729
-0.045125022
-0.055098033
-0.035886237
-0.039515963
-0.046386535
-0.039646338
-0.045492614
-0.0521139
-0.050289678
-0.053905723
-0.057071516
-0.048394959
-0.059819488
-0.055461589
-0.06276899
0.0020312945
-0.0097708414
-0.0091254415
0.00028872922
-0.041082562
-0.045868416
-0.02127102
-0.01905911
-0.059182833
-0.047762609
-0.062741258
-0.016802645
-0.0082472089
-0.06714893
-0.0010646062
-0.048987413
-0.058202172
-0.051123342
-0.060296901
-0.04879163
-0.064395428
-0.051241635
-0.056834755
-0.066185105
-0.059586371
-0.0529314
-0.061715644
0.041458238
0.050068928
0.050579926
0.042004428
-0.052232387
-0.061191134
0.056649258
0.057161187
-0.061310631
-0.06676829
-0.063957255
0.058702021
0.052243893
-0.066169275
0.043762031
-0.049901733
-0.046525043
-0.046820762
-0.04338585
-0.052601879
-0.041784238
-0.055610438
-0.059996682
-0.038885078
-0.062854937
-0.05820571
-0.065423158
-0.0021006627
-0.0062539566
-0.0054709856
-0.0019164289
-0.045129136
-0.041717602
-0.013075447
-0.012028972
-0.063955298
-0.037494881
-0.066538159
-0.011730704
-0.0050586444
-0.069039879
-0.001532973
-0.051302697
-0.041281237
-0.054066784
-0.04398728
-0.034324991
-0.030049354
-0.035438889
-0.043915358
-0.032344632
-0.045395959
-0.036592103
-0.046853454
-0.033732751
-0.043542591
-0.046098709
-0.036537836
-0.056392091
-0.046395774
-0.05165619
-0.053787965
-0.052305604
-0.034429495
-0.054192908
-0.056602799
-0.049367276
-0.056013553
-0.040146052
-0.029862433
-0.022878758
-0.027839236
-0.021165711
-0.038716561
-0.014849255
-0.040020728
-0.049005545
-0.01309944
-0.049767768
-0.042077318
-0.05076321
-0.0009938226
-0.0058261863
-0.0071090119
-0.00094843975
-0.027179731
-0.0206652
-0.013640921
-0.015878843
-0.058226819
-0.0124412
-0.058289181
-0.01897933
-0.008976428
-0.057836013
-0.00078832954
-0.048282189
-0.057849641
-0.0498381
-0.059027773
-0.056641512
-0.065113806
-0.055115143
-0.05609084
-0.065636219
-0.054204868
-0.0544216
-0.052869758
-0.047414383
-0.052991196
-0.05363301
-0.0476158
-0.051001415
-0.059720053
-0.057640079
-0.058689533
-0.054885934
-0.065607593
-0.052829816
-0.059775868
-0.054393405
-0.050925078
-0.04781291
-0.045105515
-0.048233171
-0.046148844
-0.048904811
-0.056985329
-0.048781781
-0.0609639
-0.053802157
-0.049398876
-0.057145005
-0.067141766
-0.063047412
-0.018045066
-0.026592692
-0.02644414
-0.018701491
-0.045757025
-0.048516331
-0.034234972
-0.033882705
-0.049841291
-0.04945154
-0.051965611
-0.032732615
-0.024869346
-0.056615109
-0.017129173
-0.040044672
-0.043834027
-0.035392852
-0.040052459
-0.04033602
-0.04697097
-0.038768116
-0.034489248
-0.044697415
-0.030940997
-0.038473537
-0.027747094
-0.010543408
-0.015149957
-0.016128412
-0.010226932
-0.030766634
-0.036392122
-0.021416755
-0.023309807
-0.027143218
-0.04252245
-0.022064553
-0.02603454
-0.017483798
-0.016563115
-0.0095030098
-0.030324185
-0.023817918
-0.034281177
-0.027641018
-0.069206116
-0.014949609
-0.068413855
-0.069063166
-0.018175426
-0.068672642
-0.065388193
-0.065341068
0.0086622875
-0.0059318962
-0.0048707741
0.0099507046
-0.039677336
-0.032798904
-0.021400838
-0.020711034
-0.064534294
-0.022487565
-0.065287652
-0.020929008
-0.0050858643
-0.062657109
0.010011631
-0.052782944
-0.055250976
-0.054349575
-0.058640223
-0.038002299
-0.056710609
-0.035772094
-0.031184302
-0.061540838
-0.027776609
-0.035926552
-0.026670111
-0.0074210479
-0.020479773
-0.02164879
-0.0062588026
-0.055556995
-0.061240183
-0.031963074
-0.034287792
-0.023949495
-0.065081207
-0.019910443
-0.03577847
-0.022290867
-0.017726137
-0.0050636947
-0.048632488
-0.041358214
-0.044228011
-0.03739019
-0.03352561
-0.032183641
-0.033470955
-0.0201107
-0.029098795
-0.019317202
-0.035344606
-0.020798284
-0.054700443
-0.060548811
-0.059522168
-0.053556376
-0.040785948
-0.034101183
-0.064393352
-0.063424441
-0.0069492902
-0.026202266
-0.0060255801
-0.061796972
-0.057848214
-0.0073391083
-0.051614805
-0.052729072
-0.045057176
-0.058605344
-0.050448191
-0.044076933
-0.032530894
-0.048602298
-0.030565532
-0.036931061
-0.036804216
-0.050022712
-0.040719996
-0.0022216609
-0.021231811
-0.019184595
-0.00021474756
-0.062445389
-0.053861604
-0.035690201
-0.033959343
-0.017175731
-0.039851278
-0.024227424
-0.030927351
-0.01586877
-0.030047159
0.0024302124
-0.056731222
-0.059440054
-0.056621052
-0.059750239
-0.04299284
-0.060302022
-0.038529221
-0.048803044
-0.060983335
-0.044020617
-0.036253571
-0.041661357
0.043216433
0.032116553
0.032008114
0.043351954
-0.05732961
-0.060356155
0.020311035
0.020072496
-0.05305221
-0.06138586
-0.048370303
0.019843029
0.031787658
-0.046038812
0.04324447
-0.038856387
-0.029214747
-0.038931187
-0.028970895
-0.037469196
-0.019840917
-0.036894878
-0.043547268
-0.019396331
-0.043073923
-0.036742366
-0.04308208
0.068586294
0.065669458
0.063932915
0.066509185
-0.039717335
-0.029647997
0.060113109
0.058758576
-0.048241725
-0.019929085
-0.047925318
0.057621676
0.062205119
-0.048127048
0.064213004
-0.051428142
-0.059667924
-0.050187612
-0.057934878
-0.059589896
-0.064794011
-0.061214504
-0.054369166
-0.062827141
-0.05541407
-0.062830489
-0.056628941
0.031781834
0.04149272
0.042406934
0.033006122
-0.049047971
-0.05620141
0.049882172
0.050665276
-0.047230575
-0.060745972
-0.047861386
0.052597047
0.044628539
-0.048786223
0.035653171
-0.036050978
-0.044258001
-0.042241879
-0.049766883
-0.065622923
-0.050135908
-0.066691517
-0.059474684
-0.054433449
-0.061214529
-0.06752379
-0.063353848
-0.0089304561
0.00013870311
0.0031694761
-0.0052411162
-0.04866688
-0.055463764
0.010482152
0.012818687
-0.051671445
-0.058914086
-0.053940365
0.016599749
0.0074537685
-0.05715757
-0.00075744596
-0.05609003
-0.06413014
-0.052861871
-0.06104379
-0.055909501
-0.068976553
-0.056122207
-0.05361008
-0.066376554
-0.053114471
-0.05689277
-0.05312369
0.060880336
0.062662591
0.063760775
0.061810721
-0.04959489
-0.05784655
0.061479998
0.062720728
-0.048667396
-0.063576027
-0.047606354
0.064217328
0.065347421
-0.04703787
0.063470247
0.0031553543
-0.010816616
0.0010609698
-0.011558141
-0.0454637
-0.024299577
-0.045859021
-0.035113098
-0.024439153
-0.036221656
-0.046052821
-0.037134861
0.041102065
0.030142712
0.029426821
0.039026794
-0.0010469554
-0.011876733
0.018602653
0.018682092
-0.02500151
-0.023718652
-0.027279511
0.019653966
0.030174857
-0.02907583
0.039041688
-0.048378909
-0.058090165
-0.048558599
-0.058569367
-0.040755536
-0.065575865
-0.039141632
-0.031184452
-0.066397815
-0.029553898
-0.036864059
-0.027155433
0.041361059
0.032795926
0.033632169
0.042344453
-0.047149279
-0.0572377
0.02191239
0.022494652
-0.021435493
-0.065325907
-0.019864602
0.022573025
0.033896267
-0.017394313
0.042828022
-0.045632268
-0.053645609
-0.045815446
-0.053558574
-0.032537312
-0.059533416
-0.031081183
-0.022730367
-0.059222004
-0.021377564
-0.030222422
-0.020710553
0.060165982
0.057705193
0.058227012
0.060353345
-0.047619158
-0.055103191
0.05365394
0.054459471
-0.012924141
-0.060493723
-0.011683298
0.054986491
0.058503461
-0.011197445
0.060243596
-0.060985641
-0.062518238
-0.063690969
-0.064151009
-0.056368741
-0.06173227
-0.052853614
-0.055035082
-0.062080563
-0.052282714
-0.050800038
-0.050389437
0.053088615
0.041148269
0.041179579
0.052916973
-0.06668085
-0.066133727
0.02630127
0.027134092
-0.051477167
-0.062822302
-0.049361752
0.027322184
0.040392584
-0.047575044
0.051802896
-0.043131224
-0.03317751
-0.04489564
-0.035080541
-0.053252879
-0.023089171
-0.053715533
-0.053667269
-0.024798701
-0.054688583
-0.054668305
-0.056122614
0.06770104
0.066109764
0.062788761
0.064841239
-0.045991081
-0.036332848
0.062076624
0.058430491
-0.052758226
-0.025924467
-0.054313492
0.054444741
0.058906513
-0.056160344
0.061179406
-0.064273146
-0.062922212
-0.063568888
-0.062011937
-0.032075355
-0.059123224
-0.031968768
-0.022159538
-0.057993112
-0.022416464
-0.032188628
-0.023137661
0.059140582
0.058291479
0.058146639
0.058489477
-0.06423181
-0.062313031
0.055241449
0.055353394
-0.011087919
-0.057886574
-0.011841375
0.055716452
0.058245541
-0.013303178
0.058074986
-0.072031389
-0.070442349
-0.07344278
-0.072030522
-0.03784816
-0.065655921
-0.036081093
-0.02847801
-0.067300979
-0.026354508
-0.034178945
-0.024181175
0.042684967
0.033261555
0.032912545
0.042579677
-0.073299445
-0.072486123
0.021772368
0.021372619
-0.018380469
-0.068361269
-0.015674572
0.021269253
0.032865599
-0.013082055
0.042758082
-0.048267881
-0.037274689
-0.049481282
-0.037868172
-0.043433615
-0.026221664
-0.042751584
-0.035490297
-0.025828594
-0.035719626
-0.043345657
-0.03706019
0.043691452
0.0335982
0.033683988
0.043549275
-0.051293869
-0.03950098
0.02211646
0.02267523
-0.026020107
-0.026656191
-0.026942607
0.022742842
0.032703888
-0.02878044
0.041909714
-0.0628136
0.058621879
-0.061945032
-0.06312834
0.056004926
-0.062682315
0.045354845
0.044664906
-0.060416363
-0.059557475
-0.06092254
-0.057583578
-0.060868183
-0.057175301
0.044159932
-0.038879584
-0.038023686
-0.06308737
0.052710342
-0.063088998
-0.048113455
-0.048257406
-0.053599795
-0.061834394
-0.052236654
-0.048385753
-0.037239764
0.062102172
-0.055546816
0.059216445
-0.057472694
0.043915952
-0.063607473
-0.049638209
-0.06444224
-0.060900547
-0.052075843
-0.061392952
0.044022677
-0.064968108
-0.061689474
-0.036552924
-0.022741821
0.054478304
-0.059024358
-0.048442924
-0.055429907
-0.054123379
-0.055568878
-0.048382033
-0.035981104
-0.055711542
-0.035258138
-0.038898984
-0.064932047
-0.061624031
-0.064214933
-0.061145555
-0.0081523925
0.0058344488
-0.043924611
-0.055820752
-0.05595206
-0.050889225
-0.051522614
-0.044764362
-0.051432903
-0.043854464
-0.045101515
-0.0092228706
-0.021002321
-0.019109175
-0.0047536819
-0.03199986
-0.032094913
-0.031843729
-0.017016772
-0.00045620158
-0.062559498
0.04919296
-0.063008009
0.049777879
0.05095135
-0.049047515
-0.062272302
-0.046790505
0.051912903
-0.041939903
-0.043378682
-0.061522883
0.045481585
-0.062394758
-0.050462092
-0.052616988
-0.044123513
-0.062107443
-0.041155334
-0.054330702
-0.044407623
0.04857401
-0.059986712
0.052468278
-0.047934319
-0.055529357
-0.047733345
0.052426265
-0.047760886
-0.044805973
-0.031168471
0.041944352
-0.06024414
-0.05532953
-0.039168079
-0.056127857
-0.038687926
-0.055356908
-0.044365923
-0.038622832
-0.030000006
-0.049929406
-0.046074985
-0.048148054
-0.049096113
-0.014882349
0.0032286997
-0.056243284
-0.039293621
-0.012832683
-0.041075898
0.0060177389
-0.066858382
-0.065400576
-0.067560775
-0.066227058
-0.061726132
-0.050287868
-0.062460865
-0.049570583
0.061701283
0.061708246
-0.068087041
-0.066863063
-0.062982921
-0.046480362
0.060704858
-0.056025828
-0.056484977
-0.051830153
-0.04860616
-0.051362197
-0.051849626
-0.048684059
-0.05144951
-0.045107189
-0.05215154
-0.052066013
0.058606971
0.064918753
-0.05670348
0.04968763
-0.04979769
-0.0484879
-0.04952772
0.04671174
0.055529674
-0.050052841
-0.052299139
-0.05364022
-0.053896456
-0.053425265
-0.056160776
-0.055139976
0.06847713
0.069442738
-0.054335005
-0.051119119
-0.052381069
-0.065686004
-0.064200467
-0.04019678
-0.060277229
-0.040078329
-0.040253338
0.064518448
0.065727699
0.06631265
0.065099266
0.06426339
0.064810317
0.064658249
0.066276467
0.065168752
-0.068422913
-0.067275647
-0.042140926
-0.063264661
-0.040849554
0.05978492
0.060251386
-0.068610777
-0.067523577
0.05206193
0.052468416
-0.063402844
-0.032776748
0.052166392
0.059986764
-0.056676064
-0.045487384
-0.048041197
-0.045396928
-0.048232172
-0.045948541
0.058855117
0.063676478
-0.056547869
0.0510271
-0.038843949
-0.047533599
-0.038939634
0.048971053
0.056760171
0.046139354
-0.039627656
0.061774672
-0.054119636
-0.046058334
-0.046892061
-0.047903829
0.065502897
0.064623341
-0.053066883
-0.045086503
-0.040645543
0.063922724
0.044732098
-0.04166628
0.063413331
-0.039450211
0.04652196
-0.04943841
-0.040979847
0.052380311
-0.051449533
0.063376848
0.062180503
-0.048394418
-0.058873418
-0.047845081
-0.054395378
-0.061196393
-0.053168296
0.06081029
-0.061868415
-0.060667716
-0.042850226
0.056427988
-0.053654581
-0.063905781
-0.063632462
-0.058265309
-0.063382061
-0.056468041
-0.062935127
-0.059330998
0.049834674
-0.066533619
0.056072046
-0.069050625
0.059493221
-0.050647747
-0.071429862
-0.048640453
-0.05719207
-0.074076615
-0.054897608
0.058404925
0.053460528
0.07047619
-0.047547812
0.072831805
-0.053559561
0.045874341
-0.058036548
-0.051467108
0.059899714
-0.07100946
-0.061978586
-0.061116915
-0.075754532
-0.058732082
-0.060940649
-0.056948225
0.074382213
-0.057184145
-0.050210417
-0.065425997
-0.067155621
-0.068668823
-0.047707926
-0.070472468
-0.053523026
0.036495969
0.065847434
-0.049160761
0.066825856
-0.054847622
0.026378188
-0.042972896
-0.033416248
-0.068564069
-0.071746215
-0.05680221
-0.041459008
0.067652513
-0.057702355
-0.031650527
-0.046428067
-0.056264323
-0.056431541
-0.064087148
-0.055387084
-0.055316745
-0.047404835
-0.053874155
-0.052981831
-0.046011266
-0.059107464
-0.058866631
-0.058561628
-0.052103063
-0.044505123
-0.044871315
0.058969277
-0.055841189
0.064383995
0.064874371
-0.060365041
-0.065251589
-0.058186399
0.064749931
-0.062759447
-0.063201738
-0.046952748
0.060174961
-0.057888948
-0.064405836
-0.065465807
-0.060977131
-0.066707069
-0.058682684
-0.065808384
-0.063313996
0.061691092
-0.072302473
0.064131617
-0.062758998
-0.0764366
-0.060464897
0.063196913
0.060176707
0.075089221
-0.058753245
0.054336724
-0.063123588
-0.058188789
0.061803213
-0.072881754
-0.065522688
-0.062506965
-0.076121165
-0.06051297
-0.064780104
-0.062709387
0.074910534
-0.058748061
-0.057784238
-0.06954183
-0.072437765
-0.057916259
0.046283484
0.068259667
-0.058148998
0.036861209
-0.051252371
-0.042969787
-0.069982853
-0.072458487
-0.057441878
-0.050487436
0.068512176
-0.056865008
-0.041540866
-0.042249114
-0.051123491
-0.043443946
-0.051861485
-0.057548383
-0.050369819
-0.057813217
-0.054783606
-0.03213761
-0.029112463
-0.045089861
-0.052990737
-0.058405234
-0.056609006
-0.026215507
-0.061149975
-0.06109541
-0.061853138
-0.051650772
-0.061731506
-0.057322445
-0.054703324
-0.060549904
-0.023711906
-0.014731446
-0.061337187
-0.061921074
-0.059802536
-0.021844103
-0.062886544
-0.051337178
-0.048676018
-0.057747992
-0.064068787
-0.060254303
-0.067481734
-0.0072383982
-0.0018621686
-0.047321981
-0.066692172
-0.070998497
-0.043169192
-0.047004244
-0.058960534
-0.0480581
-0.06298311
-0.068577402
-0.010421668
-0.021596372
-0.021141517
-0.011772888
-0.031336102
-0.029978146
-0.02780666
-0.019425541
-0.011408787
-0.04679781
-0.054192323
-0.059105512
-0.056447571
-0.039889197
-0.038285008
-0.048190732
-0.055138238
-0.059654023
-0.054920832
-0.036271553
-0.061744155
-0.062340181
-0.059554722
-0.062169446
-0.034031099
-0.025089885
-0.062112407
-0.057321412
-0.031806114
-0.059126854
-0.022169472
-0.047087727
-0.044735863
-0.065991577
-0.07100482
-0.01672466
-0.0094411695
-0.047631024
-0.062572753
-0.013438815
-0.067874384
-0.0062689805
-0.056624764
0.040942539
-0.06508334
-0.059428095
0.049141159
-0.067875648
-0.062903586
-0.063272968
-0.043149023
-0.069927371
-0.04596362
-0.050908414
-0.072450424
-0.053821377
-0.064137625
0.060835581
0.061354042
-0.060264789
0.054872852
-0.068617038
0.062383817
0.062884214
-0.05591342
-0.07305916
-0.058528779
0.064089621
0.062743763
0.044935831
-0.071014564
0.052209307
-0.073091077
-0.065416028
-0.045962953
-0.068449884
-0.050405805
-0.052839389
-0.069983381
-0.057600476
-0.066820457
-0.067473215
0.067393319
-0.054603012
0.068590776
-0.0621632
-0.065119443
0.064838375
0.061088394
0.056553414
-0.073603197
0.065850087
-0.056741818
-0.070485661
-0.061171699
0.06777063
0.067181258
0.068934922
-0.065449746
0.063816954
-0.066925308
-0.068222529
-0.065499046
-0.057961527
-0.066222779
-0.065953515
-0.059764588
0.063073203
-0.059965179
0.063194193
-0.068476466
-0.051561406
0.054857735
0.046506097
-0.068531419
-0.066416716
-0.069077964
0.057895915
0.063219499
-0.071645793
0.04972386
-0.052255037
-0.060895862
-0.062116165
-0.066225648
-0.064334278
-0.066332522
0.032603892
0.042403862
0.043445885
0.033925955
0.050798307
0.051686912
0.054000933
0.04612957
0.037032386
-0.059190195
0.057761697
-0.067431148
-0.061801216
-0.062473868
-0.057905638
-0.071935798
-0.059897792
-0.063980902
0.057258589
0.058090266
-0.056649397
-0.064764594
0.061311136
0.062140331
-0.069470013
-0.058097997
0.063849129
0.060085417
0.05782737
-0.0727612
-0.066110397
-0.057625754
-0.070150995
-0.06119392
-0.068395176
-0.066780555
0.068576762
-0.064670506
-0.062631349
0.062963122
0.057440343
-0.070840451
0.066176928
-0.055661717
-0.069091592
-0.058078077
0.068623395
0.066163583
0.067588963
-0.060479211
0.061399891
-0.067965177
-0.066159699
-0.067666094
-0.056320356
0.063137373
-0.06988843
-0.048252053
0.050128105
0.041554254
-0.066680434
-0.065457217
-0.062590833
0.054805734
0.062869189
-0.064245125
0.046840912
0.0485326
-0.059846354
0.055197264
-0.059922291
0.02599159
-0.047173813
-0.055501399
-0.049609101
-0.054856094
-0.055971558
-0.05717561
0.026783794
-0.020796627
0.058901982
-0.060364422
-0.0307467
-0.059609001
-0.056887098
-0.061532375
-0.030789522
-0.020680517
0.045087811
-0.049272764
0.053728606
-0.050204699
0.028605851
-0.042427827
-0.041602705
-0.044152705
-0.051871554
-0.042896123
-0.053509896
-0.046212543
-0.055228791
-0.021536071
-0.012258742
0.059655983
-0.051665087
-0.03179609
-0.059002059
-0.04478378
-0.060432117
-0.023350587
-0.061708591
-0.036148645
-0.033671422
-0.048288573
-0.056700323
-0.050169437
-0.057734233
-0.0051504452
-0.0011788195
-0.032668058
-0.062506693
-0.062650753
-0.041483474
-0.064492636
-0.037613124
-0.066741251
-0.069228385
-0.010026388
-0.0025051838
-0.019402307
-0.017124199
-0.0069534947
0.0011498675
0.059844504
-0.061097153
0.035639681
-0.061328134
-0.058147666
-0.06263075
0.035098342
-0.029851622
-0.0403745
-0.039625118
-0.028403762
0.062417705
-0.053519633
0.03536326
-0.063023476
-0.047109945
-0.064175967
-0.065032575
-0.027669942
-0.015635374
-0.039439021
-0.039966072
-0.027840249
-0.015201108
-0.033177025
-0.0279685
-0.065290247
-0.06479237
-0.0046521328
0.0040636174
-0.0034791667
0.0058210939
-0.056639581
0.039090568
-0.045820412
-0.059503192
0.047562262
-0.048548766
0.057987271
0.058981686
-0.033262207
-0.033469342
-0.033498611
-0.042056928
-0.035933186
-0.042701734
0.060427851
-0.057206286
-0.058870964
-0.061046646
0.054223112
-0.050170314
-0.059677849
-0.060919691
-0.049591032
-0.037506837
-0.050680547
-0.063023413
-0.061273915
0.026516965
-0.020229019
0.035545908
-0.022317013
0.062335282
-0.019099989
-0.0065553731
-0.022872241
-0.028234293
-0.0082106884
-0.03184863
0.064707764
0.06323634
0.0061752554
-0.026953178
0.007206242
-0.035919045
0.059516682
-0.064415252
-0.06006066
0.043947687
-0.02365919
-0.066032643
-0.037427086
-0.0091376635
-0.040825917
-0.06993416
-0.068262229
0.0076843826
-0.04483365
-0.064117137
-0.018012879
-0.019465505
-0.005409959
-0.030371191
-0.0055434464
-0.039612785
0.05381698
0.0040460673
-0.032541845
0.0031135941
-0.042379642
0.046362112
-0.053288516
-0.044515099
-0.020694725
-0.0053274203
-0.048854313
-0.05782718
0.0020743928
-0.052416333
-0.049657562
-0.058109742
-0.048322573
-0.058426451
-0.036158964
-0.060678038
-0.06287488
0.05541336
0.063378227
0.046483422
0.064942022
-0.050311396
-0.051696651
-0.041385885
-0.058886294
0.061898818
-0.049432075
-0.05789186
-0.059191711
-0.061269748
-0.037285137
-0.06370163
-0.061473345
-0.054074728
0.034630276
-0.066204105
-0.04393794
-0.061277039
0.058485201
-0.050652878
0.061315537
0.062652969
-0.055047399
-0.038136698
-0.056475265
0.065151289
0.06033311
0.060746941
0.050460624
-0.06210772
-0.063377115
-0.060057005
0.060003378
-0.049825394
-0.062790621
-0.06412455
-0.05777876
-0.037685647
-0.059249318
-0.066751976
-0.065743232
0.038250304
0.050723858
-0.024202309
0.068920122
-0.045572185
-0.0092881789
-0.048825203
0.073981733
0.072210826
0.0076049157
-0.052859149
0.06778074
0.057167089
0.023765529
0.060170808
-0.069449111
-0.065018101
0.054913012
-0.023926348
-0.070847206
-0.051408869
-0.0088233666
-0.054500972
-0.076491544
-0.074669973
0.0071123966
-0.05861182
-0.070068053
-0.021646448
-0.0048292169
-0.057339401
0.06103335
0.0010839798
-0.061869758
0.052240554
0.063769368
0.019373439
0.067571835
-0.057745122
-0.047934084
-0.022247759
-0.0041933419
-0.06364498
-0.062998928
0.00029408458
-0.06924551
-0.053709859
-0.032850271
-0.034217406
-0.02324946
-0.037664857
-0.024210531
-0.048078838
-0.026085972
-0.036205246
-0.025754041
-0.057441432
-0.029709964
-0.012896949
-0.012785209
-0.0017714355
-0.033514483
0.00025793985
-0.044157985
0.037284349
-0.001814924
-0.034160514
-0.0048205963
-0.045555757
0.026603035
-0.034230145
-0.022984807
-0.013125394
0.0020773991
-0.055288469
-0.039737408
-0.007159732
-0.057596751
-0.028011649
-0.0051542638
-0.0027946688
0.0071817906
-0.036254432
0.010904079
-0.047959736
0.014248754
-0.014829611
-0.042299607
-0.018916113
-0.053469349
0.00014695427
-0.011380805
-2.3990912e-06
-0.001536419
0.013258005
-0.059917091
-0.014237719
-0.020541057
-0.063311869
0.0019479716
-0.02150358
-0.065317293
-0.013026472
-0.064761486
-0.062824336
-0.0036752371
0.0063526789
-0.016060876
-0.018441817
-0.0053277888
0.0060300126
-0.038666763
-0.02778684
-0.064572807
-0.029114662
-0.041376267
-0.030134232
-0.068253325
-0.031736689
-0.013941022
0.0034501257
-0.065994974
0.041521947
-0.0085548149
-0.069218826
0.028781105
-0.036016188
-0.022572868
-0.015169118
0.0042323131
-0.0746924
-0.042306556
-0.0089233142
-0.078809788
-0.028690563
-0.0015549509
0.014008543
-0.071042104
0.013681786
-0.019640747
-0.071058444
-0.0043043498
-0.0083549874
0.0057234118
-0.0028476807
0.013243167
-0.079929306
-0.012529903
-0.016652486
-0.075997444
0.0067029553
-0.049044799
0.060079352
-0.059728831
0.063769057
0.065187114
-0.060275121
-0.067709812
-0.058181867
0.065890166
-0.060956987
-0.062322593
-0.051101706
0.058589544
-0.061315409
-0.062443941
-0.064007277
-0.058313146
-0.068260362
-0.056752546
-0.064972122
-0.063463668
0.060520592
-0.072757598
0.065939794
-0.060723537
-0.074854313
-0.059275997
0.06549113
0.064300201
0.073836368
-0.057647392
0.060262886
-0.064317508
-0.060785731
0.058023948
-0.071990225
-0.065367383
-0.057692138
-0.07274251
-0.057053776
-0.06531509
-0.064889244
0.071916286
-0.055810854
-0.061663309
-0.069813367
-0.071731669
-0.0559747
0.053748723
0.068262662
-0.054573558
-0.055168855
-0.047971776
-0.06900895
-0.070232515
-0.053978576
-0.055911824
0.067401015
-0.051867859
-0.051711903
-0.059891491
-0.052932741
-0.065027463
-0.050938336
-0.048616819
0.049340022
0.04695103
0.056276004
0.045021516
-0.042215589
-0.048215594
-0.04992375
-0.043755335
-0.051898541
0.048620162
-0.059509822
-0.053304113
-0.055016962
-0.049921774
-0.063914643
-0.048225186
-0.057142395
-0.052161142
0.06067338
-0.045697303
-0.045807907
-0.053044817
0.055504903
-0.062593911
0.060569751
0.062078732
-0.055027652
-0.068370286
-0.054299508
0.063221268
0.053783951
0.049830662
0.061982734
-0.056907458
-0.058467319
-0.05470424
0.050550189
-0.063445049
-0.058478949
-0.059760267
-0.050247783
-0.068016544
-0.050561494
-0.061011248
-0.060235974
0.066400409
0.054373311
-0.070672586
0.063978973
-0.053579213
-0.06995717
-0.053983328
0.06441573
0.064599441
0.069276743
-0.053387057
0.062056902
0.050610382
0.067588947
0.050480262
-0.062034047
-0.059434176
0.049498315
-0.068903067
-0.062145196
-0.048405003
-0.066733975
-0.049985296
-0.063135762
-0.063734764
0.066131098
-0.050235371
-0.061693933
-0.067600259
-0.068019278
-0.051663687
0.056991264
0.065897089
-0.049063846
0.048903735
0.063067346
0.046088317
-0.054654132
-0.048117236
-0.065668581
-0.065255039
-0.04888444
-0.05717155
0.063834598
-0.046077254
-0.048971705
-0.055560917
-0.059816045
-0.052555782
-0.041144569
-0.040968952
-0.048958627
-0.05528979
-0.059423481
-0.049711315
-0.040474163
-0.062226807
-0.053920618
-0.054591383
-0.039735459
-0.030977898
-0.061909085
-0.050064337
-0.049339763
-0.048537335
-0.057166965
-0.062116925
-0.022155616
-0.01365349
-0.049402682
-0.050520682
-0.054332385
-0.043682932
-0.046806968
-0.045351499
-0.048653627
-0.045774715
-0.048263426
-0.01815394
-0.023457028
-0.023871733
-0.018217226
-0.029453595
-0.030285598
-0.03103871
-0.02353422
-0.01649071
-0.048088925
-0.054260966
-0.058396777
-0.046523084
-0.035820699
-0.037051535
-0.046400702
-0.05250875
-0.056755016
-0.042848306
-0.038606162
-0.061054859
-0.046198405
-0.043941038
-0.040290993
-0.031628712
-0.059663082
-0.042366144
-0.038620555
-0.049915121
-0.043281608
-0.045161751
-0.022530816
-0.013324355
-0.049928293
-0.035886342
-0.035234355
-0.04399965
0.039877511
-0.050149194
0.038979783
0.041065547
-0.041584312
-0.054621779
-0.038199698
0.043967276
-0.028911736
-0.031300632
-0.0410206
0.032501593
-0.047363709
-0.0369047
-0.039392556
-0.035289142
-0.05223145
-0.031673181
-0.042854837
-0.034689143
0.042432799
-0.057860596
0.047226962
-0.0423218
-0.060098462
-0.038099669
0.050427037
-0.033151212
-0.038412408
-0.029080359
0.036707886
-0.055921031
-0.046614825
-0.036627665
-0.058566905
-0.032345238
-0.050059043
-0.041863963
-0.026785602
-0.049524627
-0.028464452
-0.025113864
-0.019010894
-0.0085289269
-0.049062674
-0.020775498
-0.015253003
-0.027687851
-0.034290241
-0.017251911
-0.041590067
-0.011677944
-0.0053398064
0.025693291
-0.0019235856
0.032836283
-0.006173275
0.0029297151
-0.0087088703
-0.0095638827
0.0036060963
-0.028174526
0.0019292802
-0.035731149
-0.020867036
-0.022829284
-0.0034462435
-0.043510532
0.00077594187
-0.025312537
-0.011576201
0.040888269
0.0054895264
0.0025513371
-0.037583289
0.022066582
-0.044379703
0.037980013
0.040621924
-0.025358656
-0.049928496
-0.021900789
0.043971
0.030829445
0.0052464529
0.03856765
-0.03324276
-0.03572021
-0.033702306
0.0078117461
-0.041389859
-0.044982278
-0.047395765
-0.0098825305
-0.048113894
-0.0070616843
-0.049321974
-0.038130933
0.0459015
0.02714657
-0.054269779
0.047262879
-0.027190677
-0.057365717
-0.023430997
0.049824699
-0.018249666
0.0085160892
0.052392439
0.0048884061
-0.040045667
-0.027977714
0.011298358
-0.053459494
-0.050358375
-0.011580538
-0.057071021
-0.0090924075
-0.050202949
-0.041094909
0.057511377
-0.0057782174
-0.030432342
-0.049242543
-0.056570221
-0.012207027
-0.0059610772
0.00060144014
0.049383233
-0.0042007534
-0.01457007
-0.00014001129
-0.051065238
-0.057685801
-0.0018491053
-0.018153978
0.057423197
0.0024860976
-0.0039903415
0.062755482
-0.044042518
0.044643506
-0.065054583
-0.032544642
-0.067534213
0.046095213
-0.03561851
0.056761293
-0.046351662
-0.048261871
-0.059081971
-0.034724044
-0.062040003
-0.048385469
-0.035755015
0.068221609
-0.016660759
0.048913663
-0.072709191
0.0043775664
-0.079476036
0.053818267
0.041910622
-0.0083557361
-0.084531335
0.027658613
-0.037004847
-0.022433625
0.063332485
-0.018205346
-0.04944374
-0.070609399
0.0039289275
-0.078607167
-0.052547535
-0.040362027
-0.0070696385
-0.084730439
-0.025779153
-0.0052401867
0.011304418
-0.085103371
0.010835978
-0.012362035
-0.077564809
-0.0089101801
-0.0064847183
0.0097165156
-0.0084201469
0.008688823
-0.085307651
-0.0087699685
-0.0077101947
-0.075420725
0.010693126
-0.038847262
-0.055894622
-0.02747133
-0.058408944
-0.057463134
-0.010929536
0.0078521139
-0.028300766
-0.026092482
-0.0091234937
0.0089774323
0.04764991
-0.048020584
0.051712093
-0.048749105
-0.036386532
-0.052167716
0.050535637
-0.042961328
-0.048836702
-0.0542607
-0.03730026
-0.0391152
-0.052124817
-0.040646046
0.052859253
-0.019572359
0.049587413
-0.062047012
0.002998096
-0.071049
0.050162969
0.037942968
-0.0053409044
-0.078384251
0.023349293
-0.037781685
-0.023502281
-0.020557496
-0.049432199
-0.047370002
0.0017331428
-0.056956851
-0.047239606
-0.03521798
-0.0034161566
-0.065512075
-0.020885634
-0.011993987
0.0059177574
-0.079796932
0.0066224194
-0.0035776471
-0.069511947
-0.011834215
-0.0072016251
0.010014933
-0.015554153
0.0033886218
-0.068599049
-0.0048011814
-0.00056904309
-0.060120365
0.012144279
0.041075645
-0.061348272
0.053205369
-0.038528872
-0.061395856
-0.035166801
0.055263304
-0.044587814
0.034907544
-0.060114103
-0.052736582
-0.031463258
-0.060307562
-0.028164891
-0.054405913
-0.046319186
0.034652734
-0.059789813
0.056367266
-0.029732482
-0.055840905
-0.029109028
-0.029002189
-0.046973417
-0.036273358
0.02636584
-0.058692788
-0.055027137
-0.019980184
-0.054639329
-0.019444029
-0.046585282
-0.019425542
-0.061938764
-0.029902203
-0.0323631
-0.022209639
-0.0037698682
-0.065879777
-0.02049343
-0.02333985
-0.062655834
-0.015546341
-0.066435366
-0.011888637
-0.00932082
0.0027288923
0.063829735
-0.00051949998
-0.021794451
-0.0082390061
0.0058234127
-0.062502934
-0.032336813
-0.0049561165
-0.064641553
-0.0031390442
-0.033475788
-0.024884127
0.067360816
-0.0015290324
-0.011980972
0.025373389
-0.05906273
0.05126228
-0.021722321
-0.059083595
-0.019082765
0.051536523
0.0084812508
0.060688851
-0.041117126
0.010450484
-0.058652261
-0.048821479
-0.007888857
-0.057974158
-0.0066368777
-0.04652754
-0.040237663
0.06139453
0.016450331
-0.057044323
0.050936928
-0.010011628
-0.052495915
-0.0098836436
-0.010186111
0.0037879606
0.059225835
0.0033355594
-0.038866059
-0.033793794
0.0041512743
-0.05488551
-0.043965854
0.00026274288
-0.049322956
-0.00040060993
-0.042000956
-0.037612661
0.053985285
-0.0013128859
-0.033394259
-0.06682029
-0.062879184
-0.011414322
-0.014246553
0.0031103982
0.066956939
0.0034920886
-0.026823558
-0.014340226
-0.063393125
-0.058371683
-0.0027828616
-0.027131264
0.061978484
-0.0052017262
-0.014646821
-0.040961712
0.039546786
-0.033054628
-0.035233496
0.029256338
-0.027852682
0.066216746
0.066257886
-0.037583917
-0.024977106
-0.035110045
-0.02606319
-0.020804379
-0.022613102
0.065739179
-0.066340707
-0.06544755
-0.03142553
0.017589955
-0.024338108
-0.066404827
-0.065675696
-0.013077913
-0.017681112
-0.0095377677
-0.063867317
-0.063737195
0.03588234
-0.016211184
0.023134066
-0.013457617
0.064617237
-0.034677606
-0.0056309584
-0.033387859
-0.020828223
-0.0044330469
-0.0179224
0.062879497
0.062453068
0.0048680631
-0.034797924
0.0041582849
-0.017849504
0.059399516
-0.061156686
-0.059438957
0.0087775395
-0.010770977
-0.060846085
-0.0051233604
-0.0021904308
-0.0015521716
-0.056459055
-0.057549541
0.0026030593
-0.00057780042
-0.056026677
-0.019974045
-0.018233666
-0.0030940174
-0.039532188
-0.0030524209
-0.021383121
0.05349242
0.00069808891
0.0014188437
-0.028487839
0.044653843
-0.055349689
-0.048561979
-0.016158422
-0.0024783794
-0.0029947394
-0.051427507
0.0019545193
-0.0089474329
-0.043537352
-0.039394753
-0.032407617
0.0044170091
-0.024094727
0.0045093159
0.0029293052
0.044856079
-0.0061308693
0.036940148
-0.0046808086
-0.047445237
-0.046538856
-0.041519166
-0.040976767
-0.0073178295
-0.033043815
-0.053905554
-0.052267203
0.012764734
-0.023268904
0.010812132
-0.051928661
-0.047718172
0.026991018
0.0083532341
-0.043126568
-0.031161972
0.0048006554
-0.023917849
0.066662074
0.064833822
0.00076240107
-0.01652376
0.0030192515
0.061513652
0.037992464
-0.0082581131
0.029973126
-0.060768896
-0.058257886
-0.036134114
-0.0089354844
-0.027978196
-0.06710215
-0.063766542
0.014926938
-0.018194274
0.014154201
-0.058690886
-0.055682989
0.020243875
-0.0061405839
-0.0083206691
0.05653782
0.010952418
0.0018685642
0.013190075
0.049582217
0.053113889
-0.00055154692
0.013419114
0.054062165
-0.019484443
0.0083632296
-0.017243259
-0.05295131
-0.052849777
-0.02075331
-0.0062386356
-0.051665918
0.02591491
0.0084916344
0.023668012
-0.042464423
-0.049599271
-0.0061331713
0.02010788
-0.054289212
-0.013846377
-0.00075296832
0.011133852
0.051584348
0.0019415561
0.0062141447
0.04519345
-0.014196146
0.014979478
-0.010552501
-0.050916987
-0.046692495
-0.011383998
0.0028476524
0.015617097
-0.055083628
0.00097517404
0.010655582
-0.050978678
-0.048664399
-0.037308243
-0.024721224
-0.045204527
-0.04741201
-0.036311656
-0.011152732
-0.042759781
-0.021017486
0.00027783547
-0.038031289
0.033037546
-0.0014137214
-0.047488873
0.019124217
-0.038849653
-0.026209261
-0.020879006
-0.0012726032
-0.017668348
-0.032510523
0.00077516449
-0.027206383
-0.018998442
-0.018740448
0.0012187592
-0.052709711
0.0038188575
0.0011817375
-0.047888392
-0.011473278
-0.011023729
0.0057836166
-0.021279229
-0.00090030852
-0.034190012
-0.0042694067
0.002163326
-0.033809297
0.0097180145
-0.054061339
-0.0057570312
-0.040436698
-0.012228025
-0.018597928
0.0023646559
0.052400998
0.0064830154
-0.025558289
-0.012584654
-0.0006357101
-0.049626502
-0.032500154
0.0019951652
-0.037699449
-0.0020797044
-0.0313491
-0.022165438
0.038946477
-0.0071436663
-0.0083125598
-0.045000412
-0.034237135
-0.00052393748
-0.002898597
0.045732262
-0.037137083
-0.041319323
-0.031014167
0.0054233109
-0.037905549
0.034806232
-0.020115393
-0.0029129709
-0.00090131967
0.034938771
0.0035682981
-0.0090404622
0.021588497
-0.0065312566
0.021832614
-0.0023017394
-0.039778986
-0.029961399
-0.018676759
-0.0047588696
0.0057115635
-0.041707785
0.0077355895
0.0012226641
-0.02803549
-0.022987984
-0.0038148014
-0.016149305
0.0067923756
0.0035750473
-0.01918681
-0.0068265166
0.0021105164
0.023144478
0.006960793
-0.017360566
-0.0025799245
-0.023633634
-0.0089570382
-0.0025447035
-0.012023474
0.0073335918
-0.0056681347
0.0027990286
-0.051909766
-0.059611335
-0.049632411
-0.058432218
-0.06440095
-0.049590866
-0.064278515
-0.055975414
0.0086242278
0.0084464344
-0.049218806
-0.057732053
-0.063284685
-0.060006964
0.0083846135
-0.065471147
-0.066260979
-0.062326504
-0.045776271
-0.063821401
-0.052511137
-0.0061776582
0.059134652
-0.041657317
0.060444884
-0.047783529
-0.018187103
0.0083443911
0.019581441
-0.065036012
-0.062517383
-0.057304369
0.0083141918
0.059781687
-0.052482558
0.019338564
-0.05901742
-0.059974078
-0.055308879
-0.038403508
-0.056422544
-0.044152846
-0.030183716
0.051150164
-0.036407514
0.052036636
-0.042013267
-0.041433111
0.031421129
0.042839616
-0.060099164
-0.056261416
-0.048791117
0.030981022
0.052232146
-0.046629647
0.042208954
-0.058813032
-0.061264403
-0.055636692
-0.061576583
-0.051419793
-0.049203567
0.049316456
0.037374624
0.037094069
0.04897956
0.023522339
0.023806381
0.023678025
0.036248123
0.04793931
-0.050469643
-0.057450427
-0.061500659
-0.061682102
0.0086353837
0.010191322
-0.053203371
-0.057745033
-0.059413241
-0.06103803
0.011491104
-0.061988061
-0.058655405
-0.059955029
-0.010384778
0.0573488
-0.055501365
-0.020518436
0.012246347
0.023025593
-0.05786979
-0.053141138
-0.060371431
0.012359599
0.053787221
-0.056635251
0.021922991
-0.059520052
-0.054998141
-0.052044732
-0.031776624
0.051884872
-0.049995449
-0.04288468
0.034795961
0.046158657
-0.058535351
-0.05301896
-0.053644576
0.032886316
0.051155534
0.043800238
-0.046893442
0.037546806
-0.039210026
-0.047521221
0.043484307
-0.039629326
-0.042129246
-0.039996028
-0.030456242
-0.038531527
-0.046310704
-0.030725743
-0.044638833
-0.043293558
0.05214399
0.051178426
-0.047960308
0.04824002
-0.039851918
0.041610593
-0.051020031
-0.030841552
-0.04926844
0.041562326
0.050615455
0.044389034
-0.021004363
0.051009554
-0.02130828
-0.045453912
-0.051510111
-0.011443623
-0.048109487
-0.058226168
-0.012165885
-0.053874484
-0.049411372
-0.057494898
0.0080565751
-0.043732183
0.0082727673
-0.048806661
-0.062708001
0.051339148
0.057572237
0.05526845
-0.021542885
0.042920914
-0.061351467
-0.012870932
-0.056643663
0.046950199
0.054617907
0.008700154
-0.051634876
0.059794516
-0.011426094
-0.010973269
-0.0047003277
-0.038943277
-0.0045359643
-0.043567665
-0.064904254
0.0018642102
-0.034170716
0.0014850743
-0.038520212
-0.064182865
0.061303742
0.06243031
-0.011342018
-0.0047388467
-0.046762533
0.062253579
0.0015335029
-0.042279103
0.061974516
-0.041230246
-0.031180966
-0.051467783
-0.021293808
-0.051461728
-0.051979496
0.069539529
0.066650932
0.063670239
0.066694503
0.061276621
0.058276405
0.055352785
0.060440462
0.063233288
-0.048332191
0.051521149
-0.039963006
-0.041218178
-0.053854308
-0.030815941
-0.052238812
-0.040155714
0.053522166
0.050665228
0.05314204
-0.039915196
0.041284502
-0.054802132
-0.030565406
-0.053563698
0.039343463
0.048167237
0.057048111
-0.021603976
-0.040741983
-0.061167691
-0.013302354
-0.056774079
-0.044457263
-0.05169419
0.0090942375
-0.052580181
-0.056826037
0.047062968
0.053456801
0.05664959
-0.021351909
0.039063822
-0.058515182
-0.013264293
-0.055030421
0.041904017
0.048711929
0.0092542598
-0.052222245
0.053799574
-0.012325173
-0.0050908906
-0.048846315
-0.059552216
0.0018325909
-0.04568616
-0.059736132
0.057806671
0.059878799
-0.013578336
-0.0054045999
-0.05014529
0.056800322
0.0022274045
-0.048777768
0.057468026
-0.053360712
-0.0612949
-0.066211321
-0.053573031
0.056487939
0.057292562
-0.050160037
-0.057808096
-0.062802916
-0.046933673
0.059050796
-0.068191032
-0.051193695
-0.067409005
-0.052456434
-0.065269333
0.066036072
-0.053786428
-0.060045756
0.061469394
0.055390842
-0.065239597
0.065565206
-0.044686626
-0.06526424
-0.045060654
0.064085977
0.064040962
-0.04557463
0.058577222
-0.064886119
-0.064308088
-0.055009539
-0.05324592
0.06232895
-0.056068065
-0.045349572
0.04786929
0.039409843
-0.062847727
-0.062764734
-0.046123876
0.051655117
0.061474825
-0.046733062
0.043790349
-0.048476742
-0.054950855
-0.038934804
-0.058984863
-0.039404317
-0.040226345
0.050014914
0.033898904
0.055529793
0.034955157
0.038406037
0.046974474
0.04706998
0.038675829
-0.04877919
0.033266579
-0.05455387
0.05369029
0.053817515
-0.030093802
-0.057939776
-0.030649383
0.054289369
0.047495006
0.058547275
-0.031552112
0.039275593
-0.047836374
-0.05506888
-0.039198812
-0.059908189
-0.038844813
0.047816864
0.033138917
0.053998914
0.058367222
0.058703219
-0.046988291
-0.053705694
0.060882169
0.061545079
-0.058141411
-0.029922411
0.062520435
0.05938552
0.057849029
-0.062483081
-0.036670374
-0.062938414
-0.036606833
-0.062649503
0.061841992
-0.036732674
-0.05708179
0.02797518
0.059694417
0.028198595
0.060232359
0.054977143
-0.060475085
0.063588879
-0.027686688
-0.060877717
-0.027698087
0.061039389
0.059836916
-0.027919804
0.055717219
-0.060886885
-0.060984019
-0.036971176
-0.050156696
0.060351468
-0.037392564
-0.042311888
0.02867846
0.059584814
0.029427048
0.048169902
0.040146544
-0.059376291
-0.059266724
-0.028255
0.048969309
0.059122522
-0.02877636
0.041179654
-0.043165573
-0.051504427
-0.045386183
-0.0530334
-0.057245492
-0.064324772
-0.058041018
-0.057975793
0.021254724
0.022965298
-0.047693241
-0.054574817
-0.058791293
-0.050022442
0.026155457
-0.060069237
-0.060359269
-0.060015593
-0.065404627
-0.060199074
-0.057052992
-0.036742837
0.057084902
-0.066165101
0.058006943
-0.058218287
-0.027688921
0.030455258
0.02137346
-0.060545109
-0.060189354
-0.047598064
0.035355142
0.058905999
-0.049113007
0.026601331
-0.053424505
-0.056322767
-0.054243363
-0.066733972
-0.055820368
-0.059972954
-0.018319708
0.051617617
-0.067381969
0.053677316
-0.062842355
-0.0086460738
0.012464199
0.0039906957
-0.059422469
-0.057602023
-0.051880126
0.017656042
0.056233834
-0.05669694
0.0085348422
-0.054292699
-0.060411192
-0.043243725
-0.062806239
-0.045917586
-0.049955438
0.063409797
0.0398039
0.069306241
0.041802785
-0.0046591451
0.0058003462
0.0074393658
-0.0026519253
-0.058047305
0.037977317
-0.063651847
0.017165758
0.01829793
-0.034804187
-0.065327953
-0.037774076
0.019889686
0.0096367878
0.070041288
-0.042396352
-8.7376253e-05
-0.049911717
-0.056014109
-0.059425198
-0.041451089
0.054304677
0.036342656
0.059745866
0.028298373
0.028935206
-0.051753234
-0.057159804
-0.059840962
-0.032865812
0.029943388
0.062023224
-0.060563417
-0.05989664
-0.038264466
-0.033901266
0.059543948
-0.040089175
-0.025180487
0.0306378
0.061795578
0.032742853
0.031236456
0.021775076
-0.060375352
-0.059316
-0.029784367
0.032683157
0.059725143
-0.031851146
0.023758469
-0.062140733
-0.059195479
-0.043627697
-0.016305513
0.058737975
-0.049915598
-0.0073454349
0.036461632
0.066710948
0.04283829
0.012126153
0.0027221728
-0.063887961
-0.0602025
-0.035850383
0.014629307
0.060583424
-0.042986703
0.0054725673
-0.049095115
0.060992156
-0.057145309
-0.048232865
0.0594849
-0.056628605
-0.048874327
-0.049718071
-0.057434405
-0.062766571
-0.056336881
-0.056108001
-0.062707769
-0.054625207
-0.050571512
0.057035256
0.058329813
-0.047192311
0.055163637
-0.055932874
0.049107275
0.050316251
-0.052038151
-0.062475512
-0.050185715
0.051510752
0.059694385
0.054603388
-0.065996094
0.053413274
-0.066379771
-0.051288116
-0.05255273
-0.051744596
-0.051549717
-0.050259903
-0.052159421
-0.04986038
0.060922733
0.065721803
0.049546798
-0.066592564
0.052525338
-0.0479418
-0.046189968
-0.045088979
-0.070773128
-0.068902615
-0.053570419
-0.050242325
0.067143423
-0.066729223
-0.044632335
-0.0469998
-0.055197977
-0.041444505
-0.061125057
-0.040058689
0.061124629
0.062156418
0.058960417
0.060321471
0.061803493
0.063422614
-0.046189967
0.048394854
-0.05521726
-0.048324593
-0.049819603
-0.04544201
-0.062160924
-0.043296835
-0.051285932
0.054208886
0.055783554
-0.045405779
-0.054615705
0.046632568
0.048245149
-0.06185034
-0.03453248
0.049781864
0.057359023
0.043091149
-0.066663643
-0.052557527
-0.041696318
-0.039576714
-0.038019814
0.058757249
0.063191746
-0.066645514
0.051108533
-0.033163684
-0.030801834
-0.029079524
-0.064653098
-0.037084227
0.064692432
-0.063122853
-0.028079268
0.0069711525
0.048607553
-0.012282764
0.0053353667
0.037533692
-0.014065777
0.00337812
0.0076312701
-0.0481787
-0.030077154
-0.045790024
-0.037319862
-0.03251264
-0.034939884
0.011382082
0.0070201638
0.0066493925
0.0029250522
0.025076844
-0.015128501
-0.0041574201
-0.0070265252
-0.024647864
-0.032843226
-0.023528612
-0.0091130474
0.0068651772
0.046354745
-0.045435652
0.035534535
-0.048595963
0.013989285
-0.043831599
-0.057778932
-0.044409638
-0.032988578
-0.061493927
-0.034157535
-0.044431773
-0.034572816
0.0073317453
0.020881922
0.022927879
-0.048573146
-0.010247501
-0.020677235
-0.061338469
-0.023224449
0.0078126972
-0.024473194
-0.036956927
-0.036975935
-0.04384927
-0.03425369
-0.042753423
-0.033339619
0.031513982
0.04008924
-0.035734411
-0.024660823
-0.024033617
-0.0027865236
-0.011751023
-0.01546619
-0.022247732
-0.01926042
-0.022065612
0.0039790859
0.013989589
0.012711154
0.019893872
0.036424526
0.026848056
0.02676715
0.034188998
-0.0037122308
0.0066786779
-0.011186845
0.017214721
0.018768332
-0.0065718089
-0.020150791
-0.012100108
0.021257402
0.028079542
0.022099962
-0.016002768
0.034126766
0.00019952388
0.012412311
-0.015510441
0.0044925256
0.0057030851
-0.011065252
-0.031290897
-0.012099541
0.0058688962
0.0031854212
0.001007271
0.011665783
0.0071901237
0.0090342327
-0.0023899776
0.0010401152
-0.015154722
-0.0042254681
-0.0039215154
0.0026725447
-0.027815419
-0.00098207968
-0.0017707389
0.012020967
0.021573436
0.0092083401
-0.045560746
0.0052730773
-0.007470068
-0.057344429
-0.012289155
-0.014879687
0.0013355757
0.032011623
0.0065087679
0.014527031
0.023310449
-0.0049683721
-0.039474547
0.00087388392
0.006065338
-0.049309742
-0.0019046119
0.0155313
0.04205176
-0.0064243557
0.02386481
-0.033349795
-0.044213485
-0.015845687
-0.015603589
0.010243597
0.031880217
0.012224863
0.029489969
0.034867479
-0.029969298
-0.03989251
-0.0084619386
0.029846856
0.041606347
-0.0086902973
0.035107423
-0.066713535
-0.0706952
-0.072048664
-0.040872007
-0.076000355
-0.031010895
0.0081526637
-0.070548188
-0.075967427
-0.0208546
0.0082962307
-0.073785736
-0.077474176
-0.072087568
-0.038226745
-0.075371063
-0.028721469
-0.037870938
-0.028376795
0.0082812294
0.022258315
-0.077643679
-0.075826919
-0.019140137
0.0082115727
-0.018663041
-0.07034828
-0.071494298
-0.035779198
-0.026024146
-0.023126084
0.033688645
0.042864242
-0.070828065
-0.015981149
-0.012767301
-0.054063219
-0.012597493
-0.062198214
-0.011265945
-0.0087665535
0.006719038
0.050726911
0.0054324122
0.028414701
0.033949382
0.006213538
-0.049149398
0.022348622
-0.0057626671
-0.057023819
-0.0049425243
0.018744447
0.025020968
0.058648784
-0.0024335089
0.03107559
-0.066025578
-0.071320795
-0.011257922
0.0025256581
0.050846209
0.014515535
-0.056687927
-0.061237324
-0.0030516805
0.011479929
0.057712365
-0.073216823
-0.071923917
-0.010378664
-0.010011266
0.0033689784
0.062185711
0.0049819228
0.0069057295
0.013571091
-0.062874623
-0.061788224
-0.0034124318
0.0016390632
0.064040075
-0.0038368218
0.0077755383
-0.068023013
-0.071083799
-0.0071242432
-0.0035702509
0.0030673972
0.064793699
-0.0003284721
0.020081373
0.026786497
-0.062913175
-0.066368712
-0.0010777171
0.014510908
0.068648178
0.0028372812
0.021917838
-0.044956475
-0.054218126
-0.06161586
-0.024729009
0.048213314
0.049186093
-0.04488533
-0.054062179
-0.061507689
-0.01490525
0.049780445
-0.066614211
-0.068759074
-0.020617589
-0.018954435
0.049995982
0.055196341
-0.066660243
-0.069030444
-0.010113501
0.05002411
-0.0085588659
-0.062612941
-0.018218182
-0.018244229
0.058482158
0.059797567
-0.063595005
-0.0081911587
-0.0087857945
-0.050892638
-0.058259732
-0.0040478086
-0.063525959
-0.0027043379
-0.0021127923
0.058522794
-0.001552327
0.065580694
-0.0038675727
0.057263368
0.052293434
0.051887564
0.057126341
-0.055336137
0.00087416447
-0.062871522
0.046445409
0.045809396
0.0030262874
-0.068383574
0.0049363545
0.043953933
0.050390239
0.070246031
0.0062409817
0.055921948
-0.045165968
-0.054134971
-0.061549037
-0.0061538461
0.05072629
0.0032967251
0.058823656
0.040574952
0.039697381
-0.045712699
-0.054380561
-0.061733544
0.00047273598
0.037377053
0.065292613
-0.066871178
-0.069607558
-0.00062764651
0.0010279855
-0.0037162675
0.069822761
-0.0062267578
0.033843714
0.041087488
-0.067308664
-0.070639696
0.0063778775
0.029856185
0.072061211
0.0086419236
0.03791268
-0.066506038
-0.067008973
0.0012580959
0.00032763947
-0.0075705426
0.072495326
-0.0079110236
0.048013905
0.053857874
-0.0717161
-0.07265615
0.0093645273
0.045422275
0.072250761
0.0088088692
0.051560774
-0.057188019
-0.058851351
-0.057704975
-0.05816708
0.0092864526
0.011792207
-0.062068876
-0.060924107
-0.057018434
-0.05323586
0.01386129
-0.053730107
-0.047252679
-0.0585687
-0.014137248
0.049996235
-0.055735344
-0.023591101
0.015149416
0.02671248
-0.050620316
-0.042316588
-0.054660099
0.015524925
0.046914829
-0.052721535
0.025360138
-0.05754729
-0.050850447
-0.053340558
-0.034431288
0.050233141
0.038715693
-0.056966149
-0.049054808
-0.050929483
0.036280048
0.049336893
-0.069607597
-0.068326506
-0.045678993
-0.064047248
-0.043919785
0.04102564
0.041535928
0.026819743
0.027827954
0.028337761
0.041417448
-0.067299398
-0.063876803
-0.057715817
-0.046503773
0.0098434361
0.012052525
-0.067241668
-0.05966285
-0.038336726
0.01392697
-0.04929544
-0.039380082
-0.048841182
-0.016231952
0.045286392
-0.047598086
-0.026839826
0.015232834
0.028208595
-0.049942247
-0.038910347
-0.041371502
0.015872333
-0.040470541
0.027401928
-0.057099471
-0.048106588
-0.046290988
-0.038009086
0.048705192
0.040549697
-0.058041611
-0.039424616
0.038882915
0.052994965
-0.039612177
-0.041975784
-0.054024075
-0.029986692
-0.053370099
-0.039258522
0.051802754
0.051020152
-0.038992029
0.043241129
-0.051751197
-0.029027919
-0.051809828
0.039869351
0.047959715
0.054620228
-0.020669338
-0.037953523
-0.054475155
-0.012637566
-0.052315725
-0.039325035
-0.045733383
0.0090384482
-0.051169153
-0.050794816
0.044706794
0.050724266
0.051569543
-0.019509391
0.037399163
-0.050096008
-0.011388431
-0.049451248
0.036806308
0.042879912
0.0083745652
-0.049912203
0.047958872
-0.014715805
-0.0055351391
-0.050900477
-0.054086224
0.0025918626
-0.051389005
-0.055260497
0.054978187
0.057160508
-0.015393267
-0.0053902898
-0.051204911
0.051573653
0.0028354414
-0.053172388
0.053285565
-0.036542296
-0.05048813
-0.026116269
-0.052422971
-0.054487067
0.045160473
0.03585495
0.04666615
0.061488558
0.061519586
0.043583956
-0.035644315
0.058887463
-0.046676104
-0.025297897
-0.04872451
0.054952611
0.058136667
0.02566617
-0.050703548
0.058913823
0.047175659
-0.038102621
-0.044773552
-0.048176198
-0.027749582
-0.048969285
-0.040960306
0.042233909
0.036197627
0.053645044
-0.037161151
0.045981121
-0.026371056
-0.04478182
0.042115283
0.049490976
0.025649376
0.047987818
-0.01793294
-0.037311936
-0.046173778
-0.0095730043
-0.047005907
-0.034472661
-0.040317998
0.0072685832
-0.048718321
-0.045493671
0.045946312
0.015288563
0.048202953
0.044324761
0.049896447
-0.016134518
0.037523626
-0.043083755
-0.0073396672
-0.045167395
0.032475849
0.038247246
0.005813505
-0.047553319
0.043646223
-0.015382565
-0.0049407119
-0.050966517
-0.049493072
0.0029115252
-0.053633336
-0.051794057
0.050542777
0.014524627
0.052849712
0.053748803
0.055509218
-0.014643819
-0.0042321662
-0.049893525
0.048136428
0.0028286773
-0.052184507
0.051116596
-0.067775317
-0.063644476
-0.022703856
0.050125485
-0.068294418
-0.064371384
-0.011454787
0.050490981
-0.056646806
-0.02994159
-0.047356746
-0.030156535
-0.055536636
0.045235372
-0.031029537
-0.060281328
0.051110874
0.056343914
-0.057470759
0.043224658
-0.019033465
-0.048097224
-0.019201127
0.051677002
0.045168437
-0.020190847
0.056975589
-0.051720779
-0.04356757
-0.032279642
-0.062001334
0.04278433
-0.033556387
-0.060858791
0.058662224
0.058058652
-0.051178227
-0.04260667
-0.021715622
0.05924723
0.040970216
-0.023397087
0.058444421
-0.064907508
0.00022669875
-0.060203383
-0.00078966783
-0.0028374069
-0.010224624
0.06943593
-0.008888377
0.043520434
0.049865589
-0.010156157
-0.070995123
0.035423253
0.010603299
-0.066596399
0.010039389
0.03464273
0.043213255
0.0640391
0.0081158091
0.049596558
-0.069387094
-0.0022432966
-0.06603269
-0.00023223113
-0.008346013
0.071673835
0.026506942
-0.005000912
-0.071312616
0.017649423
0.0066184509
-0.069020678
0.009426223
0.015225126
0.024946657
0.068411053
-0.059613471
-0.006584859
-0.05046851
-0.0064234784
-0.043746757
0.047266744
-0.0072945753
-0.050845212
-0.0093144081
0.062177056
-0.0097459994
0.026052012
0.036319319
-0.00734946
-0.063616806
0.015613899
0.006684702
-0.055159991
0.0075684269
0.019149955
0.03006779
0.053100104
0.0072524417
0.040597953
-0.053081838
-0.04394821
-0.0089412474
-0.055257725
0.041223768
-0.01097683
-0.056493983
-0.0086646
0.056184621
-0.0064592617
0.045138326
0.051340081
-0.059469512
-0.049849754
0.0059060968
0.049383876
0.046212118
0.0038768104
0.055211388
-0.070073377
-0.06206795
-0.029215221
0.0082249848
-0.070913589
-0.063402646
-0.019739077
0.0084608774
-0.051966241
-0.040549781
-0.032560004
-0.031561036
0.0090263962
0.021548544
-0.053867734
-0.042955825
-0.022757473
0.0099597166
-0.021218832
-0.059581294
-0.030479841
0.033164078
-0.061143243
-0.019776678
-0.071096648
-0.0086801258
-0.067964665
-0.0053845489
-0.00095558726
0.069805999
0.0095328711
0.002376837
-0.067115709
0.0025432803
-0.00075929631
-0.065051892
0.0028415196
-0.00094726096
0.0064079381
0.068001083
-0.06782768
-0.061423067
-0.010629747
0.0031775686
0.063274531
-0.0032841247
-0.058381942
-0.05318672
-0.0027279548
-0.0068418516
0.060068108
-0.053236563
-0.043759528
-0.012356627
-0.0099267614
0.0021966706
0.054705472
-0.00073319855
-0.0082321347
-0.0017946286
-0.046750275
-0.039516053
-0.0017810438
-0.0070580954
0.04747857
0.0016835667
0.0003651275
-0.061782482
-0.052826044
-0.0078262876
-0.0042406707
0.063128215
0.0061157003
-0.060222971
-0.052775001
0.0046423358
0.009028376
0.055248579
-0.027689889
-0.028811718
-0.017732073
-0.045793029
-0.017980306
-0.036991097
0.011195866
-0.031404127
-0.020057769
-0.02680373
0.012543417
-0.010825429
-0.0095150826
-0.0090394826
-0.048695992
-0.0049972588
-0.039373568
-0.015585425
0.0094507398
-0.043386944
0.0055142127
-0.036848892
-0.020210828
0.013696486
0.021745924
-0.0098820438
-0.0018448311
-0.029305134
0.014330777
0.0021276678
-0.030134243
0.01913064
-0.016424743
-0.014627416
-0.0093037098
-0.042078935
-0.0056721792
-0.037920326
-0.025360411
0.0085677413
0.0054585376
-0.040660272
-0.030983904
0.029846969
0.03776538
-0.013854495
-0.0023765997
-0.033777064
0.02436505
0.0025669826
-0.03814175
0.030171599
-0.041529527
-0.01456985
-0.028457599
-0.015612662
-0.017514571
-0.0033491061
0.044576383
-0.0039193382
0.014616349
0.025190716
-0.001541059
-0.042884024
0.0051420744
-0.00036589365
-0.030664317
-0.00052633256
0.011247319
0.02121602
0.031441699
-0.0018656257
0.031821305
-0.033415452
-0.022557061
-0.01530272
0.0017303485
0.038570834
-0.0034713114
-0.03170316
-0.023197956
-0.0023268118
0.0017475415
0.02793154
-0.011481247
-0.00040011564
-0.018456962
-0.012708959
-0.00012705272
-0.02244763
-0.018189862
0.0038609379
0.015148749
0.0048022744
0.0071617445
0.016446936
-0.013465982
-0.001489997
-0.0066028001
0.010785479
-0.00066991881
-0.012581059
0.01748377
-0.014284803
0.00010629533
-0.028465839
-0.023887229
0.00033579118
-0.034207789
-0.030211417
0.0080429937
0.016224696
0.011800013
0.025870902
0.035619447
-0.016058525
0.001282334
-0.020375939
0.02404679
-0.00073934712
-0.02717321
0.031264081
