FiniteElementSpace
FiniteElementCollection: ND_3D_P1
VDim: 1
Ordering: 0

-0.00070133502
-0.0066539338
-0.016517515
0.0024670391
0.0032923955
0.011103354
-0.010144297
0.019260564
-0.011169856
-0.017544272
-0.011390496
-0.0042535278
-0.014616453
-0.0019470315
-0.020607705
-0.012240151
-0.012081436
0.0097140539
-0.021418508
0.0015710557
-0.065143723
-0.065037991
-0.069647
-0.06714028
0.022418564
0.066002443
0.010373842
0.06380967
0.023985873
0.063059856
0.010600091
0.061549599
0.0035718619
-0.0067962453
-0.006482797
0.0058612714
-0.0090737903
0.06500766
-0.018923179
0.06199939
-0.011003317
0.064136531
-0.01927082
0.060815837
-0.052518705
-0.05270296
-0.052596195
-0.053634711
-0.062395498
0.060700925
-0.060240626
0.06003783
-0.060410219
0.057607134
-0.059088128
0.05754318
-0.050952857
-0.047572096
-0.049460396
-0.052241383
-0.0083206809
-0.031097492
-0.020475605
-0.029838395
-0.0041251822
-0.012308801
-0.017705202
-0.010306717
-0.040420031
-0.04865246
-0.045268061
-0.036141541
-0.047670319
0.0052458203
-0.053411457
0.0058210858
-0.051502227
0.011731702
-0.058644943
0.011721816
-0.03590892
-0.048207401
-0.051876586
-0.039195542
-0.055644078
0.0088016133
-0.063770943
0.010500613
-0.048809453
0.014451764
-0.058206536
0.016198057
0.0031825135
-0.0048312006
-0.0071194236
0.00063999288
0.008136216
0.049847406
-0.0022662712
0.052921643
0.011319115
0.057976989
0.0010289832
0.058908772
-0.010560565
-0.015767825
-0.012620114
-0.0051426531
0.0025258826
0.032955063
-0.011862962
0.035306097
0.0026673514
0.04347792
-0.011460455
0.045749161
-0.039518576
-0.047027862
-0.048311367
-0.040467701
-0.053047936
0.039808418
-0.062217085
0.039816063
-0.051979591
0.047996206
-0.061096667
0.04836645
-0.041241831
-0.049203515
-0.049313231
-0.041416493
-0.034381104
0.041485338
-0.043774211
0.041323046
-0.030342144
0.050482339
-0.039746001
0.050034536
0.0014451134
-0.0089244504
-0.0086518246
0.0020365811
-0.039090762
0.003467979
-0.045090711
0.0038838551
-0.046729714
0.015078335
-0.053148388
0.013946171
-0.081515252
-0.087971146
-0.091804366
-0.085477922
-0.0048416614
0.042546923
-0.018193735
0.038664685
-0.0045354848
0.05126486
-0.017706252
0.048027217
-0.058987447
-0.058346325
-0.057177092
-0.05874619
-0.053848959
0.046044692
-0.061490518
0.043780865
-0.053416948
0.053043958
-0.061117649
0.050987595
-0.056769845
-0.053851583
-0.05332177
-0.056375592
-0.0010314282
0.057405004
-0.013486255
0.058808965
-0.00290154
0.05520542
-0.014584223
0.056143749
-0.03721201
-0.043754368
-0.046681924
-0.039955854
-0.047245948
0.058635216
-0.055271735
0.059718073
-0.045361179
0.056891884
-0.052961454
0.05789303
-0.04308107
-0.049321413
-0.04872122
-0.042374966
-0.024662237
0.064509232
-0.035085376
0.065337492
-0.026872346
0.063036133
-0.037506443
0.06452431
0.0077099072
-0.0074689315
-0.0063615983
0.009171072
0.015361514
0.039620109
-0.0030759745
0.043548036
0.0089360046
0.02821367
-0.010523471
0.033707129
0.0095851746
-0.0083855069
-0.010522674
0.0078861671
-0.0078353615
0.027578058
-0.017189814
0.027632987
-0.0089548912
0.01316233
-0.017690215
0.013420883
-0.046956874
-0.054199495
-0.057612418
-0.049998688
-0.03930957
0.03859537
-0.045802006
0.038667278
-0.037532948
0.029236106
-0.043742495
0.028981493
-0.056145916
-0.062974448
-0.062714909
-0.056029973
-0.046811467
0.040834366
-0.056024755
0.042536677
-0.055067716
0.029329519
-0.063364182
0.030490341
0.0022218272
-0.017886253
-0.018566555
0.0014744525
-0.047790843
0.061243903
-0.054803764
0.059662337
-0.044673013
0.059713661
-0.05138962
0.058093294
-0.05090518
-0.047018933
-0.045789511
-0.050016893
-0.012500825
0.041797678
-0.016423723
0.037169662
-0.011385779
0.028407446
-0.014297478
0.023454972
-0.061646709
-0.060029628
-0.065955232
-0.066849879
-0.032689289
0.042832507
-0.039205761
0.041097007
-0.028770583
0.033168035
-0.03552056
0.031679827
-0.070638468
-0.069340967
-0.068255333
-0.069881856
-0.055283825
0.039178238
-0.057314622
0.041643157
-0.054488006
0.03063469
-0.057649735
0.034196915
-0.06543403
-0.063844851
-0.062301549
-0.063599081
-0.066353269
0.058709068
-0.06556781
0.058293626
-0.064996814
0.058097469
-0.064953183
0.058169184
-0.037876909
-0.045624427
-0.04482456
-0.036508528
-0.060599091
0.047896926
-0.062495852
0.048436617
-0.059163365
0.042529804
-0.061454282
0.043033206
-0.049196605
-0.056402105
-0.053195922
-0.0456357
-0.0025373875
-0.024614689
-0.018024102
-0.016366305
0.0020325311
-0.0050437462
-0.012903837
0.0025290326
-0.024499198
-0.032194237
-0.027280633
-0.019019159
-0.031981505
-0.002823478
-0.043696183
0.0014911327
-0.027546613
0.0083399667
-0.040674622
0.012726901
-0.015236526
-0.024287718
-0.023319532
-0.013511084
-0.031523429
0.0063963498
-0.044777937
0.010740606
-0.024024395
0.017545521
-0.037198876
0.021818167
0.00084079004
-0.0069586812
-0.0047026879
0.0033632119
0.0048216698
0.026306569
-0.007051151
0.033252541
0.0060604649
0.039236625
-0.0048367948
0.044432777
-0.014541132
-0.019966711
-0.015458689
-0.0078190509
0.0047723387
0.012076558
-0.0095391737
0.018868084
0.0066335836
0.026981013
-0.0072478971
0.033006642
-0.026949372
-0.034907103
-0.03322059
-0.024104496
-0.024285524
0.020502792
-0.038034115
0.024657887
-0.021852578
0.03263389
-0.035737729
0.036441525
-0.021822638
-0.031752536
-0.030886623
-0.020420325
-0.019620188
0.028947948
-0.032018188
0.032424966
-0.016334647
0.039989477
-0.0278626
0.042300586
-0.0032621384
-0.012177735
-0.010237343
-0.0007756534
-0.0086781491
0.014856086
-0.016074031
0.0076253205
-0.0057625105
0.022165193
-0.016426146
0.017060168
-0.061199258
-0.053695612
-0.063332722
-0.068486092
-0.023688703
0.0085490491
-0.031277435
0.00605879
-0.026516048
0.019168866
-0.035709636
0.016541541
-0.076698597
-0.073015083
-0.08147764
-0.084343167
-0.02677695
0.0026587717
-0.032961855
-0.00099709553
-0.030614672
0.013049397
-0.039155062
0.0093302181
-0.071485881
-0.075987342
-0.082465873
-0.076629146
-0.0090009104
0.02134424
-0.020571306
0.015024121
-0.0063955452
0.03243657
-0.019256287
0.027538136
-0.063728707
-0.062471015
-0.063463195
-0.064286907
-0.0025851083
0.03030454
-0.015422862
0.026839502
6.753769e-05
0.038763565
-0.014079308
0.036508083
-0.0580435
-0.050674553
-0.052752254
-0.059559264
-0.02726754
0.029630248
-0.037721547
0.027107507
-0.027053835
0.039329234
-0.038396941
0.037054109
-0.061589275
-0.055181884
-0.057528401
-0.063661041
-0.031930435
0.023821427
-0.042289391
0.020359759
-0.031962568
0.034135979
-0.043529776
0.031103475
-0.065415123
-0.065045124
-0.066781491
-0.06678805
0.010499943
0.061469811
-0.0036980786
0.064423167
0.0092769707
0.058413906
-0.0051774004
0.061225585
-0.018122356
-0.028571396
-0.030720473
-0.019263392
-0.017279762
0.063698722
-0.029727627
0.066046125
-0.018552466
0.060465048
-0.030578759
0.062587739
-0.020675636
-0.032572945
-0.033655383
-0.021617931
-0.0016545225
0.067343185
-0.013417495
0.066391727
-0.0025669278
0.064012782
-0.015145589
0.063653058
0.0066848352
-0.0070662448
-0.0076064409
0.0070386845
0.023388971
0.057477308
0.0083467092
0.057435004
0.0204297
0.049533904
0.0036009663
0.051447827
0.0083033587
-0.0066798529
-0.0078033565
0.0086849078
0.0070979325
0.051846889
-0.0076429295
0.054841073
0.0041069665
0.042130179
-0.010919271
0.045656094
-0.020929676
-0.032881822
-0.035758549
-0.023103774
-0.020797512
0.053966969
-0.032345564
0.055885764
-0.023827843
0.044637302
-0.034837451
0.046392072
-0.025549119
-0.03839903
-0.040085183
-0.027313286
-0.0061497573
0.05758089
-0.019569651
0.058126341
-0.012255682
0.04844745
-0.026419731
0.050061467
0.0079557981
-0.0096979475
-0.011304995
0.0070659651
-0.0024920892
0.069084758
-0.014153648
0.067577883
-0.0048265404
0.069222224
-0.014902609
0.067138862
-0.051709055
-0.049351743
-0.046508992
-0.05023272
-0.025644812
0.067173803
-0.036343337
0.065328728
-0.025177781
0.067340368
-0.035058712
0.065146917
-0.047458107
-0.042623918
-0.038665747
-0.044354471
-0.0291985
0.06316412
-0.039063479
0.061099799
-0.028052421
0.062618383
-0.036718628
0.060187189
-0.05325122
-0.051042586
-0.048937976
-0.0521312
-0.012383031
0.060008177
-0.019059998
0.05627051
-0.012908838
0.052510024
-0.018106439
0.048312777
-0.054939709
-0.054294119
-0.05698299
-0.058097874
-0.0068073629
0.066236414
-0.015253101
0.06351887
-0.0080474424
0.05983632
-0.014962225
0.056526295
-0.052523689
-0.049495416
-0.050700041
-0.054561517
-0.024246717
0.065140593
-0.033260097
0.062505554
-0.022725707
0.060275246
-0.030911792
0.057188842
-0.054185974
-0.049501217
-0.047084727
-0.05252365
-0.026325132
0.05950307
-0.033789092
0.056578498
-0.023956494
0.053696595
-0.030323804
0.050250141
-0.059199188
-0.057392298
-0.056517515
-0.059045734
-0.060429758
0.062603406
-0.0578285
0.061577473
-0.059632687
0.058840548
-0.05748108
0.058034363
-0.042337687
-0.035750401
-0.038229576
-0.044645332
-0.053067945
0.06208677
-0.04661257
0.062141188
-0.053087751
0.058934825
-0.046860567
0.05922377
-0.047048297
-0.040774476
-0.042973738
-0.049171483
-0.056008511
0.062323638
-0.050025874
0.062547071
-0.055618128
0.059862307
-0.050201905
0.060682827
-0.053694219
-0.05147686
-0.053316682
-0.055097212
-0.058447749
0.052816009
-0.058138338
0.053462941
-0.056676073
0.046605547
-0.057510207
0.048093382
-0.055930055
-0.053321954
-0.053962733
-0.055966081
-0.05879702
0.053068026
-0.057271082
0.052646209
-0.058005329
0.045504434
-0.057257291
0.04566587
-0.048588973
-0.042059006
-0.043301414
-0.04964203
-0.053393173
0.05370493
-0.04749077
0.054372718
-0.054011903
0.046636321
-0.048498969
0.047843304
-0.050767674
-0.044589454
-0.045596301
-0.051696922
-0.055578298
0.055592268
-0.050820419
0.057103634
-0.055948646
0.049772779
-0.051882373
0.052064686
-0.056145471
-0.054709255
-0.05538172
-0.05639447
-0.013862345
-0.021499643
-0.021913735
-0.028157305
-0.01076092
-0.0057170864
-0.021579159
-0.010673126
-0.05612356
-0.061924147
-0.061644955
-0.05404489
-0.029427061
-0.0042164016
-0.036274658
-0.0063680657
-0.032053299
0.0061120401
-0.041513265
0.0040693284
-0.054738282
-0.064068696
-0.067828038
-0.057143611
-0.031228755
-0.0069715339
-0.040304717
-0.0057752309
-0.030675917
0.0036879252
-0.042111096
0.0051620031
-0.034132101
-0.044479951
-0.045616304
-0.034130056
-0.00083263081
0.0048152958
-0.015073123
0.0070920634
0.001389658
0.019984691
-0.013063834
0.022342414
-0.04315831
-0.050938446
-0.050514284
-0.042239379
-0.0075676394
0.0093456514
-0.020089999
0.0056480626
-0.0051224534
0.023093475
-0.018516837
0.020307029
-0.057446341
-0.06191962
-0.06213537
-0.057363572
-0.032592932
0.017431364
-0.043997222
0.015697803
-0.032191857
0.028621328
-0.044802905
0.027310199
-0.057596718
-0.062817848
-0.063807711
-0.058177893
-0.029374208
0.015610584
-0.042386187
0.017294222
-0.028009723
0.027569876
-0.041879057
0.029454721
-0.041436453
-0.050265123
-0.050402126
-0.041089128
-0.042474568
0.0043113196
-0.048073876
0.0047572921
-0.049599244
0.012933654
-0.056145974
0.012161161
-0.060548948
-0.072006709
-0.076011916
-0.064463864
-0.053078868
0.007089516
-0.057413522
0.008887211
-0.061095038
0.015986558
-0.064428776
0.015691237
-0.068533076
-0.079476236
-0.082168483
-0.072460624
-0.057646243
0.0098116647
-0.060467327
0.0097644519
-0.063528802
0.014909432
-0.06624737
0.013622768
-0.043655051
-0.056283275
-0.061073112
-0.048876254
-0.053237959
0.02054873
-0.061465268
0.02027359
-0.0535826
0.030319218
-0.062481171
0.030075588
-0.041409257
-0.051045019
-0.052207824
-0.042463212
-0.053600884
0.022819085
-0.061012415
0.021419054
-0.055402658
0.032773666
-0.063421225
0.031227429
-0.059091493
-0.064942595
-0.066068616
-0.060271381
-0.066075061
0.025904768
-0.068793837
0.02431831
-0.068612509
0.035657048
-0.070983665
0.033489749
-0.061608463
-0.067047817
-0.067760715
-0.062960185
-0.06691449
0.022507364
-0.069645514
0.020495338
-0.068311915
0.03127797
-0.071096697
0.029050277
-0.044184304
-0.053808297
-0.055684732
-0.046394899
-0.052846509
0.0065483417
-0.05938405
0.0075110903
-0.05150363
0.012174381
-0.059636655
0.013094631
-0.013962298
-0.024355538
-0.027193647
-0.016410922
-0.063421081
0.008881396
-0.06514349
0.0075784939
-0.064962953
0.011977757
-0.067560283
0.010312284
-0.020450465
-0.031481983
-0.03674546
-0.025521923
-0.069027277
0.0065709948
-0.071433699
0.006841688
-0.064968545
0.0091544292
-0.068882873
0.0092169121
-0.0036089609
-0.011059441
-0.015973314
-0.008734198
-0.043415897
0.022440867
-0.053098784
0.023635843
-0.038736763
0.031793849
-0.048292135
0.032247432
-6.7997757e-05
-0.0096222094
-0.010183867
-0.0007423291
-0.049764357
0.020574126
-0.058861813
0.021350519
-0.047817723
0.030395305
-0.057385119
0.031065331
-0.020052802
-0.030853978
-0.031724005
-0.020724077
-0.065048661
0.018404353
-0.068298589
0.0164747
-0.06406886
0.026878957
-0.067767344
0.024900392
-0.022306405
-0.033420615
-0.035746714
-0.024566763
-0.060526353
0.015064916
-0.065349178
0.014633644
-0.055966665
0.023321066
-0.061339948
0.022402644
-0.0023588026
-0.011680237
-0.013806398
-0.004477719
0.008120417
0.039598917
-0.0055724752
0.044889695
0.0093879676
0.049685538
-0.0043021305
0.05426809
-0.023003119
-0.031235287
-0.031328886
-0.021721596
-0.019965292
0.043778156
-0.033720722
0.047226885
-0.018481425
0.05308172
-0.031977039
0.056205767
-0.020902658
-0.031321692
-0.031280618
-0.020416336
-0.013077519
0.05000978
-0.023957173
0.051067739
-0.0095147767
0.058324327
-0.020102711
0.058282299
-0.0016799402
-0.010666786
-0.0095276534
0.00034561792
0.015261713
0.063453305
0.0047453117
0.062601939
0.019246721
0.066147366
0.0081562748
0.064188401
-0.0034265228
-0.010184086
-0.0084113494
0.00048705796
0.010352378
0.056907995
-0.003449754
0.060826609
0.010801706
0.060926079
-0.0031771827
0.064276319
-0.018857161
-0.027928475
-0.029126848
-0.018797674
-0.017427119
0.059823986
-0.030604121
0.06266377
-0.016957922
0.063466555
-0.029785247
0.066051576
-0.019130048
-0.030128925
-0.030717507
-0.019391198
-0.0059305445
0.064294814
-0.016604678
0.063491003
-0.0030242976
0.067408308
-0.014117415
0.066291931
0.0027007105
-0.0076992628
-0.0073561315
0.0040314701
-0.0038346359
0.035104105
-0.01744409
0.032953431
-0.0037723356
0.045043587
-0.017077484
0.043300382
-0.05308526
-0.057181634
-0.057762867
-0.054218231
-0.031540855
0.038834897
-0.044651355
0.037963936
-0.030966807
0.047443569
-0.04395932
0.046936179
-0.054646674
-0.057749146
-0.057446152
-0.054680625
-0.02693063
0.038569181
-0.041047993
0.040641965
-0.026248609
0.047811536
-0.040130921
0.050012029
-0.040938671
-0.048920715
-0.049134966
-0.041132982
0.0019786926
0.051269121
-0.011726702
0.053365002
0.00066955689
0.056014007
-0.012470908
0.057818618
-0.036336141
-0.043421792
-0.045623036
-0.038300541
-0.0047528412
0.052601521
-0.0173478
0.051062917
-0.006430937
0.057461227
-0.018009466
0.055936494
-0.048845496
-0.052489253
-0.05358963
-0.050744927
-0.030527048
0.053983006
-0.042906987
0.05368086
-0.030102718
0.058113917
-0.041512283
0.057802719
-0.051534865
-0.053583335
-0.05297692
-0.05159239
-0.025926362
0.054675661
-0.039214435
0.056881555
-0.025847592
0.058710866
-0.038293626
0.060749511
-0.039609897
-0.046862981
-0.047353636
-0.04027688
-0.055696897
0.041844403
-0.064003523
0.040477218
-0.054953465
0.049327561
-0.063246716
0.048295626
-0.054585401
-0.057102504
-0.056885715
-0.054551086
-0.069265372
0.044290112
-0.071479309
0.042086301
-0.0685064
0.051128658
-0.070709283
0.04923754
-0.054684406
-0.056877951
-0.057085375
-0.055015305
-0.068237397
0.039971886
-0.071101889
0.0379569
-0.067159564
0.047544663
-0.070142067
0.046035398
-0.041754529
-0.049577114
-0.050037463
-0.042298584
-0.050590617
0.054126944
-0.059436964
0.054856
-0.048995856
0.057734262
-0.057452724
0.058721091
-0.040401602
-0.047338515
-0.047053448
-0.040138966
-0.053454159
0.054756565
-0.061499232
0.054065619
-0.051341049
0.057875756
-0.058994233
0.057424433
-0.051274831
-0.052212882
-0.051620616
-0.050875378
-0.066708068
0.055782686
-0.06902668
0.054372338
-0.064149069
0.05812263
-0.06670783
0.057225429
-0.050603474
-0.051399338
-0.051623711
-0.050582203
-0.065460194
0.053249224
-0.068617387
0.052381884
-0.063413717
0.056677874
-0.066812993
0.056443994
-0.039668853
-0.046702198
-0.046443796
-0.039172637
-0.045803723
0.040320422
-0.055511021
0.041009187
-0.043874583
0.049170955
-0.053540849
0.050031518
-0.02018231
-0.031287965
-0.031421073
-0.020161044
-0.062446703
0.036056258
-0.066468493
0.034313776
-0.060604121
0.044679826
-0.064907897
0.043459603
-0.020337408
-0.031736695
-0.032264768
-0.020711702
-0.051596806
0.032815973
-0.057394469
0.031688841
-0.04780955
0.042386817
-0.054062486
0.041507196
0.0024086359
-0.0085832685
-0.0086633074
0.0027154877
-0.026970119
0.057818096
-0.036611188
0.057492292
-0.024859188
0.062682587
-0.034891426
0.062834576
0.0051634382
-0.0068891704
-0.006034689
0.0065498755
-0.042227306
0.055996231
-0.051771924
0.057147225
-0.04108878
0.060142319
-0.050470828
0.06161916
-0.019304274
-0.03081847
-0.030478353
-0.018776173
-0.058918467
0.05172209
-0.063510424
0.051232152
-0.057676505
0.056485428
-0.062554936
0.05678784
-0.017870145
-0.029831795
-0.029068339
-0.016767351
-0.045059671
0.050903357
-0.051841793
0.050757038
-0.043789279
0.057376082
-0.051095002
0.058308938
0.0083727555
-0.0047521746
-0.0031908866
0.010552636
-0.038621322
0.0027023642
-0.045497204
0.0030696328
-0.043768378
0.017192921
-0.050508833
0.016202358
-0.090339421
-0.087758983
-0.091242609
-0.094003916
-0.051658114
-0.0020206806
-0.056822479
-0.00029071608
-0.055778834
0.015641281
-0.059441615
0.015583802
-0.095020365
-0.091665901
-0.089098394
-0.09338904
-0.050832694
0.0020872715
-0.05610006
0.004693326
-0.058281197
0.015730807
-0.062015202
0.015932939
-0.088148991
-0.093613717
-0.093319964
-0.089370106
-0.051106215
0.026590427
-0.05804615
0.024607836
-0.053234531
0.037110176
-0.06061353
0.034812227
-0.068113873
-0.068289875
-0.069278293
-0.069159623
-0.04649479
0.030264448
-0.053386926
0.028547207
-0.047757296
0.041402794
-0.054892077
0.039394511
-0.065352737
-0.059386396
-0.060435901
-0.066341196
-0.058272657
0.030818382
-0.061089361
0.029762289
-0.05966492
0.043168859
-0.062041327
0.04163079
-0.066429493
-0.06047978
-0.059461798
-0.06555507
-0.062936858
0.028581261
-0.065724614
0.0273063
-0.065440257
0.039782595
-0.067686726
0.037765432
-0.069761454
-0.069562427
-0.06906647
-0.069823592
0.0017110721
0.04706378
-0.013023806
0.045622824
0.0021435277
0.054741522
-0.012549543
0.053745456
-0.055248763
-0.049789904
-0.047166132
-0.053226812
-0.0265757
0.047900386
-0.038433777
0.04591564
-0.026181056
0.055125314
-0.038193845
0.053384338
-0.051366297
-0.044922932
-0.043195186
-0.049847931
-0.031501736
0.0434027
-0.043667174
0.040837672
-0.030959513
0.051209932
-0.043160944
0.049040625
-0.058123163
-0.055896245
-0.054735039
-0.057394578
-0.0053727889
0.058185854
-0.017812369
0.055272172
-0.0070345027
0.062901302
-0.018321439
0.060046155
-0.054361507
-0.054509326
-0.052985144
-0.054267751
0.0014065622
0.061315906
-0.012693853
0.060424711
-0.00026366056
0.066275042
-0.013313938
0.065192614
-0.052941766
-0.049567106
-0.045308164
-0.049952601
-0.025960401
0.060851613
-0.037797185
0.059238238
-0.025837825
0.064930125
-0.037214915
0.063285739
-0.046554591
-0.040988374
-0.03719577
-0.043388688
-0.030459512
0.057258864
-0.04221634
0.055331703
-0.02993161
0.061312956
-0.040869168
0.059425135
-0.053203933
-0.050734979
-0.048402277
-0.051767133
-0.048185451
0.050384967
-0.055534437
0.048340664
-0.048116483
0.057171125
-0.055594608
0.055201302
-0.048776857
-0.042043476
-0.041449895
-0.048177601
-0.060312249
0.052595225
-0.062482542
0.050873468
-0.060414485
0.0591575
-0.06251608
0.057398471
-0.048000645
-0.041326577
-0.041536182
-0.048140297
-0.06631461
0.048791601
-0.068292776
0.046551137
-0.065943977
0.055333854
-0.067845044
0.053190567
-0.056255507
-0.053142865
-0.053248357
-0.056382337
-0.0521967
0.057935673
-0.059774289
0.056117313
-0.050306765
0.060664909
-0.057631723
0.059019391
-0.050455618
-0.046509254
-0.045397173
-0.049614826
-0.047678085
0.061815416
-0.055188788
0.059929725
-0.046872528
0.064400185
-0.054337194
0.062550343
-0.04096599
-0.034392745
-0.032848169
-0.039602556
-0.060060445
0.063008766
-0.06219081
0.061270272
-0.05927696
0.064348178
-0.061530311
0.062652003
-0.039395497
-0.032610285
-0.033521741
-0.040238418
-0.06459684
0.059347698
-0.06657168
0.05746728
-0.062464427
0.060925606
-0.064653079
0.059373674
-0.049420123
-0.045206472
-0.045891331
-0.049888218
-0.0083843473
0.059303932
-0.01873386
0.057612854
-0.010195095
0.057845123
-0.019195881
0.055828838
-0.048297338
-0.051119116
-0.053197928
-0.050996774
-0.029488812
0.059598434
-0.039706746
0.059045164
-0.028478489
0.058292332
-0.037409459
0.057289005
-0.052361032
-0.053813492
-0.053547274
-0.052748699
-0.025871236
0.059641697
-0.037321485
0.06132219
-0.025871908
0.057375173
-0.036248662
0.058530346
-0.041940011
-0.048504949
-0.049323971
-0.042981638
-0.0047468983
0.049332548
-0.015618744
0.049820888
-0.0064210735
0.039952453
-0.0164992
0.040110748
-0.04199139
-0.048338499
-0.051886435
-0.045310363
-0.011524756
0.052900672
-0.019150969
0.050442813
-0.012180382
0.044477948
-0.018498621
0.041531348
-0.052308375
-0.054370425
-0.057827176
-0.055897203
-0.026938501
0.054152017
-0.034595843
0.052558523
-0.02487175
0.047253799
-0.031357701
0.04503136
-0.058019764
-0.059502838
-0.059950738
-0.05893344
-0.025767268
0.052004854
-0.035053788
0.052531087
-0.025531686
0.043808297
-0.033763278
0.043692105
-0.047928331
-0.054324895
-0.05558232
-0.049436393
-0.048671991
0.05860479
-0.055884926
0.05824148
-0.045479172
0.056997296
-0.052287156
0.056577279
-0.052507332
-0.05289706
-0.052236093
-0.051937112
-0.061034441
0.058229237
-0.063963921
0.057801791
-0.057525084
0.056326141
-0.060961416
0.056306616
-0.051275522
-0.051804295
-0.051719276
-0.050695125
-0.061187861
0.057747317
-0.064893215
0.058031667
-0.058865459
0.056631471
-0.062922881
0.057262176
-0.041088581
-0.047758548
-0.046658906
-0.039494095
-0.043364459
0.052744869
-0.050564884
0.053511862
-0.041310855
0.046530081
-0.048140874
0.04696482
-0.049689486
-0.055717582
-0.054883486
-0.048749219
-0.041827681
0.053196678
-0.048326634
0.052627413
-0.037871022
0.047391982
-0.044188271
0.04665841
-0.05889757
-0.059627164
-0.058879601
-0.058156415
-0.053774388
0.052703468
-0.05784964
0.053053357
-0.049970215
0.047640939
-0.054794686
0.048365145
-0.056934325
-0.057954518
-0.05701534
-0.055436766
-0.05648377
0.053657382
-0.060910358
0.05445411
-0.054084132
0.049186586
-0.058863492
0.04999676
-0.046824606
-0.053296242
-0.051211172
-0.044219863
-0.040665642
0.061286475
-0.049830428
0.063017784
-0.041079282
0.059424862
-0.049927462
0.061239665
-0.021670291
-0.033766275
-0.032931919
-0.020715431
-0.057036522
0.058643055
-0.062142268
0.059619554
-0.057010881
0.058210868
-0.062203558
0.059574101
-0.018887395
-0.031348248
-0.029321298
-0.016504084
-0.044325633
0.06106414
-0.051975374
0.063137363
-0.046781947
0.061556358
-0.054388479
0.064472847
0.011534431
-0.0043145977
-0.0016240727
0.014570425
-0.031623427
0.058325127
-0.042143399
0.06024895
-0.038560396
0.050732166
-0.048584031
0.052731853
0.0067417653
-0.011924263
-0.01124034
0.0073994368
-0.042308689
0.054812892
-0.050697518
0.056477102
-0.044159877
0.047871066
-0.051938357
0.049144757
-0.027848531
-0.040465876
-0.039496904
-0.026980996
-0.057477076
0.055458407
-0.062546946
0.056807384
-0.058217032
0.050782713
-0.062930277
0.051688514
-0.024840095
-0.037363657
-0.034406164
-0.021774976
-0.050991933
0.058802094
-0.058005427
0.061935025
-0.056500107
0.053080448
-0.062327412
0.055607442
0.0091119026
-0.0092892219
-0.0063897381
0.011633782
0.00064214415
0.029941672
-0.014592085
0.034293854
-0.0027803053
0.01629654
-0.018007618
0.021594448
-0.024069369
-0.036958093
-0.0397034
-0.026536855
-0.02721245
0.033094375
-0.037646821
0.034748917
-0.030281663
0.020090471
-0.040170102
0.021724315
-0.029623003
-0.04274582
-0.045239204
-0.032344762
-0.020116633
0.03720645
-0.034827963
0.039897782
-0.028358443
0.024582434
-0.043381387
0.028233601
0.0057578734
-0.013368369
-0.016036653
0.0037323415
0.0023977992
0.015841889
-0.017026633
0.021953007
-0.002586912
0.0030260138
-0.020426431
0.0084280628
0.0069520231
-0.0084213994
-0.010917176
0.0035591494
-0.0055147309
0.0025329522
-0.020311595
0.0085606436
-0.0068722615
-0.0097593508
-0.02053312
-0.0037394076
-0.022033209
-0.03448796
-0.036046549
-0.023943061
-0.032172102
0.006475945
-0.041662063
0.0081528293
-0.031910111
-0.0067915403
-0.041308896
-0.0050995117
-0.027032805
-0.038838218
-0.042335622
-0.030744076
-0.035103825
0.011356947
-0.050269765
0.015779404
-0.038139294
-0.0017017497
-0.05349605
0.0033010194
0.00087536179
-0.014025727
-0.017467709
-0.0015134284
-0.012166069
0.032882757
-0.017327683
0.029496073
-0.011712355
0.018827935
-0.015937785
0.015169434
-0.058911033
-0.061325702
-0.065826268
-0.062806211
-0.022462081
0.03782243
-0.027949668
0.035049879
-0.020094371
0.02626537
-0.024815504
0.023134399
-0.065439498
-0.068474157
-0.069760851
-0.066974521
-0.02519459
0.033238093
-0.032458524
0.032562059
-0.024820085
0.020912472
-0.031266876
0.019838629
-0.052880697
-0.060333972
-0.062164392
-0.055044733
-0.0097726461
-0.0018208689
-0.01798701
-0.0010375117
-0.010251658
-0.015316095
-0.017960396
-0.01380122
-0.045827188
-0.055713701
-0.057469491
-0.047298983
-0.011271423
0.0035334125
-0.014823226
-8.8165644e-05
-0.011460606
-0.011231118
-0.014626395
-0.014314344
-0.063601523
-0.06888642
-0.072729668
-0.066126768
-0.018342914
0.013219175
-0.022582876
0.010007364
-0.017885855
-0.00043396856
-0.02200597
-0.0033842499
-0.068224314
-0.075218927
-0.077196161
-0.070375858
-0.024459585
0.0076197529
-0.0303286
0.0063541232
-0.02405626
-0.0056451686
-0.029727784
-0.0068879742
-0.049701281
-0.059583232
-0.062126969
-0.052744258
-0.033899277
0.0397778
-0.040164024
0.038945355
-0.030373353
0.030523922
-0.036693513
0.029723278
-0.067514827
-0.070026668
-0.069499364
-0.06713733
-0.046379544
0.041338792
-0.052018118
0.042485369
-0.043391092
0.03386453
-0.049836878
0.035511279
-0.065927785
-0.068335489
-0.06666463
-0.064010528
-0.051762845
0.04350616
-0.056848175
0.044225812
-0.049714133
0.036750285
-0.05504005
0.037332375
-0.054710047
-0.061427217
-0.059247502
-0.052341643
-0.036204973
0.018668462
-0.042247819
0.018182925
-0.035558201
0.0070570741
-0.041676992
0.0064927222
-0.055949587
-0.064779207
-0.067069235
-0.058766464
-0.027935507
0.019761761
-0.03438874
0.019165156
-0.027382647
0.007593453
-0.034031243
0.0073974724
-0.072463899
-0.078787262
-0.079838403
-0.074151178
-0.041548188
0.025122485
-0.04869754
0.027360138
-0.041560589
0.014850674
-0.049193182
0.017770091
-0.07504627
-0.080089445
-0.079307926
-0.074837097
-0.048256786
0.028865057
-0.053761636
0.029322087
-0.047836974
0.019618153
-0.053498536
0.020027734
-0.060700325
-0.068528601
-0.068809337
-0.061403249
-0.046271261
0.039079089
-0.053342754
0.039780816
-0.048152477
0.028885366
-0.054551879
0.028947087
-0.034059548
-0.046657437
-0.046756163
-0.034448904
-0.058975508
0.044577265
-0.063140468
0.044677276
-0.0595226
0.037126712
-0.063059723
0.036204567
-0.033467879
-0.045522866
-0.043128523
-0.031287917
-0.06261345
0.044912496
-0.066784479
0.046027717
-0.068500588
0.0349364
-0.070838962
0.034088981
0.0015578226
-0.017999722
-0.016334664
0.0023696475
-0.061747534
0.016930688
-0.069353985
0.017562753
-0.065202006
0.0042807524
-0.072762992
0.0047318654
-0.0037909025
-0.020887952
-0.023928493
-0.0059608565
-0.049243334
0.017658329
-0.055213087
0.017154397
-0.048973148
0.0057038048
-0.05502375
0.004838435
-0.034520252
-0.045968585
-0.049164794
-0.037840944
-0.059704568
0.02854886
-0.062704958
0.026582129
-0.05947094
0.01879387
-0.062237155
0.015960231
-0.040291144
-0.051448876
-0.052499995
-0.041594531
-0.073308786
0.023774442
-0.074060351
0.02087338
-0.076261508
0.011921195
-0.07614426
0.00745745
-0.007907494
-0.02628305
-0.027729183
-0.0094561203
-0.045644337
0.064990669
-0.053019939
0.063108803
-0.043929619
0.063606036
-0.051217875
0.061637463
-0.041721829
-0.035435107
-0.033462638
-0.040099534
-0.058069418
0.063385975
-0.060556314
0.061757182
-0.056451433
0.060315915
-0.059305167
0.058808877
-0.039728076
-0.032960832
-0.033835473
-0.040563734
-0.059697904
0.060257689
-0.06224704
0.059053684
-0.056439467
0.057579305
-0.05950877
0.056741429
-0.049710909
-0.045497341
-0.04615148
-0.050050107
-0.041006529
0.056117389
-0.047511512
0.054403896
-0.036923128
0.050485478
-0.043353265
0.048702996
-0.058283298
-0.05517589
-0.053954346
-0.057376774
-0.041693236
0.060204332
-0.048942819
0.058134777
-0.038964116
0.054682231
-0.046265068
0.052558678
-0.050526566
-0.044473996
-0.042417914
-0.048886631
-0.054466289
0.055292535
-0.057838549
0.054004726
-0.052205228
0.048413582
-0.056250914
0.047487877
-0.047993334
-0.041327696
-0.041276253
-0.047941979
-0.052849124
0.0531235
-0.056607114
0.052699999
-0.049132156
0.047079159
-0.053740729
0.047163894
-0.05661333
-0.053193229
-0.053005058
-0.056126009
-0.0083238819
0.05000571
-0.013926483
0.046238873
-0.0076793039
0.037139282
-0.01227092
0.033124952
-0.056573545
-0.051310979
-0.058159042
-0.06310767
-0.020616414
0.052504989
-0.028097607
0.049061369
-0.018130756
0.041757094
-0.025094744
0.038158054
-0.066151913
-0.061196588
-0.061575641
-0.066796129
-0.021065697
0.045180859
-0.026530901
0.041305668
-0.018023849
0.034113317
-0.022848033
0.030029401
-0.069607248
-0.068871526
-0.069740023
-0.070680158
-0.010162197
0.013362717
-0.012345908
0.0082703105
-0.0098267129
-0.0017945532
-0.011538234
-0.0067793904
-0.071035616
-0.069695397
-0.077613104
-0.076720324
-0.0065244103
0.02218901
-0.010445898
0.018164503
-0.0057237204
0.0067927104
-0.0092903024
0.0029285159
-0.064774444
-0.056500164
-0.068853501
-0.075055265
-0.015784652
0.028269151
-0.022463516
0.024801495
-0.014487558
0.012746517
-0.021131124
0.0097131792
-0.081177265
-0.076350284
-0.079950651
-0.084206293
-0.015516928
0.020919488
-0.020008324
0.016955804
-0.014576265
0.0063608009
-0.019071978
0.002902393
-0.080072247
-0.082242589
-0.084706251
-0.08215509
-0.035879813
0.046894437
-0.043346717
0.044836225
-0.032747784
0.036701239
-0.040486149
0.034894073
-0.06599612
-0.060372335
-0.058468278
-0.064503363
-0.049827859
0.039711621
-0.054676046
0.039326372
-0.047587493
0.029162983
-0.053293334
0.029506626
-0.062824009
-0.056472238
-0.05469873
-0.061221049
-0.045571975
0.039556815
-0.051157528
0.04028876
-0.042569285
0.030566019
-0.049177719
0.03211288
-0.06866713
-0.066862502
-0.065367096
-0.067151198
-0.025894586
0.021523672
-0.032963944
0.020535433
-0.025088646
0.0079978035
-0.032451726
0.007755428
-0.083361127
-0.085649742
-0.085409063
-0.083765019
-0.030120205
0.024054534
-0.038170267
0.022715267
-0.028858972
0.009131614
-0.03711367
0.0084264899
-0.084987856
-0.080624466
-0.079213604
-0.084126419
-0.045857707
0.016726739
-0.052330583
0.017950727
-0.045144214
0.00243214
-0.052053794
0.0045739407
-0.082035741
-0.076384408
-0.072623779
-0.078992124
-0.040681256
0.020011225
-0.048215165
0.022536378
-0.0406441
0.0077184797
-0.04878337
0.01132612
-0.083291211
-0.084139255
-0.081909616
-0.081835053
-0.057346619
0.036336594
-0.05747047
0.037289082
-0.056906246
0.025716198
-0.057891574
0.027639178
-0.059757388
-0.053206141
-0.051884522
-0.058371548
-0.054910471
0.038009737
-0.049791527
0.039902809
-0.05596632
0.028145816
-0.051156628
0.0308231
-0.056972298
-0.050572793
-0.04917943
-0.055534703
-0.056752055
0.042649626
-0.053325085
0.04578757
-0.057961746
0.034441933
-0.055005265
0.038441196
-0.061749813
-0.060738376
-0.059215411
-0.060040802
-0.054538829
0.020963717
-0.058594163
0.025697137
-0.055711281
0.010054643
-0.060191524
0.015947737
-0.079362829
-0.078787842
-0.074910249
-0.075983809
-0.056751238
0.013772563
-0.058428393
0.016768154
-0.056907848
0.00064883611
-0.058892275
0.0046813918
-0.07519245
-0.068264335
-0.063538078
-0.070817435
-0.056944866
0.017402973
-0.052249013
0.020876657
-0.057485617
0.0061735415
-0.052592491
0.01033447
-0.066095294
-0.058651648
-0.053866727
-0.061357243
-0.059489648
0.025336132
-0.056689169
0.03013354
-0.061173397
0.015484758
-0.058050427
0.020911623
-0.071986891
-0.07053206
-0.066054582
-0.067840889
-0.064636763
0.059544777
-0.06310514
0.059127668
-0.062429495
0.057711761
-0.06182031
0.057940416
-0.050308638
-0.051998506
-0.052586755
-0.050177275
-0.059483967
0.06264471
-0.053930873
0.06244702
-0.059080611
0.061416763
-0.054216713
0.061796452
-0.050319849
-0.053384975
-0.054278289
-0.050721078
-0.062550251
0.061862894
-0.057318217
0.060949322
-0.062660085
0.061661297
-0.05799777
0.061045765
-0.03562274
-0.044388451
-0.044396452
-0.035390928
-0.063599505
0.055870715
-0.064282736
0.05624571
-0.062125006
0.052381406
-0.063470451
0.05289688
-0.04129189
-0.048903296
-0.046651018
-0.038415863
-0.060241115
0.05435352
-0.06066514
0.055223081
-0.058195682
0.049782471
-0.05970689
0.051306439
-0.053852696
-0.056163728
-0.055460712
-0.052356179
-0.05888806
0.058525686
-0.054754218
0.059481848
-0.058909668
0.05422366
-0.055486605
0.055762746
-0.051106195
-0.054946214
-0.0546566
-0.050243996
-0.062686301
0.059730012
-0.058558987
0.059266923
-0.062493749
0.056350876
-0.058826229
0.055928123
-0.035954785
-0.044720469
-0.04334756
-0.034227627
-0.05645348
0.044216928
-0.059032532
0.04642691
-0.055244623
0.037735014
-0.058774112
0.040669835
-0.061564598
-0.06462217
-0.062371347
-0.058828425
-0.059152787
0.048716136
-0.056345589
0.050847828
-0.059645575
0.042134973
-0.057260582
0.044856524
-0.056094135
-0.06011571
-0.058103347
-0.053692387
-0.062013956
0.05176225
-0.058688462
0.051323864
-0.061288843
0.046104729
-0.058135824
0.045654492
-0.042077807
-0.049993128
-0.047189125
-0.038962582
-0.058115698
0.036202918
-0.060594636
0.036662002
-0.057931839
0.028648502
-0.060339282
0.029096616
-0.060730088
-0.067764223
-0.065486635
-0.058761269
-0.054899193
0.030250974
-0.059131654
0.033941266
-0.055861736
0.021515262
-0.060382042
0.025967965
-0.07338832
-0.077393502
-0.074445098
-0.070797037
-0.060452255
0.034525734
-0.05816808
0.037797135
-0.061677858
0.025847675
-0.059016748
0.029562746
-0.067403027
-0.070784052
-0.066932846
-0.063753782
-0.060502281
0.039384255
-0.057284599
0.038969289
-0.059994172
0.031456925
-0.056385508
0.031131787
-0.055794651
-0.062309771
-0.0587668
-0.052308884
0.00095295323
0.017050602
-0.0033899055
0.011163451
0.0054673143
0.031917944
-0.0016811347
-0.0093831196
0.025772372
-0.016054981
-0.0080288716
-0.022059988
0.014043035
0.019926096
0.014712165
0.006989577
-0.0055643485
0.007782096
0.026966119
0.023022448
-0.023508342
0.021782391
-0.02940729
0.019917062
0.01076925
-0.034398693
0.0020541198
0.01243155
0.018703022
0.0097764125
0.019440831
-0.0070822132
0.025249911
-0.00095066492
-0.016729324
0.028829431
-0.011527484
0.0056309735
-0.0058771516
0.0650792
0.064056678
0.066722164
0.066305034
0.0066467771
0.018591863
0.059564591
0.063738094
-0.026734998
0.030010678
-0.022477337
0.068591843
0.0704564
-0.017804879
0.068844307
-0.016678702
-0.0027700292
-0.016472152
-0.0017129841
-0.066161864
0.010532373
-0.06745336
-0.062446577
0.012021658
-0.063882119
-0.065721712
-0.062781009
-0.0063140515
0.0063641041
0.0067930436
-0.0076883224
-0.014686416
0.0010609548
0.019213706
0.020924302
-0.055446792
0.015283655
-0.057380196
0.022875083
0.0080478752
-0.057486052
-0.0077464683
0.0066355144
0.017110653
0.0087598426
0.017620189
-0.066509127
0.027795209
-0.064164193
-0.066470122
0.026907074
-0.063685893
-0.061710665
-0.060827899
0.053157888
0.053009213
0.054170821
0.055225635
0.010398588
0.017627287
0.051787803
0.051867129
-0.063648144
0.025478027
-0.06031491
0.05010577
0.053475122
-0.056921913
0.055513362
0.061409411
0.05898574
0.05991859
0.058171747
-0.061818466
0.054448651
-0.061408181
-0.058446949
0.054228549
-0.058505714
-0.06113781
-0.058858382
0.052861551
0.049819785
0.051238302
0.0536476
0.058419875
0.057538796
0.044802969
0.046659085
-0.053197312
0.054347907
-0.053873946
0.048602749
0.052779597
-0.05496351
0.054595033
0.011433203
0.021447532
0.0077688782
0.019980149
0.015600082
0.030449594
0.017165506
0.0022952921
0.031670345
0.0030536672
0.01582578
0.0010998954
0.043117212
0.051070505
0.049334163
0.040740509
0.0044806055
0.017928129
0.057927439
0.056946477
-0.011352473
0.031371248
-0.011199355
0.057249112
0.048675406
-0.013481612
0.039219537
0.044944785
0.050540929
0.050731638
0.057520033
-0.0075541962
0.055134025
-0.0083202703
-0.014410551
0.06240106
-0.013804811
-0.0085591971
-0.013084046
0.039614366
0.050451336
0.052639751
0.041550186
0.053805568
0.061596389
0.060442487
0.062770634
-0.023162545
0.066818129
-0.021785416
0.065258357
0.055431477
-0.020548506
0.044432781
0.054698949
0.061922287
0.050544643
0.059278218
-0.0080392013
0.066334573
-0.0079964792
-0.011814071
0.065161713
-0.011750953
-0.0088415379
-0.01254619
-0.00087384648
0.0081176484
0.0093507611
0.00062853619
0.046920975
0.056366137
0.01799467
0.019332078
-0.018785859
0.063102494
-0.018488593
0.021951634
0.011894443
-0.018782959
0.0034451369
-0.0089617881
0.0034208249
-0.011167353
0.0012764229
-0.047762439
0.016406055
-0.051652847
-0.05685264
0.014063904
-0.059755411
-0.053544011
-0.060053441
0.0071540011
0.01287125
0.010405217
0.0024818334
-0.013524038
-0.00078190741
0.020653105
0.01999819
-0.063208063
0.012013557
-0.065286473
0.019780257
0.0090756171
-0.064322352
-0.00036845282
0.00097027488
0.015032855
0.00096313615
0.01470977
-0.035915901
0.029702153
-0.036587088
-0.045563602
0.029116833
-0.046453109
-0.039166402
-0.049044282
0.037560381
0.044885266
0.046684001
0.039077838
0.0019164216
0.015054773
0.050667788
0.052206341
-0.052828508
0.028776472
-0.05376224
0.052796098
0.047631344
-0.056230935
0.040010395
0.054954805
0.063695885
0.054074136
0.062776701
-0.041335959
0.0693057
-0.03988892
-0.048746174
0.068400857
-0.047702582
-0.038798578
-0.047063005
0.040583175
0.047978761
0.047854871
0.040525963
0.052615503
0.061040997
0.052525602
0.05224953
-0.054139248
0.066609459
-0.053574926
0.052136583
0.047775497
-0.053456864
0.040437107
0.040573673
0.05025378
0.037785166
0.047446458
-0.037359134
0.057647348
-0.036765489
-0.046445633
0.055021193
-0.046084633
-0.036084311
-0.045421775
-0.0032415947
0.0077907915
0.0072025595
-0.0043009103
0.035526237
0.045218184
0.019546161
0.019271124
-0.053924344
0.052999952
-0.054081185
0.018890874
0.0064882382
-0.053887078
-0.0054837262
0.038454699
0.044834858
0.045214792
0.051741618
-0.0013708609
0.050829816
-0.0029701408
-0.015942233
0.056947836
-0.015574415
-0.0046971869
-0.01524257
0.074787254
0.077654526
0.079886659
0.077092552
0.049005922
0.055873323
0.076874889
0.079055535
-0.029257034
0.060738612
-0.02774029
0.079497358
0.08076606
-0.026178244
0.078528084
0.0023760961
0.016233907
0.0020039143
0.015747142
-0.045394054
0.029555893
-0.042662866
-0.053201499
0.029083717
-0.05093065
-0.039614415
-0.048394612
0.056469188
0.056276673
0.054698872
0.056170523
0.002803536
0.015862612
0.054007702
0.051178447
-0.059539048
0.028695594
-0.057484231
0.048263464
0.05270737
-0.055218299
0.055173669
0.05143354
0.058889593
0.051191105
0.058744514
-0.049720131
0.063641875
-0.047510861
-0.056369735
0.063516708
-0.054226694
-0.045252813
-0.052109575
0.05284399
0.049225729
0.048318078
0.052141131
0.050317903
0.057826006
0.043783478
0.042719159
-0.060604347
0.06262423
-0.058612508
0.042522856
0.048114586
-0.056744749
0.051950534
0.0054223936
0.016716093
0.0072804376
0.017458882
-0.058809228
0.028219701
-0.059201926
-0.057028482
0.027622836
-0.056856728
-0.060917768
-0.05797449
0.039270416
0.045628245
0.048905272
0.042357085
0.0088243102
0.017850789
0.049790573
0.052948525
-0.051935467
0.026642364
-0.051082799
0.054685193
0.05104464
-0.051543147
0.044675168
0.048385256
0.055941505
0.045681944
0.052812315
-0.057859332
0.061410296
-0.058031968
-0.056267014
0.058324413
-0.056610039
-0.058715673
-0.057450995
0.046056766
0.052099728
0.051343185
0.0451665
0.042642674
0.049420804
0.055157844
0.054486952
-0.052683594
0.055063723
-0.053088419
0.053542462
0.050032321
-0.053918103
0.043489467
0.034141508
0.04391506
0.035675338
0.045308505
-0.061175435
0.052014479
-0.062689883
-0.060342208
0.053294522
-0.062289251
-0.064242628
-0.064596063
-0.0077269164
0.0092822927
0.008281095
-0.0088899693
0.038790774
0.048039813
0.02443247
0.023417382
-0.056665787
0.055591995
-0.058636593
0.021308243
0.0061454145
-0.061248021
-0.011076265
-0.0069600125
0.010677281
-0.0021346753
0.01593998
-0.033567677
0.025728583
-0.037224235
-0.020187909
0.031141
-0.024760852
-0.040570327
-0.029555287
-0.0087640749
0.0088878101
0.011273944
-0.0061191624
0.0021285513
0.01986686
0.02408644
0.026333804
-0.0064269323
0.03492211
-0.011645401
0.029494942
0.014340259
-0.017400219
-0.0035566442
0.010481724
0.017401749
0.010714195
0.016820174
-0.032569821
0.023695657
-0.030435912
-0.019363308
0.022152301
-0.016862675
-0.029816076
-0.016006651
0.04760197
0.055923343
0.058714368
0.049993851
0.010849726
0.016359177
0.061856062
0.065335441
-0.0050903573
0.021023589
-0.0025315825
0.067896721
0.061273115
-0.0016984243
0.052736091
0.036160475
0.042500655
0.033312085
0.039554714
-0.040697053
0.048613445
-0.041113447
-0.032695135
0.045944986
-0.033163745
-0.04158723
-0.033409624
0.057289628
0.064993481
0.065690439
0.058325265
0.031324871
0.037555237
0.070892413
0.071249387
-0.023411291
0.044213659
-0.024013313
0.070718905
0.065372416
-0.024078901
0.058224367
0.048149647
0.055919374
0.052819958
0.05976268
-0.042439989
0.061686933
-0.043064232
-0.032862298
0.064484562
-0.032354103
-0.044457732
-0.032440858
0.00077412976
0.020044067
0.021785563
0.0022677274
0.056113844
0.062517564
0.035349201
0.036983058
-0.022191096
0.066460874
-0.02057631
0.037404755
0.022483667
-0.019334865
0.0031874537
0.046882987
0.054027736
0.044312939
0.051253615
-0.062288499
0.058961594
-0.060586365
-0.060021511
0.056365031
-0.058435307
-0.059187977
-0.057209799
0.053793276
0.050201799
0.048971254
0.052898447
0.041190229
0.04799321
0.045174927
0.043524823
-0.055837489
0.053403508
-0.05438979
0.042941238
0.048491915
-0.053334912
0.052403337
0.011005438
0.015424063
0.0099733334
0.013381883
-0.048842089
0.020771376
-0.044473332
-0.036974754
0.017855286
-0.032343157
-0.040001384
-0.027561172
0.066168731
0.064433233
0.071640003
0.071922145
0.0086442153
0.01135027
0.060133499
0.068771613
-0.022800897
0.015293045
-0.01820488
0.07351743
0.075642885
-0.013417869
0.075237539
0.033770799
0.040679769
0.030090043
0.037263617
-0.041883169
0.047119303
-0.041020253
-0.032050339
0.04438434
-0.031750753
-0.040553998
-0.031826573
0.077353587
0.077576835
0.076759673
0.076968947
0.027232407
0.034745001
0.075343173
0.074061958
-0.020217167
0.042528414
-0.020693219
0.072063017
0.075244541
-0.021517436
0.07586877
0.055974418
0.057203478
0.055349834
0.05763456
-0.03811025
0.055768292
-0.040507751
-0.028713345
0.057001832
-0.032167151
-0.043423892
-0.036129322
0.071853989
0.07078619
0.068037452
0.069140441
0.055352264
0.058480405
0.066984527
0.064124036
-0.018304714
0.058396969
-0.022855501
0.061133265
0.065097629
-0.027877677
0.066196089
0.065688121
0.064496598
0.063779975
0.063450721
-0.060565085
0.061158559
-0.060036429
-0.059611699
0.06094542
-0.059631407
-0.059344611
-0.059368635
0.039008755
0.046738381
0.045226712
0.036867095
0.061858269
0.062446542
0.051565994
0.050803376
-0.057107904
0.060805564
-0.057599529
0.050314957
0.044078251
-0.057594843
0.035203354
0.05824682
0.060607504
0.056859182
0.059934654
-0.048600661
0.060549101
-0.049895696
-0.042927992
0.060446194
-0.044607809
-0.050019609
-0.044709981
0.054605358
0.061653799
0.058591052
0.051469161
0.056145736
0.059701447
0.066985223
0.064067395
-0.036294129
0.060502726
-0.038363728
0.060848957
0.055177264
-0.038454034
0.047924256
0.005154811
0.019246794
0.0006267265
0.015200947
0.031744995
0.011705212
0.029238383
-0.0032960024
0.03486049
0.03180647
-0.002495567
0.012099089
0.02690665
-0.01784789
0.029486756
0.042179644
0.04164948
-0.0012094697
0.05039994
-0.0030046038
-0.0092299898
0.05179425
-0.011032386
-0.0055393198
-0.01364211
0.028361517
0.018176746
0.040488198
0.038817462
-0.019345894
0.05188423
-0.021121537
0.028615865
-0.023582937
0.044636045
0.039200112
-0.0084895921
-0.016656686
-0.011333421
-0.019551876
0.0085390572
-0.00052526425
0.035164534
-0.026236452
-0.028483066
-0.0071549128
0.0054922432
-0.036465343
0.018895611
-0.04139295
-0.044940572
0.013195495
0.018346767
0.014520637
0.0070676698
0.025345655
0.023355263
0.021850588
0.011915339
0.0030239829
-0.0045620517
0.0099097897
-0.027118292
0.024994078
-0.031338213
0.033386862
0.032718566
-0.0058052699
0.0085245729
0.041642226
0.041808966
0.023569179
-0.043195238
0.041698649
0.032043245
0.039117697
-0.030210747
0.051163771
-0.032007311
-0.034265053
0.031590829
0.020910982
0.037768237
0.041602683
-0.040616361
0.049984041
-0.042499063
0.041745256
0.0315315
-0.044599456
0.020577463
0.03193081
0.043638617
-0.036386268
-0.037700165
0.010366595
0.00073373664
0.029070914
-0.046226186
0.0097250859
-0.046633539
-0.00021442637
0.0038539065
0.018584974
0.01297037
0.00077408315
0.024150694
0.012810254
-0.043144554
-0.054328025
-0.01389439
0.022198241
-0.011670615
-0.022161084
0.0239133
-0.020483811
-0.064723815
0.051804458
0.057333728
-0.0023198842
0.031131179
0.011616878
0.041417777
0.047880669
-0.030955482
0.024037897
-0.029713066
0.054093657
0.063078198
0.0096232116
0.03118736
0.02051231
0.033863965
-0.07341217
-0.0057731947
0.039592464
-0.005534107
-0.019127725
0.042455686
-0.018100301
-0.0796414
-0.0046767611
-0.016387227
0.068236093
0.073218032
0.031056466
0.034777117
0.059438002
-0.031303052
0.043699395
-0.02987552
0.063382589
0.072133876
-0.027773713
0.031878904
0.037513722
-0.0034254754
-0.014235685
-0.0020675581
-0.011994683
0.074344932
0.071887813
0.040292293
-0.025240167
-0.022647636
0.003993868
0.017289609
-0.036446693
0.029996562
-0.033037109
-0.029259791
0.061547393
0.060490028
0.060186198
0.061602855
0.056604572
0.056038062
0.05582349
0.060092621
0.061681896
-0.0048904543
0.038808419
0.010222037
-0.040905278
-0.043494406
-0.039643646
0.023514687
-0.038754191
-0.046203353
0.050072834
0.04942434
-0.0065636211
0.046619279
0.0091384341
0.041258046
0.04076034
-0.047788837
0.022928183
-0.047175591
0.040629633
0.049189521
0.040703209
0.03485413
-0.048700559
-0.041852117
0.044126947
-0.040289685
-0.050654362
-0.038118216
0.049241601
0.055847018
0.049154647
0.034670482
0.040770098
-0.050599657
0.044237397
-0.049050457
0.041039146
0.049418039
-0.046982937
0.055966823
0.041367627
0.050843923
-0.035561404
-0.032992109
0.060148789
0.061808406
0.041506956
-0.0446006
0.06026679
-0.042264811
0.061972042
-0.0044253066
0.0091241596
-0.0027118621
0.010529358
0.022294537
-0.063533616
0.022977121
-0.060078856
0.030436891
0.033010811
-0.00059569742
0.012315751
0.024000541
-0.053169634
0.035278513
0.034363696
0.03423353
-0.060731791
0.044841514
-0.062742246
-0.058360117
0.044039659
-0.060109866
-0.064798972
-0.062074385
0.036639444
0.024206096
0.034403078
0.045929943
-0.053107943
0.043496377
-0.054465129
0.036822343
-0.056221814
0.022930571
0.024536274
-0.06619813
-0.063665361
-0.066155152
-0.064221271
0.0091037761
-0.0074981568
0.02787124
-0.057938537
-0.059129983
-0.011383168
0.005386649
-0.045600526
0.020079144
-0.048316059
-0.049997669
-0.009419172
0.0074838927
0.0091939707
-0.0087572294
0.022766268
0.025212693
0.028053121
0.011637839
-0.0072726639
0.0017712387
0.014353151
-0.04195592
0.025268138
-0.043218613
0.035307705
0.038267362
0.0041802892
0.016437572
0.044800599
0.048137616
0.02660976
-0.030895229
0.050964029
0.041183318
0.034803802
-0.045359644
0.043156675
-0.046239863
-0.047680869
0.043246595
0.030285738
0.035307276
0.052773175
-0.035594948
0.042928099
-0.035982207
0.053324404
0.044017758
-0.037045738
0.031306354
0.032645918
0.043166898
-0.049407676
-0.051143793
0.013796425
-0.0057630575
0.038164373
-0.03867253
0.014978016
-0.040796685
-0.0048333461
-0.0029918502
0.069254879
0.010259891
-0.00055508359
0.070043401
0.011237433
-0.045188131
-0.041187
-0.069051331
0.022818166
-0.068225416
-0.06991355
0.022874215
-0.06865836
-0.036509362
0.049316339
0.048217038
0.0017466674
0.067764149
0.011983469
0.04514592
0.042908643
-0.068169684
0.022597106
-0.066402041
0.039289782
0.045424046
0.068449754
0.034201979
0.068884739
0.03377172
-0.032036286
-0.06759748
0.043928015
-0.066054505
-0.067258862
0.043333205
-0.065553373
-0.028486239
-0.06415535
-0.06343784
0.042043267
0.047576887
0.067028247
0.032936032
0.035334215
-0.064815501
0.042310987
-0.062905763
0.031914894
0.039005407
-0.060510518
0.037947733
0.036009595
-0.062143806
-0.061197936
-0.060354229
-0.059176175
0.051887899
0.05481899
0.033505349
-0.057959942
-0.055607337
0.01119742
0.016910937
-0.057799048
0.023412634
-0.053900965
-0.049932684
0.057819075
0.05662997
0.060968708
0.062080841
0.054071368
0.05832468
0.059599684
0.062628367
0.064047551
0.0035177645
0.062020482
0.012250975
-0.044825231
-0.04505977
-0.063405059
0.021835474
-0.061118796
-0.043107365
0.050084113
0.05400275
0.0044706378
0.052691647
0.011888881
0.044419492
0.04768769
-0.05534279
0.020533038
-0.052621539
0.047919727
0.054795899
0.062523037
0.031604025
-0.040123888
-0.060008656
0.040808795
-0.05790019
-0.037108059
-0.055233917
0.053663732
0.059024701
0.055055457
0.02978004
0.046310248
-0.052565386
0.038863812
-0.05032251
0.043941622
0.051678645
-0.047484694
0.057571719
0.030445613
0.037605177
-0.052375934
-0.049685903
0.06259684
0.064500933
0.026981551
-0.044429704
0.061686967
-0.041507465
0.064059963
0.059248905
0.063570495
0.056639668
0.059277701
0.059874233
0.056829676
-0.028277086
-0.030634202
-0.062924607
0.051837021
-0.062372614
-0.059376061
0.052129633
-0.058768629
-0.033039141
0.038242758
0.04028821
0.059266141
0.054010485
0.05711713
0.030586144
0.032544024
-0.053619919
0.052633164
-0.053120129
0.034539473
0.042389862
0.062109126
0.04532365
0.058985412
0.045649299
-0.035091702
-0.060959303
0.037706045
-0.061598897
-0.05844664
0.037985926
-0.059101886
-0.036566116
-0.044585637
-0.039037744
-0.062411001
-0.039344523
-0.060152328
-0.050780159
0.044157262
0.050291743
0.053634306
0.046257793
0.036182428
-0.053703547
0.038566146
-0.054489557
0.037271558
0.045381676
-0.040060726
-0.055877331
0.051531802
0.04820466
0.048400005
0.040752848
-0.063319779
0.041129687
-0.061490582
-0.054773157
-0.042690601
-0.06414104
-0.043157323
-0.062854994
-0.056288665
0.054183907
0.055545883
0.049036747
0.041973678
-0.057722766
0.055292672
-0.044084049
-0.059683536
0.056394744
0.057053471
0.057188237
-0.046338206
0.054860178
-0.047796949
-0.049744223
0.06012458
0.05801171
0.057634632
0.059249337
0.053600349
0.053548887
0.053541893
0.057323677
0.058468912
0.059216974
0.046157321
0.057500413
-0.034134127
-0.035341114
-0.045863344
0.053334789
-0.045668831
-0.036580447
0.047083651
0.047186351
0.05912484
0.036492904
0.057937301
0.038792064
0.038912587
-0.03634789
0.05415198
-0.036657313
0.039069632
0.047322392
0.04627138
0.047121136
-0.037512568
-0.046933305
0.039404853
-0.04797265
-0.037991716
-0.046181261
-0.041157548
-0.049796907
-0.052311822
0.047266387
0.053417957
0.037185717
0.048119463
0.039011019
-0.038455097
0.040356493
-0.03985062
0.038671716
0.046974633
-0.042497558
-0.04218342
0.053165636
0.050120699
0.043254309
-0.052216384
-0.055903534
-0.045427023
-0.054810524
-0.056693819
0.057007273
0.05781507
0.051577694
0.04483904
-0.04520711
0.056719665
-0.047057541
-0.048432846
0.057380235
0.015051224
0.021673788
0.012365984
0.0221305
0.028189069
0.01149773
0.031711474
-0.00092220091
0.062851367
0.062845614
0.00926358
0.021067763
0.032811633
-0.013771552
0.064220926
0.03446021
0.040520653
0.040468781
-0.000910263
0.048226243
-0.010055905
-0.00024164133
-0.0087871263
0.066376404
0.058514843
0.043555998
0.052673638
-0.02042786
0.068815239
-0.018981783
0.038275412
0.042058936
-0.00029412038
-0.0084669017
0.049079575
0.043590939
-0.018590288
0.0021363647
0.016139635
-0.024328974
0.030530416
-0.024645868
0.04929174
0.049859735
0.055568436
0.056180787
0.056481777
0.050063729
0.0067311051
0.019661534
0.03271291
-0.026060637
0.05981598
0.06021769
0.0052951836
0.018595637
0.032181766
-0.037096922
0.060453411
0.044705463
0.054790327
-0.030851271
-0.029540594
0.060646455
0.05668802
0.044744763
0.05530488
-0.040406238
0.060874475
-0.039407255
0.056958581
0.043828415
0.055005698
-0.029316064
0.050184024
0.043390374
-0.039486324
0.050435123
0.046206186
0.054649886
0.051609759
-0.0062979986
0.059692899
-0.014877517
0.071170167
0.05979561
0.064751328
-0.024638079
0.073177566
0.056525529
0.063281727
-0.0040177889
0.060686507
-0.0068419725
-0.016067739
0.06532953
-0.016342242
-0.089118254
-0.083922589
-0.060894111
-0.0089269305
-0.066122608
-0.016117734
-0.075950596
0.074650749
0.067670618
0.067510437
0.078961583
-0.0279605
0.068129808
-0.026638401
0.078371548
0.075456274
-0.069270214
-0.024961468
0.069768487
0.058733789
0.06541854
0.061259481
-0.0099122067
0.066624794
-0.015197644
-0.065838365
-0.061904433
-0.0096603669
-0.06692886
-0.013537354
-0.054357743
0.058552776
0.04795762
0.06951179
0.069827263
-0.022850686
0.061675763
-0.069844907
-0.020319795
0.051729523
0.063458187
-0.032513054
0.068938159
-0.030899683
-0.029568115
0.050939485
0.042254662
0.057377943
0.057958006
0.051726582
0.04316019
0.062440281
-0.036440856
0.067412061
-0.034382131
0.061164911
0.063232454
0.062136219
0.06822811
-0.043146912
0.062247997
0.061500577
0.069691909
-0.038698842
0.069433066
-0.036577897
-0.069313114
-0.068108884
-0.070718828
-0.034212392
-0.064163393
0.061830725
0.058650621
0.070274427
0.062248707
-0.04756627
0.069570031
-0.045240712
0.062084896
0.062085208
-0.070864762
-0.042781567
0.059365756
0.071469874
0.071262041
-0.031590537
-0.057618563
-0.071048578
-0.028746674
-0.048835694
0.052746227
0.044404422
0.07178915
0.07137386
-0.04020306
0.053889538
-0.071021721
-0.037532817
0.045864203
0.056449372
0.059391104
0.060464911
-0.008375234
0.064403664
-0.012354287
0.030234973
0.060562376
0.066326794
-0.019516468
0.033025261
0.062604628
0.066943165
0.062999397
-0.0083315954
0.067191314
-0.011305364
-0.042401834
-0.064751146
-0.0064404293
-0.067617368
-0.0089227006
-0.030962819
0.03665049
0.025468893
0.069220015
0.069433568
-0.017524728
0.040667305
-0.068756551
-0.014793882
0.029399621
0.068085953
0.068172519
0.067383966
-0.0048775043
0.06843815
-0.0070681292
-0.021098589
-0.071111448
-0.0048705706
-0.069917877
-0.0066623842
-0.013843195
0.015281181
0.0069626989
0.066973681
0.068010498
-0.012632144
0.018975007
-0.067402461
-0.011702792
0.010555135
0.053307645
-0.027729426
0.060475406
-0.027192581
-0.0268946
0.0098198777
-0.00022703106
0.020843341
0.021647842
0.010474899
0.00033785334
0.060455685
0.066690711
-0.028516359
0.031954182
0.059500126
0.065970391
-0.037993264
0.032861875
0.069852688
0.070121878
-0.025802583
-0.038416301
-0.068575357
-0.022994971
-0.027198209
0.034181049
0.022884089
0.069342145
0.069771001
-0.034848893
0.035779457
-0.067624486
-0.032307397
0.024411359
0.064903265
0.066537331
-0.020682855
-0.016224162
-0.064144937
-0.019328729
-0.0066906153
0.011518027
0.0011902646
0.062475974
0.064620851
-0.030153455
0.012788281
-0.060823835
-0.028708614
0.0021150813
-0.0063597946
0.0078280866
0.022616209
-0.052837101
0.029225622
0.029914479
-0.0062927459
0.0077311087
0.022100124
-0.059717089
0.030453271
0.036558273
-0.049540086
0.048597477
-0.051544598
-0.053574099
0.030759749
0.019692105
0.035555654
0.04046352
-0.056183415
0.047191839
-0.058288702
0.030832119
-0.060321028
0.026466875
-0.054868214
-0.054614862
0.0083357335
-0.0020755723
0.024301435
-0.061489406
-0.060942143
-0.015544237
-0.0023101318
-0.066399262
0.010667366
-0.067916204
-0.06623436
-0.00024820689
0.0080865802
0.0070312286
-0.0033767594
0.017970461
0.018508806
0.019378116
0.0069537967
-0.004919035
-0.0056374723
0.0081763272
-0.060291505
0.021996866
-0.063382242
0.027681192
0.029360714
0.036186711
0.038549348
0.04019808
0.030790634
0.034810856
-0.060003975
0.045907829
-0.062126931
-0.064188534
0.03162544
0.019971262
0.041051854
0.041164018
0.03172697
0.019936026
0.022969445
0.034180083
-0.065415623
-0.064961489
0.0070297944
-0.0058018668
0.0066868918
-0.006774874
0.0051026629
0.018153394
0.031607499
-0.04636261
0.054582847
0.055381396
0.0060101417
0.018317196
0.031093464
-0.053447147
0.0552906
0.044130989
-0.049930996
0.054703137
-0.04840808
-0.047757607
0.054736514
0.052793528
0.04307246
0.053939355
-0.05563489
0.053271348
-0.054376925
0.054085657
-0.05399091
0.04261794
-0.048159679
0.047978071
0.041643556
-0.054626076
0.0035210851
0.015822333
-0.057342267
0.028543067
-0.058113157
0.042995919
0.045560776
0.047989005
0.050264929
0.051309917
0.047083884
0.0076760089
0.018867349
-0.059755546
0.030550547
-0.05800674
0.051257531
0.052780385
0.0096519577
0.019476867
0.052968365
0.053350243
0.029786981
-0.059750304
0.052501484
0.053013643
0.041606617
-0.059152682
0.051153445
-0.058005289
-0.057716105
0.052514675
0.051502122
0.039677024
0.051118402
0.048410863
-0.059128448
0.049782222
0.051767823
-0.058734376
0.051204645
0.040461727
0.050703632
-0.058415183
0.047728877
0.038998497
-0.059294426
0.047715564
0.062651237
0.067640878
-0.050233848
0.053604756
0.061025818
0.065983987
-0.05520902
0.053447507
0.069633852
-0.054132114
0.068825118
-0.051991817
-0.056678299
-0.057456235
-0.070064278
-0.049836786
-0.055512532
0.053660882
0.052272616
0.068070984
0.052269169
-0.058226198
0.067434661
-0.056490554
0.052997888
0.0542045
-0.068613028
-0.054855095
0.052669469
0.070931553
0.070577226
-0.047680451
-0.050678063
-0.070227048
-0.045532954
-0.043043635
0.047851274
0.04043725
0.069281572
0.069212677
-0.053318114
0.04813728
-0.069038782
-0.051875169
0.040616265
0.058715639
-0.057196987
0.064215079
-0.057061998
-0.057413419
0.047279788
0.040683671
0.050722911
0.050285944
0.046645748
0.039817275
0.058572953
-0.059083002
0.063506059
-0.057879317
0.051135453
0.055439723
0.048899696
0.060399711
-0.0582497
0.048685763
0.05084294
0.06582577
-0.059892688
0.065596743
-0.058663173
-0.050908683
-0.052264328
-0.06674423
-0.05762515
-0.050856686
0.05098632
0.050043367
0.063096577
0.049177463
-0.059331184
0.063483178
-0.058647287
0.050269124
0.051553933
-0.058204186
0.05007199
0.067128364
0.06752941
-0.056753956
-0.046388265
-0.067706863
-0.056038243
-0.038815891
0.04600881
0.038795823
0.064669113
-0.057946759
0.04552604
-0.057859388
0.037848596
0.058060803
0.064611998
-0.046703967
0.030730191
0.056434236
0.062989491
-0.053640684
0.030551887
0.068181205
0.068887538
-0.043436909
-0.033009108
-0.066457037
-0.041495232
-0.021292785
0.03041324
0.018500595
0.066779689
0.067874896
-0.050555798
0.030432566
-0.065509492
-0.049450559
0.018241258
0.060218343
0.062869921
-0.039883371
-0.0088941561
-0.058104715
-0.038840001
0.002990886
0.0056993294
-0.0068201329
0.058583887
0.061764038
-0.048720452
0.0049884221
-0.056518993
-0.048583005
-0.0081730914
0.043936991
-0.058992554
0.051926402
-0.059838573
-0.060459719
0.0056443524
-0.0083066674
0.019166409
0.017764684
0.0039011472
-0.010540237
0.054840694
0.061371882
-0.058117454
0.031132762
0.053417398
0.059908384
-0.059807114
0.030011569
0.065414332
0.066976962
-0.05551958
-0.02840193
-0.065023843
-0.055318671
-0.015723867
0.028616816
0.015988149
0.064211601
0.066265971
-0.05801037
0.027243392
-0.065024315
-0.058579633
0.014190403
0.057877332
0.061557926
-0.055639937
-0.0016378215
-0.056356843
-0.05674819
0.012799308
0.0016906966
-0.013307239
0.058203628
0.062243763
-0.059861498
-0.00058793906
-0.057608659
-0.062235129
-0.016193975
0.0023812034
0.047082754
0.017936098
0.04950621
-0.082918705
0.00049194733
0.053347242
-0.00014929995
-0.016885602
0.054855585
-0.016385172
-0.083050976
0.074299928
0.031560899
0.05069025
0.065540097
-0.031703356
0.055656474
-0.030625794
0.065715905
0.074497338
-0.0027718446
0.058098275
0.015947662
0.05836707
-0.080151308
0.004379854
0.061074866
0.0037010243
-0.015118407
0.059931507
-0.014952734
-0.074617556
-0.083900007
-0.060670731
0.0017911139
-0.061367618
-0.015128542
-0.089368528
0.072728917
0.07816923
0.031628536
0.058531473
0.063929471
-0.031272015
0.05928591
-0.03074534
0.06040951
0.06921784
-0.061828069
-0.029965702
0.075241574
0.056180097
0.060700886
0.060545599
-0.00095516987
0.062862386
-0.015570102
-0.091046725
-0.060571453
-0.064224877
0.080214605
0.063539307
0.064280268
-0.029040549
0.078316597
-0.066433941
0.058056848
-0.040637742
0.062816522
-0.038577664
0.060349748
0.056039146
0.055939514
0.060307
0.042925428
0.0512357
-0.051790157
-0.043753465
0.056103418
-0.042432444
-0.051930431
0.049551017
0.051958719
0.051512843
0.041277525
-0.053049234
0.056405268
-0.051646328
0.041337346
0.049493897
0.044186409
0.058686477
-0.051020857
-0.044115589
0.058993164
-0.043453549
-0.049139056
-0.057466424
-0.062081842
-0.042208177
-0.063783268
0.049143125
0.055579562
0.05369992
0.058868138
0.041107309
-0.053775844
0.058925103
-0.053040781
0.040532821
0.04845375
-0.062138015
-0.051602088
0.054918781
0.065089895
0.06497202
-0.040586513
-0.067814694
-0.067476523
0.060066646
0.065656981
0.065073542
-0.049718966
0.059585548
-0.067596801
-0.00714532
0.054075396
0.0086196357
-0.04212177
-0.039301927
-0.055081796
0.022562348
-0.054641151
-0.03697194
0.049659051
0.045828916
-0.0066210829
0.060690872
0.0087171326
0.043173926
0.038814185
-0.061257403
0.022485387
-0.060851138
0.034918355
0.042226764
0.056260601
0.03450465
-0.035236767
-0.057523157
0.044269139
-0.056039037
-0.034130666
-0.054125187
0.03922192
0.04569108
0.061927552
0.03442479
0.031781418
-0.062657526
0.044276239
-0.061220369
0.029608688
0.037082457
-0.059417761
0.041135812
-0.051973362
0.050762934
0.04042605
-0.057443683
0.0044886909
0.01641298
-0.064085484
0.028322979
-0.061999026
0.053255533
0.052233296
0.052138213
0.049614931
0.04627667
0.050143182
-0.005141082
0.065941029
0.0093317019
-0.044148524
-0.039065074
-0.066029116
0.02262328
-0.065494977
-0.034246671
0.049460979
0.045542486
0.044854195
0.039890281
0.034808461
0.041135301
0.066047123
0.034367958
-0.030182445
-0.066026402
0.044200375
-0.064575257
-0.027249047
-0.062784656
0.03703073
0.042945906
0.030297338
0.026906325
0.033870573
0.040293853
0.03938786
0.048881177
-0.06086642
0.047772947
0.045769624
0.058731052
0.051692493
-0.033611801
-0.059721299
0.056646852
-0.058286387
-0.033571589
0.035936431
0.063365965
0.051804119
0.028477589
-0.063945687
0.056826078
-0.062469099
0.028327677
0.035761095
0.060331597
0.059066958
-0.033856609
-0.060423253
0.058979226
-0.059593326
-0.034299094
-0.041920734
-0.061994491
-0.058092871
-0.048460792
0.036400394
0.04308207
0.06427789
0.059245234
0.028978503
-0.064246854
0.059080552
-0.063276659
0.030170093
0.037605544
-0.06165098
-0.061772818
0.044184916
0.065450182
0.06468579
-0.056205457
-0.053531067
-0.066993181
0.048556596
0.064610503
0.063890883
-0.060023418
0.049485172
-0.065829196
0.056235485
-0.062529664
0.061077509
-0.060695194
0.044567347
0.038756874
0.038503376
0.044362999
0.065979952
0.051792181
-0.025646632
-0.065896392
0.056890232
-0.064349927
-0.025372923
0.032058413
0.066643911
0.051562037
0.024963325
-0.065715095
0.056766294
-0.064081785
0.024537048
0.031720366
0.065737567
0.059352812
-0.026238092
-0.065440117
0.059179644
-0.064303685
-0.027914856
-0.035270543
-0.061119339
-0.06283488
-0.041868981
0.032718506
0.039448945
0.064891213
0.059340013
0.025450302
-0.064191575
-0.062909246
0.027338769
0.034710275
-0.061531122
0.041311283
0.063242487
0.062768808
-0.061308066
-0.047260483
-0.064249898
0.045132202
0.061441437
-0.060298736
0.046675873
0.011472465
0.0198007
0.028592006
-0.058451271
0.052171154
0.054917007
0.012741086
0.019558616
0.026812959
-0.053983451
0.056030183
0.037205737
0.045080292
-0.057699307
-0.057016921
0.056089921
0.055317456
0.034160895
0.041229308
-0.053768225
0.055583521
-0.052677572
0.037177059
-0.057251507
0.052066379
0.034975637
-0.052460025
0.0098964239
0.017811391
-0.043656655
0.025284932
-0.042109942
0.051410729
0.055044369
0.05551489
0.059396867
0.061849371
0.057702274
0.013211797
0.018610638
0.024425782
-0.04637719
0.057530785
0.061626005
0.012861809
0.017022283
0.021597455
-0.035889661
0.063850104
0.03062063
0.037011684
-0.047467627
-0.045941559
0.064717499
0.06306818
0.026832941
0.032722993
-0.039001777
0.064635547
-0.037114429
0.063242493
0.03247276
0.039390972
-0.045231754
0.05922901
0.029874433
-0.035964434
0.059596097
0.051746491
0.056831769
-0.056467256
0.054878879
0.047630019
0.052974673
-0.052757793
0.054223652
0.060060167
-0.056831532
0.061250667
-0.056718009
-0.056840375
0.05375958
0.052517903
0.056892618
0.052404105
-0.052707697
0.059052024
-0.053205831
0.053544248
-0.0538754
0.06203034
-0.057102047
-0.057474714
0.048415886
0.041326393
0.059303401
-0.054563553
-0.05521003
0.045906804
-0.04740881
0.051758952
-0.047819395
-0.048508052
0.058878627
0.052594603
0.062553867
0.061184464
0.057236007
0.050727006
0.043288798
-0.04774025
0.049041193
-0.047361007
0.063909673
0.03903176
0.063172387
0.045323856
-0.040470874
0.062128631
0.062764158
0.053793328
-0.047235544
0.057049718
-0.048416032
-0.049643785
0.061366938
0.059325555
0.051013662
0.061089816
-0.040599195
0.055433346
-0.042558552
0.059853161
-0.044384619
0.057182682
0.056589427
0.059979104
-0.050693828
-0.051449778
0.054894585
0.047984998
0.054048092
-0.045767519
0.052131022
-0.046514314
0.044712746
0.052219136
0.058636275
-0.058718296
0.03582999
0.051231129
0.057511481
-0.05511663
0.033868612
0.063165676
0.065672902
-0.058049164
-0.027213318
-0.065350577
-0.059068704
-0.01399558
0.031277733
0.018457963
0.062186256
0.06505014
-0.055904905
0.028468477
-0.065735825
-0.056931619
0.015344619
0.059457616
0.063580428
-0.060937554
0.0012296915
-0.059978845
-0.064195932
0.017784884
0.0032030957
-0.014029067
0.061360185
0.065182002
-0.058788865
-2.4640699e-05
-0.062973875
-0.062182891
-0.017227959
0.051768365
-0.050534834
0.058549392
-0.052046182
-0.054349814
0.014850008
-0.0048297992
0.030880696
0.029076763
0.013408323
-0.0058175108
0.050394673
0.056456044
-0.049409554
0.043372169
0.049641328
0.055412273
-0.042023588
0.041427089
0.06116428
0.064249943
-0.051967165
-0.031054334
-0.065906836
-0.052527128
-0.018271939
0.038472331
0.026187128
0.060040445
0.063200643
-0.046614579
0.034909916
-0.065678541
-0.046301782
0.022652952
0.063532326
0.066639586
-0.053675211
-0.0030544648
-0.066042085
-0.056236755
0.014479195
0.010913785
-0.0076029483
0.06558601
0.067639801
-0.046105542
0.0078127062
-0.068723742
-0.046883967
-0.00979614
0.006367431
0.018273194
0.027764961
-0.017105542
0.036977424
0.039209455
0.0080162926
0.019452449
0.02836577
-0.0029673433
0.042204073
0.035722133
-0.024328497
0.042696715
-0.024281716
-0.024980949
0.045180286
0.032713486
0.035789854
0.055314882
-0.01208329
0.042338065
-0.011726124
0.047549949
-0.012154248
0.043373954
-0.026459881
-0.028834698
0.017441569
-0.0012098699
0.046986138
-0.013533726
-0.016128506
0.0047583273
0.02099325
0.0066805847
0.035550549
0.0014000529
-0.0046453011
-0.0040919091
-0.009798389
-0.018246828
-0.0065368444
-0.0041701429
0.0063897511
0.0089545186
-0.00035096171
0.0047931891
-0.014327449
0.017933935
0.017180493
0.01891304
0.018065461
0.031621402
0.013714623
0.021849314
0.011971952
-0.035135043
0.0080838834
0.0020450043
0.0087607226
0.019431434
0.011629543
0.027912741
0.010210098
-0.0062523262
-0.01893608
-0.017739307
0.028693502
0.029788107
0.0081876233
-0.02261513
0.017530326
0.040765738
0.041374691
0.02212083
0.025756997
0.020891417
0.043250609
0.032249502
-0.028515406
0.035165718
0.00057168631
0.041705691
0.0010827318
0.00079115484
-0.018582016
-0.038286926
-0.017150987
0.036263639
0.026050937
-0.018590031
0.033379541
0.046740315
0.012875792
0.040586106
0.013419127
0.051468758
0.041393661
-0.046779698
0.013203781
0.03113372
0.047647662
0.056967102
-0.00061701514
-0.0035738676
-0.013900207
-0.051094432
-0.0084398043
0.015672057
0.0041324422
0.044162588
0.054485696
0.011657878
0.019953925
-0.063901129
0.0080026389
0.006472796
0.011949006
0.015114543
0.018734978
-0.023082023
0.065298776
0.069775307
0.011041899
0.0134855
0.016512653
-0.0088865674
0.07258867
0.023267143
-0.031244278
0.028852835
-0.028644617
-0.026558873
0.074252638
0.069743408
0.02064533
0.076872942
-0.019173265
0.026122825
-0.016746934
0.075044826
-0.014688229
0.027517202
-0.025098902
0.063443153
0.025837472
-0.013103163
0.01119033
0.016312159
0.0087334199
0.020653993
0.011019813
-0.010225525
-0.024633183
-0.017183714
0.05268364
0.053094136
0.011941252
-0.024625626
0.01660226
0.063341765
0.064112213
0.020261153
0.021144604
0.021840313
0.065437865
0.054517905
-0.023306696
0.011002949
0.013007746
0.0010894948
0.015844564
0.0052534613
-0.01293081
-0.022637691
-0.015729967
0.071457842
0.073445078
0.012897858
-0.019096249
0.01456402
0.075826509
0.080054576
0.014435439
0.017709621
0.017679102
0.082945182
0.075217087
-0.019271058
0.019926715
-0.0057000383
0.025491403
-0.0037532904
-0.0019914468
-0.013582768
-0.023824485
-0.015792727
0.077469254
0.067865933
-0.011121408
0.022221284
0.085410736
0.008644917
0.028114877
0.0097725087
0.087679588
0.080239364
-0.029587673
0.01088427
0.071273241
0.025292063
0.030750084
-0.00050901455
-0.017550629
-0.029369995
0.057410548
0.026199805
0.032108042
0.011955208
0.061510344
-0.035740225
0.035327682
0.042237254
-0.032188919
0.075047817
0.032846311
0.040355784
-0.022498351
0.074269703
0.048888931
-0.032850765
0.054440063
-0.035695812
-0.038177936
0.072722249
0.069271257
0.047867436
0.074137417
-0.023888731
0.054372573
-0.027713876
0.070476361
-0.030912573
0.051943951
-0.039895709
-0.040570091
0.063994729
0.056945343
0.050683172
-0.032990658
-0.033585905
0.037105841
-0.012721714
0.044027281
-0.013572922
-0.013571569
-0.005382246
-0.042403244
-0.0057952107
0.066106666
0.056695949
-0.005440638
0.038871924
0.075042031
-0.00040718139
0.046117617
-0.0016873774
0.078340133
0.070312833
-0.048999999
-0.001828197
0.061558789
0.032475144
-0.0095047809
0.040432395
-0.011265034
-0.0058824043
-0.036534894
0.083065454
-0.0065346735
0.035301052
0.089509682
0.0043706099
0.043379754
0.0017374385
0.090432738
0.085254421
-0.044285468
0.048523122
-0.013461483
0.055602371
-0.018319829
-0.022285504
0.0026483072
-0.052044832
0.0063267622
0.086140953
0.080384701
-0.0018351342
0.051527073
0.089984968
-0.0012086527
0.058534332
-0.0070692422
0.08788869
0.085295556
-0.058667037
-0.011827201
0.080653879
0.050831714
0.056589649
-0.024769542
-0.025334974
0.0086402314
-0.054890751
0.0091669039
0.073309805
0.065271795
0.053104533
0.05881649
-0.014785592
0.074537495
-0.059262023
-0.015430838
0.067279262
0.048927602
0.054391937
-0.033304178
0.04891363
0.048259364
0.053509929
-0.023462626
0.049059351
0.058862668
0.061966196
-0.040108071
-0.039882313
-0.065020127
-0.038666199
-0.028238497
0.04795684
0.036594588
0.057823472
0.060782011
-0.032527163
0.045740783
-0.064081507
-0.029897022
0.034694199
0.067205338
0.068045159
-0.036707441
-0.013888384
-0.070763601
-0.035034803
0.0036715351
0.022122703
0.0035097556
0.068195207
0.067915205
-0.026084517
0.020826542
-0.072147257
-0.021802131
0.0032776256
0.063456618
-0.010693984
0.067228681
-0.008291585
-0.0061757506
-0.0080927169
-0.072502258
-0.0071380353
0.02449395
0.0091949143
-0.0075911847
0.06201223
0.036523389
0.0014398576
0.066536612
0.0040912595
0.041595717
0.028863982
-0.076700354
0.0061483879
0.012131762
0.04768998
0.052990751
-0.01258668
-0.0066248065
-0.05372117
0.046939667
0.047280535
0.053140798
-0.00072714231
0.052129874
-0.058848159
0.057271269
0.06006637
-0.023755266
-0.052182237
-0.06318461
-0.020079029
-0.041625532
0.0076995621
-0.061928769
0.0043510803
0.056264938
0.045771089
0.057694742
0.060410251
-0.013507085
0.0588236
-0.06278805
-0.0091018604
0.048581754
0.068487123
0.067467361
-0.014689202
-0.028140794
-0.07304393
-0.0082835603
-0.010428402
-0.00032615981
-0.076859262
-0.0052632826
0.032614496
0.014946489
0.068121094
0.067005791
-0.0027281781
0.035331801
-0.073660581
0.0046388937
0.017237427
0.065360664
0.05101495
-0.026319618
-0.063492019
0.056384537
-0.061785518
-0.025692085
0.036957685
0.062055743
0.050075443
0.029626288
-0.059254662
0.055696921
-0.057529329
0.028728895
0.036208236
0.061886854
0.059167438
-0.026466291
-0.060676778
-0.059327353
-0.058134323
0.036733289
0.043441118
0.056829208
0.058812887
0.029156993
-0.055050432
-0.053769724
-0.052902104
0.059312797
-0.057285868
0.048819536
0.056985385
-0.05256031
0.044387866
-0.049792934
0.050241685
-0.048564797
0.060497375
0.055977238
0.054699596
0.05940241
0.056583154
0.048716085
-0.034783723
-0.052965368
0.05469286
-0.051317399
-0.033533194
0.049670167
0.048752943
0.046985162
0.041653685
-0.044533692
0.053415004
-0.043092085
0.039962559
0.048153878
0.049773523
0.058275939
-0.033396326
-0.047440133
-0.04640661
-0.046044551
0.047319902
0.053921845
0.040729031
0.057580468
0.03904525
-0.037946016
-0.037353806
-0.037698385
0.054622204
-0.046366957
0.058571072
0.05243242
-0.038865667
0.0045189563
0.040088217
0.01091875
-0.044196074
-0.050863955
-0.043989461
0.018797172
-0.041003844
-0.053662512
0.053398767
0.063152663
0.0038787295
0.025127184
0.009622418
0.04445253
0.05464437
-0.029813433
0.016980219
-0.026794983
0.060214326
0.068501516
0.044475734
0.027623942
-0.053743691
-0.042288163
0.036651952
-0.040032565
-0.05222271
-0.03721523
0.070499849
0.075401893
0.030964652
0.025525275
0.062186544
-0.029193502
0.034546483
-0.027080142
0.06166008
0.07019087
-0.024539852
0.023482912
-0.034182871
0.077374502
0.020625227
-0.021830287
0.0080153175
0.010282227
-0.0074725147
0.014111775
-0.0032875922
-0.011729438
-0.01470438
-0.013162129
0.075576107
0.082952458
0.0095349598
-0.010274699
0.011644077
0.070383291
0.081352399
0.0073637711
0.015767762
0.010883689
0.088326592
0.087641976
-0.016512459
0.0031685002
0.0095048136
0.0086199044
-0.045444888
-0.059004019
-0.013956771
0.015765207
-0.011124671
-0.067328948
-0.0066335863
-0.0065355085
-0.010186753
0.060602911
0.074861794
0.0034923403
-0.0039521978
0.0090124455
0.04728587
0.063637169
0.0016092729
0.016220054
0.0041837857
0.074541481
0.084142934
-0.015608355
0.015231191
0.024174663
-0.071267338
-0.01369946
0.033165917
-0.011852517
-0.071836058
-0.0098313865
-0.0035205686
-0.022407307
-0.0059850904
0.08926453
0.092382968
-0.0012922264
0.024559359
0.080439896
0.0031449611
0.033335458
0.0047548657
0.082196026
0.091038593
-0.030120382
0.0061924312
0.094182428
0.019458907
0.02619487
-0.0077516333
-0.00855278
-0.02140092
0.090736142
0.021422047
0.028301964
0.0074709175
0.09268198
-0.027672305
0.038391994
0.04504062
-0.050032627
-0.033854591
0.051975944
-0.032758421
-0.047825162
0.068468438
0.025451872
0.043187279
0.059627489
-0.020887744
0.050572604
-0.020243916
0.056861655
0.066001751
0.029681537
0.056774444
-0.045937113
-0.026653692
0.058961946
-0.026672831
-0.04442503
-0.027913181
0.063214116
0.069652985
0.016648786
0.055924593
0.053865061
-0.01367053
0.058659595
-0.014394553
0.050883448
0.060310951
-0.016658233
0.050685484
-0.030103814
0.0732177
0.049723307
-0.020006977
0.033984195
-0.0063607276
0.04220725
-0.0077623866
-0.0071769362
-0.035138354
0.0935187
-0.0075666125
0.036077665
0.094090062
0.009338665
0.04420588
0.0070588336
0.092303696
0.093081849
-0.043348285
0.010176314
0.04189884
-0.070038584
-0.00579622
0.049485374
-0.0056116045
-0.066733623
-0.00746298
-0.038222661
0.090157252
-0.0066597819
0.041765648
0.080760231
0.010837366
0.049028771
0.010742656
0.077024747
0.087195439
-0.046040228
0.0017853797
0.055100104
-0.062572926
0.00080338556
0.05808615
-0.00057992672
-0.057994589
-0.0038631102
-0.013459279
-0.052724596
-0.010585206
0.082636104
0.088966475
-0.014447874
0.054335661
0.071753477
0.016361432
0.057026064
0.014567308
0.065557312
0.076897222
-0.057328453
0.010489446
0.08425079
0.049958083
0.056142032
-0.0083980389
-0.0064773233
-0.051458152
0.091184708
0.051829787
0.057826991
0.0049373579
0.087756174
-0.058263998
0.025202937
0.058321106
-0.043156622
-0.025353812
0.054904562
-0.026325555
-0.041935366
0.057351119
0.012501851
0.058457384
0.047975596
-0.013208606
0.055294555
-0.014915724
0.045120197
0.054346656
0.026741951
0.049014146
-0.040628737
-0.028704083
0.041149764
-0.03051303
-0.039271496
-0.047780887
-0.043808956
-0.033370574
-0.054179637
0.05136854
0.058150455
0.015376983
0.049436716
0.042332531
-0.018215958
0.04138822
-0.02043012
0.039762326
0.048633683
-0.044681759
-0.023747185
0.055454391
0.053228391
0.046469275
-0.036963535
-0.057904235
-0.048743881
-0.040753573
-0.058701204
0.062181896
0.06331746
0.054773465
0.04775505
-0.027783125
0.059629099
-0.050147367
-0.031978167
0.060902326
0.059666431
-0.0070096979
0.059680266
-0.012578497
-0.018579259
-0.0022635291
-0.06241608
0.0046413947
0.082932067
0.08416966
-0.0086079576
0.061015491
0.078421322
0.0050558955
0.060458549
-0.0012837776
0.07188131
0.077100017
-0.062758488
-0.0080508578
0.079202459
-0.0013270303
0.058045752
-0.053267045
-0.00030049763
0.054899637
-0.0026872061
-0.048571112
-0.013433112
-0.058979982
0.0703701
-0.015869823
0.056676566
0.058914906
0.012903848
0.053188782
0.010058432
0.052228604
0.063469834
-0.057103783
0.0035899863
0.04889838
-0.044096023
-0.0075952711
0.040575629
-0.010130309
-0.040121808
-0.049563175
-0.044588715
-0.013741572
-0.057071732
-0.005124304
-0.051604188
-0.00053825843
0.056680465
0.065192533
-0.0080753068
0.046824283
0.045889465
0.0025301915
0.038164621
-0.00016349788
0.040327607
0.050575111
-0.042930604
-0.0037928628
0.0590577
0.055791943
0.048191383
-0.017982837
-0.062025528
-0.050835174
-0.02231
-0.064161319
0.0050038833
-0.058675742
0.010761693
0.070892968
0.07368012
0.055755324
0.047196847
-0.0078783634
0.065129255
-0.050311042
-0.011937631
0.068513716
0.061633718
0.060315409
0.057717673
-0.060902273
0.057258689
-0.059302779
0.053575502
0.059183745
0.05710711
-0.056151965
0.053815871
0.051975317
0.052177066
0.044696022
-0.064647618
0.045260395
-0.063915079
-0.055161523
-0.046632369
-0.064647603
-0.047304039
-0.064377798
-0.05133806
0.054215669
0.050156749
0.052756635
0.046208362
-0.061322046
0.054733937
-0.048220181
-0.062238493
0.050356447
0.055757587
0.056198979
0.048390603
-0.064060997
0.049194369
-0.06409194
-0.044868557
-0.049895036
-0.062979956
-0.050880356
-0.063127482
-0.035892591
0.04344744
0.034262213
0.056719338
0.050056849
-0.062202026
0.04342831
-0.051713171
-0.061247661
0.034196544
0.061485098
-0.053361299
0.060681825
-0.054268309
-0.054375765
0.049255589
0.041301382
0.054976261
0.052937733
0.046593746
0.038157148
0.058346364
0.057305986
-0.051746349
0.058344571
0.057914847
0.057879592
-0.046305137
0.056964694
0.053694149
0.047473146
-0.057042091
-0.054639981
-0.04928174
-0.058409929
-0.049887464
0.05585031
0.051301175
0.054929137
0.048929312
-0.051245055
0.055159527
-0.050364642
-0.053060517
0.050290275
0.057209787
0.050836627
-0.058600198
-0.042714902
-0.052196644
-0.057595683
-0.033470677
0.044463516
0.03566665
0.05758463
0.051406569
-0.053486809
0.043146193
-0.05219358
-0.0524354
0.034154388
0.058014336
0.058834381
-0.039932975
0.067696407
0.058791362
0.060160047
-0.032602227
0.064653725
0.056355534
0.050383969
-0.044082491
-0.056623837
-0.051322652
-0.046319475
-0.05196862
0.061720919
0.05776186
0.057820487
0.051576656
-0.035679455
0.059349142
-0.051993101
-0.038257055
0.055297102
0.057804924
0.051669918
-0.047008755
-0.045172694
-0.051657006
-0.045975032
-0.036703535
0.051878273
0.0444421
0.05789774
0.051573252
-0.039221109
0.049203622
-0.050650471
-0.038306538
0.041525103
0.060275491
-0.028498296
0.060952107
-0.030948687
-0.031061507
0.019436188
-0.061276097
0.019932945
0.073816747
0.067351839
0.016322402
0.062141863
0.079022878
-0.01920832
0.062117048
-0.02199687
0.075807655
0.071389169
-0.060246527
-0.022158838
0.065621952
0.060409821
0.061824312
-0.024154514
0.011137475
-0.062853148
0.082658691
0.063017785
0.063752303
-0.014315808
0.078586308
-0.063449627
0.059124907
0.052189894
-0.026130935
-0.063555079
-0.052206123
-0.028874741
-0.060530057
0.015978704
-0.059764884
0.019941314
0.073802614
0.071712028
0.060023687
0.051872744
-0.015496145
0.069270682
-0.051801865
-0.018103177
0.067690353
0.057965053
0.051114516
-0.030062032
-0.055516544
-0.049353558
-0.029357093
-0.048901169
0.022039883
-0.055809667
0.021819562
0.067871947
0.062557467
0.058178234
0.050351854
-0.019347683
0.064137879
-0.04805507
-0.018869866
0.058879926
