FiniteElementSpace
FiniteElementCollection: ND_3D_P1
VDim: 1
Ordering: 0

0.0025863234
0.0068086186
-0.0076587562
0.0068282409
-0.00031917006
-0.011235458
-0.014108191
-0.010375221
0.0090316824
0.023407176
0.01976805
0.0079381369
-0.064259613
-0.00030682317
-0.066515625
-0.0021055257
-0.074498182
-0.016517615
-0.070837029
-0.022384103
0.00053691706
0.0017864957
-0.0018241579
-0.0082417599
-0.01247686
-0.06733819
-0.0077981088
-0.08828339
-0.0049781921
-0.067536498
-0.00018408375
-0.0888797
-0.005436437
0.014602261
0.012433865
-0.0069354631
-0.054486225
-0.0680031
-0.063253169
-0.057077806
-0.046716386
-0.065135732
-0.059389299
-0.051081527
-0.00012641626
0.019838793
0.023141545
0.0063113204
0.0066367588
-0.0083640443
-0.0091265245
-0.0040057037
-0.0033520017
-0.02253623
-0.0158523
-0.021182155
0.047711494
0.049561994
0.04509986
0.04127224
-0.041574086
-0.00052256032
-0.048575818
0.0016939665
-0.044182357
-0.012136765
-0.050443137
-0.01075471
0.018756945
0.024876016
0.02233023
0.015654839
-0.032577234
0.0060780014
-0.041560373
0.004977771
-0.052539047
-0.011026179
-0.062643194
-0.014770852
0.020931614
0.01700467
0.014637819
0.02112445
-0.0225922
-0.047156547
-0.029050718
-0.057377358
-0.024923479
-0.054794705
-0.027407652
-0.06896995
0.0046357875
0.018524663
0.014077449
-0.0047679943
-0.015149732
-0.042485981
-0.023794254
-0.043919809
-0.014124039
-0.042696206
-0.02242788
-0.044162119
0.050881567
0.058054055
0.064556018
0.056574725
-0.047594689
-0.045111062
-0.053232255
-0.045225763
-0.046974225
-0.054441236
-0.053099007
-0.054585502
0.064093699
0.072366369
0.071434505
0.063645339
-0.066046602
-0.049848552
-0.076288903
-0.052635933
-0.058046512
-0.057620182
-0.067816638
-0.058938974
-0.016455912
0.009313153
0.0099787087
-0.01551553
-0.060383547
-0.0037167866
-0.06095503
-0.0024781523
-0.059939754
-0.0095534234
-0.059829819
-0.0089951682
0.022893945
0.031013153
0.037510122
0.029181819
-0.048505954
0.0075357384
-0.038449125
0.0071101975
-0.047377458
-0.0030608735
-0.038447641
-0.0036504573
0.04878307
0.056383077
0.059578863
0.052572825
-0.047255052
-0.0042814714
-0.034003632
-0.011451932
-0.041417312
-0.013632535
-0.029145836
-0.019316737
-0.014689091
0.00057337215
0.0060137705
-0.0087707358
-0.080408891
-0.053691833
-0.073062817
-0.058616206
-0.076188486
-0.061253999
-0.071642708
-0.062790371
-0.0032221208
0.015292732
0.017242677
0.002249727
-0.059676845
-0.041631928
-0.058191804
-0.042035505
-0.06028843
-0.05445395
-0.058669009
-0.054762709
0.055267169
0.061202834
0.056502637
0.051034385
-0.044320702
-0.035099182
-0.037151022
-0.034710657
-0.043860013
-0.044794509
-0.036565961
-0.04410053
0.039563539
0.044747346
0.043108167
0.037547656
-0.040459919
-0.037520101
-0.030577322
-0.039772274
-0.046402603
-0.04489802
-0.037178108
-0.04617541
0.0142964
0.019985719
0.019134358
0.0149149
-0.0033770607
-0.03492601
-0.011714521
-0.036631568
0.00095868105
-0.031372873
-0.0076792383
-0.033355004
0.058147783
0.066956358
0.069182365
0.05962861
-0.041432864
-0.069643969
-0.050323083
-0.068949941
-0.039275847
-0.068729214
-0.049147989
-0.067657599
0.064516156
0.07451935
0.074878457
0.065483025
-0.015863275
-0.065438489
-0.024060388
-0.063556432
-0.0017463062
-0.063278312
-0.0094835003
-0.061294551
-0.01663284
0.008684481
0.009970701
-0.015636607
-0.064068926
-0.085003037
-0.063027454
-0.083921502
-0.065638475
-0.089185888
-0.065005644
-0.087462797
0.061455215
0.067799922
0.063003695
0.057576245
-0.044417571
-0.066034087
-0.034838912
-0.065476393
-0.045118259
-0.069249307
-0.034438304
-0.069068538
0.043442194
0.048328249
0.04555988
0.039947983
-0.069915818
-0.062301561
-0.062086521
-0.060385907
-0.07507772
-0.064846232
-0.067545086
-0.061621408
0.015369771
0.024077385
0.0203668
0.012485235
-0.032079795
-0.043403473
-0.047406135
-0.028840629
-0.032301393
-0.032453092
-0.044725395
-0.021117027
0.0050014002
0.016219434
0.017351118
0.0027738027
-0.047965509
-0.062367241
-0.034773916
-0.063585899
-0.048968111
-0.053657992
-0.035616577
-0.055205922
0.059365135
0.067007087
0.065835296
0.058192667
-0.069289696
-0.055582273
-0.062361197
-0.048313912
-0.060478378
-0.046112542
-0.05372284
-0.038126897
-0.003632693
0.017984146
0.01721671
-0.0048057663
0.0068296462
-0.047011491
0.014248458
-0.04534296
0.0065500811
-0.046077243
0.015475111
-0.044795502
0.049454153
0.056068009
0.047961627
0.040492465
0.0058386695
0.00053057777
-0.0088937418
0.004427341
-0.0023115987
-0.018238652
-0.016699181
-0.014484017
0.034822457
0.042918517
0.035996628
0.028949181
-0.020541619
0.0065805225
-0.03042812
0.0078937813
-0.029784809
-0.010563739
-0.041416109
-0.0089802006
0.023633333
0.028141211
0.020936687
0.018939395
-0.016091227
0.0076861961
-0.02412785
0.0055473654
-0.027647866
-0.0086519687
-0.040625416
-0.010934666
0.011861374
0.018559575
0.018081563
0.017196469
-0.0082582552
-0.025869366
-0.021590342
-0.027565229
-0.016624392
-0.037646251
-0.027030799
-0.043463412
0.010419381
0.020671474
0.016447072
0.0013038241
-0.010220204
-0.031463576
-0.023603871
-0.028275216
-0.016361165
-0.039734558
-0.028005551
-0.037848363
0.030192648
0.038528254
0.039596465
0.029207223
-0.036755579
-0.024655143
-0.04880619
-0.023276481
-0.04023771
-0.035786842
-0.051862451
-0.034963293
0.028212547
0.039448465
0.038591802
0.027191663
-0.036168956
-0.02300454
-0.050896696
-0.025765494
-0.040411693
-0.035174865
-0.054958094
-0.038427066
-0.0027505272
0.014228448
0.013165362
-0.0036700605
-0.066257577
-0.0012240284
-0.068529843
-0.00030386267
-0.069980793
-0.0098434054
-0.068245126
-0.012321387
0.0071425245
0.014623564
0.019080793
0.0081779216
-0.067727792
0.0010663525
-0.06330766
-0.00021414087
-0.063801948
-0.007511927
-0.056804328
-0.010807711
0.010605639
0.024545536
0.030394304
0.014306003
-0.06446039
-0.0030144068
-0.057859831
-0.0079623794
-0.063546581
-0.015781536
-0.053363128
-0.022144298
-0.014511829
-0.003554688
-0.0027932565
-0.01681609
-0.080187108
-0.03107429
-0.072980791
-0.038583265
-0.081955253
-0.043566246
-0.073590663
-0.050631258
-0.0024554661
0.009752097
0.0094168303
-0.0025052089
-0.071572604
-0.020345656
-0.067304055
-0.024725858
-0.071491148
-0.032100622
-0.066124842
-0.036965885
0.022317142
0.033653893
0.033422626
0.021988991
-0.060662935
-0.017450582
-0.052249399
-0.021603574
-0.058598454
-0.028296539
-0.049740203
-0.032352031
0.022127345
0.03350678
0.033870782
0.022763307
-0.062575072
-0.027418702
-0.050332376
-0.034173919
-0.062307237
-0.037839958
-0.049704424
-0.043879703
-0.0017922517
0.0097379476
0.010853536
-2.0011017e-05
-0.0081281422
-0.042202829
-0.0089291757
-0.052208092
-0.0017555937
-0.039837761
-0.0021889982
-0.051161397
0.031903646
0.046438783
0.046628333
0.030650943
-0.01324618
-0.055099189
-0.020102898
-0.058495082
-0.0060462433
-0.052713318
-0.012503887
-0.056812731
0.029986156
0.047249282
0.048367964
0.030095606
-0.0071426692
-0.063948791
-0.010012197
-0.072056131
0.002655136
-0.063424972
0.0023195254
-0.073354056
-0.011094668
0.010280234
0.0088554861
-0.014907629
0.0022945812
-0.065222659
0.0059616171
-0.085953575
0.0082931526
-0.060050653
0.0096402348
-0.079057352
-0.0070290434
0.01232645
0.012650281
-0.003093385
0.0043416527
-0.036874376
0.0032535249
-0.04869638
0.0093890883
-0.032963344
0.0067343559
-0.044472265
0.029061404
0.043015154
0.040781352
0.027465557
-0.00079947723
-0.048333625
-0.0071744648
-0.053026779
0.0019020389
-0.042005834
-0.0046842412
-0.047141995
0.026133287
0.039327098
0.038882834
0.025489695
0.010139303
-0.060675822
0.011762182
-0.072400836
0.013983485
-0.055584061
0.016671051
-0.068747243
-0.0031973612
0.011881784
0.011068028
-0.0044320131
-0.059306924
-0.080932645
-0.062243028
-0.075764073
-0.056694516
-0.083029963
-0.061824593
-0.075674397
0.037131878
0.051150675
0.049025144
0.037475245
-0.062162121
-0.075779525
-0.058875728
-0.071754408
-0.063698114
-0.079359454
-0.0617614
-0.073555104
0.036668356
0.04586503
0.041973365
0.034612473
-0.069489314
-0.065728076
-0.072067266
-0.057208021
-0.069476622
-0.065103937
-0.075252286
-0.053707683
0.011661168
0.025288162
0.025712116
0.014945235
-0.039925903
-0.059948242
-0.055243517
-0.044066571
-0.034824876
-0.05263598
-0.051106369
-0.036537863
0.0025467211
0.018953227
0.021445603
0.0052244325
-0.054598015
-0.081165009
-0.061369367
-0.072269945
-0.053216064
-0.075116982
-0.060863675
-0.065511513
0.033700877
0.046386581
0.047234931
0.035497742
-0.064742146
-0.079542715
-0.063851264
-0.072330272
-0.065089338
-0.075897948
-0.064817984
-0.067805523
0.036284885
0.047022983
0.045669731
0.035773745
-0.06791085
-0.062039102
-0.075815799
-0.048634048
-0.064700512
-0.05648162
-0.073367534
-0.042215453
0.0071194498
0.023059653
0.023338927
0.0077525268
0.0043170091
-0.014032868
-0.010027902
-0.011865333
-0.0037616053
-0.019928534
-0.014171832
-0.022047952
0.049101787
0.047123567
0.049425072
0.04775225
-0.022753428
-0.0036468826
-0.033262073
-0.0013143738
-0.02330699
-0.015083297
-0.031006351
-0.014866217
0.042723286
0.047703935
0.044690515
0.037184671
-0.022178987
0.0014545636
-0.032871351
0.0042542099
-0.026901041
-0.013964994
-0.036347518
-0.012429747
0.032716103
0.037605397
0.030249449
0.024690028
-0.010173521
-0.033011597
-0.020667009
-0.033364038
-0.013989262
-0.039517406
-0.023297201
-0.040677221
0.045330107
0.050394321
0.053647401
0.047701432
-0.0079783454
-0.026093243
-0.016338207
-0.030367303
-0.0091731713
-0.031730571
-0.01713703
-0.036259856
0.053669187
0.055235654
0.059644636
0.05757988
-0.023722793
-0.025453327
-0.0300926
-0.026302459
-0.024299152
-0.034688126
-0.030547414
-0.035768803
0.059073713
0.061515716
0.061746269
0.059045905
-0.030378805
-0.026523356
-0.038947551
-0.025933405
-0.032255756
-0.036446658
-0.040384579
-0.036448697
0.048194665
0.054676807
0.054357386
0.047585602
-0.041403429
-0.0040706543
-0.047287521
-0.0025060498
-0.037311121
-0.015044953
-0.042354571
-0.013633066
0.032994148
0.042044578
0.040606907
0.031025183
-0.051140436
-0.0061898458
-0.05320376
-0.0052473879
-0.046278592
-0.015261517
-0.049176166
-0.013226703
0.031467796
0.040646062
0.042070467
0.034079534
-0.054042879
-0.0038545959
-0.058009769
-0.0020568329
-0.055164625
-0.011546999
-0.058347392
-0.01053585
0.015526745
0.022756664
0.025846163
0.018113193
-0.046154004
-0.023553004
-0.051874479
-0.022890786
-0.047323271
-0.034651681
-0.052821279
-0.034500235
0.046460651
0.053358319
0.052147004
0.045228946
-0.035538746
-0.025830101
-0.040187312
-0.024606276
-0.035925553
-0.036309927
-0.040532736
-0.035330174
0.058183677
0.061011912
0.059784174
0.056969578
-0.044135901
-0.025311345
-0.047411298
-0.022883767
-0.044455355
-0.03602418
-0.047720389
-0.033795047
0.055717142
0.058377437
0.056994939
0.054612336
-0.056042677
-0.021238609
-0.058620753
-0.020873242
-0.056721018
-0.032448994
-0.058940267
-0.03254316
0.044143686
0.051016628
0.050124392
0.043334726
-0.039357825
0.0038363527
-0.047640324
0.0054783508
-0.051398889
-0.0097897667
-0.059494538
-0.0096788049
0.014872969
0.015345555
0.011873718
0.011503097
-0.055179458
-3.4028339e-05
-0.061580904
0.0018581253
-0.065446307
-0.010506124
-0.06900849
-0.0117664
0.0089695127
0.010684309
0.011690219
0.0074541456
-0.050552146
0.0030504095
-0.058537746
0.0027304981
-0.070112427
-0.014619314
-0.074220826
-0.019477446
0.017161347
0.01093076
0.0063669773
0.0097340281
-0.064289146
-0.026383653
-0.074844569
-0.030854642
-0.068505057
-0.03940648
-0.079051412
-0.043387412
-0.0031439045
0.012580354
0.012025868
-0.0023774659
-0.058975089
-0.02289432
-0.066641488
-0.023909331
-0.061779344
-0.035104483
-0.069105088
-0.036680225
0.026126378
0.037407859
0.036172184
0.025031499
-0.071387375
-0.022186804
-0.073019049
-0.025391862
-0.073260619
-0.034481223
-0.074015495
-0.038359854
0.023962725
0.035068633
0.034209457
0.023016759
-0.08136154
-0.030436977
-0.083161553
-0.036938053
-0.085141358
-0.04380168
-0.086075313
-0.049827915
-0.0020036724
0.011310886
0.010480829
-0.0021257481
-0.019857056
-0.044090121
-0.029186024
-0.044244495
-0.020426903
-0.045649499
-0.02715844
-0.048357749
0.030931577
0.041773765
0.045359688
0.031057856
-0.039864814
-0.044197143
-0.050585901
-0.044151448
-0.035981462
-0.050148272
-0.045597186
-0.050987388
0.031322674
0.048002257
0.049776494
0.031727983
-0.04006351
-0.045143877
-0.053241625
-0.048881446
-0.035526395
-0.052959831
-0.046590402
-0.05731015
-0.011308157
0.011165536
0.0096357996
-0.015140457
-0.023531558
-0.060739918
-0.022630512
-0.078079858
-0.019046588
-0.064977778
-0.015696437
-0.084581154
-0.0014987268
0.016629858
0.012795161
-0.0077092147
-0.018267358
-0.045405094
-0.022477843
-0.050839129
-0.013916931
-0.04410604
-0.016046426
-0.052076039
0.032354153
0.045741464
0.048448688
0.031943386
-0.029450612
-0.053862226
-0.0379632
-0.055603884
-0.021445996
-0.055488134
-0.029005754
-0.058092334
0.031996785
0.050859945
0.052951195
0.032569601
-0.027689156
-0.058683032
-0.036176707
-0.063924972
-0.01775932
-0.062348778
-0.023436411
-0.068849046
-0.014026939
0.0098762772
0.0082019741
-0.018732667
-0.0082669556
-0.036359903
-0.017107417
-0.03972129
-0.0061336978
-0.039704108
-0.016654132
-0.041054439
0.063105285
0.065898989
0.071166605
0.069355328
-0.025162832
-0.042604796
-0.03216853
-0.043342672
-0.02628325
-0.048966065
-0.0346036
-0.04903233
0.073512056
0.074390759
0.075694927
0.075635776
-0.032451252
-0.043981539
-0.040544612
-0.044273264
-0.031099825
-0.049327118
-0.03947826
-0.049697077
0.06062229
0.069059268
0.071627854
0.063109728
-0.011447905
-0.041019601
-0.019616031
-0.042477518
-0.0076821447
-0.038239159
-0.015865432
-0.039763667
0.056733369
0.06519801
0.070894626
0.061559866
-0.0035066624
-0.041631183
-0.016030698
-0.040696964
-0.00092115129
-0.042109748
-0.015352185
-0.039092593
0.070980424
0.073947236
0.078135502
0.076368995
-0.027509275
-0.053522992
-0.037416385
-0.05279098
-0.028622882
-0.056050362
-0.040156056
-0.054537366
0.08035971
0.080976343
0.082261594
0.082729171
-0.028504867
-0.052610033
-0.037388248
-0.052946093
-0.025088628
-0.053881877
-0.034597959
-0.054158068
0.065454342
0.075297062
0.078243718
0.068333031
-0.038073567
-0.046199055
-0.042932883
-0.04550314
-0.041453011
-0.055070351
-0.046818738
-0.054654591
0.075881017
0.075300777
0.073494009
0.074479341
-0.046830413
-0.04696287
-0.049823695
-0.045354582
-0.050762681
-0.057542213
-0.053366218
-0.056787691
0.071726943
0.07060303
0.066983277
0.067973356
-0.057202725
-0.044460921
-0.059363799
-0.044783315
-0.057487089
-0.056375293
-0.059911494
-0.056670241
0.061884073
0.069056716
0.065526275
0.059000575
-0.045582153
-0.062042857
-0.052479738
-0.062020596
-0.043639194
-0.067292435
-0.051497748
-0.066968329
0.06998719
0.079534989
0.079015266
0.070184542
-0.045474457
-0.062402631
-0.051569701
-0.062202668
-0.04955606
-0.067649768
-0.056568224
-0.067536535
0.083314764
0.081912651
0.079984735
0.08206045
-0.055699032
-0.067053274
-0.057931631
-0.06719752
-0.061069015
-0.074724776
-0.06306238
-0.075645837
0.079054952
0.07666734
0.072275666
0.074552862
-0.057590894
-0.067182348
-0.060577302
-0.067202363
-0.057553477
-0.075857812
-0.061336327
-0.075397121
0.068768239
0.076649655
0.072580073
0.065735655
-0.060095186
-0.046015905
-0.067339701
-0.047570987
-0.05470846
-0.055190798
-0.062170056
-0.056255761
0.032181225
0.050676947
0.050673955
0.032549853
-0.071587486
-0.046650035
-0.07250032
-0.050039425
-0.067119654
-0.057873121
-0.069068013
-0.059862768
0.032699571
0.049761785
0.047993378
0.032525216
-0.08244268
-0.054384217
-0.083788805
-0.058431957
-0.074472794
-0.062027207
-0.077287508
-0.063143232
-0.012676582
0.011380599
0.013245882
-0.0083974909
-0.045897432
-0.06274225
-0.055126692
-0.062647463
-0.031228252
-0.065305711
-0.039920531
-0.064089727
-0.020750784
0.0079950392
0.0092615486
-0.019699684
-0.046758804
-0.062182167
-0.054675321
-0.062481179
-0.037578788
-0.066575633
-0.046066016
-0.06606392
0.033551663
0.054529424
0.055330074
0.034737071
-0.060761273
-0.067317518
-0.06436578
-0.067339105
-0.053488105
-0.074208686
-0.059055139
-0.072073198
0.035856953
0.055108197
0.053711047
0.036620041
-0.06264257
-0.066715323
-0.067700995
-0.064448199
-0.048533669
-0.068544101
-0.056273763
-0.062904695
-0.015789155
0.011771933
0.015092801
-0.0096662943
-0.053669154
-0.0055944294
-0.052637319
-0.0047715237
-0.051053858
-0.013514934
-0.051807629
-0.011191485
0.038364554
0.044580991
0.04776769
0.043687508
-0.050092318
-0.0012622702
-0.045885929
-6.8633624e-05
-0.051206748
-0.009533078
-0.048883443
-0.0073043548
0.04934089
0.051167175
0.054303124
0.05459014
-0.05941699
0.00084643985
-0.055395506
0.0013053966
-0.057847066
-0.0059798926
-0.053774859
-0.00595112
0.036179898
0.04449647
0.051083851
0.043017539
-0.059577796
-0.018287098
-0.058874984
-0.018237785
-0.05945491
-0.029255411
-0.058282097
-0.029534805
0.042841991
0.049527879
0.049216715
0.042645843
-0.049941857
-0.023015794
-0.051539518
-0.020077917
-0.050263604
-0.03366633
-0.051908707
-0.03084787
0.053748216
0.055762764
0.054752428
0.05315187
-0.051888304
-0.019234365
-0.050538804
-0.016566383
-0.052355848
-0.029907799
-0.051180207
-0.027295553
0.052806753
0.053997022
0.053507708
0.052675167
-0.056457164
-0.015090434
-0.052251218
-0.015286829
-0.055464296
-0.025872688
-0.05105544
-0.026119069
0.042692733
0.049139995
0.049231368
0.042915553
-0.039731785
0.0048853349
-0.031216404
0.0066750723
-0.044330899
-0.0051919786
-0.036919857
-0.0036594564
0.058724016
0.056735073
0.058139677
0.061137979
-0.019844882
0.0071183838
-0.005153728
0.0090548798
-0.025954956
-0.0055053933
-0.010804695
-0.0054843755
0.061470156
0.058439201
0.057973786
0.059788996
-0.025163046
0.009831075
-0.0090366072
0.0090375433
-0.026883522
-0.0059251467
-0.012797434
-0.0068315905
0.053574333
0.060053197
0.057557816
0.05118517
-0.046172406
-0.013910443
-0.038141504
-0.014302947
-0.045111295
-0.024694679
-0.03768741
-0.024707061
0.043248374
0.049433572
0.049723142
0.04363482
-0.046912622
-0.01596851
-0.040328147
-0.014525129
-0.047844898
-0.026920491
-0.041738042
-0.025477352
0.052725493
0.053297454
0.053417727
0.052967358
-0.030068515
-0.017894485
-0.015519063
-0.018543246
-0.032250888
-0.029231805
-0.018924515
-0.029664314
0.053493304
0.05400874
0.055363433
0.054531607
-0.028117469
-0.0190751
-0.016156072
-0.019315337
-0.028850309
-0.029653044
-0.018710347
-0.028996576
0.044028862
0.050133218
0.05078039
0.044394811
-0.054994339
0.0051005724
-0.042955411
0.0013126075
-0.047587339
-0.0055997158
-0.036689425
-0.0089615862
0.018917937
0.035892849
0.04019427
0.023760965
-0.027995945
0.0064400944
-0.011732927
0.0020905481
-0.024862343
-0.0082361603
-0.013061457
-0.010176916
0.02777289
0.042352707
0.041358133
0.029473087
-0.020183205
-0.0035391189
-0.0083607221
-0.0093946162
-0.018151981
-0.012654844
-0.010056301
-0.015701828
-0.00066925761
0.012284233
0.017445431
0.0073738371
-0.037764639
-0.021988471
-0.026345007
-0.026399369
-0.037399027
-0.029876414
-0.026777405
-0.033157035
0.0027874246
0.012702556
0.014975794
0.0062066067
-0.042757457
-0.015799209
-0.03290859
-0.018396201
-0.040411782
-0.025584668
-0.031395163
-0.02732704
0.023831532
0.034448833
0.035134612
0.025141545
-0.023381119
-0.019275597
-0.014744256
-0.019156432
-0.023291653
-0.027771311
-0.016443915
-0.026337525
0.026354599
0.035765012
0.03610738
0.026979189
-0.017322965
-0.019329451
-0.011562513
-0.02029178
-0.018766823
-0.025302732
-0.013623037
-0.025425383
0.0093865599
0.0170936
0.018217934
0.011054952
-0.070149622
-0.04433843
-0.064975089
-0.048454686
-0.06793146
-0.056205267
-0.064002196
-0.058606245
0.031970087
0.04549981
0.04249306
0.031033096
-0.057693521
-0.039529154
-0.049172805
-0.042721671
-0.057863276
-0.050554636
-0.050264811
-0.052311059
0.029764243
0.039252074
0.036094217
0.028249562
-0.06298602
-0.046900076
-0.05164202
-0.051173464
-0.064490872
-0.054419712
-0.055750325
-0.056050059
0.0073967736
0.018831719
0.019818375
0.011606855
-0.069975845
-0.066154701
-0.069475658
-0.063558483
-0.062492022
-0.068383427
-0.066652446
-0.061450201
-0.0022628238
0.018651961
0.021820174
0.0053372164
-0.065184043
-0.066817385
-0.063250739
-0.066862984
-0.062217693
-0.075317494
-0.062689535
-0.072722498
0.036760208
0.051129478
0.047521657
0.036082691
-0.058884123
-0.060723153
-0.0525928
-0.060667167
-0.060438118
-0.069356226
-0.055644833
-0.067308754
0.034499636
0.04320492
0.038616741
0.032047736
-0.066442094
-0.060200267
-0.061233272
-0.058581433
-0.068303333
-0.064035931
-0.067047743
-0.058905114
0.012009747
0.023996251
0.024685393
0.016691925
-0.051904319
-0.044944777
-0.052971274
-0.042793388
-0.054688632
-0.056210372
-0.054736757
-0.05507684
0.063609316
0.063003473
0.059032994
0.059053168
-0.052816676
-0.041014261
-0.051125464
-0.038855841
-0.05344634
-0.051943134
-0.050677721
-0.050538456
0.054736373
0.055431656
0.052543694
0.051089164
-0.055026334
-0.037646934
-0.050341816
-0.037803481
-0.055217994
-0.049662519
-0.050182889
-0.049625189
0.046713315
0.051881269
0.047809976
0.042745448
-0.061275122
-0.066668424
-0.059699759
-0.066671177
-0.062570693
-0.07719539
-0.061199452
-0.07671512
0.061284046
0.067149905
0.060891743
0.055815846
-0.058376678
-0.066713183
-0.057154628
-0.066757397
-0.062669745
-0.075631843
-0.060109667
-0.076842597
0.068973186
0.067231068
0.062031049
0.062873714
-0.054373477
-0.062026055
-0.050114292
-0.061577613
-0.055669248
-0.070559065
-0.049673741
-0.071175956
0.056903874
0.057211714
0.05330776
0.051743365
-0.056030589
-0.061114521
-0.050578084
-0.060815378
-0.057382158
-0.071171176
-0.051466828
-0.070579435
0.049902517
0.054479309
0.048652008
0.0442137
-0.047493193
-0.037509905
-0.041469661
-0.03607017
-0.046230428
-0.047212133
-0.039883152
-0.04586602
0.0485268
0.050696366
0.050201817
0.04743603
-0.032640915
-0.038897346
-0.020766476
-0.038608784
-0.031466895
-0.046450218
-0.020978015
-0.045274732
0.048160409
0.051359703
0.054456776
0.050980801
-0.029024677
-0.037837693
-0.02015742
-0.036443238
-0.028622836
-0.04383601
-0.020365501
-0.04209354
0.036978908
0.043230023
0.045335111
0.037990164
-0.04374045
-0.05342975
-0.035959909
-0.052593851
-0.043940383
-0.060635686
-0.035367806
-0.059847844
0.039425469
0.044126671
0.041512951
0.036124751
-0.044432149
-0.055534118
-0.037379218
-0.054440274
-0.042463424
-0.062027355
-0.034386885
-0.06138568
0.048037049
0.050815721
0.050164435
0.046336436
-0.029054984
-0.051639636
-0.019683185
-0.049687032
-0.025815938
-0.054400114
-0.017178666
-0.051974206
0.047054805
0.051693807
0.055641221
0.050438561
-0.027689192
-0.047870079
-0.019377638
-0.046257101
-0.026332929
-0.050158996
-0.01739317
-0.049123323
0.034725242
0.041245492
0.04353828
0.035402647
-0.040291689
-0.034975063
-0.031807508
-0.03591556
-0.041984621
-0.043861832
-0.033698202
-0.044123187
0.026586966
0.033336034
0.031247997
0.024854751
-0.024250252
-0.034587336
-0.017856785
-0.032741101
-0.025879086
-0.040275919
-0.018743467
-0.038896313
0.023075037
0.03000662
0.029644952
0.021174202
-0.022597494
-0.031642724
-0.01635455
-0.032188571
-0.028343921
-0.038728509
-0.0194919
-0.04072322
0.012936054
0.017065665
0.013560966
0.0078455462
-0.054196237
-0.051777371
-0.045533261
-0.052075127
-0.062511419
-0.057753248
-0.054310563
-0.057004213
0.018483594
0.023562835
0.020515971
0.016758632
-0.044963749
-0.052011878
-0.036552668
-0.051736372
-0.048642688
-0.059088992
-0.039842656
-0.058398749
0.028883233
0.034250897
0.030578013
0.025251457
-0.027795216
-0.045109913
-0.018951789
-0.044914058
-0.029659881
-0.049130631
-0.01845032
-0.050578479
0.021430086
0.027960505
0.026570207
0.017649236
-0.035165379
-0.046392563
-0.022598984
-0.050453225
-0.04202482
-0.054055345
-0.025186765
-0.06029983
0.01129196
0.015658945
0.0093148641
0.0024005349
0.0013034539
-0.041172318
-0.014633093
-0.036597112
0.003042634
-0.038889248
-0.013842479
-0.03342286
0.07279512
0.07561883
0.077249932
0.075058469
-0.02940372
-0.056384524
-0.042428573
-0.054189797
-0.029695181
-0.05446174
-0.04396165
-0.051710886
0.077095789
0.078579502
0.079322879
0.078656761
-0.021334287
-0.053141424
-0.031503321
-0.05339014
-0.017725379
-0.050377509
-0.028517859
-0.050652594
0.061238116
0.071307083
0.073196304
0.062961552
0.004883616
-0.027588547
-0.0042077945
-0.029879466
0.0080408037
-0.023354275
-0.0016534583
-0.025888245
0.054125187
0.062390312
0.060755651
0.052038146
0.0043115544
-0.035357038
-0.012965694
-0.029627527
0.0051853717
-0.030703055
-0.012061862
-0.025149298
0.067844333
0.07053943
0.069335493
0.066583555
-0.029460381
-0.050350878
-0.044652733
-0.047154936
-0.02881771
-0.044273639
-0.044590632
-0.040708797
0.066066942
0.068709121
0.06853773
0.066201076
-0.014693315
-0.045623487
-0.026023288
-0.045960805
-0.012584985
-0.03901333
-0.024337558
-0.039397552
0.05085587
0.059984275
0.060080395
0.050698833
-0.053189986
-0.070320948
-0.061255112
-0.070113252
-0.056001099
-0.070058014
-0.065179874
-0.069552391
0.079407305
0.079215219
0.078073943
0.079033597
-0.06632633
-0.079803738
-0.06828691
-0.08125293
-0.070989798
-0.081638906
-0.073150417
-0.083297513
0.077339097
0.075848973
0.072648683
0.074313064
-0.05743193
-0.081473521
-0.062150214
-0.080394824
-0.057293461
-0.083304166
-0.062973195
-0.081555012
0.065450669
0.073942844
0.071556292
0.064134288
-0.037467364
-0.064436884
-0.048163756
-0.063024363
-0.036266777
-0.056953853
-0.04754409
-0.055263749
0.051449792
0.060844898
0.0619488
0.05281376
-0.057788543
-0.06669558
-0.068037998
-0.065709912
-0.058541931
-0.060292447
-0.06968801
-0.058715652
0.066752794
0.068619193
0.068729658
0.067421144
-0.074677179
-0.079752819
-0.077244249
-0.081298543
-0.077125997
-0.073891709
-0.08022959
-0.075064748
0.067905004
0.068671758
0.068309384
0.06795841
-0.057208736
-0.080911127
-0.063759428
-0.078529304
-0.057247539
-0.074188335
-0.064470662
-0.071297933
0.054393314
0.063013039
0.063681371
0.055763081
-0.028523184
-0.068041767
-0.037553442
-0.066893789
-0.020809121
-0.066388369
-0.030228348
-0.064939321
0.030961381
0.049783919
0.051142354
0.032425087
-0.04626273
-0.077902494
-0.053772923
-0.073783723
-0.039956966
-0.077950004
-0.049096987
-0.072320504
0.034202257
0.052043729
0.052129219
0.035911862
-0.033842803
-0.067688522
-0.044319816
-0.059114532
-0.020297314
-0.064375019
-0.033159782
-0.053688851
-0.012076299
0.012577858
0.016077317
-0.0066006834
0.0091826528
-0.058948828
0.0019247653
-0.057498545
0.015144773
-0.052548522
0.0084635043
-0.052289001
-0.0051336614
0.010934187
0.01179687
-0.0046365711
-0.015383773
-0.06160429
-0.02496286
-0.060253962
-0.012824024
-0.053890383
-0.022330024
-0.05299099
0.025768345
0.039456456
0.040862487
0.02698825
-0.035290627
-0.074144433
-0.045520272
-0.067676087
-0.032779889
-0.066539868
-0.043429596
-0.05997805
0.028962824
0.042770559
0.044761755
0.031351901
-0.0095444647
-0.058858508
-0.024046307
-0.047202572
-0.0030487543
-0.051389734
-0.01809833
-0.040134792
-0.0029284666
0.013622083
0.01615505
-0.00036096968
-0.067224312
-0.082129712
-0.063424723
-0.084356361
-0.07167191
-0.085420776
-0.066869307
-0.088414025
0.070159766
0.068738731
0.064516248
0.065286384
-0.057340958
-0.076833538
-0.049542388
-0.078538163
-0.059329431
-0.080174966
-0.049840968
-0.082911143
0.060253989
0.060464918
0.057098792
0.055701749
-0.059132679
-0.079008338
-0.052742991
-0.078131156
-0.061102027
-0.08384885
-0.054269356
-0.082730748
0.052890157
0.057707942
0.052583624
0.047962986
-0.067139499
-0.089036994
-0.066938936
-0.086721594
-0.068440217
-0.084105677
-0.068635969
-0.081339737
0.056538955
0.063682242
0.062877513
0.056444613
-0.075641737
-0.084837301
-0.070172577
-0.088295072
-0.078783211
-0.079891793
-0.073039404
-0.083505048
0.067431885
0.067588897
0.066547241
0.066298266
-0.061510007
-0.079987868
-0.050612447
-0.083629111
-0.063697335
-0.075804052
-0.051812586
-0.080161383
0.06466095
0.065307685
0.064063968
0.0627425
-0.06308928
-0.085005513
-0.055891686
-0.083725755
-0.064892371
-0.081926408
-0.057452463
-0.080594242
0.055370312
0.061292999
0.05912324
0.053408185
-0.040659961
-0.066299395
-0.031340084
-0.066319507
-0.039304982
-0.068024248
-0.028645626
-0.068892254
0.052259813
0.054904573
0.054291928
0.050468456
-0.022216119
-0.054831428
-0.013894541
-0.052340466
-0.018735879
-0.053164319
-0.010338871
-0.051032951
0.050717195
0.055557449
0.058859729
0.053206198
-0.024723697
-0.050906536
-0.014739809
-0.050781489
-0.023080378
-0.050288946
-0.01183703
-0.051241577
0.037969273
0.04473033
0.046067193
0.037782056
-0.04598331
-0.06992126
-0.034242719
-0.070208383
-0.046952126
-0.067720462
-0.034331439
-0.068497921
0.050849134
0.056704983
0.054460202
0.048136561
-0.038603918
-0.066951573
-0.026645382
-0.068797463
-0.038659775
-0.062914798
-0.025576536
-0.065782915
0.060853026
0.063053933
0.062524511
0.059341039
-0.015818767
-0.049714238
-0.0070301244
-0.048305347
-0.013816065
-0.044826449
-0.0044222551
-0.044380643
0.058532576
0.062689888
0.063680505
0.058662869
-0.021651946
-0.04844076
-0.0091490146
-0.050451279
-0.020690409
-0.045440294
-0.0071278313
-0.048309806
0.045784154
0.052817482
0.052125697
0.044277529
-0.052428208
-0.064680673
-0.043071359
-0.063649852
-0.055767764
-0.068327517
-0.045807381
-0.066970594
0.031416398
0.037801372
0.033873676
0.027393648
-0.031212052
-0.052206878
-0.017339806
-0.055445937
-0.032284643
-0.054092841
-0.015842896
-0.058940063
0.023019614
0.030692234
0.028635918
0.018851046
-0.047847287
-0.060866312
-0.026814701
-0.068889383
-0.051675253
-0.065843793
-0.027181317
-0.074760367
0.0064099609
0.014948186
0.0085994617
-0.0019015377
-0.076965135
-0.06483676
-0.069671124
-0.06019305
-0.075020729
-0.061831556
-0.06792246
-0.05577188
0.0067972804
0.0220499
0.019289187
0.0042154152
-0.058193363
-0.069555599
-0.047711284
-0.067835325
-0.059363877
-0.067913732
-0.048559161
-0.065770449
0.033928567
0.043335403
0.040411717
0.031013986
-0.032807712
-0.054480721
-0.014277448
-0.060440057
-0.032804022
-0.05304788
-0.013017181
-0.059365255
0.027599496
0.037464539
0.035143152
0.024513663
-0.052814377
-0.06801243
-0.026194156
-0.076576995
-0.050960026
-0.066542656
-0.024010824
-0.073353874
0.00046555909
0.015582488
0.011947531
-0.003239664
-0.052732004
-0.064907007
-0.060368181
-0.055508366
-0.053318274
-0.050800208
-0.060032622
-0.042518042
0.027365649
0.038062055
0.042369073
0.030591675
-0.064671877
-0.068157734
-0.064502656
-0.059849375
-0.063586099
-0.056258084
-0.062951185
-0.048505884
0.033261908
0.045980202
0.048262782
0.034895687
-0.060085806
-0.048475021
-0.068017112
-0.034671974
-0.054669817
-0.03817811
-0.060417445
-0.026217979
0.00047264464
0.018138087
0.01836441
-0.0017412996
-0.036017555
-0.019996292
-0.043798077
-0.013290657
-0.043644338
-0.0062807152
-0.045483157
-0.0050914427
0.006377539
0.012055157
0.011835102
0.00022715081
-0.055149239
-0.033291779
-0.06010054
-0.026948871
-0.058414193
-0.013069544
-0.060897231
-0.0093558531
0.019369785
0.027805708
0.034832096
0.023450521
-0.062103351
-0.040371688
-0.060434027
-0.034020311
-0.060652696
-0.020933385
-0.057434192
-0.016858318
0.027571687
0.041812915
0.047542434
0.031065665
-0.049402521
-0.025880249
-0.051735124
-0.017073596
-0.045514947
-0.012013709
-0.043546963
-0.0074821624
-0.0052457054
0.011792407
0.011962774
-0.0092773031
-0.039453164
-0.055838583
-0.025535341
-0.059664127
-0.040832486
-0.04574666
-0.026452016
-0.050341814
0.071858915
0.073821404
0.073433171
0.070937096
-0.012932989
-0.038817286
-0.0028286293
-0.039417478
-0.013184827
-0.03192112
-0.0023539019
-0.033487311
0.068644668
0.071859136
0.069338238
0.065393422
-0.020417983
-0.041299654
-0.0061523303
-0.044682512
-0.020993152
-0.035964812
-0.0064726354
-0.039420507
0.055630194
0.063212807
0.059719229
0.052408627
-0.049908784
-0.041495691
-0.036868775
-0.043222543
-0.050730079
-0.025923639
-0.038480243
-0.027685583
0.065099561
0.075316358
0.075479131
0.065698925
-0.042521188
-0.03276559
-0.02808655
-0.037818855
-0.044153703
-0.017112729
-0.030055594
-0.022209137
0.081713295
0.084264989
0.084194724
0.081610484
-0.014377299
-0.024248696
-0.0028462803
-0.026565703
-0.016119317
-0.015850749
-0.003912091
-0.018599901
0.077813198
0.080797872
0.074539247
0.070971935
-0.022480204
-0.029328081
-0.0081645695
-0.032390874
-0.024812928
-0.021285021
-0.011094857
-0.023534827
0.063018985
0.071928628
0.06544595
0.057920536
-0.059105923
-0.06301826
-0.048265304
-0.060419631
-0.057449868
-0.054607184
-0.046901881
-0.051614299
0.03525636
0.048875933
0.047871818
0.034454991
-0.032379896
-0.049501049
-0.012440443
-0.055262174
-0.031710101
-0.043623695
-0.012863695
-0.047902458
0.033010783
0.045726176
0.043291919
0.031857572
-0.046293702
-0.060899723
-0.021048595
-0.064689166
-0.039533644
-0.051005727
-0.01795729
-0.050989961
-0.0045824453
0.016632568
0.017218308
-0.0018668355
-0.049926392
-0.033780307
-0.043400433
-0.025889444
-0.039487779
-0.019309094
-0.033323452
-0.01260705
-0.011255973
0.012469606
0.013563146
-0.010726563
-0.054652127
-0.042601862
-0.044708403
-0.039444229
-0.051185935
-0.027171832
-0.04207372
-0.024318994
0.033484713
0.051119215
0.052143312
0.034725938
-0.03101079
-0.035338087
-0.014456371
-0.037399189
-0.030496909
-0.02479294
-0.017131402
-0.024340986
0.035119905
0.050845137
0.048109571
0.035491391
-0.031914752
-0.037405613
-0.015537899
-0.033651224
-0.025057948
-0.021421249
-0.014569642
-0.015117935
-0.0073566767
0.015657682
0.01936619
-0.00085397131
0.0039052368
-0.048359763
0.013327481
-0.048042802
0.0049693134
-0.044806188
0.016260251
-0.04606365
0.061670368
0.066130159
0.060745106
0.054873664
0.024637154
-0.045655357
0.036380114
-0.04668041
0.028513632
-0.039156001
0.040400527
-0.040642571
0.050944658
0.057566475
0.056282925
0.049513871
0.022921645
-0.047253704
0.032289391
-0.04737288
0.025064477
-0.041544316
0.034778162
-0.041806459
0.035237016
0.043263494
0.04155737
0.033223886
0.0045280262
-0.041466627
0.015199576
-0.040362391
0.0010666507
-0.031945706
0.013463564
-0.030526838
0.051954815
0.057494947
0.052519644
0.046479017
0.0051887136
-0.038679613
0.017991731
-0.04087235
0.0050178504
-0.029787791
0.018466226
-0.031683288
0.062344407
0.066373999
0.061555029
0.057632949
0.030965648
-0.030607916
0.042838228
-0.032151603
0.031620407
-0.01978725
0.043139365
-0.020608864
0.056904961
0.06039269
0.061455112
0.058715442
0.026010327
-0.033083821
0.036307049
-0.033320479
0.025620091
-0.020938632
0.036623848
-0.020738877
0.045339143
0.051776168
0.053905208
0.047305307
-0.0044477719
0.008499797
0.00146027
0.016033272
-0.0072564742
0.018730188
-0.0076189237
0.010633417
0.029622481
0.0091374386
-0.0059400708
0.010152757
-0.011247094
-0.021969284
-0.017977494
-0.0047991447
0.0094774218
0.023487566
-0.031488035
-0.028671432
0.024743505
0.037848631
0.023330451
-0.026042495
-0.016293896
0.025545718
-0.0037696699
0.066706282
0.069350714
0.07335895
0.070670962
0.00052496859
0.068328019
0.0017962512
0.011763868
0.064798972
0.016449384
0.0050951069
0.022664628
0.0012681756
-0.0061197402
-0.004267333
0.0052954648
0.0767202
0.070743702
-0.015479163
-0.015755875
0.023379434
0.062002049
0.029696435
-0.016949748
-0.0036739226
0.03705345
0.0077871056
0.010396355
0.0079954979
0.003327064
0.00048848729
0.054931063
0.0098273723
0.064740726
0.053562425
0.0012168412
0.064756934
0.078893934
0.080762726
0.0064900524
-0.013486791
-0.012493858
0.00531424
-0.0035176486
-0.0054991369
-0.03074489
-0.029219238
0.050428155
-0.0050120026
0.062448296
-0.028191644
-0.0109751
0.079874235
0.007669153
0.056816399
0.062369879
0.051741496
0.060380929
0.074454799
0.065063121
0.067145219
0.075292439
0.066023486
0.065206173
0.056844168
0.051733835
-0.0011874861
-0.01964254
-0.022640997
-0.005997477
0.047455141
0.058272162
-0.035841534
-0.036885061
0.072910325
0.066038998
0.060885281
-0.036800842
-0.02457388
0.045404183
-0.0098133225
-0.0058712902
0.0093973283
0.0036208495
0.014978718
0.0042474311
0.022461238
0.0010811457
0.017302474
0.024958718
0.016969153
-0.0022976263
0.015481248
-0.04499096
-0.048629594
-0.048567688
-0.043706587
0.0093408109
0.018498779
-0.050362793
-0.051937588
0.027844563
0.02677807
0.0290966
-0.050746354
-0.046091025
0.028836009
-0.040507795
0.041591832
0.047977554
0.040361762
0.045919599
0.0040874392
0.052536193
0.0024307469
0.0135376
0.050188339
0.011915772
0.00041729477
0.010702663
-0.033757503
-0.040171885
-0.038524228
-0.031804219
0.040151592
0.045233267
-0.046393513
-0.045025314
0.023846668
0.049281201
0.022433344
-0.044670892
-0.038208558
0.021900982
-0.031226654
0.036592279
0.045352521
0.053115319
0.06222022
-0.0036049972
0.053783829
-0.0046721995
0.010786269
0.068909251
0.012891328
-0.0041740064
0.017197511
-0.0073525189
-0.014756689
-0.013364958
-0.0079256903
0.063335451
0.072317659
-0.02118387
-0.01906043
0.024788562
0.07772483
0.028644241
-0.017291695
-0.011246006
0.034173712
-0.0064267389
0.021452808
0.030143372
0.022906031
0.028105662
0.043484399
0.041460326
0.044902644
0.049094933
0.036844602
0.052661848
0.051026506
0.060796938
-0.0013738996
-0.017574168
-0.013304098
0.006702186
0.02112364
0.02302778
-0.031769951
-0.031731944
0.052735927
0.029104504
0.058566132
-0.032002827
-0.010292018
0.068695695
0.013387688
0.011973557
0.020418267
0.010317108
0.019514847
0.041641842
0.028489669
0.043163002
0.045253897
0.02846327
0.046079369
0.043876046
0.04686888
-0.054149684
-0.062075722
-0.068619686
-0.059839227
0.0075816322
0.017823193
-0.067591524
-0.073780994
0.046974097
0.027908873
0.046956422
-0.078149931
-0.073437751
0.047748209
-0.064176956
0.042113825
0.047286366
0.043707607
0.049402258
0.045746056
0.051243574
0.045062622
0.056205467
0.05358701
0.055880455
0.045270521
0.056089205
-0.068560618
-0.077536849
-0.076750311
-0.068417091
0.045307325
0.051785204
-0.081027266
-0.079608404
0.065346058
0.056417586
0.065268631
-0.076529419
-0.074186652
0.065248453
-0.066678714
0.06469894
0.0732359
0.057497199
0.065979775
0.049174261
0.07811424
0.05253355
0.058520669
0.071554868
0.060241082
0.055871383
0.061283861
0.01968293
-0.008393616
-0.0094365041
0.018681095
0.046875482
0.055425838
-0.033418739
-0.034267719
0.065418818
0.062128891
0.065087848
-0.034935523
-0.011521908
0.063631277
0.015137379
0.056747305
0.056444524
0.055023439
0.055463061
0.002892912
0.054379299
0.0019266786
0.0094104328
0.054332284
0.0078857713
0.0010509265
0.0075787628
-0.033929974
-0.041252608
-0.044056305
-0.036690452
0.054203149
0.054879059
-0.046863432
-0.048990392
0.018323739
0.054100174
0.016625394
-0.051393968
-0.047196775
0.01670505
-0.039892987
0.043845343
0.034644628
0.04599548
0.037918107
-0.009009384
0.022364265
-0.0098351099
0.0034216614
0.026638254
0.0033317667
-0.0090891689
0.0041717735
-0.045909661
-0.052756439
-0.054383245
-0.047881156
0.046894751
0.039673389
-0.055635086
-0.056862013
0.01538566
0.02949575
0.015354138
-0.057289549
-0.054876826
0.015759598
-0.048670943
0.053799147
0.040930277
0.045480462
0.033730926
-0.0019720923
0.02594056
0.0041882133
0.0089409357
0.022119227
0.012822822
0.011243737
0.017481006
0.005329094
-0.0073734169
-0.011292708
0.00058624272
0.040329701
0.029641117
-0.021789535
-0.024846815
0.018006392
0.020405924
0.020008056
-0.027571531
-0.015603389
0.022806094
-0.0052155636
0.075540989
0.068854903
0.072102367
0.067445654
0.045977927
0.059813295
0.050928274
0.055958628
0.060416796
0.058471679
0.055738212
0.060126477
0.0029256249
-0.017244165
-0.019940511
-0.0040386876
0.067488864
0.06588869
-0.034945729
-0.034031333
0.0643626
0.061792512
0.063748939
-0.032463132
-0.021904716
0.061510866
-0.010321429
0.055330031
0.055358096
0.057174123
0.056553217
0.040877146
0.053937486
0.039657767
0.05303291
0.054343318
0.052281351
0.039978649
0.052461987
-0.059039875
-0.064861206
-0.059003431
-0.05382442
0.059698679
0.05836564
-0.06682658
-0.061163913
0.064633272
0.055197003
0.064388177
-0.055707696
-0.053124975
0.064276309
-0.048348954
0.046258934
0.039718654
0.045267161
0.038484595
0.036356668
0.031233408
0.035540342
0.044755016
0.030325338
0.043562168
0.034737845
0.042416306
-0.038982459
-0.043851163
-0.041612512
-0.036182937
0.044137904
0.036739118
-0.047728082
-0.046254921
0.051465751
0.028490849
0.050110839
-0.047019066
-0.041554189
0.048929739
-0.035168097
0.039487654
0.030351411
0.042996228
0.03426095
0.033582286
0.022793099
0.033735174
0.0408378
0.026149249
0.040977806
0.034911159
0.04228135
-0.01734283
-0.022193133
-0.020080947
-0.016680849
0.048140953
0.039550828
-0.027726478
-0.024871
0.047750344
0.030170692
0.048310121
-0.021905146
-0.016375305
0.05010229
-0.012651003
0.0010032255
0.013232308
-0.0020791881
0.010821081
0.045483977
0.02550129
0.044168054
0.042520897
0.023878509
0.040933994
0.045097107
0.042051442
-0.056731363
-0.065356253
-0.065544703
-0.056303721
-0.004706085
0.0086166901
-0.071040313
-0.071464993
0.038185562
0.022209186
0.036548291
-0.072234329
-0.066207529
0.037889426
-0.056485745
0.047610649
0.056158994
0.048072112
0.057725059
0.076513608
0.062281559
0.076392637
0.077243261
0.064774171
0.076806018
0.075445459
0.075305872
-0.058583483
-0.068412497
-0.069225419
-0.059849176
0.048084012
0.058744216
-0.073883781
-0.074074808
0.074241443
0.066713562
0.073337371
-0.073434819
-0.069300304
0.071321328
-0.060667926
0.022173895
0.03093051
0.011462606
0.020180325
0.070774856
0.04022566
0.066680283
0.068955478
0.030452695
0.063797405
0.060972269
0.056891782
0.01167205
-0.0096670302
-0.010785016
0.01085816
0.0037708439
0.012271585
-0.028582752
-0.029995134
0.064151534
0.023046746
0.058743135
-0.031938816
-0.013095252
0.051552387
0.0080448323
0.065939404
0.06337915
0.069143502
0.066210648
0.082480755
0.058219928
0.083121503
0.086951439
0.060223156
0.087901931
0.082123982
0.086423041
-0.059568344
-0.066289655
-0.06323295
-0.057372899
0.072042858
0.068950081
-0.069261863
-0.065988235
0.087432271
0.062359131
0.088590938
-0.062376577
-0.059512031
0.086693599
-0.054244919
0.04223745
0.032756486
0.041771015
0.031037357
0.059250323
0.023230382
0.058432001
0.060140731
0.02050537
0.059991346
0.058071861
0.06034762
-0.046826935
-0.052095609
-0.04951164
-0.04361131
0.041762666
0.029810472
-0.056092505
-0.054399846
0.058959002
0.018197324
0.059653924
-0.054191074
-0.048306531
0.060787323
-0.041423604
0.059591755
0.050746564
0.064046241
0.054978697
0.059268685
0.037730878
0.061085297
0.062893308
0.040218008
0.065059776
0.06376167
0.06754525
-0.011576503
-0.023350906
-0.019933553
-0.0086681857
0.066627035
0.05740261
-0.032727758
-0.029089726
0.064340245
0.041362712
0.066391967
-0.025024453
-0.015117933
0.067990995
-0.0034378695
0.042916678
0.054272549
0.043408193
0.052951145
0.058016386
0.062770904
0.045523569
0.045659133
0.059845417
0.034821557
0.030596006
0.022591254
-0.0058809359
-0.014272151
-0.014697487
-0.0014188204
0.046173778
0.052665403
-0.023477815
-0.027244634
0.030412975
0.056727624
0.022423663
-0.030746827
-0.015052162
0.014301464
0.0027078322
0.043210716
0.029464584
0.04455447
0.030459769
0.050267673
0.016009962
0.052737603
0.042716301
0.016472142
0.045873896
0.055128421
0.048542098
-0.062881336
-0.071712386
-0.071207746
-0.062619548
0.046126206
0.032144248
-0.077202299
-0.076672066
0.033015
0.017971737
0.036578036
-0.073597043
-0.068097882
0.039211903
-0.059994387
0.064580507
0.055523024
0.060032826
0.051356964
0.058658741
0.039287239
0.058773178
0.050877309
0.036439698
0.049368174
0.056627821
0.044949289
0.0081008714
-0.015367909
-0.015637636
0.0084022273
0.053847267
0.045720823
-0.034900994
-0.035218566
0.039793556
0.032987981
0.036640859
-0.034806665
-0.01659714
0.030393345
0.0063132337
-0.0052836568
-0.013515133
-0.0057933568
-0.015774469
0.048100388
-0.023433989
0.047940248
0.04408403
-0.026658058
0.044621187
0.047118033
0.044081951
-0.05137499
-0.057250883
-0.050204398
-0.043548028
-0.0050200747
-0.016664434
-0.0622757
-0.056175694
0.037143336
-0.028547147
0.03805019
-0.053425092
-0.046905784
0.037660316
-0.039665257
-0.0066061654
0.0090305504
0.0029273295
0.01652788
0.02162568
-0.00528883
0.028685058
0.013133944
-0.039262106
-0.037154779
0.010461523
0.022504442
0.033955314
0.027130839
-0.033924056
0.03205768
0.039245877
-0.0035903966
0.04094342
-0.0057314914
0.011123333
0.048125009
0.0097051245
-0.0070836786
0.0088850917
-0.030457718
-0.023536604
0.044207172
-0.036852358
0.024108973
0.052789868
0.023426579
-0.027423237
0.023212763
0.027798855
0.042095675
-0.0071287146
0.0094491165
-0.0053375205
0.01256607
-0.015545698
-0.0054177854
0.051510938
0.024265346
0.027774236
0.016728701
0.028563365
0.035527144
0.041936187
0.035186613
0.039278375
-0.0078791619
-0.019537219
-0.015128809
0.0020185141
-0.030227283
-0.03012093
-0.030021104
-0.012492448
0.0077688029
0.015467353
0.026057173
0.038101012
0.036638924
0.037125783
-0.039685383
-0.042557741
0.017769845
0.0268735
-0.047640321
-0.052284823
0.036508739
0.043740573
-0.055117143
-0.044285501
0.046410993
0.035355253
0.054691414
0.035258647
0.035553341
-0.045111306
-0.02992262
0.045793979
-0.056481427
0.04481524
0.053921276
0.045084316
-0.05665692
-0.045196699
0.045707981
-0.029768852
0.0552852
0.067008634
0.036865429
0.04015458
-0.011162295
0.010446784
0.053587079
0.047090305
-0.010730139
0.049862513
0.010992194
0.063840546
0.065331266
0.065191342
0.064337482
0.064271803
0.00046523281
0.061225787
0.0088094038
-0.025134237
-0.027032
0.065588431
0.063170584
0.058730492
0.018934159
-0.029560873
0.060179798
0.055796555
-0.0042258702
0.052678473
-0.003077208
0.0044687719
0.048063242
0.0062856964
-0.00047823682
0.0097407802
-0.032421504
-0.019025827
0.052501548
-0.043110458
0.014331445
0.044763261
0.016251558
-0.035259875
0.019778532
0.063145501
0.056164384
0.0038688939
0.014737589
0.010234678
0.020956431
-0.0047011893
0.0078819203
0.051489676
0.024663868
0.030415389
0.077263681
0.070022667
0.03494577
0.06029936
0.041270001
0.048087301
0.0030863473
-0.012798581
-0.013734213
-4.0157951e-05
-0.027781942
-0.027042676
-0.02634962
-0.014778091
-0.0033178335
0.065345945
0.062129002
0.027766243
0.057019143
0.030264435
-0.040396787
-0.038516912
0.064723468
0.061413151
-0.049900092
-0.047355963
0.056205309
0.042120063
-0.044886135
-0.036668114
0.050432125
0.024951076
0.042814659
0.026579907
0.029628259
-0.035019613
-0.025774725
0.049600691
-0.042711563
0.03589504
0.042132995
0.03698238
-0.041050123
-0.033724375
0.039169921
-0.025348068
0.049340204
0.03841161
0.033811734
0.038625775
-0.015866239
-0.0065425371
0.049628842
0.042182845
-0.016856535
0.045554422
-0.0093981258
0.0057680585
0.010228969
0.00032048465
0.0047022222
0.017166924
0.048558703
0.011657383
0.046153797
-0.04518146
-0.0440372
-0.0047817993
0.00012331611
0.0074323946
0.042426081
-0.043586076
0.025720804
0.020394332
0.061441464
0.034986297
0.061706219
0.059267461
0.030090224
0.059550575
0.062630952
0.060735672
-0.043968865
-0.027951564
0.016458779
-0.057325176
0.054391159
0.026506758
0.054792542
-0.045055751
0.056409085
0.01484808
0.004986622
0.06436384
0.063052841
0.067121576
0.066818135
-0.0098206132
0.010387372
-0.0020031972
0.059556853
0.064651522
-0.009200321
-0.0091330841
0.045377768
-0.0080067618
0.057581997
0.075617331
0.012178615
-0.051776289
0.010201151
-0.06787733
0.0071448138
-0.011188405
-0.012854597
0.00056917938
-0.012975768
-0.038132147
-0.0099803299
-0.027057226
-0.02565355
0.038299349
-0.0074207425
0.049985274
-0.024092653
-0.012881812
0.01326811
0.067403661
-0.0018883853
-0.0089632584
-0.0030043055
0.032501477
0.0049392762
0.037232339
0.012783033
-0.027644008
0.0079306551
-0.04026887
-0.037391285
-0.011785818
-0.020920261
-0.0044035732
-0.050764795
-0.04753342
0.02578688
0.0043588399
0.030440226
-0.045179918
-0.035098473
0.001896919
0.014321883
0.047012765
0.024611196
0.047599308
0.049757214
-0.033883912
-0.0051529644
-0.039242946
-0.033749954
-0.022980961
-0.031176882
0.014126278
-0.043932507
0.037553598
0.024546219
0.038316529
-0.043900974
-0.033581172
-0.013286606
0.040999241
-0.022753125
-0.0051884188
0.00010537196
0.053870754
0.06045809
-0.048069991
0.015810663
-0.061906834
-0.012429783
-0.0024419808
-0.0041704016
0.0009514586
0.046030979
-0.012266573
0.014712138
0.053996441
-0.0024356397
0.061791009
0.062562605
0.061403453
0.063458506
0.06032886
0.079319051
0.062167334
0.082287985
-0.049299538
-0.04853015
0.061231155
0.064335419
0.063825682
0.081502239
-0.046666713
0.055223303
0.057475295
0.072381888
0.047617428
0.070714718
0.07675366
0.049640955
0.074544296
0.067996549
0.070669322
-0.043848462
-0.03539944
0.059465111
-0.050558833
0.078065608
0.051395441
0.07544167
-0.040412166
0.070584573
0.064283804
0.067543028
0.063996422
0.064931434
0.058312342
0.057005178
-0.024909972
-0.011870165
0.069238801
0.063370874
0.053633608
0.044383035
0.05616132
0.067153264
0.064937604
0.054276532
0.038258611
-0.0038530763
-0.017800342
-0.019644969
-0.0041009509
-0.030829739
-0.033374485
-0.035107999
-0.020864858
-0.0038834968
0.061291081
0.065079664
0.082461227
0.0650946
0.076616606
-0.042577474
-0.045168108
0.06160544
-0.071246447
0.065623189
-0.052532449
-0.054785157
0.073489501
0.065834208
0.067495576
-0.056111938
-0.046832833
0.060951525
0.075824254
0.052689474
0.072939942
0.067358451
-0.04722755
-0.035642488
-0.072988825
0.06177062
-0.05624545
0.069643331
0.053402714
0.066685425
-0.055174619
-0.046281573
0.060737311
-0.034845259
0.068982408
0.066855623
0.059079739
0.048178733
-0.021111187
-0.0030411876
0.066686159
0.051967507
-0.020237669
0.040747426
-0.0015364567
-0.0020556282
-0.014633923
0.011142628
0.0037972422
-0.016746223
0.013638702
0.044444336
0.050212893
0.0081898265
0.023311163
0.0067181883
0.015001697
0.022294424
0.016537245
0.0519712
-0.050543385
-0.053959583
0.0061477702
-0.021286899
0.014448481
-0.049603612
-0.054710287
0.022737149
0.021602478
0.025493892
-0.056722944
-0.054367477
-0.0052843906
0.033528104
-0.014758288
0.029578568
0.051712213
0.0046259635
0.041417711
0.0032006114
0.015358583
0.035515626
0.014805737
0.050741142
0.0012242956
0.013891049
-0.053351272
-0.048513491
-0.024324684
0.027652461
-0.056976389
0.025827014
0.032776282
0.025656771
-0.056375468
-0.051973109
0.025337504
0.033157826
0.033409228
-0.0011377184
0.012619723
-0.04290696
0.034007569
0.024811155
0.011888281
0.020198271
0.035910022
0.027941607
0.037681944
-0.05386309
-0.059295037
-0.058198175
-0.06368983
-0.066924407
-0.062588947
0.0059256399
-0.027210742
0.014396099
0.05526636
0.059970563
0.030754633
0.021702743
0.033336574
0.062091905
-0.060576732
-0.065642115
0.0041321953
-0.033549944
0.014122855
-0.061014498
-0.065362509
0.038360887
0.022779295
0.039811493
-0.067469275
-0.068434204
-0.033596494
0.02784401
0.062524955
0.035802773
0.033005182
0.035706676
0.061914362
0.035631345
-0.069388392
-0.068280798
-0.042092989
0.029943726
-0.067884861
0.044944132
0.035742467
0.044742514
-0.067070184
-0.068921446
0.044671516
-0.068137518
0.034859757
0.040824694
0.03551719
-0.064110829
0.035801967
0.044698841
-0.064200566
-0.0051475476
0.04696528
-0.016247085
0.040242381
0.049802475
0.0060387027
0.050356479
0.0052882891
0.017004927
0.043914189
0.015309577
0.04924152
-0.050839126
-0.027040546
0.037176485
-0.055463287
0.027801779
0.041008143
0.02576275
-0.054532944
-0.050232585
-0.0067278436
0.051855276
-0.017338906
0.046642049
0.049150016
0.0068474126
0.051718228
0.0063621718
0.017064548
0.048452218
0.014693872
0.049472828
0.0055472588
0.012475266
-0.050226292
-0.045336432
-0.027992638
0.04433441
-0.053722444
0.027541627
0.047099114
0.024398436
-0.053081055
-0.050763053
0.021628372
0.055433988
0.053228258
0.0043535313
0.010789969
0.0028094876
0.0099986708
-0.03919111
-0.03200235
0.052291752
0.019858605
0.019660383
0.045782965
0.034741928
0.049709761
0.033667119
0.033623513
-0.06317031
-0.055880615
-0.066850894
-0.064749344
-0.061306404
-0.054363519
-0.037376876
0.037415468
0.06069925
0.038297213
0.041262681
0.036429767
0.059172983
-0.06741011
-0.046992218
0.040407278
-0.06540317
0.048257672
0.044169302
0.046944149
-0.06319663
-0.065190635
-0.038539196
0.04464151
0.057535377
0.038091426
0.047519999
0.03508807
0.055928891
0.032477898
-0.062563289
-0.062133451
-0.048741101
0.04719299
-0.060715872
0.04844932
0.049531624
0.046273436
-0.058190772
-0.059796265
0.044342014
-0.05927807
0.052573891
0.054312208
0.030961354
0.031172869
-0.058873842
-0.052304144
0.053939073
0.043291708
-0.056122251
0.043691466
0.048606171
0.055248833
0.055105872
-0.0017225904
0.060535141
0.010204071
-0.025239182
0.059370295
0.063741648
0.022595927
-0.024117285
0.060289163
0.063886166
0.0010748448
0.010423083
-0.00050503202
0.012325394
-0.024106964
-0.016040255
0.065811347
0.02145794
0.025414301
0.061202518
0.072730237
-0.0013480461
0.015891356
-0.00059737099
0.021284436
-0.0086567705
-0.0030603007
0.079184303
0.031322555
0.038526877
0.075736845
0.037771747
0.080529612
0.041958638
0.046962379
-0.010862573
0.010122155
-0.029496904
-0.02906757
-0.011327006
0.00832854
0.060961548
0.064889205
0.034943017
-0.044660213
0.060226559
0.0642445
0.046633339
-0.043605811
0.066335373
0.033544944
0.038131862
-0.042142492
-0.028481641
0.065741671
0.045893664
0.049841106
0.080985715
0.044421405
0.051195498
-0.011990845
0.005920479
0.078843415
0.054857821
0.05949551
0.017498934
0.025104355
0.033804561
0.047658747
-0.043993254
-0.047450366
0.015026796
0.021244175
0.029119608
0.04949224
-0.050258173
0.042688644
0.052365737
0.050869555
0.052784184
0.053558038
-0.05240854
-0.032602748
0.037737771
-0.067118077
0.057809324
0.04616745
0.058218398
-0.053778816
0.059025753
0.047256101
0.054904964
0.057173111
-0.0086436891
0.017880914
0.037612356
0.060345269
0.062362786
0.016664814
0.015919795
0.054647813
0.019601697
0.06262149
0.074766621
0.0037856321
-0.015648194
-0.012518949
0.0077706001
-0.032438241
-0.031586602
-0.031301956
-0.0098899473
0.01324828
0.010899548
0.016011885
0.047044142
0.023272282
0.049701136
-0.046622221
-0.048169124
-0.05814747
-0.06148055
-0.064396492
-0.04979614
0.031780612
0.060908553
0.040597898
0.061236628
0.062059809
-0.051510364
-0.031694038
-0.066830661
-0.068513585
-0.05309266
-0.032682955
0.026250831
0.034521756
0.063476442
0.065641044
-0.0082896011
0.017727394
-0.0081052857
0.019710026
0.0016946055
-0.03943585
0.014044868
0.06637252
0.070275578
0.044918243
0.024758421
0.044714315
0.072226829
-0.070545881
-0.075512944
-0.00065161895
-0.044146443
0.014340668
-0.070853083
-0.074145461
0.04989863
0.027359579
0.047896272
-0.075796014
-0.078730679
-0.049328169
0.033512792
0.07250756
0.052849288
0.040346738
0.052439364
0.071431921
0.052219297
-0.080117633
-0.080572286
-0.054863363
0.037958057
-0.075883939
0.059099982
0.046066573
0.058411759
-0.074594856
-0.079734114
0.057943786
0.036648114
0.052191609
-0.076433425
0.037229198
0.057731816
0.0043297725
0.015642284
0.047001382
0.026890183
0.04622311
-0.066909634
-0.071076227
-0.072791365
-0.076796293
-0.079958217
-0.074514509
-0.0024375059
-0.047148515
0.014976152
0.074025125
0.076523619
0.052918508
0.030172205
0.049264173
0.077746196
-0.075697608
-0.078724402
-0.0034806855
-0.04812653
0.015767311
-0.075587071
-0.077142029
0.053760671
0.032750926
0.04878335
-0.077842818
-0.080904446
-0.058345969
0.042622588
0.077630418
0.063307681
0.052121895
0.062272317
0.076244793
0.061483437
-0.08196386
-0.0820173
-0.059542132
0.046883358
-0.077541688
0.065161058
0.057789054
0.063696167
-0.076205458
-0.081710813
0.062519672
-0.082702449
0.03742349
0.046664922
0.061009392
-0.077058417
0.037179608
0.061739128
-0.078419157
-0.055521191
0.045464073
0.06932414
0.057324668
0.04911872
0.056787874
0.066507124
-0.077759301
-0.062530139
0.051814388
-0.072186071
0.065036791
0.055429383
0.065328149
-0.068962846
-0.074472505
-0.058229995
0.05154242
0.063296267
0.058227507
0.05289408
0.057329063
0.05999383
0.056386856
-0.070234539
-0.072122536
-0.066517956
0.057175472
-0.065260235
0.0669184
0.057305325
0.067507882
-0.061426506
-0.06546681
0.067662129
0.056186574
0.055879185
0.056220882
-0.070093897
-0.063463368
0.059067377
0.067649982
0.067690977
0.054121869
0.072360627
0.059414081
0.072361299
0.07193272
-0.078298832
-0.069095516
-0.081812543
-0.079289176
-0.076503226
-0.068275348
-0.06756764
0.058664863
0.073760494
0.070879041
0.062387171
0.071886497
0.070431112
-0.08007192
-0.070222806
0.065266921
-0.073906899
0.074344942
0.069292729
0.075823815
-0.070818803
-0.077119199
-0.073040455
0.06352976
0.0665735
0.0739283
0.062405241
0.075990928
0.062546708
0.077168372
-0.0730787
-0.075264533
-0.077215586
0.070024009
-0.06720217
0.078628886
0.067788489
0.081957222
-0.063386558
-0.068318468
0.083943109
-0.070075518
0.062301396
0.062701813
0.077509472
0.07704322
-0.073029375
-0.065906345
0.065597368
0.084438123
-0.068111727
0.083322933
-0.062062662
0.057564705
0.062171916
0.056993128
-0.054208783
0.053537008
0.059117248
0.065340918
-0.053571052
0.064326092
0.063925662
0.057626043
0.059938078
-0.051825529
-0.035215932
0.06239256
0.063105975
0.067843078
-0.049053843
0.067876402
0.073614247
0.062450785
0.063777184
-0.014276258
0.0096223625
0.066254627
0.067149927
0.064523508
0.043193759
0.069568924
0.051221039
0.067178166
0.063371617
-0.0094485266
0.018647662
-0.034071352
-0.035566663
-0.012128975
0.014724538
0.04880409
0.055572088
0.07105032
-0.054209781
0.044047784
0.0520282
0.073617085
-0.054520282
0.060240322
0.062371635
0.075692879
0.073191853
-0.05375837
-0.036817052
0.058148069
0.080438784
-0.051798768
0.075525866
-0.037466778
0.057768272
0.062225535
0.069012786
0.062324048
-0.015694635
0.008618916
0.04915297
0.068179863
-0.019514714
0.057836997
0.0013042781
-0.006201397
0.050136292
-0.016094813
0.049259471
0.050076085
0.0047458381
0.047194213
0.0038496824
0.014440505
0.048846487
0.011745572
0.050788799
-0.051706251
-0.026429973
0.049107808
-0.05260892
0.024707013
0.050012329
0.021236071
-0.052278656
-0.052870641
-0.0025871816
0.042839359
-0.012225077
0.046844895
0.051435439
-1.2472857e-06
0.036855913
-0.0018385814
0.009713909
0.042718901
0.0071812777
0.051878623
-0.0033318572
0.0052089676
-0.054047329
-0.053722354
-0.022516413
0.049297809
-0.052051322
0.020132861
0.046276556
0.017319094
-0.051900667
-0.055038305
0.015137754
0.050294935
0.051312619
-0.0042173837
0.0041910748
-0.050238732
0.05156387
0.014025842
0.054812383
0.02904282
0.053903485
0.027476965
-0.053291726
-0.0564352
-0.053838366
-0.050617789
-0.036973524
0.049715863
0.054460148
0.035260105
0.050879468
0.031871592
0.05321213
-0.057128324
-0.047418581
0.051095393
-0.055822513
0.045740537
0.05163004
0.043115318
-0.053788086
-0.054772321
-0.033112895
0.050484816
0.052254119
0.030820776
0.047834858
0.028099101
0.05165698
0.025950335
-0.052922368
-0.051709405
-0.043594001
0.050709125
-0.052246304
0.041282996
0.047747349
0.038985337
-0.051348473
-0.051766418
0.037095434
-0.050267728
0.051354931
0.046886309
0.024793993
-0.048334913
0.05095133
0.035974334
-0.046677692
0.0025496563
0.02884731
-0.0073544078
0.035761125
0.052089116
-0.0043621285
0.018241386
-0.007026844
0.0058165969
0.025122823
0.0043052573
0.052252152
-0.055714108
-0.018006466
0.040102202
-0.051858126
0.01680608
0.029831217
0.01586207
-0.052085456
-0.056103253
0.0045124357
0.0043509432
-0.0060096583
0.0099226483
0.052902567
-0.0019083723
-0.013452659
-0.0038124111
0.0090380157
-0.010601187
0.01002546
0.055045237
0.057581471
0.013059944
-0.005320007
0.0089160101
0.0110903
0.05664995
-0.056492629
-0.057052601
-0.017442061
0.014564402
-0.052966847
0.021039761
-0.0062416702
0.023114724
-0.05517682
-0.05758625
0.0035607237
0.024896812
-0.056745101
0.0069019153
0.011866492
-0.01135635
-0.0060548132
-0.0063550274
0.011979925
0.052254343
0.0088363673
-0.0057062261
0.0033428572
0.012588456
0.045023932
-0.054186484
-0.048011675
0.016082416
-0.00053260248
0.025798309
-0.052663112
-0.0024938805
0.02555415
-0.045887141
0.040193688
0.026477754
0.031002166
0.026116719
0.025887119
-0.045878222
-0.040100204
-0.049740903
-0.050375144
-0.046158412
-0.040017312
-0.028844665
0.042095245
0.051520856
0.027858722
0.032380842
0.027022254
0.052018983
-0.051504576
-0.039277716
0.042047888
-0.051255719
0.038249329
0.032904471
0.037221412
-0.052162911
-0.052372111
-0.028771394
0.01793512
0.053450945
0.03270177
-0.0015299654
0.034503218
0.056280288
0.057970731
-0.0017059346
0.035791884
0.056469227
-0.054662451
-0.052439546
-0.03908167
0.019789261
-0.054325195
0.04283618
0.0026605359
0.043416578
-0.058078155
-0.058728767
-0.0059905071
0.043510015
-0.056198867
0.019160315
0.0047957739
0.035871975
0.051861201
-0.0074823874
0.034475624
0.044691931
-0.047710918
-0.04087999
0.020827588
0.0087700312
0.042499074
-0.050652142
-0.010843495
0.040212691
-0.042644253
0.041639914
0.038157337
0.0273786
-0.0064886944
0.026384132
0.0060334816
-0.037666925
0.035827159
0.026024625
0.016623989
-0.039173371
0.010876416
0.01328199
-0.0060270367
-0.0041056161
-0.00030363111
0.012963734
0.036103365
0.0033393569
-0.0013102445
-0.0024326379
0.013256299
0.02690316
-0.039247044
-0.029096675
0.015702219
0.0052088283
0.0242687
-0.037404587
-0.0073828975
0.022364174
-0.028434291
0.011023132
0.011990994
-0.00095299139
0.0022971608
0.0047064313
0.013631361
0.018782522
-0.0012485782
0.0058878339
-0.0066447913
0.014191838
0.012926806
-0.019003894
-0.010402724
0.013344463
0.0088624544
0.020480029
-0.020128565
-0.0093703869
0.019428945
-0.012931553
0.028613207
0.026042941
0.0207148
0.026792915
0.028426145
-0.017501764
-0.011411878
-0.025029626
-0.024683676
-0.017428753
-0.011912895
0.034595092
0.026141778
0.025819613
-0.032893266
0.034299803
0.026509414
0.034021115
-0.032565306
0.017736371
0.0095656522
0.031839421
0.035863808
-0.010895526
0.028662214
0.026442236
-0.032674851
-0.024061594
0.019054321
0.012120916
0.037023752
-0.033028765
-0.012549364
0.033825899
-0.022808376
0.015020816
0.01132337
0.025990295
0.017402367
-0.010659118
0.025130064
0.0095389211
-0.016130622
-0.0099949978
0.016871441
0.012084183
0.03191713
-0.013001129
-0.010624055
0.032908985
-0.004492988
0.061123078
0.056280563
0.053745035
-0.045469465
0.061268522
0.057130926
0.064342881
-0.041402249
0.049899434
0.046673678
0.042537025
0.047083314
0.048161908
-0.03726001
-0.030314832
0.051123649
-0.043206485
0.056741303
0.043777937
0.056424955
-0.033473146
0.056257428
0.051958744
0.04965268
0.051122552
-0.02274897
-0.015018896
0.055700065
0.055992896
0.055209493
0.064202393
0.07068215
0.0635024
0.066657916
0.060265548
-0.022881474
-0.0060993954
-0.037220227
-0.035899309
-0.025114506
-0.012438965
0.061786264
0.074468368
0.058562019
0.073117721
-0.048696729
-0.057058905
-0.051420465
-0.044695514
0.053001147
0.065512064
0.045569734
0.064487454
0.063028527
-0.040198195
-0.033482013
-0.045810554
-0.040928642
-0.035707217
-0.03011416
0.060080923
0.053992737
0.060894039
0.057662049
-0.025658443
-0.016629723
-0.024168692
-0.017769491
-0.057351371
0.053221332
0.056883024
0.055702838
0.052433486
0.054332588
0.054223646
-0.060627661
-0.066251676
0.056019455
-0.057806998
0.064618699
0.053432394
0.064801125
-0.054729889
-0.056187685
-0.053476555
0.050290662
0.052251891
0.050991095
0.046417511
0.049405707
0.051185601
0.047985284
-0.052606962
-0.051043227
-0.062225888
0.049552852
-0.052496637
0.059404013
0.044287649
0.058769041
-0.051378779
-0.050316506
0.058006512
0.050570549
0.04700455
-0.047867754
0.0503785
0.057285513
0.060694678
0.074755527
0.056507454
0.074989673
-0.062219707
-0.064241975
-0.058412815
-0.05600794
-0.07351752
0.059358919
0.058728748
0.07189591
0.054727133
0.073739338
0.055493069
-0.063317507
-0.07850674
0.063050704
-0.059743813
0.076910679
0.056361714
0.080348856
-0.056658053
-0.058620265
-0.069273756
0.048802238
0.053188181
0.065989122
0.041816052
0.066483151
0.052123581
0.066535658
-0.054783689
-0.053290014
-0.074044243
0.048303752
-0.054496103
0.070245128
0.039444418
0.07197606
-0.053582875
-0.052325623
0.072959193
-0.049545383
0.050488362
0.043071249
0.066195697
-0.050229377
0.050960622
0.073111206
-0.045629799
-0.048720646
0.040353001
0.051234122
0.047318174
0.031651261
0.045983644
0.052610261
-0.049704089
-0.05662537
0.037479812
-0.051620078
0.054510078
0.028990197
0.052931619
-0.053440871
-0.051102883
-0.047611877
0.020050734
0.055541517
0.050546389
0.0057193845
0.049399026
0.060284487
0.059760563
-0.0087322305
0.048052745
0.056082687
-0.054781244
-0.050290896
-0.05380293
0.018827659
-0.057042167
0.055287903
0.00732032
0.052330773
-0.0626161
-0.0609402
-0.0097053128
0.049668878
-0.056195523
0.020997942
0.010902377
0.046101862
0.049477417
-0.012183336
0.04351827
0.040507312
-0.043899161
-0.036093843
0.019772148
0.011073294
0.047181631
-0.04865084
-0.011484314
0.044992295
-0.038854451
0.034741815
0.056334179
0.026013592
0.055100806
0.054198337
-0.042845939
-0.037400721
-0.047746104
-0.048300669
-0.042326229
-0.035681866
-0.06250702
0.033952331
0.052562746
0.059405153
0.025394161
0.05779176
0.054721003
-0.051682418
-0.06596582
0.030312899
-0.054184602
0.061738378
0.021403889
0.060393338
-0.056499375
-0.053179765
-0.057329928
0.016403607
0.058765117
0.056890168
0.0074175078
0.052403838
0.064816071
0.062138598
-0.008991735
0.048807991
0.056554055
-0.057015489
-0.051428174
-0.058112245
0.013203722
-0.06065072
0.055538552
0.0062159548
0.050062087
-0.066677566
-0.063245843
-0.0069295166
0.046048597
-0.057138431
0.01741651
0.0094878335
0.046281284
0.048354254
-0.0090521167
0.045086389
0.038041677
-0.044281958
-0.035984225
0.014325504
0.0066052953
0.043941272
-0.048655704
-0.0054391762
0.044121824
-0.038226411
0.034727692
0.026923441
0.041431799
-0.030429817
0.035644181
0.027224226
0.048065108
-0.028408386
0.019466854
0.012605211
0.040757732
0.029999475
-0.012234771
0.03876885
0.018937075
-0.027510337
-0.018906029
0.018932047
0.011092086
0.043566039
-0.027589976
-0.010085754
0.043759139
-0.015793518
0.018620177
0.01114159
0.038918177
0.0083418785
-0.0093219534
0.042956783
-0.00085369959
-0.011132356
-0.0051580496
0.019976636
0.0086408321
0.046820752
-0.004452654
-0.0068214189
0.054499323
0.0055368917
0.045339162
0.054040902
0.03422432
0.055241216
0.057594213
-0.020578706
-0.015285006
-0.026089003
-0.02179217
-0.015139546
-0.0091199007
0.036820489
0.027313355
0.053777494
-0.031740295
0.038055738
0.027164855
0.058305419
-0.02873463
0.017551005
0.007946297
0.045641295
0.02631079
-0.0064692219
0.048596928
0.013994147
-0.026952859
-0.017616116
0.01555689
0.0037621396
0.046939107
-0.026405598
-0.0019526737
0.052780574
-0.013852586
0.02072404
0.0048810594
0.054920541
0.0019814541
-0.0033027835
0.066173762
-0.0089168058
-0.0084210958
4.7597904e-05
0.020765052
0.00033308913
0.062203941
-0.0012844254
0.00089406151
0.076325584
0.010608242
-0.0038468067
-0.046992648
0.016469023
0.075425491
0.075951574
0.052384378
0.034714281
0.046486021
0.076071682
-0.073790605
-0.073961064
-0.0037601905
-0.043875555
0.016872088
-0.073642147
-0.073122776
0.048923152
0.035829416
0.042483943
-0.072625426
-0.074335623
-0.058362022
0.050242093
0.075608352
0.06446857
0.062477581
0.062482899
0.074454501
0.060852558
-0.074676986
-0.073150645
-0.054873929
0.052394351
-0.072000864
0.061188907
0.065786366
0.058604983
-0.07111241
-0.074709118
0.056464305
0.036532254
0.059739032
-0.06726639
0.035609921
0.055000476
-0.0067423847
0.006825687
0.032567831
0.020737727
0.030984878
0.010163473
-0.018335881
-0.00027222724
-0.058569019
-0.055579453
-0.0080847409
-0.019884576
0.0056772169
-0.063748236
-0.061141708
0.025829793
0.019769779
0.024251774
-0.059391855
-0.053517606
-0.011659069
-0.0034824695
-0.039089977
0.016889423
0.070539245
0.069006723
0.04366944
0.036066856
0.036982751
0.067855356
0.0057077551
-0.025106706
-0.011308142
-0.066384783
-0.063988322
-0.0031841759
-0.033092504
0.016615118
-0.066562401
-0.064062152
0.037046747
0.035614341
0.030295648
-0.062196805
-0.062332619
-0.02804902
-0.049303501
0.053264241
0.067025089
0.055443619
0.067529224
0.052232833
0.066409643
0.049557197
-0.036607859
-0.044044454
-0.032719644
-0.061489449
-0.0585815
-0.042016354
0.052996655
-0.061057371
0.047509109
0.067723599
0.043730751
-0.060638321
-0.061434885
-0.058426363
0.04055747
-0.058693593
0.034634687
0.047787856
0.04773565
-0.030831449
-0.023709813
-0.052520871
0.033914521
0.047421613
0.038392025
-0.052616612
-0.03588881
-0.070181099
0.070978484
0.072588583
0.07499939
0.075508768
0.076624553
0.070086696
-0.074189625
-0.067268326
0.075310764
-0.069869019
0.07253228
0.080499594
0.073964694
-0.068251726
-0.072969804
-0.078507838
0.076091368
0.067122679
0.080417024
0.073023546
0.08466052
0.063954965
0.087150873
-0.071031054
-0.071818245
-0.076487203
0.081211491
-0.066326039
0.07877518
0.077674995
0.083501429
-0.064239354
-0.068495326
0.086162894
0.068674607
0.087586944
0.085766868
-0.068353201
-0.060653604
0.071284072
0.086357902
0.083873948
0.059240693
0.067495253
0.068000281
0.06605581
0.063621648
-0.04675763
-0.047442419
-0.044868759
-0.053710891
-0.045043959
-0.048965173
0.059333123
-0.059614686
0.057281612
0.06861695
0.055352045
-0.061133243
-0.055573998
-0.057480494
0.052648763
-0.047142082
-0.061476001
0.077952213
0.065892967
0.066795825
0.083856708
0.067751858
0.065379962
-0.051128062
-0.070143466
-0.062062227
-0.052964786
0.078764747
-0.060856518
0.057821842
0.085306546
0.058131241
-0.061572473
-0.06319272
-0.078197505
-0.070876711
0.08493686
0.064817894
0.073326093
0.081326247
0.078085588
0.064207302
0.080614845
-0.064046875
-0.081852333
-0.064703593
-0.064595406
-0.062953579
-0.06158412
0.086910072
-0.062615171
0.063876739
0.08360031
0.068261267
-0.063808288
-0.066018342
-0.080786206
0.070434728
-0.064734013
0.073225962
0.074383211
0.080457222
0.077448692
-0.06336186
-0.06508454
-0.060165312
-0.05785019
-0.049806778
0.074362038
0.075945503
0.069913833
-0.060104022
-0.069431952
0.066612079
0.039892471
0.048932776
0.072720473
-0.046533636
0.036839484
0.046652366
0.0682679
-0.048000316
0.056359841
0.081521864
0.074647369
-0.04904214
-0.034039125
0.05507569
0.078609766
0.070469418
0.041350297
0.064850963
0.05174027
-0.016236613
0.0037751401
0.035201871
0.059263974
0.044672373
0.0082179993
0.056521284
0.018917494
0.051713207
0.045295926
-0.044190345
0.0087095575
-0.045673675
-0.012772051
-0.0025100449
-0.043431337
0.0085738438
-0.023596459
0.046339361
0.018641681
0.042848535
-0.025443202
-0.013994799
-0.0020368871
0.038319165
-0.00284347
0.035220692
0.045446128
0.060414861
-0.043669952
-0.022549216
-0.034641958
0.035187659
0.045456755
0.049561646
-0.036765791
-0.032691772
0.054445876
0.071623141
0.063051502
-0.055445052
-0.043084989
-0.049467848
-0.039583734
-0.028004627
0.054569866
0.06073847
0.052586259
0.031410425
0.051667304
0.037164915
-0.042150565
-0.016259594
-0.03279469
-0.015774819
-0.0033567593
0.030495783
0.042278044
0.029571135
-0.080589375
0.066851635
0.060902521
0.079050759
0.058312175
0.083867239
0.058313687
-0.065611951
-0.079205237
0.070473269
-0.062205655
0.077766097
0.060478674
0.083626388
-0.060481145
-0.062725524
-0.07598742
0.048253789
0.056532518
0.071727076
0.037557645
0.074720912
0.055867581
0.076697559
-0.060230987
-0.058907574
-0.07461942
0.04875373
-0.059334824
0.070072935
0.03643957
0.074264268
-0.059018064
-0.058523335
0.077232784
0.051803778
0.077429413
-0.055611963
0.052975662
0.078595728
0.071345927
0.083368974
0.064434939
0.084645532
-0.074233894
-0.069928375
-0.061895909
-0.073819375
0.073152952
-0.066143357
0.07443938
0.066236306
0.075766243
-0.066924265
-0.062870922
-0.066327083
-0.073921172
0.073594873
0.063603017
0.072622789
0.062682718
0.079111484
0.063106783
-0.070326576
-0.075168489
-0.067227303
-0.064482529
0.07587965
-0.064995367
0.063355031
0.064671151
0.070014453
-0.066060994
-0.068045544
-0.065654481
-0.069566357
0.049787506
0.062853
0.065030619
0.036230091
0.070256878
0.062988929
0.074139361
-0.067329981
-0.053305504
-0.072159593
-0.068385649
-0.066947882
-0.060607993
0.051207831
-0.066944203
0.056483621
0.036891195
0.062485224
-0.067640511
-0.068264146
0.067117786
-0.066243278
0.054385745
0.042250302
0.076134103
-0.074240514
-0.058804374
-0.062839007
0.055899136
0.069682065
-0.061822944
-0.066703669
0.027072554
0.05656719
0.061404846
0.01757324
0.060661125
0.05880176
-0.057949547
-0.064534377
0.024652225
-0.059736532
0.05844873
0.014399958
0.058601539
-0.061625219
-0.058767587
-0.056297804
0.0097373016
0.062648354
0.051717531
0.004112744
0.045916217
0.068064007
0.064186519
-0.0040357828
0.042014776
0.057908943
-0.06110936
-0.055668159
-0.052220699
0.0065206275
-0.064721907
0.046119248
0.0016098997
0.04064558
-0.068922703
-0.064926071
-0.00090879463
0.037294628
-0.058815276
0.010974033
0.0030467449
0.040654558
0.049531729
-0.0013469734
0.042311711
0.039396388
-0.048752317
-0.040633029
0.007861223
-0.00051105426
0.036826053
-0.050888504
0.0024834265
0.039779578
-0.041403503
0.029251811
0.055675414
0.016621661
0.057283877
0.059133434
-0.060057023
-0.053159451
-0.064990018
-0.063470518
-0.057932368
-0.050683382
-0.05938721
0.023321443
0.06365035
0.053036188
0.012249119
0.054283109
0.064932575
-0.067792113
-0.05130439
0.023144269
-0.068189759
0.045415731
0.011280165
0.047813785
-0.068647612
-0.067138475
-0.046334458
0.0039871354
0.066852923
0.039524446
-0.0007936483
0.034896629
0.069291083
0.065469978
0.0018817591
0.032369561
0.059799005
-0.066468103
-0.061990858
-0.039127018
0.0023956373
-0.069040227
0.032667251
-0.0027193134
0.029187481
-0.06929374
-0.065855271
0.027561066
-0.060786802
0.005447673
-0.003444453
0.03274146
0.0525766
0.0053794484
0.036573229
0.043993048
-0.055904163
-0.048358197
0.0040895328
0.028550356
-0.054392823
0.032677747
-0.046820177
0.039191462
0.026826003
0.061303444
-0.036842314
0.040119064
0.026407411
0.062381662
-0.033687609
0.013290449
-0.00072038418
0.047272842
0.027883958
0.0027451519
0.055654312
0.015419238
-0.031461262
-0.021239703
0.011160159
-0.0047153479
0.046393672
-0.030560103
0.0068252679
0.056535141
-0.018515735
0.020137325
-0.0043624141
0.067519583
0.0024742855
0.0052518763
0.083247692
-0.010432119
-0.00983462
0.0029828923
0.019011165
-0.0084301701
0.069731954
-0.0054415517
0.0090958336
0.08539249
0.008401722
0.057618432
0.063070744
0.041027491
0.064432337
0.064426699
-0.018404541
0.00043471476
-0.032914948
-0.030414186
-0.016175701
0.0022728492
0.040782322
0.026063937
0.061144009
-0.044240355
0.041177447
0.025969688
0.057231224
-0.041646946
0.009590198
-0.0074939777
0.044051933
0.034089479
0.009496777
0.054819854
0.022764579
-0.03926888
-0.028248866
0.008963925
-0.0084771399
0.040044115
-0.037996355
0.010082632
0.050082431
-0.027604497
0.017673351
-0.011040015
0.067878138
0.0098534934
0.01166131
0.081593315
-0.0047500771
-0.01458747
0.0027732487
0.016491922
-0.011434676
0.061344071
-0.015129991
0.012212657
0.071331448
-5.5262242e-07
0.062212362
-0.056662244
0.065958892
0.047739081
0.052393688
0.059807454
0.06599532
0.05423517
0.056285709
-0.033057163
-0.038895001
0.063179329
-0.038075756
0.066149079
-0.04236906
-0.049283649
0.041719623
0.065630891
0.037172066
-0.055692247
-0.044344123
-0.060778659
0.061858734
0.058734901
0.059288471
0.05350206
0.05648801
0.050649665
-0.048476478
-0.033413075
-0.044084645
0.061266321
-0.060482579
0.044725077
0.053051229
0.042373087
-0.050663539
0.037253692
0.062610139
0.042132794
0.031599974
-0.015258474
0.0060341784
0.057375484
0.029896148
0.021159042
0.051506619
0.053991954
0.012785968
0.054215897
0.0086561659
0.005701915
-0.05550046
0.0083581423
-0.050740767
0.0038675555
-0.0063768734
-0.0096658449
-0.00889604
0.00061283077
0.059652002
0.0095771691
0.05753965
-0.015278704
-0.019356815
-0.0065253405
0.053224097
-0.0060179771
-0.023747544
-0.0084922738
-0.04445186
-0.003248486
0.0067553506
0.064619374
-0.016187376
0.066327076
0.036642247
0.045494526
0.019792521
0.064891294
0.016878389
0.054139321
-0.063333792
0.0090654345
-0.0627945
-0.022565548
-0.030316564
0.066713969
0.008187846
0.06670366
-0.03076214
-0.041101399
-0.0051951436
0.064008722
-0.0058681306
-0.051475559
-0.038316265
-0.059745789
-0.023301307
0.060149223
0.061059663
0.026163673
0.052196967
0.024630934
0.020976904
0.0013375354
-0.054546915
0.0022537078
-0.045129322
-0.027682056
0.00091216722
0.058713741
-0.060051795
0.0040894802
0.051065668
0.0038858463
-0.065362671
-0.049642694
-0.047642781
0.0025705988
-0.030632099
0.051932012
0.047030367
0.015817284
0.0099921782
0.0028050196
-0.037715735
0.0022720268
-0.0085863495
0.010947599
0.047443386
0.040882797
0.00069848194
-0.0093391946
-0.031333696
-0.0012377863
0.01251236
0.038191623
-0.040434686
0.023945393
0.072740965
0.073158293
0.035872236
0.011391603
0.039318777
0.072652735
-0.079310433
-0.079048546
0.039721803
-0.027021677
0.02531244
-0.077982438
-0.078295744
0.024691973
0.012202427
0.028932443
-0.076786595
-0.07652699
-0.031030932
0.0017503887
0.071293238
0.026100465
-0.0040219955
0.02382909
0.069125992
0.023000093
-0.072116873
-0.068535482
-0.022338502
0.0017464739
-0.073623
0.020096494
-0.0048801936
0.018882585
-0.069012685
-0.06631497
0.018623417
0.0039780292
0.024266446
0.028032535
-0.063097928
-0.05583742
0.0050967333
0.019782736
0.02255601
0.047713554
0.034316694
0.021158936
0.020311775
0.024770333
0.027078959
-0.05132626
-0.0071400797
-0.040262062
-0.0088909304
-0.077188031
-0.077916798
-0.066601353
0.049082922
-0.0037223634
0.03668776
-0.084823249
-0.085151905
0.0071313601
0.023117213
0.010453544
-0.080761458
-0.073964892
-0.027707562
0.01227454
-0.063807954
0.04095369
-0.011377693
0.026652213
0.083008108
0.083310998
0.012112345
0.013087171
0.016768541
0.080890503
-0.045361109
0.00092680852
-0.031930603
-0.088206351
-0.088416362
0.041359664
0.006135471
0.027335293
-0.087440136
-0.087892811
-0.0017569709
0.013292566
0.002862368
-0.084844635
-0.084353804
-0.017884772
-0.013233957
0.0017827815
0.07597848
0.014535806
-0.0058536243
0.014104447
0.069173438
0.014163275
-0.0064516401
-0.0048929618
-0.0092911941
-0.076619519
-0.072456267
-0.003503914
0.00097178938
-0.078621165
0.0096149279
-0.0077675494
0.0096307705
-0.069418594
-0.065871342
0.005103089
0.0096944885
-0.061293638
0.0072222309
-0.0033153183
0.014893532
0.016197289
-0.011595312
-0.014833369
-0.012815017
-0.066256363
-0.05792441
0.0098567459
-0.0012195349
0.0096602281
-0.056125776
-0.003239563
0.009168304
-0.050408085
0.041351799
0.026289762
0.050373417
-0.050733361
0.041397801
0.027146964
0.040455641
-0.04905196
0.0095666696
-0.0073135832
0.034254203
0.041688888
0.0081463219
0.042176102
0.032287951
-0.046519217
-0.034579299
0.011522089
-0.0039576325
0.02670315
-0.044457263
0.0036391857
0.031354223
-0.035866848
0.015856562
-0.0091038515
0.050074954
0.020399714
0.010214227
0.055070009
0.0049360944
-0.019111909
0.0010034506
0.016092196
-0.0039962262
0.03482167
-0.024455531
0.0055619718
0.034630751
-0.0086452599
0.039539037
0.025854679
0.02958896
0.021546864
0.014578835
-0.0037627144
-0.025680857
0.00050470546
-0.010908411
0.011293399
-0.0070140804
0.034012012
-0.032410836
0.0099165203
0.026982642
0.0055430575
-0.033217546
-0.013460747
-0.020608447
-0.00042374146
0.0076301143
0.041429204
0.028575315
0.027585996
-0.0088171878
-0.039459103
-0.051293079
0.041458627
0.030427247
0.012170736
-0.050189557
-0.030329171
0.014713238
0.0012366033
0.017643028
0.045448127
-0.002942452
0.018433812
0.037175351
-0.012379768
-0.020524161
-0.0098382234
-0.047183084
-0.033676612
0.018723233
0.0074220572
0.0077607713
-0.043671325
-0.010344429
0.005055636
-0.034875915
0.017328337
0.0032641311
0.017386021
0.025753043
-0.0011143217
0.013495731
0.0091801576
-0.0051020489
-0.015369448
0.0012775332
-0.01719537
0.0022066583
0.019497873
0.010972959
0.0010214725
-0.022415725
-0.0080409766
-0.0032374901
-0.0042094487
-0.048081182
-0.013496021
-0.042572818
-0.016648119
0.064939822
0.04617172
-0.026135698
0.047485511
0.039909714
-0.030156076
0.042459101
0.062301112
-0.061072717
-0.035204307
-0.018808993
-0.064356554
0.031820308
-0.032754809
0.035004053
-0.061977282
-0.058658015
-0.044234353
-0.038757392
-0.037162834
-0.042849145
0.060980967
0.042353089
-0.049759675
0.043131252
0.034476273
-0.053297287
0.035245751
0.060713455
0.056495103
0.047100314
0.043983308
0.050614736
0.036070204
0.050050661
-0.058326708
-0.053272946
-0.028509042
-0.045213477
-0.061217248
0.02541326
-0.054945251
0.025871685
-0.061451458
-0.0592913
0.052446295
0.026352321
-0.054798917
-0.034062346
-0.037528613
-0.04420815
0.044904631
-0.047308726
0.036981835
0.042200825
0.041508434
0.045768073
0.043852759
0.037856102
0.033736163
-0.046658073
-0.039096898
-0.039690523
-0.049103584
0.026957925
-0.048457569
0.045372025
0.027609554
-0.040810168
-0.016150717
0.026439247
-0.028804189
0.026967932
0.026302078
-0.01632833
0.010638507
-0.013989373
-0.054428183
-0.048565487
-0.017584598
-0.014514107
-0.058986984
0.010943379
-0.027234124
0.0097704769
-0.06140804
-0.057872382
0.023890319
0.0079810768
-0.052188837
-0.02645645
-0.019946672
0.063877776
0.022098455
-0.03356286
0.024785077
0.06189984
-0.017714312
0.017938312
-0.062137111
-0.016601819
-0.020334744
-0.063633593
0.01095687
-0.032363976
0.011408117
-0.06219188
-0.062829753
0.03022386
-0.018418769
-0.045310682
0.061930857
0.015353832
-0.054145396
0.0150048
0.062890673
0.06345118
0.052010215
0.014623207
0.061591208
-0.0064449038
0.04079254
-0.0053382833
-0.06574685
-0.065966326
-0.0070277066
-0.042711991
-0.063221159
0.0044366257
-0.050449139
0.0026114051
-0.065127724
-0.069042998
0.048765723
0.00067520206
-0.070536721
-0.040085403
-0.0490904
0.014434976
0.057319951
0.045778737
0.01447673
0.050772338
-0.004018465
0.035485432
-0.0026406494
-0.063518171
-0.058143691
-0.038244324
-0.046759208
-0.0009518156
-0.068997446
0.044770942
-0.0020385982
-0.063942056
