FiniteElementSpace
FiniteElementCollection: ND_3D_P1
VDim: 1
Ordering: 0

-0.00075361712
-0.01369365
-0.012779705
-0.014633923
-0.0037491622
-0.013280177
-0.013512927
-0.016746223
0.044444336
0.041757065
0.050095636
0.050212893
-0.051260504
-0.006622073
-0.04929477
-0.006201397
-0.047458617
-0.018497726
-0.048048982
-0.016094813
0.049472828
0.052959431
0.051059586
0.050076085
0.0054453307
-0.056812128
-0.016485062
-0.04812653
0.0044794677
-0.056778403
-0.018441845
-0.046992648
0.075425491
0.072276865
0.071526352
0.075951574
-0.067553682
-0.073767733
-0.062229316
-0.07850674
-0.073076027
-0.07444776
-0.066116309
-0.080589375
0.063954965
0.056403465
0.054770667
0.060902521
-0.0050747548
-0.015144553
-0.022221213
-0.0086003109
0.0039983604
-0.0021439739
-0.016022407
0.0041459316
0.065348182
0.06788574
0.065513787
0.063324812
-0.011906434
-0.0022952508
-0.021668258
-0.005186656
-0.003259735
-0.0098697707
-0.016673371
-0.0084996654
0.035915764
0.033303604
0.03643779
0.042453283
-0.051232763
-0.0059928399
-0.057953864
-0.0060669569
-0.048421314
-0.016839669
-0.054456332
-0.01763346
0.058004668
0.049915917
0.053020149
0.060038443
-0.041978527
-0.0057694371
-0.047385892
-0.0051475476
-0.03527894
-0.017159937
-0.039884791
-0.016247085
0.050741142
0.057737485
0.057330105
0.049802475
0.00023151529
-0.03247357
-0.011628392
-0.033549944
0.0027957319
-0.04103535
-0.011802924
-0.03943585
0.06637252
0.064550997
0.067017735
0.070275578
0.012256483
-0.052181457
-0.0069076302
-0.044964396
0.013791926
-0.065951454
-0.0063932154
-0.058780037
0.046914229
0.037881519
0.037259275
0.046548735
-0.044122481
-0.046573422
-0.049881545
-0.047667648
-0.044779828
-0.05408124
-0.050540171
-0.055081247
0.039509633
0.030808559
0.029124165
0.037503306
-0.035143504
-0.047690408
-0.039717979
-0.046992218
-0.040334688
-0.055853405
-0.045281602
-0.055521191
0.071431921
0.065127854
0.062846755
0.06932414
-0.063479714
-0.0054149391
-0.060814496
-0.0064480947
-0.058535108
-0.019266032
-0.056034691
-0.020889683
0.054505222
0.051627211
0.047681864
0.04957637
-0.035576128
5.1324796e-05
-0.02790367
0.0025496563
-0.041401416
-0.0098229663
-0.034680981
-0.0073544078
0.051878623
0.045792921
0.044729321
0.052089116
-0.048269569
-0.049569391
-0.049795646
-0.047418581
-0.051815415
-0.0580252
-0.052042431
-0.057351371
0.05999383
0.055194093
0.053063867
0.056883024
-0.053575652
-0.047543771
-0.051674519
-0.049757982
-0.054192095
-0.05236989
-0.052351111
-0.054753096
0.035194557
0.027827853
0.028408555
0.035475911
-0.046947049
-0.041229365
-0.041323501
-0.039277716
-0.045715469
-0.050289966
-0.039724592
-0.048720646
0.051185601
0.050028948
0.050496688
0.051234122
0.0082733853
-0.088265838
-0.012432512
-0.083670288
0.0043340147
-0.087772943
-0.01570293
-0.084124349
0.04722724
0.035135557
0.033289895
0.04474282
-0.051544661
-0.066061538
-0.057067737
-0.066986818
-0.054272252
-0.066205682
-0.059734209
-0.067153621
0.031299042
0.020217761
0.016598724
0.027747994
-0.060995011
-0.069791733
-0.067834986
-0.070222806
-0.066887014
-0.069888643
-0.07458225
-0.070181099
0.074454501
0.06605701
0.063566195
0.072588583
0.00066671103
-0.042556043
-0.021053213
-0.033092504
-0.00010293804
-0.035248853
-0.020812191
-0.026432134
0.06221066
0.060328285
0.056635031
0.058760448
-0.0056731043
-0.065845591
-0.022325706
-0.064720571
-0.0068484865
-0.054075415
-0.02224957
-0.053971523
0.043005563
0.033877034
0.030032459
0.03881873
-0.058128635
-0.054495046
-0.063895046
-0.055200867
-0.056774463
-0.046430879
-0.062779288
-0.046875399
0.033705465
0.025115325
0.023820053
0.032807236
-0.074063449
-0.054311472
-0.084075859
-0.052964786
-0.072424087
-0.04403184
-0.082685784
-0.042046678
0.054095297
0.051906294
0.052535311
0.054970362
-0.059194365
-0.055004626
-0.056679755
-0.058049218
-0.061160936
-0.052618369
-0.058211015
-0.055760576
0.024574952
0.013475256
0.015166606
0.026101734
-0.064953676
-0.037435323
-0.061069398
-0.039425364
-0.064753137
-0.0295497
-0.060974569
-0.03051735
0.031523062
0.02051901
0.020445945
0.032134309
-0.0035758888
-0.016281306
-0.014827904
-0.020013189
-0.0032378377
-0.00040445325
-0.015813323
-0.0050486702
0.049927585
0.036561815
0.037771839
0.049584742
-0.056795448
-0.0018369825
-0.06429226
0.00049773723
-0.054356694
0.011922911
-0.060847796
0.01277596
0.068715031
0.06856754
0.071320996
0.07088076
-0.0070140517
-0.0084492814
-0.017250102
-0.011478511
-0.0034984309
-0.0086324076
-0.014583107
-0.010349127
0.039488221
0.037680036
0.04649822
0.04893774
-0.027841029
-0.0060005283
-0.037508331
-0.0063055719
-0.024563992
-0.013335417
-0.032982364
-0.013592834
0.055590074
0.053673161
0.058898002
0.059763226
-0.024318527
-0.0061418596
-0.034238966
-0.0052843906
-0.022144289
-0.014157408
-0.029405239
-0.014758288
0.0519712
0.054831819
0.057095873
0.051712213
-0.0039692833
-0.017190455
-0.013009362
-0.021286899
-0.0023186253
-0.024064221
-0.012161949
-0.027210742
0.05526636
0.05397097
0.058661214
0.059970563
0.00063111722
-0.015087414
-0.01175936
-0.01489824
0.0047846103
-0.02568693
-0.0094998145
-0.023384452
0.051536307
0.048069367
0.05141935
0.055793412
-0.022067877
-0.022937675
-0.030252408
-0.022780447
-0.020951574
-0.033619628
-0.029689346
-0.032847217
0.057871803
0.053165195
0.053860696
0.058527547
-0.020627506
-0.023315996
-0.026902826
-0.024324684
-0.020320529
-0.032883422
-0.026886682
-0.033596494
0.062091905
0.060862336
0.061435111
0.062524955
-0.055132549
-0.0068481843
-0.052735002
-0.0068577556
-0.050412878
-0.021198213
-0.049807431
-0.020315594
0.055004729
0.055558335
0.0506389
0.05114952
-0.04893377
-0.0057820842
-0.043920597
-0.0050302635
-0.047998677
-0.018794267
-0.044864291
-0.017239996
0.047111166
0.045289094
0.040046685
0.043254608
-0.046031806
-0.0038981819
-0.041504483
-0.0025871816
-0.047482442
-0.014932847
-0.045434221
-0.012225077
0.050788799
0.049148132
0.04734266
0.051435439
-0.045831425
-0.029654399
-0.047739064
-0.026429973
-0.046180229
-0.040047469
-0.048337187
-0.036973524
0.055928891
0.054614806
0.052747132
0.054460148
-0.048027485
-0.033278288
-0.048391699
-0.032093109
-0.047666277
-0.043164089
-0.048255985
-0.042263518
0.052142131
0.048746595
0.046629659
0.050034239
-0.047706487
-0.03046424
-0.045683753
-0.028605434
-0.047904969
-0.040571125
-0.046272874
-0.038911173
0.047949712
0.044392207
0.042207135
0.046050344
-0.048622559
-0.02581874
-0.047977485
-0.022516413
-0.049564214
-0.036295327
-0.049322682
-0.033112895
0.05321213
0.051020795
0.049559564
0.052254119
0.0082474121
-0.075806553
-0.016104144
-0.066396763
0.0050940978
-0.076713439
-0.019536377
-0.067116781
0.066322753
0.057831376
0.055333961
0.064463726
-0.036215335
-0.07167456
-0.051348186
-0.067614743
-0.040376318
-0.072449184
-0.05639821
-0.067936868
0.061697948
0.051528422
0.047275477
0.058483393
-0.035226735
-0.063406424
-0.050140825
-0.059542132
-0.038461462
-0.06302663
-0.054776353
-0.058362022
0.076071682
0.070176144
0.068309871
0.075608352
0.0031071122
-0.054043139
-0.019970562
-0.043875555
0.0017438117
-0.049075828
-0.020845728
-0.039089977
0.070539245
0.067922507
0.065771949
0.069006723
0.0016815928
-0.073897447
-0.022508269
-0.064531344
-0.0013855091
-0.067973729
-0.024581431
-0.059212084
0.062798698
0.055337655
0.052025075
0.05996241
-0.043551582
-0.070529711
-0.060153564
-0.065693956
-0.045331868
-0.066030183
-0.062159081
-0.061041472
0.057099915
0.048482791
0.045076793
0.054444026
-0.040673287
-0.060213195
-0.058019754
-0.054873929
-0.041680364
-0.055165312
-0.059627901
-0.049303501
0.067855356
0.063796592
0.062071036
0.067025089
-0.064690568
-0.062830648
-0.059549004
-0.068339568
-0.069280231
-0.061132292
-0.062784601
-0.067682675
0.046802261
0.035931379
0.036793521
0.046556148
-0.053190607
-0.062052454
-0.045962725
-0.06624146
-0.054861955
-0.05982258
-0.046047403
-0.065188709
0.047218244
0.038721408
0.041632671
0.048812201
-0.055264888
-0.070399391
-0.047206961
-0.074044243
-0.057159969
-0.070802777
-0.047023614
-0.07598742
0.058313687
0.053846584
0.053802101
0.056532518
-0.077973666
-0.072143436
-0.069803619
-0.079205237
-0.081799407
-0.066513068
-0.072965221
-0.073921172
0.064207302
0.057620576
0.057635219
0.063603017
-0.073341744
-0.057476723
-0.065823114
-0.064563126
-0.076480986
-0.051747255
-0.068395151
-0.05875125
0.048424104
0.037420261
0.038440062
0.049038459
-0.056647951
-0.055302061
-0.046508582
-0.0614755
-0.058421348
-0.048481397
-0.047362991
-0.054970502
0.050340056
0.040408504
0.043315657
0.05234754
-0.059269113
-0.068192064
-0.047406171
-0.07461942
-0.061423218
-0.062309635
-0.048354152
-0.069566357
0.063106783
0.058053669
0.058945779
0.062853
-0.0060889437
-0.021301375
-0.020338481
-0.019630212
-0.00064743093
-0.0071773464
-0.017470855
-0.0061729016
0.066244978
0.060146242
0.058592298
0.06400215
-0.032455069
-0.013915519
-0.042772455
-0.012210032
-0.031348866
0.00073389286
-0.042519986
0.001973067
0.062756894
0.057192053
0.057464383
0.063302476
-0.036050862
-0.0093502106
-0.047419574
-0.00575821
-0.032166796
0.0044443132
-0.044851821
0.0077737633
0.063943171
0.064990415
0.066193809
0.066085289
0.01065435
0.014060453
-0.0099102696
0.018798831
0.014770355
0.03005199
-0.0047726886
0.032816223
0.06669764
0.06557241
0.066881565
0.066261537
0.0034378335
0.011553391
-0.014092808
0.011458471
0.0058333616
0.030425403
-0.01103115
0.029162562
0.061245854
0.053831196
0.058228079
0.064233295
-0.028532767
0.01733096
-0.039866179
0.017731866
-0.025033646
0.033654331
-0.035998438
0.033088448
0.067076629
0.062029516
0.065349351
0.069702815
-0.026755488
0.019241211
-0.039813426
0.021613146
-0.02107058
0.033398506
-0.03376585
0.034508159
0.066958718
0.068646792
0.070535511
0.068164069
-0.012482963
0.00049735301
-0.023109301
-0.00029402442
-0.0034053907
-0.014140229
-0.017763355
-0.012129244
0.028530476
0.019990805
0.017208035
0.028106392
-0.034702044
-0.0057270402
-0.045995784
-0.0052448736
-0.032019002
-0.014694824
-0.045067037
-0.014690663
0.030330956
0.018053985
0.021267539
0.034203503
-0.032268974
-0.0052037733
-0.042449571
-0.0055310916
-0.029158334
-0.014091015
-0.039914054
-0.013525246
0.048751103
0.040834138
0.045616929
0.05411996
0.0036430593
-0.0222806
-0.012273401
-0.017796763
0.0088443684
-0.037065438
-0.0089159385
-0.03067005
0.043550102
0.037798907
0.03825335
0.045569193
0.0022249888
-0.029501033
-0.012995008
-0.026962734
0.0054695159
-0.044047505
-0.0090915403
-0.042595673
0.030461415
0.02101076
0.019207816
0.029467451
-0.028457925
-0.025508715
-0.042533313
-0.025974459
-0.024483061
-0.036875721
-0.038725796
-0.037856974
0.029581214
0.019110782
0.020030286
0.030358177
-0.026203299
-0.025030128
-0.037542921
-0.023788714
-0.023987065
-0.036795666
-0.035881032
-0.035086566
0.046805175
0.0388916
0.039615967
0.047515225
-0.055947368
-0.005395077
-0.063778693
-0.0058272913
-0.055876314
-0.013174796
-0.063747118
-0.015409566
0.038660824
0.025745025
0.030486646
0.042750283
-0.068996031
-0.0025377804
-0.071384403
-0.0046129551
-0.068335551
-0.011983943
-0.06963135
-0.015778272
0.045719039
0.03464849
0.03758567
0.047069146
-0.062255503
-0.0058108289
-0.064053257
-0.0064635405
-0.058026042
-0.018577493
-0.059298163
-0.020266283
0.060065082
0.054446863
0.053971355
0.058138404
-0.046071651
-0.027571133
-0.05185169
-0.028674542
-0.044567176
-0.037628369
-0.050304664
-0.038788435
0.047793029
0.040277193
0.040716372
0.047650179
-0.053986077
-0.022492014
-0.062071639
-0.025570219
-0.050392068
-0.032475327
-0.058694423
-0.035576401
0.031436038
0.021505707
0.023135904
0.032503695
-0.066516511
-0.021862712
-0.067445392
-0.026274449
-0.063385922
-0.031694586
-0.064640639
-0.035670493
0.033309313
0.02458906
0.025606005
0.033668611
-0.055122111
-0.029777759
-0.056207581
-0.031970858
-0.053492247
-0.039166145
-0.054559679
-0.041559356
0.047067352
0.040794503
0.040411884
0.046028951
-0.045427227
-0.0061010363
-0.051167682
-0.00604167
-0.039650989
-0.017904279
-0.044588002
-0.017728232
0.061807518
0.062037244
0.063087656
0.062044054
-0.054609864
-0.0068058628
-0.055853678
-0.0069618036
-0.047921206
-0.020840185
-0.049814118
-0.020403498
0.060780573
0.062176026
0.05954923
0.058326999
-0.050568593
-0.0069537625
-0.05176729
-0.0067278436
-0.04337849
-0.019150606
-0.045885527
-0.017338906
0.04924152
0.056246731
0.054732626
0.049150016
-0.032069041
-0.028075871
-0.036387964
-0.027040546
-0.032170136
-0.03833234
-0.036517158
-0.037376876
0.061914362
0.060964486
0.059832238
0.06069925
-0.036517421
-0.029032916
-0.041164719
-0.028787188
-0.036130083
-0.039196649
-0.040765315
-0.038994194
0.058239192
0.053818803
0.053207386
0.057299446
-0.044492263
-0.032720845
-0.046734092
-0.032116715
-0.044036045
-0.042582432
-0.046272293
-0.042247802
0.055889059
0.052116589
0.050607424
0.054133378
-0.040068712
-0.030414865
-0.043221548
-0.027992638
-0.040211908
-0.040775742
-0.043424433
-0.038539196
0.059172983
0.058287256
0.056502594
0.057535377
0.0083094348
-0.038362583
-0.0083257117
-0.033995824
0.010632158
-0.051187564
-0.0085181395
-0.04498222
0.06055193
0.054580313
0.054812976
0.061746778
-0.02150538
-0.044310924
-0.031329322
-0.042834859
-0.023705231
-0.054096261
-0.034898748
-0.051902406
0.061102523
0.053264628
0.050934312
0.059410342
-0.021447104
-0.042104631
-0.029185464
-0.042092989
-0.023920862
-0.050284001
-0.033350576
-0.049328169
0.072226829
0.067603428
0.06683039
0.07250756
0.0047064618
-0.048525984
-0.01279771
-0.044146443
0.0056013586
-0.053987924
-0.014468056
-0.047148515
0.074025125
0.071233458
0.071983652
0.076523619
0.011388963
-0.062488129
-0.010083582
-0.054788567
0.010512136
-0.070967319
-0.012765342
-0.062189212
0.065711522
0.057740532
0.056229764
0.065036102
-0.027249144
-0.062243723
-0.039881752
-0.059363424
-0.031627199
-0.06821751
-0.045608296
-0.064708851
0.0628988
0.052969857
0.049024871
0.059938867
-0.027397631
-0.056832938
-0.038732137
-0.054863363
-0.031360352
-0.06130287
-0.04457804
-0.058345969
0.077746196
0.07143796
0.06982848
0.077630418
0.0070051832
-0.056687441
-0.0061586759
-0.05732514
0.0072600574
-0.066728052
-0.0042594972
-0.069877204
0.027828246
0.017079571
0.016668246
0.027217885
-0.020566452
-0.047726673
-0.034188652
-0.049274751
-0.017122451
-0.057218269
-0.029540009
-0.059364529
0.025857542
0.016173298
0.01550342
0.024186683
-0.022885444
-0.048302569
-0.035257796
-0.046317324
-0.02304972
-0.058649656
-0.035784705
-0.056552863
0.044556668
0.035343233
0.03299432
0.041984958
0.013473673
-0.077079774
-0.0073273215
-0.070539773
0.011502892
-0.084676155
-0.009473139
-0.079071026
0.047759976
0.03637667
0.035193371
0.046109564
0.0065283829
-0.073801668
-0.0033977363
-0.079374856
0.0050586906
-0.077797362
-0.0035040989
-0.085305492
0.024362762
0.012635682
0.012823992
0.023956753
-0.014483298
-0.064718097
-0.025371625
-0.067469083
-0.012869069
-0.069793076
-0.022170665
-0.073129739
0.021550799
0.011699177
0.0097261317
0.018237919
-0.024413132
-0.06713588
-0.03737018
-0.06506068
-0.026719538
-0.073259145
-0.039754941
-0.071308819
0.042407929
0.031811648
0.027639325
0.038023327
-0.045587559
-0.042261999
-0.053995525
-0.044798605
-0.040252739
-0.051064916
-0.048593611
-0.052729308
0.02258938
0.014737579
0.013977429
0.021320241
-0.059174449
-0.040887737
-0.061271147
-0.043634833
-0.054334537
-0.048855589
-0.057544741
-0.049942001
0.020512346
0.013327479
0.012876805
0.020201788
-0.053051941
-0.046647733
-0.054140378
-0.049101417
-0.053670835
-0.052228843
-0.054736643
-0.054709322
0.036120063
0.028079143
0.0276747
0.03537313
-0.046420309
-0.05992342
-0.052131116
-0.060855823
-0.048791637
-0.063948459
-0.054411911
-0.06485907
0.033931475
0.023699378
0.020619539
0.030712484
-0.035110376
-0.058225494
-0.043195217
-0.058988786
-0.030809609
-0.063249677
-0.038471497
-0.06331869
0.014877744
0.0073628421
0.0050362412
0.012069379
-0.049420778
-0.055094291
-0.05376058
-0.054465596
-0.044988983
-0.059231383
-0.050250409
-0.057164226
0.010173912
0.0031142054
0.0018820102
0.0093620688
-0.055165287
-0.055981235
-0.056127512
-0.058506179
-0.057299884
-0.058011413
-0.058078794
-0.060602796
0.028640447
0.018708948
0.018055933
0.027787023
-0.038308445
-0.048155231
-0.043063012
-0.048125076
-0.042614658
-0.055700058
-0.047545967
-0.055942163
0.057220653
0.048468684
0.046245985
0.054902442
-0.046162042
-0.050556694
-0.048050497
-0.050883342
-0.050365093
-0.056749689
-0.051632693
-0.058030587
0.052694872
0.044456114
0.043168237
0.050750382
-0.043274931
-0.050185069
-0.046082377
-0.048741101
-0.048617982
-0.058482661
-0.050710221
-0.058229995
0.066507124
0.0602757
0.057656349
0.063296267
-0.046942628
-0.062484567
-0.052391679
-0.062530139
-0.054106417
-0.067237419
-0.060188116
-0.06756764
0.076244793
0.067434778
0.064543228
0.073760494
-0.048420386
-0.061643513
-0.053564393
-0.062196861
-0.054985977
-0.065814191
-0.060388331
-0.066641053
0.056690126
0.045182123
0.041938389
0.053548925
-0.056047978
-0.061224749
-0.056528567
-0.063613695
-0.062555508
-0.063995507
-0.062207537
-0.067483755
0.050793037
0.039562022
0.038167063
0.048612634
-0.055517239
-0.065400722
-0.056753529
-0.066517956
-0.06320449
-0.07059011
-0.063607469
-0.073040455
0.070431112
0.06143333
0.058372994
0.0665735
-0.070978444
-2.268759e-05
-0.068013995
-0.0034106284
-0.067902262
-0.012412307
-0.063617469
-0.016367163
0.046578721
0.038880852
0.038352094
0.044292235
-0.062866825
0.00086247458
-0.055986141
-0.0029726386
-0.057358694
-0.014276045
-0.049726428
-0.016992276
0.040483404
0.036040063
0.032178351
0.035595494
-0.056407418
-0.0050891346
-0.050601482
-0.0059038267
-0.052075815
-0.018733773
-0.046865742
-0.019337548
0.043888046
0.042591229
0.036936635
0.038054487
-0.055451039
-0.031011972
-0.05316445
-0.032928538
-0.053900845
-0.040450325
-0.051833259
-0.042528247
0.044547266
0.039518465
0.03811865
0.042678738
-0.065280877
-0.023995143
-0.060631388
-0.027813401
-0.062918946
-0.034468808
-0.058833495
-0.037430465
0.03346369
0.025997668
0.025638712
0.032636727
-0.054175237
-0.027785174
-0.046545237
-0.029393817
-0.05302152
-0.039271138
-0.046023565
-0.03977668
0.03118106
0.02446038
0.022444102
0.029129445
-0.049587136
-0.030714972
-0.044841368
-0.03116565
-0.048565566
-0.040687074
-0.044157523
-0.041116503
0.040530744
0.036270061
0.034072908
0.03825486
-0.037745444
-0.004004461
-0.030261369
-0.0022451079
-0.040119168
-0.014439887
-0.033273536
-0.012280725
0.039967159
0.035465645
0.032091714
0.037674643
-0.021080974
-0.0027183093
-0.0095571993
-0.00079245639
-0.023601449
-0.010379151
-0.010158896
-0.0085063283
0.036867432
0.030436038
0.030927877
0.038117622
-0.017915499
0.0017304938
-0.0048315739
0.0045124357
-0.024373659
-0.0070169912
-0.0094628514
-0.0060096583
0.052252152
0.044534568
0.045825247
0.052902567
-0.045099652
-0.020380133
-0.039083896
-0.018006466
-0.046858665
-0.031053164
-0.041223279
-0.028844665
0.05165698
0.048493561
0.047968461
0.051520856
-0.041832316
-0.025159196
-0.03542537
-0.02283713
-0.042780527
-0.035624601
-0.036586084
-0.033361723
0.044511427
0.040266173
0.038745078
0.043507594
-0.025497898
-0.020405076
-0.010901539
-0.018497079
-0.026606592
-0.031861107
-0.011642641
-0.029747696
0.043201173
0.037759394
0.037298066
0.043720854
-0.028869081
-0.017546022
-0.013363564
-0.017442061
-0.03135145
-0.02879362
-0.016248424
-0.028771394
0.052018983
0.048167021
0.049331313
0.053450945
-0.049018919
-0.050953373
-0.04918508
-0.050863088
-0.051758171
-0.056746296
-0.050976049
-0.057876092
0.04916578
0.042380631
0.042053999
0.048002391
-0.048471466
-0.048925767
-0.046574258
-0.047928576
-0.04932035
-0.055367589
-0.046593364
-0.055416887
0.047297842
0.042130878
0.042542761
0.047071826
-0.050422659
-0.046052962
-0.049696609
-0.043594001
-0.051318715
-0.054738827
-0.049368627
-0.053476555
0.054223646
0.051413364
0.050366478
0.052251891
-0.056478841
-0.065128933
-0.05497114
-0.066251676
-0.06186896
-0.070515887
-0.058432461
-0.07351752
0.062546708
0.05561413
0.053385578
0.058728748
-0.055534231
-0.060627478
-0.053432646
-0.063226649
-0.059975022
-0.062651201
-0.05635841
-0.06677796
0.047135433
0.037770935
0.038329149
0.046440719
-0.050402506
-0.059765333
-0.046403429
-0.061128393
-0.051696285
-0.062017752
-0.046137045
-0.0648158
0.046563884
0.039750437
0.041898881
0.047496225
-0.052368275
-0.061965312
-0.048640244
-0.062225888
-0.053665728
-0.067323041
-0.047822967
-0.069273756
0.055493069
0.051884414
0.051268961
0.053188181
-0.060672432
-0.043458355
-0.057870933
-0.045023713
-0.058459626
-0.050619473
-0.057366068
-0.050512129
0.020350762
0.012679166
0.012734319
0.020865143
-0.053343574
-0.048433362
-0.047439359
-0.047878895
-0.054501317
-0.055097196
-0.049961682
-0.053567022
0.021604269
0.012973807
0.013252383
0.022382112
-0.048616843
-0.048428779
-0.044410978
-0.048999365
-0.04936851
-0.05382976
-0.045212612
-0.054696617
0.036091636
0.029260604
0.030206793
0.036906111
-0.055490884
-0.05508503
-0.053568183
-0.057684212
-0.057232922
-0.055891542
-0.055078176
-0.058729621
0.028102468
0.018610229
0.020236963
0.029465566
-0.05626566
-0.055688639
-0.056981176
-0.053912759
-0.054133335
-0.058509523
-0.056455299
-0.055321684
0.0096634587
0.0015242546
0.0021112717
0.011004158
-0.055874451
-0.059209826
-0.052772215
-0.056826111
-0.056933145
-0.060824749
-0.055150778
-0.057744438
0.013226088
0.0035878067
0.0057608571
0.016087467
-0.050498204
-0.056879629
-0.046226587
-0.058158497
-0.0517515
-0.057655145
-0.047199696
-0.059396394
0.031706321
0.022742448
0.025876728
0.03460854
-0.042930431
-0.0452336
-0.036702878
-0.043241825
-0.042336835
-0.053367629
-0.035825897
-0.051848319
0.047327597
0.043205807
0.044007337
0.048050881
-0.026822991
-0.043555683
-0.012163938
-0.04107126
-0.02612442
-0.054226677
-0.01227225
-0.051277322
0.049207692
0.044787372
0.0453232
0.05074399
-0.031897891
-0.039656377
-0.017880115
-0.03908167
-0.030711823
-0.049114205
-0.018151223
-0.047611877
0.052610261
0.051865728
0.054243057
0.055541517
-0.043586498
-0.057650936
-0.036873549
-0.05662537
-0.041029432
-0.062804147
-0.03330126
-0.06250702
0.052123581
0.051656808
0.053128921
0.052562746
-0.041151977
-0.059447274
-0.03412188
-0.058584925
-0.039619025
-0.062993627
-0.031872712
-0.062942257
0.049184928
0.044589475
0.047582851
0.051536574
-0.024601035
-0.062695796
-0.011862422
-0.059300479
-0.022468761
-0.068014216
-0.010952018
-0.064319652
0.05442569
0.050585647
0.053266638
0.057710072
-0.028129984
-0.056320067
-0.017117554
-0.05380293
-0.024610913
-0.060677785
-0.015004693
-0.057329928
0.054721003
0.055737995
0.059518172
0.058765117
0.0031120585
-0.078789434
-0.0044313573
-0.0874785
0.00098964345
-0.07696888
-0.0059610334
-0.085973285
0.022428034
0.010258118
0.0099544698
0.02153242
-0.012367301
-0.072193865
-0.020260558
-0.07607042
-0.012926286
-0.07183241
-0.019765132
-0.076174531
0.018517516
0.0080430912
0.0052076815
0.014530733
-0.029572925
-0.076702622
-0.042560693
-0.07495569
-0.032499707
-0.077312783
-0.045344052
-0.075829902
0.040521067
0.029372423
0.024687703
0.035742584
0.0003113295
-0.083473044
-0.01875046
-0.080674878
-0.0031879248
-0.075918509
-0.021084988
-0.073927685
0.045814717
0.03467154
0.031815521
0.042470388
-0.00097010343
-0.072586166
-0.0078208975
-0.081082963
-0.002423251
-0.065909648
-0.0097103243
-0.073259054
0.02258914
0.010562984
0.0089765489
0.020528388
-0.014363208
-0.068752749
-0.020598423
-0.073457875
-0.016385066
-0.063098884
-0.022479745
-0.068041582
0.017533054
0.0066031096
0.0038163505
0.014089926
-0.035013991
-0.075073908
-0.047649013
-0.073905139
-0.036677285
-0.070082806
-0.049053653
-0.069273541
0.038665322
0.028233261
0.02441519
0.034849958
-0.027835174
-0.065824197
-0.034956993
-0.065566754
-0.026444981
-0.065812741
-0.032973862
-0.065665778
0.010467452
0.0020127602
-0.0010259021
0.0069764339
-0.041507705
-0.061050629
-0.047320252
-0.05806193
-0.039285807
-0.060494123
-0.045196316
-0.057223942
0.004481673
-0.0034709483
-0.0049873838
0.0032232738
-0.059793991
-0.058432885
-0.060340551
-0.061080511
-0.062330837
-0.05734068
-0.062646556
-0.059978373
0.025382329
0.014184733
0.013132767
0.024319812
-0.056546833
-0.064345251
-0.062020453
-0.065286507
-0.057954939
-0.060452188
-0.063532162
-0.061321278
0.031394623
0.020782704
0.017671161
0.02857075
-0.026640266
-0.063233725
-0.032587609
-0.063609761
-0.028170405
-0.058223688
-0.033599125
-0.059429591
0.010621632
0.00091201248
-0.0017952958
0.0074976191
-0.03842307
-0.057642435
-0.0439812
-0.054728732
-0.038790316
-0.052675124
-0.043626584
-0.050637658
0.0050293902
-0.0040012697
-0.0054409715
0.0034651713
-0.064568303
-0.054788321
-0.064715368
-0.057284279
-0.066151333
-0.050768159
-0.066252863
-0.052930387
0.026569544
0.01533936
0.013983918
0.025526318
-0.061538718
-0.068056658
-0.067265146
-0.069043222
-0.067341626
-0.06823435
-0.073470654
-0.069205936
0.055229776
0.043257568
0.039920843
0.052245667
-0.069211711
-0.065026212
-0.068118079
-0.069438036
-0.075355375
-0.064237278
-0.073709074
-0.069244935
0.049749306
0.037518124
0.036172834
0.047896135
-0.070913929
-0.073658991
-0.070644634
-0.077215586
-0.07792813
-0.074217022
-0.077246475
-0.078507838
0.070086696
0.061002503
0.058548869
0.067122679
-0.071230013
-0.067359771
-0.079813375
-0.067268326
-0.073672295
-0.062147012
-0.083073536
-0.061476001
0.066409643
0.060625352
0.059459996
0.065892967
-0.071748408
-0.066234357
-0.078351114
-0.066982165
-0.074243397
-0.061973114
-0.081355487
-0.062288849
0.052165528
0.042094366
0.039731922
0.050371617
-0.080371396
-0.061514963
-0.078450944
-0.066672181
-0.083716793
-0.05672455
-0.081854993
-0.061516359
0.049124661
0.038115322
0.037325854
0.048464335
-0.083616993
-0.07191997
-0.082833857
-0.076487203
-0.087465348
-0.066510911
-0.086893209
-0.070876711
0.065379962
0.058566558
0.057946136
0.064817894
-0.0036729222
-0.059811727
-0.025509359
-0.051978597
-0.0050166091
-0.050355085
-0.025272838
-0.043727135
0.056412807
0.050587299
0.046364447
0.052405182
-0.04550001
-0.05915987
-0.062139387
-0.05423831
-0.044044163
-0.050193347
-0.060009586
-0.045609364
0.049664283
0.043686751
0.042097455
0.048067769
-0.041532828
-0.048201806
-0.059582529
-0.042016354
-0.040488846
-0.039721055
-0.05805346
-0.033485179
0.056078984
0.053924129
0.052340527
0.054468273
-0.00086189998
-0.027880003
-0.020547348
-0.019706108
-0.0022255308
-0.021036491
-0.02081927
-0.013534936
0.054011007
0.051670161
0.046140751
0.048423819
-0.0055570588
-0.040443602
-0.024071566
-0.035258583
-0.0057092593
-0.030669663
-0.022276047
-0.027138157
0.047909147
0.043008979
0.038350193
0.042728275
-0.041143723
-0.039443674
-0.055869686
-0.035506887
-0.037133098
-0.027240473
-0.049987164
-0.024272898
0.040296497
0.037222602
0.038261462
0.040046084
-0.038947772
-0.030154095
-0.055326549
-0.024245208
-0.037348905
-0.019913184
-0.051707107
-0.014839405
0.043592141
0.042400113
0.040685887
0.040419535
-0.0030796487
-0.057198835
-0.011329056
-0.063060793
-0.0027885188
-0.046688313
-0.012405258
-0.051110782
0.023499832
0.012302297
0.0093085903
0.020180026
-0.018618144
-0.055085072
-0.024970585
-0.06012886
-0.020641377
-0.044973212
-0.027527924
-0.049988609
0.018213893
0.007417339
0.0061322008
0.016839292
-0.037147064
-0.062526419
-0.049209095
-0.062120072
-0.036212093
-0.052664539
-0.047870738
-0.052700207
0.036334551
0.02782464
0.026369473
0.034797884
-0.0066691634
-0.041422051
-0.020821372
-0.042532284
-0.0053824642
-0.028620091
-0.018211244
-0.031072201
0.037129206
0.030247807
0.026575156
0.033016013
-0.0016502768
-0.034576895
-0.01272153
-0.038057034
-0.00015504618
-0.021019449
-0.012143442
-0.024540941
0.022113945
0.012220965
0.0091149114
0.018738428
-0.022020254
-0.033060636
-0.02956789
-0.03794808
-0.022341389
-0.019677402
-0.030531219
-0.024395591
0.019308017
0.009320089
0.011464116
0.021793886
-0.033815868
-0.040819843
-0.044923368
-0.041323344
-0.030073239
-0.027378246
-0.04040447
-0.028344248
0.032942796
0.027098449
0.029578144
0.034931386
-0.030571022
-0.050991815
-0.035574289
-0.053170071
-0.033230856
-0.041771183
-0.037908962
-0.044869441
0.015576693
0.0051093358
0.0041670488
0.014214285
-0.040042773
-0.045815702
-0.043927185
-0.044964022
-0.041667261
-0.037265964
-0.044538616
-0.037643838
0.012761318
0.0032655327
0.0024744606
0.011384178
-0.066726225
-0.045196458
-0.066956198
-0.046793653
-0.065957092
-0.037905069
-0.0665192
-0.038702652
0.032060595
0.022489167
0.021298785
0.031569791
-0.05370085
-0.036199968
-0.059925057
-0.03630372
-0.048847801
-0.023722315
-0.055171638
-0.023455352
0.037552324
0.032401403
0.034561701
0.039894386
-0.035481355
-0.030772302
-0.039925592
-0.034542432
-0.036702853
-0.01814659
-0.041001288
-0.022166794
0.024666737
0.014362328
0.017129367
0.026924029
-0.043061436
-0.027134127
-0.045019101
-0.028511113
-0.043650665
-0.015360857
-0.044899229
-0.017284153
0.028058302
0.019196663
0.020284508
0.027982123
-0.063543934
-0.02864216
-0.064638747
-0.028452023
-0.059243056
-0.017083421
-0.061020666
-0.015826662
0.041517385
0.035603632
0.035528972
0.04237782
-0.074467324
-0.055402333
-0.082058647
-0.055116883
-0.072230992
-0.046514753
-0.080176872
-0.045537285
0.047454079
0.041242101
0.040895666
0.047655533
-0.084941067
-0.049726705
-0.083489693
-0.053632143
-0.083700902
-0.040396887
-0.082992668
-0.042959959
0.048515933
0.040951503
0.041395723
0.04989939
-0.089086772
-0.057855192
-0.088995686
-0.06158412
-0.088222965
-0.045967434
-0.088807809
-0.04871624
0.056946058
0.0540562
0.056239298
0.059739742
-0.068889073
-0.03159419
-0.078886481
-0.029151028
-0.063633507
-0.01737691
-0.07273128
-0.014784762
0.039562067
0.041074096
0.043476051
0.041331213
-0.067519351
-0.035349279
-0.075576997
-0.033703594
-0.06048853
-0.021994205
-0.068280244
-0.0198503
0.041468582
0.0404316
0.043012409
0.044122419
-0.079769293
-0.028648001
-0.080077197
-0.029551193
-0.073038626
-0.014457774
-0.074532068
-0.013591005
0.047617809
0.045570656
0.04792542
0.051615516
-0.084729841
-0.031029926
-0.086093015
-0.032577396
-0.078553352
-0.013403048
-0.080704731
-0.013656453
0.045645508
0.047615949
0.053041356
0.052025875
-0.05214365
-0.059043287
-0.055623242
-0.054890092
-0.050389912
-0.057363819
-0.054420933
-0.052795246
0.0033031321
-0.0053565866
-0.0044833976
0.0047205263
-0.057287104
-0.060080792
-0.056540276
-0.056490987
-0.05671849
-0.057178713
-0.056598691
-0.053285446
0.0073892685
-0.0024022679
0.00071301604
0.011134064
-0.052948747
-0.056301333
-0.047976467
-0.058471652
-0.053980025
-0.053004701
-0.048496845
-0.055478562
0.028808442
0.018101751
0.022110248
0.032550592
-0.062921545
-0.048872917
-0.059537372
-0.051919211
-0.064261246
-0.043826311
-0.060534795
-0.046506016
0.02553929
0.013752168
0.014747761
0.026677661
-0.048949127
-0.05363751
-0.052878115
-0.049207295
-0.047854318
-0.048087759
-0.051098006
-0.044254236
0.002991078
-0.005911169
-0.0052870686
0.0037320363
-0.05519744
-0.052355388
-0.055234466
-0.048362605
-0.05287522
-0.045853874
-0.05261555
-0.041934035
0.0057460203
-0.0035371174
-0.00073853814
0.009007716
-0.054788541
-0.047959795
-0.048776002
-0.050522495
-0.055343934
-0.041333182
-0.048868116
-0.043696582
0.02897664
0.017024793
0.020568862
0.03241934
-0.047071355
-0.040945841
-0.049224061
-0.037988274
-0.04648327
-0.032390985
-0.047394695
-0.030357555
0.010340111
0.0019341109
0.0018149858
0.0099169112
-0.050050407
-0.037889402
-0.049143952
-0.034151359
-0.04710527
-0.028614945
-0.045390111
-0.025077974
0.010380683
0.0022789357
0.0034431828
0.011929841
-0.055607927
-0.033231255
-0.048818201
-0.03506256
-0.055495606
-0.023680128
-0.048608495
-0.024642836
0.03359147
0.021343901
0.023396012
0.036011392
-0.063387561
-0.01992406
-0.060031328
-0.019586869
-0.060548705
-0.0082478329
-0.05794589
-0.0064530312
0.042720199
0.034669257
0.033545153
0.042946894
-0.045884596
-0.022483431
-0.045692919
-0.021186583
-0.04497303
-0.011089363
-0.044043241
-0.01016956
0.026923976
0.020355287
0.019560834
0.025317856
-0.04442387
-0.018091943
-0.041998743
-0.014678953
-0.042206065
-0.0062924773
-0.039468708
-0.0028206058
0.023703872
0.018194701
0.016649932
0.022638283
-0.054845667
-0.012625559
-0.048121394
-0.012430231
-0.05338916
5.0930455e-05
-0.047100303
0.0015768117
0.043485123
0.032731178
0.032730991
0.044666233
0.00065379328
-0.0061603759
-0.01069484
-0.011191901
-0.0025269258
0.010797917
-0.013452367
0.0054686565
0.021574844
0.0068863179
0.010732831
0.024348545
-0.021220322
-0.0051999462
-0.029906559
-0.009806539
-0.022866952
0.010507393
-0.030868453
0.005986052
0.026431656
0.014975532
0.019089621
0.02885499
-0.025282725
-0.012810878
-0.034532961
-0.014168374
-0.026816166
0.0027355961
-0.036172175
0.00096149367
0.048692066
0.038068751
0.03925213
0.049159315
-0.0030897709
0.018999342
-0.016460399
0.014302767
-0.0034155226
0.037951716
-0.016954788
0.033611701
0.043730854
0.031626685
0.037592636
0.049136497
-0.0056608789
0.028395447
-0.017220047
0.024307028
-0.0085730746
0.044577895
-0.021043749
0.042168982
0.018438372
0.0052562157
0.011146664
0.024543667
-0.026550958
0.026831083
-0.034446988
0.023133481
-0.030896873
0.042237599
-0.039167566
0.039636931
0.029798205
0.016378405
0.020651953
0.034173336
-0.02774519
0.020139939
-0.037073341
0.018146469
-0.028242743
0.037132913
-0.037474175
0.035054258
0.053683126
0.042625128
0.046869972
0.057564602
-0.051457834
-0.0065851678
-0.0584587
-0.0042874862
-0.0511223
0.0095656069
-0.057229167
0.010832108
0.065532327
0.059675023
0.063328437
0.068806713
-0.063514268
0.0020925474
-0.066213072
0.0045788883
-0.060854562
0.018275735
-0.061974109
0.01916167
0.072206599
0.06746568
0.070953583
0.074770774
-0.069699909
0.0063698462
-0.072572708
0.0073900914
-0.064405825
0.018754484
-0.065065269
0.017297326
0.071860115
0.073625418
0.074783934
0.071259227
-0.049179546
0.024851184
-0.055048268
0.024521623
-0.042820591
0.036644005
-0.048412425
0.035497303
0.069323218
0.072175956
0.0732345
0.070022545
-0.048201265
0.02462157
-0.053702863
0.024917437
-0.043988104
0.03803846
-0.049192329
0.037557125
0.071892244
0.068077362
0.069985371
0.073371663
-0.056558893
0.031257388
-0.056958966
0.031098688
-0.051856833
0.041664037
-0.052237344
0.040991379
0.073898196
0.070831718
0.070439948
0.073318281
-0.057679264
0.029439224
-0.057373417
0.026681471
-0.050853382
0.038885514
-0.050526269
0.035769566
0.070015663
0.073470243
0.07276513
0.069222356
0.0038767194
0.014873752
0.0036403927
0.013842281
0.0079958909
0.025849136
0.0085733115
0.011670462
0.022931065
0.013195864
0.0081898265
0.015001697
-0.049603612
-0.04795213
-0.05419827
-0.054710287
0.0016272304
0.012112172
-0.045871055
-0.052370183
0.01903676
0.020830369
0.020354688
-0.056446952
-0.057516329
0.022737149
-0.056722944
0.052433642
0.050211719
0.048143068
0.04825335
0.0061464374
0.046674482
0.0055360546
0.019119255
0.047209811
0.017039949
0.0047458381
0.014440505
-0.053081055
-0.053993188
-0.052163723
-0.05260892
0.046168397
0.047502786
-0.053660898
-0.050792804
0.030751212
0.047829607
0.02807608
-0.047794378
-0.050359564
0.024707013
-0.052278656
-0.007084808
0.016642296
-0.0049123163
0.019529408
0.066916606
0.036496843
0.060000104
0.067327756
0.040483306
0.059601398
0.053760671
0.052384378
-0.073642147
-0.070669239
-0.069218374
-0.073122776
-0.0024007849
0.021936978
-0.065005425
-0.062663631
0.064921022
0.043403547
0.056735821
-0.059805146
-0.067549103
0.048923152
-0.072625426
0.066505237
0.061017421
0.071803754
0.064714782
0.067351816
0.054143766
0.072441819
0.066479742
0.055954928
0.073032386
0.076910679
0.079050759
-0.064239354
-0.056974766
-0.056023893
-0.062205655
0.076497039
0.068208883
-0.047374987
-0.0474868
0.06306297
0.057950365
0.070613762
-0.048432309
-0.055660844
0.077766097
-0.060481145
0.0060713995
0.021954506
-0.0015232512
0.017213067
0.015886804
0.035003079
0.012483635
0.0022782956
0.032396139
-0.00093619727
0.0077882891
-0.005668349
-0.065433505
-0.066010656
-0.066339743
-0.064772939
-0.0071589467
0.012198152
-0.062989632
-0.064429406
-0.014303609
0.028031934
-0.01646298
-0.065964516
-0.067544796
-0.02011518
-0.065804499
0.012909084
0.022958739
0.0032560792
0.017506977
0.003491154
0.033957586
0.004096267
0.013775426
0.031126546
0.012231112
0.0053159018
0.011106658
-0.040412134
-0.036313898
-0.037795636
-0.044316886
-0.003678132
0.012746049
-0.030334989
-0.029399334
0.026457906
0.027950385
0.023717101
-0.030473831
-0.040166344
0.020941286
-0.047835378
0.054026357
0.061332353
0.052793897
0.05966311
0.0053085415
0.066126755
0.0059650253
0.015581545
0.063615939
0.017830554
0.0063024769
0.01917324
-0.052725105
-0.045250442
-0.046975836
-0.053660834
0.050823013
0.057583563
-0.035436837
-0.037947672
0.025784233
0.061205344
0.028752455
-0.039774331
-0.047702549
0.03057142
-0.053427344
0.043301911
0.048776652
0.03670009
0.041376519
0.0065283996
0.051987978
0.0064156282
0.01935475
0.044755492
0.018416732
0.0060387027
0.017004927
-0.056375468
-0.059062453
-0.058417969
-0.055463287
0.033394999
0.037793154
-0.05955967
-0.059289747
0.03083714
0.041295349
0.029602342
-0.058099931
-0.057247172
0.027801779
-0.054532944
-0.0045172873
0.0096977902
-0.0070377986
0.0099690055
0.039054128
0.021098563
0.037953583
0.049011059
0.023654571
0.046277854
0.038360887
0.044918243
-0.070853083
-0.068521812
-0.070095351
-0.074145461
-0.0083987566
0.01139572
-0.063675734
-0.063822052
0.057443415
0.027452983
0.053100227
-0.062303271
-0.070068975
0.04989863
-0.075796014
-0.01113355
0.0065545345
-0.012095485
0.0054239828
0.05282058
0.022603412
0.050008046
0.064100652
0.021134363
0.062013316
0.045758263
0.057719343
-0.047568856
-0.037185613
-0.036263853
-0.04646658
-0.011456544
0.0055986758
-0.026013208
-0.025572576
0.072986382
0.020677
0.071848018
-0.023639756
-0.033489093
0.067791092
-0.043450345
0.046007458
0.05281892
0.043906171
0.050665513
0.043838144
0.05662512
0.046443986
0.050872281
0.054687319
0.052856281
0.048425872
0.054798363
-0.036354993
-0.026858622
-0.024378331
-0.033645151
0.042396004
0.048997219
-0.018438208
-0.016298022
0.05621552
0.053180029
0.057549378
-0.0148857
-0.022864505
0.059467371
-0.031885541
0.036110265
0.040704638
0.041208472
0.046079971
0.049828204
0.04402036
0.049319915
0.057244953
0.04911381
0.057544415
0.048257672
0.057324668
-0.074594856
-0.066661201
-0.063964377
-0.072186071
0.047849702
0.053079888
-0.057000636
-0.054165985
0.063112508
0.055799799
0.064323559
-0.051609198
-0.061012263
0.065036791
-0.068962846
0.06777346
0.064967688
0.063401794
0.059924508
0.0030904024
0.060201606
0.005243139
0.016708439
0.054769446
0.019160428
0.0062416027
0.020374912
-0.049568445
-0.0456773
-0.043037165
-0.046260929
0.06031195
0.056690342
-0.040213546
-0.03864119
0.028658391
0.051567632
0.031075187
-0.03598262
-0.039588955
0.032383917
-0.042404364
0.035945219
0.028446841
0.040520482
0.033831988
0.0011501243
0.018934466
-0.0014915909
0.0099546774
0.023852183
0.007767954
-0.0043621285
0.0058165969
-0.051900667
-0.047354304
-0.046480353
-0.051858126
0.043548551
0.037445072
-0.042482443
-0.040751749
0.020125453
0.027348428
0.018232943
-0.040039942
-0.046345467
0.01680608
-0.052085456
0.048115843
0.049137093
0.051447002
0.05126413
0.049736688
0.049310105
0.048123805
0.056906314
0.050213946
0.056679436
0.045740537
0.055702838
-0.061426506
-0.055380949
-0.053146417
-0.057806998
0.055890645
0.054072523
-0.047975674
-0.047079231
0.06235259
0.051288354
0.063844317
-0.046846078
-0.051541368
0.064618699
-0.054729889
0.056913637
0.054266514
0.056151138
0.054314664
0.046341522
0.050226583
0.048021968
0.051792408
0.051078898
0.052964714
0.049569454
0.054748579
-0.031276155
-0.022801985
-0.024032401
-0.032229104
0.055785006
0.054748479
-0.014578872
-0.015589922
0.05498168
0.052298095
0.055663823
-0.017185125
-0.0258606
0.05775969
-0.033809029
0.045228144
0.039418062
0.044240914
0.038093916
0.041403407
0.029745853
0.039595426
0.050773013
0.028746906
0.048875753
0.038249329
0.047318174
-0.051378779
-0.050742682
-0.051740911
-0.051620078
0.04243353
0.035642876
-0.048307506
-0.049894227
0.058177102
0.026555913
0.056243176
-0.051938535
-0.053770853
0.054510078
-0.053440871
-0.0065381722
0.0090428235
-0.0030948145
0.011623345
0.081759824
0.022480016
0.082517702
0.081312285
0.0242605
0.082809135
0.079338022
0.080141056
-0.046635189
-0.034837052
-0.032524245
-0.043739009
0.00032738613
0.014209986
-0.02228679
-0.020871351
0.07773289
0.026168944
0.079782095
-0.017768126
-0.028660768
0.077653108
-0.039616731
0.041611537
0.04765829
0.04224032
0.047985604
0.061330852
0.051844869
0.061775727
0.061036607
0.052028055
0.061346928
0.063717456
0.063274185
-0.031032896
-0.019997596
-0.016486579
-0.027703495
0.043282301
0.048778985
-0.0099354483
-0.006478244
0.05887084
0.052629372
0.059234946
-0.0039011428
-0.014022121
0.06106392
-0.025422613
0.062384201
0.068609132
0.06866165
0.075525388
0.069423768
0.070952254
0.072153292
0.069432119
0.077937058
0.072511116
0.074344942
0.07499939
-0.07111241
-0.063819166
-0.061898942
-0.069869019
0.073383909
0.080942463
-0.053913369
-0.051404587
0.067069693
0.083628277
0.070119916
-0.049411292
-0.06004657
0.07253228
-0.068251726
0.0016809416
0.024140802
0.002799464
0.023909748
0.053160042
0.045004267
0.04509124
0.044838568
0.043708919
0.037340069
0.037046747
0.02957248
-0.057930164
-0.056065727
-0.051484967
-0.053482999
0.0035109282
0.023148273
-0.052443392
-0.047800662
0.035596171
0.041346714
0.029032486
-0.045172092
-0.04829138
0.021817539
-0.049830944
0.005116767
0.017741193
0.0057598426
0.018043459
0.062271375
0.028869812
0.064993503
0.051167602
0.029002634
0.054133634
0.064120789
0.054033217
-0.040590098
-0.03260746
-0.028606141
-0.036235974
0.0050975144
0.017149105
-0.023337544
-0.019727523
0.038454849
0.028008469
0.041685901
-0.018810667
-0.027577044
0.04245134
-0.034806027
0.045260622
0.050537189
0.04541742
0.050718986
0.049055302
0.054054702
0.049808588
0.041394155
0.054171547
0.042297668
0.051011887
0.042937882
-0.035484735
-0.028458831
-0.028662228
-0.03603493
0.04451424
0.049886548
-0.019674251
-0.019855473
0.031791294
0.053358078
0.032698182
-0.01945474
-0.028311662
0.032642442
-0.03631817
0.076469084
0.085270158
0.074439964
0.083557791
0.054678331
0.088994342
0.056540192
0.04455441
0.087896542
0.045394966
0.057821842
0.045819065
-0.047023857
-0.046687221
-0.048227925
-0.048420583
0.070044315
0.079095405
-0.0445872
-0.045979195
0.031902275
0.083970796
0.031605891
-0.048116072
-0.05106524
0.031154496
-0.051610723
0.055792857
0.055790219
0.056001257
0.056087697
0.05509222
0.054364107
0.055044835
0.05239917
0.054757289
0.052136559
0.05779626
0.055079209
-0.024453457
-0.012864232
-0.014280698
-0.025828019
0.056243288
0.056136412
-0.0022879797
-0.0034508185
0.048149926
0.054618997
0.047735515
-0.0059230089
-0.017003406
0.050661338
-0.028413622
0.056403889
0.055417025
0.056008254
0.054607999
0.035576306
0.053003444
0.034784011
0.027336822
0.051756376
0.026162879
0.036762515
0.027147911
-0.036466148
-0.026617955
-0.025995859
-0.036857568
0.054994518
0.053391661
-0.01737787
-0.01633526
0.017670544
0.050316421
0.015909979
-0.01580859
-0.026059734
0.01559907
-0.037851132
0.0015120407
0.012218923
0.0033442318
0.014521286
0.010548963
0.022367745
0.014506025
-0.0055131242
0.024435665
-0.00084434917
0.016952288
0.0023226081
-0.046274178
-0.033697658
-0.038301068
-0.049935207
0.0050717001
0.01699991
-0.019721805
-0.025017032
-0.02354785
0.027018367
-0.019143471
-0.029360206
-0.041753242
-0.015761108
-0.052599378
0.054926306
0.062186485
0.053458577
0.059698488
-5.916143e-05
0.067409251
-0.0022893613
-0.01514213
0.063173258
-0.015511972
-0.0040547543
-0.015199049
-0.069576197
-0.071481356
-0.073236521
-0.070858352
0.049140293
0.054722961
-0.070295685
-0.072537449
-0.028213978
0.057297477
-0.027331796
-0.074170928
-0.074205069
-0.02572477
-0.071102945
0.0098162077
0.019633005
0.003357458
0.015600591
0.03009071
0.0067676165
0.02678157
0.01089163
-0.043427495
-0.049122504
-0.0025030826
0.011867404
0.024022573
0.019219892
-0.053267089
0.039914199
0.03627889
0.0057955878
0.048191406
0.0058663329
0.015723807
0.043762043
0.015739617
0.0058260614
0.015719733
-0.056032769
-0.058705915
0.033706523
-0.050720123
0.026382839
0.040977681
0.026234436
-0.057509821
0.026064873
0.035562014
0.030578759
0.0054707984
0.015625916
0.0046259635
0.015358583
-0.05890834
-0.056976389
0.02784096
0.025937604
0.025827014
-0.00137513
0.010527553
0.028635768
0.020134017
0.028974467
0.030754633
-0.061014498
-0.059597909
-0.063074022
-0.065362509
-0.056461663
-0.058996148
-0.059529868
-0.064387317
-0.067469275
-0.0074509277
0.009008509
0.033032577
0.022413068
0.030045405
-0.051760559
-0.053335599
-0.011090756
0.0074390365
-0.045638197
-0.04628039
0.022282757
0.041778835
-0.045692815
-0.053207822
0.032688013
0.037006579
0.040126994
0.036654677
0.036273924
-0.052208462
-0.058873545
0.033404367
-0.044578453
0.046939983
0.041223445
0.046396725
-0.043349407
-0.050838889
0.045803289
-0.057551925
0.027594792
0.03331152
0.035981333
0.035802773
-0.064232441
-0.067884861
0.029753902
0.045299876
-0.063112589
0.044944132
-0.067070184
0.059007748
0.056472689
0.054014908
0.052511194
0.052387158
0.0064485519
0.049704083
0.020318168
-0.052185328
-0.048792165
0.051220229
0.050327599
0.048290909
0.032274399
-0.045076621
0.047020538
0.045622524
0.0054529991
0.0405288
0.0049248909
0.017854617
0.040150033
0.016760646
0.03271232
0.0036505105
0.014859276
-0.041386409
-0.044929304
0.045008439
-0.038365253
0.029367499
0.040190608
0.027997726
-0.034538496
-0.0380939
0.025850038
0.041935048
0.044771017
0.0019171955
0.012400728
-1.2472857e-06
0.009713909
-0.048708315
-0.052051322
0.046723101
0.023117806
0.020132861
0.046251941
0.04783915
0.040982971
0.048526398
0.038502635
0.035260105
-0.058190772
-0.054973291
-0.05298749
-0.055822513
-0.050597174
-0.049045646
-0.047727575
-0.051307068
-0.053788086
0.050285049
0.049593688
0.042127811
0.047858968
0.042256385
-0.045421209
-0.044324647
0.050884208
0.050006951
-0.039683394
-0.039021146
0.048143771
0.050239997
-0.038382563
-0.04336171
0.044923109
0.039583935
0.040404412
0.038255058
0.036022454
0.036243563
-0.042563379
-0.046720044
0.045135621
-0.037749594
0.04812714
0.040577114
0.047149857
-0.03710655
-0.041964397
0.045633533
-0.046100062
0.047841334
0.045073529
0.033669189
0.030820776
-0.050051587
-0.052246304
0.048226836
0.043608387
-0.049335567
0.041282996
-0.051348473
-0.0087313775
0.014742857
-0.0049423801
0.018303919
0.034027946
0.073709911
0.03780378
0.074561614
-0.056874605
-0.053978765
-0.00097969681
0.021489776
0.04080513
0.07230697
-0.050221975
0.048422512
0.052605454
0.070778923
0.058055662
0.069791927
0.071416984
0.062607213
0.070339978
0.068387168
0.068649267
-0.046259549
-0.056786992
0.055795974
-0.035153084
0.069673738
0.066115839
0.068491176
-0.042613007
0.066470521
0.051774741
0.05699322
0.066779506
0.066604702
0.065161058
0.06446857
-0.065726087
-0.072000864
0.060790864
0.063922405
0.061188907
-8.1367799e-05
0.023518637
0.060036495
0.044942191
0.05173963
0.04366944
-0.066562401
-0.064364478
-0.061477497
-0.064062152
-0.059884856
-0.056495958
-0.053679689
-0.059167111
-0.062196805
0.002524719
0.023810493
0.072167094
0.042581085
0.067265342
-0.053251644
-0.049484589
0.0050903737
0.024931559
-0.044664672
-0.040862079
0.042831734
0.059902815
-0.037596323
-0.046302351
0.057528135
0.065532457
0.068091796
0.064233034
0.061868356
-0.043694782
-0.051509833
0.057472851
-0.034758398
0.059024535
0.068158896
0.057614926
-0.032312505
-0.041650571
0.054944798
-0.049999391
0.062789493
0.076081535
0.058798732
0.055443619
-0.057537666
-0.061057371
0.062819594
0.051416156
-0.056603251
0.047509109
-0.060638321
0.062209048
0.058021919
0.06566253
0.060532724
0.05268029
0.062216187
0.054112015
0.060191605
-0.036245316
-0.037178166
0.068721329
0.062850688
0.055529913
0.056083846
-0.039156692
0.046368414
0.046707853
0.060152634
0.039087029
0.062476675
0.057046688
0.038483867
0.06016498
0.03710934
0.045384483
-0.038045256
0.065212107
-0.036753529
0.064010159
0.051312768
-0.042138069
-0.050242687
0.047179388
-0.032127956
0.051609267
0.03811467
0.055277606
-0.036811311
-0.046020319
-0.036015376
0.059998286
-0.052906382
0.04635197
0.04623197
0.037975999
0.067913021
0.036166849
0.068024759
0.054767091
-0.03852024
0.070245128
-0.036488736
0.071727076
0.055867581
-0.05602492
-0.059334824
0.046625717
0.035093249
0.065133298
-0.05722567
-0.035257809
0.070072935
-0.059018064
0.080145709
0.071190583
0.05690224
0.05997682
0.064862279
0.072622789
-0.084140522
-0.057332871
-0.07525107
-0.064482529
-0.063808288
-0.058270157
-0.059524142
-0.064995367
0.082337251
-0.050067117
0.073321529
-0.049892852
-0.051174415
0.047852688
0.061785785
0.0555707
-0.052939228
-0.06095071
-0.06336303
0.063355031
-0.066060994
0.071068843
0.064768508
0.044568561
0.05684643
0.049815202
-0.078321411
-0.043807532
-0.070201585
-0.03944403
-0.040607456
0.072394058
0.066055228
-0.027885519
-0.028755355
0.057916605
0.041297631
-0.030660642
-0.042557334
-0.0599692
0.047812702
0.0440299
0.038106976
0.047910328
0.036907644
0.047093917
-0.035974654
0.053157534
0.055045989
-0.039367106
-0.048481549
-0.045611765
-0.045305461
-0.055168932
0.048543401
-0.033649292
0.034523038
0.038460588
0.03822099
-0.03767858
-0.048803331
-0.036576232
0.043565384
-0.057821344
0.047541787
0.034910158
0.059099464
0.06037039
-0.034982734
0.065030619
0.062988929
-0.053015545
-0.049708816
-0.060607993
-0.062509018
-0.066944203
0.048823203
0.035545313
0.04990631
-0.0641731
-0.035601858
0.056483621
-0.067640511
0.0051944864
0.017768762
0.0022941129
0.016916876
0.028956312
0.017452527
0.029326221
0.0034287046
-0.056295865
-0.058874299
0.00011553162
0.015512702
0.028359044
-0.014047323
-0.060895839
0.038710209
0.039583887
0.01136435
0.046986133
0.010359365
-0.0045520987
0.047728254
-0.0051054086
0.051486865
0.0083729781
-0.0063930544
-0.063169944
-0.067965347
0.038675248
-0.055278339
-0.020993875
0.046565802
-0.020955429
-0.058229818
-0.065809054
-0.021357857
0.045877201
0.044401417
0.0057703766
-0.0081723084
0.0028914631
-0.010227743
-0.069410839
-0.067678045
0.0403081
-0.022104722
-0.023122753
-0.010594543
0.0078342317
-0.030893111
0.023125437
-0.031630146
-0.033715874
0.016337099
0.043218223
-0.0012206221
0.044097412
-0.068776338
-0.066144373
-0.067137789
-0.067665505
-0.011756456
0.043942236
0.0047453791
-0.060587292
-0.063544616
-0.045128103
0.018676043
-0.044437705
-0.066499375
-0.068545119
-0.016128887
-0.044918519
-0.06746735
-0.00098237923
0.01413663
-0.033951887
0.026736574
-0.031699559
0.0064139462
0.046252693
-0.0088346189
-0.052392051
-0.056898538
-0.00085415749
0.049749038
0.013159768
-0.042045167
-0.047514457
-0.049647087
0.024988294
-0.046950231
-0.052557993
-0.061120874
-0.021691591
0.036787503
-0.036494665
0.044402956
-0.035860419
0.060732341
-0.035387454
0.047848488
-0.031936433
0.046389467
-0.064657972
-0.069065682
0.049745013
0.034562936
-0.056756238
-0.049820588
0.041956119
-0.048695032
-0.05981162
-0.067208021
-0.039584812
-0.047509926
-0.070939931
0.03500094
0.04347841
-0.035116388
-0.035107617
0.04554623
-0.027958652
0.045411948
-0.06998042
-0.067776248
0.029699272
0.037775439
-0.046409788
-0.071126232
-0.036605809
-0.045557424
-0.068243429
0.010357774
6.5777655e-05
0.021775879
0.0037732552
-0.014277856
0.017025214
0.0059882708
0.0037896494
0.0047069394
0.034072414
0.0037104622
0.014245764
0.031188562
0.014826444
0.0051023099
-0.02144524
-0.019006179
0.0010933051
-0.026917068
0.012637582
-0.0084696248
-0.0066081236
0.024600753
0.026862532
0.027457346
-0.0070689283
-0.019204536
-0.0065173165
0.045943571
-0.013237811
0.04481814
0.0085259583
0.0061671656
0.056353434
0.0061097664
0.011643746
0.056629215
0.014028418
0.013032744
0.0059093854
0.015164773
-0.021133026
-0.03273394
-0.022160177
0.041335407
-0.0090812157
0.019881221
0.054152838
0.023780666
-0.01201727
-0.024000925
0.025647197
0.044654063
0.043138927
0.0057842776
0.015603291
-0.04283265
0.040859883
0.026313412
-0.0083856358
0.0090267196
0.039922109
0.024967795
0.036819759
-0.038194936
-0.037995872
-0.029457199
-0.028623333
-0.027938943
-0.037211321
0.00050918022
-0.037397612
0.0087200447
0.0087654971
0.0075981626
0.034680622
0.02156082
0.040115467
0.0078298242
-0.019349875
-0.018287167
0.00085669997
-0.045613123
0.0053273239
-0.0076733079
-0.0072116407
0.043710202
0.015792204
0.051718953
-0.0074748899
-0.017997713
-0.031998628
0.035751489
0.0090302225
0.029689853
0.048876027
0.034273873
0.010805283
0.036401641
-0.018076451
-0.027398905
-0.041679376
0.028658041
-0.0081810998
0.039922358
0.041332131
0.044526071
-0.0090629838
-0.018347885
0.046599442
-0.027033545
0.038302352
0.048431773
0.037073959
-0.03625056
0.035924409
0.047162418
-0.035362772
-0.0044060759
0.064540243
-0.0098862798
0.065606595
0.017824733
0.0018983344
0.070014459
0.004068114
0.0083634907
0.071114357
0.012423353
0.022250625
-0.02711423
-0.01810045
0.063923118
-0.015318789
0.017134751
0.069839073
0.021820638
-0.018466979
-0.029885372
0.00080112956
0.072545936
-0.007395409
0.07293022
0.025770195
-0.0032622631
0.072138918
0.0011188548
0.0071819875
0.071218283
0.01197344
0.027952079
0.0039376804
0.016042104
-0.031853505
-0.040585729
-0.017211116
0.071680403
-0.020986488
0.018409223
0.069735215
0.022619285
-0.022470879
-0.032696933
0.026981384
0.068247139
0.064765236
0.0056108593
0.019064068
0.0065190713
0.020851075
-0.047273377
-0.052027183
0.061974944
0.030558365
0.032779804
0.055217564
0.03535754
0.058845743
0.038366766
0.040344543
-0.034656787
-0.042210709
-0.026835317
-0.026763172
-0.034143592
-0.041231902
-0.028109262
0.059241771
0.01277857
0.027564217
0.065892915
0.031602076
0.014594791
-0.018680996
-0.038818519
0.051996619
-0.0098865862
0.038671708
0.059593541
0.041040257
-0.01046964
-0.018979907
-0.028245058
0.068560643
0.015936335
0.030167463
0.067533027
0.032699373
0.016544358
0.036405273
-0.019175315
-0.026755076
-0.039651774
0.06374253
-0.010691267
0.041746719
0.064586188
0.04174352
-0.010489242
-0.019210407
0.044074078
-0.026736057
0.059694959
0.058232164
0.039899001
0.042318925
-0.033775731
-0.040404148
0.057839283
0.047053869
-0.033478214
0.049578853
0.054365149
0.0491514
0.058191289
0.0064756092
0.052533444
0.019651465
-0.057764544
0.046071167
0.049289172
0.031229137
-0.056875171
0.059676845
0.054085459
0.0069574752
0.021372674
0.0071156714
0.020745168
-0.054958171
-0.056164196
0.050925687
0.033422784
0.032549994
0.053117848
0.046980209
0.0070792772
0.019203326
0.0068474126
0.017064548
-0.055727645
-0.053722444
0.044070313
0.030442602
0.027541627
0.037726803
0.041000167
0.041213322
0.039938483
0.038297213
-0.06138991
-0.06540317
-0.055894475
-0.054103945
-0.059329578
-0.06319663
0.045179147
0.048308188
0.041199284
-0.049377113
0.046336557
0.049339263
0.049565812
-0.047958121
0.049912359
0.043261056
0.042683241
-0.046634632
-0.052308296
0.050732908
0.051044212
0.051242409
0.044021198
0.040815942
0.038091426
-0.057135241
-0.060715872
0.04642075
0.050269422
0.04844932
-0.013080472
0.0073690493
0.023681245
0.053010457
-0.056565137
-0.05579428
-0.013251708
0.0087698351
0.026401341
0.062584535
-0.053219555
0.03575154
0.055648907
0.044039852
0.054950755
0.054163206
-0.049911246
-0.059844702
0.039389919
-0.039790445
0.062716476
0.048158656
0.061901937
-0.046613195
0.060930221
0.033927679
0.053436258
0.052849288
-0.068805649
-0.075883939
0.039495504
0.059961905
0.059099982
-0.0083769136
0.013760043
0.063568652
0.031946778
0.057797168
0.052918508
-0.075587071
-0.072500901
-0.072479256
-0.077142029
-0.066590168
-0.065265374
-0.062725625
-0.071496174
-0.077842818
-0.011686633
0.011378231
0.075160482
0.030031022
0.069654997
-0.058143553
-0.056082982
-0.047615712
-0.045528386
-0.041437613
-0.052428729
0.043812719
0.067832385
0.05303403
0.066927584
0.065758189
-0.048174616
-0.059520156
-0.03668307
-0.032251719
-0.04409006
-0.056135149
0.045704671
0.055189987
0.064505308
0.063307681
-0.069690016
-0.077541688
-0.067262851
-0.076205458
0.0014729306
-0.051672418
0.0025163743
0.0058931885
0.0059060685
0.051183118
0.010103516
0.061479508
0.0061942102
-0.014712692
-0.014738545
0.0020311666
-0.055795954
0.00036448315
-0.0039528056
-0.0041021347
0.056807655
0.0050542969
0.068865204
-0.0042553141
-0.013966993
-0.050328912
0.020889658
0.0065158068
0.049506359
0.03247096
0.053697636
0.0066693281
0.055561325
-0.012610823
-0.02103883
-0.057270654
0.013404901
-0.0041744916
0.057499247
0.023473229
0.061115979
-0.0036996596
-0.010964508
0.062766076
0.034086912
0.055995215
-0.030067066
0.033015064
0.063126798
-0.0094807531
0.0069044652
0.078963781
0.021187457
0.078817824
-0.035654743
-0.034179388
-0.023123719
-0.022570624
-0.019798025
-0.030421663
0.0023927629
-0.058239516
-0.0010469473
0.0022091559
0.0021581791
0.060450398
0.0011661083
0.073564357
0.0019709313
-0.011106069
-0.011174854
0.0024953132
-0.059237366
-0.001657251
-0.000877948
-0.0003561468
0.062080969
-0.0011434081
0.075448577
0.00033853581
-0.0096516483
-0.062023712
0.0071519883
0.0014221748
0.06315156
0.01555343
0.066289879
0.00039256335
0.067845758
-0.0071670892
-0.016013708
-0.06429641
0.0029266318
0.0013990898
0.065960293
0.0097626431
0.068912309
0.0028992429
-0.0042743663
0.070571109
-0.012157144
0.032783842
0.041625597
0.068237832
-0.025826395
0.033322972
0.071117589
-0.021460501
-0.049074438
0.043104112
0.0065335635
0.049310934
0.051688894
0.049436153
0.006086686
-0.0093181146
-0.057781177
0.033755563
-0.002798928
0.058342716
0.043176662
0.056191035
-0.0015810579
-0.0079317223
-0.050366963
0.057687388
0.0053981961
0.052231016
0.060982311
0.049288449
0.0045952169
0.049856227
-0.0070127585
-0.014313899
-0.05931432
0.051034868
-0.00026775895
0.060703694
0.056903352
0.054947045
0.00086774956
-0.0066953837
0.053715582
0.056383107
0.052098209
0.054721125
-0.022363763
-0.031118331
0.055333821
0.055175854
0.057924947
0.047975591
0.059722727
0.052216315
0.060516687
0.062441174
-0.017993984
-0.028744461
-0.0088922667
-0.0066326951
-0.015775198
-0.026459095
-0.064022471
0.025206014
-0.0010797305
0.064796304
0.03512793
0.060853977
-0.0027947543
-0.001478218
-0.067163482
0.018568442
0.0047492914
0.067997071
0.02851794
0.063145503
0.006699864
0.00079414882
-0.065579279
0.044496123
-0.0044332681
0.066403271
0.052601067
0.058449116
-0.0056360799
0.055694154
0.0022164138
-0.0055911971
-0.068537039
0.038749773
0.008391873
0.068830054
0.048365632
0.059661641
0.0094418708
0.0025782024
0.055890125
-0.0058320811
0.054704907
0.055695644
0.056465721
0.059360395
-0.014929612
-0.025493245
0.054491634
0.056150225
-0.015443274
0.059165939
-0.025825831
0.049234266
0.052034209
0.056322078
-0.043780273
0.053427521
0.055962923
0.061436046
-0.041650551
0.053038364
0.052697051
0.056911157
0.058251932
-0.040317365
-0.049507835
0.056444029
0.055403396
0.0609644
-0.03978377
0.063656368
0.050788514
0.058642929
0.058227507
-0.058071854
-0.065260235
0.056578921
0.065669024
0.0669184
0.060868107
0.067243939
0.063331497
0.069313129
0.070879041
-0.064438685
-0.073906899
-0.052938507
-0.050191559
-0.061451467
-0.070818803
0.058380064
0.060637029
0.064845779
-0.040670706
0.063509447
0.06553654
0.066461943
-0.038190838
0.060536655
0.058681699
0.063258415
0.067324761
-0.036775441
-0.048077835
0.064885468
0.06379424
-0.036457957
0.069064317
-0.046727447
0.063198653
0.061052196
0.070992071
0.0739283
-0.058540921
-0.06720217
0.070031165
0.074200934
-0.055947126
0.078628886
-0.063386558
0.0051864258
0.068995769
-0.0077778889
0.066457418
0.028491107
-0.00640337
0.063472402
-0.00064261086
0.0090868919
0.059339398
0.013229652
0.027234041
-0.032236722
-0.020626607
0.064664295
-0.022617309
0.023571385
0.057333003
0.025804922
-0.021260247
-0.03043232
0.0068585144
0.056029954
-0.010875695
0.050649714
0.024206589
-0.0065911189
0.047188102
-0.00069764326
0.01280402
0.041144046
0.015342839
0.019639352
0.027152145
-0.047830747
0.0030020649
-0.041247658
0.017128008
0.030164843
-0.02737006
-0.032452265
-0.026781764
0.048630649
-0.018398226
0.029666173
0.039294936
0.029610651
-0.014213255
-0.02324725
-0.03821659
0.029895033
-0.028327215
0.05388127
0.048339326
0.046376224
0.0049256424
0.04093437
0.01799009
0.031346933
-0.043661764
-0.040486535
-0.035650784
0.045315349
0.038144529
0.02994068
-0.031578842
-0.038878259
0.054933309
0.038603321
0.050217728
0.040730258
-0.033170672
-0.026622669
-0.02632456
-0.032779852
-0.033139767
0.063470078
0.016237261
0.036761299
0.057196312
0.036765644
0.014922164
-0.019025956
-0.044738484
0.062592211
-0.0098451166
0.048207727
0.058347329
0.045795426
-0.0087612558
-0.018548515
-0.040449309
0.049494243
0.012598937
0.043484822
0.040912362
0.041597508
0.0093610681
0.019616377
-0.038167011
0.040804077
0.026537667
-0.017684222
-0.025742258
-0.051563889
0.052364887
-0.0072367909
0.054089435
0.044907862
0.050978079
-0.0052510715
-0.016316356
-0.040273815
0.049484071
-0.024759389
0.044382548
0.037525546
0.040323296
0.031645976
-0.038462956
-0.032240228
0.044975946
0.038478003
0.048758587
-0.031480439
-0.038838578
-0.0049216424
0.03289611
-0.016060035
0.032978193
0.028455618
0.0043563832
0.023890235
0.0031965185
0.014156193
0.023566543
0.012159477
0.02576075
-0.035559086
-0.027184047
0.03331253
-0.031290953
0.024944311
0.02358305
0.022411161
-0.028880728
-0.034076784
-0.003817244
0.013038931
-0.012434438
0.011131811
0.024889056
0.0033763323
-0.0003628442
0.0028161002
0.011119973
-0.0053973265
0.0095142635
0.025937243
0.034042208
0.0051899786
0.0016644278
0.008243933
0.0085779201
0.042249421
-0.033848989
-0.040679491
-0.023118182
0.009956072
-0.027382605
0.022338567
-0.0087187356
0.019988878
-0.026436985
-0.034773009
0.0094863125
0.018960098
-0.042894612
0.0066493924
0.0095487127
-0.0093581653
2.0205215e-05
-0.010262787
0.0084585887
0.049613607
0.01222316
-0.0019083723
0.011090734
0.0090380157
0.055045237
-0.047351652
-0.052966847
0.012086113
-0.0093592307
0.019427125
-0.050004919
0.0082510122
0.021039761
-0.05517682
0.039274677
0.03089293
0.029315158
0.029114839
0.027858722
-0.049275778
-0.051255719
-0.045935956
-0.046276715
-0.05000275
-0.052162911
-0.037752225
0.033648255
0.033979685
0.036021954
0.023704585
0.033223645
0.032184956
-0.041579104
-0.04717516
0.033770754
-0.036407846
0.046562995
0.023717402
0.04374629
-0.035530637
-0.041367514
-0.03500817
0.0093929844
0.030511609
0.035608041
-0.010413588
0.032661195
0.028502865
0.03710325
0.0092554633
0.031149028
0.045097683
-0.041187926
-0.047134925
-0.046958446
0.009221464
-0.034210156
0.049330984
-0.010747338
0.045854948
-0.031991023
-0.040762101
0.0080231192
0.043502468
-0.048478678
0.014051258
-0.007273532
0.031305086
0.051760458
0.0046191268
0.03270177
0.056280288
-0.051672225
-0.054325195
0.015217513
-0.004660961
0.042611675
-0.054480854
0.00098871005
0.04283618
-0.058078155
0.051292251
0.048920315
0.056222954
-0.03999695
0.053202089
0.050012439
0.060212416
-0.040866144
0.045464297
0.054668564
0.040554714
0.054314281
0.037764912
0.053604111
-0.042268588
-0.047268743
0.045794822
-0.035815811
0.058949146
0.040267105
0.059419417
-0.038009745
-0.044047333
0.059754028
0.048039929
0.052463427
0.050991095
-0.050704308
-0.052496637
0.047495974
0.059760036
0.059404013
0.057390932
0.065902123
0.052586449
0.069237532
0.07189591
-0.053900883
-0.059743813
-0.046229747
-0.046634867
-0.052610748
-0.056658053
0.05551349
0.058730092
0.051293902
0.06221305
-0.037214094
-0.027366021
-0.029972797
-0.038973999
0.046087267
0.060799347
0.039739711
0.062200276
0.037899353
0.063722272
-0.041619705
-0.047948828
-0.033452734
-0.037544192
-0.044975401
-0.050127855
0.046847305
0.040201547
0.065045528
0.065989122
-0.052249982
-0.054496103
-0.052947299
-0.053582875
-0.054712422
0.061705713
0.0038112293
0.057448161
0.060070844
0.052649845
0.0031297091
-0.0070228925
-0.06238276
0.060514056
0.0015815179
0.064091431
0.061649829
0.05718117
0.0017402438
-0.0079338403
-0.059929489
0.056222407
0.0025362607
0.061538696
0.050095077
0.057609944
0.0018905196
0.013342412
-0.043620824
0.055695975
0.02296042
-0.0092507381
-0.019132699
-0.065456083
0.06005136
0.001385156
0.066016194
0.055322669
0.061499706
0.00076579614
-0.010670105
-0.047309827
0.059332661
-0.02112123
0.046486824
0.040360168
0.054955947
0.031039197
-0.039618113
-0.028049672
0.048337246
0.04255851
0.058726929
-0.030309741
-0.040471294
0.055303931
0.056022747
0.053488837
0.056289063
-0.017216658
-0.0073113286
-0.009896829
-0.02008842
-0.067213573
0.058795957
-0.0061022478
0.067867551
0.062455161
0.059345791
-0.0056841805
0.001794297
-0.068883013
0.056436069
0.0095444147
0.068658154
0.062017308
0.059199913
0.0085693757
-8.735362e-05
-0.068143745
0.062940579
-0.0044593236
0.067758118
0.059559421
0.062764155
-0.0027651212
0.0082874362
-0.050539759
0.060410527
0.019249001
-0.0028746803
-0.013367392
-0.068074327
0.064171429
0.0066338161
0.067013466
0.061975851
0.061596173
0.0041348705
-0.0062189492
-0.052672019
0.059053224
-0.01739516
0.050038077
0.04454799
0.059994974
0.029319405
-0.041159231
-0.023834086
0.051230343
0.045938156
0.058796505
-0.028146801
-0.041554235
-0.054867435
0.033532685
0.038472458
0.055681679
0.023453988
0.053066284
0.038761999
-0.046004786
-0.060303425
0.032879711
-0.040094923
0.06254132
0.022830812
0.060312427
-0.041702817
-0.047897622
-0.057732232
0.0092138776
0.038270762
0.061897205
-0.010068871
0.057933315
0.036553431
0.045344737
0.0062812379
0.054497893
0.052606251
-0.049444391
-0.054340139
-0.066163712
0.0091917941
-0.042394719
0.071848322
-0.0087372249
0.067455799
-0.04171161
-0.050365042
0.0044606021
0.062870102
-0.057017996
0.015434657
-0.0021073765
0.052079424
0.057769342
-0.0020165884
0.050546389
0.060284487
-0.056903749
-0.057042167
0.014681483
-5.7093057e-05
0.058758132
-0.061230213
-0.0039918635
0.055287903
-0.0626161
0.032511967
0.062940468
0.023541257
0.061133213
0.059405153
-0.065353043
-0.029580137
-0.06596582
-0.054783613
-0.054184602
-0.064546262
0.029216154
-0.053076206
0.064614192
0.020174089
0.063178041
-0.056649446
-0.057793816
-0.020699018
0.061738378
-0.056499375
-0.06307637
0.031865958
0.041233035
0.066462816
0.021870896
0.064763134
0.044180228
-0.063683133
-0.029450484
-0.048797495
-0.062948172
0.030649503
-0.041896727
0.067016492
0.020704141
0.065940753
-0.046057573
-0.052771259
-0.020054726
-0.071307633
0.0090603174
0.04624167
0.078048301
-0.0070680332
0.073336842
0.046910604
0.055299662
0.0028733311
0.067737471
0.061254338
-0.069586895
-0.0096863306
-0.065854248
-0.056522048
-0.060662945
-0.072566445
0.0088199552
-0.04948257
0.079824199
-0.0053022929
0.074972108
-0.051590841
-0.059647122
0.0016854149
0.068691176
-0.06490237
0.013089133
0.0012324451
0.062091959
0.064495053
-0.0047734578
0.056890168
0.064816071
-0.06189543
-0.012185576
-0.058112245
-0.061969135
-0.06065072
0.010933189
0.0017032973
0.061956522
-0.067253612
-0.0044313122
0.055538552
-0.066677566
0.0022849826
-0.058956298
-0.0014492268
6.4159014e-05
-0.0011054942
0.061720696
-0.0016240287
0.074532024
-0.0023828468
-0.010109254
-0.0092312958
0.0016944116
-0.057453763
-0.00046529268
0.00021812336
0.0021152146
0.059397969
-0.00023879924
0.070930158
0.0039349791
-0.0070110691
-0.063969035
0.0012439323
-0.0039259309
0.065695138
0.0068150829
0.068849482
-0.0057688823
0.070830716
-0.0040516286
-0.013882189
-0.061064141
0.0022504589
0.0058283302
0.062387656
0.006968678
0.066116759
0.0078175416
-0.00083330948
0.068607417
0.03443702
0.071644723
-0.024230316
0.03583568
0.069769182
0.0032112442
0.016373295
0.071269259
0.027824914
0.073708402
-0.034446658
-0.031039989
-0.02310617
-0.020365227
-0.017728013
-0.027995781
0.00066424871
-0.054636153
0.0011842384
-4.0893212e-05
-0.0026503809
0.055113065
0.0028168341
0.064823766
-0.0048549867
-0.01140639
-0.0090692973
-0.00079577772
-0.050217165
0.0033206067
-0.00042663094
0.0027786032
0.048815122
0.0071240903
0.056433976
0.0051016284
-0.0067781716
-0.05570722
0.0056953434
-0.0068541756
0.056283668
0.0099842799
0.060845165
-0.0087091076
0.063955062
-0.0045287769
-0.015109586
-0.048084241
0.01096601
0.0068568549
0.047769237
0.015173716
0.053243857
0.0082091023
-0.0023365535
0.056977967
-0.012522485
0.037169685
0.044415895
0.065496682
-0.025164621
0.038068852
0.058876311
-0.022517866
-0.06691028
0.014633377
-0.0077933464
0.067640777
0.024075784
0.062957983
-0.0097407165
0.0021903745
-0.063312826
0.01374077
0.0097881029
0.063802403
0.02217138
0.060334561
0.011510793
0.0046224987
-0.067923828
0.034345017
-0.011263699
0.067802238
0.044489113
0.058589446
-0.012007681
0.054431253
0.0061487286
-0.002456741
-0.06384512
0.031621309
0.012692185
0.063460181
0.041226683
0.055355963
0.013046
0.0065537079
0.051444306
0.054649025
0.054384879
0.05742973
-0.012785711
-0.024321037
0.055074141
0.051270085
0.054175419
0.049752438
0.054871291
0.053412659
0.055412703
0.057011051
-0.020132048
-0.0302942
-0.010078598
-0.0079629737
-0.018160838
-0.028795421
-0.056710468
0.015728219
-0.010354222
0.056879414
0.022758571
0.055430199
-0.011629419
-0.00030203182
-0.047632551
0.019968835
0.0091975888
0.047481638
0.025387935
0.048459876
0.0097745762
0.0014162755
-0.056722095
0.030656019
-0.012328903
0.056220376
0.038759369
0.050165059
-0.012260459
0.047022077
0.0026336295
-0.0063978821
-0.04718577
0.031250582
0.0098513028
0.046684502
0.037162843
0.043246913
0.0093453341
0.003169651
0.041190496
-0.0056103751
0.055595283
0.056421771
0.046827258
0.049354161
-0.016801918
-0.027944607
0.055970283
0.040982133
-0.01626573
0.042844869
0.068228755
0.070136175
0.066174761
-0.039628347
0.07198261
0.073929556
0.063863738
-0.03750875
0.069055064
0.062519811
0.068641546
-0.036362988
-0.048040164
0.07261873
0.059336067
0.06580933
0.076463877
0.074870115
0.080417024
-0.058363513
-0.066326039
0.081914801
0.072605203
0.07877518
0.084320323
0.062181539
0.087463476
0.06481165
0.066795825
-0.056310488
-0.060856518
-0.049123552
-0.048840535
-0.056564472
-0.061572473
0.074277064
0.076450439
0.059409049
-0.040172462
0.07470398
0.077290697
0.052703921
-0.03928252
0.075170964
0.054109067
0.060338397
-0.039021605
-0.049107961
0.076338177
0.046688459
0.052051538
0.085856294
0.067088949
0.073326093
-0.057253641
-0.062615171
0.087834215
0.058124569
0.063876739
0.0064751914
0.024717828
0.041436281
0.050752104
-0.047236255
-0.042660033
0.0067126266
0.023245433
0.038462755
0.04033835
-0.040652625
0.055462354
0.05022363
0.066077652
0.048742178
0.045876022
-0.04028308
-0.044214486
0.051504901
-0.034884655
0.039241891
0.06176376
0.037770464
-0.040841096
0.034898978
0.060908664
0.042054624
0.037788634
-0.046675835
-0.047544375
0.057244326
0.03106439
0.026768324
0.0043504934
0.022328331
0.025859713
0.038307932
0.020643275
0.014371945
-0.050505355
-0.047025481
-0.040505539
-0.043481126
-0.042601327
-0.037129436
-0.03508781
-0.036254494
-0.037245823
0.0061047127
0.02078508
0.02991637
0.034163306
0.029120104
-0.037657012
-0.0333962
-0.032336309
-0.029086828
-0.030690051
-0.033420574
0.045793336
0.026228156
0.055305522
0.024899492
0.022295758
-0.03604853
-0.035644834
-0.034841747
-0.039796099
-0.040013272
-0.038178247
0.052120318
0.063454739
0.018835534
0.01496587
-0.034432711
-0.033032841
-0.035153062
-0.031705624
-0.0025126243
-0.043681244
0.0057032193
0.00089192888
-0.0026581435
0.040393753
0.012073522
0.046012745
-0.0047306266
-0.012778651
-0.0094294913
-0.0040324403
-0.034264148
0.0080413075
-0.00090211855
0.0025357723
0.029687372
0.016913488
0.033851048
0.0038804993
-0.008340197
-0.038404652
0.017181242
-0.0058030831
0.037287611
0.021530806
0.043563743
-0.0062040328
0.047814323
-0.0085013898
-0.019129865
-0.02687835
0.023325805
0.0037628641
0.025266485
0.027926826
0.032066966
0.0027026354
-0.009159927
0.036624296
0.038179835
0.049991424
-0.027894485
0.037202093
0.038953804
0.0034271805
0.01510296
0.024705236
0.025782969
0.028258456
-0.026420122
-0.023769056
-0.019282766
-0.016894627
-0.019466131
-0.026232589
-0.0044954115
-0.020972138
0.010001159
-0.00019368634
-0.0027391286
0.016509797
0.020803946
0.020301568
-0.0027487993
-0.0098784824
-0.0079401808
-0.0025267852
-0.0026727015
0.011140393
0.0032598021
0.0036593177
0.00069606303
0.022882009
0.0057313462
0.0015629721
-0.010115093
-0.013713301
0.02841005
-0.00088749172
0.012071897
0.033346309
0.019010754
0.0021747425
0.023583881
-0.014846291
-0.024593124
0.00086243442
0.031660221
-0.0026162682
-0.0020013716
0.037183991
0.0046525142
-0.0082097381
-0.020594273
-0.03637028
0.0088957463
-0.030343714
0.03491976
0.042250862
0.025901938
-0.031220609
0.031241479
0.038456633
0.011006844
-0.036743816
-0.042332687
-0.036676457
0.025497996
-0.0061351132
0.036288736
0.029294119
0.039639455
-0.0057064646
-0.0097964692
-0.024388464
0.031215149
0.0011061847
0.023898922
0.03355289
0.029124347
-0.00071813466
-0.010125083
-0.035933779
0.032962381
-0.0049751982
0.035511442
0.036387448
0.034791913
-0.0039808905
0.033878827
-0.010060803
-0.018540903
-0.023565921
0.035185303
-0.0025379468
0.02325934
0.036254883
0.024876178
-0.0041751756
-0.0096750506
0.024895549
0.055894983
0.033558177
0.034464935
-0.027525032
-0.036386835
0.055022111
0.024283308
0.023993388
0.047681634
0.02006747
0.051231089
0.020772747
0.019971376
-0.0088890945
-0.048504833
-0.0083073004
-0.041380862
-0.044296485
-0.0076681246
0.043866424
-0.035289868
0.0059335076
0.047485071
0.006226604
-0.038559071
-0.04432131
-0.052899834
0.0047775694
-0.04760979
-0.011168931
0.036138959
0.0058251533
0.010688892
0.037294448
0.01695261
0.0095366497
-0.0039696194
-0.040621753
-0.026122449
0.0027853438
0.039764078
-0.014469367
-0.0033023665
0.040039793
0.0030161592
-0.020669422
-0.030541129
-0.04293803
-0.010411634
0.037275402
0.012874951
0.010201873
0.036478737
0.013378599
0.015495482
0.013916636
-0.0016826149
-0.043735626
-0.003546735
-0.033315384
-0.039820328
0.0036409766
0.038767255
-0.02615773
-0.0038767136
0.036665722
-7.5696989e-05
-0.03037842
-0.034234071
-0.043452689
0.00047858059
-0.039211665
0.052986453
0.053067645
0.012812273
0.011210069
-0.002857227
-0.055388742
-0.00064563284
-0.045356191
-0.049526338
0.049427771
0.049850587
-0.0012192141
-0.044787806
-0.055872656
-0.0040348423
-0.050282415
0.072961113
0.076115065
0.043667667
-0.041854435
0.068869539
0.072673003
0.032259253
-0.04306449
0.07578665
0.072391507
0.03693247
0.042275236
-0.078511717
0.040858714
0.05169328
-0.044385139
-0.050761092
0.073226855
0.070758652
0.024739703
-0.045849547
-0.076730119
0.026791332
-0.053712803
0.087481166
0.082699386
0.045673238
0.058826087
-0.084635011
0.050448114
0.062975356
-0.054853104
-0.056209373
0.084522763
0.080909659
0.029883182
-0.059169293
-0.082983276
0.033289212
-0.061626191
0.071923721
0.016923836
0.077135334
0.015542246
0.014326913
-0.038350564
-0.033732703
-0.042133564
-0.047015095
-0.043726429
-0.039073429
0.062391411
0.066809145
0.018491474
-0.044354334
0.05365183
0.058473221
0.0024484643
-0.048437131
0.068413937
0.06718892
0.010089419
0.050087562
-0.072684337
0.010034393
0.055822447
-0.051958354
-0.052390217
0.061145884
0.061365617
-0.0069047383
-0.054900264
-0.066108832
-0.0090444781
-0.057884557
0.078775958
0.076699936
0.011108294
0.059164746
-0.078954135
0.012875328
0.059662792
-0.050743938
-0.047159432
0.070138533
0.069855208
-0.010085391
-0.058666118
-0.072384593
-0.010107591
-0.056968313
-0.067318799
0.053442805
-0.011705806
0.066511173
0.060084783
0.056885722
-0.010268348
0.005730376
-0.062697986
0.049951667
0.012373104
0.061636856
0.056663087
0.052608596
0.010635482
0.0036879894
-0.065407913
0.063298661
-0.0078481214
0.06402605
0.062025768
0.058235505
-0.0048689513
0.004536495
-0.053290326
0.055467081
0.015669611
0.00056299536
-0.0095955822
-0.060376059
0.060212554
0.0080099739
0.059025921
0.059515866
0.052939967
0.0049108437
-0.0033667763
-0.052248019
0.049907944
-0.014248998
0.051709167
0.046503324
0.055269064
0.02693206
-0.041639172
-0.020934464
0.051429205
0.046194322
0.049624931
-0.025881745
-0.041484486
0.055915894
0.042511341
0.053997737
0.041946514
-0.01674719
-0.0058041108
-0.0071328682
-0.018397764
-0.055410662
0.04621089
-0.011307036
0.054381583
0.052025638
0.046604821
-0.0094815722
0.0028765395
-0.045989194
0.042547122
0.0082244181
0.045178362
0.04668988
0.039099948
0.0065425738
0.0016649211
-0.053265105
0.055171824
-0.0069661651
0.052221481
0.054654343
0.045955564
-0.0041280511
0.0029055461
-0.049690538
0.042641264
0.013381591
-0.00047220285
-0.0096723619
-0.044386943
0.048799615
0.0044645928
0.043789077
0.04807102
0.037488782
0.0022754284
-0.0034363509
-0.046045108
0.03390106
-0.013388192
0.050488711
0.045126879
0.042112466
0.025266297
-0.041204344
-0.021295061
0.049089531
0.043543595
0.032971622
-0.02540848
-0.040897397
-0.035005561
0.03931133
-0.0027746654
0.034474283
0.041353325
0.030260265
-0.0014401217
-0.0091476084
-0.022937292
0.036805691
-0.0054890762
0.022633342
0.03677935
0.020142437
-0.0063663914
-0.0087187866
-0.034037729
0.042032982
-0.00010537272
0.033861967
0.040796323
0.027686106
0.0010541745
0.0053463409
-0.041971061
0.023855635
0.01465186
-0.0086408155
-0.016148447
-0.022445266
0.036003496
-0.0067195008
0.022524264
0.034171519
0.016623957
-0.0064921175
-0.0091258282
-0.038275351
0.012593228
-0.017594894
0.047476368
0.041753836
0.022393771
0.026660764
-0.040582555
0.023291889
0.03940068
-0.02712697
-0.03965137
0.045850687
0.04005233
0.010494139
-0.029365135
-0.040156738
0.010503572
-0.042319299
0.051599094
0.0063419915
0.048686317
0.0037933612
0.0020094099
0.0057851333
-0.054296102
0.0089676665
-0.043266043
-0.050401611
0.0031439274
0.048890746
-0.037224553
-0.0070387637
0.046611231
-0.010405465
-0.034575159
-0.041589485
-0.050660043
-0.01362305
-0.050497767
-0.0099989344
0.035210546
0.017138711
0.0098094965
0.033658074
0.008649552
0.017630581
0.0022174805
-0.04244451
-0.033367826
0.0040615263
0.034317795
-0.032884314
-0.0042124609
0.032116252
-0.0046203976
-0.033353613
-0.031041593
-0.04089928
-0.0097043346
0.031861059
0.01689259
0.0098185421
0.029669718
0.0043523073
0.01496354
0.015358968
-0.035732285
9.5174353e-05
0.022586739
0.0071022247
-0.038761618
0.010782016
-0.027829637
-0.032068545
0.0042977486
0.030231368
-0.031622725
-0.0042194796
0.028531803
-0.009373035
-0.027743648
-0.024502812
-0.035671632
-0.013766527
-0.030412231
0.0443961
0.038751389
-0.002697292
0.0338603
-0.039349605
-0.0037081918
0.046630074
0.01445863
-0.045040778
0.017297418
-0.040502726
-0.051085833
0.042960781
0.037799686
-0.017165821
-0.040508544
-0.037629616
-0.01919162
-0.052432739
0.0007551842
0.013702174
0.01292721
-0.0053907049
-0.0014312834
-0.01580788
0.022723292
-0.010837715
0.0048016778
-0.0057944196
-0.011359962
0.004485267
0.029124858
0.017232701
0.0064599673
0.0014481269
-0.031474446
0.026756371
-0.028041066
-0.0044037837
-0.01658138
0.016005501
0.030482688
0.010919462
-0.014893431
0.036609841
-0.0099558867
0.015454929
0.022738775
-0.037548867
-0.0067157555
0.031884106
-0.021116313
-0.033192857
0.030845701
0.034433969
-0.0096552331
-0.028226828
0.041106563
-0.025065966
-0.013430231
-0.024698701
-0.041361166
-0.022904108
-0.03662267
0.033003004
0.040197544
-0.0049978823
0.041847099
-0.043851238
-0.044957911
0.035501492
0.042684424
-0.021595876
-0.048182284
-0.044579575
0.0067921802
0.019312482
-0.040934992
0.029604729
-0.037253416
-0.0043286561
0.053652061
-0.017377482
-0.030202041
-0.036018598
0.0085177556
0.056852359
0.021133055
-0.01763713
-0.023315876
-0.055666379
0.031651441
-0.052760741
-0.028427241
-0.041353235
-0.028375549
0.0081943035
0.043238457
0.021966549
-0.0067410548
-0.0013297666
-0.045663499
0.032192526
-0.044098684
0.0036496653
-0.011095846
0.0580017
-0.024053059
-0.0051795552
-0.010524214
0.011461175
0.055645441
0.025727096
0.006359344
0.0011104053
-0.057764386
0.036924234
-0.05761315
-0.0026309387
-0.015023256
-0.034590564
0.04455351
0.04050332
0.0076239136
-0.041081775
0.047835519
-0.039486019
0.010304239
0.023822526
-0.046414587
-0.038256338
0.037604214
0.055429646
-0.043524718
0.053831866
-0.018515246
-0.032624419
0.056322767
0.046281512
-0.0050494148
-0.052496788
0.054453322
-0.052075935
-0.0063926332
-0.020973655
-0.051263786
-0.051529735
-0.035719374
0.03821112
0.045459908
-0.037282831
0.050293331
-0.044841973
0.051835079
-0.037465198
-0.045790473
0.040509541
0.047955661
-0.050782121
-0.049061681
-0.044790862
0.0083459309
0.053773688
0.05531344
-0.012260763
0.057699126
-0.013999259
0.059724149
-0.068481507
0.024013103
0.052153896
-0.061199253
-0.027003911
0.055552174
-0.028110855
-0.063671699
-0.070644531
0.016204941
0.059454804
0.063561213
-0.020044988
0.05898318
-0.02222578
0.065744872
0.072780605
-0.060562599
-0.02270535
0.075728397
-0.071732532
-0.074722864
0.02981897
0.056848713
-0.065072651
-0.032346111
0.056106833
-0.033935217
-0.064940166
-0.071318628
-0.055085899
-0.033462402
-0.073888899
0.063889344
0.061856775
-0.021466209
0.074380778
-0.062866439
-0.0189006
0.069071931
-0.074056937
-0.070140833
0.057128275
0.054488867
-0.031101971
-0.072668879
-0.05445478
-0.027370109
-0.068058314
0.048757627
-0.039451959
0.051139408
-0.037908492
-0.035701084
0.046983
-0.042189442
0.045404668
-0.071756021
-0.068605228
0.048379054
0.043049884
-0.071919417
-0.048959238
0.045768482
-0.047278822
-0.07190915
-0.071741777
-0.044966717
-0.045042567
-0.068691752
0.038014271
0.049744563
0.062997815
-0.039454343
0.052972059
-0.040008747
0.064138723
0.049358425
-0.044779716
-0.068581324
0.049781499
0.047290267
-0.061547504
-0.04961027
0.050687586
-0.049786598
-0.061907217
-0.06870483
-0.047718628
0.040723933
0.054217991
0.063982115
-0.041782625
0.05357842
-0.042954873
0.062462276
0.068752519
-0.050570872
-0.042147055
0.071604595
0.049981641
-0.048605725
0.0492638
-0.067616095
-0.070916792
0.049334685
0.052243761
-0.060945469
-0.049012254
0.052017411
-0.049985564
-0.058813991
-0.065449777
-0.047622238
-0.049343735
-0.069040032
0.050966915
0.048583427
-0.039588043
0.071136231
-0.047835054
-0.035770222
0.067713745
0.047348716
-0.045264768
0.044580241
-0.071048869
-0.068420996
0.046215748
0.044671196
-0.047270185
-0.069724091
-0.043428474
-0.044135173
-0.067786732
