FiniteElementSpace
FiniteElementCollection: ND_3D_P1
VDim: 1
Ordering: 0

0.0051457845
-0.0075059551
0.02164637
-0.0084317271
0.0046907477
0.0076369534
0.017706636
0.0059005917
-1.8594018e-05
-0.014705635
-0.012374699
0.0015284827
-0.0029776226
-0.071551628
0.019384268
-0.082688483
-0.010550602
-0.069763603
0.016234379
-0.082640841
0.0012930682
-0.016174712
-0.014774317
-0.0011693456
-0.0064472356
-0.054952961
0.0053986654
-0.054101273
-0.005084099
-0.061025312
0.0041243361
-0.058008175
-0.053590791
-0.051661917
-0.060407598
-0.058684278
0.058742546
-0.065616576
0.059121106
-0.067756318
0.057457046
-0.058578939
0.060586343
-0.063507202
-0.060555334
-0.060686064
-0.055541909
-0.0584364
0.073747237
-0.065168325
0.067730116
-0.05998342
0.074619846
-0.067209088
0.065808341
-0.058952898
-0.0049871321
-0.015746928
-0.018094272
-0.0042304943
-0.0099719578
-0.050630617
0.0069573422
-0.053360258
-0.0089108198
-0.054498315
0.0074480609
-0.057696825
-0.039430736
-0.04696976
-0.042422572
-0.033893571
-0.0070689696
-0.027004306
0.011754785
-0.03351648
-0.008306478
-0.032096433
0.010015629
-0.037834413
-0.058357969
-0.056721432
-0.057588002
-0.058006559
0.023843909
-0.048441496
0.014309494
-0.047039081
0.025307032
-0.054637869
0.016022001
-0.053906798
-0.064529958
-0.061521874
-0.06181912
-0.06488726
0.033976404
-0.043180701
0.02548953
-0.042750434
0.034302746
-0.052211337
0.025422028
-0.052227857
-0.056734407
-0.061871622
-0.062696328
-0.057626988
-0.0026892908
-0.055019019
0.0089605259
-0.056660366
-0.00036026898
-0.05246954
0.0094419459
-0.052995099
-0.045256981
-0.049851948
-0.046203315
-0.040368801
0.038704414
-0.06840091
0.046335717
-0.067975611
0.036060546
-0.07093394
0.043795975
-0.071022703
-0.02955333
-0.03821325
-0.03859737
-0.029869522
0.066773149
-0.066675573
0.074168221
-0.067143774
0.073207706
-0.068145681
0.080885487
-0.06722835
-0.0041166828
-0.0090075918
-0.0092656278
-0.0046695605
-0.017661137
-0.05142064
0.012883952
-0.061085043
-0.013725646
-0.04191103
0.014651352
-0.048567978
-0.006895687
-0.021435057
-0.025319745
-0.0082466625
0.0045495035
-0.038636988
0.011861998
-0.037234371
0.0049232665
-0.031884037
0.013242386
-0.031065814
-0.052343505
-0.058415304
-0.061304084
-0.056757005
0.032819472
-0.062404646
0.04035119
-0.063868212
0.034517252
-0.052229935
0.041602096
-0.053750369
-0.05642284
-0.059850528
-0.05679704
-0.052918116
0.083219003
-0.057689374
0.092318721
-0.053437046
0.082680393
-0.04865205
0.0925494
-0.044861427
-0.0068082794
-0.025771084
-0.023002691
-0.0051589125
-0.0033034834
-0.05469738
0.0024037542
-0.050619106
-0.0040173684
-0.041510205
0.0029632849
-0.03926
-0.066317999
-0.065771579
-0.063408442
-0.064627738
0.017619628
-0.046510859
0.025013749
-0.05109974
0.018413453
-0.037472684
0.024991882
-0.041645135
-0.061397302
-0.060519121
-0.060156582
-0.060394805
0.050762699
-0.032691743
0.057669444
-0.041708781
0.04756134
-0.024659073
0.053613168
-0.032905874
-0.057437659
-0.058969552
-0.058491196
-0.056755524
0.060809713
-0.016521474
0.058620574
-0.015735277
0.058288784
-0.0097043062
0.056206528
-0.0091068526
-0.05313287
-0.046327186
-0.044978101
-0.051916601
0.058728424
-0.071597629
0.058405707
-0.071577269
0.059012454
-0.07496213
0.059841078
-0.076202442
-0.042527118
-0.049259261
-0.054286806
-0.048398744
0.041890941
-0.061674889
0.031603206
-0.063422264
0.044839014
-0.058723242
0.034171484
-0.06082366
-0.058365868
-0.063590961
-0.062771017
-0.056942266
0.038789115
-0.064695204
0.026493684
-0.062209604
0.031518371
-0.063029563
0.019325523
-0.060784428
0.0017100212
-0.018357118
-0.015404719
0.0046609247
0.082774859
-0.056281355
0.071941216
-0.044376935
0.087926165
-0.047154234
0.078813074
-0.036526134
0.0014013169
-0.010934724
-0.0067706751
0.0038445618
0.059284691
-0.064968145
0.061892899
-0.068341713
0.05908959
-0.054450861
0.061498973
-0.057704376
-0.0391645
-0.045549123
-0.042549944
-0.035201126
0.049877204
-0.039650175
0.038938474
-0.041633862
0.050023648
-0.032396532
0.039406939
-0.034064247
-0.029917611
-0.039844648
-0.041280463
-0.030723658
0.033352324
-0.044721734
0.020784274
-0.043451061
0.042602312
-0.035542987
0.029506029
-0.033873968
0.011107612
0.0027852412
0.0044068854
0.013162784
0.037650846
-0.0039329031
0.041935181
-0.0017364875
0.041974058
0.0072354709
0.048255962
0.0086213519
-0.060177827
-0.0538783
-0.053764842
-0.061516935
0.0043345978
-0.0074844368
0.02045245
-0.0076338791
0.0035264147
0.0060721123
0.014396712
0.0070359114
-0.028870454
-0.04086158
-0.038690956
-0.026450449
0.033392726
-0.00180292
0.043983643
-0.0035590322
0.024818202
0.0070096697
0.034753758
0.006312974
-0.027653943
-0.040860462
-0.044915682
-0.030501653
0.036701262
-0.0063176455
0.050729382
-0.010591428
0.02972534
0.0048360165
0.041277034
0.0019207631
0.003727026
-0.012050262
-0.012788312
0.0060221289
0.0047435456
0.016422145
0.013363592
0.016504473
0.0049216072
0.022290107
0.0093859597
0.025355587
-0.0022723153
-0.018718968
-0.020029993
-0.0036045725
0.0029808834
0.012522297
0.010215039
0.014436575
0.0026657591
0.015807415
0.0075750391
0.018586448
-0.032864129
-0.044041919
-0.04583516
-0.034306745
0.018781408
0.016456735
0.028199479
0.01662478
0.014975718
0.025674088
0.024053256
0.026617779
-0.035217047
-0.047148729
-0.048103591
-0.035696476
0.022634287
0.016238356
0.032348437
0.014598192
0.016250807
0.027304176
0.024588835
0.027047886
-0.0039292646
-0.020581585
-0.020517016
-0.003290987
-0.00051006033
-0.059490872
0.014387598
-0.0641617
-0.00083242572
-0.055578448
0.014821789
-0.060916848
-0.029118742
-0.038540368
-0.033535602
-0.025238047
0.027809129
-0.06300604
0.039477412
-0.064622745
0.028896238
-0.062196918
0.04106105
-0.063754338
-0.020658408
-0.028212978
-0.023985231
-0.016907701
0.039116709
-0.067927006
0.055071782
-0.073823087
0.040349653
-0.067277006
0.059655501
-0.073909003
-0.0025706643
-0.012289157
-0.010106
-0.0034515069
-0.016019413
-0.065650491
0.013784908
-0.078807823
-0.018508432
-0.059441249
0.012573706
-0.071437027
-0.0032220107
-0.019737544
-0.020519154
-0.0049642919
-0.0005594089
-0.050509054
0.015636628
-0.056119073
0.00037538684
-0.044736056
0.016834271
-0.050158393
-0.032248244
-0.041562415
-0.040623801
-0.032048349
0.030217066
-0.059887034
0.042759795
-0.06121417
0.031714541
-0.055912282
0.044487599
-0.056912216
-0.030118301
-0.038165404
-0.035398761
-0.0276985
0.041205622
-0.064539869
0.063162548
-0.071074028
0.0418396
-0.059731547
0.065464427
-0.065485777
-0.0056515366
-0.019628219
-0.018094978
-0.0057129764
-0.0037524537
-0.05868964
0.0093872398
-0.056487864
-0.0042163355
-0.067328003
0.0080088511
-0.064211265
-0.048086109
-0.042894368
-0.057386528
-0.060148785
0.021940731
-0.062882232
0.0334086
-0.062699434
0.019328833
-0.065906662
0.029618009
-0.065535267
-0.069718715
-0.068960215
-0.076413813
-0.075898971
0.016641562
-0.062592631
0.027085509
-0.062530013
0.012843708
-0.064981541
0.021356471
-0.064299539
-0.062518963
-0.067254919
-0.071680657
-0.064956958
-0.0039287091
-0.063853233
0.0031129985
-0.05940311
-0.0032732095
-0.062066184
0.0024937742
-0.057219375
-0.057968958
-0.056699227
-0.061724371
-0.060844369
-0.0046002119
-0.071588738
0.0067823813
-0.068022688
-0.0049793581
-0.069769007
0.0058194341
-0.066336218
-0.053936612
-0.049571547
-0.058761051
-0.06118922
0.016915965
-0.065785874
0.026075295
-0.065414053
0.015020198
-0.061990901
0.023237184
-0.061800394
-0.067147344
-0.066347341
-0.07124086
-0.070961867
0.009623149
-0.064695189
0.016410975
-0.063717909
0.007474127
-0.061215917
0.012956853
-0.060305702
-0.062933918
-0.065752303
-0.068246135
-0.064043629
0.063660042
-0.061180456
0.063187609
-0.063334577
0.061878569
-0.05021477
0.063315894
-0.053953238
-0.058701908
-0.054507052
-0.044611852
-0.050826974
0.060453467
-0.058479634
0.05553149
-0.059947771
0.062560697
-0.049135386
0.059395406
-0.051717412
-0.043802474
-0.035730061
-0.028932746
-0.038478699
0.057048954
-0.061691395
0.052501373
-0.063488941
0.061139461
-0.055135466
0.058713092
-0.058914953
-0.05666657
-0.051016057
-0.047654676
-0.055439398
0.055803557
-0.050181734
0.061111167
-0.057374871
0.053579906
-0.041325757
0.060208909
-0.049953895
-0.058394968
-0.059180329
-0.055558194
-0.056709901
0.059647114
-0.038655001
0.06258989
-0.043666018
0.056866453
-0.027838838
0.060731283
-0.033631906
-0.058280215
-0.055484635
-0.048377246
-0.052738374
0.063428476
-0.038966793
0.061737271
-0.042459054
0.062618497
-0.029009991
0.061986789
-0.033123282
-0.04765778
-0.041742703
-0.036299667
-0.043603319
0.063773642
-0.047227064
0.06310725
-0.052588615
0.064221551
-0.03878195
0.064772185
-0.045170929
-0.055415509
-0.05237291
-0.049985292
-0.054649429
0.064424333
-0.070655016
0.062079362
-0.068612622
0.065252756
-0.075534804
0.062199676
-0.072638529
-0.025645085
-0.03460921
-0.040321128
-0.030171494
0.057318334
-0.068367872
0.05025248
-0.067154438
0.056682095
-0.070186733
0.048905862
-0.068522648
-0.033758345
-0.045156575
-0.048217737
-0.035657358
0.059637505
-0.064427093
0.049890304
-0.059720821
0.055207133
-0.064647881
0.04358795
-0.058093015
-0.0028663512
-0.019579105
-0.019752076
-0.00086511419
0.076045015
-0.066418012
0.065355233
-0.055832134
0.078688898
-0.062751796
0.067298977
-0.050885764
-0.0017772244
-0.013573958
-0.012871853
-0.00015311073
0.066311307
-0.076988179
0.062776144
-0.073411734
0.067833676
-0.074635239
0.064136168
-0.070666001
-0.024118492
-0.03326295
-0.034507423
-0.024452783
0.056762024
-0.068691377
0.048526965
-0.066722669
0.057958723
-0.064162991
0.049559459
-0.062017883
-0.024347714
-0.035394064
-0.035547913
-0.023520151
0.053095388
-0.062111475
0.04025465
-0.054380163
0.054415008
-0.057060048
0.041092139
-0.048833496
0.0018305045
-0.011737759
-0.01002036
0.0041770846
-0.012002355
-0.040270319
0.007592623
-0.046201598
-0.011821961
-0.044112174
0.0069249112
-0.049897
-0.052947674
-0.056931332
-0.055188723
-0.049747447
0.025897452
-0.044402201
0.04171303
-0.046897593
0.024209177
-0.050548022
0.039106171
-0.052746511
-0.047686507
-0.054528418
-0.054635515
-0.046687594
0.02264615
-0.048796318
0.036142306
-0.049974362
0.022437819
-0.054453665
0.035354387
-0.055622896
-0.029552023
-0.039058286
-0.037048588
-0.026797527
-0.0071889427
-0.056276913
0.0079794995
-0.059409797
-0.0050384936
-0.05635736
0.0084870916
-0.058931213
-0.042292148
-0.047800474
-0.042978925
-0.036019051
-0.010440012
-0.047770107
0.0063873535
-0.052344322
-0.0082611046
-0.051138418
0.00588665
-0.053754825
-0.051552985
-0.053559492
-0.054089334
-0.049085031
0.021874632
-0.05569022
0.035357818
-0.057228515
0.019022069
-0.059734399
0.030754117
-0.060446893
-0.047020595
-0.054590213
-0.055102551
-0.045700808
0.02184516
-0.058444233
0.033924883
-0.059374972
0.02092742
-0.061022611
0.031993792
-0.061573172
-0.030448904
-0.038810696
-0.035936725
-0.026495523
0.00068346177
-0.019374606
0.015221104
-0.021938308
-0.00099038282
-0.026490521
0.013724029
-0.028013549
-0.051795929
-0.043820833
-0.046416651
-0.053655733
0.030129449
-0.035390455
0.04447563
-0.036673135
0.028600163
-0.042971866
0.04268381
-0.043918428
-0.056457161
-0.049904043
-0.053459509
-0.059429138
0.029784821
-0.03886353
0.045879202
-0.041588499
0.027351371
-0.045737614
0.04270724
-0.048087059
-0.058682554
-0.059436794
-0.061598507
-0.059869766
-0.0084093616
-0.039115403
0.0083798158
-0.043095053
-0.0076749393
-0.04715739
0.0068361536
-0.048790771
-0.053663642
-0.051648666
-0.058769235
-0.057517449
-0.0022295625
-0.036370396
0.012271533
-0.036664499
-0.0031203751
-0.047694947
0.010825323
-0.046693574
-0.047383562
-0.040977867
-0.05275061
-0.057287419
0.026717566
-0.050566521
0.040184513
-0.051115247
0.024469146
-0.057480212
0.037034062
-0.057628317
-0.065485923
-0.062479997
-0.069299593
-0.071268119
0.024216427
-0.052335937
0.038276514
-0.053967941
0.020557033
-0.058158201
0.032919028
-0.058922696
-0.060782715
-0.06470546
-0.068959681
-0.063216081
0.031195819
-0.050196464
0.020946608
-0.049545784
0.033012085
-0.055594391
0.023160202
-0.055230288
-0.056578604
-0.049686461
-0.050153691
-0.056914416
0.012491036
-0.034244032
0.0063557705
-0.036168147
0.014693337
-0.038106235
0.0081157719
-0.039770354
-0.056992109
-0.050471484
-0.049840801
-0.055999453
0.0068816999
-0.039016794
0.0018336622
-0.042399388
0.0085095508
-0.042662443
0.0031338016
-0.046356749
-0.064552692
-0.061687295
-0.060357585
-0.062859314
0.030247052
-0.05777467
0.021109014
-0.057756281
0.037489308
-0.058039811
0.028425418
-0.058630891
-0.058518464
-0.050581449
-0.05059667
-0.058503925
0.037177927
-0.057971053
0.027677041
-0.057854479
0.042717317
-0.05766393
0.033535178
-0.057705146
-0.041308332
-0.031509727
-0.031657372
-0.041370048
0.018750513
-0.042463061
0.010869854
-0.04330845
0.023871398
-0.046836571
0.014134584
-0.046447157
-0.043227149
-0.034244222
-0.038665266
-0.046267289
0.01288461
-0.045470891
0.0060349975
-0.048613607
0.019064475
-0.047267728
0.0099459297
-0.049143298
-0.058421623
-0.051545266
-0.052849644
-0.057779296
0.025226104
-0.04553999
0.016309387
-0.044175814
0.026153274
-0.053163592
0.017200415
-0.052553115
-0.064772567
-0.065623374
-0.06611849
-0.065442272
0.008581531
-0.045924933
0.0020542053
-0.049225602
0.0092140824
-0.050403186
0.0023903107
-0.054358548
-0.064647768
-0.065565783
-0.063451205
-0.062061571
0.016327327
-0.051967629
0.0062995675
-0.053851081
0.015810122
-0.057807653
0.0054962646
-0.060371917
-0.056334965
-0.061646467
-0.058590194
-0.052903694
0.036083007
-0.058570542
0.02673974
-0.059180866
0.038800774
-0.061743074
0.028971098
-0.062967678
-0.063186405
-0.067220006
-0.066878605
-0.062555941
0.030148687
-0.057851854
0.021044674
-0.058115069
0.036222381
-0.059467261
0.026885463
-0.06052743
-0.067461919
-0.06436964
-0.064309271
-0.067303461
0.01225264
-0.05235219
0.0041693678
-0.056276969
0.016917671
-0.051861365
0.0069100594
-0.055148564
-0.065055084
-0.063136149
-0.060497894
-0.060553806
0.016427893
-0.059973174
0.0054186952
-0.063034055
0.01782266
-0.058673992
0.0058671188
-0.062056978
-0.058580533
-0.063661262
-0.057627451
-0.051546693
-0.0057063575
-0.053856161
0.0053872458
-0.054151244
-0.0031804263
-0.055383039
0.0049276901
-0.05341919
-0.052682446
-0.053917505
-0.055495501
-0.051254477
0.01588286
-0.062457681
0.025701696
-0.062353517
0.012807927
-0.063538079
0.020744551
-0.062772781
-0.049562459
-0.05638868
-0.056825478
-0.048174103
0.019823312
-0.062272809
0.029792695
-0.062385345
0.01874973
-0.062132347
0.027642576
-0.061828417
-0.035401365
-0.042500075
-0.039625671
-0.031528714
0.0017447805
-0.048856038
0.010016805
-0.04832642
0.0034384462
-0.044252391
0.010792813
-0.042997379
-0.048361032
-0.053141762
-0.05208296
-0.047099484
-0.0010492908
-0.05506347
0.0046175014
-0.051340056
0.0003822213
-0.052202213
0.0046147578
-0.047618457
-0.056229893
-0.057812038
-0.058866937
-0.055947607
0.010253248
-0.062583224
0.016541943
-0.061423205
0.0087305792
-0.059167609
0.013804333
-0.057942728
-0.054910004
-0.05922112
-0.059026137
-0.053599785
0.017989686
-0.060412669
0.02593846
-0.059788138
0.017860292
-0.056818227
0.025110613
-0.056034526
-0.04461936
-0.050084071
-0.047931402
-0.041962219
0.034694269
-0.068198737
0.042631995
-0.06850038
0.028815467
-0.068674148
0.036868295
-0.070129634
-0.047522081
-0.057024442
-0.05717342
-0.047864991
0.04921576
-0.070646807
0.054100348
-0.07155042
0.044531962
-0.070318852
0.051260389
-0.073634328
-0.049271076
-0.05741564
-0.057839787
-0.051622499
0.052415729
-0.071827936
0.056645675
-0.071436246
0.050505211
-0.075827879
0.055742289
-0.076597765
-0.032456285
-0.040796154
-0.044527543
-0.036911482
0.033907291
-0.071185416
0.041703422
-0.071828349
0.032694059
-0.068547732
0.040445372
-0.069686146
-0.03984352
-0.046189911
-0.045210503
-0.038674508
0.02378431
-0.066867204
0.031889012
-0.069459323
0.020344347
-0.062567665
0.028323854
-0.066058601
-0.052398684
-0.058466494
-0.057732497
-0.051577972
0.04040853
-0.067557144
0.048615088
-0.072989086
0.03725316
-0.062380911
0.046290709
-0.069285496
-0.051292887
-0.057000788
-0.056419307
-0.051585997
0.048917657
-0.076910999
0.054975684
-0.078766656
0.047920293
-0.074463006
0.054465326
-0.077158714
-0.038584062
-0.045135775
-0.045920235
-0.039458369
0.04913728
-0.067381104
0.056582492
-0.066850891
0.051021665
-0.070440818
0.058542174
-0.069369194
-0.014920987
-0.021768467
-0.021979613
-0.015080989
0.061664281
-0.070353627
0.064290665
-0.068557467
0.063461319
-0.075726219
0.065698303
-0.073079026
-0.017287451
-0.024558466
-0.029030909
-0.021057467
0.077496997
-0.065993331
0.077183538
-0.062540041
0.083129183
-0.068589234
0.080722771
-0.062219849
-0.005076016
-0.01076032
-0.013102381
-0.0052269218
0.078244658
-0.067281817
0.086254019
-0.064855018
0.081653528
-0.063860928
0.090123973
-0.060185672
-0.0054091247
-0.016582478
-0.01540305
-0.0048585248
0.052928886
-0.07128872
0.060473906
-0.069652964
0.054780443
-0.069235315
0.06234247
-0.067174656
-0.025596088
-0.033132372
-0.031801704
-0.024218955
0.065240583
-0.078125617
0.067173517
-0.074728711
0.067040483
-0.076760149
0.068848813
-0.072896075
-0.023647865
-0.031515199
-0.032116898
-0.023720539
0.087800151
-0.068526451
0.083965346
-0.059683558
0.091578776
-0.065550484
0.087273442
-0.055142898
-0.0040875722
-0.014606252
-0.014069166
-0.0030742463
0.0018823818
-0.038608197
0.018319809
-0.043366756
0.0036756664
-0.032262055
0.019873753
-0.035940217
-0.033962358
-0.044250816
-0.049586026
-0.039217927
0.033254418
-0.050013791
0.046081272
-0.05068847
0.034607393
-0.041870807
0.047283182
-0.04234559
-0.041872468
-0.052181289
-0.052261729
-0.042100081
0.04231449
-0.052856514
0.066428303
-0.057447452
0.042529422
-0.043937013
0.065861159
-0.047382149
-0.0085340448
-0.027231103
-0.027294827
-0.0079880893
-0.007570645
-0.031245131
0.017393426
-0.034886954
-0.00063906627
-0.019716913
0.020177527
-0.021139891
-0.006737341
-0.019665739
-0.026834221
-0.008432561
0.0052341223
-0.025499643
0.021115694
-0.027844773
0.0057831722
-0.017666479
0.021494635
-0.018709728
-0.033723478
-0.047020894
-0.059134513
-0.044665526
0.035414474
-0.031173317
0.047704449
-0.031707023
0.035181482
-0.017755021
0.046802843
-0.018714951
-0.052956042
-0.068131844
-0.072339096
-0.056941988
0.042152397
-0.033054284
0.063447157
-0.035812677
0.040564811
-0.020405011
0.058675113
-0.023336035
-0.0089957926
-0.032282668
-0.034755732
-0.0083718965
0.00090410854
-0.046180801
0.005086652
-0.041926043
0.00045535074
-0.036642969
0.006158856
-0.033989621
-0.062671071
-0.065277087
-0.064816431
-0.063823314
0.0087213515
-0.052891544
0.013187114
-0.051930441
0.010556091
-0.043475117
0.015146573
-0.043023855
-0.06398519
-0.06416112
-0.063153807
-0.063139689
0.018650222
-0.050974519
0.025550323
-0.050240918
0.020518075
-0.042485176
0.027489604
-0.04202475
-0.058741776
-0.062401877
-0.061834226
-0.05851309
0.0044245465
-0.023796147
0.014802318
-0.024248574
0.0029443619
-0.014194146
0.016187057
-0.016221041
-0.058373848
-0.06718325
-0.074826666
-0.069176461
-0.00079792547
-0.023766477
0.0078632189
-0.023750102
-0.0023710185
-0.0086155841
0.010091899
-0.011601454
-0.073261233
-0.076662938
-0.075667581
-0.076711165
0.014269504
-0.030896136
0.019769302
-0.031033701
0.019453366
-0.01558065
0.026587145
-0.016155617
-0.079147409
-0.074797411
-0.073558166
-0.079656907
0.023353297
-0.031048396
0.030835526
-0.031040214
0.026626297
-0.016660756
0.034972948
-0.017149762
-0.077075593
-0.080351892
-0.082510822
-0.080561536
0.01917158
-0.055583874
0.026741621
-0.059502663
0.020747594
-0.045771006
0.02756587
-0.049437412
-0.061397961
-0.061760398
-0.060046505
-0.058972826
0.035445455
-0.054807902
0.044446282
-0.062239624
0.035302236
-0.044834608
0.043279222
-0.051635996
-0.056153902
-0.058155229
-0.056280098
-0.053274516
0.047727165
-0.067943452
0.054298111
-0.07107583
0.048439688
-0.056952238
0.054494956
-0.060006072
-0.048513669
-0.053092877
-0.049194281
-0.043753943
0.037702181
-0.037727036
0.044114829
-0.038990593
0.041780627
-0.019036003
0.047397646
-0.019791016
-0.079229587
-0.080901124
-0.075777609
-0.073492029
0.025215598
-0.033071482
0.030985978
-0.035669574
0.032222664
-0.017577501
0.036859601
-0.018301688
-0.077851391
-0.0716297
-0.068908065
-0.07379876
0.037045144
-0.032420667
0.043029696
-0.037352331
0.040762752
-0.017478299
0.043976848
-0.019392308
-0.067929147
-0.06548811
-0.061629852
-0.060932029
0.049975184
-0.041302902
0.054973947
-0.043740149
0.051980075
-0.021114572
0.055508289
-0.022518436
-0.064332799
-0.067883531
-0.058283761
-0.053083198
0.056411759
-0.06356632
0.064013228
-0.061397376
0.057547997
-0.053676465
0.065213822
-0.051886285
-0.040256172
-0.050218469
-0.04654481
-0.036802862
0.068780751
-0.070928078
0.070709621
-0.067063621
0.070206767
-0.060127797
0.072523859
-0.056892054
-0.032256119
-0.041796386
-0.036549496
-0.027141848
0.094409592
-0.059492915
0.09074112
-0.048825918
0.095993686
-0.050298569
0.094047188
-0.040943266
-0.0031734984
-0.01936515
-0.0152295
-0.000959025
0.079659465
-0.036777076
0.090321286
-0.034728695
0.073580251
-0.022315085
0.084835516
-0.023309082
-0.0066731335
-0.0339093
-0.030085877
-0.0041149753
0.057759668
-0.039259739
0.065479861
-0.038463928
0.056422446
-0.020579346
0.064100321
-0.021413711
-0.056182794
-0.071331903
-0.065602177
-0.051141419
0.070826693
-0.044191291
0.073777864
-0.042324405
0.069853084
-0.023450032
0.073628638
-0.02371017
-0.042832725
-0.056242569
-0.044679192
-0.032547535
0.095673783
-0.038056372
0.096336713
-0.03165697
0.092326526
-0.023032823
0.096131062
-0.021052218
-0.00095656787
-0.024010146
-0.016573563
0.0025402806
-0.0053933836
-0.06084729
0.0052250621
-0.058134339
-0.005808991
-0.044882306
0.0050709862
-0.043335959
-0.063496177
-0.059229498
-0.057373545
-0.061091988
0.01393115
-0.054352186
0.021530495
-0.054455436
0.013838039
-0.043136401
0.021268979
-0.043525616
-0.059712771
-0.056455913
-0.056316595
-0.059134951
0.0068461714
-0.054233198
0.011630009
-0.053694866
0.0080443487
-0.043742605
0.012874258
-0.043730421
-0.063394019
-0.061918821
-0.061039314
-0.062370938
-0.0051161956
-0.023389338
0.0042500738
-0.023646085
-0.0058853319
-0.0027414759
0.0062768908
-0.0055314804
-0.077549182
-0.076085104
-0.067828412
-0.072498171
-0.0060700149
-0.023422456
0.0053646389
-0.023200088
-0.0058431264
0.00012759855
0.0060052132
-0.00070248647
-0.07236954
-0.066386146
-0.055234231
-0.062037831
0.014743314
-0.029068312
0.022548865
-0.029596488
0.016341013
-0.013321089
0.025092996
-0.013724186
-0.053526644
-0.045775765
-0.039797146
-0.048098971
0.01111632
-0.030136714
0.016808757
-0.030592331
0.015734663
-0.014294905
0.023079581
-0.014942442
-0.068504839
-0.061205946
-0.0568508
-0.06559398
0.028614319
-0.038884315
0.035466892
-0.04228426
0.027954511
-0.030625472
0.034220894
-0.033664772
-0.059064894
-0.056662476
-0.057168756
-0.059214886
0.042089225
-0.025448839
0.048263924
-0.031010122
0.040138717
-0.018487678
0.045571739
-0.023437876
-0.059349234
-0.057550167
-0.057599016
-0.059306079
0.0334921
-0.038316838
0.042373874
-0.046537758
0.032436159
-0.0299653
0.04021259
-0.037349338
-0.059358647
-0.059814565
-0.059422558
-0.058342201
0.022212105
-0.027317464
0.027770178
-0.030198905
0.028851686
-0.016155705
0.033468243
-0.01686004
-0.063595742
-0.0548263
-0.054840538
-0.062280786
0.029176669
-0.022571807
0.034899682
-0.02469036
0.032221048
-0.01482433
0.037743096
-0.015475619
-0.04610335
-0.037921804
-0.039908389
-0.047249015
0.039848473
-0.013504401
0.044012313
-0.017092489
0.04173234
-0.010288085
0.044284132
-0.011769169
-0.050807602
-0.044889315
-0.051655514
-0.055826384
0.033536193
-0.021770806
0.039252801
-0.027050285
0.037186722
-0.013545455
0.040093591
-0.01548969
-0.061423164
-0.056386421
-0.05886853
-0.060843015
0.053622974
-0.018749588
0.057701074
-0.024711229
0.050234344
-0.01191531
0.053740094
-0.017372981
-0.059001918
-0.057198177
-0.056317408
-0.058424576
0.059971564
-0.020023607
0.059870688
-0.024413182
0.055637193
-0.012424635
0.055435158
-0.016721303
-0.057618192
-0.054998662
-0.053335085
-0.056663131
0.06211392
-0.030417331
0.063211496
-0.037185324
0.057489057
-0.022491713
0.058387027
-0.028957014
-0.056404145
-0.058052863
-0.057729939
-0.056469412
0.044442426
-0.017272534
0.048500022
-0.023577768
0.042121919
-0.010257022
0.043094305
-0.013518957
-0.060430253
-0.061701287
-0.064379912
-0.06015366
0.047260297
-0.0073869998
0.049371356
-0.011666022
0.045477923
-0.0047952062
0.04536201
-0.0072550778
-0.061308999
-0.05891571
-0.065483468
-0.06634835
0.05006552
-0.0062595453
0.049035817
-0.010101117
0.043964663
-0.001183599
0.041312779
-0.0042593218
-0.070221599
-0.070400666
-0.07302313
-0.072456768
0.050784443
-0.015081259
0.050704829
-0.020590276
0.042780912
-0.007989071
0.040960394
-0.011983741
-0.060058176
-0.066530228
-0.067938746
-0.060250547
0.071299868
-0.032448417
0.05973786
-0.021870668
0.070755238
-0.023718877
0.060263887
-0.014382905
-0.036308587
-0.022708152
-0.022734433
-0.03529557
0.047308329
-0.033909732
0.035170503
-0.02441289
0.04890488
-0.023767505
0.037766756
-0.015500281
-0.03366978
-0.022155461
-0.020917623
-0.031463308
0.055211975
-0.019313502
0.05066624
-0.018071467
0.052992326
-0.011180142
0.048754971
-0.010350147
-0.050136347
-0.043017628
-0.040527771
-0.047891113
0.056598403
-0.0052504507
0.054530693
-0.0050497584
0.056264257
-0.0028537017
0.053967239
-0.0031999551
-0.054080371
-0.046288339
-0.052969256
-0.061204145
0.071527764
-0.015500152
0.063014904
-0.0085581344
0.073510084
-0.007884442
0.067540022
-0.0042241235
-0.035017432
-0.01983789
-0.023100062
-0.040348605
0.053400496
-0.013652284
0.043665866
-0.0073705917
0.059888372
-0.0040319588
0.05144319
-9.5199588e-05
-0.044133028
-0.025380843
-0.026283222
-0.04576494
0.051285318
-0.0043522532
0.047058269
-0.0041542274
0.050209349
0.0013517404
0.0453905
0.00083157885
-0.066423558
-0.057777518
-0.060004279
-0.069016415
0.056932318
-0.069559418
0.057397569
-0.070881141
0.056402888
-0.068198968
0.05929331
-0.072163884
-0.054638704
-0.058473011
-0.059276661
-0.05791535
0.055273913
-0.065191124
0.050482861
-0.066682342
0.059348502
-0.062644636
0.05616535
-0.06596466
-0.060974151
-0.060145374
-0.060911116
-0.063318571
0.055500166
-0.067837583
0.049958444
-0.06848297
0.057850926
-0.068546531
0.05283845
-0.070067823
-0.053557493
-0.058830359
-0.062139252
-0.057109623
0.059215503
-0.075122354
0.060984304
-0.077426922
0.059313402
-0.07183609
0.06169826
-0.074880109
-0.040997953
-0.047364886
-0.049162301
-0.04278774
0.055607732
-0.064433588
0.060438779
-0.070585221
0.054381273
-0.058539419
0.060407653
-0.066129503
-0.052398726
-0.056095154
-0.056083134
-0.053587761
0.062247039
-0.057912796
0.060384863
-0.062638015
0.063342984
-0.051511728
0.062391878
-0.057106196
-0.054945206
-0.056376007
-0.056899553
-0.056223071
0.059744858
-0.06627958
0.055177758
-0.06842148
0.060978003
-0.061369972
0.056753191
-0.063842225
-0.044376272
-0.050949067
-0.052362562
-0.045358181
0.04313372
-0.058208067
0.033552442
-0.059866642
0.049604593
-0.054528465
0.039849504
-0.05655125
-0.06448991
-0.061353866
-0.061219693
-0.064117738
0.022288084
-0.049192659
0.010091371
-0.051432624
0.027429123
-0.044747159
0.013199746
-0.045805539
-0.06195855
-0.060245177
-0.058184737
-0.057918046
0.019612951
-0.054489394
0.0066460122
-0.058053246
0.021453604
-0.048261949
0.0075809
-0.051901658
-0.052816305
-0.059521857
-0.053953895
-0.046328703
0.047264485
-0.053539811
0.036338018
-0.055788024
0.048961418
-0.046919297
0.037932958
-0.049115901
-0.045448986
-0.053096278
-0.052945916
-0.04453913
0.054525683
-0.049034765
0.044739078
-0.051226303
0.057108661
-0.042377749
0.047481355
-0.044628776
-0.057162005
-0.057515251
-0.058032405
-0.057522851
0.031522357
-0.039023828
0.015782456
-0.039062942
0.03397108
-0.032575161
0.017498102
-0.03201599
-0.057118721
-0.058230869
-0.057893479
-0.055842354
0.023091277
-0.040955769
0.0085375255
-0.044582301
0.024397587
-0.033510511
0.0094363063
-0.0370143
-0.042715479
-0.051838591
-0.049836996
-0.040239992
0.041047712
-0.064795465
0.029938368
-0.065382246
0.039141194
-0.062532741
0.027733954
-0.063432863
-0.035368657
-0.048856498
-0.046782131
-0.032738487
0.017248299
-0.061698441
0.0034132284
-0.064917284
0.015126113
-0.056307899
0.0018769024
-0.060925061
-0.028024779
-0.042123177
-0.035431335
-0.021917829
0.0130246
-0.067171312
-0.0017023187
-0.067931439
0.0070846199
-0.065163738
-0.0053583795
-0.068505137
0.0076030971
-0.011236057
-0.0065660061
0.009915238
0.027553476
-0.058898548
0.015414281
-0.057108199
0.028084561
-0.052655246
0.015837616
-0.051275969
0.0068299826
-0.0076913343
-0.0048953494
0.0096223969
0.03839488
-0.057699151
0.026771342
-0.058897799
0.039259558
-0.051027798
0.027468926
-0.052357861
-0.021849097
-0.034755388
-0.033019944
-0.019429006
0.014173704
-0.049545686
0.001265371
-0.055258674
0.014732205
-0.042170809
0.0017847027
-0.048404918
-0.016598361
-0.030581289
-0.027885923
-0.013929812
0.0039593524
-0.061094882
-0.0069587819
-0.066547115
0.0045080704
-0.055094577
-0.0059846843
-0.061749064
0.012208259
-0.0019977705
0.00038274478
0.013984551
0.069868059
-0.068265827
0.066376714
-0.064296707
0.072199892
-0.057802345
0.06929059
-0.054323964
-0.021953205
-0.031352788
-0.02667955
-0.017114505
0.060398607
-0.057044084
0.052140382
-0.05482789
0.063872628
-0.047766528
0.056055352
-0.045583896
-0.012961015
-0.022894842
-0.020246762
-0.0097380976
0.059486587
-0.0498427
0.046392687
-0.041715049
0.067727663
-0.040827871
0.055467366
-0.033267837
0.0063197115
-0.0029733407
0.00026698904
0.0087707679
0.093073912
-0.035550347
0.086641345
-0.027474655
0.096423096
-0.021635085
0.093406282
-0.017253562
0.0061313594
-0.0086871582
-0.0011971049
0.0095924726
0.074298777
-0.043250935
0.072337187
-0.040845029
0.075296793
-0.024658699
0.074659477
-0.023984183
-0.021648588
-0.032459643
-0.02109108
-0.011430444
0.067838655
-0.036566986
0.060770653
-0.034570461
0.07148174
-0.023327032
0.065529882
-0.021779088
-0.0030328371
-0.011920807
-0.0060478292
0.0026135374
0.077698115
-0.030308626
0.066769332
-0.023691233
0.087268964
-0.018412098
0.078167249
-0.013122986
0.012708622
0.0051520937
0.0097296668
0.015255013
0.052674165
-0.05075321
0.058983697
-0.058823292
0.050579235
-0.041216897
0.056184747
-0.048689922
-0.050672164
-0.054634475
-0.053422024
-0.048649573
0.062307696
-0.043888511
0.061799301
-0.049775816
0.059116453
-0.035349489
0.058567066
-0.040959255
-0.047442328
-0.052811
-0.05291267
-0.047196438
0.061438913
-0.054222916
0.057472198
-0.056757375
0.061062022
-0.045183112
0.057300258
-0.047559426
-0.032210574
-0.040495717
-0.039571132
-0.030414975
0.058645721
-0.040240384
0.060430682
-0.042926818
0.057803115
-0.022281854
0.058546881
-0.023997004
-0.041231876
-0.048214205
-0.0389478
-0.030267093
0.048342181
-0.02994002
0.052251002
-0.035709073
0.04635565
-0.01678041
0.047604905
-0.019787405
-0.053656091
-0.05771662
-0.054207296
-0.047012904
0.053997748
-0.026023838
0.052913778
-0.030804632
0.047342692
-0.015864072
0.045180359
-0.019260874
-0.041883443
-0.051583604
-0.050293485
-0.03902766
0.059756399
-0.034416514
0.056146888
-0.036441054
0.057330587
-0.021828616
0.053744245
-0.023267749
-0.021545208
-0.031673318
-0.02738514
-0.016181367
0.056953773
-0.035158308
0.047701226
-0.037462094
0.054024286
-0.027857708
0.045373968
-0.030300272
-0.04795677
-0.053763305
-0.055310521
-0.049666027
0.034463005
-0.025964463
0.018157697
-0.025399721
0.032983183
-0.019728888
0.017753501
-0.019809241
-0.052179593
-0.057405691
-0.059811936
-0.055309346
0.025364008
-0.026724265
0.010255407
-0.029940296
0.026051236
-0.021193321
0.011018931
-0.023894084
-0.03280025
-0.043776824
-0.04724562
-0.036185755
0.04932967
-0.025621326
0.039316661
-0.026935739
0.04747656
-0.019544254
0.038382998
-0.020513315
-0.014952586
-0.026784483
-0.030176617
-0.018183753
0.04853994
-0.020798326
0.040735967
-0.023530481
0.040818304
-0.014141913
0.034137199
-0.017336637
-0.038998171
-0.050691272
-0.052976578
-0.042055038
0.0297784
-0.0143504
0.016475959
-0.015675235
0.025275714
-0.010230153
0.014720772
-0.013283456
-0.048078559
-0.057137776
-0.062921462
-0.056499006
0.026495142
-0.017327895
0.011772494
-0.0192765
0.026570015
-0.015456133
0.012550596
-0.016557391
-0.025602876
-0.037346492
-0.047432374
-0.036176718
0.041868455
-0.043305359
0.029946448
-0.044462078
0.046005885
-0.035245976
0.033997915
-0.035829455
-0.0076152725
-0.018876338
-0.018844069
-0.0067166732
0.016896556
-0.034770016
0.0034774107
-0.040729869
0.020484826
-0.027762958
0.0061902002
-0.032514644
-0.0071860275
-0.020201294
-0.023108278
-0.009283686
0.0088720285
-0.04727589
-0.0023688173
-0.053943908
0.016401074
-0.037792146
0.0034178984
-0.043198712
0.014635659
0.0048957188
0.0038861205
0.015032782
0.05425552
-0.025548522
0.040476524
-0.022871268
0.066251029
-0.015114943
0.051738266
-0.010867733
0.016975452
0.012030393
0.011704466
0.017564863
0.051155562
-0.027402424
0.03913125
-0.026973834
0.056615113
-0.020095303
0.044673202
-0.018251571
0.0048410427
-0.0042385745
-0.0068166952
0.0033226729
0.02504616
-0.021525218
0.0095601101
-0.02409688
0.029906202
-0.016657058
0.012977911
-0.016096187
-0.0018330955
-0.013530514
-0.023395561
-0.0099658566
0.025729171
-0.026950954
0.010337626
-0.02990693
0.035029086
-0.015401609
0.016837917
-0.014880936
0.016664674
0.0086180673
0.0029218118
0.013881898
0.036458371
-0.0070391508
0.042648253
-0.0058155116
0.040735732
0.0055760711
0.047753888
0.0061236464
-0.046824911
-0.039723798
-0.037210489
-0.045361496
0.046230866
-0.0083049583
0.047190317
-0.0069397175
0.052254951
0.0064868037
0.054239362
0.0072583911
-0.04270165
-0.033297467
-0.029101104
-0.039673684
0.043761619
-0.0047917921
0.043477294
-0.0022755084
0.052069656
0.008773712
0.053484449
0.010645427
-0.061965221
-0.052626658
-0.050954989
-0.061695695
0.047450313
0.018696023
0.054868911
0.019814664
0.052963408
0.029801213
0.060907495
0.030896693
-0.062923245
-0.057424147
-0.057393071
-0.063391297
0.04519237
0.017766475
0.052633954
0.017938521
0.049341767
0.02917253
0.05692665
0.029172309
-0.05049791
-0.042874877
-0.041786638
-0.049922235
0.057425448
0.018823495
0.059629102
0.019579257
0.061638349
0.029101452
0.063626475
0.030127458
-0.049328869
-0.040675984
-0.039884238
-0.048970316
0.059490682
0.021239087
0.061280267
0.023427005
0.065610788
0.03226589
0.067051956
0.035130563
-0.063735549
-0.05730227
-0.057305692
-0.064009752
-0.0053486052
-0.021521279
-0.0044643092
-0.015727889
0.0053253786
-0.035312939
0.006856645
-0.0061817557
-0.026572527
-0.0057611405
0.009715738
-0.0036484412
0.0017019874
0.017496871
0.018400208
0.0026099631
-0.0040119737
-0.011093542
0.031754665
0.032780508
-0.015218114
-0.019558508
-0.016012772
0.034055994
0.018897968
-0.015386138
0.0021923627
0.00093451423
-0.017085589
0.0041252001
-0.016435993
0.063990601
-0.033054433
0.069270321
0.061618211
-0.034670115
0.067756949
0.077990869
0.078002468
0.00086772939
0.01809142
0.017654139
0.0029819798
0.0060386589
-0.016379726
0.030838619
0.028539569
0.057712863
-0.03640151
0.064144815
0.025028828
0.015808645
0.074722583
0.0040253506
0.0054980312
-0.0069415926
0.0050062768
-0.0055001586
0.060156526
-0.018777515
0.059312593
0.065747781
-0.015312481
0.063759786
0.058774854
0.061727972
0.055243758
0.053584943
0.061102297
0.05963692
0.0045825165
-0.0042984932
0.05040961
0.060897138
0.067950577
-0.01229198
0.065280197
0.069266673
0.06698595
0.06227233
0.062870542
-0.060846986
-0.060899624
-0.059277343
-0.061810619
0.061814793
-0.058598556
0.06391122
0.052644966
-0.061955543
0.05686351
0.065948955
0.061416608
0.059468233
0.059865654
0.055203067
0.057443559
-0.057296987
-0.061787117
0.058384321
0.05125132
0.042574437
-0.063896247
0.04849811
0.044822308
0.05109815
0.055074386
0.055797769
-0.068688122
-0.064730608
-0.069606935
-0.063906799
0.068017754
-0.058502698
0.06474234
0.07091195
-0.056043434
0.065970806
0.059540339
0.05816073
0.0033432796
0.014781052
0.015702004
0.0021353401
-0.070929282
-0.064018402
0.025090853
0.027715563
0.070530828
-0.055057108
0.0643729
0.029563088
0.015918984
0.05471203
0.00042874932
0.012104779
-0.0065261988
0.01129497
-0.0065308068
0.04687556
-0.023849033
0.050275485
0.05165984
-0.02289305
0.054946137
0.052439598
0.057248431
0.040806903
0.047195419
0.042307932
0.034628576
0.0094847073
-0.0066433999
0.051902458
0.048991619
0.055097782
-0.021416245
0.057698273
0.046852432
0.038358522
0.059749485
0.029425738
0.0033161318
-0.013738135
0.0049386875
-0.011928508
0.02914084
-0.030509619
0.032787048
0.035977886
-0.028312574
0.038966113
0.037495327
0.04307548
0.055430222
0.053567418
0.058025091
0.057471271
0.0057056116
-0.010193907
0.048983247
0.0554443
0.044041926
-0.025536338
0.045931338
0.061327538
0.062234148
0.048778304
0.059642055
-0.026381775
-0.016507396
-0.028071521
-0.01854193
0.042797567
-0.0087532072
0.043588274
0.047679684
-0.010753562
0.048772387
0.044506245
0.050188195
0.061355657
0.055489173
0.055659862
0.061522102
-0.032879053
-0.023615786
0.048061803
0.048293834
0.050872927
-0.015222284
0.051891831
0.0494059
0.056148797
0.053409193
0.06131867
-0.028802381
-0.020142966
-0.029446975
-0.020577369
0.046439885
-0.011837888
0.047361594
0.053417922
-0.011912057
0.054970346
0.048189846
0.056300688
0.061393506
0.06566296
0.065879762
0.061500627
-0.032478183
-0.023298175
0.066828593
0.06705887
0.057313373
-0.013850567
0.059352366
0.065386825
0.063529661
0.061174692
0.058601309
0.0043198244
-0.0068114902
0.0016714193
-0.0068563161
0.05844669
-0.017293874
0.058685458
0.058230668
-0.015114863
0.057208647
0.059405581
0.057092747
0.046757081
0.05131077
0.048775828
0.043396338
-0.00060241043
-0.0069909428
0.054138306
0.053265432
0.056479349
-0.013345139
0.054441891
0.051854932
0.045759403
0.053580593
0.039424618
-0.035932125
-0.043715749
-0.03143622
-0.039338764
0.070467862
-0.050107414
0.070534012
0.072461529
-0.046637818
0.074027236
0.070073116
0.074463132
0.033958319
0.041579413
0.041391131
0.033657383
-0.027625917
-0.035595219
0.049572458
0.049409461
0.071914319
-0.04362211
0.074894112
0.050095662
0.042650116
0.07621346
0.035142006
-0.056980103
-0.064410649
-0.061212894
-0.068769901
0.067869809
-0.068750852
0.066331992
0.071666457
-0.072489834
0.068561483
0.06459059
0.06452601
0.0046891618
0.012488851
0.012073801
0.004705824
-0.065006839
-0.072645365
0.019694703
0.019176667
0.072896515
-0.07587818
0.06828697
0.020185858
0.012531273
0.062142833
0.0045384378
0.0049199096
-0.018272089
0.0021544154
-0.019891362
0.045909901
-0.039564765
0.051158938
0.038105578
-0.040420934
0.042077833
0.059283219
0.048114354
0.0074394676
0.021080248
0.026674879
0.0088831286
-0.0012619301
-0.02140722
0.034140611
0.042382223
0.028914207
-0.040275589
0.03150475
0.047836297
0.030324943
0.035572453
0.0092235923
-0.0030634687
-0.0081308805
-0.0029559849
-0.0093798402
0.047071287
-0.012795476
0.044551397
0.038734213
-0.014715731
0.036977742
0.043120569
0.035957688
0.055018498
0.062232113
0.067463405
0.062691013
-0.001953039
-0.011077236
0.06732787
0.069467237
0.027725815
-0.018174087
0.027310245
0.070591096
0.070634216
0.02715395
0.067533706
-0.024551998
-0.032119506
-0.026267236
-0.033208339
0.061596244
-0.040347416
0.066146476
0.051146908
-0.040640636
0.055413025
0.068595282
0.057838535
0.067141144
0.069345371
0.065184292
0.06239632
-0.030334706
-0.036367055
0.068406403
0.06514232
0.036908317
-0.042385692
0.04002677
0.060847683
0.05938246
0.041961483
0.055543025
-0.070093823
-0.078109088
-0.070581353
-0.078990139
0.065197099
-0.081412156
0.059194779
0.055254538
-0.083030909
0.050055204
0.051182653
0.043041567
0.0070700011
0.0302141
0.026787127
0.0049346488
-0.069044331
-0.077922829
0.048375898
0.04395046
0.040980771
-0.083115735
0.037867921
0.03734886
0.021795002
0.033402933
0.0023558688
0.0046922278
-0.0030957082
0.005327383
-0.0033189688
0.058191822
-0.0092558207
0.055980155
0.045521595
-0.0098844976
0.044322477
0.053207418
0.042704844
0.071677674
0.07105356
0.065076199
0.067817545
0.0060735189
-0.0041837411
0.068465978
0.061278478
0.028492784
-0.0120602
0.028510583
0.055963177
0.060698202
0.028420708
0.064939344
-0.02155312
-0.028730494
-0.021695252
-0.028133322
0.036184133
-0.036488621
0.042214638
0.028215461
-0.034972459
0.033585966
0.048924121
0.039603165
0.061370539
0.056768667
0.056701987
0.06027358
-0.024434176
-0.030031155
0.05197351
0.05277472
0.020839978
-0.035457712
0.024582794
0.054743938
0.057420964
0.02877325
0.059431391
-0.051612178
-0.057540978
-0.048193596
-0.053353916
0.02382597
-0.061333797
0.031148173
0.016381734
-0.056625735
0.023196046
0.039402645
0.030869264
0.058258682
0.059867422
0.061081028
0.057942491
-0.045011716
-0.048365967
0.059940472
0.06223027
0.010398442
-0.050135692
0.015892809
0.063867557
0.062073111
0.022024649
0.057886528
-0.065732105
-0.059209898
-0.064065871
-0.05810291
0.022214562
-0.051689512
0.016793784
0.014132791
-0.05117798
0.0094517689
0.015771424
0.0087246771
0.053926984
0.046837792
0.049447287
0.056843878
-0.063465322
-0.058448909
0.036299466
0.03841741
0.0074047238
-0.052316418
0.0040941781
0.039468812
0.050864392
0.003878843
0.05859244
-0.057353428
-0.057551879
-0.05724352
-0.059327659
0.069177972
-0.055144071
0.070106326
0.069583719
-0.058544137
0.072349863
0.07037728
0.073732566
0.041999004
0.0485098
0.05215211
0.046095778
-0.056944742
-0.060547322
0.053655799
0.056035601
0.06720635
-0.061073177
0.071435148
0.058347951
0.055477323
0.073692003
0.049644588
-0.042377397
-0.032449573
-0.04732576
-0.037093578
0.05581333
-0.020821464
0.058146846
0.051252816
-0.024470502
0.053432042
0.060693643
0.056146468
0.052581627
0.058957528
0.058331433
0.051246056
-0.051157775
-0.040754333
0.061225496
0.061110458
0.045092152
-0.027429206
0.047018689
0.059643461
0.055919767
0.049753776
0.04801532
-0.040219347
-0.02858301
-0.035671066
-0.023904185
0.064899408
-0.015528059
0.065592809
0.061660108
-0.011462728
0.063460533
0.06464587
0.06392178
-0.0044694128
0.013173602
0.010163343
-0.0074142782
-0.033330599
-0.021469806
0.02902373
0.026323957
0.056267395
-0.0093956415
0.059056637
0.022328349
0.00646448
0.06080727
-0.01025432
-0.076176707
-0.069085877
-0.079910421
-0.073913623
0.060111502
-0.05995812
0.053235079
0.050477143
-0.065698563
0.04418015
0.042689577
0.034617712
-0.0034274599
0.0097126349
0.0038466898
-0.006340938
-0.083486283
-0.079298721
0.02139451
0.013874006
0.038154485
-0.072594101
0.033121115
0.0076759075
-0.0012223754
0.025409338
-0.0091060686
-0.05541918
-0.060232577
-0.054182895
-0.058507729
0.054894387
-0.061945787
0.060383819
0.045341277
-0.060014164
0.050520748
0.063404104
0.053410286
0.039404897
0.046002302
0.040082668
0.032110519
-0.052736949
-0.055819258
0.051275788
0.047164431
0.033630965
-0.056569356
0.037860106
0.044223572
0.03565801
0.040293342
0.026476101
-0.053681808
-0.043518677
-0.052154201
-0.042472368
0.031170303
-0.029996831
0.032657722
0.024807144
-0.02950276
0.026251346
0.034972226
0.028130813
0.022373115
0.033231003
0.035640381
0.024353182
-0.048853598
-0.03994433
0.043363272
0.045785292
0.019525393
-0.028007316
0.021135757
0.050005556
0.040326337
0.022492205
0.028866991
-0.037803251
-0.025585596
-0.04430775
-0.031776372
0.04132264
-0.013049882
0.04460714
0.032863959
-0.018428509
0.035239981
0.047243502
0.037027307
-0.013673316
-0.0075136377
-0.0082305118
-0.015108541
-0.052561687
-0.039652129
0.0012288456
0.0014746099
0.02445943
-0.025193235
0.025005529
0.0040576187
-0.0071054162
0.024971152
-0.015594793
-0.036744759
-0.041817128
-0.041423168
-0.047981886
0.0071362737
-0.044326962
0.004854868
-0.006267419
-0.052013698
-0.0077416252
0.0022041543
-0.0095531907
0.061988184
0.055763611
0.05566747
0.062782829
-0.046780846
-0.054154256
0.048499426
0.047522685
-0.018537794
-0.058751434
-0.019865324
0.046060434
0.055094693
-0.021657774
0.063076856
-0.002541406
-0.0061167777
-0.018822385
-0.0021893727
0.0058940917
-0.013422807
-0.049563008
-0.047996446
0.0032234087
-0.03135325
0.0043305415
-0.0060638308
-0.023978838
-0.0060198565
-0.050632812
0.043343062
0.04462207
-0.0017979768
0.011787784
-0.010179165
0.051618536
0.05326376
-0.013619302
-0.019502469
-0.01415704
0.055497875
0.046478423
-0.00067137439
-0.041093979
0.0073966228
-0.033749348
-0.055122644
-0.0013638984
-0.04871986
-4.9708565e-05
-0.0092547772
-0.042631386
-0.0084503337
-0.06012034
-0.049461688
0.052783832
0.0023626647
0.044111878
-0.0069357019
-0.033787317
0.04871995
0.035503934
0.016242311
-0.02931048
0.058160591
-0.019517246
-0.039029166
-0.019326597
0.060819461
0.050892807
0.037898424
-0.018606705
0.036745605
-0.047284035
-0.037056022
-0.05774823
0.0059843381
-0.047136929
-0.0044889042
-0.013885932
0.063571762
0.010982716
0.052397064
-0.00082620919
0.008202573
0.019149364
0.00083045349
-0.02890903
-0.038664279
-0.017059122
0.01896843
0.04226032
-0.014301704
-0.001304085
-0.0037997763
-0.0076885272
-0.022571319
-0.014337093
-0.024741424
-0.026150318
0.004780058
0.027852018
0.0061466366
0.03391143
0.0019564252
0.018730141
0.01865038
0.0021939585
-0.0036308706
0.022449797
-0.0054858745
0.03260737
0.032676386
-0.029395129
-0.010989172
-0.032879237
0.032522819
0.018463194
0.011291879
-0.036285568
0.0024242258
-0.0014612851
0.014905799
-0.0084507442
-0.052009374
-0.054279172
-0.01982527
-0.017257003
-0.020703874
-0.055979871
0.0024971259
0.018786238
0.0061999139
0.043418036
0.04403593
-0.0012283647
0.017662399
-0.0078092751
0.051208425
0.052600588
-0.025572907
-0.016579227
-0.026768108
0.053255798
0.044209235
0.013035147
0.024971756
-0.027190375
-0.057303288
-0.030352798
-0.03742626
-0.030778426
-0.058372961
-0.048760512
0.033936572
-0.03080866
-0.035760161
0.034241037
0.021980966
0.03589372
0.044131905
0.03221374
0.033119164
-0.026722683
0.053492918
-0.040357982
-0.037249389
-0.041325878
0.053604297
0.043965783
0.031958389
-0.042056502
0.03177448
-0.02284473
-0.032359963
-0.030091341
-0.019821831
0.033715646
-0.028204104
-0.0016682428
0.037600173
0.018760246
0.038703035
0.018103374
0.0022888459
-0.018997133
-0.028373272
-0.042167277
0.017445283
0.027470438
-0.041217752
0.0014936703
0.0012573158
-0.011581451
-0.0001566865
-0.012273117
-0.023367078
0.060979178
-0.023454058
0.058349306
0.040123153
0.036836817
-0.0016635175
-0.013157083
-0.023804157
0.054450292
0.032663664
-0.03393298
-0.033621483
0.065332356
-0.043080612
0.065243833
0.066651143
-0.042615841
0.066436676
0.065683271
0.06655683
0.028995482
0.021777533
-0.033603552
0.036015506
0.066127785
-0.042434948
0.065802268
0.026728442
0.065509786
-0.046472019
-0.049772725
0.067144686
0.067586031
0.070213089
0.070339262
0.013832185
0.0044984522
-0.052842204
0.065845698
0.067814266
0.0063200304
-0.017014798
0.052444948
-0.038113839
0.058566293
0.068348108
0.0053689468
0.020919881
0.023160945
0.0068288988
0.03330644
0.035668503
0.035815174
0.023533033
0.0072427635
-0.0031720532
-0.01427454
0.048937224
-0.024549491
0.049442791
0.042917336
0.044900018
-0.0045376279
-0.015620477
0.050177831
0.051544945
-0.025775788
0.043381398
0.051059601
0.044716176
-0.034061582
0.063260498
-0.042733811
0.062877975
0.0622048
0.043199433
0.034559172
-0.035125382
0.049457378
0.057480651
-0.043645016
0.057132601
0.047312088
0.040993793
0.056255699
0.032524424
-0.055419927
-0.068088455
0.061806277
0.0627942
0.022682629
0.0069479957
-0.057154031
0.055352927
0.021100336
0.055522349
0.0061746678
0.0015054139
-0.061338129
-0.01248245
0.0029427089
-0.070027206
-0.011412644
-0.03628473
-0.051730014
0.062594038
-0.025916867
0.0612989
0.068780131
-0.024658747
0.067508287
-0.064120366
0.045689035
0.058500247
0.0041368039
-0.074190601
-0.010372546
0.039469552
0.053382021
0.071165897
-0.023280895
0.070012945
0.064608582
0.068802324
-0.063090714
-0.038074577
-0.06598969
-0.036287687
-0.07209717
0.063066715
-0.048432632
0.063692143
0.062379196
-0.046038693
0.063247473
-0.075117867
-0.079268643
0.043394913
0.064334531
0.038789972
0.064180941
-0.078333312
0.075360038
0.074589115
-0.065693278
-0.034305854
0.07175932
0.059071516
-0.043433328
0.060192121
0.074328503
0.077724865
0.034468346
0.061486456
0.076531598
-0.029686778
-0.024569106
-0.039373839
0.06494242
-0.033300279
0.065105813
-0.073494616
0.036508971
0.065428548
0.029755016
0.06591569
-0.066004297
0.070687413
0.064792574
-0.020038961
-0.027882848
0.06283836
0.072034439
0.023872741
0.064103325
0.065422321
0.0044355752
-0.0034563384
0.065659273
-0.010144329
0.062910705
0.059637128
0.061695938
0.060849314
0.062409669
0.062427936
0.058435349
0.061169922
0.063741458
0.063873742
0.06295604
0.0049954007
-0.07211476
-0.0094501932
-0.043491134
-0.053839372
0.068571572
-0.021933089
0.067630211
-0.062374755
0.054255134
0.058303375
0.0054590703
-0.062789038
-0.0087115755
0.048045308
0.053202062
0.060361672
-0.020758102
0.059696052
0.057770471
0.061993203
-0.061705856
-0.032350132
-0.06789272
0.053316371
-0.040875236
0.054633145
-0.069926244
-0.073014558
0.030918304
0.05626402
-0.072302326
0.064589697
0.065528188
-0.053907178
-0.030657667
0.060971881
0.045486819
-0.038667464
0.046874794
0.062398922
0.065697604
0.048694691
0.066196405
-0.016711965
-0.023769371
0.058043772
-0.069018735
0.019605078
0.059782216
-0.064163137
0.064788496
0.063043545
-0.015143678
0.050748522
0.064929246
0.052814351
0.062613403
-0.067108934
-0.059520294
-0.065887911
-0.065177244
-0.047991202
-0.065005209
-0.048101491
-0.037298145
0.058571983
-0.062471885
0.059915645
0.047489246
-0.062820486
0.049316279
-0.02756179
0.054878893
0.045841616
-0.062765685
-0.035972811
-0.063429859
0.049241085
0.039272808
0.035865134
-0.062255167
0.038095504
0.030139873
0.037610213
-0.057608168
-0.057003992
-0.047930703
-0.058569412
-0.020070615
0.056623506
-0.04964063
0.056865968
0.049225363
-0.052180021
0.049579639
-0.015740376
-0.025026317
0.048553742
0.057737081
0.053648963
0.051096214
-0.035464902
0.031124194
0.039839423
-0.037462238
-0.059050524
0.022878289
0.040627205
-0.05357478
0.041125239
0.018347207
0.0271406
0.057114805
0.043193744
0.03687015
-0.053962929
-0.059378711
-0.047114192
0.058981952
-0.053860075
0.053362427
-0.045808254
0.045595367
0.06043276
0.053081063
0.056037513
-0.054816812
0.048025242
0.054702113
-0.063034062
-0.058716869
0.046293206
0.046305412
0.058619571
0.049933814
0.05421267
-0.054735268
-0.060412191
0.032700352
-0.06378725
0.039704783
0.04756881
0.057605911
0.058811901
0.056647963
0.056412942
0.058464548
0.055186385
0.052051714
0.054745533
0.055595834
-0.059889486
-0.024875587
-0.06108925
-0.050567899
-0.042618016
0.024982443
-0.060623215
0.027489881
-0.035128098
0.056284566
0.051983597
-0.056724259
-0.058086468
0.051933846
0.046990786
-0.057952071
0.018395634
0.042028727
0.047730675
-0.027252161
-0.058224504
-0.028891917
0.031531164
-0.05355039
0.032231156
-0.024604291
-0.032660871
0.058295528
0.034743443
-0.041030136
0.043955983
0.049399003
-0.056040043
0.03752228
0.0224813
-0.051979745
0.023455833
0.033912262
0.041050346
0.056821001
0.026297569
0.047517321
-0.064124622
-0.06077953
0.038449777
-0.048647696
0.061203745
0.042755001
-0.05445354
0.053327452
0.055259909
-0.062223893
-0.059521503
0.030367724
0.052554226
0.060253085
0.035026107
0.055438498
-0.061086544
-0.059935514
-0.061695565
-0.060815397
-0.056265299
0.069776633
-0.057251028
0.073373807
0.03417967
0.037911115
-0.062366045
-0.061740402
-0.058307868
0.073520654
0.040926534
-0.050084365
-0.050978001
0.066089602
-0.041521005
0.066629178
0.065610743
-0.04214186
0.066406844
0.066204626
0.065874298
0.042566911
0.030100969
-0.052011008
0.051970143
0.062224659
-0.043001011
0.063168071
0.042403672
0.062610761
-0.050257366
-0.046494773
0.064358829
0.063548389
0.060588151
0.058907027
0.015122504
-0.0017931366
-0.044658727
0.060105679
0.055080565
-0.073080636
-0.065679364
0.066874426
-0.056287615
0.060054268
0.049464884
0.00024979458
0.012254755
0.0098312135
-0.001775203
0.022972877
0.020778346
0.018648527
0.0073446908
-0.0040017924
-0.063184787
-0.062786342
0.070213205
-0.059518658
0.070164859
0.032179975
0.030583262
-0.064158035
-0.063953533
0.039889075
0.038962798
-0.060897337
0.063431489
0.038357806
0.029180816
-0.053286045
0.056525641
-0.044222398
0.057471681
0.056884723
0.027900681
0.016560465
-0.054844852
0.037967827
0.049196285
-0.04587822
0.049997725
0.037701016
0.026713573
0.049290576
0.014546633
-0.045551741
-0.033987529
0.054364376
0.049305402
0.0048101736
-0.0064124246
-0.049378663
0.04675032
0.0022965807
0.041812061
-0.0089449649
0.010140876
-0.0095434996
0.010721638
-0.0082278725
-0.02809813
0.042443959
-0.02586396
0.047544165
0.054757813
0.054247858
0.010051808
-0.0070369847
-0.022911985
0.052011338
0.054227409
-0.044319984
-0.04120874
0.045585319
-0.057093074
0.046055991
0.052718472
-0.053347222
0.053067225
-0.061135512
-0.055255677
0.054043765
0.046372556
0.050819225
0.053242581
-0.046680865
0.054572679
0.045636389
-0.036823452
0.06157899
0.058567394
-0.048080429
0.058769872
0.063005243
0.055201218
0.04624784
0.058779605
0.045466028
-0.038745099
-0.036958084
-0.050373866
0.046516717
-0.048062804
0.0532655
-0.036496477
0.046794568
0.046488564
0.045680715
0.053213333
-0.025871524
0.03578207
0.025886462
-0.034259941
-0.044686934
0.05864613
0.034898012
0.043828871
0.058502807
0.024494173
0.0070381096
-0.0067517663
0.057359642
-0.019491208
0.058878242
0.060366194
0.043781785
0.048692556
0.04428599
0.037932265
0.051822882
0.049861518
0.047953863
0.040203664
0.032440103
0.0085052877
-0.0059240083
0.054212294
-0.019419916
0.055754511
0.053289556
0.054537977
0.0064924611
-0.0048805799
0.053055079
0.057960859
-0.01565993
0.058495466
0.061802583
0.055356114
-0.031509507
0.062890995
-0.041750185
0.063047479
-0.064671281
-0.055684791
0.040709577
0.062989927
-0.045398108
0.055906878
0.046584772
-0.025729411
0.064413348
-0.034915659
0.065711333
0.065743004
0.056351211
0.065751448
0.046131497
-0.030851382
-0.04051617
0.06277268
-0.034835307
0.041413353
0.062546935
-0.024811483
0.037239473
0.028384388
-0.027049894
0.065582122
0.035976258
0.026522473
-0.0046457819
-0.019989747
-0.016166547
-0.0032016754
-0.027995309
-0.015298243
-0.033584138
-0.036597807
0.027462066
-0.028788532
0.027235521
0.035455168
-0.028274552
0.034711615
-0.040429444
0.041837138
0.049630686
-0.0016627958
-0.038463026
-0.014436683
0.03275399
0.040978526
0.044601898
-0.027709828
0.043545302
0.048342845
0.05662826
-0.035236273
-0.04166172
-0.043072967
-0.041203435
-0.044252837
0.043505718
-0.053653712
0.043885937
0.05091964
-0.053004677
0.0512512
-0.047262651
-0.056290533
0.057049565
0.044414571
0.054874821
0.05171618
-0.061855652
0.062070467
0.065949771
-0.050800841
-0.040534182
0.054066973
0.056993279
-0.051954679
0.05733699
0.05745169
0.065287552
0.051747685
0.057761141
0.068729366
-0.045958756
-0.043233428
-0.05885583
0.045011434
-0.055616512
0.052238652
-0.06348212
0.058841506
0.05507275
0.065642767
-0.039439392
-0.051036982
0.058203045
0.067803974
0.049774185
0.0058141202
-0.0085257913
0.052484087
-0.02228979
0.053017997
0.051008531
0.059609743
0.0470714
0.058917065
0.068405897
0.066463401
-6.5671191e-05
-0.050149257
-0.013503768
-0.03291038
-0.04524229
0.054053732
-0.026944937
0.052826634
-0.055458149
0.041316367
0.055422939
0.034083424
0.048943611
0.060940633
0.066764918
-0.05774421
-0.039509345
-0.062620874
0.06118481
-0.050433318
0.061626611
-0.066102265
-0.072627875
0.047835289
0.062097946
-0.074156786
0.074293322
0.074734315
0.068901177
0.07224424
0.077486831
0.077498789
-0.034806011
-0.045471977
0.062548317
-0.071203397
0.04340172
0.071073436
0.073197448
-0.038275491
-0.05029059
-0.027589911
-0.040026348
-0.055688939
-0.029739084
-0.040932089
-0.041583792
0.04198831
-0.018002637
0.04223034
0.047061769
-0.020141263
0.047061425
-0.042177185
0.039503618
0.039857063
-0.042957342
-0.058149471
-0.033058959
0.030322717
0.030837985
0.05090539
-0.023187156
0.050497979
0.03288368
0.041499562
-0.033593694
-0.01016432
-0.038029923
-0.011802488
-0.041977417
0.025350561
-0.0044939024
0.026469223
0.028970146
-0.0051022764
0.029059079
-0.04034253
-0.047510015
0.0028113204
0.029886331
0.0036953749
0.031776818
-0.053107708
0.04371512
0.050673276
-0.043201365
-0.01380937
0.035798833
0.035383146
-0.0052629944
0.034151631
0.038846349
0.045700774
0.0043347773
0.035375009
0.051263816
-0.0035211502
-0.0051436325
-0.0009434704
0.034948034
-0.0018857145
0.036517417
-0.05699107
-0.00084537823
0.040898636
-1.8267199e-05
0.042536345
-0.059050703
0.056273978
0.060161891
-0.0081698386
-0.0027346493
0.038647813
0.055236079
0.00082214587
0.043420852
0.057375032
-0.039671489
-0.030619704
0.052384989
-0.02124562
0.052972099
0.054182553
-0.055786306
0.03660574
-0.05682375
0.056279571
0.047261661
0.047136623
0.056162294
-0.055159542
-0.038284896
0.036980211
0.036823729
0.052156611
-0.02781803
0.052074931
0.039053872
0.048351901
0.025965484
0.052675412
0.056209271
-0.046380396
-0.058009202
-0.036866208
-0.022051483
-0.022329886
0.053457139
-0.026585453
0.052513465
-0.025405125
-0.055040492
0.039711425
0.026525849
0.026367288
-0.055590809
-0.040542816
0.017019666
0.016925671
0.054454349
-0.02987051
0.052933983
0.020440679
0.02938843
0.029252917
-0.048542581
-0.015870135
-0.030715975
0.043416519
-0.004991023
0.040731537
-0.037457973
-0.04409144
0.0046618502
0.039941728
-0.049675859
-0.050427906
0.017479229
-0.048619554
0.035115288
0.043184035
-0.053115856
-0.017781403
0.027126521
0.051400971
-0.0044407424
0.047324237
0.036163776
0.042734722
0.0047420578
0.044362489
0.048448059
-0.012029342
-0.0033778832
0.040932417
-0.053766044
0.0015470544
0.043478941
-0.055985474
-0.047768717
0.014248566
-0.047950609
0.050439131
0.056014573
-0.016156356
-0.0038254339
0.042713974
0.052729849
0.0021368044
0.042535937
0.055075348
-0.023506419
-0.014291433
-0.024705627
-0.015610331
-0.0068614948
0.045474738
-0.0080183809
0.051781456
0.065264638
0.065462802
-0.029352406
-0.020261585
-0.011889697
0.055271359
0.064525417
-0.001358085
-0.0022132585
0.002378271
0.046961227
0.0017967662
0.04903132
-0.059204848
-0.0035625376
0.052407341
-0.0033207987
0.055215221
-0.057392791
0.062020842
0.061574379
-0.0046739279
0.00112955
0.049052891
0.05750167
-0.0029446122
0.054865477
0.055502659
-0.0037814509
-0.0035580119
0.0043872641
0.056609809
0.0045532595
0.060375543
-0.053568165
-0.0049218734
0.059075689
-0.0055488468
0.063915856
-0.047691594
0.058589341
0.052880217
-0.004475245
0.0045518135
0.060195348
0.051327846
-0.0059869435
0.064437834
0.044983053
-0.03710833
-0.027554673
0.058022271
-0.017052605
0.060325418
0.062567356
0.062084244
0.06647291
0.065757858
0.060910806
0.066645508
0.06626403
0.063839653
0.062227793
0.056516906
-0.036325057
-0.027155357
-0.017581049
0.05591178
0.063027691
0.062839327
-0.044220821
-0.034963062
-0.024040558
0.053941846
0.061642662
-0.0081810635
0.00050155558
0.04724812
-0.056052821
-0.0025404483
0.051813182
-0.053798651
0.059149153
0.059257743
-0.0121347
-5.6366455e-05
0.043888082
0.055099531
-0.0021372653
0.046690638
0.052574104
-0.0061718272
0.0044593624
0.05667996
-0.049171864
-0.0062711807
0.061319323
-0.042235554
0.055986246
0.049240226
-0.0082620397
0.0042924149
0.050703931
0.047448283
-0.0063944538
0.055533171
0.039851196
0.0044237213
-0.0039550501
-0.012014861
0.059820426
0.055426332
0.056928088
0.0026812543
-0.0032524529
-0.0089628284
0.059223597
0.05765471
-0.020077879
-0.028249614
0.06651
0.066822227
0.057831628
0.050479029
-0.015256304
-0.022509793
0.065145953
0.057685608
0.065860439
-0.023301586
0.066844039
0.043151326
-0.020161795
0.066185759
-0.0022449826
-0.0073653765
0.052878807
-0.012431328
0.050286333
0.055457061
0.056221403
0.059033176
0.059407577
0.058874605
0.055590862
0.0015864812
-0.0029178457
-0.0070272409
0.05615803
0.06108559
0.061423548
0.0013511449
-0.0031069669
-0.0066923571
0.050116245
0.061274702
-0.012004871
-0.018472505
0.061302642
0.062456649
0.060656121
0.057722177
-0.010995476
-0.016836201
0.054685573
0.059662722
0.05618235
0.056224452
-0.018240133
-0.025137303
0.063130547
0.054106946
-0.01810448
0.057152383
0.052211051
-0.067498196
-0.042982085
-0.06671685
-0.036401169
-0.065800967
0.068750936
-0.049637206
0.069859305
0.066804987
-0.04418661
0.069961571
-0.064598689
0.057421656
-0.063700318
-0.030677725
0.06491786
0.062704413
-0.039346528
0.067686896
0.063538987
0.057207357
-0.069196936
-0.054556428
-0.066257594
-0.051088169
-0.062727868
0.0688546
-0.057415612
0.07054189
0.06513894
-0.056483225
0.0697246
0.071689499
0.073540438
0.057162047
0.05157577
-0.061255042
-0.047820699
0.061607887
0.059453467
-0.055229015
0.066462995
0.057349159
0.072550113
-0.054768882
-0.052809581
0.072189509
0.07615433
0.071948474
0.077197091
0.045159175
0.038109184
-0.051016816
0.077000709
0.079187649
-0.033026862
0.068418654
-0.041418469
0.072475245
0.074515959
0.050253751
0.045048804
0.054632277
0.053163236
0.048497181
0.042958914
-0.05847608
-0.026465013
-0.063417748
0.056674763
-0.035532612
0.062935734
-0.062025145
0.058436791
-0.024354341
0.061706647
-0.033144318
0.055619668
0.060448235
0.057146201
-0.054574127
-0.044869601
-0.060255565
0.052305517
-0.053454318
0.060902927
0.068523204
0.055963481
0.051991693
-0.042408669
0.059015059
0.044101353
-0.051113802
0.053171189
0.05504537
0.061314347
0.051238928
-0.049517786
-0.056349999
0.074258501
0.077288532
0.047117309
0.041215637
-0.048443978
0.067556899
0.046206087
0.070995991
-0.050591554
-0.050208764
-0.056239352
0.06915146
-0.056120925
0.073672223
0.026288575
-0.050066492
-0.056179286
0.075583465
0.027671006
-0.059803461
-0.06004831
0.070865948
0.076364389
0.068811814
0.073409864
0.030510301
0.022352815
-0.060403875
0.078604721
0.07489691
-0.070110879
-0.072632217
0.065604099
0.068128746
0.060996597
0.060339526
0.01357253
0.0041151915
-0.075109185
0.067880058
0.057541785
-0.075854585
0.070934687
-0.078904703
0.065235774
0.057623421
0.019113776
0.0050600322
0.030140436
0.02767434
0.016919248
0.0036789986
-0.050345743
-0.056563789
0.074078189
0.038556591
-0.051153487
-0.057342768
0.068380859
0.036184042
-0.060984135
0.076945353
0.072789605
0.034039462
0.025268272
-0.061820136
0.070883751
0.066739915
-0.077746645
0.064685709
0.052845445
0.014619311
0.0020697912
-0.080534311
0.0584782
0.04649735
-0.0055400725
-0.017098414
-0.027457691
0.036177213
0.045613984
0.054469374
-0.0058571684
-0.018455034
-0.029359883
0.027573867
0.060214167
-0.036796205
0.048245057
-0.04516165
0.048060487
0.047309575
0.062221283
0.049833305
-0.038830737
0.069007241
0.035187754
-0.047023595
0.035331602
0.060528543
0.035170057
-0.057631663
0.046415427
0.046314281
0.031510381
0.0085644035
-0.056410939
0.035028052
0.035542662
-0.0042291947
-0.022167045
0.018083492
-0.038692495
0.019650272
0.022484378
0.0046569359
0.01702964
0.025332901
0.0066463057
0.03252906
0.045294161
0.056121609
0.032512372
0.0075448784
-0.0050440495
-0.019225092
0.016361145
-0.030937917
0.017142593
0.048402465
0.062832948
0.062546991
0.07582565
0.086508514
0.074703998
-0.040605329
0.018366531
-0.048577611
0.019024261
0.01996755
0.08123573
0.06217287
0.092190265
0.091903475
0.08145538
0.062569365
-0.053063183
-0.064933929
0.021402799
0.023620658
0.036325657
0.0070898502
0.036193437
0.0053040394
0.0020025356
-0.0039502089
-0.008291011
0.040764701
0.070441353
0.069397969
0.0032804614
-0.0055166726
-0.011876005
0.028147341
0.068421188
-0.012696613
0.043169652
-0.018108303
0.045080393
0.046663002
0.06716749
0.070274573
-0.017223519
0.062861865
0.030969747
-0.022486021
0.032436035
0.065453185
0.033692914
-0.020139213
0.047760044
0.071270986
-0.024363993
0.034635465
-0.00026738489
-0.012994534
0.014319353
-0.022697573
0.015458739
0.00040861442
-0.0031564358
0.016862335
0.07358106
0.083492833
0.001672071
0.0012440189
-0.014759612
0.080799029
0.086024885
-0.00053843456
-0.027207538
0.0016335471
0.090126815
0.091366169
0.029280989
0.0045199807
-0.0077868778
0.011477684
-0.017090542
0.012955338
-0.0033950652
0.0065201196
0.012668373
0.08405638
0.084216834
0.0045652681
0.011865073
-0.01071899
0.083620069
0.079139286
-0.0058592148
-0.023087075
-0.0031475157
0.07514321
0.084191748
0.025138488
-0.024174318
0.016543076
-0.029723066
0.016985457
0.017416334
0.0013537965
0.034353065
0.00076570813
0.083373373
0.091798121
0.0018897102
-0.032473947
0.071853477
0.00050694743
-0.038982141
-0.0005900441
0.069338897
0.081367226
0.040684937
-0.0014180806
0.090330748
-0.030230892
-0.036276539
0.017859423
0.00012167551
0.038580374
0.095303147
-0.036364384
-0.042802872
-0.0017509723
0.094416872
0.045437745
-0.024809011
-0.032550116
0.045664348
0.06325369
-0.028099929
-0.034075214
0.033017617
0.060681824
-0.040694328
0.035080007
-0.048358988
0.04333581
0.050818023
0.057954991
0.056031696
-0.040084161
0.058765862
0.025271261
-0.045559498
0.03137532
0.055356595
0.036958033
-0.047916591
0.056643161
0.059974195
0.052708032
0.047538758
-0.048030649
0.041398208
0.044094772
-0.041279962
0.018938214
-0.045460707
0.020144089
0.021232192
0.0029278741
0.050361167
0.0026948664
0.088745004
0.085837547
0.0020625061
-0.047013194
0.085626891
-0.0023570646
-0.049394205
-0.0034060356
0.07811794
0.07903067
0.053699113
-0.0031802159
0.074980592
-0.034232254
0.016379594
-0.037982465
0.017667223
0.00039014421
0.04453832
0.078016197
-0.042856224
0.067498081
-0.044438516
-0.0003514704
0.066154894
0.073429321
0.046316448
-0.041042936
0.014475782
-0.043299685
0.017156906
0.019681796
0.00015739086
0.046400873
0.0020591812
0.067964652
0.068655818
-0.044130349
0.06512497
0.0022432767
-0.042351551
0.00040518844
0.064264837
0.062177992
0.045132412
-0.0010336585
0.058387683
-0.048832463
-0.051227478
0.02186002
0.023489522
0.0030237246
0.055656739
0.0027351652
0.066523219
0.060839413
-0.050255133
-0.04981709
-0.0017114254
0.052803869
0.056309094
-0.0013438437
0.045234128
-0.052453847
-0.05844469
0.057888284
0.055659822
-0.05397168
-0.059584698
0.042354042
0.048466163
-0.062809178
-0.065163862
0.060102547
0.056566566
0.039978693
0.029511018
-0.063661658
-0.065911005
0.044518452
0.031272286
0.042288294
-0.083147263
0.049292712
0.03870988
0.015888669
-0.00048407536
-0.084865713
0.03726234
0.029625188
-0.07416142
0.022738027
-0.080698969
0.022907895
0.022428739
-0.005810824
0.074889868
-0.010856567
0.032410503
0.002397551
-0.0017137954
-0.06683902
0.057640582
0.0015877499
-0.074508873
0.0057414512
0.048435658
0.025767244
0.084261286
0.010220754
-0.001322215
-0.05507402
-0.060179902
0.022131401
0.0011671543
0.060141138
0.075661272
-0.054693735
-0.059278743
-0.0015027313
0.064960969
0.066193857
-0.063848846
-0.065908081
0.024344017
0.024161675
0.0010404276
0.070887591
-0.0019451358
0.050934255
0.036377652
-0.062557841
-0.064449466
0.00019013537
0.035411274
0.07399072
0.0027229559
0.023048701
-0.084525695
-0.085610943
0.022611287
0.019283656
-0.0057102925
0.091250162
-0.0091140134
0.017274482
-0.0055122836
-0.080543483
-0.084579896
0.0056497282
0.0080000994
0.095440852
0.0075986008
-0.0098255146
0.0055138128
-0.046327774
-0.0081689169
-0.052602448
-0.051700806
0.046692339
-0.019840544
0.046306696
-0.051495975
0.063679018
0.056270118
0.005199068
-0.024396253
-0.0077477011
0.056324383
0.049631723
0.028701365
-0.019143445
0.02851311
0.044513934
0.05069324
-0.042621438
-0.029423252
-0.051878881
0.03609305
-0.037109692
0.03737097
-0.052586082
0.039106484
0.047605732
0.052897347
-0.02862537
-0.028716242
0.041788841
0.02568635
-0.036420483
0.026645424
0.041546894
0.047007078
0.027929218
-0.015727166
0.041110875
0.057991561
-0.018573939
0.029419787
0.0063238096
-0.0056710807
0.0089831557
-0.015465951
0.010073757
-0.0051078795
0.016416208
0.009018
0.0800072
0.071874653
0.0050645137
0.019425699
-0.0076458542
0.07382654
0.063333751
-0.009848663
-0.019282793
-0.0082354981
0.053392939
0.064471786
0.021100517
0.0046072838
-0.00059929318
-0.0072459549
-0.057968351
-0.047246011
0.0086485273
-0.018411621
0.0084525396
-0.037929118
-0.0045777209
0.020408936
0.0066716954
0.065631706
0.054138298
0.0038669301
0.01928538
-0.0061935545
0.055791852
0.044534842
-0.0098637406
-0.017024727
-0.010406375
0.032877644
0.04273532
0.017822017
-0.013130861
-0.028342786
-0.032065339
0.014744208
-0.036593815
0.015189914
-0.030456773
0.015633707
0.0024687071
0.027991965
0.0025215149
0.034327326
0.04609252
0.0021927459
-0.027650643
0.024236352
0.0035913073
-0.037165717
0.0033676617
0.020658751
0.030691672
0.0026696637
0.042695238
-0.023366006
-0.029666085
0.016088296
0.0023091861
0.030710786
0.058949046
-0.029143779
0.0016583764
0.055956468
-0.036739385
-0.045096177
-0.02872305
-0.04317505
-0.053305942
0.028806894
-0.050184116
0.031505504
0.02169159
-0.047863093
0.024071499
-0.053758125
0.04844701
-0.02118359
-0.042354563
0.043361808
0.016174224
-0.046685088
0.017921805
0.046534008
0.051251203
-0.022412938
-0.054057469
-0.015788641
-0.051330347
-0.053738182
0.017980476
0.021126006
0.011502255
-0.053630375
0.014349479
0.02712435
0.01974952
0.054695352
0.057305178
-0.0114689
-0.049576991
0.050293125
0.0076404047
-0.051149736
0.0098790247
0.05811559
0.01393721
-0.044339681
-0.041845393
0.035094738
0.026932509
0.058574239
-0.040561595
0.019259871
-0.034622356
0.01397052
-0.03842379
0.01512845
0.055564586
0.043516514
0.048045023
0.057384848
-0.01419218
-0.042890307
-0.03293012
0.012139015
-0.047150056
0.012958281
-0.038584155
0.03238204
-0.0073326735
-0.044711305
0.02283632
0.0089740949
-0.049641422
0.0086205946
0.030224636
0.038845263
-0.0092404951
-0.049453217
-0.046106569
0.0061017208
-0.049976607
0.0074177493
0.0094053279
0.048581004
0.055102474
-0.0085719976
-0.051665378
0.041192791
0.0063823784
-0.050903141
0.0064278943
0.053411841
0.059497846
0.045820757
0.0055967379
0.06311975
-0.041166637
-0.042848618
0.011827226
0.060699103
-0.044480697
-0.042683887
0.004096623
0.064625069
0.041527403
-0.054716909
-0.054451022
0.011285256
0.06096473
-0.051458269
-0.050487288
0.0061834467
0.062831911
-0.052605299
0.013835765
-0.04886508
0.015153214
-0.04531115
-0.051447627
0.052631537
0.018207233
-0.055653183
0.063442463
0.064656809
-0.048151485
0.058860799
0.0057571589
-0.044298617
0.0074533185
0.057473301
0.062652566
0.045980765
0.010600438
0.064506126
-0.057326319
-0.054844489
0.022398067
-0.057586278
0.055662162
0.027109791
-0.056994273
0.062771874
0.058177237
-0.049846595
-0.047096122
0.014687544
0.063161296
0.047799494
0.019185296
0.058893381
-0.043390326
0.0055238915
-0.042675428
0.0089756503
0.012696359
-0.0030698919
0.038390715
-0.0023014094
0.068305456
0.063507434
-0.003508736
-0.039456117
0.070503961
0.0010610724
-0.035328086
0.0019305056
0.075997118
0.071083196
0.034514405
0.0025298854
0.062883894
-0.048932145
0.000840399
-0.046533431
0.0026851782
-0.0034639214
0.042637574
0.069442411
-0.0028981585
-0.047823174
0.064472405
-0.0012348575
-0.04309514
-4.0689122e-05
0.072501662
0.07672757
0.038242842
-0.042976632
-0.0018046001
-0.038418555
0.00023837585
-0.068635025
-0.073058803
0.037445485
0.0033678803
-0.072858725
0.0035964405
0.033206407
0.0014413858
0.080450767
0.078907435
0.0053988034
-0.037426376
0.076513307
-0.0091710412
-0.031445898
-0.0068980629
0.076407503
0.080518559
0.028009551
-0.003839479
0.079152673
-0.040594052
-0.037082042
0.00718119
-0.068556375
0.037476982
0.011260878
-0.060872299
-0.00079398606
0.030264792
-0.002889503
0.072617549
0.062527316
-0.030759894
-0.026112868
-0.00034255648
0.07291413
0.025909185
0.0032251242
0.06265521
-0.077298812
-0.04885195
-0.060057274
-0.0780943
-0.038193159
-0.062496921
-0.0054127085
-0.0072757548
0.048806607
-0.041956598
0.032694217
0.037514514
-0.046025184
0.023334641
-0.0085774264
0.021859842
0.023520028
-0.080463538
-0.026535181
-0.067963899
0.0033505304
0.0047136713
0.025330835
-0.054318787
0.014334043
0.0055746516
0.024349476
-0.048150968
-0.025038711
-0.036248732
-0.03054388
-0.0091239703
0.047335187
-0.010882086
0.036183335
0.034919452
-0.017437612
0.025176177
-0.0087796378
-0.019005892
0.024212328
0.028419923
0.027638997
0.018482638
-0.028737151
0.024107165
0.039155074
-0.023536544
-0.041063241
0.0058280179
0.021707119
-0.02927162
0.013708767
0.0053804912
0.0226249
0.034466546
0.0085285098
0.03727965
-0.043715335
-0.043824305
-0.03562987
0.02396805
-0.03635816
0.014797793
-0.037619165
0.044915687
0.043449905
0.050771542
-0.045613918
-0.038658313
0.005981155
0.048975181
0.041900891
-0.064186839
-0.060261413
0.0019266223
-0.054757113
0.00042180446
0.057834395
-0.0019447051
0.054830547
0.044458139
0.055012996
-0.066423028
-0.00098655487
-0.063378744
0.032254928
0.040645456
-0.0026740374
-0.057731994
-0.0022572469
0.046877398
0.062694717
0.049679537
-0.083864201
-0.014512288
-0.075408193
-0.00062840831
-0.0013188548
0.013081658
-0.065227681
0.0059338519
-0.0017034219
0.076351273
-0.00076762661
0.073044233
0.016603354
0.021295413
-0.087432743
-0.0025726643
-0.083454635
-0.0025586865
-0.0027763861
0.0014205607
-0.076742767
-0.0018101539
-0.0029437317
0.024936187
0.066879266
-0.011020923
-0.054450912
-0.0017719497
0.008856851
-0.043840055
0.0025449897
-0.0014610148
-0.025522914
0.04280307
-0.0010511885
-0.044882301
0.0047477552
0.058769001
0.0064908844
0.027030216
0.050129343
0.0004468952
-0.068014933
-0.0029769683
-0.0025812681
-0.057869962
-0.0075273279
-0.0029057498
0.027262718
0.049568159
-0.0099185339
0.050133364
-0.048307699
-0.041351262
-0.0023659799
-0.059277542
0.039800742
0.0065108272
0.043234115
0.066540701
-0.050430541
-0.042356065
-0.01030939
0.066392332
0.036273927
-0.057933238
-0.059726043
-0.055916835
0.067749444
-0.060236516
0.065805375
0.05777017
-0.060640783
-0.0631834
0.061544402
0.058360678
-0.051308182
-0.05758759
0.061979799
-0.051582487
0.058842163
0.063530261
0.061534887
0.058991155
0.060201595
-0.062153634
-0.05711579
0.053687963
0.059475097
0.057191799
-0.050050433
-0.054563601
0.064963066
0.063879471
0.057903991
-0.058003949
0.060133023
-0.060904142
0.062237727
-0.062284678
0.067401229
0.045775473
0.050964525
0.051161794
0.045767502
-0.060189001
-0.064031861
0.055369333
0.054512976
-0.058137534
-0.062403072
0.047624997
0.054434622
-0.064116915
-0.059858928
0.047121048
0.05109501
0.054813668
0.051760198
-0.06299822
-0.0592805
0.039678011
0.055582816
0.04382111
0.052635923
-0.05985453
-0.053351208
0.05432104
0.046074173
-0.059868649
0.047078313
0.046565805
-0.052797704
-0.042312811
-0.054716587
0.049173621
-0.030189466
0.049812526
-0.054918841
0.059586125
-0.047100832
-0.047980143
0.054261193
0.044045979
-0.035054854
0.044109509
0.054660951
0.059083829
-0.045087732
-0.015940858
-0.055089032
0.040375414
-0.00057793337
0.039286207
-0.054807954
-0.054834747
-0.0017149808
0.040244115
-0.052056274
0.057745107
0.056729811
-0.040674692
-0.019064746
0.055127326
0.03681013
-0.0011347333
0.033792142
0.055306984
0.055393149
-0.0012279537
0.033257678
0.052399972
-0.010373936
0.0040356134
0.04329465
-0.046422381
-0.0063352148
0.048199938
-0.038133828
0.051815224
0.043200057
-0.012192412
0.0036627985
0.035500309
0.046277718
-0.00607701
0.040422146
0.037300013
-0.042958628
0.038143733
-0.029321664
0.039813092
0.042416186
0.047124242
0.037521855
0.053630694
0.054580645
0.047681005
0.03749314
-0.040289177
-0.051041472
-0.054764572
0.037711132
-0.03788469
0.037472077
-0.055415006
0.05660605
-0.032864146
-0.05097016
0.056079063
0.030608776
-0.038232559
0.030519471
0.05703312
0.057690628
-0.034920816
-0.021084335
-0.056147823
0.031760537
-0.0018122046
0.027785855
-0.056645952
-0.05684019
-0.00062367768
0.026470664
-0.053679663
0.058613554
0.055353665
-0.028144138
-0.021740253
0.058056847
0.025336105
-0.0026877634
0.021671532
0.058836102
0.059160053
0.00014277859
0.020496322
0.055880199
-0.013496994
0.0031512051
0.028251954
-0.047114562
-0.0056199604
0.033122668
-0.037486041
0.048251986
0.037803361
-0.014186343
0.0024892532
0.022236518
0.048945915
-0.0049845221
0.026911221
0.038751111
-0.030848659
-0.031088211
-0.018506405
0.063095157
-0.018380229
0.059045227
0.040315239
-0.031671566
-0.018674858
0.052987777
0.036513773
-0.0051091274
-0.0047963692
0.008557332
0.060658613
0.0087010208
0.054460441
-0.027623321
-0.010995654
0.065489221
-0.011323349
0.06139971
-0.015504238
0.031513207
0.017688448
-0.0049120019
0.0085148987
0.047544293
0.026043591
-0.011124837
0.056119906
0.013319775
-0.001256249
0.0014072544
0.013979503
0.069438908
0.014444856
0.068309239
-0.0024895054
-0.017777376
0.072039994
-0.018302051
0.074655077
0.010714213
0.0027641787
-0.012361412
0.0025843996
0.014109298
0.065344587
6.3281284e-05
-0.017671524
0.074651953
-0.012809905
-0.021991428
0.049299956
-0.0098971059
0.052665862
0.055234353
-2.9113467e-05
-0.011443753
0.01273904
0.011414856
-0.00184934
-0.013592135
-0.032730906
-0.019504787
0.045711994
0.025677537
-0.034355457
-0.020947127
0.037961815
0.024981306
-0.0055209986
0.0080103811
0.040633499
-0.025505955
-0.010408106
0.050020591
-0.01217103
0.024969537
0.011027314
-0.0066517896
0.0072362799
0.034133237
0.026116457
-0.009245476
0.043226093
0.012190649
0.0019247979
0.012963427
0.060454101
0.0013784744
-0.015850184
0.07139275
0.014034853
-0.0026495631
-0.014835902
-0.00061007267
0.011098997
0.053456254
-0.0017145225
-0.012947047
0.06438285
-0.014325118
-0.065116441
-0.062330899
0.053504874
0.023346374
-0.065983927
-0.063531125
0.040493673
0.017035113
-0.056600954
0.040836301
-0.047916455
0.041371104
0.04040131
0.012954104
0.0033451064
-0.05827649
0.023110114
0.031802166
-0.05008353
0.031985531
0.011469586
0.030619366
-0.055713044
0.037700729
0.032850289
-0.0051070549
-0.011600882
-0.063613961
0.027580093
0.022677741
-0.083906853
0.023157586
-0.079352126
0.020179139
0.015126522
-0.0055130256
0.096435605
-0.0057599388
-0.0010046652
-0.013917567
-0.0038414713
-0.086133787
0.010075144
0.0052218526
-0.084639505
0.0052942514
-0.00094008151
-0.0087273006
0.093839351
0.0037150902
-0.017437956
-0.066074737
0.023930288
-0.064001106
0.024308618
-0.0021097368
0.075118173
0.020336071
-0.00093379403
-0.064726492
0.030148562
0.003961264
-0.063054659
0.0045978909
0.017592683
0.0076589667
0.073777428
-0.059346981
0.022090475
-0.051843265
0.021858971
0.020051002
-0.0074984836
0.069430473
-0.0067872209
-0.00080066703
-0.0084941975
-0.0075282845
-0.059052528
0.0094282705
0.011324392
-0.052350979
0.01057778
0.0071471808
-0.0035409901
0.061568176
0.0084183023
-0.011305597
-0.071880327
-0.06145419
0.016599457
0.011554288
-0.0050253798
0.087272582
-0.0016301784
-0.014209834
-0.020014483
-0.079504396
-0.07020325
0.0047557993
-0.016590406
0.076447599
-0.00025423719
-0.021240967
-0.054551909
-0.058297051
0.038532234
0.053197481
-0.049797741
-0.052065694
0.02814961
0.051779594
-0.058749437
-0.055299396
0.031755006
0.035825225
0.051360663
0.042868723
-0.051705873
-0.048236113
0.023572036
0.052118362
0.027372226
-0.05801796
0.038935741
0.033265574
-0.054376162
0.030204404
-0.052327967
0.019665549
-0.051717692
0.02228874
-0.00050379661
0.055612731
0.039631954
-0.00074351844
-0.048212749
0.048622107
0.0031838278
-0.045489036
0.003496089
0.040690741
0.028793205
0.053425632
-0.044504362
-0.044338795
0.016364101
-0.0014345964
0.042793192
0.056749396
-0.039500345
-0.035919385
0.0029091848
0.052399878
0.039593659
-0.042488238
-0.03871571
0.015176767
0.018511201
-0.0046842338
0.035670289
-0.0060819754
0.049806396
0.035804332
-0.03187331
-0.027540029
0.0064884103
0.049517603
0.031094259
0.009100957
0.034899334
-0.048969679
-0.043758326
0.020906174
-0.0070380757
0.049547612
0.021925221
-0.041623822
-0.0365584
0.010781353
0.020310166
0.043771276
-0.025228256
-0.047668827
-0.05795762
0.023175001
-0.036006575
0.023792628
-0.059249444
0.054114928
-0.017661046
-0.041443743
0.060075531
0.015819312
-0.031482836
0.017713708
0.061693239
0.057268074
-0.020785205
-0.020979536
-0.060645441
0.017912734
-0.0038106645
0.015870992
-0.061812811
-0.062243469
0.0010980571
0.015750088
-0.058887742
0.061324072
0.05570611
-0.013409473
-0.018991713
0.063587358
0.010197183
-0.0051839051
0.010817674
0.065421085
0.065877554
0.0022434783
0.012398226
0.062484081
-0.014286244
0.0016785761
0.017797445
-0.051692758
-0.0042081437
0.022000131
-0.041078085
0.046947545
0.035602077
-0.013942654
0.00073084329
0.014879187
0.055182105
-0.0033356331
0.018184937
0.044375258
-0.035949932
0.015628391
-0.0256696
0.017730896
0.018628436
-0.014176082
0.035909079
-0.014817215
0.024627271
0.011586186
-0.011736582
-0.030211753
0.038468197
0.013275246
-0.022446655
0.016340447
0.046365195
0.034627735
0.025801636
0.017064402
0.022497549
-0.010322359
-0.032934658
-0.062061451
0.0088971851
-0.025286924
0.012559376
-0.063908547
-0.0079238976
0.025874742
0.051869659
-0.0032799288
-0.023014837
0.06353365
0.0027268738
-0.018327189
0.008482973
0.065432384
0.056903677
0.019938228
-0.0066852506
-0.016235246
-0.066436433
0.0032677617
-0.0067499456
0.0069560026
-0.069401563
-0.069741244
0.0035527728
0.010342671
-0.066349556
-0.0075951505
0.013104132
-0.012804226
0.064290047
0.057598469
-0.0012240111
-0.013470116
0.068577774
-0.0013744202
-0.0083842501
0.004786799
0.073379202
0.073411339
0.0049775419
0.0092810342
0.070081855
-0.013406967
-0.00034062497
0.013031315
-0.059153889
-0.0024039525
0.014901884
-0.048485125
-0.016013723
0.01336551
-0.016625306
0.048730558
0.037965205
-0.013036002
-0.001535689
0.011496937
0.063285371
-0.001421535
0.011360484
0.053208975
-0.036523328
-0.022990385
0.030388453
0.012681867
-0.039022104
-0.02547025
0.023593788
0.016446498
-0.008271696
0.0062760814
0.02809355
-0.027924633
-0.0077787538
0.035638093
-0.01347366
0.022541292
0.0089040497
-0.010255768
0.0052385221
0.022251487
0.03093086
-0.0062183158
0.02703489
0.016093965
-0.0047000323
0.0087278612
0.044165652
0.00084618306
-0.0092505388
0.053428714
0.013627028
-0.0039962994
-0.014697012
-0.0096651084
0.0061973154
0.032530176
0.0013316993
-0.0052648799
0.038812666
-0.011855142
-0.048147022
0.016756707
-0.032263407
0.014475062
0.011694063
-0.0045276426
0.061333521
0.0015924459
-0.015202303
-0.020679406
-0.0098607532
-0.056463105
-0.008527904
0.010620497
-0.038576083
0.0043547214
-0.00013588651
-0.0097715841
0.042429145
-0.0019032508
-0.017888914
-0.041353877
-0.027999592
0.018256441
-0.013392467
0.049837262
0.00034626924
-0.042653421
-0.029846939
0.015116948
0.010713266
0.034272212
-0.012359802
0.004241682
0.016153993
-0.035098628
-0.0048345617
0.017268624
-0.020125165
-0.014452425
0.015654709
-0.0099130603
0.025699996
0.01252424
-0.014201397
0.0033902548
0.0093588392
0.040378974
-0.0039385666
0.0064780987
0.025669812
-0.014523401
0.003998325
0.018839299
-0.0049654068
-0.0017446177
0.021481282
0.0088429597
-0.0042057452
0.021148604
0.00055132842
-0.00076409739
-0.012492912
-0.017824541
0.0027592568
0.0040588285
0.010282958
0.00028310144
0.0032396111
-0.0042890381
-0.04019234
0.0058442354
-0.047810038
-0.033197955
-0.030114232
-0.0057242607
-0.052971826
-0.0054967387
-0.025395448
0.040955546
0.039237473
-0.042942488
0.018371246
-0.050558582
0.033846165
0.03164683
-0.018479021
-0.055739318
-0.01799302
0.028768689
0.036975669
0.0067531908
-0.055589524
-0.020330176
-0.0084933072
-0.055775926
-0.0080852865
-0.016437539
-0.025924094
0.05388573
-0.008630994
-0.037275205
0.034836846
0.044611785
0.019251038
-0.058531014
0.025992574
-0.020262198
-0.05907397
-0.019821859
0.024119407
0.033501752
0.059420295
-0.020615306
0.043700886
-0.053574432
-0.052871012
-0.009880259
-0.049415692
0.052691077
-0.01147823
-0.061067287
0.054350838
0.062985611
-0.060607261
-0.059890191
-0.022358827
0.053786309
0.060354166
-0.02465657
0.062691042
-0.051960658
-0.059680259
-0.029525628
-0.064267056
-0.031030735
-0.033152973
0.057506062
0.039856868
0.065608155
0.040942539
0.063157646
0.058884037
0.058967337
0.06349776
-0.056165793
0.039305426
-0.063967617
0.052749737
0.052504297
-0.039013558
-0.068316895
-0.040721724
0.052513242
0.059288744
0.070075766
-0.043149023
0.064052264
-0.04536381
0.029931941
-0.052921909
-0.035298202
-0.033804305
-0.02945679
-0.057997682
-0.028927463
-0.032201087
0.052692445
0.039396855
0.060280544
0.045379206
0.044772308
-0.047335368
0.040210629
-0.05482993
0.037471807
0.036512092
-0.038782155
-0.059782195
-0.038297382
0.035725925
0.044408023
0.06478807
0.029476083
-0.060733385
-0.030903236
-0.029638122
-0.061305211
-0.029338854
-0.030274254
-0.03969535
0.063115532
-0.030604441
-0.049043231
0.037610046
0.066446558
0.038923951
0.044411945
0.052855923
0.037868514
-0.062395957
0.035288688
-0.037201772
-0.062873966
-0.037072237
0.035302541
0.044822991
0.065536122
-0.038760747
0.053509585
-0.065814866
-0.064540647
-0.033105481
-0.05750594
0.065383152
-0.036395254
-0.064222153
0.041500095
0.070960096
0.044935831
0.059882
0.064808731
-0.069392735
-0.067484876
-0.041888639
0.060660711
0.06849169
-0.045962953
0.065616111
