FiniteElementSpace
FiniteElementCollection: ND_3D_P1
VDim: 1
Ordering: 0

-0.0012485782
0.00069581061
0.0055288214
-0.0048328422
-0.0066447913
-0.014219443
0.0026543022
-0.020192291
0.012926806
0.018782522
0.018798168
0.010608013
0.00089406151
-0.048945846
0.022113628
-0.060063033
0.0052518763
-0.047717835
0.025838202
-0.058283439
-0.010432119
0.0024742855
0.0034813784
-0.0070053817
0.04500098
-0.069431636
0.04376279
-0.068598606
0.044340451
-0.066851254
0.044344193
-0.068070675
-0.0048152002
0.0046131497
0.0049624858
-0.0072907643
0.077796077
0.0016618258
0.078760256
-0.0025726643
0.066945751
0.018054875
0.065707755
0.017153901
-0.0057917173
-0.005753051
0.00072943129
0.0036305791
0.033826012
0.0046185223
0.044238777
-0.0060687492
0.03520222
-0.0099443517
0.045336439
-0.015130403
0.006538686
0.0185241
0.017499081
0.0061693593
-0.010624055
-0.04398734
0.0047014758
-0.051038424
-0.0093219534
-0.047914325
0.0083560851
-0.056327622
-0.00085369959
0.0083418785
0.011706297
0.0012018442
-0.010843495
-0.019533427
-0.0023210479
-0.022863314
-0.012183336
-0.023749886
-0.0043131315
-0.026344725
0.040507312
0.049477417
0.053575358
0.044845897
0.043395027
-0.062731899
0.04448211
-0.059952623
0.042802411
-0.061002689
0.042985703
-0.058526297
-0.00036733292
0.0045807877
0.0045455059
-0.00012807056
0.035438249
-0.044319409
0.036653157
-0.042562335
0.033200577
-0.035190616
0.036168339
-0.033851411
0.0033196533
0.0099981258
0.0095838197
0.0013523606
0.04845581
-0.041403736
0.052560278
-0.04885195
0.052622516
-0.029734689
0.057389272
-0.038193159
-0.0054127085
0.0093061819
0.0092036567
-0.0072757548
0.0098716536
-0.009247173
0.021335095
-0.015391877
0.0088061993
-0.010995237
0.01888916
-0.013860302
-0.047112069
-0.031199019
-0.015999114
-0.028682267
0.049699893
-0.01273959
0.056812809
-0.0122523
0.048852212
-0.022593194
0.057458854
-0.022832776
-0.0061656245
0.0028953842
0.00034449078
-0.0092720201
0.008473479
-0.023973475
0.016751285
-0.019989747
0.0073842938
-0.032465063
0.016685011
-0.027995309
-0.033584138
-0.022383972
-0.025364373
-0.036597807
0.04910115
-0.050735012
0.059215961
-0.051903758
0.05034527
-0.057463765
0.060243652
-0.058664022
-0.047262651
-0.035556579
-0.03711331
-0.048891336
0.073889329
-0.068229231
0.071751098
-0.070828001
0.07393284
-0.073104618
0.071829757
-0.075634611
-0.045579051
-0.034341561
-0.032441572
-0.043367594
0.00077280459
-0.063904127
0.015841055
-0.061338129
-0.0016313691
-0.071717789
0.01527779
-0.070027206
-0.03628473
-0.028719568
-0.043089748
-0.051730014
0.054306679
-0.061669073
0.062591619
-0.062689154
0.054734488
-0.057609966
0.062342927
-0.058533061
-0.075117867
-0.064985115
-0.063348867
-0.073342731
0.036508971
-0.066467418
0.0446616
-0.067498196
0.029755016
-0.064469245
0.037928593
-0.06671685
-0.066004297
-0.073494616
-0.072820431
-0.065800967
-0.0051889277
-0.06367797
0.013242673
-0.062789038
-0.0047344721
-0.047610149
0.012360844
-0.046327774
-0.052602448
-0.043178519
-0.043300935
-0.051700806
0.071112477
-0.058826549
0.068890713
-0.059520294
0.069071545
-0.047951119
0.066773038
-0.047991202
-0.048101491
-0.039603643
-0.02935933
-0.037298145
0.050087955
-0.057051547
0.040429147
-0.055590809
0.049218722
-0.05310624
0.040079987
-0.051190022
-0.015740376
-0.0087969075
-0.0082883956
-0.015141745
0.045595367
-0.055786306
0.03660574
-0.05682375
0.053081063
-0.051462566
0.044247056
-0.052797704
-0.054816812
-0.045808254
-0.045593146
-0.054716587
0.044915687
-0.030469346
0.037702755
-0.028643875
0.043449905
-0.020055862
0.036840498
-0.018843964
-0.04531115
-0.037619165
-0.034424902
-0.042540909
0.058777612
0.0028672098
0.045561174
0.0043526943
0.047095453
0.012581088
0.036851731
0.014452972
0.01634947
0.014964438
0.015526323
0.013358974
0.057834395
-0.0019447051
0.054830547
-0.0028981585
0.058590606
0.011978652
0.057073388
0.010548203
-0.016437539
-0.0095989004
-0.0073403193
-0.01501305
0.036273927
0.013355402
0.029387299
0.012386516
0.042351758
0.018594546
0.035390862
0.017575225
-0.028756426
-0.018856014
-0.026755898
-0.037267969
0.051150164
0.039329825
0.044326746
0.037546806
0.052036636
0.045498022
0.045119781
0.043484307
-0.041433111
-0.030183716
-0.03104622
-0.042129246
0.051155534
0.054989271
0.043140767
0.05314204
0.050233141
0.054459904
0.041600445
0.052994965
-0.045107189
-0.034431288
-0.031919368
-0.041975784
0.0033393569
0.0041305877
0.0115912
0.003363322
-0.0024326379
-0.0057530743
0.0075503171
-0.009431906
0.02690316
0.036103365
0.042942417
0.030252624
0.020311
0.012112994
0.029000138
0.009216929
0.01810897
-0.0047680354
0.028521845
-0.0075614463
0.032999143
0.048069859
0.050789254
0.034499239
0.013838451
0.003542078
0.023443492
-0.0055027934
0.013191897
-0.011699907
0.024253614
-0.01732821
0.0086563251
0.018993206
0.018985208
0.0073199129
-0.0093703869
-0.027270338
0.0015087208
-0.033006854
-0.010659118
-0.037216299
0.002302294
-0.043300172
0.0095389211
0.017402367
0.019327461
0.0093619779
-0.0073828975
-0.015663412
0.0037369403
-0.021252113
-0.010895526
-0.023463243
0.0011535703
-0.030260996
0.026442236
0.035863808
0.041988415
0.030591073
0.015561257
-0.020087314
0.027144892
-0.022696156
0.013705411
-0.032604513
0.025843939
-0.035014846
0.033046846
0.045650323
0.046879812
0.033799418
0.013280102
-0.025540713
0.024936404
-0.028424993
0.014908599
-0.036969262
0.02651484
-0.038053196
0.0095013516
0.02048392
0.020755235
0.0096181419
-0.0019526737
-0.035748973
0.009599626
-0.040745717
0.0027451519
-0.037524929
0.013069872
-0.04094031
0.015419238
0.027883958
0.024283751
0.013836929
0.019736208
-0.054841024
0.028609056
-0.055909907
0.022091568
-0.054401768
0.029971669
-0.055029243
0.012687467
0.021810636
0.020132057
0.011801317
0.03430854
-0.056879488
0.040602062
-0.057025867
0.036649755
-0.055540633
0.041371985
-0.055145873
-0.0039797863
0.0041251226
0.0044689179
-0.001684734
0.0090958336
-0.046268771
0.028217349
-0.055358935
0.01166131
-0.04449341
0.028794427
-0.051271011
-0.0047500771
0.0098534934
0.0077144729
-0.0023903512
0.0068252679
-0.039794917
0.015955372
-0.041478948
0.009496777
-0.042056615
0.01777389
-0.042030569
0.022764579
0.034089479
0.026504663
0.01719155
0.0239914
-0.053060108
0.031058446
-0.05319223
0.025142545
-0.050724059
0.031701846
-0.050331155
0.013630912
0.021711014
0.019108082
0.011597212
0.03732997
-0.05302036
0.04058074
-0.05168161
0.036175989
-0.049301492
0.038300675
-0.046722512
-0.000609759
0.0062475828
0.0053026043
0.00034372221
0.053014626
-0.071294633
0.051979873
-0.070411426
0.053637551
-0.06521508
0.053351198
-0.065886588
0.015488658
0.027142072
0.031506083
0.0181863
0.048315816
-0.070815811
0.042184647
-0.07041731
0.050525313
-0.065364444
0.045211308
-0.066078584
0.021095796
0.035948231
0.039823431
0.023832691
0.040779331
-0.07002609
0.035540001
-0.07011311
0.042837856
-0.067368387
0.039140457
-0.069579382
-0.0096285494
0.0055417439
0.0063313947
-0.01146679
0.044569036
-0.060880602
0.04602471
-0.064379146
0.045864129
-0.052114518
0.048773124
-0.057802379
-0.0069481204
0.0044819573
0.0048641719
-0.0093818245
0.054577612
-0.055596584
0.055035211
-0.057852983
0.055755317
-0.043459674
0.056857482
-0.047156034
0.016506544
0.028575868
0.03288042
0.019196362
0.053014179
-0.056055708
0.048451202
-0.057931026
0.055494553
-0.044107708
0.051500282
-0.047003252
0.02187732
0.036968086
0.040319098
0.02423969
0.046017555
-0.061022056
0.043693725
-0.065534381
0.050031818
-0.051678725
0.048638991
-0.058203314
-0.011429826
0.0054305959
0.0061733184
-0.012777493
0.066163572
0.010076468
0.066222024
0.0063230881
0.064263768
0.018763635
0.062478335
0.018544263
-0.0010576285
0.0070779435
0.0055699623
0.0013556714
0.063711384
0.0076594236
0.058616623
0.0051082249
0.058270592
0.015267359
0.051998949
0.015587089
0.0048780682
0.0060654049
0.0080916614
0.0087399335
0.075887979
0.0023650684
0.069124702
0.0004468952
0.061869291
0.016023079
0.055574285
0.016423955
0.011233198
0.0070373221
0.012046129
0.015699797
0.057117239
0.033633016
0.054599334
0.034683838
0.048654114
0.047103598
0.045451833
0.049187356
-0.0041390462
-0.0035778955
0.0012241536
0.0023527511
0.061554596
0.030167793
0.058977668
0.031957811
0.058810109
0.041581575
0.055985594
0.044374253
0.00085287764
0.0084005059
0.0097077054
0.0038690067
0.054121772
0.025501619
0.047518445
0.02739406
0.051073095
0.036683131
0.044622185
0.039220461
0.0075741338
0.012254845
0.015545479
0.011402437
0.050247001
0.029484425
0.044411081
0.031358076
0.040930311
0.041900996
0.035558662
0.044319678
0.0077843091
0.005927197
0.009882791
0.011363974
0.037144084
0.015969191
0.044245657
0.011944375
0.038057867
-0.0047384875
0.046063011
-0.0065128039
0.034389983
0.050759283
0.048034231
0.032603777
0.049858135
0.014955537
0.053615577
0.010736524
0.052007171
-0.0059355116
0.055519488
-0.0069226387
0.029368457
0.043048324
0.036559174
0.025170994
0.053781256
0.0034861752
0.061494404
-0.0063237469
0.053941821
-0.0095884073
0.060305348
-0.014115132
0.0060408621
0.015962493
0.014116688
0.0060308189
0.035876742
-0.023823825
0.045485896
-0.025012563
0.036801064
-0.036194278
0.045416167
-0.034713055
0.0095059085
0.020202519
0.018999776
0.0090854044
0.037623658
-0.023281591
0.046259642
-0.02333628
0.036724616
-0.038703958
0.04562002
-0.037623336
0.033041715
0.04597072
0.043416553
0.031121562
0.052482425
-0.02488237
0.055920484
-0.02347884
0.051961227
-0.04119114
0.055374632
-0.038241946
0.028479385
0.039827541
0.035850399
0.025589635
0.053183195
-0.022754066
0.058406833
-0.023373092
0.051987489
-0.035300781
0.056102745
-0.033270985
0.008393854
0.017390834
0.015648724
0.0075345829
-0.012549364
-0.02872024
0.0002150458
-0.036144156
-0.012234771
-0.031784228
0.00091996442
-0.039316523
0.018937075
0.029999475
0.034327614
0.022977932
0.0130261
-0.041942643
0.025157517
-0.044151333
0.01355892
-0.048315511
0.025234968
-0.050310987
0.025218059
0.036544599
0.036991929
0.02593924
0.017895191
-0.045637309
0.028990473
-0.045857212
0.021888547
-0.051632379
0.032139109
-0.051667294
0.0034815829
0.013902829
0.015055786
0.0054108385
-0.0068214189
-0.049599393
0.012819155
-0.059389561
-0.0033027835
-0.049731031
0.01758642
-0.060526321
-0.0089168058
0.0019814541
0.0050901785
-0.0055080753
-0.010085754
-0.033426342
0.0030095623
-0.040567534
-0.0064692219
-0.034510765
0.0060691557
-0.04078636
0.013994147
0.02631079
0.027200132
0.016057081
0.015087884
-0.052222676
0.025984491
-0.053970133
0.017274704
-0.054231177
0.027194799
-0.055673751
0.017084438
0.027313405
0.026807468
0.017280491
0.026357795
-0.055253415
0.035494966
-0.055425246
0.030699407
-0.056879828
0.038498053
-0.057171611
-0.0022578999
0.0071427606
0.0083365348
0.00042856221
-0.0059905071
-0.022077047
-0.0005977882
-0.019278593
-0.0087322305
-0.027846314
-0.0042798891
-0.024318066
0.056082687
0.059760563
0.062617012
0.059684642
0.0078354296
-0.035196836
0.018042308
-0.035971284
0.0038859741
-0.042347739
0.0143484
-0.043023321
0.061230182
0.063771114
0.063811246
0.061271486
0.0081915753
-0.037463772
0.019612421
-0.039557824
0.0058450725
-0.04433446
0.017226115
-0.046185524
0.046936394
0.055438536
0.055550689
0.04718582
-0.011484314
-0.027475786
-0.0042797584
-0.028924343
-0.0090521167
-0.03108026
-0.0025046158
-0.031265737
0.038041677
0.048354254
0.047883068
0.038032481
-0.0097053128
-0.033375386
-0.005766597
-0.029092352
-0.008991735
-0.03850025
-0.0051629843
-0.033672714
0.056554055
0.062138598
0.061723571
0.05601138
0.00231684
-0.047852121
0.01298912
-0.048205115
0.0030101469
-0.05167721
0.013858681
-0.051669693
0.054906111
0.060693188
0.059609236
0.053683041
0.0054031328
-0.049102436
0.016526444
-0.050497613
0.0066335226
-0.052099796
0.017352446
-0.052975863
0.037445004
0.046891384
0.045685144
0.03647216
0.036313401
-0.06539165
0.04285253
-0.064514076
0.036871636
-0.062742164
0.042892326
-0.06234427
0.011251795
0.019271624
0.019431358
0.011217939
0.048056368
-0.069883498
0.0515845
-0.06868693
0.047935766
-0.065015727
0.051675392
-0.065078171
0.011877703
0.020805372
0.023437137
0.013319298
0.044956542
-0.06696799
0.045200279
-0.064827791
0.043151831
-0.064760918
0.04369964
-0.063964427
-0.00092443488
0.004473653
0.0044690876
-0.002578864
0.041046158
-0.057275343
0.040886282
-0.055026891
0.038382224
-0.051687058
0.038548507
-0.049649608
0.00034608964
0.0047148654
0.004374713
-0.00057192236
0.037343878
-0.058179411
0.043015237
-0.058235946
0.037652574
-0.051847916
0.043202103
-0.052309596
0.010805469
0.018325471
0.019125564
0.011061453
0.048024905
-0.057363707
0.052052395
-0.058674916
0.048326128
-0.047485218
0.052697734
-0.049939891
0.012212317
0.021293979
0.024563753
0.0140954
0.041335297
-0.059789615
0.042706097
-0.060454056
0.039892863
-0.052425126
0.042540078
-0.054561551
-0.0022514524
0.0042355657
0.0042745294
-0.0044664751
0.037805389
-0.043793509
0.04351151
-0.044601837
0.037936706
-0.033996832
0.044113995
-0.035086176
0.017319482
0.025298904
0.027063834
0.018186485
0.048908252
-0.036020862
0.05364896
-0.039432148
0.049932012
-0.023694307
0.05501812
-0.027790904
0.019695364
0.029690898
0.032575214
0.02139912
0.039438477
-0.043145797
0.043656479
-0.046653455
0.040785294
-0.032492257
0.046622502
-0.03712857
-0.00088643011
0.009438171
0.009378337
-0.0032091312
0.032972049
-0.024261062
0.03830284
-0.023493719
0.036330703
-0.011464343
0.044452248
-0.011351675
0.0051698213
0.019496416
0.019815807
0.0033314812
0.038354666
-0.022424565
0.045325445
-0.023710475
0.039604651
-0.0091119712
0.047631894
-0.010445457
0.031717815
0.042165955
0.045250774
0.033752383
0.051666062
-0.01133233
0.056990728
-0.015731081
0.054466543
8.6642495e-05
0.059779079
-0.0040657105
0.035195862
0.047420918
0.048108334
0.035584888
0.044899633
-0.021029022
0.052079551
-0.026345156
0.052847838
-0.0093102166
0.06070668
-0.014559821
0.0017073634
0.019936912
0.019639307
0.00037874807
0.057141264
-0.03006232
0.058700093
-0.034894008
0.058774993
-0.016756237
0.060526641
-0.022278742
0.022989821
0.035277801
0.03752429
0.02429113
0.057756783
-0.030997655
0.054070214
-0.034615908
0.059704919
-0.018201523
0.056035418
-0.022149347
0.025230717
0.039171897
0.040153204
0.025796951
0.054595546
-0.040357758
0.053472754
-0.048150968
0.059507021
-0.028243488
0.05790198
-0.036248732
-0.0085774264
0.0091138742
0.0091117925
-0.0091239703
0.058674875
-0.018094806
0.063309841
-0.026535181
0.066937981
-0.0073679557
0.070406359
-0.014512288
-0.00062840831
0.018846128
0.017615536
-0.0013188548
0.06075205
-0.0048601382
0.062362651
-0.010502914
0.06317142
0.0044285338
0.064242042
-0.00065790329
0.034812369
0.047238024
0.045140942
0.033077167
0.061332209
-0.006969652
0.05740484
-0.010827597
0.062659761
0.0018144975
0.05824646
-0.001567205
0.030790467
0.042409643
0.039722693
0.028454304
0.064688828
-0.01648827
0.061899716
-0.023536544
0.07015283
-0.0060560839
0.065599138
-0.011020923
-0.0017034219
0.016121385
0.014615987
-0.0017719497
0.0067424633
-0.0017847487
0.017687557
-0.0039405381
0.0082360259
-0.013316738
0.015171976
-0.01041828
-0.015547602
-0.00097888318
0.0034545576
-0.0051852535
0.026691615
-0.0065913806
0.034940517
-0.0085245654
0.021412619
-0.015123032
0.028241139
-0.014454797
0.0023525346
0.006782865
0.0087401877
0.0067622423
0.031811265
-0.010821967
0.041301243
-0.012864028
0.029077043
-0.014890184
0.039200023
-0.015978633
-0.015514741
-0.0050759748
0.001197766
-0.0080686259
0.0087734484
-0.013513859
0.017548589
-0.013287103
0.0088540491
-0.017675966
0.016945799
-0.015094963
-0.038171133
-0.0242119
-0.017349845
-0.029550463
0.011958208
-0.023565548
0.015485164
-0.0168532
0.015176299
-0.03250304
0.016971604
-0.023603007
-0.010676572
0.00093850309
0.0029761433
-0.0061773783
0.019925782
-0.024339962
0.025886741
-0.022005895
0.020812413
-0.033372699
0.02672705
-0.030213439
-0.004505823
0.0036446217
0.0034441121
-0.0045501026
0.027369502
-0.021064731
0.037853067
-0.021213546
0.026683378
-0.028399607
0.037454093
-0.027806681
-0.025561941
-0.014446839
-0.014061228
-0.024685019
0.042964639
-0.010117606
0.050759371
-0.01218569
0.036170455
-0.018915794
0.045029559
-0.021358021
0.0079880191
0.0091942619
0.0081473328
0.0061800498
0.057920052
-0.010512389
0.063786324
-0.011500182
0.054124182
-0.021169283
0.0623894
-0.025238307
0.0016809297
0.0057407947
0.0022515362
-0.0049448508
0.062382794
-0.010481128
0.066123845
-0.0085717044
0.064356927
-0.026868468
0.068898208
-0.026666261
-0.016573183
-0.0058932497
-0.014963642
-0.026951802
0.048308376
-0.032562776
0.057872045
-0.033296265
0.048373119
-0.042178381
0.058410323
-0.04320783
-0.025946535
-0.015347997
-0.017903636
-0.028790639
0.033699301
-0.028424484
0.043118907
-0.030950621
0.034750721
-0.037885544
0.044525571
-0.040384488
-0.0057140565
0.0026196987
0.0012847806
-0.0077441577
0.053335888
-0.032134357
0.063103808
-0.038186985
0.055214701
-0.042631071
0.065570373
-0.049625365
-0.010540071
-0.00049661005
-0.0026596742
-0.014030378
0.065608586
-0.041670951
0.070647576
-0.042821221
0.066505164
-0.054153881
0.071716784
-0.056188714
-0.032871295
-0.021525675
-0.026061968
-0.037914188
0.016466869
-0.040472156
0.018527665
-0.031044622
0.015425561
-0.047713201
0.01971304
-0.03934862
-0.01189971
-0.0040419858
-0.0046894247
-0.01417369
0.023120413
-0.041627144
0.029875432
-0.038416705
0.026376867
-0.048747539
0.034784248
-0.046175
-0.017051695
-0.0057341801
-0.0068172613
-0.019875338
0.026838716
-0.036263761
0.037950724
-0.035236273
0.027558559
-0.044200375
0.039113226
-0.043072967
-0.040429444
-0.029062729
-0.032707131
-0.044252837
0.0055958913
-0.042684188
0.016558182
-0.038463026
0.0032946676
-0.053643399
0.016280548
-0.050149257
-0.03291038
-0.024104067
-0.035358388
-0.04524229
0.012333461
-0.054298656
0.020456077
-0.048315765
0.0078694984
-0.060087572
0.020886774
-0.057348019
-0.015934524
-0.010177642
-0.013561974
-0.024241405
0.030294345
-0.054479328
0.040966496
-0.053095554
0.034624286
-0.05859386
0.047879632
-0.058738561
-0.031197323
-0.016353943
-0.018249787
-0.036117486
0.028552641
-0.051734362
0.040628777
-0.050800841
0.029565429
-0.058277489
0.042170467
-0.05774421
-0.055458149
-0.044730083
-0.051331589
-0.062620874
0.038527906
-0.046458226
0.048571265
-0.048889283
0.044392038
-0.05342505
0.054562392
-0.055685471
-0.022083526
-0.0077329759
-0.0083573067
-0.023331176
0.059171691
-0.051747915
0.06919968
-0.058669045
0.064508844
-0.058638127
0.073311955
-0.064511276
-0.023535476
-0.0086551337
-0.0086729813
-0.022865824
0.067251507
-0.063448556
0.072332785
-0.065889861
0.067896996
-0.068816421
0.072598181
-0.071253767
-0.048953639
-0.037236371
-0.036146738
-0.047669985
0.051836674
-0.061723738
0.061314775
-0.062891513
0.05325889
-0.063138976
0.062181984
-0.064241479
-0.066102265
-0.054563774
-0.054229525
-0.06570351
0.051688202
-0.058240062
0.061746573
-0.060148002
0.059673336
-0.060588453
0.069304661
-0.061910524
-0.038535444
-0.019073683
-0.018781932
-0.038296798
0.070473354
-0.062683754
0.077244209
-0.066648538
0.076313694
-0.063607431
0.080445173
-0.065028775
-0.035593895
-0.017467955
-0.015351927
-0.030945833
0.068364721
-0.069880827
0.072507203
-0.072017837
0.068500117
-0.066774284
0.071982649
-0.068441781
-0.061728763
-0.050597192
-0.04438034
-0.054967903
0.077368319
-0.054120288
0.082432708
-0.06260204
0.079996129
-0.061182608
0.083644353
-0.068181426
-0.021680274
-0.0085211674
-0.0083430044
-0.020421589
0.083400001
-0.052126079
0.079699233
-0.058561879
0.083522307
-0.059571725
0.079183828
-0.064595168
-0.019496868
-0.0082770476
-0.0084226525
-0.019171794
0.066175698
-0.062693224
0.057796213
-0.064481413
0.066557603
-0.068023457
0.058665918
-0.069674369
-0.041662335
-0.031010405
-0.030395551
-0.04084328
0.073515336
-0.072673211
0.071419548
-0.074754127
0.072591289
-0.067543464
0.070450508
-0.068959862
-0.046583355
-0.036635906
-0.028600626
-0.037922968
0.081494188
-0.065024734
0.082746943
-0.069285226
0.081603336
-0.06546841
0.07980771
-0.066198141
-0.02512652
-0.012755823
-0.010067846
-0.019054053
0.080650021
-0.063973661
0.075008222
-0.066464352
0.075154439
-0.065210134
0.067784319
-0.064545207
-0.013660246
-0.0076996354
-0.0060412498
-0.0097613756
0.066480835
-0.068475068
0.059135763
-0.069667503
0.06580795
-0.06472946
0.058988933
-0.06527198
-0.030299112
-0.021498238
-0.016355503
-0.024782179
0.0028940864
-0.064714327
0.021193816
-0.065471095
-0.0017057978
-0.067590726
0.021520773
-0.071411884
-0.021014088
-0.014387563
-0.01918982
-0.031874442
0.03905602
-0.060866846
0.054868205
-0.062604226
0.043171989
-0.061080957
0.061173427
-0.064173802
-0.040620319
-0.022989046
-0.02544184
-0.046314503
0.030393307
-0.063130144
0.043441296
-0.063090714
0.030884924
-0.065557809
0.044202455
-0.06598969
-0.064120366
-0.054655669
-0.06213031
-0.07209717
-0.0035863727
-0.075252651
0.01464368
-0.074190601
-0.0048215811
-0.072904845
0.013971614
-0.07211476
-0.043491134
-0.035651872
-0.045811155
-0.053839372
-0.0051362494
-0.067944694
0.021895376
-0.073747529
-0.0068122848
-0.064916939
0.022187163
-0.071136395
-0.02619287
-0.015581184
-0.019384782
-0.034272221
0.046447799
-0.059033607
0.065992604
-0.062979142
0.048289922
-0.05454892
0.06856968
-0.0586861
-0.040946153
-0.02260274
-0.02491298
-0.045384849
0.030931224
-0.064910802
0.044288181
-0.065693278
0.030450239
-0.060756209
0.04360844
-0.061705856
-0.062374755
-0.054181229
-0.059628617
-0.06789272
0.067511106
-0.060408153
0.07639441
-0.060919622
0.074325641
-0.05786681
0.082229954
-0.057426155
-0.048543933
-0.026380476
-0.025820065
-0.047372057
0.08135449
-0.061515441
0.082553223
-0.060091694
0.085074121
-0.056858632
0.083440854
-0.052691883
-0.043248945
-0.023933441
-0.021023615
-0.036908269
0.068128818
-0.060163596
0.070926056
-0.061306098
0.067117805
-0.051147116
0.069273172
-0.051794724
-0.067481403
-0.05786556
-0.049542304
-0.058628059
0.054391864
-0.051527092
0.061337236
-0.052336915
0.053241757
-0.044137556
0.059608448
-0.044823143
-0.069926244
-0.061710981
-0.060539854
-0.068596371
0.079293772
-0.053297617
0.086174377
-0.051915468
0.081748612
-0.047107817
0.087817003
-0.044993455
-0.04724387
-0.026153537
-0.026299026
-0.046579117
0.087164542
-0.05032025
0.083213171
-0.04392452
0.087553587
-0.042659709
0.082158117
-0.034901201
-0.043727675
-0.025435737
-0.023731254
-0.039201214
0.065430113
-0.041051521
0.067044827
-0.041290953
0.063162226
-0.031182465
0.064383313
-0.031136777
-0.064416434
-0.056599914
-0.050592475
-0.058125264
0.043394913
-0.063915375
0.051599148
-0.065224467
0.038789972
-0.060120548
0.046751329
-0.062182118
-0.078333312
-0.079268643
-0.077679876
-0.077156245
0.057802043
-0.063111528
0.061852771
-0.065219139
0.053374068
-0.054143825
0.058486553
-0.05767969
-0.072906246
-0.072307951
-0.064173042
-0.066417635
0.051269918
-0.067327509
0.056052252
-0.069196936
0.045580678
-0.061885544
0.052268295
-0.066257594
-0.064598689
-0.07004824
-0.065767516
-0.062727868
0.023872741
-0.060297378
0.032003876
-0.063700318
0.019605078
-0.054212762
0.027508738
-0.05847608
-0.064163137
-0.069018735
-0.068158989
-0.063417748
0.034468346
-0.054256583
0.04216559
-0.057025141
0.030918304
-0.046955749
0.038258681
-0.05022356
-0.072302326
-0.073014558
-0.071770834
-0.071253062
0.049086698
-0.0440911
0.055018671
-0.048813368
0.045211815
-0.03419235
0.051539172
-0.039645161
-0.068186162
-0.067970055
-0.06228333
-0.063649603
0.040460776
-0.054770818
0.048646238
-0.061255042
0.036300118
-0.046713762
0.045286793
-0.054574127
-0.062025145
-0.065951377
-0.062802806
-0.060255565
-0.0064986605
-0.057725987
0.022095382
-0.062629075
-0.0044914618
-0.045907455
0.021176636
-0.048051159
-0.030537913
-0.014435057
-0.014949275
-0.031291349
0.048108872
-0.047502624
0.068297666
-0.051178219
0.045432977
-0.037867665
0.064822265
-0.040626694
-0.03233341
-0.01587897
-0.017115353
-0.033566375
0.029371673
-0.052990496
0.042141071
-0.053907178
0.027623556
-0.041907947
0.039911733
-0.042621438
-0.051495975
-0.043853346
-0.044743642
-0.051878881
-0.0037729572
-0.026222736
0.011137898
-0.024396253
-0.002943169
-0.0029519098
0.0092897384
-0.00059929318
-0.057968351
-0.046775768
-0.037609587
-0.047246011
-0.0018260702
-0.029627952
0.018929208
-0.028440252
-0.00043932865
-0.010053216
0.014964385
-0.0064950012
-0.032290319
-0.013857271
-0.010133815
-0.025559319
0.040074341
-0.025780023
0.058156803
-0.027542499
0.032381803
-0.011621639
0.048864705
-0.012827538
-0.019862843
-0.0075529431
-0.0065211855
-0.016540138
0.025118429
-0.028221881
0.036953654
-0.02862537
0.02173803
-0.013074258
0.033249204
-0.013130861
-0.037929118
-0.029577404
-0.02459624
-0.032065339
0.080374016
-0.062708899
0.07532348
-0.059673351
0.07814931
-0.057266675
0.070123404
-0.0507999
-0.029266447
-0.017487033
-0.013777173
-0.021327947
0.067943772
-0.06339383
0.058734617
-0.059489555
0.060282276
-0.058844993
0.04944272
-0.052116675
-0.014097687
-0.010368604
-0.0077196791
-0.0084990128
0.064495761
-0.057765759
0.05816055
-0.057608168
0.06260175
-0.048706691
0.056721983
-0.047930703
-0.02756179
-0.020087063
-0.012928731
-0.020070615
0.066539274
-0.036428247
0.064210568
-0.035972811
0.063689848
-0.025614659
0.06140104
-0.024875587
-0.050567899
-0.043322247
-0.035623617
-0.042618016
0.075482571
-0.049878845
0.065199282
-0.040808794
0.073008138
-0.041357594
0.061499517
-0.030861915
-0.033605564
-0.02140979
-0.018736369
-0.027584797
0.053544045
-0.052036572
0.041558986
-0.043295429
0.048945308
-0.043527965
0.036499082
-0.033837258
-0.021782881
-0.015999711
-0.013488605
-0.01681223
0.060273251
-0.038667087
0.054844675
-0.037462238
0.057725275
-0.028623113
0.05275184
-0.027252161
-0.035128098
-0.028313924
-0.022159538
-0.028891917
0.048083173
-0.064037944
0.036201942
-0.059740768
0.038218902
-0.061981716
0.02691083
-0.056574846
-0.0052949581
-0.0062362008
-0.0062379941
-0.0050111647
0.023078286
-0.066347499
0.0084307459
-0.061021552
0.015382916
-0.068033043
0.0029567036
-0.063622232
-0.0078606908
-0.0079291489
-0.011360662
-0.013681016
0.029269055
-0.056641157
0.016622463
-0.053115856
0.029182602
-0.059601814
0.016288774
-0.055824462
-0.018432435
-0.01160541
-0.018493351
-0.025309687
0.047927228
-0.047242732
0.039384023
-0.045071498
0.046432237
-0.039628823
0.03854602
-0.037476433
-0.024604291
-0.017840312
-0.015898006
-0.02280381
0.03003907
-0.057158654
0.019378182
-0.051162672
0.025053735
-0.049631202
0.015059501
-0.043601894
-0.01322059
-0.011465774
-0.010162099
-0.01145359
0.0093606741
-0.066426893
-0.0010571767
-0.062979915
0.0062323797
-0.061001459
-0.0027686321
-0.058310873
-0.011804918
-0.0098014884
-0.010594542
-0.014334252
0.028913398
-0.059425426
0.016037586
-0.055595769
0.028658613
-0.055218248
0.016093848
-0.051554559
-0.023787632
-0.016655612
-0.020106985
-0.027500315
0.048553742
-0.055040492
0.039711425
-0.055159542
0.053648963
-0.050466441
0.045225293
-0.05063321
-0.035464902
-0.025026317
-0.024479525
-0.035070778
0.029252917
-0.050427906
0.017479229
-0.048619554
0.034134346
-0.052295397
0.020526305
-0.049154778
-0.037273334
-0.027371788
-0.033365666
-0.041709545
0.025965484
-0.047768717
0.014248566
-0.047950609
0.032481392
-0.046651022
0.018337802
-0.045087732
-0.054918841
-0.046878241
-0.049295384
-0.055089032
0.058619571
-0.0455503
0.050083141
-0.047100832
0.061203745
-0.038515323
0.0531296
-0.040289177
-0.05445354
-0.048647696
-0.048474171
-0.054764572
0.057114805
-0.044284846
0.049223255
-0.044539647
0.058295528
-0.03680788
0.051044237
-0.037264002
-0.041030136
-0.032660871
-0.031277575
-0.040237559
0.037843915
-0.051519792
0.022955037
-0.047407995
0.039839869
-0.047364983
0.024507877
-0.042891206
-0.041313926
-0.032364076
-0.035805815
-0.044078046
0.037601908
-0.043633043
0.021666001
-0.040674692
0.040519993
-0.038557256
0.023790172
-0.034920816
-0.055415006
-0.049412826
-0.051226441
-0.056147823
0.024212328
-0.039665657
0.014856871
-0.034092338
0.027638997
-0.027803865
0.018824631
-0.023001527
-0.028737151
-0.019005892
-0.016458617
-0.025586501
0.0067307878
-0.051575489
-0.0016991778
-0.049211281
0.01084678
-0.038475161
0.002125132
-0.035889117
-0.022159455
-0.01338887
-0.010029724
-0.018692265
0.028524218
-0.046480565
0.016581467
-0.043210701
0.028440124
-0.033342368
0.017443939
-0.030673414
-0.039722426
-0.031102321
-0.027838706
-0.036971067
0.041900891
-0.0088225204
0.035684241
-0.0084168492
0.039800742
0.0025987539
0.033565338
0.0021883058
-0.068635025
-0.059277542
-0.055556497
-0.065285692
0.034466546
-0.014864394
0.025968854
-0.010916533
0.04280307
-0.0019499109
0.034143154
0.0012977243
-0.044882301
-0.025522914
-0.02293459
-0.041376331
0.017649382
-0.022685213
0.0080584303
-0.019386581
0.025100626
-0.0060391112
0.014689761
-0.0018169689
-0.035361027
-0.018447391
-0.012098616
-0.027141582
0.028054641
-0.01680963
0.018361379
-0.014882216
0.026610235
0.00096273795
0.018667114
0.0021316015
-0.059244144
-0.049068479
-0.040232601
-0.050968098
0.051027395
0.0019473913
0.041186727
0.0020483128
0.044089641
0.010145436
0.035013113
0.011110621
0.012269542
0.011125991
0.014741976
0.015032568
0.029595571
-0.0074040192
0.017118079
-0.0043764682
0.025261884
0.0042012312
0.015345274
0.005798618
0.016998667
0.018735047
0.023302042
0.018738448
0.030655522
-0.00057953417
0.015691211
0.0032956248
0.025429465
0.0079433776
0.01370065
0.010510764
0.0079927436
0.014176094
0.012370305
0.0027617491
0.037360417
0.023017533
0.029232225
0.025344293
0.029568734
0.033694729
0.022847195
0.035993314
0.012665577
0.012674736
0.014173107
0.011723112
0.039702236
0.019651849
0.031149496
0.021116682
0.037120761
0.030112305
0.028929031
0.03174353
0.014905199
0.019112214
0.022614349
0.017821657
0.022237395
0.01466412
0.013207994
0.015541207
0.02024987
0.024787747
0.011113484
0.025443884
0.020093519
0.025894655
0.028984404
0.021824942
0.020010895
0.017040563
0.0094996061
0.019978876
0.014866425
0.026836697
0.0046405661
0.0303145
0.00906833
0.014521952
0.01406594
0.0056934601
0.076351273
-0.00076762661
0.073044233
-0.00098655487
0.067319342
0.016007851
0.066296851
0.013973518
-0.0057695136
-0.00470739
0.0013932358
-0.0020159842
0.066879266
0.0047477552
0.058769001
0.0064908844
0.062799046
0.017484856
0.057182802
0.017048339
-0.0010769724
0.0052349679
0.0060548458
-0.0032451237
0.049679537
0.0065108272
0.043234115
0.0053988034
0.053581897
0.015879076
0.048535626
0.014496956
-0.016743785
-0.0082431134
-0.012311328
-0.021560799
0.059036442
0.02305097
0.058517807
0.021230565
0.05938721
0.031864367
0.059519254
0.029754941
-0.030274254
-0.021491846
-0.021098929
-0.030575807
0.060892455
0.030098606
0.062259413
0.02609407
0.056565092
0.041622961
0.06009424
0.035832972
-0.013934031
-0.0080529233
-0.0044869192
-0.012318297
0.061357914
0.029154708
0.058134403
0.026625088
0.061434865
0.039386731
0.060228396
0.035062202
-0.011834952
-0.0019990138
-0.00099622068
-0.012660619
0.056162641
0.024322146
0.052130925
0.022638243
0.057893728
0.031777335
0.054521939
0.029813541
-0.031942367
-0.02184874
-0.023795571
-0.034373757
0.049568159
0.0095610433
0.039876417
0.012499021
0.049835923
0.017351653
0.041120068
0.018624401
-0.0081028664
0.0037609048
-0.0010091377
-0.014660837
0.029912127
0.0087523101
0.019442103
0.01372298
0.031311046
0.014756282
0.020527753
0.018094327
-0.021588407
-0.0069092808
-0.011955192
-0.027517815
0.022944849
0.016846508
0.017173034
0.01746888
0.027923391
0.020029026
0.02009745
0.020347701
-0.046021986
-0.034789105
-0.041998161
-0.054286602
0.046584226
0.025179739
0.039678223
0.023967434
0.049407875
0.032343727
0.042572139
0.030852279
-0.037739869
-0.026830188
-0.030683725
-0.041797236
0.052600646
0.026301588
0.04484474
0.026090266
0.056203282
0.035457298
0.049234733
0.034036262
-0.014771676
-0.0016274785
-0.0037322724
-0.017926293
0.03504101
0.023877214
0.023442411
0.026440303
0.039412651
0.034342665
0.027089683
0.036452918
-0.021663023
-0.0068158198
-0.010074393
-0.025322973
0.031555319
0.027576092
0.02233384
0.027419409
0.034086733
0.036895787
0.024122325
0.036084758
-0.046219591
-0.03494641
-0.039105804
-0.050642715
0.059134652
0.043979438
0.052703336
0.041649286
0.060444884
0.051204983
0.054257147
0.048254263
-0.018187103
-0.0061776582
-0.0067392933
-0.019005427
0.042932487
0.04464792
0.030297591
0.046231632
0.044650353
0.05363123
0.032271939
0.054368638
-0.020438321
-0.0079583892
-0.010019485
-0.022789645
0.03566809
0.045940038
0.025452945
0.044389034
0.036387403
0.053254388
0.026264048
0.051009554
-0.043293558
-0.032460523
-0.03485118
-0.045453912
0.052232146
0.05036315
0.045089158
0.04824002
0.051884872
0.053593054
0.044373736
0.051521149
-0.04288468
-0.031776624
-0.030561446
-0.041218178
0.059781687
0.056641065
0.053528665
0.053343241
0.0573488
0.059959857
0.050727499
0.056574507
-0.020518436
-0.010384778
-0.010204167
-0.019819038
0.044185584
0.060472785
0.032611975
0.059996859
0.04167848
0.064691483
0.031287871
0.06276311
-0.019729469
-0.010298683
-0.01147868
-0.021183058
0.036310595
0.058023309
0.026481465
0.05526845
0.035517428
0.060016859
0.026054964
0.057048111
-0.040155714
-0.030037159
-0.031217738
-0.040741983
0.053787221
0.060995248
0.046520471
0.05775921
0.049996235
0.059730209
0.041856169
0.056838057
-0.023591101
-0.014137248
-0.013730433
-0.022004798
0.037684921
0.066114321
0.028575795
0.062745629
0.033027232
0.06482114
0.024966627
0.060330034
-0.020831147
-0.013239397
-0.013669705
-0.021121507
0.034126125
0.059469232
0.024983797
0.05664959
0.03230756
0.056914728
0.023333174
0.054620228
-0.039258522
-0.029933649
-0.029518943
-0.037953523
0.049336893
0.051988718
0.04000785
0.051020152
0.048705192
0.047602449
0.038653819
0.047175659
-0.048232172
-0.038009086
-0.035184895
-0.044773552
0.046914829
0.056269493
0.037752079
0.053849911
0.045286392
0.050802475
0.035065521
0.048896944
-0.026839826
-0.016231952
-0.016001609
-0.025105853
0.028616639
0.061071255
0.021060686
0.056060676
0.02526636
0.055221968
0.017461028
0.050483725
-0.023299004
-0.015467594
-0.015399054
-0.022115809
0.030290498
0.053002443
0.021243816
0.051569543
0.02835911
0.048307771
0.018935687
0.047987818
-0.040960306
-0.03220444
-0.029685209
-0.037311936
-0.00095299139
-0.008207945
0.0047064313
-0.0049164787
-0.0065989382
-0.016461644
-0.0022912099
0.0084610683
-0.015385172
0.012939508
0.0051730385
0.018817126
-0.012931553
-0.020128565
-0.020886063
-0.011672263
0.0088624544
-0.0024746388
-0.028434291
-0.032079652
0.022092983
-0.014444963
0.026445691
-0.034536309
-0.021348581
0.030747559
-0.010632158
0.00033308913
-0.01549035
-0.0043624141
-0.018922581
0.049224495
-0.026776692
0.053260347
0.048861294
-0.028933869
0.052027632
0.057507829
0.055578777
0.008401722
-0.0054415517
-0.0049213755
0.0053966704
-0.0084301701
-0.021394696
-0.018515735
-0.014856802
0.048133432
-0.030096925
0.050068814
-0.012457088
-0.004537123
0.052288805
0.0028809348
-0.0496721
-0.048512395
-0.049727382
-0.049656725
0.070650435
-0.04504589
0.069966417
0.06605908
-0.047432505
0.067297917
0.069633104
0.069144014
0.0063008588
-0.0039850244
-0.0044034621
0.0088166909
-0.050370335
-0.051482223
-0.015385035
-0.018231253
0.057731731
-0.050502025
0.061033728
-0.02120038
-0.0050388376
0.065288999
0.011082194
-0.071961199
-0.072882785
-0.065950697
-0.064360001
-0.0058977373
-0.070633139
-0.0019092059
-0.017283842
-0.060268203
-0.017223339
0.0014205607
-0.016904137
0.0053690608
0.0052943328
-0.00072329212
-0.002911427
-0.059807043
-0.057087316
0.001060306
-0.0023111024
-0.030013686
-0.052304915
-0.031982874
-0.0064246335
-0.0065179393
-0.033493329
-0.0097506205
-0.034440863
-0.043060331
-0.036274932
-0.045312922
-0.011841446
-0.050561872
-0.0043282529
0.006527244
-0.052533716
0.0095886127
0.0062523614
0.014506605
-0.0090477658
-0.020451845
-0.019124102
-0.0083839751
-0.036995055
-0.046101557
-0.034782117
-0.032705798
0.023459884
-0.052953254
0.023197666
-0.029587617
-0.017387788
0.024006051
-0.0077636814
0.012084183
-0.0023841044
0.01114159
-0.0045669857
0.040559441
-0.015738323
0.044915493
0.045382143
-0.017990906
0.049917933
0.048093582
0.05341533
0.0055368917
-0.004452654
-0.0079351238
0.0026409575
0.0086408321
-0.0077944476
-0.015793518
-0.019090241
0.047990708
-0.02087807
0.052633555
-0.020862591
-0.010227916
0.056633642
-0.00028244622
0.0087700312
0.0021064476
0.010902377
0.0051195838
0.027800101
-0.0072179555
0.028896816
0.034018449
-0.0038726721
0.034659653
0.031727605
0.037023507
-0.038854451
-0.04865084
-0.050512206
-0.041135802
0.011073294
0.0059385574
-0.056195523
-0.057727357
0.039144362
-0.0027668724
0.039099126
-0.057915025
-0.050936089
0.040685922
-0.041915488
-0.040006005
-0.043983655
-0.039865134
-0.043158203
0.067011604
-0.046972789
0.065062844
0.064103588
-0.045947097
0.063094816
0.062380815
0.061249745
0.00042181308
-0.0040132462
-0.0038262965
0.00071813776
-0.039195346
-0.042149178
-0.010245256
-0.010334953
0.058818302
-0.045063751
0.058736595
-0.011255386
-0.003729518
0.057761098
0.0019463259
-0.03670368
-0.040324402
-0.035601036
-0.040316739
0.042218354
-0.044549751
0.043865701
0.031486356
-0.045661537
0.033906925
0.044681715
0.035606069
-0.0046738199
-0.014343155
-0.014151419
-0.0025454029
-0.035497755
-0.041794085
-0.023501621
-0.024869161
0.019591087
-0.048417412
0.022641759
-0.02643212
-0.014091937
0.025098856
-0.00040682846
-0.053634806
-0.05675051
-0.056492387
-0.060084644
0.034075198
-0.057505352
0.040691838
0.021384554
-0.061017126
0.028716924
0.048806607
0.037514514
0.0033505304
-0.013559806
-0.012973928
0.0047136713
-0.060406706
-0.063902539
-0.028317227
-0.028321001
0.0098458224
-0.064420443
0.01702421
-0.027815369
-0.01226604
0.025330835
0.0055746516
-0.007993896
-0.01980842
-0.0081786584
-0.017086216
0.0060291472
-0.029898336
0.0095548142
0.011578773
-0.025617231
0.011839632
0.013409056
0.013660951
0.042027286
0.026905942
0.015517971
0.028009885
-0.0099841399
-0.016309456
0.012079786
0.0045158001
0.018698644
-0.023719375
0.016536998
0.00036169324
0.0091019374
0.016434637
0.019869448
-0.047118555
-0.054417931
-0.04318319
-0.051867492
0.012488793
-0.060507974
0.012255467
0.023927266
-0.059700498
0.025466249
0.010931609
0.025453795
0.0159015
0.0060957289
0.0086886749
0.018912566
-0.041489403
-0.051019759
-0.0013471698
0.00063549805
0.03512261
-0.059919535
0.037830147
0.00434066
0.013660558
0.03881647
0.024648317
-0.012286835
-0.017338933
-0.01143741
-0.018049944
0.034316375
-0.02476226
0.029888345
0.042381865
-0.026787695
0.038137255
0.027462066
0.035455168
0.03275399
0.022855077
0.030398737
0.040978526
-0.0092326309
-0.018563067
0.013705123
0.019256822
0.050348483
-0.029357093
0.047034342
0.024324332
0.037189329
0.044601898
0.048342845
-0.043894934
-0.05406314
-0.047324501
-0.057423023
0.054218425
-0.063403875
0.057730844
0.060486875
-0.066250893
0.063724568
0.059666495
0.065685379
0.05745169
0.045652514
0.046293107
0.058087147
-0.051650777
-0.061436202
0.030685147
0.031202979
0.063694844
-0.069338104
0.066271637
0.029886274
0.044445029
0.068059963
0.056004496
-0.075635858
-0.076897402
-0.076910894
-0.077555727
0.061532939
-0.074355346
0.066670541
0.067283738
-0.074709334
0.071701729
0.068957262
0.073891457
0.046091976
0.035470098
0.03013599
0.040238047
-0.077389989
-0.076920516
0.023343966
0.019419767
0.068557357
-0.073354956
0.071435346
0.016018079
0.025530682
0.07316097
0.035196272
-0.0024707401
-0.018951147
0.0009420207
-0.018945131
0.06389889
-0.034950897
0.063677426
0.067866923
-0.037361836
0.069135414
0.062594038
0.068780131
0.039469552
0.031960251
0.045155381
0.053382021
0.0036133749
-0.018855938
0.023640628
0.033806019
0.068684951
-0.039068496
0.070969756
0.042033298
0.055824039
0.071165897
0.064608582
-0.060774928
-0.069253157
-0.064395038
-0.071989511
0.060430763
-0.074460282
0.060903996
0.054743567
-0.075732195
0.054052085
0.062074963
0.054897143
0.074328503
0.065152961
0.063501587
0.0725217
-0.066683833
-0.073393858
0.049429328
0.048314534
0.047393699
-0.07585115
0.045684744
0.044476087
0.058346609
0.046241002
0.067041858
-0.039373839
-0.04756758
-0.033300279
-0.041407743
0.065489383
-0.054019752
0.067243151
0.059921626
-0.048668417
0.063331405
0.068750936
0.066804987
0.065422321
0.072034439
0.071170935
0.06491786
-0.027882848
-0.035857822
0.076531598
0.075254331
0.052657803
-0.043730884
0.057506871
0.071279353
0.068479824
0.062704413
0.063538987
0.0052080081
-0.018115947
0.0040765744
-0.017051044
0.057692953
-0.038969493
0.059914354
0.045304002
-0.036549447
0.04653907
0.060361672
0.046692339
0.056324383
0.04591829
0.040682097
0.049631723
0.0023657765
-0.015105785
0.031910033
0.028521719
0.029050808
-0.032316525
0.02902256
0.026105916
0.036685394
0.028701365
0.044513934
-0.075574394
-0.072077304
-0.073441039
-0.06851183
0.059549018
-0.066366693
0.058256068
0.051050932
-0.061785
0.047829557
0.058571983
0.047489246
0.049241085
0.041428718
0.03188487
0.039272808
-0.07083015
-0.064832134
0.031500659
0.024057553
0.04134207
-0.05739317
0.036683868
0.017139877
0.02309391
0.035865134
0.030139873
-0.049633727
-0.039058402
-0.044591694
-0.034550155
0.060202617
-0.027093882
0.056821565
0.059831196
-0.023447963
0.056249374
0.054454349
0.053531068
0.018347207
0.011633443
0.010435423
0.017155347
-0.040080755
-0.030637481
0.008017018
0.0070393145
0.056728082
-0.020438687
0.05317402
0.0089069035
0.01276669
0.050306269
0.019571106
-0.047114192
-0.038284896
-0.053860075
-0.045335789
0.052156611
-0.02781803
0.052074931
0.05009617
-0.03393587
0.049296024
0.052675412
0.049173621
0.05421267
0.046305412
0.04607264
0.054261193
-0.058716869
-0.050628023
0.03687015
0.036253504
0.046121734
-0.038686731
0.04477067
0.038050135
0.047252314
0.044045979
0.054660951
-0.03562987
-0.027476832
-0.03635816
-0.028784272
0.041167948
-0.018828737
0.038270781
0.028895029
-0.020635196
0.026487075
0.035904112
0.024772437
0.057473301
0.048975181
0.045419282
0.0543931
-0.038658313
-0.031449604
0.03727965
0.033772079
0.01454717
-0.023559912
0.012588859
0.028718366
0.040210499
0.011688465
0.049729044
-0.056328991
-0.044800332
-0.045777906
-0.036180144
0.00058745974
-0.031334821
-0.0020040065
-0.0084911857
-0.025696204
-0.010380985
-0.0049319854
-0.012793547
-0.01523082
-0.014178188
-0.015301572
-0.013405457
-0.038411333
-0.03007677
-0.014199929
-0.017021976
-0.01807514
-0.02115416
-0.019765445
-0.019044163
-0.014879854
-0.022311986
-0.0094852557
-0.066423028
-0.063378744
-0.06239661
-0.061248833
-0.0026740374
-0.057731994
-0.0022572469
-0.015634692
-0.057884702
-0.014027793
-0.0012348575
-0.012611687
0.024119407
0.016280699
0.015165621
0.023790664
-0.05955011
-0.06002641
0.010448184
0.0079240295
-0.026556873
-0.058521884
-0.023802806
0.0072157467
0.015997388
-0.022021252
0.025365505
-0.042356065
-0.034139705
-0.046080107
-0.038406532
-0.01386708
-0.02607855
-0.015534598
-0.018643142
-0.029934178
-0.019442827
-0.015095671
-0.018923298
0.033984065
0.023482106
0.029237416
0.040148016
-0.049776928
-0.042691191
0.011907059
0.016626211
-0.025983042
-0.033938393
-0.026013168
0.021865006
0.035300232
-0.025238525
0.0466327
-0.055308879
-0.048989178
-0.056422544
-0.050158019
-0.04289039
-0.040053425
-0.0415977
-0.050171375
-0.041252685
-0.048311521
-0.039996028
-0.046310704
0.042208954
0.030981022
0.030704193
0.041610593
-0.056261416
-0.049810526
0.019338564
0.019312261
-0.055623069
-0.040973019
-0.053286305
0.019909108
0.03106314
-0.051020031
0.041562326
-0.05301896
-0.045523372
-0.050850447
-0.042560154
-0.059738176
-0.036704541
-0.056939614
-0.05839018
-0.033542337
-0.055722737
-0.054802132
-0.054024075
0.04671174
0.036280048
0.033458631
0.043241129
-0.049054808
-0.039857633
0.025360138
0.023585703
-0.055044575
-0.03040782
-0.052795161
0.02201099
0.030882125
-0.051751197
0.039869351
-0.0060270367
0.0037975895
-0.015689942
-0.00030363111
-0.0032915001
-0.010640148
0.045023932
0.054544389
-0.0088331577
-0.025198348
-0.0085539769
0.0031362362
-0.021275365
0.0051882373
0.061335814
-0.037404587
-0.043815056
0.0052088283
-0.011209769
-0.0053877279
-0.045887141
-0.054306323
0.014656421
-0.016772081
0.017993935
-0.059881288
-0.048124036
0.01276858
-0.033916848
-0.0032630761
-0.031413566
0.064753982
-0.015489639
-0.041333349
-0.014628651
0.0037023094
-0.040317471
0.004599711
0.064573713
-0.011044053
0.0068764771
-0.049933999
-0.035453157
-0.017976836
-0.027956114
-0.062227897
0.02096304
-0.03803043
0.021865334
-0.061457277
-0.049256332
0.023093906
-0.025371453
-0.026069706
-0.0043438381
0.010662906
0.0058088832
0.016072421
-0.021214362
-0.0097795762
-0.026216104
0.024622707
0.026487608
0.01132337
-0.0016136341
0.032905695
-0.014489001
0.037172729
0.040552194
-0.004492988
-0.013001129
-0.015803837
-0.005474245
-0.022808376
-0.027115536
-0.029564265
-0.01759647
-0.0068032103
0.0095656522
-0.017890293
-0.0011350267
0.044691931
0.052139743
0.024335213
-0.012886774
0.028357248
0.056586611
-0.033028765
-0.038461957
0.012120916
0.0014526204
-0.042644253
-0.048717862
-0.010314344
0.035861581
-0.052033438
-0.041474028
-0.030203674
-0.024661384
0.05810979
0.035236217
-0.035472785
0.036082942
0.057088254
0.036582452
-0.042302248
-0.030325152
-0.02222954
-0.052892508
0.046131551
-0.033329972
0.046862669
-0.051836422
-0.041411669
0.035927297
0.046918892
-0.029736183
-0.026620341
-0.037349925
0.036615646
0.03611047
-0.018376539
-0.0079277978
-0.027645952
-0.037781313
0.046132986
-0.018256052
0.038154305
0.044376184
-0.0085419882
0.0037621396
-0.033878654
-0.0045333663
-0.00072038418
-0.036965585
-0.0081612053
0.039396388
0.03470156
0.045112522
-0.013738883
0.046425405
0.046568314
-0.016549596
0.047021667
0.031427856
-0.030560103
-0.024777617
-0.0047153479
-0.040346454
-0.01157203
-0.041403503
-0.034698594
0.047619192
-0.019350861
0.047343708
-0.030276445
-0.021037118
-0.054050302
-0.023389514
-0.054020658
-0.025461011
0.029289526
0.060764627
-0.03286035
0.061074399
0.059244403
-0.034326907
0.059570146
0.028332648
0.060914656
0.059436694
-0.018815916
-0.010955237
-0.053004905
-0.027674629
-0.027694943
0.056242636
-0.036026287
0.0566289
-0.026803677
-0.017932685
0.056486834
-0.034567952
-0.035480021
0.06000688
0.058492837
0.0579992
0.056306237
-0.0042482852
0.0011566763
-0.035567079
0.055380071
0.052796904
-0.011040015
-0.022459308
0.046885723
-0.030044281
0.047319409
0.047666476
0.012212657
-0.041896846
0.027289523
-0.045725218
-5.5262242e-07
-0.015129991
-0.011520173
-0.0015631249
-0.011434676
-0.041818683
-0.021786054
-0.027604497
-0.020575781
0.044617988
-0.028707078
0.043415854
-0.0161565
-0.009091631
0.033310812
0.04154738
-0.0024489061
-0.0074939777
-0.043449269
-0.014239928
0.043993048
0.035775271
0.047995933
-0.021763608
0.047163207
0.03050849
0.010082632
-0.043374623
0.018133779
-0.037996355
-0.02925987
-0.0084771399
-0.04534296
-0.015717428
-0.046820177
-0.037786722
0.047118033
-0.023462805
0.045903658
-0.03216484
-0.023840747
0.025340342
-0.050903454
-0.029755558
0.027699695
0.051796012
-0.037752824
0.052262066
0.027015477
0.052075721
-0.047035012
0.031822123
-0.046119612
-0.021168123
-0.0138234
-0.04737288
-0.031470233
-0.029484016
0.045768073
-0.039334789
0.046296195
-0.029234681
-0.020699595
0.046042271
-0.013117689
-0.034767896
-0.038059843
0.050718515
0.047617215
-0.044154493
0.034969569
-0.040233482
-0.0075914781
-0.0025035961
-0.033199864
0.044424755
-0.0067312947
0.040840176
-0.0017146042
-0.055235376
-0.071839652
-0.054440433
-0.056262888
-0.064795203
-0.055769669
0.038789956
0.044041357
0.071684044
-0.050876394
0.071321595
0.064875461
-0.052558364
0.065302623
0.049171328
-0.027283793
-0.031846434
-0.0573868
-0.054259493
-0.057108208
-0.038959976
-0.044425657
0.054324996
-0.054172462
0.055498788
-0.049637191
-0.036361204
-0.070899118
-0.04493058
-0.064955128
-0.04696687
0.053401933
0.069238636
-0.037225557
0.069520952
0.064736878
-0.03960302
0.065118079
0.05605387
0.04253905
0.034142595
0.069548475
0.037903077
0.06578476
0.026008986
-0.04020949
-0.023922628
-0.055186637
-0.048873974
-0.053851096
0.056567655
-0.041801503
0.057025066
-0.056416981
-0.04282269
0.041761124
0.058343149
-0.026027831
-0.039118655
-0.04274002
-0.031082382
0.069621263
-0.035824122
0.06710324
0.0072579144
0.028034196
0.070232086
0.033109707
0.069613109
-0.012529845
-0.0058730771
0.012745794
-0.046945498
-0.04093367
0.060942807
-0.0068437371
0.038784144
0.065403733
0.013530294
-0.05164294
-0.053874691
0.046646444
-0.053947114
0.051840468
0.058325393
0.0066483187
-0.0062495648
-0.0064661912
0.0088654123
-0.019026526
-0.02121371
-0.023221909
-0.0068009946
0.010575459
-0.058426466
-0.041345369
-0.058244415
0.040057408
0.045191854
0.041280916
-0.055475197
0.043082914
0.049912571
-0.031216046
-0.034761283
-0.059257342
-0.027381422
-0.059045544
-0.042304719
-0.046525462
0.027239156
-0.056328362
0.029500172
-0.050163233
-0.037892012
-0.04285947
-0.050379269
0.053596383
0.045872497
-0.04351997
0.046371987
0.055701014
0.042459025
0.045205044
0.048198334
0.025978091
-0.040271416
-0.024859073
-0.02947378
-0.051339543
-0.05281004
0.033958617
-0.044602988
0.034477905
-0.05411565
-0.041597008
0.047889052
0.036564718
-0.025941801
-0.051223705
-0.045709679
0.05179938
0.0070499687
0.044238896
0.057798356
-0.013186359
-0.0072751507
0.011516076
-0.055160811
-0.049637467
0.040642657
-0.0078868153
0.048808915
0.047335187
0.011502729
-0.060759248
0.012148005
-0.059539154
-0.062327561
0.018695867
-0.060378605
0.017630926
0.01313477
-0.011272311
-0.056289481
-0.009262329
-0.017129678
-0.056082792
-0.017250923
0.011110537
-0.0065554254
-0.007297197
-0.062549667
0.028696159
-0.060378358
-0.016507623
-0.015107161
-0.026616491
-0.05572167
-0.028086679
-0.015530864
-0.0094770228
0.0093850587
-0.051154084
0.015079805
-0.049854297
0.011274995
-0.0064529708
-0.044295272
-0.0052352507
-0.012580332
-0.042160952
-0.012871024
0.013205247
-0.0038706429
-0.013506537
-0.01254869
-0.010570266
0.024147845
-0.049114334
-0.017354411
-0.021431202
-0.041139302
-0.022607441
-0.020113365
-0.016007059
-0.024331453
-0.065082295
-0.053954063
-0.0028078395
-0.01446934
-0.0025812681
-0.015634011
-0.011196537
-0.014049559
-0.045934608
-0.026385702
-0.028517518
-0.054310471
-0.05111339
-0.042270307
-0.046222667
-0.045098629
-0.047454088
0.041886712
0.057476637
0.038260704
0.060164999
0.0023409472
0.00085703759
-0.00219729
-0.0020022515
-0.049901733
0.054294302
-0.046525043
-0.0041610945
-0.0060392085
-0.052601879
-0.041784238
-0.055610438
-0.0086589656
-0.0053550836
0.033735209
-0.05820571
-0.0056250563
-0.062217522
0.039311504
-0.060073154
0.018093719
0.017970831
-0.03729585
-0.055459862
-0.039487253
0.019380958
0.056560135
0.05111829
0.053732116
-0.011974239
-0.012822975
-0.061853138
0.0485326
-0.059846354
-0.021631789
-0.021654115
-0.047173813
-0.055501399
-0.049609101
-0.023037187
-0.014835671
0.0490491
0.034738445
-0.048913531
0.021895366
-0.03183028
-0.040992951
-0.033438248
0.025053461
-0.035566265
0.047204793
0.042982556
0.049790965
-0.017665589
-0.011656272
0.045087811
-0.049272764
-0.025462514
-0.042427827
-0.041602705
-0.044152705
-0.028558512
-0.020951359
0.035888175
-0.046212543
-0.014710861
-0.040160403
-0.033297753
-0.037921591
-0.040265203
0.052390251
0.028782408
0.054664391
-0.0082303442
-0.0080865748
-0.036148645
-0.029862433
-0.048288573
-0.010553418
0.023537489
-0.050169437
-0.0091435153
0.016935035
-0.047077636
-0.0044179003
-0.047393524
0.06101139
-0.017107418
-0.050927979
-0.01607108
0.0053370345
-0.052235707
0.0051955304
0.054686989
-0.04641364
-0.023457092
-0.046230959
-0.058024793
0.025323947
-0.052001568
0.024298915
-0.052636156
-0.041966851
0.016080826
-0.052805004
-0.0063564852
-0.054644932
0.046551784
-0.01400374
-0.052753458
-0.012738834
0.0073501032
-0.054623792
0.0068768741
0.037787747
0.029556254
0.055257777
-0.0087210829
0.056411818
0.0076480533
0.020688053
-0.036638926
-0.025922162
-0.026450205
-0.055032654
-0.046158756
0.026751114
-0.05526874
0.024998952
-0.039530325
-0.031230521
0.056421772
0.023387834
-0.022273788
-0.056283632
-0.057375285
-0.059639364
-0.0021642135
-0.059419819
0.0098976609
0.012273612
0.066468287
0.0062422637
0.063784127
0.013853243
0.0060824388
-0.01547326
-0.0071981454
-0.05709426
-0.058230837
0.022474238
-0.013657952
0.060672947
0.023005439
-0.006722296
-0.046121483
0.038165716
-0.052459845
0.035747497
0.033805426
-0.046433553
0.045415425
-0.04349734
-0.017437761
-0.0085383087
-0.048886652
-0.04583655
-0.028227201
0.050095341
-0.05149977
0.046550926
-0.026260097
-0.016184732
0.050668603
0.043070445
-0.0079731302
-0.03922459
-0.044458177
0.054117738
0.042010243
-0.050954235
0.040413948
0.049911192
-0.050569186
0.044712249
-0.039381553
-0.051285625
-0.042725561
-0.049519959
0.054899187
-0.049689864
0.053042992
-0.046612169
-0.036816466
0.050987501
-0.043485594
-0.054554773
0.045209429
0.043604376
-0.055135674
0.041047002
0.040701434
0.032092904
0.055708562
0.037889034
0.022904415
-0.054296657
0.054375555
-0.050597869
-0.034266422
-0.024270124
-0.056898613
-0.053737601
-0.043709501
0.057273475
-0.054670884
0.054379796
-0.041265318
-0.032158227
0.054691098
0.050461347
-0.022610261
-0.055995894
-0.056498628
0.034866203
0.014041214
0.05736876
0.032998447
0.0066409661
-0.046501923
0.053672475
-0.042943163
-0.014780755
-0.0069934872
-0.054484352
-0.054572911
0.046308103
-0.013488284
0.054104814
0.042987826
-0.005796639
0.012605211
0.002169672
-0.0092870334
0.040801516
-0.027589976
-0.030389446
0.011092086
0.0011506868
-0.0097165986
0.043780202
-0.03163816
-0.020960025
0.053734841
-0.031967434
0.054320246
0.046180355
0.036196101
0.035496837
0.054160234
0.025550952
-0.031647096
-0.021402918
-0.020859497
-0.041557623
0.058404197
-0.031494143
0.058852637
-0.040601273
-0.030915617
0.035480342
0.058630564
-0.021129075
-0.029232639
-0.038388243
0.053069183
0.015321385
0.039850555
0.050870425
0.0066579555
-0.011525567
-0.0027383334
-0.031134789
-0.039085118
0.057538157
-0.012016775
0.041569833
0.055351162
-0.0043991866
0.0048810594
-0.011605596
0.049071261
-0.023955973
0.053585272
0.057927549
0.010608242
-0.0012844254
-0.0035436539
0.0070321654
-0.013852586
-0.014245913
-0.014276412
-0.0050298422
0.0037547367
0.007946297
-0.0012465159
0.04323705
-0.011325091
0.045465601
-0.026405598
-0.025105142
-0.038226411
-0.035831552
-0.033869556
-0.023953875
-0.021756778
0.060599986
-0.031846262
0.060951065
0.035530178
0.02607407
0.035798942
0.060748702
0.017002181
-0.022871169
-0.01398141
-0.032289901
-0.031335409
-0.022081027
-0.013596305
-0.03302441
-0.039691491
0.059765112
0.0088616072
0.042887902
0.057719036
0.0022396524
-0.0058903925
0.0011290868
-0.0062746609
-0.0005608523
0.0026605359
-0.027318226
-0.0022588416
0.0057193845
-0.033640896
0.0016724628
0.060284487
0.062182203
0.03056776
-0.010247152
0.028473389
0.037404932
-0.0061326088
0.035056387
0.062894277
-0.0609402
-0.062145517
0.00732032
-0.039585701
0.0036037645
-0.0626161
-0.063384569
0.043319846
-0.0042966896
0.040676551
-0.063240928
-0.062169452
-0.035071136
-0.019956827
-0.042250596
-0.016170036
0.06299554
0.040193684
-0.030079818
0.04176413
0.047608806
-0.026961574
0.049328379
0.062916057
0.063267536
0.028683701
0.043394013
0.025607808
0.051052493
0.060398409
-0.061618174
-0.057298249
-0.04798428
-0.014689995
-0.06281722
0.053086618
-0.025965031
0.054615391
-0.062581235
-0.061022855
0.024630228
0.056129221
-0.056437844
-0.018025501
-0.014811355
-0.029027256
0.04491165
-0.026290018
0.052584943
0.054519652
0.030778296
0.028630902
-0.050372265
-0.013705157
-0.02539057
0.057446763
-0.049381677
0.027885473
0.0094878335
0.0047612604
0.043274675
-0.0037183449
0.042529446
-0.0054391762
-0.034807589
0.00055195353
-0.048655704
-0.045903925
0.0066052953
-0.038044353
0.001996765
-0.057138431
-0.054649679
0.04647794
-0.0063567082
0.045206801
-0.052370395
-0.043575522
0.0091572731
0.0074175078
-0.044838469
0.0035414969
0.064816071
0.064479727
0.048053388
-0.0047039181
0.0452361
0.063552958
-0.0069295166
-0.042995203
-0.0028028022
-0.063245843
-0.061347591
0.0062159548
-0.049020931
0.0017215338
-0.066677566
-0.065342276
0.051346592
-0.0070967126
0.048629883
-0.063739808
-0.059384771
0.0056343168
-0.052059359
-0.015479431
0.062669132
0.056447866
-0.027071608
0.057635695
0.062294712
0.058965199
0.025679786
0.058818434
0.052826983
-0.053826987
0.016642846
-0.053578356
-0.057843628
-0.050613779
-0.054321223
-0.018277241
-0.062468396
0.057627028
-0.030035453
0.058484706
-0.061963588
-0.057152108
0.02847728
0.059364105
-0.0497575
-0.014561357
-0.026238115
0.059849333
0.044716651
0.028460849
-0.053635261
0.019405794
-0.041779942
-0.01705604
-0.028564889
0.060157771
-0.040821336
0.030136653
-0.06549111
-0.041438689
-0.062448972
-0.042483726
0.028753734
0.068587772
-0.048413793
0.068188106
0.06407552
-0.049251398
0.064375051
0.030707818
-0.018387129
-0.057481352
-0.043791966
-0.027597049
0.057219095
-0.050329944
0.058204326
-0.030045865
-0.020191842
-0.070456848
-0.053161756
-0.064678143
-0.054005215
0.034156193
0.071458675
0.070839422
0.064787486
0.065172912
0.069770477
0.0655944
-0.023248777
-0.012981595
-0.056147842
-0.055028207
-0.033966548
0.054972887
0.056318669
0.058237941
-0.048985008
-0.048272979
0.068427846
0.066008727
0.066967516
0.066311064
-0.0037701591
0.0038996967
-0.047966834
0.060485738
0.062734958
-0.041102169
0.051429864
-0.044497764
0.052235823
0.052149045
-0.0062936853
-0.00019700319
-0.013622424
-0.014977136
-0.0061289944
0.0018533027
-0.050786045
-0.045197739
0.028214314
0.048423439
-0.051498402
0.0500054
0.031040912
-0.021931219
-0.04246457
-0.046566455
-0.030907481
0.038080166
-0.052638531
0.040099102
-0.033989122
-0.024389182
-0.04551444
-0.056072837
0.035146495
0.042913105
0.045077828
0.048363894
-0.02762567
-0.016869084
-0.033498533
-0.057021806
-0.03796032
0.029658773
0.032420478
0.036817149
-0.048208002
0.052350212
0.056520559
-0.0061333803
0.0042171539
-0.049221637
0.042279374
0.048116312
-0.040656236
-0.032554134
-0.047817276
0.033736163
0.035965189
0.026600842
-0.053689282
0.028831478
0.039132819
-0.032366211
-0.034761743
-0.041684139
-0.021080966
-0.048941583
-0.040810168
-0.043660813
0.014475099
-0.054655802
0.016628115
-0.046644838
-0.037345733
-0.020893903
-0.057824416
0.042579584
0.016350956
-0.059837962
0.019422078
0.045812234
0.024552696
-0.039439608
-0.027672584
-0.0085893593
-0.058498334
-0.049056649
0.0041746825
-0.060205325
0.0072166855
-0.050546509
-0.040694946
0.012571272
-0.051322165
0.031055479
0.038058944
-0.013932099
0.0016018919
-0.054903178
0.019480831
0.026882166
-0.037450326
-0.045715019
0.0069895806
-0.05355161
0.010355546
0.01323037
0.045073678
0.0033672461
0.056291058
0.0027959596
-0.0040158727
-0.025029578
-0.026381301
-0.0030989538
-0.04302178
0.0045815159
-0.05329406
-0.042088364
-0.04493663
-0.0056127054
-0.061792589
-0.0027056254
-0.045910145
-0.026881439
0.065948305
-9.3008366e-05
-0.0025766928
-0.042489446
-0.0081502782
-0.050000768
0.050772338
0.054236404
0.0023528061
-0.055598776
0.0040842952
0.05659714
0.042485713
0.0056450415
0.051634052
-0.055036309
-0.058709156
-0.043204556
0.0059075652
-0.051096007
-0.063942056
-0.067831487
-0.0088872716
-0.056629095
-0.0079070153
-0.068904368
-0.059844578
0.058731389
0.0024003518
-0.059119912
0.057296268
-0.0056750922
-0.060461741
-0.0030246119
0.056311762
0.0018952494
0.0093968471
0.063623592
0.0062028116
-0.05830213
-0.044863216
0.010936565
-0.0598246
-0.067039073
-0.012030239
-0.010119225
-0.062760007
-0.054518713
-0.0064253942
-0.042082539
-0.060415139
-0.065567023
0.0083080481
0.015028548
0.002102709
0.073341281
-0.0018292393
-0.026397457
-0.002437558
-0.068144731
-0.0017255416
-0.025005109
0.0027407093
-0.0025586865
-0.013770429
-0.059483991
0.048509301
0.013728445
-0.05672245
0.016250596
0.050489397
-0.041069516
-0.0018651019
-0.05962335
-0.051088666
0.0021232467
-0.056750172
0.0046957093
-0.050884587
-0.04074269
-0.01650596
-0.051761328
0.051654394
0.022044022
-0.045061062
0.022595086
0.051922738
0.040409885
0.049690659
0.024671067
0.025985258
-0.039992977
-0.027025867
-0.0051921934
-0.051764162
-0.05023042
0.011055607
-0.045033607
0.011699609
-0.049374966
-0.039061962
0.050686177
0.013559718
-0.026169707
-0.058532855
-0.052510678
0.028601667
0.0092671858
0.052233512
0.034919452
-0.0087796378
-0.011589575
0.0058280179
-0.06129444
-0.054410063
0.016780128
-0.011113558
0.054724871
0.021707119
0.0053804912
-0.068218852
0.00050550423
-0.067675074
0.0065652425
0.013081658
-0.022931204
-0.0027763861
-0.03815307
-0.033824398
-0.020495574
-0.0029437317
0.007119614
-0.059590966
0.054054947
-0.0064753061
-0.056558221
-0.0040715602
0.05120818
-0.04934115
-0.057057068
-0.051180015
-0.043847287
0.0035981534
-0.051514327
0.048530267
0.0015195301
-0.044718282
0.0023689097
0.046648464
0.037655399
0.051065286
0.003943297
0.026526159
-0.039150705
-0.029880209
-0.046407746
-0.043791093
-0.036180408
-0.027004629
-0.063482825
-0.055594715
0.0061038778
0.013376513
0.056733755
0.008856851
-0.0014610148
-0.018064365
-0.0029769683
-0.01601239
-0.0029057498
-0.0071194085
-0.015349081
-0.010196105
-0.014029274
-0.022300057
0.0041942183
-0.016885178
0.013682064
-0.0013075238
-0.0044420576
-0.015938316
-0.016368264
-0.016750719
0.023299094
-0.0061206152
-0.029360228
-0.021133705
-0.037187922
0.0086557556
-0.027792585
0.017026052
0.010749198
0.017990599
-0.0066994883
-0.0014781275
-0.019380103
-0.02527111
0.026204834
-0.0063027929
0.026330395
-0.038919376
-0.034309426
0.01211443
0.018812642
0.012733629
0.019399748
0.006148071
0.016073935
-0.032197587
0.026677235
0.027115215
-0.011682816
-0.016618788
0.026378404
-0.023604318
0.022637123
0.021070639
0.035383183
0.022784128
0.020820302
0.032605157
0.010772021
0.0095980062
0.0102069
0.02123772
0.032583539
-0.020386504
-0.019167473
-0.018999986
0.032306874
0.0011161464
0.00035505671
-0.021723667
-0.021209928
-0.022517873
0.040445563
0.00053239543
-0.021561422
-0.027566612
0.035365405
0.035052114
0.0012137855
0.011734307
-0.026508989
-0.033471575
0.043751514
0.0021541394
0.043405892
0.01356506
-0.032179027
-0.041822577
0.035081897
0.03535853
0.022985942
0.034193595
-0.033853842
0.043332083
0.025231192
0.043505718
0.036509909
-0.045788731
-0.036894019
-0.054633281
0.010775391
-0.047645319
0.020396891
-0.00498384
-0.034469533
-0.046132833
0.03053671
-0.0028048845
-0.062806631
-0.058691687
-0.069181
0.009310125
-0.068379379
0.021055201
-0.0019243953
0.067591559
0.0092581979
0.068593307
0.025052006
-0.012922199
0.00011346831
0.0095274013
-0.058773112
-0.070509988
0.032906074
0.0035535516
0.0709674
0.039668055
0.015787407
-0.064945335
-0.065837051
-0.067251112
0.0074979319
-0.069417951
0.026528944
-0.025752324
0.067759666
0.0052574353
0.070558335
0.026188669
-0.0390539
0.020613684
0.032520608
-0.067141502
-0.071643059
0.043504842
0.028942639
0.072335989
0.044702531
0.041753753
-0.051813975
0.045490633
-0.06119636
0.04884007
0.050470734
0.027459307
0.038907918
0.015353437
0.016980113
0.029463154
0.041086941
-0.036969827
-0.048948035
0.040460676
0.0032189167
-0.04320708
-0.054948173
0.049281529
0.0043460838
-0.062062748
-0.074466644
0.044011727
-0.0051053333
0.074131181
0.052172109
-0.018090407
0.005515751
0.018485037
-0.067428098
-0.079031594
0.053451783
0.0067292385
0.061603962
0.019990424
-0.068874978
-0.073792013
0.057361813
-0.031311532
0.073384448
0.059571429
-0.04362658
0.031268704
0.043014937
-0.070905478
0.067114316
0.033035534
0.069776144
0.044832573
-0.019653072
-0.022193705
-0.026778957
0.047643575
0.0072128518
0.0092987348
-0.014807611
-0.022336476
-0.031578641
0.053821234
0.011244914
-0.033430417
-0.041995295
0.05079557
0.050728392
0.012736458
0.028301976
-0.0417427
-0.052245134
0.056072384
0.01359142
0.056468715
-0.036826323
0.050751268
0.05091964
0.042492258
0.054066973
-0.040686075
0.056728934
0.056993279
-0.0060617598
-0.018846249
0.057757758
-0.032176917
0.055890732
0.054053732
0.034083424
0.02607516
0.039729299
0.048943611
0.018412268
0.028590739
0.036857286
0.050799454
0.060940633
-0.0082888613
-0.022060403
-0.036760952
0.058802488
0.012631248
0.016979671
-0.001347923
-0.021788298
-0.042081694
0.06229362
0.020432429
-0.050831848
-0.063282796
0.059297467
0.060196071
0.022670324
0.042388286
-0.059960746
-0.074084468
0.060323182
0.023520466
0.061622558
0.044744337
-0.044973663
-0.056331733
0.060748856
0.06118481
0.058172853
0.068901177
-0.049181059
0.062428938
0.061287085
0.063066715
0.07224424
-0.050753263
-0.052080456
0.0070743798
0.051056433
-0.06298651
0.056188783
0.0066918426
0.013722685
-0.056053681
-0.062509105
-0.0050953445
0.057173037
-0.071937042
0.060574632
-0.0048309076
0.01315341
-0.051561872
-0.073716745
0.0056686992
0.052104892
-0.083054072
0.060390977
0.0042421878
0.067204755
0.01201562
0.027072253
-0.0584093
-0.079883868
-0.0037580348
0.059544056
-0.085656774
0.064242096
-0.0021329739
0.01053192
0.06860653
-0.072980467
0.072090722
0.074714134
0.040568703
0.051709516
-0.074790011
0.072115207
0.074342771
-0.065566071
0.063610173
-0.072217244
0.065224411
0.066726212
0.060131141
0.070979626
0.043894275
0.040187954
0.05520319
0.065664173
-0.059148163
-0.073404128
0.0030065247
0.06101648
-0.080757882
0.062128614
0.002722836
0.022976663
-0.083690382
-0.0011702925
-0.088562505
0.060876501
-0.00070493859
0.021188633
-0.062941346
-0.085119347
0.0015369182
0.064646727
-0.086398838
0.064776578
-0.00028672112
0.065942922
0.018441092
0.03429288
-0.088937671
0.00067914945
-0.085349517
0.062161512
0.0027114078
0.015120666
0.05985038
0.027104872
-0.076033495
-0.076942489
0.067591675
0.069221655
0.047420732
0.057305671
-0.076483523
0.059466463
0.037992407
0.060440747
0.047220466
-0.043115478
-0.088011032
-0.05257884
-0.089688787
0.0026840596
0.043284344
-0.092733238
0.053652969
0.052940272
-0.092372518
0.060896509
0.0012561087
0.0089821974
-0.060440685
-0.088545791
-0.00026608985
0.061045821
-0.087875721
0.064927304
0.0015313892
0.0076613258
-0.043503008
-0.091914042
-0.053211252
-0.090074944
0.00016747366
0.043827048
-0.084803015
0.049764305
0.05347505
-0.08212443
0.057387916
-0.00046189851
-0.0088175515
0.071271945
0.054089609
0.070535641
0.060407989
-0.019505338
0.0068359824
0.013727817
-0.061392084
-0.083070896
0.0030008637
0.061595579
-0.073728659
0.062311115
0.0039852349
0.0067082275
0.065808158
0.063204665
0.012911799
-0.068101089
-0.068471527
-0.058629405
0.056837689
-0.059221119
0.062454757
-0.030633972
0.047501535
0.058014059
0.048883982
0.063418233
-0.040932089
0.022405763
0.03176001
-0.066845646
-0.057692864
0.06403499
0.021168985
0.04992384
0.064540118
0.030322717
-0.075016125
0.065724803
-0.070431745
0.066577873
0.06762705
0.02826555
0.036860661
0.019642283
0.012933586
0.019566378
0.027633116
-0.065961012
-0.084581819
-0.0024150429
0.066814139
-0.079688086
0.065606115
-0.0044995136
0.011678108
-0.078492017
0.0050487203
-0.069109032
0.063112777
0.0073196754
0.0085876092
-0.067245106
-0.071743588
-0.0062353247
0.067407127
-0.060768149
0.064400277
-0.0074226425
-0.0054187002
0.057858454
0.062772644
-0.0079501564
0.0063046691
0.0079070759
-0.05788692
0.0091816001
-0.0453496
0.063645014
0.010391348
0.0052248246
0.05953237
0.0052908722
-0.06343218
-0.054287043
0.062112912
-0.013861966
0.050350417
0.062010964
-0.022051483
0.0130502
0.020734067
-0.058792581
0.05736348
0.0095770358
0.056623506
0.017019666
0.0048192203
-0.02180907
-0.047139252
0.063888338
0.015363973
0.019994402
0.0092061242
-0.022206059
-0.051370805
0.063095894
0.023729374
-0.068271336
-0.083595069
0.059128715
0.060621779
0.026217617
0.047368412
-0.074845179
-0.090826028
0.055793557
0.027295904
0.057229814
-0.052777035
0.061562571
0.062379196
0.062653031
0.07175932
-0.055250008
0.058145137
0.059071516
0.0051046438
-0.018631296
0.06547983
-0.039717153
0.068097733
0.068571572
0.048045308
0.039534502
0.045119569
0.053202062
0.028548734
0.033347609
0.037543249
0.049985868
0.057770471
0.011112259
-0.022831819
-0.054107666
0.059400882
0.015177925
0.017561789
0.010294257
-0.023314087
-0.05467768
0.052361432
0.019825432
-0.078804899
-0.094963346
0.050456065
0.051625388
0.021724533
0.040589481
-0.079446738
-0.095478623
0.043271217
0.023099378
0.081263891
0.04409418
0.04219539
-0.056156536
-0.067272643
0.052374274
0.053316371
0.053406332
0.060971881
-0.055165982
-0.065969744
0.044618183
0.055008793
0.051358628
0.045486819
0.062398922
-0.092382566
-0.094688442
0.057148506
0.026974511
-0.098679056
-0.098743528
0.051484959
0.025405979
-0.091207693
-0.083046913
0.056914106
0.051357714
0.022854088
0.038598604
-0.092112762
-0.080344093
0.049784769
0.019659864
0.041690166
-0.076037385
0.049075325
0.049447145
0.050626514
0.05889578
-0.074745174
0.037909839
0.037807107
-0.073266508
0.039299898
-0.074820263
0.036889014
0.0372184
-0.036168913
0.057328116
-0.036739385
0.054735864
0.06197453
-0.037257692
-0.071607174
0.042302668
0.031266961
-0.072821603
0.028616436
0.041026168
0.052759143
0.060555869
0.028806894
0.059861379
-0.10204082
-0.10061279
0.044503982
-0.039682206
0.087008187
0.023863347
-0.10224454
-0.10042153
0.036764025
0.023995062
0.086378812
-0.092046977
-0.078175002
0.041598366
0.032037607
-0.034552573
0.080660195
-0.026537449
0.023519613
0.03859593
-0.091470171
-0.077298812
0.033093119
0.022499065
0.071299868
0.023346173
0.035310038
-0.072808419
-0.068121152
0.02735933
0.026954705
-0.022594815
0.061566762
-0.022412938
0.049396864
0.056377574
-0.070550409
-0.065732105
0.018490053
0.04505162
0.060809713
0.017980476
0.051933846
-0.048432632
-0.056649815
-0.046038693
-0.053809483
-0.062535568
0.063688566
-0.059581503
0.056977009
0.077724865
0.076086966
-0.043433328
-0.050760444
-0.056394077
0.048722626
0.071090782
-0.06601704
-0.063367085
-0.067108934
0.062257656
-0.065177244
0.051844163
-0.054507052
0.063660042
0.064482832
0.061878569
0.055649997
-0.058701908
0.063664221
0.065362986
-0.060396781
-0.062765685
0.040676398
0.054878893
0.059647114
0.045764845
0.058384321
-0.058508345
-0.054756399
-0.060846986
0.066769905
-0.059277343
0.060270339
-0.060686064
0.058742546
0.0688546
0.057457046
0.06513894
-0.060555334
0.064503185
0.061607887
-0.051066656
-0.057296987
0.052289549
0.059865654
0.055803557
0.059453467
0.059468233
-0.023769371
-0.031459393
0.044505135
-0.039546956
0.05030632
0.056674763
0.017619628
-0.046510859
0.025013749
-0.05109974
0.062613403
0.064929246
0.064258205
0.061706647
-0.02155312
-0.04228426
-0.028730494
0.066196405
0.065662867
0.036184133
-0.036488621
0.042214638
0.064030526
0.06287621
0.0334921
0.048924121
0.060448235
-0.040875236
-0.04774884
-0.053162767
0.039934494
0.028614319
-0.038884315
0.035466892
0.065697604
0.065223908
-0.038667464
-0.045096177
-0.050184116
0.031505504
0.063297637
0.042089225
-0.05721258
-0.059889486
0.030096169
-0.055484635
0.056866453
0.03596476
-0.058280215
-0.025448839
0.048263924
-0.031010122
0.060195338
0.061528611
-0.054057469
-0.056724259
0.021126006
0.056284566
0.053622974
0.02712435
0.058464548
-0.04752889
-0.054735268
0.043676671
-0.059180329
0.053579906
0.052305517
-0.058394968
-0.038316838
0.042373874
-0.046537758
0.060977766
0.059015059
-0.044339681
-0.051612178
0.035094738
0.058811901
0.050762699
0.044101353
0.057605911
0.0071904833
-0.038062125
-0.023091887
0.0049360944
0.0056919764
0.033505311
-0.052547214
0.041745784
0.0056545676
0.013795885
0.012194806
0.0032102778
-0.027195791
-0.021501616
-0.0086452599
-0.008858458
0.02280989
-0.047510516
0.027702823
-0.0081084227
0.011486515
-0.031986912
-0.076391059
0.0048179138
0.032399385
-0.09223048
0.034385529
-0.018517923
0.077698585
0.034983793
-0.034805579
0.011770915
0.025187203
-0.021519028
-0.069736993
-0.006611282
0.022056285
-0.085515338
0.023934583
0.012975364
0.071216322
0.024658284
0.025821211
-0.052097359
-0.062765498
0.035353086
-0.04574886
0.048901669
0.03609305
-0.052586082
0.034708003
0.041788841
-0.046956296
-0.057811659
0.025078536
0.034869055
0.046053482
0.02568635
0.041546894
0.0013412176
-0.01195722
0.010638789
-0.026387594
0.0095235647
0.0086485273
-0.0031993327
0.016495504
0.0063682272
0.01928538
0.055791852
0.044384807
0.034341222
0.044534842
0.0028593262
0.013029441
-0.007384893
0.031118543
0.022979651
-0.0071244655
-0.019340211
-0.0085197578
0.014716879
0.023721181
0.017339198
-0.0098637406
0.032877644
0.0009752184
-0.011650194
-0.017955976
0.0091801576
0.0095581243
0.0084635154
-0.039922803
0.010953734
0.0086704055
-0.0031198765
0.010338897
0.0094078254
0.015289456
0.0096177735
0.0042185987
0.010124084
-0.012256913
-0.0042094487
-0.00608676
-0.010547029
-0.030943909
-0.0070513061
-0.0060906058
0.0049475024
0.023712678
-0.0081528138
-0.060189793
0.0070524216
0.0094245518
-0.076037631
0.012069962
-0.0071352038
0.062341472
0.013469431
-0.016139866
0.0038788746
0.038479508
0.0021394032
0.0021288866
0.0088600691
0.0087310561
-0.049034732
-0.0051528639
-0.0058777576
-0.0646766
-0.00093969965
0.001595171
0.052223216
0.0018046167
0.0067945964
-0.040011646
-0.051412434
0.014230118
-0.023462221
0.042918869
0.014744208
-0.030456773
0.0019127374
0.028715238
0.0021927459
0.015896485
0.024236352
-0.031981334
-0.044118016
0.0031606821
0.012810774
0.039450169
0.0035913073
0.020658751
-0.071532446
-0.058058818
0.057902776
0.016213322
-0.065242314
-0.048691107
0.050619497
0.012925773
-0.043925537
-0.030150667
0.060161613
0.053975174
0.010198031
0.011559737
-0.032455118
-0.017936795
0.054182316
0.0083888463
0.046612093
-0.053708503
0.050513784
0.049225363
0.016060269
0.022878289
-0.049029289
0.042267586
0.040627205
-0.0615724
0.031456878
-0.053856124
0.026037799
0.024982443
-0.016521474
0.058620574
-0.015735277
0.040168151
0.046990786
-0.021870668
-0.059209898
0.031501831
0.022214562
-0.051689512
0.016793784
0.027518763
0.035205247
0.055211975
0.015771424
0.042028727
-0.061079112
-0.042918503
0.041984846
-0.032448417
0.05973786
0.021027047
-0.060057274
-0.041956598
0.032694217
0.019221583
0.047308329
-0.025709699
-0.011048286
0.046041777
0.037938892
-0.033909732
0.035170503
-0.02441289
0.01721455
0.023705945
-0.025038711
-0.010882086
0.036183335
0.015139295
0.028419923
0.020388539
-0.045518202
-0.036912693
0.033249378
0.031531164
-0.019313502
0.05066624
-0.018071467
0.030614419
0.03752228
-0.043715335
0.02396805
0.026817918
0.0224813
0.033912262
-0.070347175
-0.031765951
-0.069707891
-0.017265121
-0.012722647
0.070980656
-0.017078157
0.064825511
0.070577769
-0.0051054746
0.06451047
-0.012238643
0.0077942688
-0.065461621
-0.0058855803
0.013315812
0.066623085
0.0039498887
0.061149346
0.012270757
0.0086374341
-0.072798374
-0.00088126108
-0.073176771
0.0073523543
-0.011654672
0.076857565
0.017809075
0.069028269
0.078713921
0.022086741
0.072923482
-0.011789404
-0.016405561
-0.0083367573
0.062278847
-0.011674907
0.067758664
-0.021898227
0.011047811
0.013561794
-0.07017836
0.013172045
0.010996241
0.077519954
0.024744181
0.073316259
0.010383922
0.014987681
-0.013871604
0.069453383
0.020533082
-0.01360851
-0.010847454
0.0016780294
0.056416581
0.0040004085
0.062680782
-0.028209692
0.0024512184
0.051400971
0.0010769957
0.057487241
-0.034993982
0.018498143
0.025423922
-0.0087705772
0.0055761063
0.065108499
0.02699057
0.00014916424
0.059933267
0.034034291
-0.028111408
0.050543018
-0.018758725
0.047232909
0.044473289
0.024179352
0.03156749
0.017854971
0.016346753
0.022961452
0.030729214
-0.057774311
0.00021574926
-0.012545039
0.059207977
0.0083963674
0.054511465
-0.010968028
0.013135538
-0.047137376
-0.00026746014
0.010467686
0.048764549
0.0072296983
0.044655147
0.0085026274
0.011392827
-0.063708044
0.015520022
-0.0089836938
0.072931193
0.025369247
0.069428839
-0.0074983997
-0.012652471
-0.014507316
0.066246061
-0.01878102
0.010168647
0.016031194
-0.054004957
0.013843235
0.0059547586
0.064737087
0.02372641
0.060854136
0.0034926546
0.0097431692
-0.013323587
0.05755246
0.016953996
-0.0079148078
0.0060238922
0.062379337
-0.025817524
-9.1964609e-06
0.057373497
-0.033436624
0.023266023
0.031434032
-0.0085950245
0.0050928344
0.053792334
0.024963969
0.00082942752
0.049078303
0.033429138
-0.04964063
-0.040542816
-0.052180021
-0.043570945
-0.02987051
0.052933983
-0.032665937
0.051508297
0.0271406
0.026166793
-0.05357478
-0.045548411
-0.034678123
0.047977998
0.02838658
-0.017781403
-0.019418152
-0.0044407424
0.047324237
-0.0038528524
0.052271473
-0.041706088
0.0047420578
0.044362489
0.0047308732
0.047357986
-0.047689788
0.033586768
0.042002139
-0.020706696
-0.0035034218
0.053993947
0.041110362
0.0048307726
0.047698133
0.047515635
-0.016156356
-0.020014662
-0.0038254339
0.042713974
-0.0041735047
0.043219089
-0.052264279
0.0021368044
0.042535937
0.0026490134
0.040375414
-0.054807954
0.049555172
0.055127326
-0.023125424
-0.0045682529
0.041705521
0.052488175
0.0031877154
0.03681013
0.055306984
-0.06077953
-0.053263443
0.040208831
-0.041331497
0.038685493
0.037711132
0.060253085
-0.030772951
0.052788225
-0.032864146
0.055438498
0.052554226
0.052496964
0.056079063
-0.059521503
-0.029150886
-0.052677949
0.047517321
0.046609687
0.032443597
-0.041376942
0.031293994
0.04674435
0.053105443
0.04072098
0.030608776
0.05703312
-0.05355039
-0.046188908
-0.035683724
0.0421506
0.056821001
-0.028322213
0.050268102
0.041050346
0.039324389
-0.051979745
-0.045313172
-0.035513467
0.033981532
0.038951373
0.039746796
-0.0215988
-0.0036543385
0.051248158
-0.041086453
0.0052484137
0.044420779
-0.048043619
-0.039445167
0.024998112
-0.035405405
0.039889874
0.047793791
-0.022042741
-0.0045035368
0.043379652
0.041809772
0.0061512397
0.037052783
0.049390719
-0.025098464
-0.0051697598
0.037619241
-0.053495198
0.0038735815
0.031760537
-0.056645952
-0.031471556
0.024419963
-0.028144138
0.054175848
0.058056847
-0.025666074
-0.006115738
0.030756237
0.055344352
0.0048147536
0.025336105
0.058836102
-0.017437612
-0.034402539
-0.0072856244
-0.0074973292
0.036000472
0.00051216413
0.032050565
-0.0053266987
0.0226249
0.019828076
-0.02927162
-0.02073446
-0.019285895
0.0041448567
0.021904389
-0.010424905
0.017630959
0.0020107667
0.015744976
-0.041531005
0.0082049604
-0.0023758073
0.052942609
0.019729811
0.047728755
0.0011267607
-0.0067864455
-0.01024736
0.043541526
-0.015534952
0.01051609
0.022368988
-0.026971628
-0.00063594138
-0.0012051383
0.03791804
0.013409546
0.03096244
-0.0056785816
0.0045219392
-0.0054127086
0.025387656
0.015202587
-0.010782585
0.0027099619
0.03951184
-0.024835891
0.0027432175
0.035208718
-0.0343241
0.033600164
0.04368852
-0.013983287
-0.0009728331
0.020821834
0.025986458
0.0056075973
0.01706062
0.036520329
-0.041351262
-0.034038679
-0.00042506749
-0.026160735
-0.0020994594
-0.0022007327
0.076407503
0.066392332
0.062665055
0.07271674
0.050133364
0.047037951
0.041167678
0.055993282
0.066219666
-0.043840055
-0.007393738
-0.033603459
-0.00061066957
0.007747378
-0.023222861
0.0028515057
0.0011088335
0.027262718
0.025457679
-0.057869962
-0.04668512
-0.0029470602
-0.034532906
-0.010210539
-0.0035985154
0.021484959
-0.011479795
-0.01127146
0.0042308245
0.02062446
0.0048600581
0.012493023
0.0092924113
-0.0039232425
0.00082797233
0.0055376957
-0.016848668
0.015127488
0.032697136
-0.021205392
-0.0059009198
0.0026344554
-0.005861606
-0.0041976202
-0.010954719
0.0061855229
0.0079257507
-0.011668206
0.021573976
-0.017117853
-0.0055398355
0.00035636061
-0.029121616
0.0090485623
-0.0027314714
-0.040494634
0.046789031
0.057479466
-0.018166071
-0.010298314
-0.017254987
0.035086623
0.012416964
-0.019612779
0.046773817
0.0024216843
-0.035893047
0.0096901492
-0.033479279
0.016526601
0.0027296059
-0.026191171
0.002241562
-0.0064936453
-0.024256868
-0.0071994642
0.021051611
-0.019500624
0.018661854
-0.03235204
-0.023444164
-0.016070061
-0.023220309
-0.016912575
-0.027200395
-0.022909211
-0.0089696054
-0.015623308
0.0031436891
-0.014897929
0.026930115
0.016089731
-0.005044337
0.013506743
0.00022994046
-0.0057254112
-0.0013024503
0.034573183
0.028994984
0.0052564386
0.0096433589
0.0057037672
-0.0032048724
0.02145124
-0.026336951
-0.020535227
0.013893748
-0.01408461
-0.031481756
-0.012335838
-0.0051458582
-0.013129092
-0.036686177
-0.030110819
0.0041455977
-0.01380287
-0.021946714
-0.017344079
-0.014972037
-0.0049124603
0.0055926243
-0.0046717179
-0.0053947284
0.012480793
0.0040313866
0.0025503598
-0.0077008845
0.0027842893
-0.013652425
-0.0052938268
-0.011734743
-0.0016771579
-0.015306685
-0.012716121
-0.0025323944
-0.018826008
-0.0031769851
-0.025789491
-0.028221984
-0.017554326
-0.029808145
-0.032361456
0.043933522
0.017673811
0.045617335
-0.012205691
-0.0087764534
0.042343571
-0.022878758
-0.017600801
-0.038716561
-0.014849255
-0.040020728
-0.020226357
-0.013214269
0.010325804
-0.042077318
-0.0071755141
0.028855658
-0.032197122
0.02848106
-0.026152378
-0.022909248
-0.027105034
0.031980569
0.04082527
0.027949682
-0.024392322
0.039474235
-0.032850271
-0.031987751
-0.036592103
-0.02324946
-0.037664857
-0.035521129
-0.027804259
0.019165909
0.024053247
-0.013371187
0.035571896
-0.022817264
-0.0036959194
-0.023422449
0.039485512
0.03206093
0.0013866669
-0.023733473
0.023196843
0.035111637
0.0093573131
0.03585064
-0.031154935
-0.022607418
0.034169533
-0.012896949
-0.039091577
-0.032541845
-0.0017714355
-0.033514483
-0.04282283
-0.034580313
-0.001814924
-0.034160514
-0.024874195
-0.0082826947
0.0026785296
-0.025379018
0.013260757
-0.0089414333
-0.030538812
0.0028324811
0.037230162
3.5915527e-05
0.040706165
-0.013709286
-0.0047024838
-0.0051542638
0.0071817906
-0.036254432
-0.013854294
-0.014829611
-0.042299607
-0.0017900455
-0.087432743
-0.083454635
-0.073447796
-0.072060812
-0.076742767
-0.0018101539
-0.067952225
-0.016886542
0.0068272406
0.0020414171
-0.063309375
-0.065388558
-0.064690776
-0.029948334
-0.0011569485
-0.068014933
-0.061456899
-0.0075273279
-0.052958672
-0.017675516
-0.0099185339
-0.018075409
-0.0021766324
0.0085896774
-0.061089105
-0.054623573
-0.027855223
-0.00086846846
-0.026401356
-0.050430541
-0.052693265
-0.01030939
-0.017414796
-0.0091710412
-0.016138492
0.018864638
0.028865732
-0.055083326
-0.024713052
-0.023208916
-0.057692305
-0.059486636
-0.03561429
-0.059414
-0.031861397
-0.029783879
0.05981684
0.038949726
0.060326105
0.036661976
0.035302541
0.025650777
0.025590701
0.035808405
-0.056731222
0.043573184
-0.059440054
0.016540315
0.015554333
-0.04299284
-0.060302022
-0.038529221
0.015216938
0.026120115
0.059097
-0.036253571
0.036801029
-0.056329789
-0.061661251
-0.064145094
-0.040890613
0.053985658
0.050611693
0.059084295
0.008588025
0.0062127982
-0.051909766
-0.059611335
-0.06440095
-0.049590866
0.0045220014
0.061989028
-0.063248992
-0.058690725
-0.037412694
-0.0344076
0.047850389
0.062151541
0.042259427
0.00373591
0.015615653
-0.065471147
-0.062326504
-0.045776271
0.0039606213
-0.041657317
0.016770956
-0.057302062
-0.052993355
-0.031823017
-0.030057091
0.038265913
0.05606261
0.03609282
0.027249007
0.038246336
-0.05901742
-0.038403508
0.028951485
-0.036407514
0.040101774
-0.042834394
-0.031407936
-0.016416478
0.0024077637
-0.04551272
-0.034154995
-0.024839477
0.0067638325
-0.01888628
-0.0055011188
-0.012205145
-0.01353017
0.0085424649
-0.016956714
-0.031250119
0.01080932
0.02651261
-0.021130701
-0.0070473558
-0.023868179
0.012716226
0.010382169
-0.027860747
0.029424047
-0.020757942
-0.010680768
-0.020476795
-0.047980121
0.011841116
-0.022088093
-0.061898177
0.040786123
0.052719468
-0.023649829
-0.01196865
-0.030274196
0.044999798
0.012103113
-0.030945186
0.057943543
-0.046387253
-0.034488539
-0.037493479
-0.033825452
-0.032664336
0.031180257
0.042340875
0.018637128
0.021105769
0.033884214
0.04498239
-0.050500549
-0.039069153
-0.034177005
0.0051734523
-0.054878975
-0.043522624
-0.043280179
0.0072196198
-0.025204125
-0.0098449557
-0.036835747
-0.012435715
0.01297275
-0.040740606
-0.028095048
0.0098269718
0.024016221
-0.029230193
-0.013212534
-0.049191695
0.012636607
0.015806541
-0.052700672
0.027171747
-0.026499397
-0.013852153
-0.042308221
-0.042598009
0.013013605
-0.041814786
-0.054708368
0.037029137
0.048120372
-0.028797503
-0.015954248
-0.053270402
0.040612346
0.014285369
-0.051510111
0.051940468
-0.063821401
0.053614964
-0.056865352
0.0051047524
0.0050255953
-0.05076321
-0.045851806
-0.051240752
0.0042630437
0.0083141918
0.0084243581
-0.062517383
0.059533092
-0.055745713
-0.0009938226
-0.00094843975
-0.057836013
-0.045318049
-0.057389947
-0.00078832954
0.0090023824
0.050400323
-0.031887409
0.0026742049
-0.053469349
-0.016496706
-0.059509578
0.00014695427
-0.013214685
0.018392245
-0.061847661
-0.026525185
0.010598017
0.021807691
0.058726888
-0.032481481
-2.3990912e-06
-0.063311869
-0.019125381
-0.066880319
0.0019479716
0.014033765
0.020303455
-0.067249428
0.026019125
-0.030164395
-0.017885802
-0.061153511
-0.038869458
0.015591635
-0.058226168
-0.049411372
0.032844542
0.042920914
-0.030401197
-0.019295852
-0.065138941
0.037219873
0.016618456
-0.061351467
0.046950199
-0.054998141
-0.04812871
-0.058850244
-0.039343624
-0.056179802
-0.053854308
0.043800238
0.032886316
0.030922526
0.041284502
0.021922991
0.02070335
0.020030882
0.029627204
0.039343463
-0.058655405
0.063061841
-0.051727145
-0.0027693191
-0.0029874806
-0.062824336
-0.042001907
-0.061295695
-0.0027883894
0.012359599
0.012014645
-0.053141138
0.064051875
-0.045714501
0.0058210939
0.0063526789
-0.065388193
-0.036625202
-0.062752093
0.0060300126
0.01175698
0.065096326
-0.030895856
-0.0029194984
-0.071058444
-0.020655534
-0.07087934
-0.0043043498
-0.014944331
0.021218637
-0.068787846
-0.025531818
0.012548803
0.020962559
0.069012837
-0.027484373
0.0057234118
-0.075997444
-0.020811332
-0.071497199
0.0067029553
0.01579949
0.020949482
-0.066947345
0.024969729
-0.029492419
-0.019911254
-0.065350395
-0.035557506
0.017105293
-0.061167691
-0.044457263
0.030097053
0.039063822
-0.027585409
-0.019563386
-0.062548618
0.033827274
0.016872263
-0.058515182
0.041904017
-0.047252679
0.062524074
-0.039027658
-0.0078625046
-0.0087740426
-0.065341068
-0.030319795
-0.061750341
-0.0085455575
0.015524925
0.015151769
-0.042316588
0.058655707
-0.033084975
0.0086622875
0.0099507046
-0.062657109
-0.024364732
-0.058430322
0.010011631
0.014556595
0.07010179
-0.022929769
-0.0080818829
-0.077564809
-0.019509567
-0.069042738
-0.0089101801
-0.016467591
0.019456413
-0.062576443
-0.024274427
0.014680238
0.021562452
0.068144565
-0.018086548
0.0097165156
-0.075420725
-0.016870526
-0.064029865
0.010693126
0.016841319
0.016851432
-0.056649909
0.02342413
-0.024954085
-0.018201985
-0.057818884
-0.032024386
0.015835267
-0.054475155
-0.039325035
0.029429139
0.037399163
-0.021954811
-0.015897751
-0.052284294
0.030188484
0.014011519
-0.050096008
0.036806308
-0.048106588
-0.037970601
-0.04998222
-0.027827859
-0.04842115
-0.048176198
0.048573119
0.041337047
0.037845266
0.04140736
0.048971053
0.038882915
0.036459309
0.045981121
-0.048267881
0.042110716
-0.037274689
0.027401928
0.026008817
-0.043433615
-0.026221664
-0.042751584
0.024263886
0.03342849
0.026841227
-0.043345657
0.042115283
-0.039380082
0.052747608
-0.02908142
-0.0080680127
-0.0096752162
-0.057463134
-0.019913228
-0.05302273
-0.010196094
0.045433371
0.043565803
0.034274737
0.015872333
0.01592627
-0.038910347
0.045181892
-0.027689889
0.0060177389
0.0078521139
-0.050022712
-0.017732073
-0.045793029
0.0089774323
0.015678086
0.023518039
0.063113557
-0.013816638
-0.010409146
-0.069511947
-0.013213765
-0.057058242
-0.011834215
-0.016843345
0.013389565
-0.050051015
-0.022431425
0.047646939
0.014676873
0.043996251
0.015624366
0.022541457
0.055200459
-0.010825429
0.010014933
-0.060120365
-0.0090394826
-0.048695992
0.012144279
0.016428855
0.0094507398
-0.043386944
0.021338474
-0.018981777
-0.012835993
-0.046863406
-0.028395093
0.011518343
-0.046173778
-0.034472661
0.043156566
0.016703673
0.044079421
0.030058663
0.037523626
-0.016424743
-0.0093037098
-0.042078935
0.026746112
0.0085677413
-0.043083755
0.032475849
