FiniteElementSpace
FiniteElementCollection: ND_3D_P1
VDim: 1
Ordering: 0

0.0088351169
-0.01414686
0.021364239
-0.016601819
0.015296675
0.0037783546
0.020416796
0.0065440237
0.069690347
0.072084
0.076486373
0.079958677
0.0031079172
0.056333705
0.011131488
0.059771378
-0.0026601733
0.059949066
0.0083464218
0.061285657
0.053342395
0.047252598
0.051932215
0.056181355
-0.003239563
-0.01632833
0.010638507
-0.013989373
-0.00040424278
0.014908824
0.009928709
0.01549136
0.042460681
0.051070526
0.068719941
0.057405857
0.044770942
0.0050470873
0.051441007
0.0059075652
0.042316694
0.019580304
0.050649316
0.020096405
0.052981627
0.068545204
0.05885627
0.04347596
0.0034724412
0.054664859
0.011131264
0.054916061
0.0026004338
0.061505159
0.011347671
0.062508833
0.053249289
0.060685193
0.058561359
0.050204786
-0.037629616
0.017644104
-0.028778697
0.018496367
-0.039550251
0.027357051
-0.030440507
0.02888673
0.0533668
0.043611159
0.039536153
0.049343064
-0.038119066
0.011111851
-0.024056392
0.006135471
-0.029291224
0.021878369
-0.016967946
0.016765592
0.055848711
0.062270054
0.060565806
0.055497081
-0.040496494
0.04805477
-0.031284656
0.0499229
-0.041439289
0.05217745
-0.03218764
0.053730121
0.042064807
0.033459791
0.031050004
0.039410624
-0.020494055
0.048301362
-0.011815902
0.046101385
-0.022698484
0.05379646
-0.014512815
0.052796615
0.067194249
0.062833558
0.061106414
0.066182735
-0.05132626
-0.0071400797
-0.040262062
-0.0088909304
-0.044162611
0.0023104215
-0.034055034
3.6056365e-05
0.0035343816
0.016932273
0.020746933
0.008269766
-0.055763602
0.03234118
-0.053103441
0.030028407
-0.054951393
0.043714356
-0.052323058
0.04160938
0.047468633
0.055044025
0.058170568
0.050757405
-0.034794463
0.038471996
-0.026443736
0.036621423
-0.034502993
0.048564797
-0.026376536
0.04720246
0.059007656
0.065744606
0.066581953
0.059975818
-0.060985926
0.036210215
-0.050895139
0.03771262
-0.060691318
0.045198922
-0.050657007
0.045615176
0.0035544357
0.020153106
0.019810795
0.0028917434
-0.047261666
0.057266388
-0.037335334
0.057126955
-0.049188653
0.056551256
-0.038958762
0.055813186
0.037194641
0.027080088
0.027257075
0.036852469
-0.036710016
0.058109217
-0.028408556
0.058827007
-0.041730303
0.055782523
-0.033143672
0.056370387
0.072337144
0.065132403
0.063837545
0.070944233
-0.049291
0.045546551
-0.038619034
0.04420087
-0.046652857
0.038341923
-0.036044173
0.037510546
0.037113611
0.027470743
0.029465782
0.039147435
-0.051873919
0.040873401
-0.042356961
0.040162137
-0.053196478
0.034155463
-0.043232612
0.033003763
0.057492133
0.055768524
0.057077156
0.058273572
-0.036070204
0.059655139
-0.028188624
0.059019164
-0.037041529
0.056795224
-0.029226253
0.05599823
0.069323517
0.076277092
0.074637172
0.067470867
-0.042969913
0.036595734
-0.034970887
0.034814544
-0.046064804
0.027997202
-0.037648037
0.025978475
0.03959333
0.047498167
0.047002951
0.038999717
0.019872304
0.029161902
0.020071565
0.036654079
0.017471894
0.03611489
0.018774151
0.043274502
0.061217842
0.056212665
0.059334264
0.063290274
0.0040298608
0.03022412
0.016663626
0.023683289
0.0028234368
0.037117975
0.015804849
0.030746149
0.035025621
0.026897409
0.029681593
0.038383594
-0.013422471
0.032601828
0.0075249434
0.035308297
-0.011604986
0.016461873
0.00804455
0.019345615
0.046156246
0.05245557
0.048197182
0.041853878
0.049340022
0.04695103
0.056276004
0.045021516
0.047919822
0.041839421
0.054583195
0.039877511
0.038979783
0.045648856
0.047707782
0.041065547
-0.00101194
0.056820308
0.011966426
0.053513692
-0.0020878252
0.061116813
0.010729211
0.05917819
0.026595406
0.020146785
0.024552734
0.032255906
0.044925087
0.068228171
0.053443288
0.06741719
0.043982278
0.068260854
0.052682759
0.067462108
0.045519822
0.035853627
0.037278992
0.047210058
0.04626593
0.062286624
0.057422506
0.060174961
0.048221325
0.062261049
0.059241576
0.060079352
0.063769057
0.062983432
0.064688252
0.065187114
-0.015026649
0.046584496
0.0046178337
0.041030197
-0.015090611
0.032211878
0.0058964132
0.025817789
0.06163138
0.060873665
0.057929476
0.058506928
0.054459966
0.050887827
0.063696132
0.050550189
0.055979765
0.042744957
0.064308259
0.043430114
0.056745491
0.055703099
0.056084898
0.05766491
0.0061864828
-0.0054649232
0.019374409
-0.010361072
0.012031502
0.0034706098
0.019614966
0.0025420061
0.071740412
0.068225017
0.061553521
0.070157261
0.031874463
-0.0025366541
0.042926015
-0.0052618832
0.028264433
0.0082113397
0.037138242
0.007988572
0.066377961
0.054410326
0.048472761
0.062099442
0.033354524
-0.0067280658
0.043733663
-0.0070277066
0.027516368
0.0091969313
0.035525938
0.011408109
0.083604312
0.076526833
0.073945969
0.082450779
0.019062116
0.014624943
0.020516242
0.020356304
0.02050185
0.022358146
0.020576609
0.029495428
0.068130972
0.066037403
0.067013733
0.070160713
0.015204413
0.0096310763
0.020203028
0.010674307
0.016283737
0.015306175
0.020407173
0.017179023
0.06183948
0.055735426
0.054148624
0.06150358
0.026831218
0.017478178
0.034569696
0.018604394
0.026360449
0.02591955
0.033801724
0.027512011
0.06036106
0.052213516
0.050432865
0.058827212
0.025056552
0.021247268
0.031849278
0.024793021
0.024230925
0.030618033
0.030723437
0.034562741
0.069965883
0.066512355
0.06496055
0.068068344
0.0036687357
0.052757398
0.012162095
0.053862347
-0.00036602119
0.058724762
0.0097827664
0.059079714
0.040385514
0.033370227
0.039586855
0.046263765
0.02249435
0.060998062
0.03387774
0.060225186
0.021570322
0.064332468
0.034044296
0.063131839
0.05172339
0.045365577
0.050202921
0.056297108
0.021895596
0.059644888
0.034039306
0.059198903
0.021541939
0.061708385
0.035296328
0.060185869
0.059067232
0.056366893
0.06015328
0.061679015
-0.0080446074
0.060120031
0.0060933067
0.059032946
-0.012407414
0.055871509
0.0047480415
0.05232208
0.056202571
0.05179828
0.053192995
0.056031972
-0.0042237462
0.061848477
0.0078028651
0.06116252
-0.0075441143
0.060926286
0.0065091542
0.058959881
0.046197627
0.039830094
0.042604309
0.04862834
0.021129
0.065047863
0.034653113
0.063568938
0.021376294
0.06252164
0.035837388
0.060906476
0.051543752
0.045695968
0.048491193
0.054284464
0.021683487
0.061496895
0.036892464
0.059117294
0.022476079
0.058431205
0.038837305
0.055503482
0.057153155
0.05541515
0.057762318
0.05883018
0.005103089
-0.017714312
0.017938312
-0.017584598
0.010363729
0.0099207175
0.016654885
0.012954941
0.058715796
0.065066996
0.080037432
0.076335563
0.03022386
-0.0064449038
0.04079254
-0.0053382833
0.024757263
0.014000362
0.033611046
0.016314097
0.08397164
0.086398093
0.086118609
0.083812112
0.023890319
-0.004018465
0.035485432
-0.0026406494
0.021117317
0.017818292
0.032212953
0.018261598
0.062355245
0.07588267
0.075018673
0.060053013
0.0018165867
0.033957345
0.010085148
0.033801951
0.0031749564
0.046112639
0.010620679
0.045914082
0.050662292
0.059247925
0.060620267
0.050401495
0.013735358
0.026414493
0.016626314
0.031330518
0.015297682
0.036908783
0.016872962
0.042899163
0.064966647
0.067861972
0.070409657
0.067311782
0.022514912
0.028439908
0.030469337
0.031373107
0.021974816
0.038498546
0.02971095
0.041579088
0.066318584
0.07006322
0.067494876
0.062833589
0.019973869
0.032953122
0.030625509
0.032891437
0.019976621
0.043149791
0.030423208
0.042930054
0.047003539
0.058551999
0.054056494
0.041609894
0.048765723
0.00029161545
0.053686227
0.0030740619
0.042177216
0.016233049
0.049505171
0.01823115
0.07812923
0.081267896
0.073889366
0.069212621
0.055494262
0.0041927273
0.054460577
0.0081172655
0.054843876
0.016989222
0.057714648
0.018648896
0.059105913
0.065746075
0.058149702
0.049423901
0.055457269
0.010491617
0.056970313
0.010936565
0.05663055
0.019800832
0.059924928
0.020345125
0.033510007
0.048073599
0.03787989
0.02457439
0.041043088
0.032097719
0.050224348
0.032543029
0.040935989
0.041645009
0.050441996
0.042132619
0.03529697
0.048157752
0.041877341
0.029071621
0.039387344
0.029495631
0.048104657
0.03104205
0.038968267
0.039704888
0.048503884
0.040815232
0.05777427
0.063487167
0.058885595
0.052100909
0.055526323
0.029483027
0.060758301
0.029933948
0.057079995
0.040179054
0.063612925
0.039942202
0.046704435
0.054475155
0.050863426
0.042290171
0.057302891
0.03058854
0.061665081
0.031447776
0.057982391
0.040383614
0.062847278
0.041534487
0.023780966
0.036133499
0.031633819
0.020024185
0.015057351
0.044479739
0.016788624
0.050945326
0.01310078
0.050863888
0.01604089
0.057368975
0.064177436
0.064130229
0.064821101
0.06338085
0.022130548
0.045658099
0.030207911
0.048517185
0.022418588
0.050914322
0.031301054
0.053262867
0.061652126
0.064422408
0.063114167
0.059114183
0.020662712
0.049984802
0.031220974
0.049823271
0.021675341
0.054523974
0.032650916
0.054529174
0.046690901
0.055720237
0.052212539
0.042688022
0.00060499764
0.067161893
0.011156556
0.06902291
-0.0022815245
0.071048147
0.010583774
0.073668953
0.053599438
0.059632514
0.057979909
0.051494957
0.0096306485
0.056585853
0.014563834
0.062763013
0.0049774416
0.061227551
0.012507338
0.066669425
0.061435812
0.059644937
0.061168609
0.061105551
0.022604311
0.054792784
0.032652041
0.056415064
0.022667457
0.057471125
0.034108137
0.058233264
0.060429543
0.062082339
0.06251886
0.059539308
0.022765966
0.057367064
0.034386125
0.057565723
0.023769767
0.05879159
0.036142877
0.059151562
0.049477067
0.056235985
0.054442898
0.047418093
-0.035671632
0.010838772
-0.031060131
0.01515392
-0.044691308
0.018228907
-0.037917717
0.023799582
0.031938858
0.017944486
0.015374315
0.028284685
-0.024387464
0.0075096166
-0.01524938
0.0091927485
-0.028754154
0.020103227
-0.01706433
0.022082651
0.026738683
0.01427324
0.016012323
0.029174491
-0.019017902
0.0083612861
-0.0090695096
0.0064985597
-0.019898451
0.021859793
-0.0083618694
0.020481474
0.04830101
0.038188718
0.041473918
0.051943848
-0.040053287
0.035707139
-0.030827379
0.037591364
-0.040144857
0.04259435
-0.030915288
0.044582362
0.046933876
0.038630976
0.035095259
0.0433133
-0.04942084
0.025779658
-0.041029728
0.031760615
-0.05151052
0.032966555
-0.042183272
0.038738015
0.028701541
0.016919184
0.014650517
0.025632186
-0.030474699
0.030437996
-0.018142894
0.033532133
-0.031157492
0.038815419
-0.019243654
0.043012134
0.023681469
0.01296761
0.012307191
0.023683333
-0.01996271
0.034423781
-0.0078563924
0.033908404
-0.019999771
0.044886433
-0.0078441
0.045161587
0.041490853
0.033111614
0.033738587
0.042595981
-0.035894519
0.017656898
-0.023540195
0.015122297
-0.031702893
0.028372906
-0.020395436
0.025928998
0.063727721
0.060454984
0.056863952
0.060919237
-0.011490257
0.0042756106
-0.0011361593
0.0018827511
-0.0087224532
0.018514765
0.0024041159
0.016246806
0.060724117
0.056150627
0.059717823
0.06418977
-0.010402792
-0.00069948927
0.0011258286
-0.003503914
-0.0046570664
0.013818554
0.0065067257
0.011324141
0.057642183
0.061289489
0.065074492
0.062445138
-0.023426351
0.031988468
-0.012653893
0.027463904
-0.020578609
0.040934212
-0.011039371
0.037473469
0.059887677
0.060233323
0.05860589
0.059434368
-0.028517174
0.037458544
-0.018226391
0.035481153
-0.026968274
0.044820663
-0.017506778
0.043508662
0.058025556
0.053491438
0.050185986
0.05540915
-0.007141476
0.032546161
0.0042216813
0.030716297
-0.006932094
0.044442376
0.004474545
0.043177803
0.054567648
0.048737283
0.050217051
0.056408854
-0.0015603166
0.028675254
0.009258123
0.026609234
-0.00084781491
0.041687218
0.0097684755
0.040192935
0.060435798
0.058597332
0.060870844
0.063255314
-0.052413027
0.039586761
-0.042712313
0.044662242
-0.053142215
0.045472793
-0.043437219
0.049515906
0.023778448
0.01230693
0.010864055
0.021821615
-0.031789816
0.045532119
-0.020655993
0.050319539
-0.032854065
0.050814479
-0.022371298
0.055487299
0.020159157
0.0094798142
0.0082605579
0.018847441
-0.020410059
0.052725415
-0.0083769745
0.053471755
-0.021323184
0.057872504
-0.0093874007
0.058673351
0.037332839
0.02913562
0.027765574
0.035890511
-0.043020067
0.055054816
-0.033629396
0.056132809
-0.045068271
0.056748435
-0.035440541
0.057241123
0.038951463
0.029444954
0.028347267
0.037411874
-0.054251861
0.050436847
-0.044719227
0.053279928
-0.055865974
0.054247119
-0.046538679
0.055901512
0.019136048
0.0069270424
0.0068854689
0.01858021
-0.034448455
0.054788245
-0.024202271
0.058664822
-0.036397205
0.05747465
-0.025873464
0.060041031
0.017725234
0.0066330245
0.0061002835
0.016170961
-0.022684416
0.06051281
-0.010736247
0.060958741
-0.024319725
0.060955479
-0.012246793
0.060717605
0.035429415
0.026907126
0.024544451
0.032364924
-0.027236753
0.050449566
-0.018336107
0.049834923
-0.029174908
0.054402128
-0.020540371
0.054375053
0.056916935
0.049896852
0.047279887
0.054625029
-0.0080591258
0.053205441
0.0034035499
0.052414141
-0.010317038
0.058538345
0.001274584
0.057957661
0.052641231
0.04517242
0.04364831
0.051045129
-0.0021522274
0.051440129
0.0084436443
0.050504132
-0.0050396978
0.057271189
0.005659085
0.056685318
0.064828258
0.059387964
0.057745077
0.063161536
-0.026580416
0.05725995
-0.018566955
0.057203898
-0.031469223
0.058665882
-0.023386635
0.059188286
0.072542174
0.065495385
0.063744059
0.071032673
-0.032405936
0.056770656
-0.02376306
0.057121904
-0.03641267
0.057659221
-0.027543818
0.058131165
0.05715536
0.048181379
0.046375502
0.055285447
-0.01339039
0.060599239
-0.0016255468
0.059890249
-0.016902891
0.059828287
-0.0049976437
0.058678502
0.052457462
0.043921295
0.040216312
0.048165861
-0.0090443206
0.059152035
0.0017797486
0.058579895
-0.013695476
0.057555884
-0.0028302245
0.056652243
0.067788057
0.060654563
0.055847693
0.062562797
-0.045361109
0.00092680852
-0.031930603
-0.0037223634
-0.034886225
0.011299169
-0.023105937
0.0062458731
0.031478158
0.045104035
0.046227488
0.034043391
-0.017884772
-0.0064516401
-0.0048929618
-0.0092911941
-0.010868788
0.0088797031
0.0007344236
0.0066668196
0.040096454
0.050226827
0.056750317
0.048766864
-0.027707562
-0.011595312
-0.014833369
-0.012815017
-0.02284433
0.0049479039
-0.011292306
0.0040403443
0.017603658
0.028705223
0.039467697
0.029841081
-0.039131015
0.013949505
-0.029811589
0.011522679
-0.036152642
0.02648363
-0.027416003
0.024230845
0.034665381
0.043828418
0.046572365
0.037916324
-0.027914111
0.022511031
-0.017547651
0.017792189
-0.024240418
0.033578408
-0.014985892
0.029748104
0.051439541
0.056913222
0.057677889
0.053316468
-0.0067530504
0.024670296
0.0039105362
0.022995891
-0.00518213
0.038842647
0.0049787886
0.037717244
0.056461291
0.059774161
0.063234027
0.060565292
-0.019633453
0.021713279
-0.0089718285
0.020925437
-0.017907953
0.036827867
-0.0077313505
0.036108092
0.04237264
0.050560161
0.055155913
0.04711336
-0.046380159
0.039851899
-0.04280056
0.035814502
-0.044431846
0.049182266
-0.041736764
0.046386213
0.061118186
0.065507355
0.066950692
0.063591724
-0.037552782
0.040312836
-0.030982274
0.036408799
-0.037374374
0.049229686
-0.031609962
0.046785706
0.065937816
0.068209112
0.069099614
0.067869839
-0.048451623
0.032898912
-0.042224164
0.030323503
-0.047780708
0.04433109
-0.041724306
0.042221975
0.054037597
0.061231485
0.063866111
0.056913588
-0.054940286
0.05501713
-0.052360206
0.053165137
-0.055520548
0.065127257
-0.052956816
0.063492054
0.056242448
0.062554835
0.067959101
0.061763814
-0.044306418
0.05810788
-0.042572948
0.05674749
-0.045641623
0.065826709
-0.044829446
0.065920053
0.066473925
0.068150562
0.071675274
0.071165138
-0.039067928
0.057069041
-0.033965689
0.056080985
-0.04205715
0.063148042
-0.037421113
0.063404426
0.075325905
0.074763108
0.076855885
0.078260664
-0.047895574
0.054672274
-0.041924186
0.053007248
-0.048492261
0.062843358
-0.042496891
0.061465541
0.06661374
0.072750801
0.076146418
0.069982524
-0.023366392
0.043520663
-0.014895239
0.040871059
-0.024654778
0.051502476
-0.016653696
0.050045716
0.069136399
0.069470554
0.069209632
0.069532705
-0.005665405
0.049722125
0.0043080376
0.049111401
-0.0076842259
0.05628636
0.0022313173
0.056048545
0.068905
0.068247762
0.066555688
0.067145373
-0.017320668
0.048590723
-0.0074121711
0.047982131
-0.017489999
0.055840504
-0.0078634855
0.0554364
0.059513092
0.0661422
0.064231608
0.057350028
-0.03479009
0.055735256
-0.026780041
0.054800656
-0.03534534
0.059439292
-0.02740247
0.058762695
0.071281674
0.077548609
0.076599819
0.070200816
-0.027436971
0.056942707
-0.019647131
0.056456321
-0.031096585
0.059576027
-0.023339394
0.059695677
0.079409171
0.077471583
0.076239974
0.078393506
-0.010759173
0.058254549
-0.00094038988
0.058150488
-0.014478533
0.056071161
-0.0048999026
0.055833716
0.075033941
0.072919488
0.067393242
0.069333393
-0.018113796
0.058144786
-0.008948276
0.058030708
-0.019018484
0.055883212
-0.010532382
0.056091584
0.066715394
0.073193626
0.06744555
0.061048703
-0.050025117
0.035559114
-0.041361553
0.035424572
-0.048713829
0.046100499
-0.040007124
0.045393117
0.035686549
0.048886548
0.049639807
0.035938369
-0.031682798
0.047021923
-0.020909581
0.045387738
-0.030562386
0.054538629
-0.020361911
0.052818728
0.034844649
0.048932524
0.046449579
0.032089505
-0.039439264
0.042738503
-0.026505304
0.038756506
-0.039671768
0.049978519
-0.027637606
0.045777392
0.0015646252
0.018393201
0.0156314
-0.00063262098
-0.057845223
0.051856431
-0.04837784
0.051681301
-0.053270449
0.055564823
-0.044735202
0.05541295
0.0055040012
0.026128126
0.024147119
0.0038665432
-0.046402212
0.053726228
-0.037796273
0.05266187
-0.043367309
0.057725721
-0.035002373
0.056532205
0.044986614
0.060345527
0.058950978
0.043212041
-0.028851306
0.057540962
-0.019642613
0.056384742
-0.026761157
0.056270798
-0.018806125
0.056192319
0.039638848
0.055376064
0.049944077
0.034668264
-0.038540554
0.054301642
-0.028146953
0.051058555
-0.036438732
0.05561466
-0.028004061
0.054265072
0.001552183
0.020877661
0.016740205
-0.0011169855
-0.057745992
0.056622266
-0.04858216
0.057274225
-0.059390393
0.057243971
-0.050336395
0.057230592
0.016214498
0.0037248128
0.0050088084
0.016946381
-0.038344491
0.058797641
-0.027086286
0.059792586
-0.039833555
0.058595367
-0.027565325
0.058051789
0.017161141
0.0060575884
0.0066745505
0.016285214
-0.025981092
0.059549625
-0.01372425
0.058432297
-0.02737842
0.056635202
-0.014968821
0.054616682
0.035509313
0.026668821
0.024552003
0.032352692
-0.050410954
0.054479527
-0.039931063
0.053271606
-0.050533713
0.050875689
-0.039900877
0.049431279
0.036469801
0.026416812
0.027670021
0.037357685
-0.060164205
0.055787584
-0.051193719
0.055548873
-0.059456766
0.051969058
-0.050579401
0.051977672
0.015596892
0.0039427602
0.0059043012
0.01719581
-0.040380985
0.056638482
-0.027095113
0.054889716
-0.039562028
0.052662442
-0.025559015
0.050312149
0.018519316
0.007848113
0.0095194464
0.019077045
-0.02820832
0.052516368
-0.015789273
0.049780501
-0.028191332
0.047445707
-0.016022599
0.044399645
0.037378376
0.028325451
0.027827436
0.035994008
-0.040617868
0.057167306
-0.03138524
0.057506865
-0.044456783
0.055379848
-0.034809314
0.055387825
0.056443156
0.046989826
0.04621115
0.055344555
-0.020458181
0.056825303
-0.0085364423
0.055034897
-0.023672736
0.0522694
-0.011935037
0.049805913
0.052713111
0.044177497
0.040135741
0.04792183
-0.018541981
0.053305512
-0.007797595
0.05182843
-0.023169128
0.0474169
-0.012729207
0.045286474
0.0675067
0.060731087
0.055345423
0.061728248
-0.046090247
0.051944316
-0.037206721
0.05217934
-0.049510477
0.046881952
-0.040328918
0.046652834
0.066312475
0.06117916
0.060982761
0.065808022
-0.047442304
0.052362935
-0.037405295
0.051934916
-0.049223174
0.048165021
-0.038871753
0.047318446
0.054137891
0.04576827
0.046280538
0.054283145
-0.026202587
0.046862375
-0.014887416
0.043876319
-0.027766447
0.041272987
-0.017090238
0.038071995
0.05322529
0.045724685
0.043626315
0.050579668
-0.027205755
0.040945625
-0.017201236
0.038231061
-0.030324856
0.034835062
-0.020752126
0.031680588
0.064058997
0.059519216
0.056510292
0.060907898
-0.0568617
0.045602889
-0.048108328
0.046282612
-0.05235921
0.036661277
-0.043760164
0.038315568
0.016896559
0.0061280246
0.0079494666
0.01879831
-0.037121502
0.04642025
-0.022990664
0.044268057
-0.033109318
0.037754379
-0.019638618
0.036671644
0.021026308
0.010170415
0.012580436
0.023429122
-0.027128823
0.041608194
-0.015563955
0.038871543
-0.024989896
0.035095485
-0.014413154
0.033438945
0.041160879
0.03160473
0.033841023
0.043167241
-0.042952995
0.029243243
-0.032485618
0.02937885
-0.039026763
0.0184774
-0.028775852
0.020007917
0.040852259
0.030604053
0.03297172
0.043919111
-0.046461636
0.025321351
-0.038034155
0.028098762
-0.040273888
0.011981329
-0.032037816
0.015910439
0.018686239
0.0062356281
0.007105236
0.020265449
-0.028012634
0.026671309
-0.016034431
0.02744143
-0.022850297
0.013416617
-0.013007921
0.016529846
0.022760983
0.0089573208
0.011743542
0.026527424
-0.022040891
0.027866378
-0.012741019
0.028067436
-0.019009627
0.019713051
-0.01103168
0.022360616
0.047872568
0.036266491
0.04102475
0.053220065
-0.049635586
0.042824118
-0.039056216
0.041705106
-0.048746576
0.036384392
-0.037995118
0.035247881
0.051624932
0.04529915
0.047256437
0.053342995
-0.028169697
0.036056791
-0.018247101
0.033039909
-0.027337659
0.031531132
-0.018083282
0.029088123
0.054934808
0.049096716
0.050833748
0.056396899
-0.032248593
0.029757909
-0.022891698
0.026283173
-0.032756587
0.025950968
-0.023141491
0.022190047
0.059185486
0.058343318
0.059566882
0.06026437
-0.05356066
0.026902477
-0.042935666
0.0253654
-0.053014027
0.019221134
-0.041392213
0.017301591
0.050693491
0.053309065
0.056131371
0.052568656
-0.046882973
0.028928213
-0.035950448
0.028085525
-0.044627215
0.020635327
-0.033429086
0.02036708
0.052651202
0.048428083
0.051888869
0.056041782
-0.025361126
0.027599544
-0.016395082
0.026008268
-0.022530643
0.023623301
-0.013066225
0.022937819
0.060257584
0.056170847
0.061631072
0.065473861
-0.031651277
0.023091995
-0.021038403
0.019015774
-0.028685447
0.020199707
-0.016053032
0.015809465
0.055718512
0.059925317
0.064713891
0.060078927
-0.035130857
0.059454541
-0.027310263
0.059782939
-0.039184102
0.056889296
-0.031262499
0.057086707
0.078737947
0.077172088
0.075727949
0.077228235
-0.018501011
0.05074728
-0.009320613
0.050159511
-0.022538659
0.043597169
-0.013832601
0.042528608
0.073556678
0.072107194
0.066187317
0.067775612
-0.020148
0.050112957
-0.01246354
0.050597935
-0.021512346
0.042246304
-0.014553692
0.042876417
0.06396175
0.07101573
0.065642782
0.059206319
-0.038427492
0.051528535
-0.030656395
0.05043165
-0.040385698
0.044584551
-0.032578449
0.043132997
0.056450415
0.064186691
0.062992149
0.055101401
-0.043049649
0.052347913
-0.035004319
0.05218112
-0.046640785
0.04633987
-0.038416508
0.045688076
0.068305797
0.068884552
0.068109438
0.067300906
-0.026333523
0.035939011
-0.01801351
0.03432308
-0.029642915
0.028827215
-0.021406582
0.026604885
0.065437907
0.066220531
0.063190996
0.06282219
-0.023124986
0.033666726
-0.016577777
0.034235892
-0.024946393
0.025420852
-0.018281053
0.025680674
0.053691382
0.061309321
0.059375854
0.052600447
-0.049930305
0.03932242
-0.041400694
0.038152229
-0.052859758
0.031638108
-0.04379691
0.029958513
0.053287583
0.056665823
0.056905119
0.053077509
-0.032221523
0.022868299
-0.023547953
0.019950223
-0.033762983
0.01815796
-0.023948614
0.01444733
0.053570351
0.057531331
0.058633929
0.054909249
-0.026836932
0.018076447
-0.019378364
0.017791828
-0.02853501
0.011766942
-0.0195523
0.010791301
0.039716452
0.047538303
0.049311767
0.042041561
-0.04934917
0.019000114
-0.040254756
0.016905897
-0.052272814
0.0096283226
-0.042250408
0.0076910958
0.023203875
0.030975221
0.030204747
0.022325314
-0.055234418
0.023471357
-0.045296076
0.021290056
-0.056628108
0.014831006
-0.045384201
0.012141293
0.038634763
0.045501437
0.046286194
0.03845965
-0.033829657
0.014322306
-0.022044582
0.0098103814
-0.031870194
0.010578149
-0.017227202
0.0055211863
0.04033519
0.048742316
0.052782711
0.044181939
-0.029683803
0.0063510169
-0.01846669
0.0047089817
-0.029851499
0.0016302803
-0.015815242
-0.00032505169
0.023863091
0.03175001
0.03551674
0.0276614
0.015708171
0.021562103
0.019945688
0.02367425
0.013859065
0.028792942
0.018752695
0.03087099
0.049841923
0.042673459
0.046415207
0.053533606
0.026071986
0.033959828
0.033804849
0.035434121
0.025566841
0.0417382
0.033966074
0.042756503
0.056152138
0.049229622
0.051263029
0.057880718
0.023953626
0.038329506
0.030827455
0.042001637
0.023664625
0.045010408
0.031423457
0.047950158
0.064193674
0.061294294
0.062302224
0.064138235
0.013626392
0.043373498
0.016699556
0.049717197
0.0086989633
0.050426345
0.014045025
0.055533813
0.055148226
0.048901793
0.054088538
0.058643721
0.011053563
0.036833621
0.016919805
0.038736962
0.0075683669
0.045109388
0.014638137
0.046707147
0.041783078
0.034475282
0.041048155
0.048060029
0.024727706
0.049112555
0.034017255
0.049522464
0.023635241
0.055712003
0.033940731
0.05549442
0.053316739
0.046692089
0.051199873
0.057439652
0.023169765
0.050890054
0.032184196
0.052804608
0.02251799
0.055877201
0.03303649
0.056618352
0.061306833
0.058296577
0.061505907
0.063207908
-0.010779394
0.053146819
0.011397428
0.04056816
-0.013393084
0.061850178
0.010186002
0.0477526
0.017918671
0.0073310612
0.010375018
0.020379748
0.028058901
0.044747918
0.040370374
0.04011168
0.027443463
0.052773991
0.039869917
0.048111213
0.021889116
0.011595707
0.011948502
0.022825485
0.027805782
0.036432954
0.037829799
0.034280938
0.027300149
0.044484173
0.037641863
0.042292105
0.040968471
0.031752874
0.033275096
0.042903732
0.0014970752
0.044158602
0.014638795
0.038459614
0.00019377987
0.050923829
0.013312394
0.046299913
0.02737336
0.020501669
0.025443293
0.03342962
-0.015049183
0.068714055
0.0093469026
0.054232013
-0.015554861
0.073397538
0.0089714709
0.059683845
0.013436467
0.0052312326
0.0086718351
0.017192428
0.026769133
0.059733586
0.039038974
0.055413816
0.026084061
0.065026611
0.037902386
0.06142388
0.020811269
0.011590041
0.013791219
0.023801216
0.026420733
0.052067357
0.037068609
0.049932171
0.02525544
0.058626805
0.036134467
0.056721597
0.038793322
0.030024258
0.033809963
0.043150799
-0.016291296
0.036084832
0.0050920354
0.032971779
-0.015313312
0.020290912
0.0063218817
0.016875802
0.057225563
0.060346009
0.056868497
0.053313552
0.024922223
0.045957387
0.041418589
0.043701462
0.026094542
0.036556808
0.042281009
0.034569129
0.051064615
0.055004528
0.05453029
0.05047262
0.025332384
0.042569531
0.03921992
0.042666729
0.024897807
0.033556065
0.038179965
0.033554601
0.039076783
0.045575756
0.044801914
0.038179857
-0.0076948872
0.0030136322
0.0091284197
0.0064566347
-0.0015341913
-0.0039755554
0.010693616
0.00020301765
0.034075817
0.041711563
0.044686252
0.036502787
-0.010986023
0.0042776245
0.0087698166
0.0023085754
-0.0026881615
-0.0085639
0.012295232
-0.0069988161
0.050064211
0.058389618
0.059181564
0.052490108
0.027047113
0.024843986
0.042142549
0.023609998
0.027088112
0.011954805
0.040014949
0.012082427
0.052739234
0.058424244
0.057608034
0.05276363
0.024088801
0.023015513
0.036354352
0.023013058
0.022627082
0.012271193
0.033346533
0.012375071
0.036480765
0.045140135
0.045453521
0.036607386
0.053783951
0.049830662
0.061982734
0.048620162
0.054110251
0.043634289
0.061570279
0.043128352
0.051272854
0.055159239
0.056581362
0.053095075
0.066400409
0.050610382
0.067588947
0.050480262
0.06508471
0.045449844
0.065266595
0.04622026
0.055555522
0.058498987
0.060643309
0.058296035
0.06067338
0.048903735
0.063067346
0.046088317
0.058740732
0.045184574
0.0608974
0.042432799
0.043967276
0.050530935
0.053690379
0.047226962
0.04566541
0.034352609
0.052208196
0.032501593
0.042192469
0.023743268
0.048917774
0.022066582
0.037980013
0.04668434
0.048919005
0.040621924
0.053180579
0.034982733
0.06001287
0.035185205
0.049961595
0.023561792
0.056462835
0.024225664
0.053489606
0.057506915
0.058298498
0.055058813
0.062963098
0.038170273
0.062607931
0.03965228
0.059552858
0.027824553
0.059601512
0.029416996
0.057164632
0.059792076
0.061610553
0.059312197
0.056362119
0.039173262
0.058531553
0.036707886
0.053548313
0.029218711
0.05624897
0.02714657
0.043971
0.051708908
0.054408804
0.047262879
-0.014899121
0.075593295
0.0090361877
0.06369212
-0.013224897
0.075031924
0.0094293268
0.065760679
0.013742173
0.006663446
0.0088595468
0.016692345
0.025384931
0.068118823
0.036494433
0.065551549
0.024638509
0.068598695
0.034875464
0.067270959
0.020171784
0.011613575
0.014036989
0.023322171
0.023960403
0.063552381
0.034992778
0.062066966
0.022729472
0.066239119
0.033877179
0.065323608
0.037652069
0.029062005
0.033008355
0.0422343
-0.0030263787
0.062974519
0.009711567
0.062249646
-0.0038360852
0.061473137
0.0089992171
0.061603467
0.033005798
0.025891131
0.027508546
0.035443832
-0.010806231
0.071493227
0.0099792925
0.065332115
-0.0080313452
0.064828462
0.010486847
0.061811166
0.018488894
0.010613944
0.010924842
0.019190824
0.023807064
0.06622338
0.033145427
0.066173607
0.022877459
0.060947551
0.031452889
0.062011883
0.020842056
0.012348948
0.013805553
0.022567029
0.021761354
0.066146697
0.033044276
0.065861079
0.021224044
0.062854842
0.032712721
0.063129035
0.038238349
0.029723805
0.031861413
0.040789456
0.043858724
0.067344015
0.048545107
0.068282252
0.041762475
0.067124116
0.046421776
0.068238332
0.025571595
0.015638947
0.016230028
0.026625602
0.051186008
0.067059934
0.052053638
0.069111947
0.04944492
0.065773626
0.050988511
0.067199745
0.026455526
0.015835968
0.014635262
0.025256344
0.060102284
0.069754365
0.064405502
0.069296809
0.05949219
0.067286916
0.06388531
0.06649994
0.047266992
0.037234952
0.035939407
0.045931947
0.043321092
0.065462414
0.052184818
0.064817973
0.043176352
0.059774214
0.052174015
0.059387229
0.042566586
0.033334455
0.033799538
0.043254259
0.039694646
0.064222498
0.044575036
0.06535633
0.037910485
0.058686648
0.043301162
0.059626411
0.023726666
0.014706765
0.014780722
0.023985972
0.048286321
0.062041286
0.050825849
0.062656656
0.047991113
0.055958281
0.051793837
0.055611664
0.023307077
0.01401884
0.012609698
0.021905066
0.059114709
0.062205677
0.063567377
0.061255496
0.059170809
0.054678866
0.063628769
0.053760968
0.042820026
0.033212218
0.031806951
0.041505473
0.045374379
0.066049336
0.055979292
0.064291149
0.046154424
0.066079077
0.056862492
0.064298743
0.059610266
0.053667365
0.055502084
0.061453711
0.064723827
0.068034258
0.070785052
0.066225156
0.065253067
0.065237477
0.070630476
0.063764366
0.061827911
0.055693009
0.054487069
0.060950643
0.066562244
0.064085974
0.072988509
0.061803213
0.067612366
0.062193067
0.072905617
0.060520592
0.065890166
0.065259076
0.064846766
0.065939794
0.050294249
0.060476431
0.060935969
0.058589544
0.052432547
0.056750292
0.062465511
0.055504903
0.060569751
0.059751458
0.061118458
0.062078732
0.047241102
0.063667214
0.057859303
0.062186093
0.048719297
0.058684214
0.059040059
0.057795494
0.056365086
0.050491391
0.051415197
0.057524594
0.06568512
0.06025541
0.070183227
0.059431493
0.066109348
0.053289109
0.069576607
0.053398949
0.057732675
0.051241749
0.050194933
0.057160501
0.068303457
0.058759097
0.072246897
0.058023948
0.068657439
0.053902952
0.071119776
0.054373311
0.063221268
0.061792867
0.061859551
0.063978973
-0.0099008455
0.054793738
0.0061392752
0.051493645
-0.010776486
0.042444548
0.0068397223
0.038130719
0.057919065
0.052752766
0.049673
0.054972719
0.022393143
0.056254855
0.037572097
0.054620888
0.02406427
0.045956719
0.03959054
0.044406093
0.053318571
0.047850628
0.046740998
0.052436245
0.023943789
0.052022293
0.040998426
0.048929092
0.025906356
0.042004813
0.043011589
0.039203651
0.056897255
0.056381141
0.055737792
0.056407884
-0.011742341
0.013578834
0.0086186604
0.0083445566
-0.00411578
-0.0074221545
0.012615906
-0.0086383557
0.065589166
0.07039597
0.065779599
0.063891401
-0.0095277155
0.023282259
0.0086133437
0.018890865
-0.0054333775
-0.002575698
0.011269779
-0.0052716871
0.071589342
0.068271775
0.059023298
0.064229581
0.026004651
0.031634345
0.041298794
0.030309832
0.02749962
0.013664237
0.0416982
0.012880478
0.058056099
0.051775765
0.046213674
0.053239954
0.027893172
0.028516066
0.044164082
0.026575732
0.02905528
0.012311957
0.043264201
0.012007385
0.061463495
0.06138012
0.05783066
0.059365613
0.050516071
0.051118908
0.060339864
0.051023422
0.052313002
0.041138991
0.061473089
0.041886027
0.052013767
0.045992479
0.045443447
0.051888132
0.066514347
0.044609124
0.068882244
0.045843182
0.066711491
0.034612284
0.068050041
0.036985056
0.052000655
0.045082898
0.044991057
0.052353117
0.068638146
0.047679727
0.069616296
0.049498315
0.068076862
0.040099277
0.067766541
0.043192273
0.058959296
0.056758626
0.057641044
0.060454237
0.056242759
0.032318398
0.063670838
0.033916539
0.053992836
0.019865687
0.060692094
0.0219807
0.058230445
0.055627001
0.054958045
0.058250077
0.053452528
0.029153754
0.061838085
0.030600836
0.052848683
0.015872244
0.060422471
0.017680585
0.050125449
0.042513116
0.040843208
0.048889605
0.066247046
0.023891681
0.066838337
0.027145722
0.064311783
0.013311431
0.064740413
0.016813509
0.049489646
0.041224988
0.04346777
0.05166363
0.066573362
0.031157445
0.065480659
0.035111622
0.063379797
0.020881347
0.062481565
0.024788317
0.059304523
0.055742916
0.057691056
0.061078734
-0.0082292621
-0.020967991
-0.014617875
-0.020542809
0.0065266057
-0.033131354
0.0093692547
-0.0058009957
-0.028135296
-0.0069025928
0.01095687
-0.0092764746
-0.070137526
-0.070132203
-0.071477538
-0.074508927
-0.018226657
-0.020868167
-0.0676672
-0.065828038
-0.014979295
-0.026055842
-0.01823604
-0.063106054
-0.070688623
-0.022796662
-0.075348626
-0.0038678611
-0.011705085
0.0012516763
-0.0090135232
-0.057344886
-0.022036972
-0.058077933
-0.0615358
-0.021393224
-0.061031698
-0.059256993
-0.060611803
-0.054270842
-0.048807009
-0.05212472
-0.055800382
0.0060943618
-0.0068051066
-0.042427592
-0.04692058
-0.062983753
-0.021270202
-0.061241897
-0.051432799
-0.055735311
-0.059246698
-0.058025297
-0.0012195349
-0.014514107
-0.0053533041
-0.01342537
0.010943379
-0.027234124
0.0097704769
-0.01476429
-0.022904279
-0.016437957
0.0079810768
-0.016908614
-0.047562957
-0.056370462
-0.063464203
-0.052583046
-0.0082278019
-0.013481563
-0.063158045
-0.070792135
-0.031374553
-0.021167523
-0.033383487
-0.072674387
-0.064443676
-0.033190509
-0.051808281
-0.046759208
-0.052397314
-0.042052
-0.049850178
-0.0059807108
-0.055124548
-0.0082311301
-0.018618966
-0.055490434
-0.019894902
-0.0088872716
-0.02044521
-0.040038202
-0.05435496
-0.046583296
-0.032415969
-0.040026356
-0.049016976
-0.064386346
-0.057246957
-0.03060865
-0.056336842
-0.031467935
-0.049962045
-0.03890914
-0.032158692
-0.025431278
-0.0098126636
-0.014136342
-0.0083854077
-0.013859542
-0.049525097
-0.021375041
-0.05191543
-0.05495718
-0.022034836
-0.057395576
-0.051762309
-0.057647444
-0.053523129
-0.060238449
-0.058296519
-0.050929089
-0.0055853433
-0.012974375
-0.062781381
-0.062178534
-0.058977267
-0.022658889
-0.06132553
-0.060983628
-0.056007012
-0.062059532
-0.048194064
0.037799686
0.031019466
0.043125466
0.035241621
-0.013963145
0.022654997
-0.014995767
-0.023934776
0.025374049
-0.02585921
-0.014470659
-0.02601894
-0.050018207
-0.04126927
-0.037357077
-0.046067231
0.045722609
0.03700874
-0.030633588
-0.027224267
-0.03303291
0.026293745
-0.035602116
-0.025402365
-0.035561016
-0.036361758
-0.044518185
0.036262604
0.022768828
0.029497625
0.017490654
-0.0099194593
0.0098054016
-0.0061667125
-0.022116125
0.005423522
-0.018542451
-0.0017569709
-0.01433287
-0.05713818
-0.060371194
-0.058725554
-0.056813204
0.024828073
0.014191368
-0.060094162
-0.057334103
-0.033589218
0.0030686692
-0.030628911
-0.056914352
-0.05928534
-0.027072161
-0.058638556
0.04730763
0.037877532
0.047912041
0.03837905
-0.047229525
0.026856992
-0.050070461
-0.052166333
0.027464636
-0.054596203
-0.051366503
-0.055740983
-0.040308797
-0.031261576
-0.02950111
-0.038200284
0.048909444
0.039304861
-0.021313518
-0.02004687
-0.055688157
0.028457514
-0.057419987
-0.018739826
-0.02777807
-0.058152661
-0.036116967
0.022752275
0.01396771
0.024967731
0.016588025
-0.050828209
0.0040124311
-0.049578466
-0.055756387
0.0067561833
-0.055169233
-0.047986037
-0.054412008
-0.070403347
-0.064401099
-0.062625333
-0.069096067
0.028725289
0.020437881
-0.057044563
-0.054936213
-0.058158467
0.010495877
-0.057911213
-0.052440075
-0.060102468
-0.057651789
-0.066641847
0.049082922
0.03668776
0.039559819
0.02852332
0.0071313601
0.023117213
0.010453544
-0.005876001
0.016667485
-0.0026720253
0.01227454
-0.00081136001
-0.019549271
-0.030681593
-0.034096083
-0.023678504
0.033067318
0.023178872
-0.041457854
-0.043808873
-0.019824674
0.012659107
-0.016999482
-0.048614208
-0.040230234
-0.015220148
-0.030699396
0.050389906
0.047194415
0.048893952
0.046190619
-0.03565069
0.042186211
-0.032005818
-0.046247258
0.041716573
-0.043570313
-0.029429265
-0.041349805
-0.052438671
-0.059320295
-0.063936236
-0.05724664
0.04878536
0.046636373
-0.064224048
-0.068081502
-0.056317418
0.04267603
-0.054683096
-0.071593158
-0.068192288
-0.052833825
-0.061690749
0.028225178
0.019839007
0.028742174
0.020722617
-0.044549609
0.01071833
-0.043028513
-0.052735631
0.011858204
-0.051888767
-0.041783172
-0.051024954
-0.066898863
-0.073194539
-0.073049181
-0.066732579
0.030391586
0.02254416
-0.075507913
-0.075125591
-0.057137883
0.01382505
-0.056791995
-0.072885005
-0.0708277
-0.056287535
-0.064413875
0.056656069
0.047470979
0.055508807
0.046252013
-0.040138748
0.037095104
-0.039517439
-0.049042873
0.036185929
-0.047792921
-0.038699085
-0.046289281
-0.0050172057
-0.024272747
-0.022960207
-0.0037510716
0.052505045
0.043491057
-0.041919514
-0.041008544
-0.054558519
0.03418958
-0.053335178
-0.038309367
-0.020310418
-0.052008205
-0.0017489325
0.051926422
0.042105078
0.053352421
0.043405503
-0.058608576
0.031046396
-0.058521034
-0.057970311
0.032109222
-0.057028263
-0.057910342
-0.055690125
-0.036705305
-0.02653846
-0.027287764
-0.036980349
0.054124857
0.04409027
-0.015617695
-0.016848503
-0.055813439
0.032569354
-0.054249798
-0.01762608
-0.027275175
-0.052325566
-0.036224535
0.038362996
0.029623104
0.043003825
0.033895946
-0.056388303
0.019194818
-0.055816374
-0.053005059
0.023295431
-0.051945017
-0.055430204
-0.051105188
-0.069928583
-0.063532001
-0.062712209
-0.068896677
0.046842041
0.0373708
-0.055454492
-0.054921697
-0.048569594
0.02672239
-0.046986962
-0.05290577
-0.060234297
-0.045610446
-0.066103833
0.051943967
0.041954423
0.048547611
0.038683752
-0.046287438
0.030422212
-0.044747685
-0.038576868
0.027521711
-0.037888107
-0.042698393
-0.036573154
-0.038410397
-0.028730532
-0.030952307
-0.040963929
0.043917906
0.034223747
-0.017855484
-0.019681196
-0.028785104
0.023715911
-0.029535544
-0.022164992
-0.03377118
-0.029564883
-0.044029612
0.05098272
0.040890973
0.05119634
0.04078366
-0.038253105
0.030383156
-0.03598174
-0.032943894
0.030225915
-0.030606589
-0.0336426
-0.027891084
-0.053531549
-0.053830373
-0.055912798
-0.054921034
0.050417003
0.039573497
-0.051363018
-0.053908009
-0.027581849
0.028647348
-0.025344171
-0.056914879
-0.058566567
-0.022309259
-0.057097189
0.035254956
0.027454843
0.03797181
0.030153346
-0.055036818
0.019069703
-0.0549024
-0.049917972
0.021970654
-0.049519554
-0.054761713
-0.049306389
-0.063841491
-0.07123611
-0.069717228
-0.062128869
0.040793492
0.032936615
-0.07447371
-0.073123597
-0.04334588
0.024869298
-0.042512671
-0.07017708
-0.066903683
-0.042057634
-0.05952832
0.046886011
0.038673545
0.050094177
0.041389007
-0.028930387
0.030023107
-0.026944439
-0.021920022
0.031774513
-0.019307329
-0.025643552
-0.017520411
-0.031323085
-0.039126697
-0.038687342
-0.030789031
0.053105177
0.043580456
-0.045743712
-0.045713456
-0.015107628
0.032437405
-0.011924557
-0.047079845
-0.039899862
-0.0097573426
-0.032059074
-0.018897775
-0.020446945
-0.01667487
-0.01913112
-0.029756026
-0.02500681
-0.033946457
-0.037000596
-0.024566111
-0.040719779
-0.039447004
-0.045659994
-0.057793221
-0.051980147
-0.056357561
-0.060693874
-0.013203631
-0.017086676
-0.045091185
-0.050393771
-0.044321238
-0.023856428
-0.047236744
-0.054577717
-0.059616783
-0.051195975
-0.062580372
0.0033609934
-0.014194961
0.0048369155
-0.013314813
-0.039211883
-0.028202581
-0.032789082
-0.046806933
-0.027675889
-0.040324086
-0.02884528
-0.036432347
-0.030407466
-0.022988436
-0.027223878
-0.035514075
0.0059108853
-0.012406935
-0.015093535
-0.01852053
-0.053892291
-0.026868068
-0.047822682
-0.021398592
-0.030889798
-0.04423703
-0.039825435
0.015281466
-0.0061052466
0.013851699
-0.0070452996
-0.039545906
-0.025164948
-0.038864755
-0.027410485
-0.025605099
-0.026727372
-0.040271943
-0.028098907
-0.040966533
-0.047951389
-0.04622275
-0.03904702
0.009580343
-0.0089104054
-0.054450229
-0.052606676
-0.014588597
-0.025734597
-0.014514575
-0.050833726
-0.044314092
-0.016029938
-0.036840354
-0.051898541
-0.059509822
-0.051396317
-0.058472594
-0.049921774
-0.063914643
-0.048225186
-0.045306285
-0.062261521
-0.044089793
-0.045697303
-0.041584312
-0.0369047
-0.044493268
-0.04674916
-0.039392556
-0.049820266
-0.056500823
-0.050746456
-0.05252744
-0.03827614
-0.059971022
-0.037581648
-0.055064715
-0.049867001
-0.035289142
-0.042854837
0.00647715
-0.010929182
0.0060354324
-0.010449973
-0.064290141
-0.02473911
-0.060361638
-0.066461465
-0.023617784
-0.064045608
-0.05816067
-0.062773956
-0.028930325
-0.022296569
-0.0255713
-0.033314232
0.0052785105
-0.010136912
-0.01562402
-0.017602728
-0.065923727
-0.022598445
-0.065076179
-0.020342371
-0.029183793
-0.064714117
-0.037718194
-0.044559549
-0.051382518
-0.042911445
-0.049848692
-0.069044969
-0.056271386
-0.069423191
-0.068015304
-0.055052009
-0.068110273
-0.068788355
-0.067285657
-0.044276578
-0.034781001
-0.035828155
-0.045573204
-0.041444791
-0.048601612
-0.024791966
-0.025536413
-0.064223718
-0.054240495
-0.064042283
-0.025138299
-0.035532807
-0.063188416
-0.045396673
-0.045731192
-0.056786096
-0.047230487
-0.058276195
-0.065517636
-0.065915094
-0.063315097
-0.064174229
-0.06680789
-0.062283856
-0.060977131
-0.060275121
-0.062443941
-0.061638107
-0.063278038
-0.064007277
-0.048965165
-0.059767361
-0.058261408
-0.05986959
-0.060842593
-0.06746135
-0.059630091
-0.06017528
-0.06392823
-0.058313146
-0.064972122
0.012800855
-0.0051694129
0.013348029
-0.0062165225
-0.054230764
-0.023200905
-0.050486844
-0.042816432
-0.025150813
-0.03871453
-0.046145799
-0.034138418
-0.064091188
-0.065927113
-0.061515243
-0.060828776
0.010967374
-0.0085941322
-0.064900776
-0.059351981
-0.02655871
-0.027255545
-0.022977481
-0.055232039
-0.05819356
-0.019305859
-0.058300009
-0.053014102
-0.062645041
-0.054801995
-0.063591482
-0.048366525
-0.068158859
-0.049351856
-0.039422953
-0.067979715
-0.041611107
-0.050247783
-0.043715318
-0.05624807
-0.054723619
-0.054537525
-0.056724039
-0.055564615
-0.063456516
-0.050447516
-0.049679298
-0.029009987
-0.066942422
-0.032108889
-0.049922373
-0.055243582
-0.035119532
-0.057975054
-0.0032281734
2.6119508e-05
-0.017061119
-0.0080935736
0.0066937126
-0.017976762
0.061269003
0.05121574
-0.0022824181
-0.029977682
0.002517717
-0.0090361415
-0.028056171
-0.0064804532
0.041701605
-0.062647151
-0.058079586
-0.010511295
0.012024295
-0.018763763
-0.055004881
-0.048689877
-0.015311777
-0.027408836
-0.013875002
-0.042731838
-0.053514697
0.00125893
-0.041472811
0.0099789363
-0.037754841
0.03442125
0.0019925112
-0.05093725
0.0045800122
-0.009956753
-0.046488976
-0.0089940091
0.030639604
0.045043622
0.051744723
0.0057931725
0.045445936
-0.0093030971
0.058745639
-0.049651961
-0.060076116
0.018158395
-0.036183948
-0.038071057
-0.020748722
-0.044640041
-0.0206389
-0.035558878
-0.04726708
0.042719248
-0.021720113
-0.057538135
-0.043770581
-0.036395994
-0.051995713
0.0056494669
-0.044389178
-0.010734964
0.07035514
0.051566246
0.0044366257
0.043425099
-0.012916044
0.078335476
-0.068340086
-0.073356355
-0.033082462
-0.041059529
-0.023782446
-0.065342594
0.039879001
-0.026415654
-0.069620016
-0.019534481
-0.020976777
-0.022584086
-0.025338102
-0.026721974
-0.032188025
-0.064893357
-0.061119765
-0.062922115
-0.066437936
-0.055624991
-0.057308145
-0.058066237
-0.063506756
-0.066488986
-0.011173538
0.017495078
-0.019022181
0.047832832
0.045379082
-0.021794973
-0.027247242
-0.020762393
0.042707252
-0.048830422
-0.050123932
-0.01059562
-0.018638754
-0.040970137
-0.041785554
-0.027046349
-0.027859945
-0.042016195
-0.050729996
0.026207538
-0.035794499
0.040519887
-0.03064991
-0.044329288
-0.030800574
0.039357246
0.049277051
0.042125027
-0.032025892
0.057376078
-0.050956738
-0.058179858
-0.035829337
-0.042057841
-0.039778715
-0.044685595
-0.039794883
-0.042237502
-0.051104141
0.042562044
-0.040717111
-0.057963569
-0.032046971
-0.040284804
-0.034106142
0.062896276
0.039081015
-0.036647683
0.065115553
-0.063162083
-0.065358582
-0.032061946
-0.040813158
-0.0423517
-0.06224335
0.039732661
-0.044364113
-0.063457651
-0.0021852523
-0.012316076
0.0004488582
-0.010434664
-0.023173463
-0.057275943
-0.022032048
-0.062065912
-0.035682178
-0.040536577
0.002968382
-0.0088571702
-0.021283344
-0.064141435
-0.045306938
-0.034318726
-0.033805678
-0.065169268
-0.045143846
-0.063920083
-0.066855864
-0.045059448
-0.065620622
-0.062533033
-0.064002216
-0.049406531
-0.055365697
-0.033686607
-0.041549246
-0.065814314
-0.045298395
-0.06478574
-0.052343559
-0.063197692
-0.033767824
-0.03456008
-0.061051875
-0.062089625
-0.059539268
-0.060023906
-0.05904731
-0.060372098
-0.03577628
-0.061162056
-0.058866199
0.010144708
-0.0054272047
-0.060798803
-0.021855168
-0.057923539
-0.054545337
-0.05880831
-0.055958191
-0.055136638
-0.056919893
-0.051481229
-0.051344851
-0.052135939
-0.055555937
-0.056667026
0.0051908786
-0.0077813674
-0.063159697
-0.021129632
-0.062597737
-0.045631066
-0.045705708
0.0069043067
0.056077156
-0.0073619671
-0.038641402
-0.038517056
-0.057369841
-0.021669975
-0.05662875
-0.039165516
-0.046544843
-0.034151349
-0.061736408
-0.046029243
-0.06105404
-0.05973738
-0.04755696
-0.053221497
0.056720309
-0.035250956
-0.039993096
-0.054483478
-0.047271448
-0.054191771
-0.040508557
-0.048289043
-0.053317872
-0.054158626
-0.037483729
-0.05094055
-0.057895066
-0.055720309
-0.056532514
-0.057345738
-0.039591502
-0.051941952
-0.057613258
-0.050218713
-0.058478949
-0.0077675494
-0.020334744
-0.013836946
-0.019091957
-0.032363976
0.011408117
-0.026363317
-0.012164906
-0.067781383
-0.074413879
-0.017514215
-0.01906723
-0.023852154
-0.027551656
-0.076224498
-0.042711991
-0.034569126
-0.050449139
0.0026114051
-0.042657427
-0.015337337
0.00067520206
-0.017468128
-0.074144493
-0.070032409
-0.030961827
-0.039311438
-0.029092958
-0.069477141
-0.031281519
-0.038244324
-0.032775591
-0.0009518156
-0.018877772
-0.0020385982
-0.019346594
-0.060841318
-0.047026754
-0.03037313
-0.032561641
-0.032735222
-0.0097514604
-0.013901447
-0.042130125
-0.020923334
-0.04437219
-0.044023694
-0.052429797
-0.060523622
-0.059173157
-0.049829413
-0.065105774
-0.064978699
-0.063103603
-0.056179272
-0.045867808
-0.019037845
-0.019175292
-0.023092457
-0.037740718
-0.066408123
-0.067290681
-0.018543931
-0.018824174
-0.02298487
-0.045046075
-0.066485935
-0.029941281
-0.038650476
-0.039160971
-0.041163043
-0.064331376
-0.059839892
-0.030216396
-0.039450211
-0.046348428
-0.061297734
0.039900134
-0.047916873
-0.055710724
-0.029936431
-0.039842952
-0.042286958
-0.042379936
-0.051920225
-0.040939327
-0.030639279
-0.040820054
-0.048793782
-0.046952442
0.041781708
-0.048896386
-0.035603468
-0.0027815274
-0.055049039
0.013924681
-0.049653575
0.072962849
0.0016444328
-0.056400903
-0.0024924981
-0.014577003
-0.05477283
-0.016761524
0.067674804
-0.063558231
0.027684818
-0.047740214
-0.065251145
-0.028608024
-0.055129503
-0.029634393
-0.061188119
-0.057574614
-0.00066507748
-0.054764166
0.014997957
-0.057499049
0.063311663
-0.00040096322
-0.050675943
-0.0055252687
-0.015261345
-0.05761861
-0.016951766
0.060176914
0.051882526
0.051089629
-0.0095281734
0.057938383
-0.018326422
0.041254631
-0.05241461
-0.043576072
0.02916747
-0.060529699
-0.058050522
-0.029310693
-0.063266577
-0.028993832
-0.056068836
-0.048579338
0.063207824
-0.028964965
-0.038739186
-0.05517526
-0.058557767
-0.052962019
-0.011817474
-0.058920433
-0.019282581
0.029431648
0.056247006
-0.012030239
0.060452115
-0.019766792
0.017630926
-0.03238217
-0.01997263
-0.061208554
-0.063172142
-0.02938911
-0.027644728
0.063017134
-0.030310274
-0.016507623
-0.049451504
-0.04044779
-0.057629106
-0.041068582
-0.041935068
0.048206659
0.051304711
0.048713602
-0.041918808
-0.030488678
0.047673321
-0.050727401
-0.051321778
-0.047664645
-0.059237405
-0.048012767
-0.047269092
-0.037445644
0.058881405
-0.04893962
-0.026185895
0.038440188
-0.047993071
0.061812212
-0.039888315
-0.056703815
-0.040075656
0.058787061
0.047103918
0.04994879
-0.057918248
0.04652196
-0.04943841
-0.061230652
-0.048394418
-0.058873418
-0.047845081
-0.059089631
-0.054710421
0.059093703
0.040891658
-0.063622509
0.056481973
-0.041309511
-0.067834696
-0.039886356
0.055086715
0.048398691
0.067304419
-0.039158393
0.039289291
0.048423717
0.066217825
0.047700495
-0.052096085
-0.044045715
0.049834674
-0.066533619
-0.057349816
-0.050647747
-0.071429862
-0.048640453
-0.056187363
-0.050341551
0.07047619
-0.047547812
-0.041969391
-0.063448012
-0.066296811
-0.039416655
0.028793716
0.064658563
-0.040709667
0.018093719
0.047942719
0.063847544
0.049205476
-0.034041937
-0.023150044
-0.065425997
-0.068668823
-0.047707926
-0.032023282
0.065847434
-0.049160761
-0.021631789
-0.016234872
-0.017719289
-0.022943787
-0.050760343
-0.061694288
-0.062823613
-0.012389239
-0.015833121
-0.022750155
-0.055380156
-0.063124591
-0.031062506
-0.05019789
-0.040979847
-0.051395466
0.063376848
0.06117609
0.041545276
-0.052336223
0.056055855
-0.062748377
-0.059302687
-0.03214232
-0.063603077
-0.054566605
-0.042850226
-0.054845334
-0.063905781
-0.061868415
0.043527717
-0.055047072
-0.057306486
-0.031941435
-0.0424642
-0.052862189
0.048314112
0.043280831
-0.052976161
0.038436261
-0.053383227
-0.045205508
-0.03350904
-0.044421616
-0.055141826
-0.050557042
0.045107346
-0.055220089
-0.042028046
-0.0016928082
-0.011577661
-0.061554256
-0.02316597
-0.063639554
-0.064819419
-0.0056542231
0.071959016
0.0097526576
0.075075118
-0.053640722
-0.059124112
-0.057326648
-0.051529257
0.0028489138
0.068017472
-0.0098965524
-0.060461183
-0.059974641
-0.062336027
-0.023565712
-0.063976645
-0.059592978
-0.055925499
0.024582638
-0.065481912
-0.049982565
-0.0073687859
-0.01334814
-0.055894143
-0.022425361
-0.058835561
-0.00039544866
0.063799935
0.010165017
-0.058327831
-0.059765477
-0.0016294707
-0.010587426
-0.053619115
-0.057137076
-0.022120177
-0.060719847
-0.060165817
-0.060990617
0.022701168
-0.033347205
-0.057674304
-0.044871315
-0.057031899
0.064383995
0.062557109
0.045622326
-0.05647888
0.058507744
0.058883608
0.035607537
0.058744539
-0.062005715
-0.059326205
-0.034679968
-0.062619998
-0.046952748
-0.058095362
-0.064405836
-0.062759447
0.047684103
-0.056866846
-0.059107464
-0.035132801
-0.046428067
-0.056106676
0.052616061
0.0469464
-0.056082421
0.045242726
0.058859201
0.037687257
0.059310576
-0.054821549
-0.048688933
-0.036674873
-0.048282189
-0.056045245
-0.053874155
0.04852618
-0.055852805
-0.047404835
0.028531803
0.0037929367
0.026368779
0.042550331
0.0105863
0.036628543
-0.0013875649
-0.0018083672
-0.0027239609
0.022403678
-0.01055477
-0.012536035
0.02827223
-0.019775067
-0.00033941128
-0.017931668
-0.015530973
0.049442067
0.017845927
0.041020519
-0.001870738
-0.0010422559
-0.020886604
0.030627048
-0.028287497
-0.0010079473
-0.014107991
0.00058804671
0.014815647
0.014291172
0.016978364
0.0028194668
0.0031812677
0.0018207364
-0.00072964075
-0.015394509
0.0023210482
-0.018561008
0.0070175215
0.022334229
-0.0032956032
0.00028745543
-0.0026562413
-0.017370803
0.037544579
-0.014406681
-0.026478677
0.024048267
0.018744269
-0.0014741236
-0.026979081
0.0059313534
-0.031781551
-0.0019312464
-0.017399775
-0.0045856567
-0.032818098
-0.032055462
0.012923299
0.013656359
0.0023840379
0.0030621231
0.00034186444
-0.014556964
0.050890062
8.6215807e-05
0.0058697816
0.003628106
-0.011608459
-0.037454256
-0.046960253
0.013949688
0.00050239781
-0.031771015
-0.044749831
0.0049362261
-0.029896687
0.04678992
0.037592277
-0.040844422
0.026570466
-0.043738442
-0.044900375
-0.044267983
-0.03596085
-0.032945433
-0.041100559
-0.026324425
-0.023750486
-0.021862993
-0.030937532
-0.039111773
0.0525226
0.025312198
0.04280055
0.0024565829
0.0012593966
-0.028282228
0.031930425
-0.035829522
0.00026376676
-0.014920436
-0.012966084
0.054121395
0.032717404
0.044089521
-0.00089482952
0.00042024436
-0.035052087
0.033653793
-0.042383143
0.001775735
-0.0112975
0.031424249
0.021021975
-0.00071015012
-0.034446667
0.011268812
-0.041541213
-0.0019090492
0.013190511
-0.0076183549
-0.045034694
0.026613764
-0.010152383
-0.021065891
0.037533206
0.024149962
0.0031524724
-0.039900982
0.016954417
-0.048661196
0.0044974504
-0.0098027662
-0.053830803
-0.021814538
0.014335307
0.0017564173
-0.045912766
0.038144472
0.0048683481
-0.045309635
-0.030457212
-0.038875351
0.014999388
-0.056023523
-0.032046812
-0.056323859
0.036619814
0.025862407
0.035354323
0.025053161
0.014886623
-0.012734002
0.013898572
-0.024696844
-0.056485481
-0.052932143
0.033905073
0.024114374
0.013120635
-0.035600199
-0.051825089
0.0047958199
0.0025925662
0.0079366331
-0.0093162061
0.0090943111
-0.0079593744
-0.054597042
-0.059990806
0.0013765039
-0.028040448
-0.026685992
-0.0010295164
-0.0056467906
0.0095376771
-0.007491811
0.0096149279
-0.0076912523
-0.062846757
-0.062995905
-0.0079722136
-0.026034619
-0.026081446
0.02259584
0.013056134
-0.043355697
0.0026715752
-0.041247347
-0.038643435
-0.063468516
-0.061256846
-0.059594784
-0.062766888
-0.057109861
-0.054654805
-0.053259535
-0.058770672
-0.062636179
0.033122595
0.023782183
0.013025122
-0.044670625
-0.051358025
-0.048380396
0.033426099
0.024387312
0.01378664
-0.051511593
-0.046590611
0.0011942535
-0.044117669
-0.042968061
-0.04655397
-0.053421231
0.0019455891
-0.055643949
-0.054688352
-0.0083108599
-0.042247139
-0.042120422
-0.05916068
-0.06328837
-0.0070092853
-0.053940719
-0.053662736
0.055767539
0.039755579
0.046093638
-0.0020830649
-0.0031700467
-0.04132034
0.036431759
-0.047933174
-0.004325389
-0.0095049148
-0.0087262444
0.058207536
0.046053056
0.049212963
0.0056152398
0.0061429858
-0.046986534
0.040230284
-0.052423018
0.006670522
-0.0078416981
0.043026084
0.027985556
-0.0053343536
-0.044636549
0.021909246
-0.05373886
-0.005884008
-0.059385211
-0.0068614607
-0.017182266
0.048106583
0.032072824
0.0068451483
-0.049207302
0.025386581
-0.057149975
0.0061753846
-0.0058093847
-0.062069503
0.015943066
-0.061991834
-0.062587944
-0.025770307
-0.033704281
0.017058022
-0.064206629
-0.064474963
0.05031864
0.040620316
-0.057833031
0.029727188
-0.058683743
-0.058801874
-0.037932002
-0.028047634
-0.027602551
-0.036982244
-0.017402326
-0.017527295
-0.017189129
-0.026539045
-0.035236956
0.061462806
0.051159257
0.053175673
-0.0088262892
-0.0085688983
-0.051732504
0.044530009
-0.055734063
-0.0082374319
-0.0049211774
-0.0055958799
0.064965976
0.054568302
0.05722562
0.010974699
0.0098674716
-0.055067867
0.048526432
-0.057679109
0.0086633926
-0.0060159267
0.052585073
0.03580208
-0.0074189459
-0.053562709
0.026966632
-0.059087447
-0.0055297554
-0.062327314
-0.0060424971
-0.015868099
0.055973851
0.038553093
0.0069599129
-0.057219971
0.0265314
-0.059598564
0.0041502282
-0.0055480521
-0.060598494
-0.012989637
0.018178724
0.0064608626
-0.063305425
-0.062748927
-0.024132073
-0.031906753
0.019113999
-0.060019261
-0.019540974
-0.058356435
-0.026077555
0.034887712
0.025952486
0.015357124
-0.056021644
-0.048901854
-0.046671313
0.037319946
0.02828514
0.017543096
-0.058300247
-0.04432215
0.0034618143
-0.0091628105
-0.062047302
-0.061069415
-0.041526657
-0.049288212
0.0055305805
-0.0071525788
-0.063636596
-0.037777163
-0.062317055
-0.0044054892
-0.060160999
-0.059628612
-0.056635111
-0.062908787
-0.00084041926
-0.060994877
-0.059996312
0.03340501
0.02496807
-0.058251297
0.014789694
-0.057990009
-0.05783735
-0.073236707
-0.065792138
-0.064189733
-0.071685426
-0.057001982
-0.055460401
-0.052567385
-0.060883773
-0.068092257
0.040359954
0.031057554
0.020064584
-0.058570409
-0.047579214
-0.046253312
0.043545674
0.03387146
0.022599133
-0.057123692
-0.043888655
0.0079164374
-0.00477095
-0.061243433
-0.059289348
-0.03974373
-0.0477004
0.010373643
-0.05597978
-0.032972136
-0.053233713
-0.040173171
0.0033404443
-0.0088171143
-0.057305389
-0.055627626
-0.055407095
-0.062157837
0.0077857312
-0.050458377
-0.047280169
-0.047993496
0.041359664
0.027335293
0.031204026
0.018968245
0.013292566
0.002862368
0.0065906946
-0.0099391303
-0.050617436
-0.051675264
0.024517018
0.013839672
0.0028532783
-0.023325098
-0.054969363
0.00097178938
-0.0047831232
0.0096307705
-0.0082809589
0.0096944885
-0.0090252877
-0.060436235
-0.055358911
-0.0078477515
-0.026675259
-0.027564801
0.0098567459
0.0049587871
0.0096602281
-0.0097881868
0.009168304
-0.010542817
-0.048142558
-0.0393115
0.0019959413
-0.028441495
-0.028979965
0.029455981
0.020454466
-0.033200169
0.010824634
-0.030970337
-0.029401138
-0.048055566
-0.055735684
-0.057585141
-0.050215386
-0.060883547
-0.062075619
-0.063330157
-0.059302875
-0.05209607
0.021154357
0.011711444
0.0017150704
-0.035855781
-0.063425054
-0.063721772
0.020703947
0.012130592
0.0027131236
-0.046250587
-0.064320486
-0.008622385
-0.042551307
-0.043317819
-0.065237572
-0.064450674
-0.0075210295
-0.053895486
-0.054462289
0.00072457786
-0.044038499
-0.044217205
-0.060480639
-0.05310338
0.00086787688
-0.054980747
-0.054899435
0.044007381
0.043825643
0.040265634
0.041864666
0.051695065
0.03927806
0.067991811
0.068200957
-0.043765992
0.034953158
-0.039773021
-0.051349354
0.035082199
-0.048964891
0.068175183
-0.067143613
-0.069820184
0.041808337
0.058936934
0.040450109
-0.0680472
-0.069317048
-0.058173713
0.037325366
-0.057522816
-0.070294739
-0.072174383
0.044063355
0.02835937
0.051346575
0.029469794
0.067853083
-0.044814461
-0.041546667
-0.051797999
0.022586286
-0.05005826
-0.038145909
-0.048050304
-0.07380229
-0.074219924
0.057551922
0.032521447
-0.070734219
-0.057194998
0.02613804
-0.056848974
-0.074351366
-0.056111221
0.035753318
0.035807057
-0.035064241
-0.046011778
-0.032745357
-0.044208078
-0.071453073
-0.065092501
0.037176624
-0.055021146
-0.053679254
0.049771116
0.048145523
-0.064882601
0.044597294
-0.064187832
-0.062607654
-0.056469868
0.073024049
-0.053899973
0.071545899
-0.058442709
-0.064341365
-0.069817307
-0.063889384
0.051484822
0.072965025
0.050319665
-0.067526703
-0.072452722
-0.071074283
0.047071981
-0.071123074
-0.076722016
-0.074501635
-0.049380569
-0.069670595
-0.068446029
0.043427675
0.064935384
0.043246
0.06771531
0.069815686
-0.063667776
0.041048873
-0.0646712
0.071576824
-0.047957439
0.071515447
-0.047971481
-0.068273291
-0.072181376
0.04616354
0.068998612
0.04704339
-0.066840185
-0.069434394
-0.06722324
0.045593004
-0.069664937
-0.07167907
-0.075583803
-0.045778196
0.062198782
0.036829934
0.072610269
-0.060667992
0.030688724
-0.061404385
-0.061627988
0.066890876
-0.041421693
0.068068731
-0.077848534
-0.079589638
0.064832505
0.041737513
-0.07309822
-0.061989611
0.035629729
-0.06341469
-0.078446596
-0.064211288
-0.080491775
0.039350241
0.032673644
-0.061217262
-0.060152783
0.068068944
-0.043292289
0.066774953
-0.077593844
-0.071319123
0.041941374
-0.064141985
-0.078541473
-0.063122941
-0.072009931
0.014527899
0.0053492358
-0.05358251
-0.07354649
0.018293307
0.0091316869
-0.057403504
-0.071207568
-0.0049179462
-0.059573721
-0.059887052
-0.067254622
-0.068743378
-0.0011681913
-0.059487472
-0.05946153
0.002171034
-0.060249521
-0.060154651
-0.066514859
-0.059954064
0.0043984484
-0.059726485
-0.059903836
0.024876726
-0.057733032
0.016302077
-0.057629497
-0.057384208
-0.077080058
-0.07035311
-0.079085944
-0.075242234
-0.073211294
-0.066486929
0.022838431
0.01359905
-0.05777359
-0.076987834
0.027644535
0.018333305
-0.055192188
-0.073224256
0.0033766187
-0.05449902
-0.054048066
-0.067024282
-0.068993505
0.0083504738
-0.046163921
-0.04524667
0.0073176714
-0.054258558
-0.054935358
-0.067130368
-0.060766335
0.01067497
-0.04541929
-0.046690204
0.042367109
0.033949174
0.04140331
0.033059021
0.02466234
-0.040840183
0.023992205
-0.050097945
-0.056400778
-0.055948237
0.040288344
0.032021396
0.023283083
-0.055554151
-0.053434469
0.014463619
0.014210693
0.0030511414
-0.053570613
0.003540963
-0.058965277
0.041929026
-0.0086291628
-0.050357569
-0.0091314279
-0.056009938
0.027446996
-0.048904186
-0.033906795
0.014205164
0.0048253119
-0.059448975
-0.042586561
-0.01007535
-0.057702412
-0.028108472
0.025419933
0.025260897
0.011979108
-0.04477832
0.013096421
-0.050721736
0.011363699
-0.011631986
-0.036568307
-0.014150616
-0.042775077
-0.0038098124
-0.01643923
0.0009013498
0.024584014
0.01436406
-0.053977857
-0.011708266
-0.016653142
-0.047649594
0.0039471538
0.048245296
0.039727074
-0.056380207
0.03147603
-0.055788022
-0.055439246
-0.047968863
0.056093784
-0.040513914
0.05652199
-0.0051614671
-0.025875001
-0.02357768
-0.0033878719
0.043545889
0.056828629
0.035652366
-0.04498542
-0.042736846
-0.054699145
0.028491989
-0.055141099
-0.039042038
-0.020290963
-0.033798221
-0.05633456
-0.0010943037
0.038976865
0.030825613
0.022546469
-0.056957032
-0.040127171
0.057977516
-0.03209358
-0.060706709
-0.058747249
0.037663164
0.029671187
0.021917192
-0.054651568
-0.054916201
-0.024612372
0.014418365
0.006689141
-0.055674411
0.043179456
-0.011202659
-0.055847708
0.028948106
0.051537596
-0.017905427
0.052782068
-0.049715762
-0.03451357
0.014811155
0.0087657613
-0.048815958
-0.043766715
-0.012157879
-0.051214851
-0.029941683
0.023458886
0.015401539
-0.054619893
0.012460643
-0.018584303
-0.050902265
-0.0036165302
0.054100384
-0.027184834
0.055178069
-0.016643487
0.0012269946
0.021962907
0.015804978
-0.052905469
-0.013555362
-0.019442183
-0.052296514
0.0028669869
0.067783277
0.055772544
0.060361708
-0.011601743
-0.0097532459
-0.056415894
0.051338099
-0.058009091
-0.0078517682
-0.0034274294
-0.0051511342
0.068902478
0.054339211
0.061608861
0.010643805
0.0083053682
-0.055229448
0.052208401
-0.05643472
0.0059987512
-0.0067205718
0.057618564
0.039812731
-0.0055540883
-0.059449047
0.024229456
-0.058614145
-0.0022793714
-0.057272537
-0.0078984734
-0.017386511
0.056852112
0.039263715
0.0034665564
-0.059454182
0.020436161
-0.055975851
0.00019591844
-0.0084255862
-0.052664173
0.019668501
-0.055081933
-0.052301307
-0.025797049
-0.033715366
0.0196636
-0.049178395
-0.045565544
0.05377298
0.043721232
-0.051980243
0.0320902
-0.050175097
-0.04796236
-0.036555044
-0.026719089
-0.028391138
-0.038033876
-0.01607254
-0.017896753
-0.01971768
-0.029781032
-0.038997849
0.067540245
0.04999282
0.060284624
-0.0084740502
-0.0059796979
-0.05111617
0.050683561
-0.052666522
-0.0035822224
-0.0049948598
-0.0069864117
0.063407976
0.042682024
0.056215102
0.0058550895
0.0035524862
-0.043946227
0.046743984
-0.046474072
0.0013091455
-0.0091459234
0.053150807
0.036845203
-0.0011236318
-0.05654057
0.015709915
-0.05147009
0.0017865747
-0.047003572
-0.011227578
-0.021183568
0.046268996
0.032783503
-0.00091986907
-0.050257187
0.01073888
-0.044875047
-0.0033204608
-0.012917328
-0.005389173
-0.040431889
-0.022082487
0.018965952
0.0044073978
-0.042910472
-0.039046352
-0.03055812
-0.039164712
0.017531771
0.0036806905
-0.036757391
-0.030723863
-0.0045392075
-0.033480874
0.046383973
0.036310422
0.024814675
-0.054282169
-0.046372569
-0.046209976
0.048414134
0.037986159
0.026397856
-0.050370909
-0.044777959
0.012655113
-0.04907471
-0.045577419
-0.041420781
-0.048867899
0.014520859
-0.041755474
-0.03775321
0.0121359
-0.042059074
-0.038853167
-0.055700741
-0.061304475
0.016018969
-0.033709174
-0.029937136
0.049549019
0.039753344
-0.043530401
0.029165231
-0.041517641
-0.039625782
-0.061967391
-0.058425077
-0.05895674
-0.062092294
-0.052732143
-0.053639967
-0.053823278
-0.058791726
-0.061636698
0.049271424
0.038586322
0.027084835
-0.04569242
-0.045320134
-0.046546352
0.048755235
0.037930982
0.026701026
-0.040493328
-0.047108724
0.015748944
-0.035142873
-0.031040516
-0.046767869
-0.053087923
0.016151428
-0.030133285
-0.026402197
0.019044944
-0.026787272
-0.022668829
-0.05779688
-0.060550981
0.020804649
-0.022246835
-0.017932534
0.056877686
0.03261227
0.049853846
-0.0038067083
-0.001999733
-0.033917015
0.04086098
-0.037755964
-2.4359895e-05
-0.0067539084
-0.0082096247
0.049005449
0.020235388
0.042265577
0.003414282
0.0023300012
-0.02155729
0.033949326
-0.026601697
0.00058926933
-0.010339118
0.036328378
0.027584234
0.0020279511
-0.04050673
0.0062700508
-0.036024715
0.0040265036
0.014906327
-0.0034478838
-0.032993455
0.025994145
-0.012992893
-0.025406989
0.023841791
0.021965276
-0.0015448581
-0.027611
0.0030110074
-0.024894382
-0.003501564
-0.016007017
-0.0028028333
-0.024617064
-0.029592549
0.015474245
0.003409131
-0.031000126
0.036424095
-0.0051635856
-0.02931221
0.045497878
-0.037443889
-0.047891293
0.013153532
0.0039196057
-0.025575226
-0.042367364
-0.0057031993
-0.026436029
-0.052974514
0.038964446
0.029506722
-0.01702364
0.019886326
-0.019698603
-0.021587323
-0.036318016
0.0066672888
-0.026507863
0.0099989392
-0.045008243
-0.033264375
-0.03574622
-0.048741796
0.03529261
0.0023107509
0.026333603
-0.019095368
-0.020161246
-0.0036196723
0.017781923
-0.0085575471
-0.022235092
-0.039140085
-0.017349558
-0.012558335
-0.053220802
0.041384677
0.0062019189
0.034934569
-0.0056167119
-0.0053969167
-0.0076665135
0.027168566
-0.013325805
-0.0037427056
-0.035474692
-0.002809132
-0.027493979
-0.0039389693
-0.0038716948
0.035767591
-0.0087021943
0.029268868
0.011013397
0.011718708
0.0067996102
0.021367021
0.001595814
0.0099578781
-0.0050943697
-0.019202052
0.0096579539
0.016706779
-0.0011302863
-0.012315719
0.0014608029
-0.01168213
0.0013358955
0.015460013
-0.0039563102
-0.015107486
0.031939342
-0.0015291954
-0.011755284
0.0040131633
-0.0077595634
-0.025922325
-0.005177106
0.012085282
0.006457368
0.0042859122
0.0018540575
0.0028004186
0.0028546825
-0.012351322
-0.0069552791
-0.0040098508
-0.031492349
0.011305521
0.0054956851
-0.019883621
0.047590634
-0.00606898
-0.023816903
0.060132784
0.010007682
-0.010062763
0.0149985
-0.043913323
-0.058654143
0.011027589
0.0078400687
-0.012069748
-0.049974364
-0.0058238843
-0.018520211
-0.064662508
0.046904255
0.036043998
0.025216827
-0.034917032
-0.046131917
-0.048826555
0.044076316
0.033241118
0.022829626
-0.028957757
-0.05197246
0.015598986
0.0078511362
-0.027220631
-0.024274579
-0.055785805
-0.060509803
0.014069796
0.0076812289
-0.026162927
-0.060601642
-0.024194827
0.020892681
-0.020384706
-0.015845332
-0.061858843
-0.060111971
0.018955957
-0.020506185
-0.015563124
0.048979447
0.037491756
-0.021852169
0.025672931
-0.019820756
-0.016524346
-0.051450771
0.011167956
-0.038366063
0.0087257023
-0.04947544
-0.054903365
-0.058438546
-0.051647506
0.047208191
0.012351494
0.034723145
-0.05630138
-0.060660056
-0.015211276
0.021311583
-0.01339615
-0.065719754
-0.062979529
-0.02350909
-0.009922229
-0.055349643
0.041020355
0.030230488
0.020066202
-0.022410204
-0.042742146
0.011968446
-0.03110659
-0.052972269
-0.057399133
0.038890061
0.028186254
0.017920934
-0.014925315
-0.06245822
-0.019335185
0.011729405
0.0059278953
-0.025515898
-0.024423117
0.017849299
-0.0082194582
0.017989124
-0.068103093
-0.071219911
0.0090586941
0.0021586554
-0.021750603
-0.07372791
0.0020473806
-0.021330975
-0.076441723
0.014649215
0.0048146015
-0.02076279
-0.015357703
0.015515788
-0.0076777813
0.011135657
-0.068137516
-0.060145741
0.0077206945
-0.0058969405
-0.017820745
-0.073172155
0.0087519949
-0.012461613
-0.065298974
0.04046847
0.03229226
0.022960937
-0.050444054
-0.073836986
-0.072639855
0.044859057
0.036470723
0.027144805
-0.044399941
-0.069691854
0.013353869
0.0042749022
-0.036356909
0.05785799
-0.0059023841
-0.03498353
0.059926945
-0.064904943
-0.06570726
0.017940409
0.0097024631
-0.026886798
-0.058138729
-0.010868357
-0.025078013
-0.059679178
0.01417226
0.0074649315
-0.035089722
0.058716059
-0.0089917148
-0.036877117
0.053572863
-0.063033852
-0.056450124
0.017464716
0.011507156
-0.025013138
-0.058197913
-0.011734602
-0.027064605
-0.05313746
0.043757504
0.035795459
-0.036159935
0.027619293
-0.034781217
-0.033947097
-0.048105398
-0.056013096
-0.055212701
-0.047188025
-0.060995349
-0.060412889
-0.059766553
-0.054724561
-0.046966071
0.048604432
0.039969366
0.030577375
-0.037825319
-0.062933327
-0.062669289
0.05162661
0.042653124
0.032980734
-0.031248026
-0.062035153
0.021619891
0.013941664
-0.019168771
0.058910535
-0.014573919
-0.016884062
0.059413215
-0.06107728
-0.059194702
0.02388745
0.016227507
-0.013975607
-0.059800466
-0.011055333
-0.05873999
0.020180354
0.014318725
-0.016438829
0.057235866
-0.013357949
-0.018368815
0.051986729
-0.054776689
-0.04777574
0.021927945
-0.0099368037
-0.055447591
-0.011330358
-0.049762203
0.053900639
0.044406284
0.034082969
-0.024907441
-0.050702896
-0.051329417
0.055357143
0.045042884
0.033539738
-0.01874871
-0.053039581
0.024245314
0.015759218
-0.011268796
-0.0074889671
-0.055900728
-0.049950422
0.022148283
0.011741421
-0.010209615
-0.060034712
-0.005521054
0.022273851
-0.0054551481
-0.0060338442
-0.042929128
-0.035350719
0.020729654
-0.0026195042
-0.0024147605
0.055381442
0.044667439
-0.0083088846
0.031481026
-0.0048092727
-0.0025940631
-0.054035975
-0.0002077359
-0.042879115
-0.0017011247
-0.014651694
-0.022708441
-0.021104416
-0.012875372
0.056073977
0.0023796813
0.043810993
-0.03191669
-0.031172973
-0.0013627974
0.028225974
0.0018805759
-0.033242338
-0.022786585
-0.028434338
0.0035391862
-0.014588416
0.055773947
0.044223028
0.030892161
-0.012458423
-0.056307419
0.0055727596
-0.043300195
-0.041304004
-0.041923786
0.054676919
0.041391366
0.025582726
-0.0055911514
-0.044723507
-0.027230504
0.016966282
0.0033846142
-0.0094090943
-0.0042381734
0.0059589018
-0.0089943681
0.0012048244
-0.0492531
-0.037650351
0.0081227669
-0.010257776
-0.0067925173
-0.05475781
0.010339704
-0.0022456086
-0.04354799
0.016811538
0.0020710248
-0.0010044457
-0.00043266324
-0.0021080843
-0.01134808
-0.0034137918
-0.027228215
-0.019189353
0.010142774
-0.0091735697
0.00020972623
-0.033343224
0.0071320965
0.00031354787
-0.025204267
-0.017634087
-0.026533547
-0.035382237
-0.043315725
-0.016125289
-0.02564162
-0.043153618
-0.047848819
-0.035809343
-0.048079332
-0.045124029
-0.047749645
0.044312511
0.052654797
0.043331118
-0.048106154
0.058893757
-0.051348259
-0.057695057
-0.035521792
-0.043223989
-0.055329602
-0.045350305
-0.054598107
-0.045641322
-0.053792762
0.044085061
-0.05429208
-0.059781128
-0.032427064
-0.041882313
-0.049004567
0.06257321
0.041061374
-0.06187174
-0.032837138
-0.04311424
-0.054329487
-0.063215922
0.042676388
-0.014512875
-0.051326119
-0.022945569
-0.053220789
-0.052597485
-0.046656783
-0.052361699
-0.057227298
-0.014285112
-0.051714512
-0.024458131
-0.050688035
-0.039771716
-0.032307296
-0.038031329
-0.04584282
-0.034971831
-0.061172975
-0.045314929
-0.060106334
0.046260033
0.054390809
0.044738705
-0.059181889
0.060318507
-0.050813434
-0.056992502
-0.042791546
-0.046203666
-0.054360219
-0.060296651
-0.03324869
-0.044388301
-0.058383361
0.063683188
0.044422143
-0.060971421
-0.063659341
0.064920555
-0.0083134701
0.077356216
-0.0062765828
-0.00062413279
-0.055150823
-0.027196364
-0.047108468
-0.064889297
-0.02639621
-0.055251509
0.001011312
-0.0093328409
0.086702334
-0.0051704814
0.00057926277
-0.072550587
-0.025942996
-0.062199419
-0.0020243475
-0.011675686
0.049609977
-0.040263836
0.057970444
-0.03964195
0.0009677681
-0.046837067
-0.048569302
-0.044533669
-0.054620383
-0.047567593
-0.052638554
0.00042068816
0.012003504
0.049106753
-0.04236491
0.048449713
-0.050700257
0.023465368
-0.013173286
-0.023607645
0.064709834
-0.038926444
-0.0029972567
-0.060884852
-0.046238104
-0.059491147
-0.0031671082
-0.014026408
0.04732764
-0.057929393
-0.025120691
-0.039458534
-0.039109334
-0.048394542
-0.040686042
-0.048107616
-0.049104193
0.034400868
0.046779319
0.04686287
-0.03380171
-0.038340742
-0.047342723
-0.056476234
-0.035872885
0.046564513
-0.01158923
-0.059913146
-0.025857394
-0.054720724
-0.024518271
-0.01655527
-0.020351373
-0.029366419
0.092300404
-0.0050869774
-0.00024592897
-0.077497482
-0.025809391
-0.067402173
0.0028084863
-0.008500958
0.093751663
-0.0059022129
-0.0003761818
-0.079272854
-0.025831051
-0.070366123
-0.0034554298
-0.011527853
0.069256358
-0.038082593
0.00441529
-0.0651583
-0.044585022
-0.064562464
0.0050605007
0.015166757
0.045766777
-0.063537574
0.025889175
-0.014021622
-0.023644854
0.071178657
-0.037009935
-0.005356594
-0.067089042
-0.042610931
-0.067387665
-0.0062612389
-0.015642316
-0.067019572
-0.025981154
-0.037188346
-0.046113662
-0.06234921
0.036513745
0.045869242
-0.03349527
-0.035767401
-0.066230112
-0.036466131
-0.0045832802
-0.0059296014
-0.024526931
-0.042185627
-0.02622321
-0.030071315
-0.057674375
-0.0086774988
-0.027814197
-0.016299261
-0.055702444
-0.041613307
-0.043175971
-0.05470424
-0.048357272
-0.042071209
-0.055722129
-0.040881158
-0.046584901
-0.039623215
-0.054706463
-0.050122822
-0.043752089
-0.056746099
-0.031216373
-0.05541009
-0.030900462
-0.054851524
-0.030344727
-0.040545289
-0.040519255
-0.045106292
-0.038399772
-0.044067794
-0.037279048
-0.043608702
-0.035972778
-0.039569913
-0.029521594
-0.028418682
-0.011578417
-0.0035903895
-0.025037189
-0.0048706832
-0.0066812203
-0.00023906786
0.012481729
0.0042905563
-0.04386601
-0.034524811
-0.0064358315
-0.014730076
-0.053196919
0.0019303571
-0.022663275
-0.001455376
-0.057869517
-0.049256968
0.019986452
-0.0034909168
-0.039234766
-0.012673592
-0.0034084041
-0.028495739
-0.0030764906
-0.01364735
0.016532898
-0.061546
-0.020956504
-0.017518027
-0.067740685
0.010640783
-0.027034659
0.0061968066
-0.067077924
-0.064080706
0.025131288
-0.042202699
-0.018037086
-0.05257273
-0.018712897
-0.018964814
0.00017019843
0.034337165
0.0024490313
-0.064876463
-0.060357179
-0.0025127301
-0.036791933
-0.065542574
-0.0036440195
-0.0453456
-0.0054010774
-0.06432914
-0.065191292
0.042773601
-0.0064989034
-0.06194793
-0.036955749
-0.046404949
-0.018623506
-0.017609656
0.0038386391
0.028414087
0.004065978
-0.0525232
-0.042337314
-0.031443071
-0.039833716
-0.0066290942
-0.054931564
0.036746592
-0.0056745354
-0.044982278
-0.063445049
-0.063594177
-0.068016544
-0.050561494
-0.067071849
-0.045110636
-0.056009128
-0.062479294
-0.065209142
-0.03735841
-0.057887608
-0.068903067
-0.066747984
-0.048405003
-0.066733975
-0.049985296
-0.042018581
-0.063369572
-0.044712274
0.062000372
0.062777397
0.066131098
-0.050235371
0.062784529
-0.045852109
0.060996238
-0.060129701
-0.057884489
-0.064194398
-0.059736535
-0.034077969
-0.06021609
-0.037498867
-0.061717308
-0.06237866
0.059635052
-0.03929963
-0.060539709
-0.065668581
-0.063333369
-0.065255039
-0.04888444
-0.062220518
-0.045049035
0.056799122
0.063834598
-0.046077254
0.061433304
-0.0423218
0.050427037
-0.053252238
-0.046614825
-0.060733507
-0.059319302
-0.039038285
-0.056359902
0.059058434
-0.036627665
-0.050059043
-0.053004355
-0.027750043
-0.056777602
-0.027358839
-0.025358656
0.0094154442
0.044193542
0.0078117461
-0.056842357
-0.047395765
0.0099348046
-0.04692773
-0.063113685
-0.012433894
-0.052148226
-0.011716271
-0.063851244
-0.058122288
0.050188041
-0.0098825305
-0.049321974
-0.059087759
-0.024156941
-0.061786031
-0.026585302
0.0093937
0.049501626
-0.065556963
0.0079857332
-0.051796531
-0.0639746
-0.010627401
-0.055725068
-0.012024961
-0.064547472
-0.066042499
0.053999421
-0.061093816
-0.024042585
-0.0576695
-0.027324407
0.063162044
0.063335347
0.057167724
-0.029151074
0.061020789
0.013185144
0.056105479
0.013691592
-0.066461981
-0.063950805
0.011664085
-0.057095306
-0.065805543
-0.011189819
-0.056138946
-0.012811108
-0.067331629
-0.066541925
0.055931022
-0.01348031
-0.063203064
-0.058001135
-0.057074821
-0.029146123
0.0564373
0.057217939
-0.027190677
0.049824699
0.013060597
0.054368315
0.011298358
-0.058468607
-0.050358375
-0.055220029
-0.056111436
-0.013073627
-0.057651007
0.056545323
-0.011580538
-0.050202949
0.090925266
-0.0073288698
0.0012361655
-0.077642875
-0.02577134
-0.070690831
0.0040222029
-0.0097085375
0.083966453
-0.0089864161
-0.0022349432
-0.072623448
-0.025397055
-0.068105428
-0.0045277823
-0.011896797
0.070232438
-0.035602157
0.0059398196
-0.066478632
-0.040357385
-0.067620777
0.0069221091
-0.067942793
-0.013949527
-0.022948917
0.066386359
-0.033809126
-0.0062577138
-0.063297053
-0.037938972
-0.065079115
-0.0071746433
-0.015297408
-0.066008356
-0.034253079
-0.067650065
-0.032448792
-0.032852051
-0.066231662
-0.0099446033
-0.062268856
-0.02177781
-0.062804023
0.055641396
0.008641949
-0.030195893
0.054600646
-0.0098060098
-0.021257332
-0.055215344
-0.021236389
-0.056669639
-0.021559458
-0.030591214
0.021217731
0.073305639
-0.010482231
0.0032309557
-0.064488796
-0.024555506
-0.06250044
0.0049541904
0.055002584
0.010763291
-0.012301643
0.059667354
-0.011494638
-0.0040481967
-0.053762077
-0.023241821
-0.053949514
-0.0052516747
-0.01286875
0.02189049
0.059825556
-0.031691509
0.0063724095
-0.05767946
-0.035565687
-0.059770147
0.0071209626
-0.061100186
0.052929151
0.029997517
0.054725325
-0.013588319
-0.022147333
0.050933461
-0.029458954
-0.0063157248
-0.049905675
-0.033549809
-0.051895206
-0.0068311453
-0.01390457
0.036679152
-0.053311988
-0.022413974
-0.031770064
-0.040425608
-0.061750579
0.056108439
0.033003658
-0.031238087
-0.031179302
-0.040057764
-0.054181516
-0.031582383
0.043665224
0.065151733
-0.044757179
0.064644998
-0.042281487
0.0069840113
-0.064128971
-0.044736094
-0.0673704
-0.063567307
-0.042620575
-0.066615913
0.006215421
-0.01569304
0.061801787
-0.040045539
-0.0071989199
-0.06084791
-0.041258909
-0.063287817
-0.0063861548
-0.015137714
0.063309485
-0.043254308
0.062578078
-0.041930986
0.0047670864
-0.062371517
-0.040649311
-0.06620395
-0.061381439
-0.040347546
-0.064436304
0.0028338035
0.012897771
0.05117328
-0.068393013
0.050919806
-0.065784883
0.023381926
-0.013816828
-0.023804178
0.059828841
-0.041920228
-0.0048880183
-0.058480264
-0.041899885
-0.06037047
-0.0029184561
-0.012027287
0.051866259
-0.060727169
-0.021916605
-0.059075187
-0.058290208
-0.059544164
-0.069223491
-0.059218955
-0.065905889
0.033824269
0.065902757
-0.068991068
0.065400541
-0.065279157
0.04368395
-0.034125949
-0.043998194
-0.058034286
-0.05953503
-0.060170715
-0.032061275
0.06508151
-0.059306085
-0.041866103
-0.04791796
-0.05774236
-0.054086768
-0.057293078
-0.056570632
0.051342492
0.052748257
0.051244162
-0.031330013
-0.040445047
0.05124617
-0.047980022
-0.022066033
-0.048831247
-0.054715229
-0.048126285
-0.021096663
-0.030470077
0.059735036
-0.047662029
-0.039791995
0.056727168
-0.038333456
0.0070509655
-0.056055727
-0.040939661
-0.057463094
0.0061840772
0.050735428
0.042852756
-0.013559935
0.049617969
-0.037448999
-0.0066088699
-0.049319537
-0.041863239
-0.04935905
-0.0056436923
-0.012556983
0.048727614
0.055133411
-0.043464248
0.0046627009
-0.053734111
-0.045472392
-0.054112929
0.0027085144
0.010862467
0.054172846
-0.05338154
0.020166003
0.047726564
0.053936023
0.046349976
-0.011090928
-0.019728824
0.048568061
-0.046593439
-0.0040680783
-0.047185734
-0.050889627
-0.045843667
-0.0021110752
-0.0094741803
0.057747758
-0.044025391
-0.018326858
-0.058511466
-0.060649385
-0.052239445
0.030020015
0.065107701
-0.05133878
0.039756933
0.045033076
0.064126261
0.044338722
-0.029229369
-0.038758591
-0.059772939
-0.062544459
-0.042447795
-0.027984663
0.065529807
-0.041727171
-0.037694883
-0.054914905
-0.055004825
-0.062851224
-0.06740833
-0.062854089
-0.065888993
-0.053831159
-0.055298121
-0.062919121
-0.062044866
-0.053848844
-0.068228763
-0.067926126
-0.070488215
-0.067974226
-0.069744343
-0.064290122
0.052357399
0.07358344
-0.066418824
0.072588027
-0.063172009
0.059227827
-0.052645703
-0.059387468
-0.067551202
-0.068822313
-0.058571529
-0.050690081
0.071140791
-0.058147457
-0.057894759
-0.072312704
-0.072228419
-0.075451887
-0.064534987
-0.074253102
-0.06199752
0.063740813
0.076277265
-0.062506965
0.074975246
-0.060723537
0.06549113
-0.063718419
-0.065367383
-0.071684384
-0.07240551
-0.05794698
-0.0629114
0.07289482
-0.057692138
-0.06531509
-0.061262279
-0.055553307
-0.067922719
-0.055338266
-0.055027652
-0.058540508
-0.059760267
-0.054712508
-0.054837153
-0.05921263
-0.061011248
-0.055944952
-0.063190027
-0.055937557
-0.04850066
-0.05695609
-0.063693378
-0.047726963
-0.048174254
-0.067256558
-0.067896545
-0.05110041
0.048682022
0.06943051
-0.051607089
0.056127558
-0.047477961
-0.054634244
-0.067105316
-0.067080219
-0.042193664
-0.046699775
0.067624448
-0.043791739
-0.054300792
-0.07079979
-0.070106848
-0.052599793
0.061514956
0.070229925
-0.053579213
0.06441573
-0.059642575
-0.062145196
-0.069656587
-0.067565829
-0.046091001
-0.059917679
0.067213485
-0.063135762
0.044549874
-0.0076802787
0.042300323
-0.046759073
-0.022841766
-0.04563772
0.040399543
-0.054242787
0.026126585
-0.0087078064
-0.046441655
-0.03098568
-0.024365078
-0.0293719
-0.041794053
-0.049597519
0.046426583
-0.03682569
0.039187103
-0.044132981
-0.048817258
-0.04416144
0.03824603
-0.043799626
-0.046220955
-0.052288374
0.032282061
-0.038440162
-0.038392427
-0.031005185
-0.050159406
-0.031188516
-0.035942281
-0.043933764
-0.031310206
-0.04176166
-0.043078641
-0.055926627
-0.043305794
-0.031335755
-0.012117552
-0.006165117
-0.028694665
-0.0045065777
-0.027289524
0.017467591
-0.070636235
-0.031579173
-0.016372584
-0.069387374
0.016844782
-0.028240025
0.014445516
-0.062006666
-0.066390964
0.02810954
0.00039914938
-0.010274402
0.050440715
-0.010098548
-0.02570483
-0.0081182086
0.04319003
-0.032953494
0.01445218
-0.06369798
-0.03092014
-0.012132878
-0.05393951
0.015589155
-0.02605512
0.017291214
-0.044438203
-0.054395948
0.027483004
0.014562658
-0.039331491
0.037625487
-0.015667445
-0.05043183
-0.015821595
0.033771135
-0.016362972
-0.0071618315
0.039338505
-0.0066880424
-0.04696855
-0.055845682
-0.0062542815
-0.038380841
-0.036895505
0.0010862227
-0.048376865
0.0010239647
-0.031902896
-0.042181739
0.048925554
2.0795633e-05
-0.051849827
-0.043079505
-0.054083565
-0.017170821
-0.0049949999
0.038542293
-0.062354382
-0.039411304
-0.048565229
-0.0016740991
-0.059618085
0.047334651
0.040682758
-0.058124209
0.037395704
-0.03690365
-0.06426447
-0.037728795
0.036657739
-0.042705566
0.028252899
-0.058947355
-0.034404688
-0.025000656
-0.064470898
-0.026479341
-0.033843228
-0.042536803
0.033500516
-0.067006445
0.036182302
-0.030975358
-0.066374019
-0.032259673
0.036165462
0.045278258
0.065831133
-0.034953872
0.052968646
-0.043387528
-0.051053844
0.022019012
-0.066644497
-0.034318123
-0.019829895
-0.065608714
-0.021874015
-0.035808735
-0.04513223
0.064057947
-0.025406931
-0.052876578
-0.068245482
-0.06497781
-0.038478473
0.058669289
0.064104445
-0.056649581
-0.066400279
-0.062497056
-0.02975811
-0.058510607
0.061172633
-0.06114982
-0.017638198
-0.064244452
-0.020966598
0.0060533239
0.053681302
-0.058686695
0.0040273402
-0.055028848
-0.050483065
-0.0061118136
-0.058625156
-0.0085248332
-0.051753112
-0.059588993
0.057286588
0.014779933
-0.05856299
0.031802995
-0.012964569
-0.063542627
-0.014799147
0.031837425
0.0023436099
0.055730774
-0.040481144
0.0013596126
-0.0557076
-0.029930228
-0.0021281968
-0.060324292
-0.0038355026
-0.031158157
-0.041921157
0.059665902
0.010997062
-0.0654121
0.033809966
-0.0093771451
-0.064388486
-0.011868006
0.037413417
0.047151637
0.062165851
-0.015588789
0.054956281
0.0040624418
0.060918845
0.0067034237
-0.046134409
-0.055261342
0.0019137096
-0.062361859
-0.035362835
-0.0011299219
-0.062052098
-0.0034089287
-0.041873678
-0.052349898
0.05982442
-0.0061251761
-0.060273935
-0.063724493
-0.06020432
-0.01989249
0.060365183
0.058678086
0.0093821848
0.058230821
-0.061988397
-0.059517008
-0.058062737
-0.008851206
-0.065290964
0.05683269
