FiniteElementSpace
FiniteElementCollection: ND_3D_P1
VDim: 1
Ordering: 0

0.051641111
-0.003791815
0.04543633
0.0016466084
0.057972295
0.013887012
0.055492794
0.015365468
0.060176914
0.065150704
0.06637547
0.058100529
0.076277265
0.064590934
0.076274989
0.062948994
0.074975246
0.061682607
0.073908342
0.060799695
0.06549113
0.063740813
0.062332235
0.064775696
0.051770691
-0.041241364
0.059667106
-0.040621501
0.054928819
-0.033050531
0.061910929
-0.031984937
0.060713455
0.062018197
0.06178464
0.061215803
8.6215807e-05
0.0052446791
0.014681071
2.6119508e-05
0.003628106
0.011653375
0.016116534
0.0066937126
0.061269003
0.050890062
0.039593078
0.05121574
0.049788639
-0.0035972692
0.057498163
-0.0064123099
0.047416695
0.010697061
0.054772012
0.0094457247
0.030639604
0.01655815
0.016812295
0.031097918
0.051566246
-0.0055182684
0.05627
-0.0027815274
0.043425099
0.011724629
0.050264021
0.013924681
0.078335476
0.07035514
0.067095328
0.072962849
0.046779319
0.04507449
0.054441234
0.045053847
0.04686287
0.053687826
0.054750911
0.053486665
0.044312511
0.034400868
0.035239196
0.045292801
0.039732661
0.045974555
0.04950243
0.04652196
0.041061374
0.052644008
0.05139601
0.052380311
0.063376848
0.06257321
0.062316895
0.062180503
0.063964388
-0.017303601
0.060453335
-0.016407048
0.063062159
0.0084770602
0.060727714
0.0094193977
0.053985758
0.041142907
0.052255373
0.06404676
0.037534998
-0.0015028372
0.027573801
0.0004267546
0.040459992
0.013612969
0.030683196
0.013624326
0.075397046
0.06721118
0.061837582
0.069009547
0.071659307
0.053391233
0.073327088
0.050619942
0.074353697
0.060371018
0.076079792
0.057521155
0.058404925
0.060162715
0.059434719
0.057662971
0.065730945
0.056131811
0.064351556
0.057522163
0.066401061
0.063746183
0.064985287
0.064972272
0.046091552
0.036281892
0.036018806
0.045666715
0.044208368
0.048997259
0.033730882
0.047339186
0.044190331
0.054936551
0.033446509
0.053663672
0.042933421
0.033239071
0.032134384
0.042109688
0.05701654
0.040709706
0.045992257
0.039090568
0.059579577
0.048643533
0.048382951
0.047562262
0.057987271
0.058532213
0.058944596
0.058981686
0.056247006
0.012188467
0.053609549
0.012148005
0.060452115
0.018322938
0.058362926
0.018695867
0.017630926
0.029431648
0.023348111
0.01313477
0.065847434
0.047050968
0.064839589
0.0485326
0.066825856
0.053798488
0.066035291
0.055197264
0.026378188
0.036495969
0.035928009
0.02599159
-0.0045392075
0.055641396
0.008641949
0.056077156
-0.0051635856
0.044516255
0.0086416601
0.044549874
0.045497878
0.036424095
0.03334762
0.042300323
0.043665224
0.051342492
0.052748257
0.051244162
0.044723275
0.040547361
0.053810362
0.040682758
0.03824603
0.029575672
0.028569623
0.037395704
0.065902757
0.067896478
0.064297389
0.06794856
0.065400541
0.064096932
0.063748456
0.06377446
0.04368395
0.033824269
0.031445826
0.041150192
0.042017916
0.057885422
0.030762344
0.058538001
0.04117492
0.055308427
0.029817128
0.056521024
0.037936292
0.028012864
0.029203911
0.039636907
0.058364042
0.059595712
0.047794154
0.060003378
0.055036625
0.05837087
0.044916769
0.058678715
0.064017484
0.060683996
0.062267823
0.065278258
0.067213485
0.044703353
0.062151666
0.047025539
0.064104445
0.036897926
0.057946905
0.040288818
0.062000372
0.058669289
0.059783637
0.06346552
0.065529807
0.040599172
0.063742079
0.04008282
0.066221834
0.029793741
0.064416454
0.029589671
0.036165462
0.026353172
0.02668081
0.036767795
0.041016616
0.03965156
0.029503687
0.041424587
0.042116509
0.031406133
0.030670445
0.032871097
0.042106536
0.032065969
0.034473178
0.044225823
0.038598734
0.041068921
0.030098829
0.039546786
0.033191536
0.0312466
0.025202903
0.029256338
0.066216746
0.062839137
0.063372895
0.066257886
0.068512176
0.058984933
0.068258299
0.058621879
0.068262662
0.057163877
0.068074865
0.056004926
0.045354845
0.053748723
0.053668091
0.044664906
0.05541336
0.063378227
0.046483422
0.064942022
0.056397989
0.061323215
0.04782718
0.062755482
0.044022677
0.054056084
0.054766866
0.044643506
0.063834598
0.048025847
0.063199053
0.045481585
0.061433304
0.043553697
0.060595447
0.041075645
0.050427037
0.056799122
0.059520941
0.053205369
0.056831538
-0.013493669
0.051205509
-0.0090746792
0.060249108
0.01075918
0.057740489
0.01230509
0.066038961
0.062363491
0.070170678
0.070739555
0.043909403
-0.0071828924
0.035648029
-0.0034001515
0.052875226
0.012888829
0.046043369
0.013700161
0.074233054
0.076182447
0.078847515
0.075273006
0.038099648
0.00056095842
0.030341611
0.004235916
0.050758518
0.014297121
0.044205332
0.014672732
0.056582325
0.067223587
0.066767623
0.054985573
0.063418997
0.029882163
0.063250286
0.028948466
0.067994312
0.04320435
0.069104207
0.040978868
0.055086715
0.05857261
0.059030685
0.0545349
0.063874092
0.030710359
0.063216366
0.03056084
0.067288074
0.046195389
0.067606653
0.045121907
0.058407384
0.054503898
0.057021545
0.059960291
0.059683707
0.030327207
0.053492907
0.029365218
0.064683495
0.044325201
0.058655376
0.042540672
0.061187634
0.058892189
0.059551977
0.061592419
0.060083531
0.027886664
0.054175997
0.026223285
0.066758623
0.040075663
0.061116125
0.03746562
0.054560521
0.059589993
0.059825784
0.054798084
0.07358344
0.067279111
0.072852162
0.066095121
0.072588027
0.063169278
0.071040384
0.062457026
0.059227827
0.052357399
0.049924349
0.057193497
0.068665905
0.064176272
0.061423891
0.063845917
0.066215924
0.060617648
0.05861179
0.060670594
0.055430239
0.047850401
0.046732001
0.054484847
0.07307244
0.063247112
0.066958928
0.062579816
0.069967854
0.060546332
0.063532305
0.060308401
0.064079665
0.061065266
0.060384375
0.063719531
0.07289482
0.057230189
0.070569848
0.057286513
0.070229925
0.05150919
0.066526187
0.052661546
0.06441573
0.061514956
0.061022244
0.064647478
0.071140791
0.057169233
0.068662041
0.057101765
0.06943051
0.049582765
0.065959444
0.050327871
0.056127558
0.048682022
0.047203446
0.055034644
0.063127622
0.055361845
0.055127723
0.05574776
0.059684959
0.048609738
0.051280786
0.049312133
0.054292629
0.0462525
0.046224002
0.0542562
0.065712202
0.056033833
0.058812357
0.056170996
0.060623467
0.049990924
0.053143791
0.05050962
0.064817732
0.060668076
0.060723296
0.065080024
0.052698901
-0.041875787
0.060063621
-0.041749672
0.054058214
-0.034107382
0.06097595
-0.033872292
0.060026352
0.054785385
0.053706566
0.059232997
0.064289965
-0.047023932
0.0655807
-0.044776227
0.064533712
-0.039970901
0.064978355
-0.036970045
0.058813396
0.053005167
0.052559517
0.058649187
0.063978171
-0.041557917
0.064737129
-0.038007887
0.065037034
-0.032747592
0.064472265
-0.028083723
0.062210278
0.061956298
0.062370945
0.063439421
0.056215867
-0.024163745
0.062304332
-0.022619879
0.05518856
-0.014905387
0.060492255
-0.012813915
0.062890673
0.060045354
0.060390133
0.063962881
0.054326028
-0.025584151
0.060837145
-0.025283089
0.05350243
-0.01667644
0.059692896
-0.01633619
0.055194815
0.048742403
0.048403801
0.055043617
0.063896067
-0.031865697
0.06373792
-0.028423624
0.062487469
-0.022896727
0.062038734
-0.019401092
0.055146606
0.048506247
0.048803766
0.055283327
0.064452744
-0.023594356
0.062918226
-0.018221645
0.06202071
-0.014475208
0.060052707
-0.0089383226
0.064628186
0.060685463
0.060722825
0.064660265
-0.0032956032
0.0095708046
0.012679061
0.0089502169
-0.0026562413
0.020445376
0.014068526
0.016983699
0.037544579
0.022334229
0.013897549
0.027047873
0.026193074
0.012397655
0.037683948
0.0096964741
0.027932522
0.019834902
0.03933996
0.016656068
0.016615088
0.0044504039
-0.0037474079
0.0082232952
0.027985407
0.0056112267
0.039808072
0.00125893
0.027742247
0.013018596
0.038283687
0.0099789363
0.041701605
0.028994981
0.020878575
0.03442125
0.0049362261
0.01756551
0.01691714
0.012024295
0.0048683481
0.023701966
0.017073511
0.017495078
0.047832832
0.038144472
0.03549583
0.045379082
-0.0045856567
0.031876525
0.013834011
0.024980335
-0.0076183549
0.042992988
0.01274725
0.032914664
0.026613764
0.013190511
0.012839252
0.024650097
0.028554501
0.027826463
0.040205717
0.02405794
0.02849729
0.036256005
0.040505187
0.031954841
0.021393377
0.009942164
0.0066942103
0.018374449
0.027843504
0.020530631
0.037771764
0.018158395
0.027945778
0.028357233
0.037770219
0.026207538
0.042707252
0.032335859
0.029699702
0.040519887
0.047579844
0.0046444651
0.055922605
0.00033397586
0.04856898
0.015282344
0.055703408
0.012773056
0.0033036082
-0.0092126951
-0.011009632
0.0027179216
0.062522876
-0.0056139296
0.067054938
-0.010528678
0.060709305
0.010737034
0.063495556
0.0091569867
0.0065994347
-0.0088745178
-0.0032159557
0.014296523
0.062555707
-0.01360778
0.064723197
-0.014515286
0.059997792
0.0084261937
0.062814774
0.0085489071
0.035794834
0.021656008
0.030276803
0.043923566
0.046546747
0.023534849
0.053869609
0.023145422
0.046531659
0.034990788
0.053987965
0.034955461
0.039357246
0.02828615
0.028450271
0.039545343
0.049137693
0.025885444
0.05558235
0.024511699
0.049322088
0.036069965
0.055353737
0.035393028
0.016551129
0.0043993362
0.0036630586
0.016372996
0.05966867
0.025260687
0.061463788
0.0257964
0.058874894
0.03776853
0.060068321
0.039566439
0.01784165
0.0045538455
0.0067646693
0.020605767
0.059375856
0.026549111
0.062710259
0.027329369
0.05976446
0.041141106
0.063449955
0.042222931
0.041121707
0.030183235
0.033146695
0.043820216
0.051744723
-0.0076802309
0.057717342
-0.0073077874
0.045445936
0.0092272654
0.052441769
0.010048128
0.058745639
0.045043622
0.044940124
0.057342305
0.060508921
-0.013256386
0.060112633
-0.010136738
0.057498721
0.0094487352
0.060173841
0.010972806
0.058331283
0.048300208
0.05452213
0.061498442
0.057663724
-0.0057027163
0.055950615
-0.00066507748
0.055267733
0.012906502
0.05791425
0.014997957
0.067674804
0.065035988
0.064473973
0.063311663
0.039879001
0.025892529
0.048047968
0.027684818
0.039081015
0.037183996
0.048156669
0.038440188
0.065115553
0.062896276
0.060882993
0.061812212
0.042719248
0.0234407
0.050486245
0.024401433
0.042125027
0.03533183
0.050526124
0.036102304
0.057376078
0.049277051
0.049104826
0.056450239
0.057061352
0.028005788
0.061712535
0.028518759
0.058097621
0.04265789
0.063941355
0.042449815
0.056330404
0.050053444
0.051986133
0.057055669
0.055279491
0.028881621
0.060634994
0.02916747
0.056734451
0.041764138
0.063662756
0.040891658
0.058787061
0.059372494
0.058606158
0.056481973
0.049106753
0.045468142
0.054841802
0.045232512
0.048449713
0.053690306
0.053906317
0.053780525
0.023465368
0.012003504
0.012056114
0.023973075
0.057972876
0.04816077
0.058767236
0.050629369
0.056737546
0.056361892
0.057268038
0.059098688
0.02440987
0.012201971
0.012401757
0.024751292
0.060439393
0.052535206
0.064336105
0.053613286
0.060929407
0.060978724
0.064951945
0.061815926
0.045904611
0.035841679
0.036204077
0.046170968
0.046564513
0.060621171
0.054675116
0.06016611
0.045869242
0.065579
0.054190457
0.064896171
0.046260033
0.036513745
0.037996321
0.047987699
0.04732764
0.06033114
0.052491504
0.06071634
0.045766777
0.064996767
0.050650637
0.065672629
0.025889175
0.015166757
0.015728681
0.026970282
0.055106046
0.062296997
0.055521972
0.065018533
0.053177917
0.06588693
0.053684757
0.068372329
0.027080271
0.015560738
0.014786229
0.026359339
0.061014791
0.066623257
0.065129872
0.067063856
0.060689233
0.069540265
0.064895491
0.069518892
0.048344243
0.038269425
0.037488716
0.04750096
0.042562044
0.04520153
0.051528395
0.045517952
0.043331118
0.053224891
0.052817931
0.052935203
0.058893757
0.052654797
0.053521237
0.05934683
0.059748632
0.053728446
0.066246927
0.05293741
0.061447529
0.061538957
0.068225408
0.060258104
0.059370909
0.053948634
0.053996779
0.059073544
0.058868619
0.051500226
0.066601069
0.049834674
0.061162874
0.058281495
0.069152339
0.056072046
0.06081029
0.061724807
0.060961842
0.059493221
0.042676388
0.057486744
0.053453013
0.056427988
0.044422143
0.060680677
0.055486521
0.058969277
0.064383995
0.063683188
0.064823523
0.064874371
0.044085061
0.059440629
0.054039455
0.058521424
0.044738705
0.063769483
0.055078964
0.062324189
0.060318507
0.054390809
0.056162104
0.061896561
0.06288975
0.066373706
0.069664044
0.064719758
0.063971453
0.068471901
0.070501498
0.066619885
0.062217971
0.056537887
0.055698373
0.061457543
0.063303424
0.062417417
0.071121867
0.059899714
0.065125027
0.064247327
0.072407976
0.061691092
0.064749931
0.064988712
0.064331742
0.064131617
0.069156079
-0.012030598
0.068521745
-0.015866077
0.063965331
0.00857484
0.062059875
0.0081314905
0.02446416
0.0049693987
0.014252373
0.035279663
0.064983962
-0.011399857
0.058564809
-0.012763675
0.057797606
0.0095099144
0.051308229
0.010055449
0.044739181
0.02298542
0.029559607
0.050987937
0.054543668
-0.012298628
0.046718287
-0.01030375
0.055959616
0.01092602
0.049059762
0.011925073
0.072069623
0.061482691
0.066918065
0.076264463
0.063594689
0.029005825
0.061884606
0.0301851
0.064685817
0.0447185
0.063243963
0.046084792
0.047112481
0.036746128
0.040240043
0.050303216
0.061012101
0.02557701
0.058372025
0.027362273
0.0590662
0.039231685
0.055987363
0.042296669
0.024069316
0.0097585722
0.012892863
0.027510623
0.053648518
0.026589108
0.047020279
0.02853973
0.050969338
0.039959585
0.044198285
0.042693217
0.030208305
0.015526673
0.017122926
0.0315706
0.057609206
0.029923754
0.050991114
0.030542316
0.059088168
0.044469707
0.052413228
0.045030238
0.052665274
0.042875345
0.044033609
0.053590514
0.049507937
-0.0045248827
0.038296448
-0.0032688345
0.042858542
0.012740444
0.032867457
0.013323428
0.052647295
0.032685395
0.031681853
0.049114335
0.02566544
0.0039659139
0.01260183
0.006647526
0.021909016
0.016025397
0.010723346
0.0147203
0.040823876
0.026766432
0.019337311
0.029450301
0.01738523
0.0086172897
0.0074323303
0.0094244772
0.020290201
0.012881051
0.0098254563
0.010819635
0.057530771
0.051287261
0.037155431
0.042263958
0.042442184
0.027959895
0.03253297
0.026789103
0.043656582
0.039983746
0.033476569
0.038304006
0.052727928
0.043369354
0.040919873
0.050082061
0.038762375
0.028020926
0.029265673
0.028443294
0.035941264
0.040421545
0.026583629
0.04077941
0.031263254
0.017355693
0.016227598
0.029326966
0.019052795
0.029301543
0.0087861802
0.025750282
0.016669302
0.041489396
0.0069394154
0.036731183
0.026269405
0.01419096
0.012243426
0.023104528
0.021933456
0.021426309
0.011321767
0.017179375
0.022689502
0.031061228
0.012156019
0.025581993
0.046053299
0.037168421
0.03303552
0.041403225
0.070161045
0.057391294
0.070871785
0.055868043
0.072278472
0.064656867
0.072988226
0.062969882
0.058545657
0.05371114
0.053141538
0.057873018
0.06810434
0.054641854
0.061979837
0.052700983
0.070095136
0.061409534
0.063751386
0.059714239
0.05714964
0.052362742
0.051492271
0.05648983
0.071299197
0.05005209
0.065698407
0.047306926
0.074045443
0.057383172
0.06838133
0.05500108
0.057331982
0.058866058
0.058537278
0.057438067
0.076025721
0.064330799
0.077449118
0.061692738
0.076656667
0.065605334
0.077491851
0.063379457
0.063196913
0.063101887
0.061629656
0.062175226
0.073540636
0.068429446
0.073970945
0.066764388
0.073948302
0.069160811
0.073885678
0.067664142
0.059923479
0.053978132
0.051831897
0.058031363
0.070769948
0.064970062
0.064154374
0.063711318
0.070245517
0.065750428
0.06333057
0.064973806
0.056255098
0.049775294
0.048314322
0.055066086
0.075193437
0.061939635
0.069424732
0.06014104
0.07484611
0.063815017
0.068938993
0.062622164
0.061333691
0.060295008
0.059485555
0.060955705
0.057409942
0.049754515
0.054046313
0.053403381
0.055705254
0.057371241
0.052191946
0.061100299
0.024912876
0.012537886
0.012464383
0.024785198
0.048819774
0.049817986
0.041910597
0.052824791
0.04685544
0.056478738
0.03985962
0.059379691
0.024276919
0.012052701
0.011238254
0.023363049
0.060129921
0.054786351
0.05325706
0.055410291
0.060625903
0.061323038
0.053523089
0.06201779
0.044926628
0.035383882
0.03441166
0.043959468
0.066594299
0.068005448
0.065110218
0.068909467
0.066372777
0.069285329
0.06482221
0.069772238
0.045779268
0.035929266
0.033947743
0.043612366
0.05393287
0.06229459
0.050444
0.065739115
0.05230588
0.064708973
0.049066992
0.06760158
0.025017905
0.013549029
0.012000561
0.023306041
0.045139364
0.060298357
0.038151503
0.062845181
0.043976457
0.061622983
0.037116886
0.063679062
0.021489088
0.010294919
0.0085953681
0.019831762
0.060601795
0.064609264
0.053287482
0.065332394
0.060180002
0.065161104
0.052689727
0.065861753
0.041487281
0.031937583
0.030284422
0.039879677
0.033581937
0.049596543
0.024236998
0.049819259
0.031466541
0.055589061
0.022111782
0.055600073
0.022134908
0.010072648
0.0087840589
0.02084746
0.0144851
0.051266101
0.0052044805
0.045858676
0.012490443
0.057980371
0.0036384727
0.052252918
0.019957866
0.0078415706
0.0080062141
0.020144072
0.022781844
0.039764199
0.012407101
0.034031579
0.022355517
0.046445575
0.012107765
0.041295649
0.041847297
0.031515528
0.031961253
0.042603054
0.043716222
0.058099422
0.032756721
0.057420623
0.04293256
0.058933312
0.031806063
0.058929658
0.039195714
0.02932941
0.029347964
0.039734329
0.029739322
0.05867329
0.020376971
0.058471304
0.028737975
0.059230384
0.019351839
0.058908163
0.018591189
0.0070914698
0.0060248388
0.01801909
0.010850267
0.061493745
0.0023460386
0.055716778
0.0098274078
0.062018018
0.0014717257
0.056504253
0.018373445
0.0057192899
0.0066058571
0.019938194
0.021533147
0.050734542
0.011313214
0.046771158
0.02045004
0.052743929
0.010138344
0.050309013
0.041680261
0.030550818
0.033117013
0.045131735
0.053002524
0.04516114
0.041979399
0.042831311
0.054507725
0.051989639
0.043232856
0.050210163
0.056036065
0.050701833
0.050220908
0.055960694
0.029880867
0.029512585
0.017659695
0.026729721
0.030976821
0.037410188
0.018799023
0.035156833
0.056460407
0.050333105
0.051367329
0.057743359
0.033453229
0.02581282
0.020157228
0.026516965
0.035641668
0.034607704
0.022167176
0.035545908
0.060427851
0.059876982
0.061430214
0.062335282
0.060619375
0.054643898
0.049469447
0.054223112
0.060220623
0.058350018
0.049294068
0.058485201
0.061315537
0.059553406
0.060779219
0.062652969
0.054718527
0.056485386
0.043350464
0.055476907
0.053772787
0.05876901
0.042444544
0.058515016
0.054874498
0.047880014
0.048783251
0.055985477
0.03110344
0.044044908
0.019045471
0.042690741
0.030339402
0.048967285
0.018444322
0.048616922
0.058578912
0.051199735
0.055188187
0.062715108
0.036766442
0.042709029
0.023284576
0.043947687
0.03682915
0.049216916
0.023480965
0.050723858
0.065151289
0.063349689
0.067350339
0.068920122
0.051089629
0.0065305603
0.046008968
0.010214862
0.057938383
0.016636841
0.055616472
0.017634045
0.041254631
0.051882526
0.047211423
0.035146011
0.039860293
0.0072160211
0.033207284
0.009181771
0.051072706
0.014866024
0.044768677
0.014945973
0.031172742
0.043985208
0.041797743
0.02907564
0.049388102
0.0099280834
0.043885982
0.0093850587
0.053989144
0.014992393
0.047777995
0.015079805
0.011110537
0.019769816
0.01848278
0.011274995
0.063017134
0.027820717
0.061391206
0.028696159
0.064658563
0.038026452
0.063386012
0.039311504
0.018093719
0.028793716
0.027709508
0.017970831
0.063207824
0.028096497
0.062632441
0.027645533
0.067304419
0.039052604
0.067726401
0.037958114
0.039289291
0.048398691
0.0471455
0.037825633
0.059129912
0.024742983
0.053073419
0.023775748
0.064841205
0.035268642
0.058954322
0.033944295
0.037748427
0.046923807
0.047399903
0.038721422
0.057096309
0.023549092
0.050632734
0.024147845
0.059300556
0.033758506
0.052884053
0.034738445
0.019380958
0.02819697
0.029884992
0.021895366
0.07047619
0.048277029
0.071383434
0.046971193
0.072831805
0.055128908
0.073891103
0.053779218
0.045874341
0.053460528
0.052737951
0.045204753
0.068841222
0.04508346
0.063100711
0.043861418
0.071537997
0.053143681
0.065971964
0.052237083
0.045466491
0.05269614
0.053299768
0.046569023
0.061049048
0.043877391
0.054883689
0.045087811
0.062607948
0.052461939
0.056839281
0.053728606
0.026783794
0.036474621
0.038005939
0.028605851
0.067652513
0.057876559
0.067063027
0.058901982
0.068259667
0.059437731
0.06785794
0.059844504
0.036861209
0.046283484
0.045482418
0.035639681
0.074382213
0.059443248
0.075367345
0.058074178
0.075089221
0.061392444
0.075812964
0.059995812
0.054336724
0.060176707
0.059482593
0.053729469
0.073112134
0.058783237
0.067763442
0.058201264
0.073560893
0.061723771
0.06843476
0.061353597
0.053516658
0.059053024
0.059077454
0.0538266
0.064049621
0.058523343
0.058775965
0.059655983
0.065272339
0.061604051
0.060537178
0.062417705
0.035098342
0.045229633
0.045633787
0.03536326
-0.005389173
0.055002584
0.010763291
0.054600646
-0.0034478838
0.042159783
0.010676499
0.043163385
0.025994145
0.014906327
0.013554023
0.023493146
0.02189049
0.052929151
0.029997517
0.054725325
0.020965823
0.042509703
0.029025268
0.044442637
0.022303228
0.013295086
0.013228267
0.021599838
0.021217731
0.056108439
0.033003658
0.056720309
0.021738615
0.045844934
0.0338872
0.046426583
0.040399543
0.031618237
0.030524575
0.039187103
-0.0057031993
0.027279485
0.0089409411
0.026126585
-0.00606898
0.0034839453
0.0094288198
0.00039914938
0.060132784
0.047590634
0.039266303
0.050440715
-0.0028028333
0.026708796
0.010203916
0.027133539
-0.0039563102
0.0094649575
0.0094947591
0.0065301192
0.031939342
0.015460013
0.014235461
0.026706986
0.020318826
0.0301681
0.028817043
0.031453246
0.020261118
0.016444137
0.029675356
0.01612739
0.022839136
0.013045359
0.011618523
0.019535853
0.022647814
0.032197103
0.035138354
0.032282061
0.02365116
0.015437495
0.03630427
0.014562658
0.04319003
0.033206919
0.028436639
0.037625487
0.036679152
0.050735428
0.042852756
0.05124617
0.036257728
0.040746664
0.043400167
0.040627974
0.020849756
0.012882347
0.012061924
0.019848665
0.048727614
0.047726564
0.053936023
0.046349976
0.050503013
0.037676277
0.057049353
0.035358259
0.018649899
0.010809117
0.0093360864
0.0174842
0.059735036
0.045033076
0.064126261
0.044338722
0.060686585
0.033814095
0.064928958
0.033500516
0.036657739
0.027549939
0.026721225
0.036182302
0.04605165
0.028010221
0.055009403
0.028252899
0.047078932
0.014579512
0.055697458
0.014779933
0.033771135
0.024894901
0.022778948
0.031802995
0.036868308
0.029225541
0.045004828
0.028381542
0.038681258
0.016762071
0.047606383
0.015278624
0.016743856
0.0099463482
0.0081801462
0.014670958
0.053132939
0.026284193
0.060641508
0.023365428
0.056230777
0.014190911
0.063912248
0.011377927
0.013604145
0.0065730973
0.0054149125
0.013775888
0.061646312
0.021847695
0.065651591
0.022019012
0.061927407
0.01029346
0.065598262
0.010997062
0.031837425
0.022309474
0.023580161
0.033809966
0.05117328
0.064765107
0.048446444
0.066907568
0.050919806
0.062584636
0.048976059
0.063831808
0.023381926
0.012897771
0.010927944
0.021266077
0.043773095
0.060756237
0.037166812
0.062270511
0.044920336
0.057944811
0.038679313
0.058923785
0.019345533
0.0090232129
0.0074468756
0.01799514
0.059543887
0.063425582
0.051914551
0.064067659
0.058905717
0.059753636
0.051172135
0.060324782
0.038990763
0.029379679
0.028121589
0.037783865
0.06508151
0.058114603
0.063383587
0.057545221
0.065107701
0.050183641
0.063362143
0.049542591
0.039756933
0.030020015
0.02837637
0.038117788
0.051866259
0.058274462
0.050952296
0.058529773
0.054172846
0.051950023
0.054470384
0.051174649
0.020166003
0.010862467
0.0091341159
0.018544926
0.047688955
0.053377477
0.041899352
0.053858605
0.052122395
0.047194351
0.04683342
0.047224459
0.017462825
0.0077625925
0.0070107167
0.017220239
0.058474159
0.054394514
0.050673412
0.05490531
0.058415989
0.047509066
0.050596583
0.047986456
0.037108227
0.027367284
0.027345242
0.037118947
0.028859502
0.057661264
0.019394891
0.057383701
0.030455926
0.054330126
0.020813689
0.054289733
0.017481263
0.0064122771
0.0060744997
0.017938079
0.0097073157
0.059970075
0.0011752586
0.055103118
0.010728354
0.055852224
0.001596047
0.052048817
0.019370564
0.0065269093
0.0078047784
0.021691105
0.019268974
0.0528364
0.0087628336
0.052019564
0.018179825
0.051412863
0.0074110943
0.052081798
0.042859191
0.031662631
0.03522229
0.047405638
0.040612833
0.05140961
0.02917362
0.053025493
0.040518723
0.046231064
0.029021939
0.048045877
0.038340109
0.028456706
0.030623523
0.040736717
0.033742332
0.049531093
0.02378381
0.049893719
0.038698597
0.043471379
0.02826402
0.044320162
0.017940215
0.0070227717
0.0077921911
0.019546988
0.013016086
0.050160527
0.0028135159
0.047779276
0.016518846
0.043318752
0.0048093022
0.042534358
0.021783135
0.0091409106
0.010721035
0.024267568
0.017385317
0.048742656
0.0063162416
0.050580147
0.017075878
0.044848096
0.0056793359
0.047387985
0.044068704
0.033572078
0.036892978
0.047944941
0.051789956
0.059037309
0.040600357
0.05934367
0.048919812
0.057471405
0.037935519
0.058046669
0.054794541
0.047010935
0.048922101
0.056636373
0.02875508
0.05198258
0.01711035
0.052442317
0.026463331
0.053019674
0.015229907
0.053850042
0.060107147
0.052484803
0.057534219
0.065134559
0.035770906
0.053380338
0.022778798
0.054913012
0.033560667
0.054650782
0.021269424
0.055745711
0.067768291
0.065322797
0.069910577
0.071696991
0.050350926
0.054772612
0.040742945
0.054628695
0.044652748
0.048952742
0.035594309
0.048130126
0.065587803
0.061409413
0.062872154
0.066490833
0.045380481
0.054177076
0.034647719
0.05471448
0.04148984
0.049152918
0.031049901
0.049401474
0.055170522
0.047347784
0.049656188
0.057136196
0.023657987
0.052004216
0.013043565
0.052637531
0.02063498
0.048756057
0.010815016
0.048649801
0.060094483
0.052986573
0.057011545
0.063831488
0.030285717
0.05271217
0.019113881
0.052787082
0.026221332
0.047477955
0.016527222
0.046025784
0.067935748
0.065162932
0.068229482
0.070067606
0.067624448
0.040711949
0.063193783
0.04239054
0.065831133
0.030912145
0.060634024
0.03352821
0.052968646
0.045278258
0.046028718
0.053858443
0.056231295
0.040494119
0.047478254
0.041528492
0.053182416
0.031120381
0.044254298
0.032503841
0.054995429
0.047254969
0.048866864
0.056295012
0.055205906
0.042620959
0.047132751
0.043566173
0.050190348
0.034025927
0.041692987
0.03542371
0.064728919
0.060914146
0.061971159
0.065679265
0.061172633
0.028085343
0.054555501
0.032144257
0.058678086
0.018188356
0.052771354
0.022060764
0.063162044
0.060365183
0.063238479
0.065125202
0.064057947
0.020670964
0.058546394
0.024007029
0.062165851
0.010708722
0.05718241
0.014184124
0.054956281
0.047151637
0.051643659
0.058758212
0.051044376
0.020632693
0.042303419
0.022319132
0.050429913
0.0093139496
0.042509992
0.011089313
0.062352965
0.056139605
0.05972334
0.064967781
0.046562299
0.024202652
0.038062645
0.025977387
0.0455701
0.01306819
0.037788431
0.014944383
0.066573086
0.065743385
0.067311287
0.067173183
0.057747758
0.04376657
0.059317452
0.042007186
0.062164398
0.033957639
0.064863203
0.03139946
0.016664984
0.0079514151
0.0069817994
0.016487527
0.0579171
0.039505172
0.053124252
0.039129626
0.064287522
0.03041766
0.059900773
0.029688555
0.017136779
0.0066941611
0.0072286342
0.01862124
0.05880737
0.039203406
0.051041877
0.039681137
0.059572504
0.029587329
0.051973947
0.030094677
0.038046407
0.027817987
0.029700303
0.039910731
0.066811174
0.018435858
0.065041551
0.01869358
0.066615605
0.0075455735
0.064969097
0.0083524714
0.037413417
0.026464188
0.03057046
0.042084362
0.066593717
0.022879936
0.069956781
0.019931969
0.069762862
0.011063074
0.072850369
0.0084805035
0.015266359
0.0049625521
0.0053757382
0.017939435
0.069826328
0.020078764
0.065615195
0.019093099
0.072390755
0.0087309553
0.067905787
0.0077118844
0.021417294
0.0066656135
0.0086637869
0.02509712
0.06041243
0.018863901
0.053155359
0.019412712
0.060736041
0.0074579245
0.054080828
0.0080286283
0.047030455
0.035246702
0.039625763
0.051290199
0.044950173
0.036266716
0.033897692
0.037549101
0.051623379
0.02794784
0.03989838
0.029429778
0.020743321
0.0085487171
0.01041083
0.023107826
0.020942565
0.035634631
0.0074352168
0.036300991
0.02568559
0.027277166
0.010386967
0.028805907
0.025162776
0.012354909
0.013724077
0.026264933
0.017398676
0.039448903
0.0056358362
0.042108963
0.018427342
0.031970529
0.0062375043
0.034084521
0.045733081
0.036342731
0.037017047
0.046006846
0.04365763
0.02112271
0.032443045
0.021997014
0.045250473
0.0083930989
0.034566517
0.008389109
0.053816798
0.042709445
0.043483989
0.053580437
0.057188521
0.018479791
0.044936081
0.019711248
0.059329539
0.007796215
0.047055522
0.0080990351
0.028209474
0.011016572
0.013205514
0.029914266
0.029784159
0.01827606
0.013184239
0.019561097
0.031926226
0.0085401714
0.015185159
0.0079796054
0.029427036
0.014589853
0.01444952
0.02617449
0.020141004
0.021627172
0.0074535543
0.022480668
0.022412041
0.0075960912
0.009197141
0.0064609987
0.049690404
0.041065619
0.03490461
0.041597147
0.037694906
0.042280738
0.027594175
0.042098996
0.03460195
0.033334624
0.024887181
0.032725017
0.05760262
0.050656397
0.05229694
0.058687297
0.017795147
0.042927197
0.0087959622
0.04172226
0.01563416
0.033993255
0.0072014722
0.031647638
0.059237382
0.053350525
0.053283672
0.058859614
0.021862047
0.039055799
0.013752029
0.03588234
0.017908386
0.027690012
0.011030668
0.023134066
0.065739179
0.063393036
0.062680354
0.064617237
0.029768725
0.019557387
0.022129498
0.017589955
0.029950525
0.0060277835
0.022297445
0.0048006554
0.066662074
0.067403263
0.065533603
0.064833822
0.033005793
0.022005944
0.023696254
0.02113065
0.033911205
0.0079663075
0.024944395
0.0071412963
0.065824727
0.061436785
0.060356647
0.064191271
0.014726801
0.021310846
0.0062093627
0.018179908
0.015690911
0.0042404417
0.0059706085
0.0010763709
0.059432769
0.055680156
0.046892874
0.051126923
0.015213488
0.013698104
0.0085847661
0.0087775395
0.014699868
-0.0025858612
0.0066006422
-0.0061405839
0.061513652
0.061288953
0.054379835
0.05653782
0.074910534
0.061345867
0.075176449
0.059961075
0.073836368
0.059740353
0.073421903
0.058492964
0.060262886
0.064300201
0.064145844
0.060356997
0.072778875
0.062029049
0.067800339
0.061731157
0.070662451
0.060010701
0.065667368
0.059698606
0.060419039
0.063943922
0.063887689
0.060550442
0.066056327
0.061755506
0.061836057
0.062102172
0.0661489
0.059416564
0.062352561
0.059216445
0.044159932
0.053646516
0.053743494
0.043915952
0.067401015
0.054561324
0.067163903
0.052710342
0.065897089
0.051525878
0.065494572
0.04919296
0.049777879
0.056991264
0.058536241
0.05095135
0.071916286
0.05696665
0.070592903
0.056061341
0.069276743
0.053272462
0.066866173
0.052943922
0.062056902
0.064599441
0.065529148
0.063480016
0.067220244
0.056101396
0.061991394
0.055782658
0.062669101
0.050717859
0.057010961
0.050486756
0.064630632
0.066252557
0.066791145
0.065409028
0.065362825
0.055217211
0.061852807
0.054478304
0.063666678
0.049754338
0.060296395
0.04857401
0.051912903
0.059816603
0.060651512
0.052468278
0.06033311
0.060746941
0.050460624
0.061898818
0.058493139
0.059202025
0.049122046
0.060083525
0.060903718
0.064212193
0.06519448
0.0617082
0.038250304
0.057167089
0.023765529
0.060170808
0.037447175
0.057513555
0.023281699
0.060223468
0.063297854
0.067151619
0.070427629
0.06612027
0.034630276
0.063769368
0.019373439
0.067571835
0.036014732
0.063900617
0.020228263
0.068221609
0.046095213
0.056203486
0.058878957
0.048913663
0.056305418
0.055609836
0.048173401
0.056761293
0.055069088
0.046880671
0.047413008
0.04764991
0.052426265
0.060879126
0.060458787
0.051712093
0.055007624
0.054582761
0.046232468
0.054870995
0.050107197
0.047302416
0.041979167
0.046803737
0.065747015
0.067193944
0.067568921
0.065678539
0.035436572
0.053507504
0.022163509
0.055406934
0.032339237
0.045191775
0.020483854
0.045780256
0.065438829
0.068126124
0.069219262
0.065567628
0.036670955
0.058740228
0.020830546
0.063332485
0.036452963
0.048317585
0.021051406
0.052859253
0.050535637
0.059619911
0.059027075
0.049587413
0.066131098
0.048681203
0.062590345
0.049112901
0.062784529
0.042926385
0.058307975
0.044150849
0.060996238
0.062777397
0.064694215
0.06337713
0.057497117
0.04413789
0.051326196
0.04412673
0.052484036
0.03641252
0.045903025
0.036722156
0.065204019
0.066215627
0.067195395
0.066291434
0.0612432
0.043394795
0.057896349
0.041944352
0.05849854
0.036152712
0.055109319
0.034652734
0.055263304
0.061576654
0.062748078
0.056367266
0.059058434
0.03708072
0.058182974
0.034907544
0.057217939
0.027068047
0.056616058
0.025373389
0.049824699
0.0564373
0.057448607
0.05126228
0.059635052
0.035405147
0.054761374
0.037199659
0.057167724
0.025160914
0.052881314
0.026951476
0.061020789
0.063335347
0.064611164
0.061963349
0.048680079
0.027328126
0.042006239
0.027964116
0.047349874
0.016425366
0.041079773
0.017262466
0.062037222
0.065206851
0.065031453
0.061365316
0.056024172
0.027667838
0.052560713
0.02636584
0.054525267
0.017285619
0.050924534
0.016450331
0.051536523
0.057409858
0.056586538
0.050936928
-0.053791524
-0.047660702
-0.058909657
-0.056394956
0.0066876892
-0.04017372
0.0018055367
-0.013101191
-0.051578656
-0.014255533
-0.0030008021
-0.015223887
-0.056068836
-0.060322449
-0.0612841
-0.05510169
-0.063652763
-0.06334329
-0.060744228
-0.063755585
-0.030463443
-0.06007358
-0.029341531
-0.066129729
-0.062195346
-0.027962629
-0.054733035
-0.075451887
-0.075118476
-0.074253102
-0.07289724
-0.065242888
-0.071408425
-0.064182946
-0.061633051
-0.068434831
-0.061214787
-0.063006499
-0.060679108
-0.06531509
-0.0629114
-0.061858888
-0.065004928
-0.07240551
-0.069870993
-0.057894759
-0.056197265
-0.056319745
-0.06453262
-0.056604938
-0.054826231
-0.060952982
-0.056783508
-0.064669979
-0.052809858
-0.060417827
-0.055217013
-0.062105578
0.043232894
-0.064552223
0.041292237
0.035461826
-0.065268303
0.032808238
0.0391385
0.029813612
-0.061451458
-0.060950172
-0.060893227
-0.062162971
-0.056022893
-0.06222698
-0.057696946
-0.057082499
0.026981577
-0.06462514
0.023837027
-0.056774583
-0.061030303
0.020199186
-0.062968225
0.0023840379
-0.012973072
0.00034186444
-0.014612201
-0.011142605
-0.026512759
-0.0071741206
-0.017516229
-0.027600476
-0.013043726
-0.0022824181
-0.0090361415
-0.055004881
-0.044749831
-0.038014703
-0.048689877
0.00050239781
-0.015112158
-0.032055462
-0.026299827
-0.02431219
-0.028202741
-0.01908163
-0.019722464
-0.031361941
-0.015311777
-0.042731838
-0.048572493
-0.056834822
-0.048137042
-0.055506059
0.0054179523
-0.062864754
0.0090296647
-0.010743382
-0.060704038
-0.0093678425
0.010913176
-0.0088648566
-0.035558878
-0.023241254
-0.023314388
-0.035674498
-0.048140263
-0.055100148
-0.010818462
-0.010397275
-0.025082399
-0.059932782
-0.025065868
-0.012870486
-0.026273636
-0.025353827
-0.038423999
-0.051995713
-0.057191097
-0.044389178
-0.051241771
0.0089914492
-0.059095652
0.0057140243
-0.010521648
-0.056232821
-0.012385738
0.0016444328
-0.014577003
-0.069620016
-0.065342594
-0.062575127
-0.065251145
-0.041059529
-0.049012484
-0.057538135
-0.056168653
-0.026675418
-0.055970065
-0.027598246
-0.056339988
-0.060688055
-0.028608024
-0.061188119
-0.048394542
-0.055174819
-0.048107616
-0.054886859
-0.048132027
-0.059791113
-0.049152441
-0.056731316
-0.059476141
-0.057774651
-0.049776551
-0.058174601
-0.045641322
-0.035872885
-0.037086905
-0.047058691
-0.047342723
-0.054120701
-0.025120691
-0.025963509
-0.063214146
-0.058727354
-0.064109291
-0.026195934
-0.037485659
-0.064162316
-0.047516803
-0.040813158
-0.050238407
-0.041882313
-0.051884325
-0.049666929
-0.059189207
-0.04908333
-0.057060709
-0.061269197
-0.055798368
-0.048394418
-0.054395378
-0.063905781
-0.063215922
-0.063742906
-0.063632462
-0.04311424
-0.0536042
-0.059781128
-0.060879475
-0.062056346
-0.063157343
-0.060237605
-0.061070621
-0.063567942
-0.058265309
-0.062935127
-0.067077833
-0.064984025
-0.063908052
-0.061755128
0.015351919
-0.060180971
0.015818104
-0.0087817835
-0.057179279
-0.0094896715
0.014248475
-0.01057405
-0.049407637
-0.03814745
-0.044799539
-0.055496836
-0.062681977
-0.060447686
-0.023956532
-0.030442224
-0.028048034
-0.055869357
-0.029733117
-0.035921182
-0.050185812
-0.0307696
-0.060295119
-0.043719588
-0.033048523
-0.041813854
-0.031883619
-0.0021194649
-0.021581977
-0.0041142645
-0.014508114
-0.021203607
-0.013932747
-0.005569639
-0.01302502
-0.061914904
-0.052949412
-0.049364844
-0.057781905
-0.040681626
-0.030942485
-0.03983382
-0.037310938
-0.027530785
-0.020571784
-0.025382591
-0.032207301
-0.042876186
-0.022818835
-0.050673442
-0.071236322
-0.072629218
-0.073750942
-0.075167018
-0.055112629
-0.070378808
-0.052451046
-0.062133641
-0.072837312
-0.05958077
-0.049554593
-0.056844678
-0.060940649
-0.061769428
-0.060580684
-0.060008083
-0.075287803
-0.076378467
-0.059363179
-0.057948944
-0.065901873
-0.073748151
-0.063731845
-0.056568556
-0.059539652
-0.061421381
-0.059369379
-0.06212156
-0.059660702
-0.061725484
-0.059191717
-0.053505239
-0.054809532
-0.056075798
-0.060640205
-0.054220935
-0.063142678
-0.057245158
-0.064247616
-0.046064687
-0.036255316
-0.034941363
-0.04457998
-0.061061381
-0.058545296
-0.025147277
-0.024046505
-0.064652326
-0.053534233
-0.066834563
-0.02270472
-0.033431485
-0.067758561
-0.042963243
-0.038947697
-0.028954734
-0.037973613
-0.027790792
-0.047897428
-0.018632759
-0.044781997
-0.053743798
-0.017405887
-0.050872166
-0.041310128
-0.047915587
-0.040603552
-0.030811433
-0.030260565
-0.040482193
-0.037004193
-0.026643204
-0.019927101
-0.018959529
-0.056718399
-0.016156412
-0.054412437
-0.018734091
-0.030639714
-0.052359484
-0.041451245
-0.055760305
-0.044667904
-0.057858948
-0.046553928
-0.035498715
-0.032223325
-0.033881881
-0.043311763
-0.033942454
-0.042221546
-0.033262207
-0.042056928
-0.059677849
-0.05893922
-0.059828209
-0.060919691
-0.058445463
-0.047127548
-0.055199738
-0.055778003
-0.049600866
-0.034571947
-0.049212419
-0.057481649
-0.061726751
-0.049591032
-0.063023413
-0.052962019
-0.048985588
-0.058920433
-0.056707276
-0.010131414
-0.04375289
-0.011573718
-0.016528222
-0.052252227
-0.016899999
-0.011272311
-0.017129678
-0.016507623
-0.027644728
-0.024923958
-0.015107161
-0.063172142
-0.062113934
-0.038739186
-0.035687909
-0.025925434
-0.058236521
-0.025865815
-0.034301778
-0.024094522
-0.026616491
-0.015530864
-0.068668823
-0.068689583
-0.070472468
-0.070688429
-0.04577858
-0.065549311
-0.04579466
-0.053398682
-0.067835609
-0.053495516
-0.047173813
-0.054856094
-0.031650527
-0.041459008
-0.040715048
-0.0307467
-0.071746215
-0.072040092
-0.050210417
-0.049538837
-0.058486489
-0.069463513
-0.058519975
-0.04953282
-0.040811224
-0.059609001
-0.030789522
0.0036806905
-0.0098060098
0.003409131
-0.0096461928
-0.055215344
-0.021236389
-0.056669639
-0.044634105
-0.021031882
-0.046249442
-0.057369841
-0.046759073
-0.052974514
-0.042367364
-0.036553269
-0.046441655
0.0039196057
-0.0094020895
-0.029592549
-0.025480145
-0.030569511
-0.021194952
-0.03130538
-0.022821677
-0.032573991
-0.03098568
-0.041794053
-0.040057764
-0.047980022
-0.04043725
-0.048821149
-0.048831247
-0.054715229
-0.048126285
-0.037963955
-0.056064475
-0.037039783
-0.047662029
-0.03690365
-0.035942281
-0.027344869
-0.025671426
-0.034404688
-0.041516811
-0.050284408
-0.018989674
-0.017380498
-0.025839365
-0.057840073
-0.024799289
-0.016109298
-0.024730384
-0.025000656
-0.033843228
-0.059544164
-0.057442019
-0.059218955
-0.057513709
-0.064787404
-0.052665364
-0.065902711
-0.061475889
-0.053007444
-0.061999197
-0.066269475
-0.062099832
-0.041866103
-0.032061275
-0.029909612
-0.039622122
-0.05953503
-0.058326072
-0.021916605
-0.019940377
-0.056189121
-0.054173931
-0.056164707
-0.018328874
-0.028239035
-0.056077565
-0.037896293
-0.035946382
-0.02524599
-0.036358729
-0.025468765
-0.055755968
-0.014360067
-0.055225023
-0.052757677
-0.014243479
-0.053273036
-0.055380696
-0.054416642
-0.037885346
-0.027979221
-0.029708281
-0.040016911
-0.037682395
-0.02657158
-0.01750138
-0.01854165
-0.048555847
-0.014893385
-0.050081233
-0.020441068
-0.032543441
-0.051970774
-0.043474295
-0.055533932
-0.04463458
-0.052193003
-0.041641515
-0.056201496
-0.032713709
-0.056816241
-0.056194892
-0.030288275
-0.05673509
-0.05777876
-0.057380332
-0.064949515
-0.061065721
-0.062662612
-0.066072703
-0.047807644
-0.037654901
-0.05487879
-0.056877037
-0.053900936
-0.02703485
-0.053894928
-0.060288818
-0.06550418
-0.053731815
-0.068164233
-0.067565829
-0.062534301
-0.06497781
-0.058959872
-0.041669212
-0.055328188
-0.043554698
-0.032744861
-0.051063149
-0.035416505
-0.045399042
-0.038068844
-0.061717308
-0.058510607
-0.060543533
-0.063627506
-0.062497056
-0.056068775
-0.052876578
-0.055118033
-0.023002174
-0.048012168
-0.026225636
-0.057437418
-0.062440542
-0.029410075
-0.065197669
-0.062544459
-0.062469165
-0.064950991
-0.065383127
-0.040372496
-0.059190733
-0.039549097
-0.03027823
-0.062548719
-0.029270348
-0.039450514
-0.029362036
-0.035808735
-0.025638935
-0.027567175
-0.038162064
-0.067272831
-0.068015966
-0.015513316
-0.016535778
-0.019219172
-0.065524409
-0.018238184
-0.018435514
-0.030260296
-0.018621982
-0.041068457
-0.043246834
-0.031605115
-0.047008573
-0.035134446
-0.036960383
-0.01871053
-0.039796145
-0.029288895
-0.02160457
-0.032059614
-0.042106054
-0.033925351
-0.046557121
-0.036158444
-0.038093787
-0.047868142
-0.050503872
-0.038579847
-0.023686084
-0.02599205
-0.019881489
-0.024636193
-0.021838844
-0.027193476
-0.038377963
-0.022779994
-0.047286826
-0.03751123
-0.028257925
-0.033001565
-0.02421337
-0.042201223
-0.019418097
-0.040198097
-0.032539342
-0.016150857
-0.029636493
-0.037583917
-0.02606319
-0.066404827
-0.064545209
-0.064117688
-0.065675696
-0.03031876
-0.021921799
-0.06068489
-0.06071705
-0.020055195
-0.01420773
-0.016821238
-0.059072485
-0.062302715
-0.013077913
-0.063867317
-0.072458487
-0.072577211
-0.071731669
-0.071526074
-0.061003411
-0.070368094
-0.060473637
-0.059199245
-0.069262266
-0.05833881
-0.060416363
-0.057583578
-0.048113455
-0.055911824
-0.056589073
-0.048257406
-0.070232515
-0.069504668
-0.061663309
-0.062384658
-0.056054283
-0.06695585
-0.054985429
-0.062940726
-0.057154299
-0.053599795
-0.048385753
-0.058886294
-0.049432075
-0.058368004
-0.049365825
-0.061269748
-0.037285137
-0.06370163
-0.060117037
-0.037539224
-0.062406395
-0.066204105
-0.065054583
-0.048382033
-0.057747998
-0.057835421
-0.048261871
-0.056354895
-0.047903153
-0.063631885
-0.063969247
-0.054746698
-0.036737639
-0.056506085
-0.064670317
-0.058128701
-0.059081971
-0.048385469
-0.065255039
-0.06307235
-0.062220518
-0.059394614
-0.047064271
-0.059442919
-0.046202101
-0.041086147
-0.05526388
-0.040585335
-0.044123513
-0.038528872
-0.050059043
-0.056359902
-0.058782308
-0.052736582
-0.059319302
-0.056230917
-0.060539709
-0.062676384
-0.033377495
-0.051909726
-0.033258401
-0.064070865
-0.060294319
-0.031463258
-0.054405913
-0.060375957
-0.055648303
-0.061734885
-0.059283542
-0.048887044
0.011032505
-0.054426217
-0.0118335
-0.057075965
-0.061894308
-0.063922147
-0.06276928
-0.05887346
-0.031004745
-0.065640794
-0.040716369
-0.047516618
0.0051535005
-0.031762778
0.0025217144
-0.013095121
-0.039023894
-0.013548389
0.077097934
0.027066718
-0.00025741369
0.037733144
-0.013757267
0.072973676
-0.067297689
-0.067000507
-0.052454
-0.062682151
-0.029289719
-0.043946016
-0.028455672
-0.066171085
0.045090533
-0.027059893
-0.06574147
-0.03206129
-0.04487682
-0.023947776
-0.0028538101
-0.036786081
-0.013722404
0.064293883
0.022736377
-0.0049941769
0.036333748
-0.013492399
0.052741121
-0.062359869
-0.054423714
-0.054070688
-0.045793112
-0.025347435
-0.061222642
0.046006425
-0.023611762
-0.053680441
-0.067823309
-0.068712167
-0.044571253
-0.066209358
-0.042290163
-0.039740118
-0.056187363
-0.058839571
-0.058691821
-0.055630385
-0.057983719
-0.058304936
-0.0584701
-0.05869852
-0.05558464
-0.066289622
-0.065785698
-0.046236603
-0.062268731
-0.046015013
-0.053667916
-0.054424872
-0.068365075
-0.068099152
-0.046251592
-0.047340538
-0.064625129
-0.05686749
-0.047898372
-0.054792427
-0.055902842
-0.042398158
-0.047147294
-0.041030178
0.058651518
0.049985662
-0.038923897
0.060830519
-0.05458418
-0.058315065
-0.058099351
-0.047709872
-0.052073492
-0.049025906
-0.050718303
-0.046723434
-0.053743004
-0.048595788
-0.057760818
-0.060446075
-0.051889534
-0.036463025
0.059396236
0.052658904
-0.034085147
0.054898544
-0.058704117
-0.05588536
-0.064590669
-0.046131968
-0.05859022
-0.043810549
-0.056359574
-0.070488215
-0.069329615
-0.069744343
-0.068111826
-0.064776847
-0.065998398
-0.063151862
-0.061941953
-0.050690081
-0.048579613
-0.068822313
-0.066650165
-0.061257758
-0.056113573
-0.046931763
-0.05719766
-0.055304659
-0.061457415
-0.047272486
-0.061848155
-0.058472119
-0.045278915
-0.05915449
-0.061885764
-0.059504878
-0.046277629
-0.054264311
-0.053149384
-0.037209036
-0.053939903
-0.043050531
-0.054781297
-0.046979795
-0.055267396
-0.064689411
-0.061336099
-0.06173099
-0.059619569
-0.061595013
-0.059649822
-0.060577778
-0.06456515
-0.056968933
-0.0554519
-0.055448932
-0.070106848
-0.066306124
-0.049589652
-0.060017222
-0.050649976
-0.051632253
-0.063135762
-0.059917679
-0.060163046
-0.063990794
-0.054300792
-0.054073705
-0.054176939
-0.060509716
-0.06473284
-0.067896545
-0.065147686
-0.048450493
-0.059325573
-0.04878601
-0.046699775
-0.046168652
-0.067080219
-0.06377286
-0.037694883
-0.036991411
-0.057577002
-0.040195103
-0.036978405
-0.046176189
-0.050984092
-0.047947365
-0.040850926
-0.048832487
-0.049326739
-0.046911105
-0.054775831
-0.049076124
-0.037844704
-0.040472197
-0.038980761
-0.041317694
-0.03959034
-0.048415361
-0.041765116
-0.055941992
-0.051929612
-0.042724355
-0.049460069
-0.049325379
-0.061068213
-0.065387687
-0.046740548
-0.041829454
-0.061907591
-0.041585381
-0.065981133
-0.051418705
-0.041537133
-0.058544258
-0.05154274
-0.033637397
-0.058542564
0.04680651
0.045752203
0.044753396
-0.063055807
0.044468964
0.037605488
-0.06274881
0.037170009
0.045066619
-0.051891992
-0.051022453
-0.051278769
-0.024918395
-0.058189455
-0.0440239
-0.043238149
0.029426523
-0.062193083
0.028971589
-0.04285502
-0.050544036
-0.047925224
-0.065134234
-0.041260739
-0.064343533
0.044602883
0.050548517
-0.064994875
0.049117317
0.044054871
-0.06358047
0.042062117
0.044259273
0.05226989
0.064285889
0.046087886
0.062733843
0.038098435
0.058629926
-0.050300187
-0.056627597
-0.033358372
-0.063426327
-0.042692404
0.036115429
-0.062146637
0.0337828
-0.042644248
-0.050194462
0.060811851
0.029284209
-0.056555499
-0.065370729
-0.064951666
-0.063292423
0.041925768
-0.061681156
0.03276243
0.062876857
0.062346472
0.037339428
0.06075293
0.026917916
0.06467711
-0.061190062
-0.063622537
-0.06349849
-0.05942366
0.023302485
-0.061283081
0.058319519
0.016769437
-0.064009689
-0.054973196
-0.060598011
0.018078804
-0.062551572
0.014717133
0.010700937
-0.065127724
-0.059481781
-0.060472315
-0.066720061
-0.052806041
-0.053418267
-0.054239013
-0.061130488
-0.06729654
-0.050941525
-0.015747308
-0.057813617
0.041177843
0.040994098
0.020453614
-0.061723602
0.020125638
0.041277421
-0.045738114
-0.04625865
-0.05093725
-0.057813765
-0.038794437
-0.03954463
-0.061719856
0.010860064
-0.040846742
-0.047298194
-0.024379545
-0.062707423
0.041758694
0.026865036
-0.060986702
0.024449422
0.042292447
0.049170425
0.058758313
0.01991752
0.055371686
-0.048470238
-0.054923415
-0.062526252
-0.042297197
0.016481571
0.0142402
-0.043687641
-0.049599255
0.010242151
-0.055384693
-0.061073477
-0.056713837
0.01396826
0.060476942
0.055207517
0.0074960935
0.064086407
-0.061175481
-0.066648712
-0.057819317
0.0051144006
-0.060658041
-0.00040096322
-0.064990375
0.0018207364
0.005698956
-0.014706089
0.0023210482
0.019275205
-0.015178172
0.0070175215
0.00039762668
-0.010910109
-0.027442564
-0.012954236
-0.021245272
-0.029004567
-0.020943849
-0.007841706
-0.017399775
-0.013703694
0.0059313534
0.034641013
-0.01353052
-0.0019312464
-0.00022942953
-0.032531178
-0.028987083
-0.029475534
0.0046490374
-0.0078079834
0.01244947
-0.037954455
0.021209205
-0.040019215
-0.015634793
-0.011275582
-0.046936124
-0.0093065941
-0.019840508
-0.048701287
-0.017769824
-0.021453418
-0.0057292655
-0.014893682
-0.0022037607
-0.014132019
0.030620464
-0.040758536
0.010053942
-0.028910167
-0.049319931
-0.026659829
0.01424499
0.0015823162
-0.024150122
-0.038395714
-0.038788678
-0.0016585882
-0.012062995
0.0019925112
-0.009956753
-0.026094518
-0.038071057
-0.039165852
-0.022013904
-0.020748722
0.0017564173
-0.014872538
-0.031592796
-0.028391201
-0.025636039
-0.021794973
0.0040298608
0.03022412
0.016663626
0.023683289
-0.040970137
-0.032046812
-0.032556897
-0.041785554
0.0033609934
0.04056816
-0.014194961
-0.021814538
-0.022531934
-0.039211883
-0.028202581
-0.032789082
-0.021998313
-0.032344007
0.027805782
-0.02884528
-0.042016195
0.011268812
0.050302688
-0.010938254
-0.0019090492
-0.00010154869
-0.044094409
-0.028184845
-0.038338344
-0.0021911657
-0.010779394
0.053146819
0.011397428
-0.0098027662
-0.011624759
0.016954417
0.064920555
-0.0083134701
0.0044974504
0.00043198259
-0.055150823
-0.027196364
-0.047108468
0.00034923204
-0.011109613
0.028058901
0.040276878
-0.04071182
-0.0054552757
-0.038080134
-0.049195985
-0.035711775
-0.0081966985
-0.033390188
0.044747918
0.040370374
0.04011168
-0.0098709123
-0.021178336
0.049609977
-0.040263836
0.001809612
-0.046837067
-0.048569302
-0.044533669
0.0033282979
-0.00886755
-0.04236491
-0.020689515
-0.039437707
-0.04832585
-0.031580291
-0.03064991
0.036432954
0.037829799
0.034280938
-0.03199618
-0.042057841
-0.039458534
-0.040686042
-0.031934433
-0.039778715
-0.042237502
0.0083360326
-0.054708825
0.017730849
-0.05531011
-0.024412561
-0.0044861146
-0.061268174
0.00062375369
-0.015361695
-0.059936682
-0.01282076
-0.024230925
0.0027872815
0.027413669
-0.055080828
0.016331155
-0.026152255
-0.058369082
-0.02543622
0.016089604
0.0013071269
0.00045170314
-0.066350701
0.013103288
-0.062556486
-0.021133005
0.0031821255
-0.069517864
0.0095923184
-0.011226611
-0.063085423
-0.0092758935
-0.015737976
0.01418874
-0.0082499416
-0.0024400153
-0.017704179
0.025151767
-0.059435812
0.013768991
-0.02444079
-0.058469645
-0.025318299
0.0099216877
-0.0076686478
-0.026582507
-0.066350759
-0.063547058
0.016526548
-0.0081006496
-0.0087120824
-0.031550698
-0.043312001
-0.062497684
-0.027899418
-0.028983091
-0.055138768
-0.037556872
-0.059821242
-0.038273244
-0.038896518
-0.032387298
-0.042763444
-0.020834953
-0.021651578
-0.03338741
-0.043695152
0.036901744
-0.054313403
-0.0095931749
-0.03631838
-0.056654267
-0.036862699
-0.0094536425
-0.0085493339
0.045692749
-0.053107203
0.0041988793
-0.045386956
-0.054704792
-0.046835605
0.0042458936
-0.0089959225
0.036062761
-0.056699282
-0.0079872463
-0.035990091
-0.054818481
-0.038590292
-0.0056239504
-0.041194666
-0.010040233
-0.022969003
0.045431323
-0.054009149
0.0036045634
-0.045569163
-0.051500783
-0.049170505
0.0025592264
-0.011373256
-0.052436497
-0.024477721
-0.06225414
-0.062323067
-0.043351933
-0.044690614
-0.034787693
-0.044934576
-0.06214455
-0.054925529
-0.036304587
-0.056269142
-0.046488976
-0.053684427
-0.058840179
-0.009278852
-0.04726708
-0.046896162
-0.044640041
-0.05221403
-0.058303713
-0.025907104
-0.0486867
-0.061587932
-0.009926831
-0.011557755
-0.052326759
-0.058015503
-0.062351252
-0.029651703
-0.029856008
-0.058866115
-0.013402761
-0.015261345
-0.059973064
-0.058050522
-0.061069087
-0.029679422
-0.029310693
-0.040284804
-0.049045957
-0.03963298
-0.05723594
-0.039779565
-0.039888315
-0.063457651
-0.06224335
-0.061106893
-0.061230652
-0.057963569
-0.057698939
-0.057583596
-0.060052792
-0.059089631
-0.044329288
-0.052305548
-0.059059824
-0.039354258
-0.051104141
-0.051401555
-0.044685595
-0.053070513
-0.060289077
-0.049939578
-0.051964376
-0.063915734
-0.045012435
-0.044349897
-0.052769912
-0.057694691
-0.065606266
-0.056290629
-0.055081694
-0.063793662
-0.042968442
-0.041309511
-0.059275268
-0.057349816
-0.066520342
-0.053009851
-0.050647747
-0.047567593
0.053301635
-0.051498228
0.00042068816
-6.504356e-05
-0.05296373
-0.052455302
-0.055110054
-0.00032281037
-0.014026408
-0.014381891
-0.046238104
0.059296103
-0.049517791
-0.0031671082
-0.0029481137
-0.058741907
-0.04993232
-0.061442898
-0.0024974249
-0.014338097
0.052973664
-0.051190965
-0.00040271437
-0.053013422
-0.048238819
-0.057149217
-0.00044456536
-0.06059616
-0.013953479
-0.025895261
0.05851361
-0.048280965
-0.0018442136
-0.058269819
-0.045095648
-0.062607855
-0.00097532615
-0.013260679
-0.065886827
-0.061794298
-0.063019896
-0.064140716
-0.037162428
-0.0471252
-0.061085503
-0.067950773
-0.068679558
-0.046113662
-0.052896278
-0.067387894
-0.057592649
-0.06804334
-0.067722929
0.044925087
0.068228171
0.053443288
0.06741719
-0.046203666
-0.036466131
-0.038034119
-0.048036409
-0.044559549
0.068282252
-0.051382518
-0.025981154
-0.027144898
-0.069044969
-0.056271386
-0.069423191
-0.027137627
-0.038175742
0.060102284
-0.068788355
-0.048270868
-0.044585022
0.063327169
-0.047230608
0.0050605007
0.005010978
-0.062505792
-0.047277469
-0.065598285
0.0044089506
0.043858724
0.067344015
0.048545107
-0.015642316
-0.016288205
-0.042610931
0.065151733
-0.044757179
-0.0062612389
-0.0063011293
-0.064128971
-0.044736094
-0.0673704
-0.005595944
-0.016015802
0.051186008
0.061964708
-0.04551186
0.00334607
-0.061364706
-0.042403003
-0.065609885
0.0019083064
-0.068453386
0.067059934
0.052053638
0.069111947
-0.01498564
-0.026134954
0.063309485
-0.043254308
-0.004277855
-0.062371517
-0.040649311
-0.06620395
-0.0025013062
-0.013418744
-0.068393013
-0.024434664
-0.060104234
-0.060253499
-0.069957405
-0.07020535
0.069754365
0.064405502
0.069296809
-0.037085295
-0.047121482
-0.059075187
-0.069223491
-0.035135094
-0.068991068
-0.045010221
-0.045124029
-0.053910497
-0.061454216
-0.057912526
-0.053792762
-0.055186142
-0.045350305
-0.054515808
-0.062283556
-0.063435213
-0.055582619
-0.066999477
-0.069869596
-0.063851498
-0.062295726
-0.055107898
-0.060495051
-0.067896725
-0.070694279
-0.068078336
-0.053967993
-0.066337711
-0.06888761
-0.059877285
-0.05719207
-0.062844232
-0.061978586
-0.070684207
-0.063841868
-0.061116915
-0.044388301
-0.055244197
-0.064835127
-0.064713418
-0.062674909
-0.060365041
0.04626593
0.062286624
0.057422506
0.060174961
-0.064405836
-0.063659341
-0.065198604
-0.065465807
-0.045731192
0.064291149
-0.056786096
-0.060296651
-0.062131386
-0.065517636
-0.065915094
-0.063315097
-0.062515529
-0.065612182
0.066562244
-0.060977131
-0.065808384
-0.045314929
-0.054816928
-0.062718951
-0.066591183
0.045374379
0.066049336
0.055979292
-0.054360219
-0.056289957
-0.045143846
-0.054914905
-0.062851224
-0.06740833
-0.056603294
0.064723827
-0.068274212
-0.070862008
-0.069339515
-0.067587836
0.068034258
0.070785052
0.066225156
-0.055522367
-0.061652656
-0.068228763
-0.067974226
-0.053473377
-0.066418824
-0.059919239
-0.071823147
-0.075835911
-0.065267103
-0.062758998
0.064085974
0.072988509
0.061803213
-0.065055563
-0.065522688
-0.072312704
-0.064534987
-0.063811242
-0.062506965
-0.064780104
-0.0059717266
-0.070258937
0.0099189111
-0.061432187
-0.0089505189
0.0076150162
-0.068106401
0.012642093
-0.0092972622
-0.057543045
-0.0086713564
-0.0018498777
-0.013383819
0.024050503
-0.055612347
0.0052731395
-0.024016063
-0.050976021
-0.026009898
0.00061747589
-0.018535725
-0.0079565768
-0.062754141
0.0094173828
-0.051441121
0.0044361054
0.0069989657
-0.054168075
0.0085359683
-0.010276857
-0.043265842
-0.010944828
0.0088876339
0.0085153894
-0.011690604
-0.022173853
-0.039300139
0.024379275
-0.044665922
-0.0032797783
-0.025192176
-0.036813152
-0.027277727
-0.0057928103
-0.023608523
-0.028719418
-0.052949087
-0.050409596
0.0072744981
-0.012446022
-0.053156521
-0.049159794
-0.029399194
-0.059977521
-0.04280031
-0.055278585
-0.045114053
-0.037584045
-0.025803789
-0.02658902
-0.038283767
0.036047029
-0.051278794
-0.0028885742
-0.036249306
-0.046259043
-0.039674536
-0.00031289985
-0.01263025
0.04571049
-0.047512535
0.0014377241
-0.045884279
-0.042252075
-0.049930554
0.00054475916
-0.013464876
0.036670115
-0.039875194
0.001635808
-0.037439252
-0.032219928
-0.040171055
0.0026323709
-0.042004655
-0.013619881
-0.026574859
0.046212156
-0.035833116
0.00011278506
-0.0469037
-0.028323387
-0.049618335
0.00024873351
-0.013002017
-0.051526696
-0.025686236
-0.048434587
-0.039824489
-0.042761281
-0.038161717
-0.047772205
-0.052375853
-0.037158837
-0.0049178055
-0.04268456
0.011813526
-0.033316912
0.01079242
0.0020750331
-0.029102268
5.9521943e-05
-0.01390156
-0.022103404
-0.014572202
0.0099903294
-0.022585009
0.026520901
-0.027619886
-0.0065780661
-0.028448787
-0.017418935
-0.028735676
-0.0057559843
-0.019464699
0.00097835783
-0.014781727
0.016350108
-0.01040602
0.0071477432
-0.0035218302
-0.0019649308
-0.0063470271
-0.01891258
0.00068461883
-0.0165864
0.004017534
0.012356281
0.00048714149
-0.0090376211
3.0809238e-05
-0.01349021
0.018357438
-0.015401226
-0.025806036
0.031076866
-0.0067392737
-0.0041191261
-0.03451888
0.0035528204
-0.029482015
-0.0033170576
-0.012432068
-0.00081203999
-0.022816913
-0.020146276
-0.009997701
-0.010408547
0.0008384584
-0.010790113
-6.8257343e-05
-0.010066861
0.022606239
-0.0018259967
-0.010936996
-0.00025542781
-0.0067180805
0.025785322
-0.034686596
-0.041592535
-0.010259903
-0.00065909256
-0.015849835
-0.026604532
0.0012599664
-0.0097259699
-0.031991355
-0.030006874
-0.039040399
-0.019707583
-0.036113449
-0.032716689
-0.035463505
-0.045102855
-0.024108519
-0.022345441
-0.033545882
-0.043244962
0.038750967
-0.023422283
0.0025967588
-0.040875557
-0.013734119
-0.04083092
0.0018328476
-0.011764864
0.048270139
-0.019820683
0.00085755519
-0.050747601
-0.010570159
-0.050052453
0.0015318506
-0.010394186
0.044164302
-0.0036501263
0.0011920571
-0.049028802
0.0059029199
-0.042359173
0.0022099838
0.01198637
-0.0016961679
-0.033648955
0.021304583
-0.0097747126
-0.021242568
0.054910297
-0.0011340882
0.0014174173
-0.061435844
0.0073597812
-0.053369715
-0.00089294199
-0.011198805
-0.002467261
-0.04359689
-0.0219593
-0.0097663181
-0.001018974
-0.024629651
0.029786036
0.002607882
-0.01680615
0.037148263
-0.032154836
-0.041759719
-0.0089934664
-0.0010950192
-0.03380099
-0.032266912
0.0035473334
-0.025444175
-0.041412319
-0.06958596
-0.065968209
-0.063847317
-0.052441937
-0.070228192
-0.066360502
-0.067382327
-0.05085952
-0.059197264
-0.05842577
-0.049826195
-0.057414416
-0.055716174
-0.049569373
-0.055549818
-0.059320723
-0.041531549
-0.061813427
-0.049709186
-0.061291396
-0.048905535
-0.060213264
-0.066892877
-0.053728598
-0.051905923
-0.058911005
-0.059205255
-0.067588085
-0.058906647
-0.0577518
-0.076328773
-0.066799119
-0.073231642
-0.06514942
-0.063380368
-0.062262213
-0.063824964
-0.057819656
-0.055917308
-0.060849202
-0.062956084
-0.070096563
-0.068282005
-0.065911398
-0.067946738
-0.051027246
-0.042499761
-0.040201426
-0.048811866
-0.058601123
-0.062682704
-0.048809211
-0.062657409
-0.062200125
-0.04741582
-0.05475615
-0.038678415
-0.038365324
-0.047304828
-0.054788791
-0.066817593
-0.057647469
-0.06155295
-0.061007581
-0.060019167
-0.062501633
-0.060174172
-0.062790621
0.052985753
-0.043955786
-0.00060028774
-0.052945578
-0.038557049
-0.05708523
-0.00098950931
-0.01228334
0.057921823
-0.040713938
0.00011681569
-0.057551568
-0.035331684
-0.061446383
0.0014102994
-0.01105548
0.0530628
-0.032153887
-0.0016690107
-0.053616822
-0.02480842
-0.055849953
-0.0025966979
-0.05758881
-0.0096468692
-0.021266086
0.057368975
-0.029048816
0.0028378412
-0.057708967
-0.02192926
-0.059214819
0.0042630584
-0.0081969108
-0.060650436
-0.047009132
-0.058500355
-0.031966013
-0.046209871
-0.061594483
-0.057877885
-0.065929096
-0.052930046
-0.067621697
-0.032809064
-0.022399261
-0.020402362
-0.030623452
0.060632392
-0.03821554
0.00019670404
-0.059872695
-0.03308595
-0.063293437
-0.0016657811
-0.011558248
0.061258777
-0.037049294
-0.00044172139
-0.060094549
-0.032478555
-0.062861267
0.0017106977
-0.0096441322
0.059325782
-0.027078592
-0.0035295895
-0.059368627
-0.020250497
-0.060094847
-0.0052043789
-0.061200536
-0.007902495
-0.018785612
0.059141821
-0.026927275
0.0037549455
-0.058809494
-0.020423175
-0.058849097
0.0054740253
-0.0065461322
-0.059679077
-0.017829015
-0.045571332
-0.036244736
-0.062167771
-0.029049728
-0.045350257
-0.060680753
-0.028453493
0.055018631
-0.016623148
-0.0035730375
-0.057848207
-0.0078837499
-0.056148497
-0.0041503832
-0.0069573385
0.059063258
-0.014099922
0.0054350901
-0.062131938
-0.0059119281
-0.059237356
0.0059145307
-0.006339553
0.062878911
0.00073036934
-0.0035199595
-0.071032452
0.007833901
-0.061373808
-0.00042721085
0.010310062
-0.0030970607
-0.051157916
0.022318958
-0.0069530552
-0.019738477
0.067859395
0.0018191777
0.0049808541
-0.077382979
0.0074384531
-0.065855197
0.0015675764
-0.0095714748
-0.0036254775
-0.055633121
-0.022625211
-0.0079845447
-0.00079247666
-0.041609959
0.034217348
0.0038384175
-0.033793913
0.044929298
-0.032332963
-0.043792008
-0.0068202846
-5.4251707e-05
-0.047116309
-0.035828667
0.003355273
-0.04068927
-0.047821897
-0.025715529
-0.057225752
-0.015069205
-0.055725129
-0.054767275
-0.029060821
-0.039520893
-0.017737008
-0.018642618
-0.030959727
-0.042223211
0.060555553
-0.012756612
-0.0064257375
-0.063680744
-0.0050222766
-0.059650978
-0.0067991287
-0.0057829779
0.059698203
-0.013141713
0.0066155615
-0.06266747
-0.0055832245
-0.057813563
0.0068580192
-0.0058286273
0.069822585
0.0019992489
-0.0057314722
-0.080288957
0.0064055263
-0.066809649
-0.0023889552
0.0091939202
-0.004109802
-0.056994397
0.023087275
-0.0069188685
-0.020633216
0.068882221
0.0011670417
0.0057723333
-0.079755642
0.0050086001
-0.064606674
0.0028069045
-0.0093046068
-0.0045831154
-0.055682319
-0.023816677
-0.0056372608
0.001088698
-0.050087024
0.037256821
0.00215118
-0.045593386
0.050160099
-0.034140145
-0.046405621
-0.0046192127
0.0025032935
-0.050792044
-0.038559259
0.00045595384
-0.048447668
-0.051924216
-0.038207582
-0.038730897
-0.02663736
-0.038063203
-0.027001658
-0.045280787
-0.049161285
-0.038441372
-0.026640308
-0.05069759
-0.050577464
-0.015333424
-0.015784285
-0.0051243954
-0.019571633
-0.0060824059
-0.028446182
0.053685857
0.0060506781
-0.016687918
0.0075852664
-0.025883285
0.060009702
-0.053349196
-0.060442479
-0.015492861
-0.0060878102
-0.03658829
-0.057650052
0.0081119249
-0.034840703
-0.064734843
-0.019289935
-0.020970367
-0.0065176782
-0.016724177
-0.0084104243
-0.025982961
0.06368417
0.0066635203
-0.019099989
0.0086096444
-0.028234293
0.064707764
-0.064720043
-0.066032643
-0.021707527
-0.0093306803
-0.035251611
-0.068825387
0.0096831779
-0.037427086
-0.06993416
-0.046479221
-0.053969694
-0.034158238
-0.054224331
-0.055047399
-0.061629534
-0.06412455
-0.056325344
-0.059512083
-0.064587893
-0.066751976
-0.037461434
-0.025657673
-0.054181781
-0.048768342
-0.035916538
-0.024171486
-0.055751732
-0.051905835
-0.014542266
-0.0051740051
-0.043157239
0.060737183
0.0076256258
-0.042500099
0.068361709
-0.056652939
-0.064341846
-0.013086525
-0.0036087149
-0.047705305
-0.062838808
0.0063887246
-0.048051241
-0.070690519
-0.021507657
-0.0092372559
-0.043381951
0.072770339
0.0098251227
-0.045572185
0.073981733
-0.069131909
-0.070847206
-0.020439811
-0.0083618164
-0.049286124
-0.075233239
0.0092286138
-0.051408869
-0.076491544
-0.050675943
-0.044831084
-0.05761861
-0.055206027
-0.037957388
-0.0071478493
-0.050567036
-0.015978913
-0.048579338
-0.046172889
-0.063266577
-0.063004881
-0.059755925
-0.026706625
-0.044971405
-0.030707766
-0.044153068
-0.023587093
-0.0064821438
-0.036467752
-0.013153655
0.040186451
0.026475335
-0.0072130063
0.037210475
-0.012814519
0.028454752
-0.044554547
-0.034223577
-0.053827696
-0.045729213
-0.022148328
-0.044471378
0.045007501
-0.021205799
-0.035020975
-0.03770977
-0.046017272
-0.03119764
-0.0071766487
-0.038506397
-0.012588588
0.019101928
0.037357167
-0.0064529708
0.040221516
-0.012580332
0.013205247
-0.024798009
-0.017354411
-0.051981669
-0.043925249
-0.020947488
-0.026596776
0.042592797
-0.021431202
-0.020113365
-0.066296811
-0.065933366
-0.036235087
-0.062471654
-0.036136385
-0.03729585
-0.021631789
-0.032023282
-0.031477709
-0.021654115
-0.041969391
-0.041148532
-0.041494585
-0.032281103
-0.023037187
-0.067834696
-0.068778871
-0.066295239
-0.037544054
-0.050341551
-0.049532903
-0.071429862
-0.072922989
-0.070785436
-0.047136661
-0.049592023
-0.06060357
-0.05221457
-0.032202041
0.048204783
0.050611894
-0.031123368
0.040344948
-0.050327054
-0.042775203
-0.06519172
-0.056639581
-0.042071737
-0.051501528
0.054669999
-0.041220189
-0.044691458
-0.056310933
-0.048026932
-0.031004338
0.032339663
0.044721125
-0.03183028
0.025053461
-0.034155582
-0.025462514
-0.059583326
-0.051302697
-0.041368094
-0.036753079
0.04683638
-0.042427827
-0.028558512
-0.074076615
-0.075672848
-0.073621734
-0.054605124
-0.056948225
-0.056209922
-0.075754532
-0.077138312
-0.075007121
-0.059527696
-0.055943543
-0.068078623
-0.059503192
-0.050651318
0.054472373
0.05762094
-0.050222473
0.048364005
-0.056249326
-0.050234508
-0.069511312
-0.061046646
-0.05707983
-0.057206286
0.05963514
-0.057086516
-0.05165619
-0.062164675
-0.054066784
-0.050677091
0.040325491
0.049071061
-0.051871554
0.031245102
-0.04176259
-0.03179609
-0.064169359
-0.056392091
-0.057784185
-0.043542591
0.05140045
-0.059002059
-0.033732751
-0.072437765
-0.072708352
-0.060930777
-0.07036908
-0.060735704
-0.061328134
-0.041540866
-0.050487436
-0.04989514
-0.0403745
-0.057784238
-0.057422444
-0.05721463
-0.04958157
-0.039625118
-0.0764366
-0.07735404
-0.075000805
-0.061872405
-0.062709387
-0.062202121
-0.076121165
-0.076334364
-0.073591041
-0.061893174
-0.061780752
-0.069534952
-0.061277039
-0.060816591
0.059752483
0.060624511
-0.061121234
0.054795483
-0.06166546
-0.057308798
-0.068078078
-0.060057005
-0.06166506
-0.06210772
-0.062047457
-0.05789186
-0.065479081
-0.058109742
-0.061911303
0.046798878
0.053625265
-0.063023476
0.036538143
-0.049670378
-0.039439021
-0.065824476
-0.062735998
-0.050311396
-0.063607473
-0.039966072
0.01073888
0.059667354
-0.011494638
0.0062700508
0.044075612
-0.011852019
0.0040265036
0.0044864369
-0.053762077
-0.023241821
-0.053949514
-0.041188782
-0.021647974
-0.042716748
0.0053471957
-0.016007017
-0.014328863
0.0030110074
0.027849731
-0.011606247
-0.003501564
-0.0043336137
-0.027694501
-0.020187368
-0.029250925
-0.0051551445
-0.013426455
0.050933461
-0.029458954
0.040254692
-0.027485582
0.0060936913
-0.049905675
-0.033549809
-0.051895206
-0.040365566
-0.032296601
-0.041827255
0.0063453375
-0.053311988
-0.042944489
-0.012617181
-0.020788075
0.028443585
-0.026302341
-0.0056939851
-0.029514826
-0.032284
-0.030062892
-0.0056791776
-0.011592028
-0.030468535
-0.031179302
-0.031188737
-0.054181516
-0.043719775
-0.054483478
-0.044132981
-0.029630752
-0.038392427
-0.031819202
-0.030771035
-0.031005185
0.0054956851
-0.0090660392
-0.013261275
-0.021718782
-0.011872144
-0.010098548
-0.0058238843
-0.025522954
0.0099913606
-0.03092014
-0.064662508
-0.049974364
-0.041125268
-0.05393951
0.0078400687
-0.017460518
-0.0086731098
-0.031492349
-0.026807127
0.0070652979
-0.022544681
0.011964581
-0.022074411
-0.033266404
0.024285197
0.015589155
-0.044438203
0.0014608029
0.01258181
-0.011080278
0.0013358955
0.0033804399
-0.014329357
-0.019494713
-0.014155504
0.0045890413
-0.0069552791
-0.0081727199
0.008803846
-0.012351322
-0.012912843
0.0018540575
8.442392e-05
-0.010911581
0.0028546825
-0.0014372803
-0.0022019921
-0.020420344
0.0019070681
-0.0035729336
-0.011917373
0.021173754
0.01620404
-0.026574197
0.0050946296
-0.017826312
-0.034043681
-0.017152858
0.0048307141
-0.0164591
0.0018359834
0.031874745
-0.0012020276
-0.010041586
-0.01763267
0.004226761
-0.029101847
-0.0042722983
-0.00574199
-0.038185922
-0.0036284342
-0.0037869529
-0.0077814954
0.041758229
-0.0015103083
-0.013980705
-0.032980498
-0.043076343
-0.015911067
-0.015667445
-0.0041188742
0.036687003
-0.0062542815
-0.026794828
-0.036895505
-0.03445342
-0.044708801
0.00017869306
-0.022200207
0.046946602
0.0010862227
-0.031902896
0.049617969
-0.037448999
0.04073764
-0.037691791
0.0059076303
-0.049319537
-0.041863239
-0.04935905
-0.040798875
-0.044107148
-0.039337134
0.0047642193
-0.010282962
0.030387413
-0.039339096
-0.0049544111
-0.030672941
-0.0476104
-0.027896961
-0.0035185582
-0.0088109187
0.048568061
-0.046593439
0.04021214
-0.051074712
0.0030476124
-0.047185734
-0.050889627
-0.045843667
-0.038861924
-0.057557106
-0.035850071
0.0010047746
-0.044025391
-0.033110914
-0.0074198129
-0.015412259
0.030153312
-0.056388753
-0.0015254217
-0.028791268
-0.06441847
-0.024562564
0.00073978024
-0.0064035537
-0.021328509
-0.059772939
-0.061650124
-0.042447795
-0.031318281
-0.041727171
-0.030975358
-0.024684214
-0.034318123
-0.063696975
-0.01964399
-0.019829895
-0.051991111
-0.013383188
-0.059480777
-0.012457218
-0.012964569
0.0012940216
0.054913045
0.0013596126
-0.020013599
-0.029930228
0.0022036797
-0.05333231
-0.011694553
-0.0017349492
-0.060154918
-0.0013471097
-0.011249065
-0.020583138
0.060513949
-0.0021281968
-0.031158157
0.01887669
-0.042642219
0.0037356493
-0.019132014
-0.052181164
-0.01566653
0.0018628805
0.004000099
0.050975722
-0.0056361873
0.0064952918
-0.047870139
-0.0022233513
-0.0063715241
-0.057546337
-0.0034081839
0.00025527198
-0.0040570664
0.059181168
0.018498434
-0.061738105
-0.0005792627
-0.017030552
-0.069952021
-0.012591293
-0.0032386399
-0.0096709226
0.0022307701
0.065742959
0.00070439508
-0.0033833488
-0.012857686
0.0053884611
-0.066090909
0.003339376
-0.0036974377
-0.072202478
-0.00077027596
0.00657389
-0.0037897249
0.069948952
0.00050713815
-0.016380582
-0.065147423
-0.068526261
-0.0085761248
-0.0093771451
0.000679188
0.063737378
0.0019137096
-0.023904827
-0.035362835
-0.064912341
-0.067329283
0.00029616173
-0.02953545
0.064616861
-0.0011299219
-0.041873678
-0.040347546
0.059938428
-0.037794283
0.0028338035
0.00063719484
-0.058388102
-0.034122375
-0.060336972
-0.0015898723
-0.012027287
-0.010110081
-0.041899885
0.056781886
-0.040854835
-0.0029184561
-0.00072637825
-0.054889107
-0.038401989
-0.055867978
0.0014268078
-0.0083950706
0.057012625
-0.029199361
-0.0036148013
-0.056246179
-0.022992562
-0.055782025
-0.0052104907
-0.056434502
-0.0071583289
-0.017444257
0.053103005
-0.03423512
0.0032867311
-0.051878441
-0.028227888
-0.051129036
0.0046246307
-0.0065911043
-0.051706129
-0.045806142
-0.057489451
-0.027506078
-0.047147846
-0.052821428
-0.060649385
-0.060000638
-0.04909427
-0.056266916
-0.048610044
-0.027984663
-0.027151169
-0.018326858
-0.017291961
-0.016958755
-0.027071046
-0.045472392
0.051860505
-0.046307564
0.0027085144
0.00058968669
-0.049688125
-0.045303192
-0.049579855
-0.0014076133
-0.0094741803
-0.0080601403
0.045206386
-0.053766597
-0.0021110752
-6.2898196e-05
-0.042832214
-0.054255113
-0.041603029
0.0017604724
-0.0071679601
0.047538783
-0.041936759
-0.0030087535
-0.045883449
-0.035961991
-0.045054321
-0.0039863143
-0.045624115
-0.0070172534
-0.017512663
0.040408265
-0.051600708
0.003059896
-0.038415491
-0.045432692
-0.037658498
0.0036094279
-0.0076774089
-0.038224177
-0.018941209
-0.049470506
-0.040010011
-0.046775319
-0.027925584
-0.05267183
-0.03934008
-0.029687215
0.056720566
-0.015685416
-0.0061535649
-0.059328704
-0.0078539271
-0.05415436
-0.006218186
-0.0067772338
0.051862795
-0.020560053
0.0052576966
-0.053946964
-0.011889633
-0.049049101
0.005075124
-0.0076779645
0.065265119
-0.0007126888
-0.0051733077
-0.075965457
0.0034984463
-0.059840409
-0.002798501
0.0099187006
-0.0050257504
-0.052358628
0.02478171
-0.0091318286
-0.022959207
0.059291531
-0.0035699402
0.0040741928
-0.069261216
0.0020591267
-0.053188841
0.0024077432
-0.01092979
-0.005354288
-0.047658712
-0.025796048
-0.0039685708
0.0039748559
-0.049722979
0.039649246
-0.0013909303
-0.049430867
0.05297909
-0.036190918
-0.047958925
-0.0038662035
0.0052515721
-0.04729482
-0.040287876
-0.0030435578
-0.048682966
-0.053076387
-0.028642938
-0.043303788
-0.016397825
-0.045659849
-0.047961447
-0.032116471
-0.042017103
-0.021023949
-0.023360632
-0.034798495
-0.044752755
0.045367389
-0.02755019
-0.0042065761
-0.046840951
-0.01745617
-0.042783325
-0.0036902862
-0.0090319934
0.037476608
-0.035924005
0.0033311542
-0.038361536
-0.023948141
-0.035532248
0.0023896535
-0.010759904
0.051365043
-0.0071956811
-0.0026869858
-0.060139645
0.00078980628
-0.045298034
-0.0017512107
0.012119551
-0.0054319431
-0.041994156
0.026545887
-0.012344005
-0.025432795
0.041969572
-0.011210309
0.0012995976
-0.049253347
-0.00028303805
-0.036702456
0.0010244557
-0.013183478
-0.0051027537
-0.035445677
-0.026648701
-0.0044292796
0.0060974155
-0.043607554
0.04012093
-0.0042482436
-0.04607443
0.051891139
-0.037201216
-0.047298951
-0.0056779989
0.0063396053
-0.038334353
-0.038751796
-0.0049020737
-0.041095642
-0.049084977
-0.033966777
-0.022339652
-0.055463642
-0.049188049
-0.031823009
-0.020371824
-0.053324973
-0.052837016
-0.011341161
-0.0017939047
-0.050037309
0.063780589
0.004814736
-0.050926579
0.071513943
-0.057679577
-0.064974833
-0.0095559207
-0.00011630636
-0.05002509
-0.063341225
0.0032939257
-0.050754458
-0.070656518
-0.018647563
-0.0070924875
-0.052065334
0.075976729
0.0082343253
-0.053764898
0.077198891
-0.069606345
-0.07142374
-0.016340904
-0.0057974517
-0.051122622
-0.07487187
0.0071712214
-0.051823254
-0.076010295
-0.03300741
-0.049268122
-0.023255176
-0.048339841
-0.046997547
-0.063039409
-0.066542404
-0.057630354
-0.059668249
-0.064405761
-0.06711105
-0.029750297
-0.018526784
-0.049235778
-0.050565319
-0.028063106
-0.017098818
-0.042956775
-0.053076704
-0.0079786525
0.0011901901
-0.047433839
0.061282495
0.0020307802
-0.047285958
0.067998077
-0.055527002
-0.061755809
-0.0068203528
0.0021159746
-0.041819775
-0.057385771
0.00095795518
-0.040320254
-0.063478891
-0.013771711
-0.0046549872
-0.046222462
0.071919712
0.006196436
-0.045330445
0.073029658
-0.065872185
-0.067744884
-0.011201736
-0.0035544568
-0.037476266
-0.067232248
0.005189663
-0.034677606
-0.068529441
-0.066374019
-0.062624002
-0.056204102
-0.030590021
-0.04513223
-0.047536222
-0.065608714
-0.061689826
-0.055348977
-0.02030983
-0.050250884
-0.047699256
-0.03142185
-0.037773987
-0.032178179
-0.032595099
-0.052824238
-0.059438442
-0.047127924
-0.044064236
-0.020697306
-0.037596619
-0.021334784
-0.05472212
-0.021780954
-0.042152661
-0.032667895
-0.032441775
-0.063881569
-0.066190347
-0.03918596
-0.021996271
-0.021976325
-0.06020432
-0.054432723
-0.012688961
-0.047182913
-0.015889128
-0.018978415
0.05683269
0.007107913
0.053517551
0.0093126795
-0.067331629
-0.065290964
-0.068744485
-0.068645577
-0.058062737
0.0045865902
-0.054690682
-0.060273935
-0.065804657
-0.0022131811
-0.049795074
-0.0042940488
-0.070703346
-0.071524036
0.048698689
-0.0061666839
-0.069287847
-0.064388486
-0.060810705
-0.0079525103
-0.055084873
-0.0098889684
0.05982442
0.0020891592
0.056758959
-0.052349898
-0.059451064
-0.062052098
-1.9118206e-05
-0.05965464
-0.049599702
0.001476668
-0.055403687
-0.00019511214
-0.05711385
-0.066065503
0.052057865
-0.04763256
-0.0082976675
-0.038844466
-0.0087715738
-0.0092908718
-0.0022627407
0.045953129
-0.00092709539
-0.070680922
-0.073748711
-0.0032797281
-0.049467759
-0.062785235
0.0055092712
-0.041920536
0.005317063
-0.064952861
-0.071785524
0.03852811
0.0047960635
-0.073747399
-0.039153548
-0.030878186
-0.0097700757
-0.010140027
0.00053267338
0.04267678
0.0019221484
-0.072803051
-0.068871508
-0.043653111
-0.036362812
0.0040529955
-0.071812127
0.035562255
0.0032037799
-0.06710215
0.036825068
-0.062274219
-0.0010401135
-0.03433886
-0.063990822
-0.032108784
-0.0027304335
-0.0060297044
0.026720533
-0.070227649
0.002900951
-0.024222242
-0.072441823
-0.021355695
0.0045490049
-0.0064681214
0.031773732
-0.061760196
-0.0037361556
-0.029612584
-0.055128687
-0.028996515
-0.0038328466
-0.029478509
-0.0077338513
-0.020966792
0.021693187
-0.070057763
0.0053197681
-0.019609447
-0.06266187
-0.019108902
0.0049939035
-0.0096505023
-0.019348378
-0.056342907
-0.030434392
-0.033315585
-0.059639558
-0.0199716
-0.069177345
-0.007856316
-0.066771189
-0.0072242484
-0.0013826933
0.063218273
-0.03658872
-0.0016949361
-0.067186505
-0.021301294
0.002785083
-0.064366518
0.0025382019
-0.026765714
-0.043803455
0.059626768
0.014931238
-0.075355383
-0.0056674277
-0.012531375
-0.076693306
-0.0097461836
-0.0073979406
-0.00073899887
0.071186332
-0.0052505398
0.0015750711
-0.074742802
0.0094223649
0.00060110156
-0.073021391
0.0021197273
0.011366811
-0.0075300409
0.06907833
0.010252365
-0.07318839
-0.0080393562
-0.0085562687
-0.064715525
-0.0080701761
-0.0073901007
-0.0078673077
-0.0032345802
0.063563614
-0.0037862853
-0.010202891
-0.031676759
-0.0023934566
-0.066967091
0.012018686
0.0033574485
-0.057147055
0.0039612068
0.011224548
-0.012702689
0.054909144
0.0047355447
-0.034838033
-0.061158682
-0.05241934
-0.007965214
-0.0038161539
0.0539329
-0.049672577
-0.058876214
-0.05084663
0.0053077936
-0.052624514
0.046218232
0.028433824
-0.044307405
-0.0030034884
-0.028890088
-0.030310331
-0.027354813
-0.0015608711
-0.011836761
0.018486557
-0.050583137
0.0036183702
-0.018834497
-0.034975309
-0.018202192
0.0016448067
-0.013714901
0.031669027
-0.015030321
-0.00027934392
-0.037416654
-0.0011596231
-0.027785369
-0.00050856575
0.013766975
-0.0042506282
-0.027767349
0.025728726
-0.014543249
-0.026577144
0.0211027
-0.017831113
7.3131861e-05
-0.025607211
-0.0017850131
-0.018774832
0.00057531759
-0.013504962
-0.0028837336
-0.018503724
-0.023492488
-0.0075168981
0.0059041313
-0.030770331
0.035830901
-0.0050561006
-0.032906097
0.044379759
-0.03627418
-0.044098358
-0.0097282664
0.0048430531
-0.020042427
-0.031141523
-0.0048724175
-0.020546628
-0.037626723
-0.040885044
-0.00819112
-0.027139221
-0.0083759959
-0.0078980291
-0.007077043
0.036541078
-0.0082349196
-0.051254253
-0.062140671
-0.0056340431
-0.040509062
-0.035141964
0.0063717688
-0.028142714
0.0090796006
-0.031804127
-0.044612432
0.024922284
0.011442332
-0.053324419
0.007888541
-0.05186385
-0.0055622315
-0.0086168027
-0.035882181
-0.0079388965
-0.0031157282
-0.0041594232
0.043649807
-0.01439508
-0.0031020447
-0.044616323
0.0091627704
0.0013548967
-0.030601937
0.0036352543
0.0064427083
-0.01467083
0.030447418
0.010966409
-0.018528135
-0.0011997134
-0.014950775
-0.0019312622
-0.0097659974
-0.0016882235
0.012058614
-0.0012449983
-0.0072317196
0.019792251
-0.0021120795
0.015862593
-0.0066451414
-0.013046876
-0.024655814
0.0019661504
-0.016044092
0.0042277272
-0.0066714951
-0.001046799
-0.00077488744
0.0043955167
-0.0091446454
5.0468172e-05
0.0058831556
-0.01467379
-0.011992641
0.0033661013
-0.0055070196
0.024671302
-0.0045610877
-0.0033531839
0.028867433
-0.01106118
0.011330854
-0.014933326
-0.032576418
-0.038260701
-0.013985559
0.0018930545
0.012441741
-0.016672898
-0.0043257499
0.018199101
-0.018397623
-0.027117879
-0.016399803
-0.034104291
-0.055355593
-0.027306062
-0.016746811
-0.022173974
-0.05411613
-0.0062332453
0.0028572266
-0.032536923
0.051488105
-0.00024238417
-0.029655618
0.057090309
-0.050379112
-0.055280929
-0.0063144311
0.0037198045
-0.01886828
-0.043514749
-0.0020201542
-0.015095301
-0.048861422
-0.0088760422
-0.002103341
-0.025258863
0.060983867
0.0037369385
-0.020828223
0.062879497
-0.058811341
-0.060846085
-0.0070120184
0.00026349363
-0.010091917
-0.053354468
0.0012081465
-0.0051233604
-0.056459055
-0.022642438
-0.0044564982
-0.014412389
-0.0018819755
0.00076240107
-0.0093144938
0.027227125
-0.0089354844
-0.067888737
-0.063766542
-0.0093502983
-0.02780405
-0.069643223
0.01449286
-0.017631499
0.015045285
-0.060642329
-0.060520433
0.017297069
0.014926938
-0.058690886
-0.029041203
-0.01844179
-0.0065588499
-0.0089991601
0.029689808
-0.068035306
-0.032722908
-0.021719857
0.013278078
-0.058457319
0.019165011
-0.0071301962
0.0049801012
-0.0003300022
0.033514162
-0.0047775622
0.0034333317
0.038858143
-0.01797477
0.0065356672
-0.020008724
-0.042682097
-0.0463403
-0.0086611805
0.006737007
0.02265203
-0.021712255
-0.0086612697
0.025489538
-0.027215413
-0.0057942898
0.0041018512
0.0074343703
0.044489555
-0.003090369
0.010952418
0.049582217
-0.02094244
0.0052001553
-0.02075331
-0.049371768
-0.051665918
-0.0053171571
0.0097318853
0.026572601
-0.034501486
-0.0097085096
0.02591491
-0.042464423
-0.074854313
-0.074125199
-0.070781088
-0.060004419
-0.064889244
-0.065233198
-0.07274251
-0.070849445
-0.066676769
-0.056648592
-0.06543908
-0.065071445
-0.05724498
-0.059738873
-0.059978359
-0.065627243
-0.06333914
-0.060578492
-0.052854968
-0.055376848
-0.065955804
-0.055324784
-0.064918194
-0.060385863
-0.060900547
-0.057549801
-0.048442924
-0.062609372
-0.055340116
-0.055429907
-0.068019278
-0.066598107
-0.051969185
-0.063557553
-0.050895604
-0.049047515
-0.050462092
-0.05717155
-0.059488289
-0.052616988
-0.061693933
-0.06374132
-0.065395912
-0.061364058
-0.054330702
-0.06995717
-0.066744712
-0.061564447
-0.052170467
-0.063734764
-0.065239214
-0.066733975
-0.062193467
-0.055969955
-0.046710724
-0.066460379
-0.0549117
-0.047196797
-0.049026036
-0.048649477
-0.067320997
-0.066479292
-0.048711762
-0.040961712
-0.041119201
-0.067768453
0.044433054
-0.040508038
-0.066844721
-0.059016957
-0.052950037
-0.048264572
-0.047934319
-0.062546449
-0.05532953
-0.054601053
-0.048632488
-0.039825664
-0.062809157
0.052887787
-0.039168079
-0.055356908
-0.049825394
-0.047515145
-0.037685647
-0.059249318
-0.036031522
-0.058441249
-0.066638725
-0.04370564
-0.03317645
-0.053886711
-0.067968797
-0.023926348
-0.022865274
-0.0088233666
-0.054500972
-0.0080278674
-0.056463619
0.075353786
0.0071123966
-0.05861182
0.0064363881
-0.060527509
0.070684428
-0.070332299
-0.066283173
-0.021116086
-0.0071802842
-0.053673411
-0.07419035
0.0057972568
-0.057342528
-0.069570824
-0.022247759
-0.022422244
-0.0041933419
-0.06364498
-0.0035980647
-0.066059743
0.063440086
0.00029408458
-0.06924551
-0.00017143339
-0.072709191
0.053818267
-0.059286148
-0.04944374
-0.022110289
-0.003196907
-0.063107156
-0.062312067
-0.00024147073
-0.070609399
-0.052547535
-0.045100436
-0.045551877
-0.034876995
-0.046458996
-0.048749105
0.036119647
0.045673367
0.03650237
-0.062034348
-0.0542607
0.036688798
-0.041358214
-0.066438097
-0.03352561
-0.032183641
-0.033470955
-0.06538534
-0.060335768
0.035373897
-0.035344606
-0.052124817
-0.038671919
-0.029335442
-0.045873464
0.037950067
0.036933799
-0.06780638
-0.033054628
-0.024977106
-0.035110045
-0.067537968
0.028535997
-0.018833413
-0.0064171092
-0.045792632
0.071357414
0.0053038232
-0.048563857
0.066950285
0.033293931
0.018360697
0.032325137
-0.067212632
-0.064092243
-0.016211184
-0.0056309584
-0.033387859
-0.06725916
0.0048680631
-0.034797924
-0.063321092
-0.021287384
-0.0030552345
-0.054091422
0.059863228
8.0086714e-05
-0.062047012
0.050162969
0.033767189
0.020800836
0.037945432
-0.058206058
-0.049432199
-0.019974045
-0.0030940174
-0.039532188
-0.056647498
0.00069808891
-0.047370002
-0.047239606
-0.063369572
-0.057745893
-0.050692321
-0.040129454
-0.06237866
-0.064322943
-0.06021609
-0.054134086
-0.046809393
-0.031968544
-0.065723432
-0.042975616
-0.035233496
-0.031973472
0.067527497
0.039021626
-0.03131684
0.06651265
-0.066423273
-0.06463563
-0.039030916
-0.03142553
-0.021730992
-0.066340707
0.035196887
-0.021278968
-0.064393352
-0.050151372
-0.044228011
-0.030534493
0.062883627
0.05020301
-0.029732482
0.056348614
-0.060852657
-0.055027137
-0.046699552
-0.040785948
-0.020662001
-0.060548811
0.04760303
-0.019980184
-0.054700443
-0.057074821
-0.054424625
-0.022914826
-0.05043218
-0.023040798
-0.021722321
0.056545323
0.011551653
0.05665822
0.010450484
-0.050202949
-0.057651007
-0.055674924
-0.048821479
-0.056111436
0.011700005
-0.054952787
-0.063203064
-0.061545699
-0.0084126318
-0.051942852
-0.0085122434
-0.059144546
-0.052861659
0.054722686
-0.007888857
-0.04652754
-0.0576695
-0.052272281
-0.04565391
-0.021461424
0.055931022
0.010913827
0.053751147
-0.066541925
-0.066048683
-0.056138946
-0.053229449
-0.048757781
-0.007597828
-0.064870891
0.049887715
-0.038464528
-0.031161972
-0.010350983
0.064108869
0.03439961
-0.010378681
0.060232164
0.003071581
0.044599108
0.0038555312
-0.063051864
-0.056404239
-0.043020921
-0.036134114
0.0023510985
-0.060768896
0.037992464
0.0015678173
-0.053905554
-0.045378927
-0.039394753
-0.010238502
0.055441594
0.04567691
-0.010011628
0.049959836
0.0042103815
0.050779985
0.0041512743
-0.04983941
-0.043965854
-0.04725755
-0.040976767
0.00088230349
-0.047445237
0.044856079
0.00026274288
-0.042000956
