FiniteElementSpace
FiniteElementCollection: ND_3D_P1
VDim: 1
Ordering: 0

-0.0080409766
0.0010777258
0.0066377004
0.010124084
-0.0079933414
0.016149255
0.0077139136
0.0223939
0.0018777579
0.012618696
0.010166162
-0.0042332992
-0.019442183
0.072712263
0.0080538149
0.065761777
-0.018884893
0.073647258
0.010622236
0.065916239
-0.0017812272
0.014846011
0.017945558
0.0025391049
-0.0087307124
0.060648342
0.012610313
0.052961649
-0.0082230511
0.058500934
0.011556212
0.052820189
-0.059169425
-0.057902324
-0.060907021
-0.060975148
0.045073678
0.0033672461
0.056291058
0.0027959596
0.04625398
0.018007016
0.05508442
0.01758506
-0.027432558
-0.010942977
-0.014317242
-0.027545666
-0.011631986
0.044233301
0.0032172306
0.046947817
-0.014150616
0.052770768
0.0028327432
0.053308218
-0.0038098124
0.011363699
0.0082732212
-0.0074781111
0.012212657
-0.041896846
0.027289523
-0.045725218
0.010214227
-0.037549506
0.023701436
-0.038062125
0.0049360944
0.020399714
0.015759528
0.0056919764
0.051358628
-0.036168913
0.057328116
-0.036739385
0.048901669
-0.028224144
0.054779967
-0.02872305
-0.052586082
-0.04574886
-0.046607967
-0.053305942
-0.041305626
0.002116042
-0.049537598
0.0023812034
-0.041321089
0.018336752
-0.048768019
0.017936098
-0.0796414
-0.065757561
-0.068734618
-0.082918705
-0.061950096
-0.0042246187
-0.061414675
-0.0052417848
-0.058800991
0.014724681
-0.057750356
0.014418055
-0.074617556
-0.061662971
-0.055066549
-0.067087959
-0.046373209
0.00066427211
-0.037550006
-0.00038540691
-0.042422636
0.013600234
-0.034142615
0.01394661
-0.041079098
-0.031978996
-0.025924265
-0.034244934
-0.055556102
0.052447703
-0.053955975
0.053197264
-0.055666759
0.059283224
-0.053919721
0.059899656
-0.034299094
-0.025869965
-0.026318435
-0.034749843
-0.037462941
0.043268847
-0.029616613
0.044961764
-0.036991695
0.049983712
-0.029138529
0.051584677
-0.035475047
-0.027046812
-0.027254808
-0.035634447
-0.057578578
0.064114841
-0.055224498
0.063570495
-0.058484595
0.060793532
-0.055960563
0.059874233
-0.028277086
-0.020312705
-0.022235866
-0.030634202
-0.036910035
0.058254286
-0.028928248
0.059312896
-0.037235202
0.056506184
-0.029157899
0.057485879
-0.036566116
-0.027177644
-0.027947568
-0.037445244
-0.042690601
0.064250595
-0.034442918
0.065764398
-0.043157323
0.063157203
-0.034904212
0.065158893
-0.056288665
-0.054773157
-0.055782179
-0.057195079
-0.060937757
0.03768956
-0.058380316
0.036492904
-0.061254914
0.026209657
-0.05880984
0.025202937
-0.04442503
-0.033901603
-0.03277049
-0.043156622
-0.038777106
0.038334052
-0.030107953
0.039489902
-0.038936447
0.029156754
-0.029993616
0.030418843
-0.039271496
-0.029463661
-0.028419673
-0.038123067
-0.047057541
0.047638891
-0.038304991
0.050933027
-0.048743881
0.039064768
-0.039570366
0.042547436
-0.058701204
-0.057904235
-0.057120603
-0.058047155
-0.082232844
0.034096128
-0.080576166
0.039314139
-0.084767507
0.042876744
-0.082150769
0.04675228
0.0035471205
0.016633199
0.017728309
0.0036795494
-0.047968863
0.056093784
-0.040513914
0.05652199
-0.04292719
0.053606614
-0.036463468
0.05497194
0.0041942378
0.023862499
0.021600263
0.0025011315
-0.035111302
0.033641751
-0.029590786
0.037451422
-0.034962607
0.025099732
-0.029084794
0.029071797
-0.0015470334
0.0085937182
0.0083847268
-0.0017122515
-0.0056542231
0.071959016
0.0097526576
0.075075118
-0.0089917148
0.068701859
0.008840842
0.071970962
0.053572863
0.058716059
0.056196329
0.050834434
-0.0092909391
0.050962437
0.014117755
0.048607553
-0.0050464459
0.037490457
0.013185921
0.037533692
0.00337812
0.01742211
0.01742012
0.0076312701
-0.0031993327
0.016495504
0.0063682272
0.01928538
-0.0062411983
0.024890191
0.00601174
0.025930161
-0.027321397
-0.021615359
-0.023581203
-0.029652227
0.039450169
-0.0065227682
0.048454309
-0.0073326735
0.040206235
0.0071199634
0.048506554
0.0058442354
-0.033197955
-0.027862322
-0.024812725
-0.030114232
-0.0091829003
0.0815734
0.0074191375
0.079946738
-0.0083016885
0.074958449
0.0080529556
0.073609847
-0.039019336
-0.029178513
-0.033743471
-0.04401994
0.043463963
0.062407315
0.051576908
0.060992156
0.044598637
0.060973379
0.053065985
0.0594849
-0.048874327
-0.037407652
-0.037957095
-0.049718071
-0.0053613236
0.042191319
0.010840625
0.041033093
-0.0041342272
0.035369458
0.012243627
0.033861754
-0.064442971
-0.063102631
-0.060390852
-0.062096955
-0.010344429
-0.010479811
0.0046293362
-0.0055677671
-0.0098261971
0.015043287
0.0049622227
0.014647489
0.023125792
0.033103704
0.043035653
0.026738616
0.018740326
-0.0011279668
0.031453484
0.00086267518
0.019331298
0.01778529
0.032533037
0.016981083
0.023787825
0.044387296
0.040168283
0.017567759
0.020137571
0.0039024689
0.032908477
0.0087310561
0.022250956
0.016884814
0.035235107
0.018872805
-0.013928049
0.0031578359
-0.0046515407
-0.0225426
-0.0083757174
0.026895083
0.0065240172
0.031881746
-0.0095951115
0.035772456
0.0046499981
0.03988486
-0.002027223
0.011775055
0.0058073671
-0.0087205186
-0.0091230758
0.031312181
0.0049807387
0.028079762
-0.0086552444
0.042729063
0.0051116095
0.038304624
0.026105547
0.039420948
0.037133204
0.021782531
0.018832495
0.031388241
0.031763591
0.029213074
0.018529877
0.04115746
0.031045471
0.038667523
0.016038728
0.032411578
0.026456959
0.010052052
0.020394349
0.027677883
0.032651546
0.028469421
0.017696437
0.036837754
0.029130086
0.037397519
-0.014834464
-0.00038755365
-0.0058017465
-0.019108378
-0.012157879
0.076726515
0.0094336829
0.076196657
-0.012592965
0.074765032
0.010310958
0.075903849
0.030916149
0.0442066
0.042542895
0.031458262
0.026344169
0.060154184
0.038695845
0.061384408
0.027642937
0.059150692
0.039813521
0.060897513
0.032730211
0.042073512
0.0418735
0.033692512
0.0263656
0.062893369
0.037203101
0.064416798
0.029323859
0.062723571
0.039741069
0.063925074
0.0075911522
0.021301872
0.023892789
0.012062887
-0.016819839
0.070203831
0.012731463
0.06318236
-0.013455166
0.062374461
0.013969998
0.057353758
0.00092260827
0.017135074
0.019363746
0.0065105694
-0.012257191
0.067571023
0.010881854
0.070535466
-0.011051307
0.055628472
0.011093003
0.060383077
0.031662306
0.043441661
0.039886306
0.03054448
0.028036173
0.056204148
0.039811217
0.058162024
0.027402252
0.051103855
0.038563163
0.052968293
0.031043293
0.038711855
0.038696099
0.031959707
0.030588581
0.060010845
0.040108487
0.060765449
0.02969888
0.054575633
0.037839461
0.054870213
0.012143264
0.022228829
0.024619443
0.016586779
-0.010502498
0.075323467
0.01060653
0.06852146
-0.0096661412
0.069958114
0.0099587472
0.064600631
-0.053969666
-0.047526252
-0.052256843
-0.057978365
0.02814519
0.067676732
0.042331905
0.064625903
0.026465525
0.065264106
0.040103471
0.062632027
-0.059834124
-0.054673706
-0.055965264
-0.060743998
0.030803305
0.061185436
0.045690745
0.057904333
0.028527749
0.059729631
0.042574279
0.057062
-0.061156498
-0.061979865
-0.062332246
-0.060887102
-0.0074324707
0.054339028
0.010700184
0.050752039
-0.006456493
0.048703486
0.010374296
0.0467719
-0.061317809
-0.060426664
-0.061141396
-0.061488619
-0.0084927109
0.062250764
0.0094199439
0.058516801
-0.0070534531
0.053540036
0.0092374551
0.051268766
-0.056446168
-0.049584532
-0.051801797
-0.057876308
0.024774355
0.060019928
0.037798197
0.057908958
0.023503235
0.052699944
0.035928471
0.051099342
-0.058748304
-0.053375198
-0.054721761
-0.059564744
0.026403073
0.055657796
0.039561479
0.05371085
0.02503539
0.049446361
0.037408277
0.048127706
-0.061040153
-0.061292876
-0.06150164
-0.060699276
0.042485713
0.0056450415
0.051634052
0.0045815159
0.04395756
0.019803954
0.053110134
0.018957212
0.010472749
0.032843919
0.024533881
0.0042858514
0.058731389
0.0093968471
0.063623592
0.0062028116
0.05964025
0.020269281
0.063363508
0.019648325
0.000101355
0.016853757
0.010861273
-0.0016429663
0.065948305
0.002102709
0.073341281
-0.0018292393
0.061560807
0.018622111
0.06554808
0.017300354
-0.023128416
-0.01429037
-0.011151314
-0.015323522
0.042765143
0.031158232
0.050357298
0.030792394
0.038393313
0.04213063
0.045047139
0.042208313
-0.020850062
-0.0095527736
-0.011125044
-0.01981108
0.043061158
0.032398715
0.05205522
0.031834513
0.041952285
0.042297015
0.050546008
0.042238748
0.0047898475
0.020328274
0.014931866
0.00099036124
0.058249784
0.032427994
0.061404462
0.03335841
0.056313639
0.043235072
0.059036974
0.04515753
-0.00093151766
0.010942489
0.0087421249
-0.00090024081
0.055243054
0.033991095
0.057434677
0.034062311
0.048880792
0.046868434
0.049969835
0.047908172
-0.016211008
-0.010416618
-0.0077079752
-0.010679317
-0.0086291628
0.05198409
0.0055348807
0.047437661
-0.0091314279
0.060434501
0.0062718433
0.056410722
0.027446996
0.041929026
0.03851441
0.024147715
0.019004466
0.048280556
0.031253431
0.046154358
0.020326594
0.05350989
0.032517407
0.052136126
0.020988426
0.034901924
0.03101929
0.017861248
0.016179583
0.044717506
0.027079768
0.045523169
0.016637602
0.051438383
0.027364868
0.052627605
-0.0093536019
0.0058666975
0.0040014287
-0.0096836441
-0.016653142
0.061053682
0.0036726377
0.058860082
-0.018584303
0.068122041
0.0055560315
0.063204771
-0.0036165302
0.012460643
0.013523724
-0.0028971133
-0.01007535
0.068128425
0.0072567591
0.065004612
-0.011202659
0.074063518
0.0083639795
0.072108599
0.028948106
0.043179456
0.041628885
0.028720719
0.022264477
0.057201904
0.034531491
0.056749572
0.024419077
0.059443736
0.036776792
0.05990656
0.028619644
0.04021955
0.038618779
0.028131482
0.018993062
0.056896045
0.029786889
0.05840134
0.022570177
0.060829813
0.033471187
0.062462999
-0.00066175236
0.014901173
0.015967844
0.0020993538
0.010082632
-0.043374623
0.018133779
-0.041818683
0.0081463219
-0.042448639
0.01680419
-0.03965467
0.032287951
0.041688888
0.032706596
0.024565169
0.025340342
-0.047035012
0.031822123
-0.046119612
0.02451589
-0.041344283
0.031471602
-0.039947776
0.019863748
0.027359247
0.025133074
0.017662297
0.033310812
-0.044154493
0.034969569
-0.040233482
0.029216036
-0.037105676
0.031413395
-0.031986912
0.0056545676
0.012722298
0.010936689
0.0048179138
0.0055619718
-0.030079048
0.018415508
-0.027195791
-0.0011143217
-0.017780053
0.012298613
-0.011650194
0.0091801576
0.025753043
0.021753944
0.0095581243
0.0036391857
-0.03771874
0.013802218
-0.034008637
-0.002942452
-0.027518879
0.0094877819
-0.023146219
0.037175351
0.045448127
0.039549283
0.031489137
0.022800201
-0.032696763
0.030891379
-0.030906963
0.020599539
-0.019818197
0.030586809
-0.017795024
0.029411195
0.03784993
0.03922498
0.029905578
0.024769464
-0.027418516
0.028830128
-0.021519028
0.021251364
-0.014106292
0.028765058
-0.0081528138
0.0086704055
0.019871909
0.019346189
0.0070524216
0.081263891
-0.039682206
0.087008187
-0.037257692
0.077698585
-0.031306391
0.083838947
-0.029184475
-0.034805579
-0.018517923
-0.019927973
-0.035851375
0.086378812
-0.034552573
0.080660195
-0.026537449
0.08391763
-0.026467991
0.07910037
-0.01940726
-0.03652858
-0.021189722
-0.02215839
-0.036707685
0.060555869
-0.022594815
0.061566762
-0.022412938
0.057980233
-0.015938593
0.058999041
-0.015788641
-0.053758125
-0.047088699
-0.047024823
-0.053738182
0.046053482
-0.020672487
0.052297992
-0.02118359
0.042918869
-0.013558639
0.050159228
-0.01419218
-0.030456773
-0.023462221
-0.026052277
-0.03293012
0.071216322
-0.022127683
0.078584117
-0.021051679
0.062341472
-0.012167892
0.071650683
-0.012898844
-0.016139866
-0.0071352038
-0.0092073143
-0.018541515
0.08049475
-0.018614164
0.07776551
-0.013694856
0.076389351
-0.010958196
0.076779596
-0.009242135
-0.023120563
-0.012353585
-0.016077696
-0.028953097
0.055884316
-0.01140996
0.0571789
-0.0114689
0.054717276
-0.0088032843
0.056654
-0.0092404951
-0.038584155
-0.031550768
-0.038739452
-0.046106569
-0.046376746
0.0017342013
-0.056527865
0.0019055931
-0.039704136
0.017853974
-0.048153185
0.018323937
-0.046304448
-0.021941439
-0.023459303
-0.048757226
-0.06340328
0.001271366
-0.066609864
-0.00090727407
-0.054298396
0.016516447
-0.057847673
0.016738966
-0.049373891
-0.024776286
-0.025777193
-0.048197106
-0.055896507
-0.0023772952
-0.060091729
-0.0027718446
-0.054253637
0.016402958
-0.057628824
0.015947662
-0.083050976
-0.068933085
-0.066464401
-0.080151308
-0.040742436
0.032305747
-0.04787557
0.031560899
-0.040100464
0.04383067
-0.04718883
0.042925428
-0.050654362
-0.039552311
-0.040724944
-0.051790157
-0.03477888
0.031894841
-0.042197538
0.032424988
-0.031315636
0.043648004
-0.038201708
0.044067646
-0.026539497
-0.012056084
-0.012725076
-0.027595461
-0.047984766
0.02987137
-0.051890164
0.031519352
-0.043871834
0.041155982
-0.048086766
0.04351666
-0.028126822
-0.013387834
-0.013998034
-0.028083921
-0.053002645
0.03196969
-0.05603366
0.031628536
-0.052234762
0.044409737
-0.055164383
0.044186409
-0.051930431
-0.041053341
-0.040484492
-0.051020857
-0.066149856
0.0011005148
-0.062389432
-0.0019205537
-0.058648756
0.01435873
-0.056723642
0.014904785
-0.045350572
-0.026174984
-0.02563852
-0.041070064
-0.055977084
0.00091884854
-0.047727166
-0.0011962001
-0.052286481
0.012377269
-0.045741177
0.013392742
-0.035723103
-0.023933028
-0.021042147
-0.029813036
-0.058535265
-0.0032000584
-0.053451966
-0.0045037718
-0.054543945
0.013636095
-0.049345881
0.013587244
-0.05837781
-0.047376024
-0.039398567
-0.049400839
-0.056896925
0.030329623
-0.055575839
0.03061472
-0.055902647
0.042841552
-0.05442771
0.043488476
-0.049139056
-0.039059749
-0.036921146
-0.046485992
-0.053630166
0.026358988
-0.052974611
0.029098733
-0.050467709
0.036970363
-0.050621296
0.040838575
-0.027437582
-0.014412087
-0.014456137
-0.026209236
-0.049838434
0.023220714
-0.044359477
0.026117935
-0.048280138
0.03329694
-0.043428668
0.037084731
-0.024495571
-0.0140022
-0.013035971
-0.022483422
-0.052145474
0.027762928
-0.046803146
0.028557251
-0.050824563
0.039425659
-0.045328011
0.04066837
-0.043362438
-0.034304723
-0.031522693
-0.040134702
-0.038487513
0.0014086056
-0.029010208
0.0013570209
-0.037658573
0.011404759
-0.028737319
0.012769815
-0.023964857
-0.017244879
-0.013130657
-0.018891819
-0.019841158
0.0035893856
-0.011238184
0.0056512926
-0.019756864
0.011827527
-0.011551029
0.013376867
-0.015342064
-0.0095469073
-0.0074976391
-0.014018881
-0.027248646
0.0067912442
-0.015724451
0.0066023966
-0.024970086
0.014997099
-0.015451088
0.01603938
-0.029536834
-0.02192261
-0.020457508
-0.027293233
-0.039888036
0.024990249
-0.031886659
0.02617332
-0.038347064
0.034894509
-0.030466077
0.036485649
-0.037194628
-0.028937688
-0.026932964
-0.034919265
-0.036947102
0.021287936
-0.028294655
0.02332835
-0.036390435
0.03076929
-0.027864859
0.032929437
-0.020452829
-0.011703884
-0.010333855
-0.018768327
-0.01936132
0.020168551
-0.01135348
0.021110272
-0.018917316
0.028227056
-0.01093804
0.028522767
-0.017859699
-0.0094296042
-0.0096496331
-0.018204814
-0.023422429
0.022868668
-0.015231527
0.024625617
-0.022421699
0.030187436
-0.015056345
0.032309687
-0.033635239
-0.025882264
-0.026138757
-0.033606555
-0.048724763
0.045983461
-0.049300443
0.050199289
-0.04811052
0.05316659
-0.048773526
0.057191525
-0.016770506
-0.0070025435
-0.0071965021
-0.017144786
-0.047374975
0.042291834
-0.042863271
0.046241115
-0.046974364
0.049800377
-0.042621496
0.053433996
-0.017428511
-0.0073388557
-0.007450025
-0.017615644
-0.05019228
0.048730824
-0.044539044
0.050082853
-0.049982494
0.055687432
-0.044169845
0.056889264
-0.035107012
-0.026666397
-0.026891559
-0.035335628
-0.056100554
0.063449468
-0.054168401
0.063753949
-0.056762176
0.06503185
-0.054617792
0.064921686
-0.027914856
-0.020117947
-0.021858657
-0.030011192
-0.048440392
0.058302145
-0.0488991
0.06179355
-0.049591767
0.061217573
-0.049594482
0.063977475
-0.012045136
-0.0037213582
-0.0039391655
-0.013158179
-0.046996128
0.055408215
-0.042681855
0.058465216
-0.047393195
0.058763092
-0.043017927
0.061144738
-0.014362954
-0.0043512643
-0.0049819684
-0.015528305
-0.050035775
0.060250452
-0.04405998
0.061134825
-0.050275403
0.062362012
-0.04413591
0.062856691
-0.032149047
-0.023647656
-0.025248785
-0.034032889
-0.036047437
0.039449248
-0.027620105
0.041366178
-0.035977
0.046858402
-0.027697146
0.048355988
-0.017773496
-0.0076204218
-0.0080093088
-0.018039064
-0.018670766
0.03565707
-0.010624491
0.035351085
-0.018815117
0.04208271
-0.010675294
0.041298642
-0.018602176
-0.0088259308
-0.010285434
-0.019672891
-0.02180309
0.03680155
-0.014913527
0.039082766
-0.021438117
0.04251527
-0.014788271
0.044861383
-0.035979224
-0.027692283
-0.028570875
-0.036712305
-0.036781358
0.05485274
-0.028901844
0.056267118
-0.036759805
0.057669455
-0.028839596
0.05888364
-0.035495926
-0.026535066
-0.027497491
-0.036517979
-0.036207372
0.052522278
-0.028158263
0.053580045
-0.036713989
0.056027099
-0.028967179
0.056730733
-0.016589721
-0.0058574359
-0.0069900046
-0.017547672
-0.019439514
0.047116295
-0.011221663
0.046033991
-0.020496619
0.050400178
-0.012224788
0.049215689
-0.018450979
-0.0083573228
-0.009876844
-0.019367496
-0.021239351
0.047070889
-0.014664785
0.049463586
-0.021155732
0.050161865
-0.014523776
0.052617749
-0.037216019
-0.028230898
-0.028907022
-0.037813555
-0.051462897
0.061807616
-0.05079725
0.0637309
-0.053935908
0.060047926
-0.052428555
0.061074213
-0.01216066
-0.0040310418
-0.0042246766
-0.01334939
-0.048122101
0.059632049
-0.043576611
0.061337108
-0.049113691
0.057939044
-0.044262505
0.058998871
-0.014659848
-0.0046795522
-0.0053889082
-0.015893079
-0.050678019
0.06198829
-0.044382433
0.062109126
-0.051240821
0.05915071
-0.044806683
0.058985412
-0.033039141
-0.024217753
-0.025927303
-0.035091702
-0.059410116
0.055182295
-0.056788655
0.054010485
-0.060267491
0.047422167
-0.05763786
0.046157321
-0.034134127
-0.025282938
-0.026251313
-0.035341114
-0.056844445
0.056000758
-0.054360751
0.056074221
-0.059946429
0.049813667
-0.056392025
0.048854993
-0.016028379
-0.0069292875
-0.0069482557
-0.016589449
-0.050249215
0.053779708
-0.044930936
0.054204556
-0.051345198
0.047412707
-0.045391162
0.047159415
-0.01724823
-0.0071717348
-0.0075609757
-0.017810242
-0.05194735
0.053950402
-0.045398477
0.053634306
-0.052734263
0.046585045
-0.046092153
0.04627138
-0.036580447
-0.027264594
-0.028026007
-0.037512568
-0.03740763
0.057084633
-0.029984545
0.057566226
-0.038136242
0.055584196
-0.030987758
0.055964064
-0.016923448
-0.0063115141
-0.0073573769
-0.017704346
-0.021802588
0.051655763
-0.013482151
0.050537884
-0.023073398
0.050729162
-0.014680609
0.049787695
-0.018257438
-0.0083785248
-0.0091652603
-0.018648681
-0.021158841
0.051475009
-0.014337744
0.054005768
-0.021223065
0.050756706
-0.014067926
0.053337629
-0.037911119
-0.028368361
-0.028682265
-0.03829799
-0.037718576
0.05245033
-0.029497978
0.053433381
-0.038285772
0.046272775
-0.02986611
0.047324722
-0.037991716
-0.028399478
-0.028444411
-0.038113407
-0.038700978
0.051620494
-0.0317122
0.051963544
-0.03888339
0.045491014
-0.031903982
0.045787823
-0.018162047
-0.0080396648
-0.0084869043
-0.018287508
-0.023989549
0.047626793
-0.015480188
0.046901488
-0.024271411
0.042531931
-0.015605121
0.042005118
-0.018264919
-0.0087354783
-0.0085838448
-0.018253259
-0.021304305
0.047888085
-0.013664617
0.050441997
-0.021322436
0.042948893
-0.013070519
0.045350055
-0.038206209
-0.028407211
-0.028668311
-0.03877033
-0.039037744
0.060763306
-0.030985985
0.062486373
-0.039344523
0.059007467
-0.031179597
0.060983958
-0.050780159
-0.044585637
-0.045581277
-0.051826938
-0.023122724
0.057564961
-0.016095926
0.061535412
-0.023055003
0.057065832
-0.015664493
0.061356805
-0.052464285
-0.046145019
-0.046636717
-0.053023988
-0.025738798
0.065316026
-0.017026918
0.06839419
-0.025946273
0.065575846
-0.016850045
0.069126258
-0.057854406
-0.0564437
-0.057018677
-0.058423881
-0.044084049
0.059938761
-0.035758239
0.062424473
-0.045427023
0.054699337
-0.036944002
0.057634198
-0.056693819
-0.055903534
-0.056347681
-0.057110468
-0.040060726
0.055084373
-0.031729552
0.057346073
-0.041157548
0.049149857
-0.032598252
0.051707197
-0.052311822
-0.046181261
-0.046443977
-0.052699557
-0.02320465
0.054206462
-0.015221648
0.058650756
-0.023547718
0.048955755
-0.014781502
0.053307778
-0.053166156
-0.046725883
-0.047560517
-0.054208015
-0.026393621
0.063135668
-0.016683001
0.067010701
-0.027039822
0.057800398
-0.01654245
0.061777273
-0.05781728
-0.056958057
-0.058141187
-0.059095845
-0.062902769
0.041712525
-0.058230668
0.039606994
-0.065263926
0.031990784
-0.059491763
0.028596004
-0.022408196
-0.011002882
-0.010572506
-0.021562198
-0.052149811
0.039230762
-0.04541986
0.038198146
-0.052352744
0.029717757
-0.044784096
0.027770214
-0.020825865
-0.010248759
-0.0099889763
-0.020087144
-0.053462024
0.03735733
-0.046735778
0.037185717
-0.053893
0.026674416
-0.047073192
0.026741951
-0.041935366
-0.031725563
-0.030625419
-0.040628737
-0.060987501
0.013277474
-0.058623722
0.012501851
-0.059821673
-0.00071089387
-0.057413744
-0.0013270303
-0.057994589
-0.044822976
-0.040651899
-0.053267045
-0.066466963
0.020998042
-0.059708404
0.01617371
-0.065868168
0.0091379508
-0.058378569
0.0027836358
-0.029779062
-0.014605013
-0.013499873
-0.026842926
-0.051609432
0.01940006
-0.043272562
0.016413616
-0.049596263
0.0088066944
-0.040751003
0.0047054716
-0.02410005
-0.012439753
-0.011390705
-0.02158104
-0.053679271
0.015036276
-0.046741343
0.015376983
-0.052365663
0.0030113388
-0.045286339
0.0035899863
-0.048571112
-0.036653196
-0.032937448
-0.044096023
-0.03847825
0.037662945
-0.031371013
0.037839903
-0.037326439
0.028717106
-0.030020857
0.028671703
-0.019303199
-0.0097286209
-0.0093851726
-0.018533059
-0.023744822
0.035794622
-0.01491813
0.035424917
-0.022379616
0.027895352
-0.013457791
0.027663715
-0.017953269
-0.0088645913
-0.0080914634
-0.017865908
-0.021152347
0.036250807
-0.012226064
0.038349414
-0.020626717
0.02832852
-0.011075973
0.029992051
-0.03766807
-0.027866894
-0.028327739
-0.038555755
-0.038418406
0.019384294
-0.029231995
0.020733667
-0.036814925
0.0097165658
-0.027501551
0.011135511
-0.040121808
-0.029673626
-0.02715164
-0.037067063
-0.035344185
0.019283261
-0.027878826
0.01893075
-0.032563799
0.0099854843
-0.025090929
0.0092800514
-0.019340417
-0.010309746
-0.009185392
-0.017522039
-0.020291543
0.019391819
-0.011427176
0.019345136
-0.017693602
0.010854196
-0.0091284741
0.01113741
-0.016411597
-0.008099962
-0.0072640761
-0.016443237
-0.01955223
0.019888119
-0.0095778397
0.021052172
-0.017734571
0.011734838
-0.0077127168
0.012458242
-0.035491763
-0.025808798
-0.026211662
-0.036060895
-0.042497558
0.041501736
-0.033633727
0.044321789
-0.043808956
0.032585944
-0.034548229
0.035574227
-0.054179637
-0.047780887
-0.046677396
-0.053221351
-0.023957728
0.041553359
-0.014288759
0.045490774
-0.024186841
0.032535633
-0.013598244
0.035679368
-0.053172974
-0.046394797
-0.047628462
-0.054703087
-0.027753252
0.049635275
-0.016376727
0.053391815
-0.02828905
0.039026148
-0.016033567
0.042125754
-0.058478776
-0.057329406
-0.059113537
-0.060455269
-0.050147367
0.029390372
-0.040356182
0.032787768
-0.050835174
0.019116354
-0.040190664
0.022039474
-0.064161319
-0.062025528
-0.059107635
-0.061646727
-0.044681759
0.022979165
-0.034924767
0.025970151
-0.044588715
0.013345942
-0.034252625
0.016105247
-0.057071732
-0.049563175
-0.046265546
-0.053844299
-0.023875327
0.022708288
-0.012475424
0.024662796
-0.022592968
0.013092474
-0.010620432
0.013505975
-0.052377085
-0.044624632
-0.045362923
-0.053396427
-0.028287585
0.0266951
-0.015244141
0.028590796
-0.027302009
0.013689924
-0.013625593
0.013750303
-0.060988621
-0.058013748
-0.05941594
-0.062763475
-0.069017275
0.029373545
-0.067422761
0.030702623
-0.070017196
0.040516424
-0.067618623
0.040838525
0.028251237
0.038519539
0.041451641
0.030386137
-0.063440569
0.029159707
-0.057499064
0.029755744
-0.062939514
0.040835114
-0.056480772
0.040539997
0.032556992
0.044413459
0.04702054
0.034440049
-0.076212939
0.032255763
-0.069541421
0.036519681
-0.076908083
0.041659553
-0.069578689
0.044420103
0.0037816338
0.018831473
0.019727345
0.0037850349
-0.084924969
0.050690384
-0.081011691
0.052489479
-0.083107247
0.056788989
-0.077749647
0.056187764
0.004937748
0.021683714
0.024059028
0.0058643253
-0.070312323
0.051530925
-0.066932666
0.050541304
-0.069906876
0.061230397
-0.065464576
0.058771846
0.035878272
0.047388182
0.05237375
0.03974065
-0.061438352
0.05134627
-0.054418835
0.050059588
-0.059119211
0.059443098
-0.051556623
0.057166198
0.04294592
0.056667662
0.059503119
0.044841361
-0.074716377
0.049633267
-0.066776481
0.050658121
-0.070389147
0.055281634
-0.061974865
0.054705526
0.0064092101
0.02587896
0.026672503
0.0063401125
-0.040127171
0.057977516
-0.03209358
0.056828629
-0.037307327
0.054881103
-0.029612603
0.053863923
0.042316749
0.057837841
0.055725135
0.04000381
-0.024612372
0.051537596
-0.017905427
0.052782068
-0.022758556
0.04447015
-0.016994102
0.046969831
0.036844832
0.052364021
0.0483363
0.033556359
-0.033798221
0.054100384
-0.027184834
0.055178069
-0.031027961
0.050165701
-0.025704032
0.05372994
0.00050418125
0.018811328
0.016236707
-0.0011960517
-0.038910521
0.048582938
-0.033152251
0.050975919
-0.036311889
0.041689363
-0.030866442
0.044952405
0.0013060461
0.016613036
0.015212241
0.00025160333
-0.035461779
0.049172582
-0.028021485
0.048295143
-0.034917655
0.041700615
-0.027572627
0.040929856
0.031766737
0.045405805
0.043942373
0.030262847
-0.021491795
0.03621466
-0.01612121
0.039644296
-0.020964329
0.027695598
-0.015320002
0.031596698
0.0293013
0.042801853
0.042523122
0.029571797
-0.02845389
0.044353466
-0.023645725
0.050021487
-0.026276696
0.037249295
-0.02117799
0.044317515
-0.00064155627
0.014314081
0.014669304
-0.00070903189
-0.035701972
0.03323473
-0.028258084
0.032548568
-0.037574689
0.024354826
-0.029855219
0.023794247
0.019435053
0.030031098
0.029500789
0.019064697
-0.021162788
0.019516736
-0.01460538
0.023437754
-0.021947235
0.012012297
-0.013986859
0.0156147
0.020168578
0.030451661
0.033291935
0.023261046
-0.02455978
0.029415254
-0.018538022
0.037019133
-0.023256877
0.021368826
-0.015991523
0.028619047
-0.0013640359
0.009374092
0.012135365
7.2867922e-05
-0.03539129
0.016617486
-0.029047783
0.020394323
-0.036070072
0.0086441382
-0.029354739
0.011947911
-0.0035676653
0.0021319828
0.0027024537
-0.0029735247
-0.040152725
0.015438786
-0.032052127
0.015144524
-0.04307483
0.0066835972
-0.03462126
0.006915388
0.0086692608
0.015716324
0.015177326
0.0087198333
-0.023133664
0.0053907196
-0.013483735
0.0085054394
-0.024600268
5.4681631e-05
-0.013099972
0.0026536485
0.010859945
0.016979985
0.02091498
0.014915186
-0.022286835
0.013607353
-0.013791463
0.019655171
-0.021673625
0.0067048776
-0.012149807
0.010681723
-0.0016470049
0.0048994123
0.0086856717
0.00067851951
-0.00039544866
0.063799935
0.010165017
0.068017472
-0.0059023841
0.063165052
0.0079007807
0.065658445
0.059926945
0.05785799
0.058575882
0.058698235
0.022701168
0.058883608
0.035607537
0.058744539
0.022840601
0.058795042
0.037125338
0.057811485
0.058299994
0.059716451
0.061011976
0.058431341
0.024582638
0.058859201
0.037687257
0.059310576
0.025148966
0.057478928
0.038846543
0.057934706
0.049439725
0.054857268
0.054247044
0.048696748
-0.011734602
0.06065931
0.0080458801
0.063785726
-0.013357949
0.048154672
0.0075563692
0.051012551
0.051986729
0.057235866
0.052596931
0.047267422
-0.010868357
0.058429677
0.006088303
0.058855659
-0.014573919
0.049256557
0.005064786
0.047633471
0.059413215
0.058910535
0.056950177
0.055824499
0.023215532
0.056859713
0.038642118
0.055184188
0.023911028
0.052689721
0.0401131
0.050563399
0.054524193
0.056795547
0.057673523
0.054666911
0.025453843
0.054455051
0.039515472
0.054832552
0.025509951
0.049547258
0.039646984
0.049789943
0.04525889
0.05059386
0.050254436
0.044837306
-0.0090424272
0.040578638
0.010954522
0.046789003
-0.0064368206
0.025016496
0.010529621
0.031962559
0.028871642
0.038340935
0.034538143
0.026388224
0.025791794
0.043752195
0.036146634
0.045272519
0.023419182
0.034306081
0.032839559
0.035311862
0.024936581
0.03206407
0.031264238
0.024636044
0.026714707
0.046448159
0.033149902
0.046354745
0.022264788
0.035942133
0.027014408
0.035534535
0.011382082
0.017980082
0.018760455
0.013989285
-0.0015440627
0.023950787
0.011427867
0.025076844
0.00040922192
0.012486222
0.009333167
0.012412311
0.0044925256
0.014279192
0.013131698
0.0057030851
-0.0035128258
0.01207808
0.0099155515
0.018604532
-0.00052949519
0.00496453
0.0092234166
0.0094618832
0.021175672
0.027378355
0.028425494
0.020654148
0.020631042
0.023372714
0.029111363
0.02373708
0.017845488
0.012242092
0.025595903
0.01173729
0.019241175
0.027606074
0.027298616
0.018547315
0.017512403
0.023711108
0.02112805
0.022927879
0.014012937
0.010761423
0.017734838
0.0092083401
0.0058688962
0.011911584
0.011110083
0.0052730773
-0.0031198765
0.010338897
0.0094078254
0.013029441
-0.0050380477
0.021924922
0.0071811894
0.023222359
-0.015409042
-0.0078816647
-0.011379387
-0.017578704
0.023712678
0.0038788746
0.038479508
0.0021394032
0.01998876
0.014976202
0.032597002
0.012874201
-0.021220422
-0.01695298
-0.021772288
-0.023998361
0.017339198
0.0019127374
0.028715238
0.0021927459
0.018289288
0.011807636
0.029936608
0.011258082
-0.032410041
-0.026505387
-0.028349428
-0.033939406
-0.0081308216
0.037176622
0.0057063758
0.037024493
-0.0092527494
0.051054439
0.0055963754
0.050093269
-0.035042347
-0.028033728
-0.028864532
-0.035970838
-0.005692883
0.034279845
0.004636146
0.036135241
-0.005577297
0.046325313
0.0023102855
0.049866724
-0.020302199
-0.011665336
-0.015027175
-0.021801335
0.015365333
0.026308998
0.025931342
0.024703768
0.010825346
0.037335313
0.019627487
0.036775216
-0.023303388
-0.018200204
-0.0201755
-0.023905744
0.018759256
0.02349088
0.030455463
0.022478347
0.01903359
0.03587938
0.030679127
0.034682136
-0.036523248
-0.02958387
-0.029516076
-0.036294659
0.052223216
-0.0014300532
0.063654619
-0.0045396676
0.044101947
0.013057302
0.053770789
0.0095173947
-0.024429603
-0.023927372
-0.022667607
-0.022042372
0.071791947
-0.0033264739
0.076058315
-0.005642185
0.061051426
0.014030337
0.065604513
0.010738187
-0.017289584
-0.018266555
-0.011780832
-0.011349406
0.054809242
-0.0076183811
0.057960231
-0.0085719976
0.05442876
0.0081972507
0.057781189
0.0067531908
-0.025395448
-0.019834477
-0.014230565
-0.020330176
0.040379528
0.01990248
0.048269497
0.018371246
0.040356115
0.031551532
0.048018842
0.029931941
-0.035298202
-0.028514486
-0.026785922
-0.033804305
0.035810231
0.026096387
0.044569628
0.022462278
0.028384446
0.037655989
0.036791156
0.034108067
-0.023282578
-0.020427589
-0.018913642
-0.021537888
0.051851976
0.028563286
0.057367932
0.024157481
0.044526667
0.040549529
0.051243499
0.035104563
-0.019049892
-0.015952105
-0.012104356
-0.016335647
0.054004266
0.021019477
0.057571223
0.019251038
0.05369973
0.031440182
0.057465723
0.029476083
-0.032201087
-0.024729697
-0.022817415
-0.030903236
-0.0057504822
0.074406654
0.0030087662
0.079752502
-0.0061457033
0.070607922
0.0053113001
0.073857633
-0.018957755
-0.00944477
-0.0097228708
-0.022064577
0.011645235
0.068112927
0.020298433
0.07023641
0.016045433
0.06639824
0.026139093
0.067831421
-0.022948082
-0.0082550692
-0.0063997959
-0.022876773
0.021537036
0.070783659
0.033481253
0.069852838
0.022157334
0.068096302
0.034293347
0.067189161
-0.046608816
-0.035901279
-0.03685783
-0.047967753
-0.0070598966
0.065658152
0.0087231027
0.064749205
-0.0054531707
0.055141971
0.0094176663
0.054875562
-0.040376723
-0.029648677
-0.032492954
-0.043197359
-0.0061148857
0.063924946
0.0077079278
0.065152886
-0.0054354941
0.054981065
0.0098776248
0.054817839
-0.018433412
-0.0078650578
-0.0070328071
-0.020234019
0.02044833
0.061821422
0.032023589
0.062482675
0.02413234
0.054714185
0.036973112
0.054790522
-0.021068619
-0.005473826
-0.0040550931
-0.021536937
0.022649551
0.062457062
0.034919297
0.061615813
0.022962252
0.05461693
0.035251872
0.053930301
-0.045218106
-0.034390827
-0.035793189
-0.046833395
0.028951425
0.065111065
0.037400219
0.063823826
0.035560352
0.063076188
0.044108893
0.062236618
-0.022685412
-0.0050329655
-0.0046185948
-0.022806864
0.045267822
0.063385767
0.05206354
0.059576627
0.051440027
0.060483836
0.057129343
0.057939014
-0.023348424
-0.0052681198
-0.0068133797
-0.024181082
0.057805856
0.056597599
0.062065153
0.054603388
0.0595735
0.055467671
0.063936685
0.053413274
-0.050571512
-0.038599654
-0.039211533
-0.051288116
0.045555343
0.056757439
0.054421212
0.055163637
0.046167336
0.050089447
0.055426688
0.048394854
-0.048324593
-0.037044516
-0.03832875
-0.049819603
0.042314558
0.058449252
0.051082666
0.057947136
0.048112212
0.05150472
0.057222112
0.051253925
-0.02208795
-0.0033595642
-0.003669241
-0.022963633
0.057994038
0.055274248
0.062683321
0.053828863
0.06394641
0.048053994
0.067955188
0.047386242
-0.024195908
-0.0049945569
-0.0071215286
-0.025638953
0.061265366
0.05172959
0.065789123
0.049546798
0.062640361
0.045458047
0.067391241
0.043091149
-0.051285932
-0.039656308
-0.040889039
-0.052557527
-0.00540847
0.045050709
0.0096148199
0.043822678
-0.0035801337
0.037641035
0.010678467
0.036925835
-0.058544944
-0.051138828
-0.049420667
-0.056064155
0.022995781
0.044167439
0.034896839
0.042961754
0.023452449
0.035255731
0.034935984
0.034251883
-0.055292965
-0.049322517
-0.050189264
-0.055641437
0.024879392
0.041696145
0.036679712
0.040717755
0.026151968
0.033042408
0.03765361
0.031961677
-0.060876165
-0.059208048
-0.059111208
-0.060521515
-0.0026414147
0.028710558
0.014586677
0.025785644
-0.00060356445
0.022567603
0.01773868
0.017557452
-0.067344445
-0.063886198
-0.057474561
-0.061133592
-0.00153074
0.031657773
0.012465122
0.030984421
0.00084723704
0.026925514
0.014929386
0.026031048
-0.057627854
-0.049279749
-0.044769007
-0.051810674
0.024913086
0.026662427
0.036093513
0.025624964
0.027276331
0.018896893
0.038257446
0.017581593
-0.04980695
-0.043500741
-0.043835564
-0.049737479
0.028796983
0.024073709
0.040287824
0.022361696
0.032502887
0.015281224
0.044249677
0.012405077
-0.058967383
-0.055158624
-0.054894262
-0.058762531
0.010972959
-0.0042278009
0.010983637
-0.0050849396
0.0019330294
-0.018324106
-0.0031925768
-0.015739247
-0.020142623
-0.016342692
-0.010547029
-0.020279228
0.00029569918
-0.012292678
-0.0068850632
0.0073891033
0.010966398
-0.0046577867
-0.024991374
-0.022963568
-0.028282055
-0.019227569
-0.026763084
-0.017585509
0.00024386104
-0.029189612
0.015396649
0.015804978
-0.0089672795
0.015271568
-0.010722007
-0.067118559
-0.026678417
-0.066575689
-0.067064853
-0.028646646
-0.067216674
-0.064575376
-0.064714896
0.00047271179
-0.016121717
-0.019093504
-0.0048242574
0.013689226
-0.01203678
-0.031594696
-0.031474905
-0.063662711
-0.029341436
-0.064559577
-0.032609299
-0.022507493
-0.062104347
-0.010482079
0.010006419
-0.011764024
0.0093497946
-0.010784075
-0.067061089
-0.029994985
-0.061644834
-0.064470044
-0.027798517
-0.060178681
-0.056331208
-0.056136524
0.060084185
0.0590615
0.061095375
0.061152544
0.0083746141
-0.009963515
0.055137008
0.058106168
-0.059321674
-0.025677155
-0.056289062
0.059599435
0.061783154
-0.05362195
0.061029405
-0.04302178
-0.05329406
-0.045174777
-0.05437418
-0.0056127054
-0.061792589
-0.0027056254
-0.019504992
-0.060983288
-0.018427463
-9.3008366e-05
-0.017377279
0.025117103
0.012235733
0.014528121
0.024627816
-0.043356732
-0.051825905
-0.0045341968
0.00023399061
-0.032876113
-0.057410392
-0.032850895
0.0027773856
0.013824406
-0.032579478
0.020530568
0.011979108
-0.0038358949
0.013096421
-0.0042830308
-0.045890925
-0.017808963
-0.043527723
-0.05310468
-0.018894643
-0.051001938
-0.044981228
-0.051812376
0.0039471538
-0.011708266
-0.010799297
0.0054529574
0.01436406
-0.0054226032
-0.028108472
-0.026451214
-0.059422551
-0.021121697
-0.057738204
-0.024951999
-0.010425467
-0.057640709
0.0051851766
-0.011434676
-0.021786054
-0.0091038515
-0.019243656
0.044617988
-0.028707078
0.043415854
0.040452931
-0.026231762
0.037648465
0.04154738
0.033505311
-0.0086452599
-0.024455531
-0.019567043
-0.008858458
-0.0039962262
-0.015004411
-0.035866848
-0.028503696
0.033117874
-0.023057283
0.028935063
-0.024440279
-0.016578371
0.02280989
-0.0081084227
-0.065969744
-0.071607174
-0.062765498
-0.068590598
0.031266961
-0.072821603
0.028616436
0.023843637
-0.070173627
0.021523295
0.028806894
0.02169159
0.041546894
0.034869055
0.036811342
0.043361808
-0.057811659
-0.064507198
0.025821211
0.027737088
0.017253399
-0.067262853
0.015885623
0.030472913
0.039913064
0.016174224
0.046534008
0.043631178
0.052745154
0.040394311
0.048312282
-0.00025822136
0.059271711
0.00044457143
-0.017592652
0.05404399
-0.017348917
0.00049194733
-0.016885602
0.063382589
0.050840127
0.052911786
0.065540097
0.037736395
0.045022319
0.034955674
0.036733627
-0.032222579
0.050414608
-0.032307287
0.037398371
0.053266543
-0.031703356
0.065715905
0.063545165
0.06136689
0.058267001
0.056678385
0.0017810024
0.056699365
0.0040786053
-0.014070218
0.052784636
-0.014078246
0.0052963225
-0.013888245
0.06040951
0.049045409
0.044963757
0.055565997
0.054923209
0.053792966
0.035393143
0.032874216
-0.027624009
0.050399416
-0.029122763
0.029596473
0.040122775
-0.029685342
0.049943759
0.041829898
0.03267351
0.039399122
0.030882777
-0.0033099103
0.02297209
-0.003510677
-0.012910329
0.021968115
-0.014102479
-0.0028191324
-0.014744734
0.038856263
0.030347457
0.02656206
0.034597267
0.037805398
0.029608609
0.022168659
0.018970517
-0.022137413
0.021146731
-0.023790926
0.016869026
0.024216916
-0.02520947
0.031845264
0.052130974
0.051442019
0.052053285
0.051325102
-0.048345056
0.048439398
-0.050848494
-0.055459154
0.048278499
-0.057764805
-0.051949487
-0.058717491
0.030170093
0.022167915
0.023405138
0.031616447
0.052597271
0.05166301
0.013736258
0.014567665
-0.060273128
0.048442348
-0.062107464
0.015423946
0.024640457
-0.062728685
0.033060252
0.036306691
0.028288432
0.036110398
0.028120623
-0.038539481
0.020160604
-0.040113834
-0.045135912
0.020044526
-0.046445762
-0.042028648
-0.048335118
0.035307967
0.026622745
0.027358837
0.036057936
0.03615899
0.028215161
0.016977416
0.017724875
-0.050220831
0.020184943
-0.051265072
0.01857647
0.028058672
-0.053075873
0.036694425
0.055090779
0.053353645
0.056838866
0.054585726
-0.062597793
0.049480843
-0.063158279
-0.060027233
0.050282559
-0.05996398
-0.062924607
-0.059376061
0.030586144
0.02226909
0.023860575
0.032544024
0.058758033
0.055969588
0.013697706
0.014667115
-0.055040472
0.051197658
-0.054427684
0.01574667
0.025500463
-0.053619919
0.034539473
0.036779198
0.028972284
0.037248697
0.029477573
-0.054572779
0.021034729
-0.055320145
-0.05339578
0.021534593
-0.054131511
-0.057029777
-0.055849903
0.037271558
0.027761016
0.028218184
0.037835351
0.037718427
0.029915635
0.017487702
0.017981326
-0.049926857
0.021889154
-0.05070294
0.018252673
0.028412868
-0.052447618
0.038122668
0.040752848
0.032646826
0.041129687
0.032963834
-0.062232975
0.024457693
-0.064964371
-0.061463522
0.024516417
-0.064604795
-0.067242464
-0.067340211
0.056394744
0.055292672
0.056095185
0.057123585
0.041973678
0.033686093
0.051531802
0.052328298
-0.05839164
0.024827346
-0.061869163
0.05290009
0.056751192
-0.064989489
0.057824544
0.062349856
0.058556628
0.063470363
0.05923852
-0.038596252
0.052807258
-0.037106299
-0.02777027
0.053016896
-0.025889445
-0.03634789
-0.025353812
0.050883448
0.039172906
0.036615204
0.047975596
0.063631707
0.059011087
0.026080203
0.024258212
-0.015779625
0.052366537
-0.013477789
0.022579981
0.034186451
-0.013208606
0.045120197
0.038081935
0.029970587
0.037572312
0.029243014
-0.037077025
0.021539398
-0.03791834
-0.028633113
0.020584907
-0.029458102
-0.039632497
-0.031068078
0.039762326
0.029712991
0.027981752
0.037750644
0.036283723
0.027791938
0.019516764
0.018236364
-0.019681351
0.019014926
-0.020486226
0.017387764
0.027083893
-0.02194354
0.036834343
0.04483904
0.036056642
0.046469275
0.037258982
-0.045636124
0.025988004
-0.049323815
-0.036596976
0.026446123
-0.039995668
-0.052771732
-0.04321465
0.060902326
0.059629099
0.057912494
0.059435935
0.04775505
0.037955937
0.055454391
0.053496162
-0.02656111
0.026354647
-0.029292336
0.052889899
0.057620702
-0.031877591
0.059457547
0.075910872
0.074528317
0.077804728
0.075410709
-0.029380425
0.070578163
-0.032406135
-0.039984283
0.070546719
-0.041589003
-0.037335635
-0.04503007
-0.0045556214
-0.019651119
-0.021647818
-0.0051924991
0.07815178
0.074460486
-0.032646654
-0.036014024
-0.049850218
0.068516239
-0.049653897
-0.039040152
-0.023338255
-0.051080546
-0.005595846
0.043545889
0.035652366
0.039263729
0.031970256
-0.054699145
0.028491989
-0.055141099
-0.050105949
0.025684252
-0.051705709
-0.05633456
-0.054656011
-0.0028339556
-0.020586882
-0.018656046
-0.0013987614
0.036090763
0.029233072
-0.037640959
-0.035616065
-0.043409248
0.023411609
-0.046026685
-0.033453099
-0.016726509
-0.050583446
0.00010279538
0.034161681
0.027413243
0.035079114
0.028057524
-0.026931323
0.021112888
-0.030590035
-0.018436978
0.021016659
-0.02211848
-0.036880597
-0.028338225
0.0026678556
-0.0051689163
-0.0054288791
0.0024242488
0.036715786
0.029346723
-0.013880749
-0.013859915
-0.010433945
0.021453462
-0.013915493
-0.015574402
-0.0070862194
-0.019452774
0.0015514363
0.0028489138
-0.0098965524
0.0074649315
-0.0082228076
-0.062336027
-0.023565712
-0.063976645
-0.060850508
-0.023910893
-0.061893658
-0.065481912
-0.063557937
-0.05313746
-0.058197913
-0.054586287
-0.049380972
0.011507156
-0.0068600525
-0.059679178
-0.057286616
-0.056661871
-0.024267062
-0.057028699
-0.056556043
-0.05302238
-0.058687089
-0.047810047
0.0080536109
-0.012614161
0.0048092556
-0.011839103
-0.046735478
-0.026204477
-0.049005727
-0.034510879
-0.022822465
-0.037110227
-0.0481787
-0.037319862
-0.0041574201
-0.016336888
-0.015476816
-0.0070265252
0.0019804457
-0.010543358
-0.025672338
-0.023596653
-0.021662711
-0.019056759
-0.023968876
-0.021616315
-0.014867284
-0.024647864
-0.0091130474
0.0028593262
-0.007384893
0.0057974989
-0.0061373272
-0.0071244655
-0.019340211
-0.0085197578
-0.017081065
-0.018469353
-0.017238995
-0.0098637406
-0.017391086
0.031908691
0.025455085
0.02638158
0.032946035
0.0073781858
-0.0048340084
0.018375979
0.019924143
-0.02890141
-0.016825573
-0.028696426
0.022388665
0.028022276
-0.028077046
0.034387051
-0.044118016
-0.054501481
-0.04130795
-0.050310585
0.0058640038
-0.06206287
0.0080285137
-0.009716597
-0.056976764
-0.0071270122
0.0089740949
-0.0057242607
0.033846165
0.027864361
0.025538581
0.03164683
-0.037882335
-0.046148006
0.023745867
0.021695206
-0.023093733
-0.05258285
-0.020156462
0.018233755
0.022273532
-0.018479021
0.028768689
0.007623676
-0.0053791296
0.0071476429
-0.006835685
-0.074542005
-0.016953337
-0.075888048
-0.070864589
-0.019297546
-0.071698768
-0.074838706
-0.070770546
0.03960164
0.029285003
0.033232587
0.04381048
0.0062870976
-0.0083361521
0.018558823
0.021130479
-0.064213311
-0.021534524
-0.064583355
0.022028137
0.035388718
-0.063874975
0.04628171
-0.036679889
-0.044918921
-0.040311922
-0.048827515
-0.061473164
-0.051895456
-0.059174728
-0.059886127
-0.055760019
-0.057930315
-0.057434405
-0.056108001
0.049107275
0.037571409
0.038526125
0.050316251
-0.043861504
-0.052741205
0.022420107
0.02295152
-0.055719416
-0.0597297
-0.053996268
0.02389825
0.039553616
-0.052038151
0.051510752
0.0057823886
-0.010003624
0.0042166929
-0.011275748
-0.04459451
-0.023776165
-0.043317662
-0.036618408
-0.024662374
-0.035428361
-0.042336661
-0.034250902
0.066034938
0.063892353
0.059292642
0.061943344
0.0023635958
-0.013467471
0.058654401
0.054295477
-0.02902871
-0.026855027
-0.027326424
0.05277738
0.057465281
-0.025164091
0.060260693
0.0074220572
-0.013989373
-0.0070605008
0.0058676362
0.01549136
-0.0068477798
0.042460681
0.057405857
0.0079810768
-0.020824835
0.0054759919
-0.016908614
-0.019785319
-0.016404251
0.062355245
-0.036972287
-0.038726959
0.0044008455
0.033801951
-0.0070247671
-0.047562957
-0.052583046
-0.033190509
-0.019127139
-0.031108422
-0.051808281
-0.035670185
-0.0026406494
-0.033034245
0.018261598
-0.032083168
0.060053013
-0.0020385982
-0.043204556
-0.0026188562
-0.019346594
-0.042967621
-0.018947858
0.052981627
-0.0030234537
-0.018083993
-0.029750804
-0.010871295
0.032891437
-0.031134049
-0.047026754
-0.032735222
-0.042165513
-0.031905548
-0.040038202
-0.02277498
-0.030509248
-0.031290893
-0.033644516
-0.0038581824
-0.017456875
-0.0058777576
-0.018035356
0.0071737142
0.021821187
-0.03232204
-0.02929037
-0.029220344
0.011254186
-0.0040538169
-0.037832819
-0.018053392
-0.035535563
-0.037407382
0.0031787139
-0.011411764
-0.0064388734
0.0086649996
-0.026846097
-0.022383489
-0.017631742
-0.0019771019
0.012708392
0.0033827308
0.045914082
-0.0075051747
0.050662292
0.050401495
-0.044023694
-0.019168936
-0.041420449
0.047003539
-0.040974335
-0.037292946
0.0030511414
0.054916061
-0.0081242001
-0.052429797
-0.049829413
-0.051762309
-0.019907187
-0.049357191
-0.045867808
-0.032705099
0.042930054
-0.030899921
0.041609894
-0.042379936
-0.041802948
-0.041572075
0.03529697
-0.040294429
-0.027613594
-0.012982695
0.049823271
-0.031569891
-0.040939327
-0.048896386
-0.042249114
-0.048384758
-0.035603468
-0.022543242
0.041658813
-0.047660665
-0.0088805107
-0.030538885
-0.040929597
-0.039237302
-0.039276627
0.0016668299
0.014935533
-0.029853862
-0.039515963
-0.047312627
0.0041420837
0.035494711
-0.048049504
0.015270825
0.0087657613
-0.009644553
0.010618278
-0.0096070437
-0.025575573
-0.066630873
-0.026435751
-0.065508609
-0.044212853
-0.041644936
0.011828571
-0.0094665302
-0.026726456
-0.061217536
-0.04100634
-0.038429322
-0.039455339
-0.055852805
-0.048190732
-0.056515613
-0.054651804
-0.048971705
-0.055237298
0.04816296
0.04143249
0.04708818
-0.058224259
0.047797303
-0.056941681
0.033814155
-0.041059038
-0.033739215
-0.039702121
-0.047363351
-0.052434816
-0.048958627
-0.052764556
-0.047414383
-0.041144569
0.047448367
-0.054128989
-0.034234972
-0.038321062
-0.039899964
-0.045105515
-0.061085472
-0.046148844
-0.059762736
0.025120864
0.042227909
-0.065072577
0.044125014
-0.063516783
0.015050534
-0.025215335
-0.015170968
-0.039920531
-0.045757025
-0.056435283
-0.026592692
0.044001817
-0.059378819
-0.018045066
0.011173751
-0.012696327
-0.056767859
-0.028507734
-0.058406122
-0.056565055
-0.0022558365
-0.017638704
-0.018770907
-0.0074636689
-0.03082776
-0.028783592
-0.02831695
-0.020606261
-0.012439178
0.01206619
-0.0093025823
-0.050798414
-0.026408208
-0.0536716
-0.041567344
-0.037438682
0.01112903
0.035308297
-0.009201566
-0.049762203
-0.044679267
-0.040271943
-0.025515223
-0.043272022
-0.042153566
-0.035539802
-0.039103193
-0.049008094
-0.048088925
-0.048942274
0.045293068
0.039137421
0.045919464
-0.049678796
0.032660226
-0.035184221
-0.028701423
0.042666729
-0.037689723
-0.041527842
-0.044067794
-0.046400702
-0.043530986
-0.042215589
-0.035820699
0.043285582
-0.043452042
-0.029453595
-0.038132704
-0.043682932
-0.051064223
0.025962375
0.041393458
-0.05274409
0.019119434
-0.022308792
-0.016176059
-0.034663004
-0.040044672
-0.04365916
-0.023457028
0.036525913
-0.043831599
-0.01815394
0.010199487
-0.0091572188
0.0092455311
-0.0090660445
-0.025299437
-0.071710844
-0.02456681
-0.068219735
0.048484814
0.052254356
0.0079437516
-0.0090374227
-0.023746654
-0.062030057
0.054412586
-0.038532156
-0.037563169
-0.065178654
-0.049095115
-0.063568137
-0.063292318
-0.048232865
-0.061663094
-0.056917913
0.053361876
-0.061680988
0.05103471
-0.059780102
-0.061519414
0.055817263
0.06052668
-0.036438341
0.047857053
-0.058524974
-0.047192311
-0.056918826
0.057035256
0.048587255
-0.055118476
0.061479998
-0.04474328
-0.041797085
-0.05609003
-0.059790991
-0.052861871
-0.057918289
-0.06279883
0.057181836
-0.058188204
0.0536354
-0.056364294
-0.061000943
0.062095076
0.060717972
-0.038869394
-0.04959489
-0.053390143
0.062662591
0.050125998
-0.052003337
0.060880336
0.0071659391
-0.0096178018
-0.052412996
-0.024191805
-0.050470755
-0.048927828
0.062810604
0.061849974
0.060952301
0.061866155
0.057685296
0.057224709
0.057299727
0.060457736
0.061055932
0.0063402632
-0.0092051457
-0.055265968
-0.023062306
-0.05415565
0.050585372
0.050870395
0.0044987091
0.045335367
-0.0096782826
0.041119019
0.042194511
-0.046052821
-0.022703148
-0.045624723
0.043539274
0.051638142
-0.035402069
-0.051429883
-0.046189967
-0.049892928
-0.056105009
0.046532885
-0.048225537
-0.060615602
0.05278606
0.05790612
0.045036611
-0.034659784
0.045041158
-0.042753423
-0.045405779
-0.041324577
0.046632568
0.054208886
0.04527959
-0.039794634
0.058960417
-0.036644866
-0.0469998
-0.046682568
-0.062116772
0.047456239
-0.045511097
-0.060883524
0.060518597
0.060697397
-0.035647107
-0.045632268
-0.038410133
0.061124629
0.046245733
-0.037398707
0.060882169
0.0059075652
-0.051096007
0.020096405
-0.051793217
0.04347596
-0.0088872716
-0.056629095
-0.0079070153
-0.02044521
-0.058094821
-0.020266304
0.033510007
-0.016170521
0.032543029
-0.051374235
-0.032415969
-0.032158692
-0.058073531
-0.032638687
-0.025431278
-0.010955726
0.010936565
-0.0598246
0.020345125
-0.061618734
0.02457439
-0.012030239
-0.060759248
-0.010119225
-0.019766792
-0.062327561
-0.019772989
0.017630926
0.0070779435
0.066163572
-0.0064253942
0.064263768
-0.019335195
-0.0010576285
-0.0077032845
0.0029549563
0.031447776
-0.061838373
-0.01997263
-0.030310274
-0.062549667
-0.031625005
-0.016507623
-0.0065554254
0.061554596
-0.033082709
0.001060306
-0.068144731
-0.064852741
-0.071961199
-0.0017255416
-0.065950697
-0.01851435
-0.005753051
0.077796077
0.0027407093
0.066945751
-0.017256583
-0.0057917173
0.010483985
0.013678184
-0.060023521
-0.059807043
-0.034301105
0.0052943328
0.057117239
-0.03484589
0.0053690608
-0.048678068
-0.044009792
-0.053460449
-0.044868444
-0.045341406
0.050627251
0.041117778
0.051673592
0.0052425823
0.013812215
0.049848196
-0.046386535
-0.0057426888
-0.0521139
-0.050289678
-0.053905723
-0.0038628524
0.0049353874
0.043871802
-0.055461589
0.01084645
0.042132619
-0.050980912
0.029071621
-0.041935068
-0.057694662
-0.042966279
0.023780966
0.049237885
0.049633405
-0.018046443
0.048713602
-0.051123491
-0.030488678
-0.04893962
-0.057548383
-0.050369819
-0.026185895
-0.014604014
0.054794699
0.041534487
-0.061483835
0.020024185
-0.040709667
-0.062217522
-0.042826776
0.018093719
0.0084005059
0.058810109
-0.045339418
0.00085287764
0.051309377
0.057043844
0.053884757
-0.01253974
-0.0033588518
0.049205476
-0.061149975
-0.023150044
-0.049160761
-0.061853138
-0.051650772
-0.021631789
-0.011974239
0.056560135
-0.054703324
-0.0041610945
-0.055250523
-0.054310471
-0.04769223
-0.0035778955
0.048654114
-0.049310829
-0.0041390462
0.056456756
0.043969511
0.05854936
0.0033710127
0.0068305237
-0.051337178
-0.049901733
-0.057747992
0.00085703759
0.041886712
-0.060254303
0.0023409472
0.003540963
0.062508833
-0.0087290727
0.053249289
0.050204786
-0.057647444
-0.021172499
-0.055904023
0.046690901
-0.042586561
-0.040150271
0.0048253119
0.06902291
-0.0092127833
-0.053523129
-0.050929089
-0.062059532
-0.022717059
-0.061237028
-0.048194064
-0.037720588
0.054529174
-0.033001049
0.042688022
-0.052976161
-0.043443946
-0.052868979
0.038436261
0.027050199
0.042391647
-0.052901501
0.014872653
-0.03505499
-0.02325895
0.057565723
-0.034874178
-0.045205508
-0.055220089
-0.045089861
-0.055497751
-0.042028046
-0.03213761
0.043882048
-0.056286055
-0.02127102
-0.030746756
-0.039646338
-0.053542493
0.0026595383
0.034907884
-0.055302511
-0.0088272014
-0.010167826
0.0038285279
-0.032940928
-0.041082562
-0.05793106
-0.0097708414
0.036443412
-0.060750159
0.0020312945
0.015401539
-0.0070846532
-0.06433412
-0.023947118
-0.063174428
-0.062057974
0.0028669869
-0.013555362
-0.016016676
0.00012832063
-0.029941683
-0.030492423
-0.031345291
-0.01867757
-0.0037473543
0.006689141
0.073668953
-0.0095216179
0.053599438
0.051494957
-0.064819419
-0.0242693
-0.065008058
0.049477067
-0.043766715
-0.042511993
-0.053640722
-0.051529257
-0.049982565
-0.041781502
0.059151562
-0.03680559
0.047418093
-0.056082421
-0.04679781
-0.056635153
0.045242726
0.036657076
0.045629027
-0.058018813
0.027003271
-0.041018393
-0.031758096
-0.048688933
-0.047404835
-0.039889197
-0.031336102
-0.035744196
-0.043169192
-0.060458098
0.016312733
0.039268831
-0.064093701
0.0045650679
-0.020711222
-0.0075637585
-0.021596372
-0.010421668
-0.0084771399
-0.04534296
-0.015717428
-0.0073135832
-0.044795502
-0.01569434
0.049454153
0.040492465
0.047118033
-0.023462805
0.045903658
0.044081951
-0.024213629
0.042621893
0.035237016
-0.044457263
-0.036358435
-0.0039576325
-0.040362391
-0.014066942
-0.05137499
-0.043548028
0.037660316
-0.023918305
0.0359997
-0.039665257
-0.032112603
-0.04737288
-0.031470233
-0.041806459
-0.032651009
0.033223886
0.045768073
-0.039334789
0.046296195
0.037856102
-0.040656236
0.038380207
0.033736163
0.025298904
0.037805389
0.046042271
0.037936706
0.038055795
0.017319482
-0.031116385
-0.023064693
-0.033320479
-0.033230387
-0.039096898
0.027609554
-0.041684139
0.028004415
-0.040810168
-0.032366211
0.038354666
0.027629561
-0.023501621
-0.033199864
-0.031216834
-0.03670368
0.044424755
-0.035601036
0.03626594
0.0099981258
0.035438249
0.040840176
0.033200577
0.032399385
0.0033196533
-0.015009726
-0.006611282
-0.029471258
-0.035497755
0.025854928
-0.014343155
0.032972049
0.022056285
-0.0046738199
0.0032641311
-0.0096632159
0.020961887
-0.019987073
0.015847275
0.0084635154
-0.0042094487
-0.022415725
-0.020802521
-0.00608676
-0.034875915
-0.032248285
-0.034152904
-0.021525424
-0.0060906058
0.0012366033
-0.030526838
-0.011010156
0.051954815
0.046479017
0.026302078
-0.022673431
0.024350618
0.045339143
-0.043671325
-0.041293615
-0.050408085
-0.048565487
-0.052188837
-0.044312964
-0.020738877
-0.033286187
0.047305307
0.01447673
-0.042489446
0.014538134
0.050772338
0.042165955
0.039604651
0.014157941
0.031717815
-0.04968527
-0.038058706
-0.058143691
-0.063942056
-0.055036309
-0.042088364
-0.028963265
-0.037450326
0.012687946
0.019496416
0.036330703
0.0094245518
0.0051698213
-0.023203324
-0.0051528639
-0.025029578
-0.0040158727
-0.095478623
-0.042562335
-0.10224454
-0.09223048
-0.033851411
-0.099395617
0.0013523606
0.044681715
-0.10042153
0.036764025
0.035606069
-0.098455323
0.028655453
-0.00088643011
0.012975364
0.01488924
-0.085515338
-0.023493719
-0.093868279
-0.0025454029
0.025098856
-0.095040606
0.020349373
-0.00040682846
0.01722388
-0.046653455
-0.091470171
-0.03712857
-0.090756106
-0.0032091312
0.048116312
-0.077298812
0.033093119
0.038058944
-0.0780943
0.024796849
-0.0054127085
-0.022708152
0.071299868
0.023346173
0.070755238
0.016184706
-0.036308587
0.01965639
0.033498692
-0.026345156
-0.090068815
0.0016018919
0.026882166
-0.080463538
0.016969483
0.0033505304
0.021859842
0.071527764
0.010713289
0.036299466
-0.070550409
-0.068366015
-0.065732105
0.018490053
-0.064065871
0.011911294
-0.046327186
0.060809713
0.017980476
0.058288784
0.011502255
-0.05313287
0.043474172
0.050293125
-0.066663515
-0.063465322
0.0077527439
0.046837792
0.056598403
0.0076404047
0.053926984
-0.051412434
-0.059692973
0.011393702
-0.06446551
0.011576063
0.012139015
0.020658751
0.012810774
0.01511364
0.02283632
0.0067945964
0.0089142566
0.014735991
0.022287462
0.030224636
-0.076037631
-0.011351675
-0.086178328
0.0033314812
0.01323037
-0.090410019
0.011813901
0.0017073634
0.001595171
0.0032994821
-0.0646766
-0.076687578
-0.0030989538
-0.084482002
0.0029241013
-0.0025766928
0.0068296752
-0.014559821
-0.089291672
0.00037874807
0.015028548
-0.083864201
0.0096176297
-0.00062840831
-0.01983789
0.073510084
0.0067519995
-0.035017432
0.011524142
0.023060116
-0.087965159
-0.002437558
-0.087432743
0.0025714946
-0.0025586865
0.016603354
0.076351273
0.0039204179
0.032254928
-0.065812015
-0.064186839
0.0057510234
-0.046288339
0.056264257
0.0061017208
-0.054080371
0.032797126
0.041192791
-0.066100491
-0.066423028
0.0054464279
0.044458139
0.057834395
0.0063823784
0.053411841
0.049305297
0.0015753668
0.060660104
0.039317579
0.016914676
0.048333928
0.0062014439
0.0062569197
-0.0025846179
0.068187939
-0.0014032079
-0.016281864
0.055105822
-0.017348086
0.0040899499
0.016326545
0.017443373
0.031940385
0.030720981
0.039451106
-0.0044545919
-0.004517591
-0.029021766
0.045790767
-0.03121144
-0.0032237052
0.018450233
0.0034726471
0.071317352
0.015151852
0.059175448
8.0015201e-05
-0.0039492552
0.070067527
-0.0011953498
-0.013736145
0.060273387
-0.015477509
-0.0048179417
0.0016284127
-0.01581986
0.019281614
0.036939271
0.026562055
0.050555131
-0.00073927969
-0.023873189
0.05326675
-0.028165899
0.0023609101
0.019737403
-0.030436714
0.062896782
0.057395417
0.0036486693
-0.015516326
0.004379854
-0.015118407
0.05192031
0.063929471
0.053765536
-0.031299098
-0.031272015
0.035802131
0.04282872
-0.044132176
0.048139544
-0.044388172
-0.043753465
-0.03970888
0.052938238
-0.04688753
0.051958719
0.041039146
0.031257261
0.0315949
0.041277525
0.034686369
0.053296649
0.041689676
0.020452954
0.020815281
-0.053427204
0.047036035
-0.0537063
0.021129879
0.031799041
-0.051972634
-0.053049234
0.041337346
0.0266752
0.042612494
0.033321805
0.003548921
0.003650566
-0.040203793
0.039459903
-0.042795758
0.0030048424
-0.029206111
0.053079683
-0.035914226
0.0089219613
0.009156437
0.023241106
0.052363993
0.029516803
-0.0031473973
-0.0032730161
-0.0494678
0.035592387
-0.052056929
-0.003100583
0.0094811705
-0.041587582
0.036968166
0.044707422
0.0016631807
-0.033593191
0.04845265
-0.03910614
-5.4499856e-05
-0.042371466
0.050281738
-0.045997955
0.05285638
0.0098547163
0.021314694
0.045873851
0.04110454
-0.0026210197
-0.042292974
0.045388448
-0.04815001
-0.0019700147
0.010174147
-0.051736825
0.021287013
0.051597809
0.053002215
-0.043887038
-0.044115589
0.053891689
-0.054888685
0.05369992
0.031764224
0.041107309
0.050591782
-0.053471825
0.031423044
-0.053775844
0.040532821
0.0038675555
0.064997965
0.012257778
0.058364159
-0.0093747165
-0.003248486
0.057066423
-0.00098622445
-0.010931014
0.053665464
-0.013286662
-0.012443558
0.019573786
0.021427036
0.053488315
0.0052887625
-0.019583676
0.050947506
-0.024662783
0.0072830782
0.018607817
0.0022720268
0.04743025
0.0099390022
0.046638307
-0.013276277
-0.0012377863
0.037233645
-0.0010136312
-0.0094186381
0.037947538
-0.011727066
-0.011722197
0.00015151632
-0.012941388
0.016812112
0.025884195
0.01855657
0.045644247
0.0078288677
-0.018393961
0.037922773
-0.022099398
0.0068111667
0.014380238
-0.024665966
0.050010587
0.046881599
0.0016031096
-0.013458784
0.0028556313
-0.013583221
0.035058013
0.044163487
0.044937788
-0.026349914
-0.027340818
0.052177201
-0.03904285
0.049067662
-0.041326857
-0.042315514
0.030765622
0.039627933
0.020994328
0.020441178
0.029850624
0.038477531
0.030668972
0.050009761
-0.001683429
-0.028617643
0.048809235
-0.03498853
-0.002772701
0.010322774
0.047653126
-0.00135502
0.047198292
-0.043999058
-0.00096534534
0.010222115
0.027647982
0.044577842
-0.003035333
-0.027733333
0.037473838
-0.031919906
-0.002453457
-0.035034697
0.0098767714
0.019707178
0.043622316
-0.00088837105
-0.036768338
0.036981611
-0.040828781
-0.0010518556
0.0094037691
-0.043917543
0.018953719
0.043819465
0.036830751
-0.037242542
-0.038670921
0.02880644
0.037229935
0.043257229
-0.046173434
0.027822902
-0.047704095
0.036081574
0.00050470546
0.027419705
0.0094544614
0.028402591
-0.0082754659
-0.00042374146
0.018593366
-0.0022350499
-0.010074382
0.018896599
-0.011443887
-0.0039663481
0.011751513
0.018977321
0.028501949
0.0045816209
-0.020031284
0.018466162
-0.020699315
0.0019326652
0.0095944709
0.0012775332
0.010943869
0.01125344
0.010336635
-9.8133448e-05
-0.0032374901
0.0042185987
-0.0055108773
-0.012678025
0.0039511345
-0.01257666
-0.0082771319
-0.014258992
0.008748068
0.016451375
0.021100471
0.0092602916
2.9886581e-05
-0.02134747
0.0027528901
-0.019431883
0.010186881
-0.020240336
0.013006897
0.013350037
-0.010297549
-0.016419197
-0.01072677
-0.018016183
0.023719459
0.030882753
0.013379712
-0.022340156
-0.024612311
0.028766175
-0.030770494
0.020534813
-0.032503035
-0.034299609
0.027135601
0.03525674
0.018419089
0.018404381
0.027007559
0.034988078
0.028607004
0.028161049
-0.001324436
-0.029758954
0.017827478
-0.029645762
-0.00025904849
0.0090427177
0.03771262
0.027881722
-0.0012011964
-0.038699085
0.017501379
-0.037864759
-0.00091053681
0.0091472091
0.030396417
0.0081665841
-0.00014293365
-0.029337058
0.0013530684
-0.026071396
-0.026129973
0.01014511
0.019245001
0.038756506
0.007570017
0.00036511425
-0.036568307
0.00028631452
-0.032291928
0.012400171
-0.0051720664
-0.031706336
0.021287358
0.013237456
0.0080638581
-0.028052809
-0.03070428
0.027713465
0.035502258
0.013069912
0.0082282058
-0.033412373
0.029525693
-0.0098498394
-0.036289675
0.037010148
0.043793604
0.046270286
0.046137408
-0.05136571
0.0048688852
0.0050803581
0.043500127
0.045788717
0.045665873
-0.056760754
0.00538757
0.042969536
-0.044757476
0.036768176
-0.048372478
0.0035544357
-0.051088368
0.0058182126
0.016229632
0.042755275
-0.0055912965
-0.051005534
0.037025718
-0.054085407
-0.0050172057
0.0064327008
-0.056277116
0.0430651
-0.053080042
-0.054477804
0.025730383
0.034318
0.043128591
-0.057841702
-0.058971098
0.053642655
0.052359715
-0.062676957
0.048855901
-0.063894749
-0.064090607
0.027338769
0.019549542
0.02151968
0.029740504
0.011564094
0.012796905
0.014149654
0.023553347
0.032195691
0.044404911
0.046167711
-0.05503141
0.045796243
-0.059912189
0.0034791349
0.0036943538
0.046422072
0.057681179
0.04735733
-0.0047069647
-0.0057418296
-0.056637027
0.046483759
-0.060645194
-0.0063066062
0.0041570932
0.043014855
-0.05497055
0.037771783
-0.057566278
0.0055040012
-0.059225437
0.0048788809
0.015449384
0.056265563
0.043665307
-0.0061527013
-0.056342468
0.03884453
-0.058543447
-0.0051614671
0.0058503937
-0.059739931
0.016591879
0.043386119
0.036397117
-0.060323112
-0.061141067
0.025351259
0.034335855
0.043804044
-0.060418246
0.026741653
-0.060959303
0.035946127
0.045615176
0.028051649
0.0028917434
-0.046289281
0.01788126
-0.044913956
0.0015646252
0.0073135187
0.051681301
0.028870963
-0.0037510716
-0.052008205
0.019139375
-0.050350141
-0.0017489325
0.0085421287
0.045777392
0.0078428664
-0.00063262098
-0.042775077
-3.2737683e-05
-0.037810007
-0.012493234
-0.0048659038
-0.036714711
-0.021475866
0.010161976
0.019651886
0.051058555
0.0091309552
0.0009013498
-0.047649594
0.00056025277
-0.042300928
0.012087971
-0.0048813977
-0.040861456
0.021088532
0.013000121
0.0081560357
-0.038233694
-0.030121717
-0.010081386
-0.041286262
-0.038056159
0.028898866
0.037418784
0.01309591
0.0080205021
-0.042265805
0.030090553
-0.010037479
-0.045497659
0.03847754
0.028521089
-0.053459387
0.020542964
-0.054306518
-0.056047251
0.027695447
0.036991828
0.017543135
0.018325466
0.028312541
0.037609258
0.05541295
0.030305274
0.0038665432
-0.055439246
0.021179185
-0.053778745
0.001552183
0.0070250712
0.032092754
-0.0033878719
0.023651687
-0.054912804
-0.0010943037
0.0083038631
0.054265072
0.011303043
-0.0011169855
-0.050902265
0.0019557703
-0.045440613
-0.011341084
-0.005233467
-0.043821333
-0.020382606
0.0095213945
0.018990687
0.013976936
0.0012269946
-0.052296514
0.0038187061
-0.046942868
0.010410669
-0.045270203
0.019605887
0.013349112
0.0078667675
-0.045183781
-0.029741082
-0.0097454626
-0.048599879
-0.038597409
0.028788059
0.038067229
0.013672614
-0.046621574
0.029364484
-0.050179515
0.038709271
0.049438295
0.056967869
0.049263143
0.0039458462
0.0049449436
-0.055870038
0.047610549
-0.058907947
0.0054475674
0.0052367031
0.0053715881
0.053273671
0.054181936
0.051720082
-0.0027964965
-0.0036530494
-0.052894978
0.048985388
-0.054781118
-0.0040464594
0.0057500388
0.055297299
0.044516411
0.0052208796
-0.055079324
0.039943314
-0.056921728
-0.057738653
0.006346844
0.016729665
0.051994625
0.045306848
-0.0037804146
-0.051394821
0.040705369
-0.052803556
0.0070973004
-0.053285066
0.044347747
-0.058091986
-0.05844664
0.026858565
0.036182428
0.044952562
-0.053415378
-0.053703547
0.060674028
0.05736508
-0.047807419
0.052105464
-0.046726365
-0.045863344
0.038792064
0.0292124
0.029267942
0.038912587
0.018991528
0.018946451
0.01899647
0.029380103
0.039069632
0.057649872
0.049551641
0.054477785
0.001446021
0.0020838122
-0.048015683
0.050357747
-0.048471787
0.0023446511
0.0089197535
0.0087510775
0.062167342
0.043352117
0.057198349
-0.00010919244
-0.00046895507
-0.041609146
0.051442767
-0.040294262
-0.0005803807
0.0087376179
0.046728245
0.045756102
0.0020784466
-0.045702879
0.040798301
-0.046481331
-0.046604316
0.0088349672
0.018979344
0.039966634
0.045619971
-0.00034118132
-0.038535346
0.04000436
-0.038403283
0.00019937148
0.0089677873
-0.038079004
0.018811597
0.045499416
0.038056495
-0.046590124
-0.046933305
0.029316158
0.039011019
0.045800154
-0.037958539
0.028997669
-0.038455097
0.038671716
0.033811458
0.026041676
-0.053625066
0.0078863511
0.034991944
0.027802284
-0.049981038
0.0085439639
0.016613057
-0.051678218
0.0056815772
-0.046597952
-0.044938518
0.0088496073
0.018405492
0.018650215
0.0010160525
-0.049004832
0.0070582344
-0.044311261
0.008567218
-0.042673854
0.013920043
-0.046241798
-0.049820879
0.02865167
0.038547633
0.013923164
-0.043825105
-0.047222164
0.030136558
-0.044358307
0.021938499
-0.045181182
-0.046935202
0.028542949
0.038227139
0.018511693
0.018204315
0.028264989
0.038088124
0.035243982
-0.044488595
0.028500116
-0.044244692
0.0090271294
0.034362002
0.00081138186
0.027929848
-0.036853288
0.0010654594
0.0088713999
0.0196474
-0.044366892
0.0075566921
-0.040132552
-0.038494233
0.0083467935
0.018115988
0.019394727
0.00032418878
-0.037992958
0.0069711525
-0.034264581
0.007381314
-0.0040454415
-0.032614657
0.01850893
0.013535659
0.0049497384
-0.03935334
-0.04230938
0.028619154
0.038837074
0.012671132
0.0031553543
-0.033060832
0.030101873
-0.0035372289
-0.035315484
0.037706045
0.029671251
0.037985926
0.029815299
0.021940669
-0.059451674
0.02184457
-0.058399425
0.045381676
0.046085571
0.038566146
0.03021374
0.021886356
-0.055101344
0.046523636
0.015227035
0.014770404
-0.055040412
-0.054856274
-0.060305791
-0.060472746
0.047138824
0.053655632
0.014255859
-0.052158455
-0.057822852
0.016740554
0.016432049
-0.065178565
-0.065836286
-0.06904778
-0.070251396
0.057586547
0.058706875
0.016133505
-0.063390395
-0.068124746
0.043254309
0.034769074
-0.053043944
0.025362034
-0.056728689
-0.060111385
0.057380235
0.056719665
0.056643607
0.057342856
0.053165636
0.052976977
0.053258863
0.057126626
0.057979657
0.039404853
0.030819157
0.02202849
-0.049632117
0.046974633
0.046642024
0.040356493
0.031482127
0.022149747
-0.042268504
0.046703847
0.013676515
-0.04678877
-0.052088396
0.0477818
0.054598344
0.012980089
-0.038939964
-0.043377872
0.015863214
-0.057453376
-0.062172928
0.05866469
0.05965911
0.015563359
-0.048015167
-0.05225508
0.06629377
0.035860745
0.059466884
-0.00099028632
-0.00096917765
-0.034059764
0.051953416
-0.030641995
-0.001037864
0.012965234
0.012213249
0.069368838
0.027322299
0.060818136
0.0016406387
0.0020398899
-0.025706677
0.051640423
-0.019955845
0.0023530624
0.011529387
0.032195112
0.044739338
-0.0012518609
-0.030454881
0.038278057
-0.029120633
-0.028224659
0.010875678
0.020998336
0.023850668
0.043080572
0.002586063
-0.021984177
0.035774665
-0.019227416
0.010201634
-0.017647902
0.045596378
-0.02799626
-0.028704083
0.031860314
0.042332531
0.044574504
-0.01728512
-0.018215958
0.062325989
0.057376346
-0.0031372657
0.050412163
-0.0003548522
-0.00030049763
-0.057354751
-0.015218859
-0.054678349
-0.015869823
0.065557312
0.050627448
0.044728289
0.058914906
0.058950093
-0.011033356
0.053760683
0.033264472
0.02912952
0.0096155707
0.046664794
0.012917929
0.025244317
0.039025547
-0.049418307
0.012903848
0.052228604
0.070620778
0.017930331
0.060774726
-0.001664331
-0.0026037219
-0.016810717
0.050341926
-0.0087034767
-0.0032780371
-0.062656786
-0.0032047291
-0.054884445
0.015616012
0.014162954
0.069500638
0.0079480219
0.059157137
0.0011256274
0.0027339242
-0.0076804573
0.04825634
0.0027405812
0.0039052401
0.01274884
-0.04592182
0.015283265
0.040774955
-0.0036268342
-0.013567701
0.032859191
-0.009306121
-0.0069780334
-0.0016761255
-0.037054506
-0.006799646
0.01134109
0.021730674
0.0068508573
0.038359785
0.0045006328
-0.0056309586
0.030292983
0.00022349619
0.0043978772
0.0099073181
-0.029018789
0.0032072805
0.018700227
0.04237759
0.033964486
-0.0064669534
-0.0075952711
-0.008799435
-0.042204411
-0.0080753068
0.033789845
0.045889465
0.038638793
0.030386986
0.0038130837
0.029294536
-0.033701635
0.0025301915
0.040327607
0.032383513
0.026168314
-0.028366393
0.0094612552
0.02959667
0.023559431
-0.019403337
0.0086325867
0.017964931
-0.030233716
0.0053353667
-0.027045946
-0.0071137123
-0.0020832152
-0.025437381
-0.0186326
0.0077531414
0.017351584
0.015689989
-0.00041905237
-0.021524234
0.0029250522
-0.018910754
0.0070201638
0.00012068448
-0.017508197
0.018602653
0.011325314
0.0010609698
-0.02543751
-0.030374496
-0.001435468
-0.026801413
-0.041491819
0.027590431
0.037703903
0.0095771217
-0.0010469554
-0.017183151
0.030142712
0.00066973615
-0.01761321
0.041102065
0.025479806
-0.010892337
0.016823003
-0.011749137
-0.013056709
0.00084110245
-0.024490676
0.0023353783
0.025875123
0.036037936
0.0003243896
0.022218267
0.016334704
-0.0028895738
0.014054046
-0.0039710235
0.014960963
0.023964521
-0.014996415
-0.0052028892
0.033578728
0.026515058
-0.01081476
0.020648165
-0.010592716
0.0012864441
-0.021850159
0.0084845901
0.0042710117
0.023914119
0.0034742833
-0.0030907694
0.017997889
-0.0024360329
0.0016454705
0.0072683962
-0.014900107
0.013059704
-0.012320057
0.00019952388
-0.010335105
-0.0070342544
0.0020999455
-0.0094548211
-0.018210852
0.0027589123
-0.0070117571
0.0036560797
0.0066852903
0.0150574
0.0024595072
0.01026675
-0.0010720628
-0.0027565256
-0.0023899776
-0.0017796643
-0.0042254681
0.0071901237
0.0031854212
-0.0019747061
0.017214721
0.0075896707
-0.0027865236
-0.009117556
-0.029085925
0.002561742
-0.0087774956
-0.039567121
0.0046204153
-0.005470176
0.0051082124
0.024095625
0.033541106
0.0055500902
-0.0037122308
-0.0022184957
0.026848056
0.0039790859
-0.0016116796
0.036424526
0.041149764
0.031935627
0.02203493
-0.033503037
0.048633683
0.046552222
0.04138822
0.031805686
0.021388938
-0.024022248
0.045724516
0.01206045
0.0024898671
-0.029200558
-0.03224897
0.046895022
0.054365919
0.010763808
0.0003773824
-0.018525856
0.050838084
-0.019705695
0.015071704
-0.035543814
-0.038705934
0.059409118
0.061507515
0.014114307
-0.021017731
-0.022403859
0.048191383
0.037628469
-0.016320095
0.025246425
-0.017940849
-0.019381742
-0.050311042
0.00879038
-0.038563569
0.010737631
0.068513716
0.065129255
0.060707432
0.064679856
0.047196847
0.0066110855
0.035714971
0.0590577
0.054264053
-0.0067316879
0.022634014
-0.0067793817
0.051593837
0.058467784
-0.02485633
-0.0064915784
0.06303674
0.040575629
0.030647155
0.019873834
-0.014640434
-0.042930604
0.0043743565
-0.031986038
0.050575111
0.045803434
0.038164621
0.027997417
0.017153855
-0.0061976518
0.043048643
-0.019900563
0.0089122967
-0.0017946676
-0.0081313273
-0.0071082395
0.0047326059
-0.0077442656
0.0033838186
0.042948349
0.051695115
0.0063406192
-0.0039821851
0.00033008916
0.045910423
0.0037201286
0.0036053765
0.054852234
0.012321118
6.3755482e-06
-0.0058733475
-0.0047684967
0.00126904
-0.010751544
-0.0011383692
0.05901763
0.06411414
0.0093118586
-0.0032036051
0.00776369
0.062474028
0.002461231
0.012028165
0.067847645
0.062126225
0.030028407
0.060046832
0.062176501
0.04160938
0.059669902
0.047468633
0.050757405
-0.029429265
0.055778171
-0.028433244
-0.041349805
0.055074851
-0.040017482
0.054037597
-0.043560524
-0.047933494
0.062318949
0.053165137
0.059319073
-0.052438671
-0.05724664
-0.052833825
0.054331356
-0.051083107
-0.061690749
-0.051948445
0.030323503
0.049749386
0.042221975
0.048847771
0.056913588
-0.032745357
0.042367109
-0.031577
-0.044208078
0.04140331
-0.042919855
0.059007656
0.048886548
-0.050025117
-0.031834413
-0.048713829
-0.042424799
0.035686549
-0.054948547
-0.04116176
0.053007248
0.047841815
-0.065092501
-0.053679254
0.040288344
-0.052266766
-0.066898863
-0.056400778
-0.046402212
-0.051064933
-0.041919514
0.064476491
0.063741969
0.056656069
-0.033614672
0.055508807
-0.042972541
0.020153106
-0.060985926
-0.060691318
-0.024324082
0.060996335
0.052505045
-0.050470641
-0.024272747
-0.057845223
0.077117702
0.072008324
-0.057820872
0.064962998
-0.055731816
-0.080002916
0.060646249
-0.073250566
-0.022548251
-0.024843337
0.07510067
0.06472066
0.068645693
-0.037612601
-0.041298218
-0.06307987
0.060632391
-0.059254742
-0.044113223
-0.026423484
-0.064956457
0.06243993
0.063492054
0.058897928
0.056242448
0.061763814
-0.062607654
0.053462344
-0.060342897
0.06661374
-0.06895588
0.068633467
-0.063507516
-0.049584845
-0.054401819
0.062490052
0.071545899
0.058426309
-0.058442709
-0.063889384
-0.069670595
0.05255591
-0.066837248
-0.068446029
-0.058293872
-0.056393659
0.061465541
0.04666061
0.069982524
-0.060152783
0.038976865
-0.058561687
0.071281674
0.060345527
-0.043367309
-0.056761783
0.044986614
0.064319664
-0.048386646
0.061149355
-0.060534044
-0.045448787
0.066774953
0.045454295
-0.071319123
-0.063122941
0.037663164
-0.061284816
-0.072009931
-0.060706709
-0.059024962
-0.04498542
0.056813315
0.048245296
-0.055299342
0.026128126
-0.053270449
0.05807163
-0.056252562
-0.026841103
0.052021351
-0.057042477
-0.025875001
0.059019164
0.029671187
0.036697266
0.05599823
0.028879669
0.069323517
0.067470867
-0.054761713
0.021917192
-0.054651568
-0.049306389
0.021587289
-0.04942151
0.06396175
-0.052433148
-0.050526526
0.036450152
0.05043165
0.028766694
-0.063841491
-0.062128869
-0.042057634
0.021721854
-0.042237572
-0.05952832
-0.048155411
0.050597935
0.014811155
0.042876417
0.015324342
0.059206319
-0.046690204
-0.048815958
-0.036877117
-0.040266217
-0.051214851
-0.044745
-0.045903711
-0.031884206
0.034235892
0.015873556
-0.056450124
-0.027064605
-0.031317451
-0.037356693
0.021962907
0.020200527
-0.052905469
-0.049223717
-0.015572482
0.018306614
-0.044031604
0.034393945
0.027721446
-0.035443536
0.021877549
-0.038764769
-0.012477563
-0.011687727
-0.025492095
-0.024589429
-0.024781064
-0.01180841
0.037179325
0.043132997
0.029522616
0.056450415
0.055101401
-0.033947097
0.022384879
-0.034016372
0.053691382
-0.037692071
-0.0367446
0.038940164
0.034814544
0.031143639
-0.048105398
-0.047188025
-0.025643552
0.023501976
-0.02546753
-0.046966071
-0.036788885
0.025680674
0.016343941
0.052600447
-0.018368815
-0.022926403
-0.029800525
-0.038299232
-0.026683128
0.017791828
0.016591225
-0.04777574
-0.011330358
-0.015637989
-0.022607194
0.016434387
-0.037796988
-0.013525064
0.014740722
-0.030961867
0.041566712
0.025978475
0.033435572
0.03959333
0.038999717
-0.017520411
0.0248782
-0.017058721
0.039716452
-0.022767144
-0.022416186
0.044710669
0.016905897
0.036070184
-0.031323085
-0.030789031
-0.0097573426
0.026254651
-0.0091217059
-0.032059074
-0.0239045
0.010791301
0.016456786
0.042041561
-0.0060338442
0.0089503238
-0.0096967194
0.046156246
-0.016139816
-0.027487632
-0.019322961
0.0047089817
0.015787502
-0.035350719
-0.0024147605
0.0055646
-0.0052793607
-0.040966533
-0.033629104
-0.010705347
0.013377625
-0.023931035
-0.010507084
0.012490382
-0.01707457
0.038768688
0.031160537
-0.0034542407
0.022438001
-0.0065716078
-0.03703751
0.0015144984
-0.030269255
0.00088565029
0.00018674533
0.041343854
-0.00069149725
0.033868884
-0.0031216359
-0.0028604056
0.0017831383
0.024340421
-0.00072079147
-0.0054674853
-0.0025329087
-0.021807094
0.047893204
0.0076910958
0.038639095
0.023203875
0.022325314
-0.0025940631
0.027345441
-0.0020859156
0.023863091
-0.046085038
-0.0018546354
-0.037519542
-0.00815957
-0.0069070022
0.050530111
-0.0017011247
0.040671921
-0.014651694
-0.012875372
0.0035391862
0.027813971
0.0034224556
-0.014588416
-0.0090135856
-0.026408897
-0.00032505169
0.014453409
0.0276614
-0.00043266324
0.0010353281
-0.0025674039
0.034075817
-0.0065659546
-0.0027397785
-0.012873842
-0.00071924653
-0.01379161
-0.010224038
-0.0034137918
0.012348619
-0.019189353
0.00031354787
-0.0047129409
-0.0013913985
-0.025204267
-0.019387554
0.0024541317
-0.0036405147
-0.015221548
0.012221
4.8119962e-05
-0.010670385
0.0015077934
-0.011555798
-0.0067216273
0.012676008
-0.00084314041
-0.0046985057
-0.011025949
0.00022592294
-0.0016294707
0.059771378
-0.010587426
0.0042749022
0.061285657
-0.0079454338
0.053342395
0.056181355
-0.059256993
-0.022120177
-0.060719847
-0.060611803
-0.022031399
-0.060473616
0.059067232
-0.058138729
-0.057616987
0.0097024631
0.059032946
-0.0058289613
-0.054270842
-0.055800382
-0.059246698
-0.022342309
-0.057532955
-0.058025297
-0.058270935
0.059198903
-0.034679968
0.060185869
-0.036179621
0.061679015
-0.059539268
-0.046952748
-0.058095362
-0.060023906
-0.049044799
-0.058001282
0.063769057
0.062239551
0.047684103
-0.056866846
0.049612623
-0.056260805
0.058836401
-0.059518447
-0.056825496
0.059117294
-0.037872954
-0.060372098
-0.058866199
-0.051101706
-0.05656254
-0.062443941
-0.060956987
0.051332205
-0.054539289
-0.057640079
-0.036674873
-0.038043758
-0.048282189
-0.056045245
-0.0498381
-0.055061352
0.05402409
0.04852618
0.049643825
-0.052671697
-0.039180728
-0.051001415
-0.053082084
-0.052991196
0.050178024
0.014318725
-0.0060834955
-0.049522342
-0.02468503
-0.049257762
-0.013422471
0.032601828
0.0075249434
-0.055447591
-0.050397047
0.015281466
0.032971779
-0.0061052466
-0.05873999
-0.05444531
-0.039545906
-0.025164948
-0.038864755
-0.052527202
-0.047926884
0.025332384
0.013941664
0.05232208
-0.0046097176
0.056202571
0.056031972
-0.054545337
-0.023173062
-0.051474495
0.057153155
-0.016291296
0.036084832
0.0050920354
-0.059800466
-0.056665061
0.016227507
0.041030197
-0.0045832802
-0.05880831
-0.056919893
-0.046145799
-0.024526931
-0.042185627
-0.056667026
-0.055565493
0.024922223
0.055503482
-0.039731415
0.05883018
-0.055720309
-0.053044817
-0.053471743
0.060569751
0.059057902
0.052765941
-0.051435049
0.055666163
0.045957387
0.041418589
0.043701462
-0.055816757
-0.052330233
0.048929092
-0.041613307
-0.057345738
-0.050218713
-0.05470424
-0.048357272
-0.058478949
-0.056907458
0.053783951
-0.046584901
-0.053304113
-0.040039655
-0.051711903
-0.049877811
0.050919364
0.050080364
0.042569531
0.03921992
-0.047393557
-0.040545289
-0.051898541
-0.045106292
-0.048215594
0.049340022
0.019345615
-0.0092380883
0.041853878
-0.028098907
-0.024128085
-0.031034687
0.039076783
-0.031447871
0.0064566347
-0.0094547795
-0.03904702
-0.016029938
-0.022330865
-0.018679917
-0.036840354
-0.029084168
0.033554601
-0.035554495
0.038179857
-0.037279048
-0.04399965
-0.036276042
0.038979783
0.031985149
0.039829266
-0.035335025
0.025332202
-0.028093187
-0.020790642
0.023013058
-0.032802948
-0.035972778
-0.028418682
-0.0410206
-0.027027812
-0.0369047
-0.028911736
0.036061977
-0.025324852
-0.021416755
-0.030056837
-0.035392852
-0.034315343
0.019590626
0.030422724
-0.032988578
0.015215619
-0.014712317
-0.010247501
-0.025288063
-0.030766634
-0.023247262
-0.015149957
0.024888805
-0.020677235
-0.010543408
-0.0090045358
-0.010333796
-0.015823336
-0.011247779
-0.011065252
0.0053030239
0.0074477466
0.0010401152
-0.010698383
-0.0039215154
0.0071491975
-0.007433913
-0.017888722
-0.0030035597
-0.014138585
-0.00072909812
-0.018802766
-0.0097823143
0.013599546
0.0026725447
-0.0017707389
0.00020301765
-0.0098436439
0.036502787
-0.0066812203
-0.020151398
-0.008654706
0.036480765
0.0067951446
0.0084353648
-0.025792408
0.0042905563
-0.010236638
-0.034524811
-0.0034909168
-0.017476109
-0.003987969
-0.039234766
-0.028800937
0.015455282
0.012375071
-0.029491372
0.036607386
-0.017609656
-0.037583289
-0.015930295
0.037980013
0.028476677
0.032738927
-0.01364789
0.019261861
0.0030967781
0.023028862
0.001093971
-0.030980633
-0.019581193
0.004065978
-0.025536991
-0.042337314
-0.0056745354
-0.033702306
-0.0037070542
-0.044982278
-0.03324276
0.030829445
-0.00093371059
-0.020867036
-0.021710377
-0.027687851
-0.010826344
0.011162027
0.022334976
-0.007470068
0.0044990126
-0.0016767162
0.019435257
-0.0049683721
-0.008909022
0.00087388392
-0.020999957
-0.028174526
0.0023910484
-0.0087088703
0.025693291
0.006065338
0.0029297151
-0.012256913
-0.0094036229
-0.030943909
-0.0070513061
-0.023517319
-0.017673514
0.01359897
-0.0052939581
-0.01459476
-0.028960768
0.017912991
-0.049034732
-0.03718761
-0.00093969965
-0.049498268
-0.013526239
0.0018046167
-0.010464075
0.021212416
0.023936295
-0.024450953
-0.034348587
-0.025573585
0.022344801
-0.022789031
-0.031981334
-0.030468387
0.0031606821
-0.008559183
0.0035913073
-0.0075503063
0.028707702
0.034807493
-0.027997325
-0.020796922
-0.019481764
-0.0037674993
-0.041488331
-0.015049112
-0.041587405
-0.040561102
0.064397233
0.0056789533
0.062937786
0.030836492
0.038490532
0.062665359
-0.0030959933
0.023065735
-0.053492752
-0.013686761
-0.054221924
0.023969865
0.031204864
0.019311126
-0.053035399
0.038814105
-0.0013607563
-0.0064575027
-0.040154821
0.057154147
0.00061816621
0.015564676
0.0016518375
-0.00041641216
-0.050522602
0.017648236
0.0073508223
-0.013324309
-0.021575447
-0.03679875
-0.034626142
0.047471946
0.014860945
0.048140699
0.018461632
0.023918071
-0.0052577471
-0.012505927
-0.046798118
0.017993103
0.022924179
-0.045384035
0.023030089
-0.025413349
-0.034631818
-0.032842075
-0.031434208
0.047790072
0.030888547
0.046590941
0.030766085
0.038349482
-0.023418872
-0.032224966
-0.043962994
0.029769311
0.040416002
-0.042598663
0.037471807
-0.059701607
-0.067264615
-0.013307556
0.020952473
-0.043732857
-0.052040213
-0.027264961
0.017339391
-0.071878633
-0.073447796
-0.014997827
-0.00470739
0.067319342
-0.012257568
-0.0057695136
0.012285165
0.014171327
-0.058727885
-0.063309375
-0.029595332
0.0068272406
0.060892455
-0.02524834
0.010448184
-0.06102337
-0.06239661
-0.0099366503
-0.0095989004
0.058590606
-0.0084933072
-0.016437539
0.018894447
0.025992574
-0.057067352
-0.05955011
-0.022076845
0.016280699
0.059036442
-0.020262198
0.024119407
-0.04256372
-0.034460863
-0.049112654
-0.031267031
-0.02945679
0.041807389
0.047976478
0.040210629
0.02850578
0.036512092
0.044236991
-0.040054991
0.021551016
-0.043938073
-0.04683679
-0.040622008
0.019780935
0.027252663
0.053675222
-0.038782155
0.035725925
-0.030696916
-0.040042502
-0.039119292
0.047534099
0.031268272
0.016429187
-0.021617842
-0.031854924
-0.048845947
0.014082862
0.039534358
-0.048857291
-0.056329789
-0.041478698
-0.0080529233
0.056565092
-0.0356389
-0.013934031
0.050075147
0.047279166
0.043937452
0.011335957
0.018021182
-0.042298976
-0.051909766
-0.05075327
0.008588025
0.053985658
-0.043877934
0.016540315
-0.05419027
-0.057692305
-0.031706023
-0.021491846
0.05938721
-0.029638122
-0.030274254
0.03992232
0.057603406
0.037868514
0.026242746
0.035288688
-0.052453264
-0.056731222
-0.039411647
0.025650777
0.05981684
-0.037201772
0.035302541
-0.0002587981
-0.0033894073
-0.0057076463
-0.070723347
-0.012455563
-0.068412737
0.0082097392
-0.0067146905
-0.019433276
-0.063167174
0.0065865365
-0.012484122
-0.021528408
-0.020447415
-0.066333032
-0.030504611
-0.064628117
-0.066707425
-0.064915392
0.0048568428
0.022231574
-0.030951776
-0.04110672
-0.060185764
0.0037840074
-0.060290558
-0.027346852
-0.030436707
-0.066282713
-0.064434209
0.036631914
-0.033394395
-0.059705786
-0.009709815
-0.055439491
-0.023290195
-0.055610374
0.044723281
0.010124113
0.031586315
0.04396761
-0.010816616
0.019482739
-0.0454637
-0.024299577
-0.045859021
0.020237388
0.033060136
0.023076826
-0.0097841178
-0.025575262
-0.055425169
0.044519403
0.011572451
0.0063304842
-0.012282764
-0.030077154
-0.045790024
0.0050800974
0.026564491
-0.039311396
-0.050658284
-0.053289793
-0.053255225
0.045588792
0.040228303
0.045503595
0.0041398187
0.020951911
-0.045435652
-0.057778932
-0.044409638
0.0038588784
0.052044559
-0.044431773
0.021794171
-0.03569647
-0.046713275
-0.052607506
0.045446567
0.03523031
0.034502324
-0.036956927
-0.048378909
-0.04384927
0.035938705
0.046312562
0.066120684
-0.029198647
0.063288631
-0.039076473
0.016062735
-0.067141766
-0.038112258
-0.064191123
-0.063047412
-0.04676863
-0.061699831
0.014990603
0.0037563784
0.057981563
-0.049630814
-0.018701491
-0.056615109
-0.056190177
-0.056763701
-0.017129173
0.0048330152
0.067793442
-0.046397323
0.062663987
-0.05300068
0.012068592
-0.067874384
-0.053203371
-0.062590925
-0.062116925
-0.057188019
-0.059450095
0.0078216936
-0.0088918667
0.05725306
-0.058092659
0.060749115
-0.056456001
-0.025035289
0.0068069284
0.025111024
0.055355831
-0.060434467
-0.01365349
-0.054332385
-0.062068876
-0.054117905
-0.0088658597
0.0092864526
0.064828147
-0.052440144
0.02630127
-0.057350262
-0.060814491
-0.060985641
-0.05468395
-0.063690969
-0.05368849
-0.039552022
0.064239776
-0.05255273
0.06596958
-0.051549717
-0.051608074
0.040513034
0.052525338
-0.064480063
-0.06668085
-0.050162797
0.041148269
0.067725997
-0.0479418
0.053088615
-0.056014343
-0.049182954
-0.063194013
-0.047563181
-0.04544201
0.041565314
0.055899379
0.039811559
0.03737983
0.048245149
0.042694943
-0.058090165
0.02285781
-0.040755536
-0.065575865
-0.039141632
0.024134403
0.038784541
0.063473967
-0.036864059
0.049781864
0.050455105
-0.059316933
0.019450925
-0.048263426
-0.065053663
-0.049667084
0.017650018
0.042701506
0.061555625
0.004388815
0.041061808
-0.066713535
-0.018217226
-0.038473537
-0.072048664
-0.040872007
-0.01649071
0.0057009565
0.068351416
0.046421387
-0.067724448
0.014083283
-0.045161751
-0.067299398
-0.046894422
0.0093381461
-0.0096802615
0.069007969
-0.04612392
-0.02702725
0.039284662
0.072107942
0.039036687
0.007614923
0.025516069
0.03643831
-0.073785736
-0.013324355
-0.035234355
-0.072087568
-0.038226745
-0.0092228706
0.0098434361
0.072631271
-0.037870938
0.026819743
-0.067837673
-0.069607597
-0.044079789
-0.041793243
0.069328343
-0.041696318
-0.053387812
0.037083911
0.068512434
0.034502574
0.040050381
0.051108533
-0.07034828
-0.072031389
-0.035779198
0.04102564
0.070584316
-0.033163684
0.05206193
0.037032906
-0.010522038
-0.040807197
-0.037134861
-0.022794681
-0.037290271
-0.041418393
0.047405628
0.030289227
-0.011752761
0.039026794
-0.02907583
-0.02338734
-0.029707199
0.039041688
0.046566374
0.035800622
-0.034346783
-0.042707272
-0.033339619
-0.044956475
-0.032038209
-0.044230312
-0.051510325
0.045073541
-0.030591997
-0.056601202
0.0471408
0.052882725
0.026940697
-0.034516382
0.04008924
-0.024033617
-0.04488533
-0.022849651
0.041361059
0.048213314
0.045984387
-0.021369609
0.05365394
-0.036157087
-0.045815446
-0.029244975
-0.059659588
0.046839571
-0.028215071
-0.060705985
0.057246912
0.059951488
-0.038191115
-0.047619158
-0.019840837
0.057705193
0.049277589
-0.018486223
0.060165982
-0.016496739
-0.022092427
-0.030153972
-0.019388047
-0.01561257
0.01682896
0.021450688
0.0098605677
0.054833506
0.059456815
0.021435056
-0.020191129
0.048575632
-0.015870619
-0.034213067
-0.01189548
0.046416888
0.052217091
0.036767554
-0.0062116629
0.056767785
0.024860105
-0.013345667
-0.036824582
-0.022065612
-0.024462318
-0.023080595
-0.036573879
0.022581851
0.017973365
0.041502421
0.019893872
-0.01525744
0.034188998
-0.016002768
-0.025941388
-0.017348445
0.034126766
0.040217991
0.0303412
0.018974568
-0.035143608
-0.037421846
-0.015603589
-0.045165968
-0.014490994
-0.038260027
-0.044517329
0.047929449
-0.012794046
-0.050237006
0.012276952
0.041212022
0.010445549
0.040408916
0.046281596
0.012224863
-0.036135157
0.034867479
-0.0086902973
-0.045712699
-0.0075608977
0.035107423
0.040574952
0.05072629
-0.0053970704
0.046445409
-0.041535163
-0.050892638
-0.010770073
-0.055252266
0.053321462
-0.0086666018
-0.059075512
0.0070236671
0.048992811
0.0025350913
0.052018497
0.056743128
-0.045821958
-0.055336137
-0.002478849
0.052293434
0.058522794
0.00089307312
0.057263368
