FiniteElementSpace
FiniteElementCollection: ND_3D_P1
VDim: 1
Ordering: 0

0.053179575
-0.0045332443
0.04873287
-0.00020444426
0.056361801
-0.016660634
0.054119543
-0.01486369
0.057073867
0.058729371
0.056746278
0.052544171
0.061229222
-0.066209111
0.062280578
-0.068234152
0.062239743
-0.063411867
0.061999416
-0.063828072
0.069132281
0.069548513
0.071476739
0.072052593
0.058312243
-0.0090095327
0.058946194
-0.010780597
0.063078835
-0.017190596
0.063688279
-0.018440471
0.058503635
0.056221718
0.059599666
0.061939206
0.049793577
0.017213579
0.041852719
0.017738344
0.053069313
-0.0021104614
0.044494166
-0.00054567559
0.059746541
0.054982811
0.048035363
0.054378828
0.035032236
0.01280215
0.030479115
0.0098692648
0.042046203
6.2161122e-05
0.035987372
-0.00078806432
0.045533091
0.052123304
0.052495765
0.047516221
0.058841902
-0.049936529
0.060733174
-0.053088466
0.059015494
-0.057933701
0.061418702
-0.061704846
0.064238335
0.06400044
0.065031448
0.064800123
0.067851032
-0.041419022
0.069151112
-0.042367325
0.068230682
-0.047986418
0.069679212
-0.049049145
0.047776093
0.037679938
0.040145183
0.050253024
0.058564099
-0.038862842
0.049001976
-0.036474209
0.059083665
-0.047514237
0.049196264
-0.045263649
0.052270104
0.042509236
0.041058761
0.050622479
0.054437734
-0.034067666
0.047860232
-0.034536085
0.055836484
-0.043768636
0.049228254
-0.044668448
0.064675022
0.065103239
0.063866305
0.063707859
0.051601354
0.01041611
0.04860966
0.011097291
0.053811938
-0.0092574384
0.051171779
-0.0081798915
0.037787747
0.044777318
0.036042616
0.029685418
0.0344925
0.0003589447
0.028635965
-0.0023534863
0.035120274
-0.0055224055
0.02783915
-0.0075906793
0.021071044
0.025848664
0.030601978
0.02594906
0.054104814
-0.04599751
0.051654326
-0.043115478
0.051087308
-0.056058046
0.048370325
-0.05257884
0.0042421878
0.012144514
0.011480907
0.0026840596
0.054728446
-0.057437333
0.053546237
-0.056093237
0.054629172
-0.067569755
0.053822108
-0.0664686
0.041251824
0.04994482
0.05008881
0.041441033
0.036496401
-0.03835747
0.027842587
-0.040144354
0.037217119
-0.049474029
0.028613824
-0.051272124
0.043620968
0.051565173
0.051509197
0.043871485
0.041508434
-0.041193899
0.049639692
-0.04246457
0.043852759
-0.031370009
0.051482194
-0.032554134
0.033736163
0.042200825
0.044459076
0.035965189
0.068461108
-0.059820015
0.069375032
-0.060870042
0.068067122
-0.06061424
0.068583068
-0.061480342
0.051661582
0.040697338
0.041010774
0.052146638
0.057195706
-0.064542954
0.046513937
-0.063242455
0.055656534
-0.065847009
0.04488371
-0.06489955
0.049419476
0.038744447
0.036573955
0.046689223
0.052044141
-0.062249244
0.044084045
-0.062837199
0.048499122
-0.063160953
0.039976539
-0.063115338
0.075189957
0.071997105
0.069316395
0.072965173
0.062346472
-0.042353474
0.057450569
-0.037249427
0.06075293
-0.032816513
0.054657839
-0.026442889
0.06467711
0.062876857
0.063338972
0.065736303
0.065004855
-0.052143526
0.064406043
-0.052294916
0.063818001
-0.045674565
0.062855712
-0.045625303
0.044259273
0.035158647
0.034881389
0.043986111
0.049493747
-0.051167994
0.039036742
-0.050746598
0.047068737
-0.040281366
0.03680409
-0.039748001
0.043660284
0.034680586
0.034941475
0.043766103
0.034842814
-0.046598644
0.02623869
-0.045132161
0.030519419
-0.035469452
0.022495083
-0.034122552
0.066644594
0.06352041
0.063063581
0.066024598
0.056647378
-0.071852155
0.056214473
-0.071839652
0.057918211
-0.064539138
0.057309215
-0.064795203
0.038789956
0.049588676
0.054970664
0.044041357
0.04031815
-0.065541806
0.031980792
-0.066361504
0.041145594
-0.063566684
0.032897004
-0.063769739
0.05605387
0.066110981
0.066001596
0.056653155
0.060361898
-0.02702799
0.058449984
-0.027381422
0.060109822
-0.013555025
0.05771678
-0.013770429
0.045812234
0.054260544
0.056949386
0.048509301
0.040833384
-0.041275207
0.03322301
-0.040201649
0.039903319
-0.030923348
0.032570158
-0.029926732
0.051922738
0.0602374
0.059410292
0.051164807
0.022736377
0.0045169046
0.015678276
0.004835241
0.036333748
0.012209741
0.027626971
0.011442952
0.052741121
0.064293883
0.059458164
0.049520445
0.037357167
0.0032028818
0.029993363
0.0024216843
0.040221516
0.0096913996
0.031792909
0.0096901492
0.013205247
0.019101928
0.021285813
0.016526601
0.055164126
-0.0103819
0.052635038
-0.0081316249
0.059343226
-0.018657659
0.058336215
-0.01799998
0.059494383
0.059456426
0.061849704
0.059961358
0.049411108
0.0019462642
0.045598352
0.0022554486
0.056123033
-0.010259089
0.052630174
-0.010004597
0.059644811
0.062847967
0.062317659
0.058705842
0.044048333
0.0030383817
0.039459689
0.0040137323
0.050930654
-0.009596068
0.046926315
-0.0091274604
0.048632156
0.054675086
0.052981182
0.046074597
0.058001503
-0.028675679
0.057543903
-0.028985946
0.058649753
-0.039981722
0.059575774
-0.041958757
0.059579335
0.059588129
0.059210965
0.057792958
0.061716737
-0.027426425
0.061943493
-0.028122571
0.062906352
-0.036107885
0.064114471
-0.037917249
0.057746694
0.054091635
0.056224275
0.058758608
0.060686122
-0.021339987
0.057752883
-0.021543327
0.063683132
-0.03135683
0.061337865
-0.03221967
0.059278535
0.057622489
0.058214444
0.059363231
0.05565632
-0.021861336
0.05236342
-0.02219698
0.058755097
-0.033424715
0.056163071
-0.034708989
0.056233823
0.058675784
0.058151761
0.055146821
0.065274198
-0.062329084
0.066391987
-0.06416168
0.065683139
-0.062230075
0.065767595
-0.062876274
0.066599365
0.060492352
0.061204819
0.067771988
0.065427144
-0.062276664
0.062161149
-0.063446943
0.063768289
-0.063021461
0.059569505
-0.063225291
0.068320091
0.061283032
0.060509013
0.067933497
0.061035219
-0.06496078
0.057621987
-0.066631722
0.059490221
-0.063484363
0.054955875
-0.063786513
0.074374485
0.07279339
0.073081206
0.075565655
0.062943709
-0.05819115
0.061166743
-0.056729542
0.063048975
-0.050995521
0.059657064
-0.047611206
0.067243581
0.066989862
0.068348141
0.069702879
0.065748845
-0.060163903
0.064638307
-0.059417109
0.065306861
-0.056207855
0.062968608
-0.054025038
0.063632294
0.057437396
0.05741146
0.06413597
0.061497553
-0.061395335
0.05633356
-0.060441411
0.058700745
-0.057312258
0.052646066
-0.0551665
0.064319834
0.057115887
0.056415791
0.063963287
0.057220841
-0.059215665
0.051493318
-0.057896674
0.054271484
-0.052439445
0.047439885
-0.049495795
0.071659011
0.06930501
0.069546664
0.072701634
0.065163503
0.00083465994
0.06858349
-0.0050259181
0.068100144
-0.011151526
0.070229416
-0.014788077
0.051789419
0.043902866
0.044307701
0.054032794
0.06893074
0.0068158055
0.065521781
0.0051000627
0.069255078
-0.0091268644
0.064682615
-0.009663842
0.053899744
0.04234972
0.03795163
0.051055011
0.057957119
0.0034260247
0.055032499
0.0023160862
0.062422103
-0.010085131
0.058978038
-0.010293939
0.063499103
0.060772065
0.059299886
0.062826672
0.0657573
-0.025671432
0.066531928
-0.02663111
0.06715013
-0.033882813
0.068192835
-0.034766325
0.048578043
0.041034258
0.043806951
0.051345847
0.069100657
-0.022128036
0.070663917
-0.024317588
0.069239357
-0.031872718
0.070563537
-0.033143008
0.03114034
0.018445113
0.019370769
0.033256572
0.069023833
-0.022385044
0.063701507
-0.021999786
0.068577016
-0.033437593
0.062740893
-0.032348845
0.034521969
0.019594005
0.01906846
0.034757341
0.065310012
-0.021579172
0.06175424
-0.021338952
0.06716946
-0.031423584
0.063682864
-0.03105738
0.053243774
0.045675069
0.046411151
0.054090903
0.0579103
0.0112237
0.046104488
0.015129879
0.056274582
-0.0079558715
0.044203719
-0.0045432841
0.04545527
0.031368156
0.023328927
0.037540787
0.030844483
0.0070118873
0.013917974
0.014311851
0.029241338
-0.010591633
0.012960805
-0.0049669327
0.028472563
0.01519564
0.0090954685
0.020392031
0.030909564
0.019856411
0.0169002
0.023027331
0.033233988
-0.00041170873
0.019576952
0.0028590265
0.047284775
0.039314253
0.030611643
0.039681273
0.055578874
-0.016948908
0.046627248
-0.014822124
0.057401831
-0.028850788
0.048147242
-0.026482804
0.053759
0.045845902
0.04390372
0.052178383
0.054504393
-0.023302901
0.041670889
-0.019763608
0.052836727
-0.035853593
0.039123587
-0.031973552
0.03385734
0.017850887
0.016145405
0.031840674
0.026054654
-0.025786752
0.0093355063
-0.020798516
0.022538715
-0.039061643
0.0049258115
-0.034273272
0.02890834
0.014352813
0.013094361
0.025494617
0.034973493
-0.016524188
0.021050868
-0.012943741
0.036002946
-0.029975222
0.021454903
-0.026075377
0.049340094
0.04064298
0.036302913
0.045305697
0.041089225
0.016992045
0.035503643
0.0152579
0.047666832
0.0002689739
0.040919268
0.00044070579
0.057364588
0.060246797
0.056785597
0.055880623
0.028137523
0.023647118
0.017946146
0.021899868
0.031958785
0.0048735049
0.020283221
0.005769149
0.054516822
0.0522897
0.047397759
0.053501769
0.02508967
0.018243244
0.017699127
0.013316874
0.028165887
0.0057048042
0.017700537
0.0048190399
0.052301008
0.054353796
0.057730964
0.059871962
0.047556661
-0.01196873
0.040947578
-0.012019813
0.051675685
-0.023376355
0.045015287
-0.023444114
0.054756747
0.057824204
0.05786066
0.055252283
0.052880781
-0.013323245
0.045750055
-0.012390066
0.05675085
-0.024826621
0.049563477
-0.023815494
0.059108287
0.057977471
0.056915519
0.058610941
0.03601047
-0.0099440949
0.023336632
-0.0074677415
0.039418151
-0.022459089
0.026021742
-0.019141495
0.057919755
0.055025148
0.052260117
0.05697323
0.032029095
-0.0055647852
0.020060662
-0.0043833223
0.035702157
-0.016294668
0.02303069
-0.014208513
0.056773135
0.058369529
0.05934678
0.05939516
0.063467112
-0.04416926
0.065377986
-0.046798007
0.063820267
-0.051147061
0.066101881
-0.054228504
0.061107524
0.055647363
0.057776038
0.062701723
0.065540451
-0.040309342
0.063626403
-0.041820383
0.066534562
-0.048100336
0.064767395
-0.05006361
0.063688015
0.059172969
0.059659605
0.063921106
0.060670971
-0.043852763
0.058614918
-0.046027192
0.061727147
-0.052657533
0.059907288
-0.055452045
0.065153675
0.065638272
0.065686844
0.065145654
0.059446551
-0.063482807
0.061877721
-0.067268516
0.060218234
-0.066273168
0.062187419
-0.069460153
0.06814766
0.068357693
0.07021313
0.070393406
0.064215803
-0.056665636
0.066489679
-0.059772256
0.064726502
-0.060449938
0.066601063
-0.063130698
0.065371313
0.059340179
0.060943599
0.067018134
0.066815842
-0.054537431
0.064854237
-0.056625828
0.066443548
-0.059359253
0.063958935
-0.061181352
0.067934342
0.06174539
0.061506848
0.06783426
0.062111919
-0.059359286
0.060143255
-0.062327597
0.061889417
-0.06355195
0.059370698
-0.06614623
0.072126681
0.071440435
0.071688031
0.072913503
0.069094724
-0.040284172
0.070255623
-0.040977368
0.06886414
-0.047269146
0.069839101
-0.047632727
0.025547441
0.011559257
0.012278376
0.02747222
0.068058092
-0.042625188
0.06189042
-0.041080442
0.067510536
-0.050100562
0.061205524
-0.0483964
0.028901412
0.012869048
0.013291875
0.029662915
0.068331294
-0.039926984
0.06493218
-0.039629702
0.068965495
-0.047247294
0.065581426
-0.047108978
0.05196011
0.041911499
0.042756327
0.052683396
0.068460707
-0.053360464
0.069891534
-0.054506968
0.068560954
-0.057357419
0.069801079
-0.058505418
0.050596129
0.039594011
0.041091861
0.05221327
0.068516285
-0.052706542
0.069294315
-0.052959486
0.067925936
-0.05644639
0.068571009
-0.056816813
0.026845643
0.012855285
0.012694788
0.027841981
0.066934826
-0.055845614
0.060718291
-0.054320337
0.066330615
-0.059724212
0.060447976
-0.058730317
0.028459896
0.012680932
0.01281541
0.02857683
0.069138767
-0.053373329
0.065667044
-0.053407754
0.068865828
-0.058149304
0.065215977
-0.058320326
0.053028086
0.041910134
0.04187117
0.052833463
0.051483699
-0.046218635
0.037086084
-0.042121792
0.050597947
-0.054649824
0.035903624
-0.050673465
0.029624496
0.013533954
0.013620232
0.02870867
0.019684946
-0.050575437
0.001263394
-0.046070334
0.018129589
-0.060299402
-0.00063989753
-0.056478369
0.026908105
0.01362718
0.013698954
0.024301712
0.03630738
-0.041803376
0.020983429
-0.037726571
0.035945849
-0.052503262
0.019837065
-0.048469026
0.047681351
0.03835437
0.034404266
0.043400202
0.058990728
-0.054884218
0.048783025
-0.052887356
0.058336838
-0.060714241
0.047851852
-0.059048158
0.051482144
0.040838393
0.038687679
0.048861557
0.050259215
-0.061114969
0.035728612
-0.057688737
0.050476475
-0.06539704
0.036536077
-0.062935123
0.028076976
0.013057168
0.013312346
0.026829895
0.018138459
-0.067990923
-0.00033717481
-0.065364316
0.019640618
-0.073241316
0.0020610031
-0.072226144
0.024663598
0.013427751
0.013194191
0.021336943
0.035026436
-0.062007753
0.018213983
-0.058249032
0.033689056
-0.069761014
0.01631177
-0.066476453
0.044856801
0.03526699
0.030346946
0.03930046
0.059258683
-0.034931723
0.052036476
-0.034163094
0.06039766
-0.043937573
0.052994319
-0.043476978
0.063320527
0.059122849
0.057498866
0.061853042
0.041568574
-0.03379251
0.027534694
-0.030089023
0.042128541
-0.044452842
0.027428028
-0.04062201
0.059499902
0.05474324
0.050788977
0.05621183
0.038392822
-0.02685335
0.025300602
-0.024426809
0.039567378
-0.037246479
0.026069942
-0.034666739
0.06227401
0.061984108
0.059457375
0.060445553
0.055866879
-0.052051543
0.048996769
-0.053171287
0.05456603
-0.058391965
0.047210164
-0.059404932
0.072412343
0.070685857
0.068269307
0.070418047
0.060204542
-0.051779043
0.052422249
-0.051535257
0.058777327
-0.058103778
0.050457327
-0.05791024
0.066506194
0.060057733
0.057283837
0.063817454
0.041041798
-0.054338778
0.025620355
-0.050533954
0.038496869
-0.062831965
0.022363992
-0.059182503
0.059710331
0.053105281
0.047443012
0.054187846
0.038998353
-0.047120163
0.025048556
-0.044407221
0.036768805
-0.055819241
0.022399327
-0.053000683
0.066879237
0.064388535
0.059102844
0.061887331
0.051695364
0.0041789747
0.047162221
0.0079326368
0.054256982
-0.012856646
0.051443289
-0.010900359
0.050287851
0.054333013
0.047591398
0.042050573
0.042287058
0.0048717346
0.037451108
0.005310959
0.047561137
-0.0087088679
0.042886876
-0.0084540703
0.035521855
0.042094956
0.038794878
0.031796372
0.044580511
0.0050750071
0.039814544
0.0039993778
0.046961272
-0.0084657989
0.04152738
-0.0088177047
0.02351105
0.029252365
0.025559837
0.020372089
0.054755973
-0.027522624
0.052599598
-0.026182639
0.054904341
-0.043827439
0.053257912
-0.042395803
0.040701434
0.048076358
0.044057285
0.036956347
0.055454506
-0.028943088
0.054121226
-0.028463645
0.055801751
-0.043466512
0.055665172
-0.044165292
0.053801691
0.057659044
0.05468168
0.050042567
0.051150967
-0.022469067
0.046790946
-0.022625449
0.053485443
-0.035824117
0.049522936
-0.036572878
0.047201584
0.052310648
0.050824359
0.045553497
0.048425281
-0.022647888
0.042634755
-0.022552929
0.049257404
-0.036831248
0.043355693
-0.036562389
0.034371548
0.041150497
0.039599968
0.033144184
0.032792934
0.0066816277
0.028147194
0.0034444747
0.037503139
-0.0020431555
0.031238673
-0.0036428832
0.031756136
0.038497173
0.041772492
0.03596445
0.023009689
0.00785219
0.016547496
0.0025883577
0.023622071
0.0032240729
0.013846498
0.0010187082
0.044607859
0.048889352
0.059805013
0.05752901
0.022089013
-0.0018013528
0.014525811
-0.0047687998
0.019581641
-0.001688345
0.010008524
-0.0047419274
0.034809166
0.039840564
0.053161905
0.046920306
0.035569983
-0.014844219
0.02743385
-0.016628102
0.035980971
-0.026296568
0.02743578
-0.028033288
0.03328052
0.039487357
0.040780835
0.034646705
0.041153001
-0.012521118
0.03413675
-0.013464723
0.043944988
-0.023971224
0.036725577
-0.024929012
0.045255747
0.050434432
0.051294718
0.046381486
0.025365142
-0.0041290305
0.014134809
-0.0050109324
0.027562745
-0.013227279
0.015829163
-0.013676179
0.048972572
0.053524474
0.057242627
0.053111817
0.018225803
-0.0071723302
0.0077083211
-0.010599663
0.017823047
-0.015773213
0.0070176432
-0.019519691
0.037030852
0.043401538
0.047312787
0.040232008
0.054691098
-0.053384873
0.051965784
-0.049767004
0.05371906
-0.063842191
0.051146664
-0.060131968
0.021541827
0.03152921
0.031676251
0.021435513
0.046447388
-0.048759772
0.038574171
-0.047112109
0.045755607
-0.059871504
0.037942344
-0.057941753
0.021818344
0.032354218
0.033275408
0.022517082
0.046130154
-0.04519788
0.037568407
-0.043503008
0.042841387
-0.055535399
0.03441251
-0.053211252
0.0012561087
0.011173643
0.011228
0.00016747366
0.048481922
-0.063754388
0.045856016
-0.060440685
0.046417462
-0.068363208
0.044283028
-0.065961012
-0.00028672112
0.0081081648
0.0080618933
-0.0024150429
0.053042937
-0.070624003
0.050816942
-0.06740667
0.052798856
-0.073174533
0.051096887
-0.070942274
0.018148553
0.029065327
0.031872903
0.019793543
0.045799288
-0.067855989
0.038326242
-0.066042948
0.046672975
-0.071680615
0.039785488
-0.070396866
0.021756723
0.034935942
0.037713363
0.023714344
0.040758259
-0.063693214
0.032969877
-0.061392084
0.040055322
-0.068733027
0.033377297
-0.067245106
-0.0044995136
0.0082684838
0.0087109061
-0.0062353247
0.055810481
-0.055698161
0.056544196
-0.057264391
0.05590861
-0.064916294
0.057150778
-0.067003066
0.056969831
0.061841293
0.062100234
0.057105118
0.054971086
-0.047970662
0.051380317
-0.049370147
0.055930237
-0.058008953
0.052565527
-0.059944044
0.057456283
0.062372204
0.062457279
0.057763143
0.049785798
-0.050008783
0.043937686
-0.049790726
0.050306509
-0.060972934
0.044592664
-0.060945324
0.042120746
0.050613374
0.051206296
0.042961377
0.054875329
-0.073555361
0.054329539
-0.072801876
0.055569074
-0.074991132
0.055153337
-0.074623394
0.040015704
0.050141188
0.053642097
0.043421994
0.056371305
-0.070536941
0.057736389
-0.072755455
0.05728239
-0.072227383
0.05837763
-0.074163071
0.058634706
0.064807686
0.067555367
0.061858651
0.05655407
-0.065097594
0.053170336
-0.067274491
0.056885607
-0.068607729
0.0531859
-0.070601146
0.064847321
0.06991908
0.071373884
0.066991828
0.051012434
-0.068551492
0.045437398
-0.06875045
0.051946867
-0.071858961
0.046456482
-0.072222866
0.046939125
0.057077974
0.059787988
0.04991855
0.045987706
-0.035465503
0.038813104
-0.036766444
0.047303063
-0.046021106
0.04017941
-0.047672736
0.057793207
0.062197142
0.061521481
0.0574233
0.029584783
-0.023189154
0.01768294
-0.023484036
0.03092088
-0.033244533
0.018893398
-0.033302439
0.056695801
0.060472793
0.059202222
0.055832808
0.018159659
-0.025530711
0.0073989173
-0.029317531
0.01902365
-0.035048826
0.0084582997
-0.038486301
0.043702883
0.051064204
0.050496141
0.043375427
0.038162989
-0.058280946
0.02965991
-0.059945218
0.039253202
-0.063795777
0.030841018
-0.065128831
0.051794194
0.061216882
0.061030764
0.052213373
0.047850995
-0.05471047
0.040638742
-0.056476552
0.047569245
-0.060768631
0.040097326
-0.062292199
0.067794236
0.071499026
0.070044251
0.06695896
0.031259549
-0.042710701
0.019092068
-0.042318287
0.030522404
-0.050973746
0.018278692
-0.049977021
0.064427733
0.066953964
0.062343793
0.060348827
0.020219488
-0.043438108
0.0099218907
-0.04613015
0.021568011
-0.050221866
0.011598545
-0.051854626
0.051109784
0.059169588
0.055824147
0.048704316
0.047100314
-0.040243187
0.055553867
-0.040399685
0.050614736
-0.031122813
0.058094651
-0.030855817
0.050050661
0.056495103
0.05776404
0.051953929
0.060885449
-0.034879536
0.062727107
-0.032851732
0.062184477
-0.023884146
0.062707507
-0.020974813
0.054632507
0.059658926
0.061792616
0.05756573
0.055841759
-0.0323599
0.059511094
-0.033498533
0.056984757
-0.019917013
0.05991303
-0.020893903
0.039132819
0.047612942
0.051039792
0.042579584
0.045372025
-0.020258522
0.052556876
-0.021080966
0.045778737
-0.0080226652
0.052617458
-0.0081502782
0.050772338
0.057319951
0.06060312
0.054236404
0.052446295
-0.021167558
0.05894353
-0.020284807
0.052010215
-0.010626207
0.057611565
-0.0088955
0.061591208
0.06345118
0.065361785
0.064296896
0.061907379
-0.013272168
0.061365495
-0.0096433705
0.059746141
-0.0037153462
0.058612067
0.00031728372
0.065996877
0.066524977
0.06665797
0.066317538
0.057388015
-0.0079868739
0.059621428
-0.0085893593
0.056905306
0.0024791757
0.058618384
0.0024003518
0.05659714
0.062753244
0.063292475
0.057296268
0.066981789
-0.058331158
0.067649191
-0.059065254
0.065661505
-0.058229241
0.066572088
-0.05957548
0.028258471
0.014984039
0.014023117
0.028192781
0.06571957
-0.06155093
0.060403234
-0.061413554
0.065150161
-0.061162302
0.060576548
-0.062130301
0.02794944
0.013397865
0.013177681
0.027495124
0.068150691
-0.061322638
0.064267192
-0.061566084
0.067015372
-0.062603284
0.062881429
-0.062844053
0.052026944
0.040849494
0.040122902
0.051156833
0.06732259
-0.059634628
0.067433723
-0.06026453
0.066255734
-0.056815238
0.06599613
-0.057196449
0.048877312
0.038568502
0.038199388
0.048609428
0.064073542
-0.056072932
0.065454937
-0.058247595
0.062468756
-0.051895144
0.064475432
-0.055035817
0.027195755
0.015437315
0.014311861
0.026634467
0.064688909
-0.058481984
0.060933845
-0.06067836
0.06440314
-0.053574792
0.061402179
-0.056952727
0.026103113
0.013532819
0.013249816
0.025660185
0.065515108
-0.061726095
0.061140267
-0.061890457
0.063741008
-0.058509949
0.059136557
-0.058532409
0.048112723
0.037682128
0.037016089
0.047325924
0.051192055
-0.067205628
0.03815163
-0.066017915
0.052285391
-0.066287995
0.040285313
-0.066512896
0.026755504
0.013322978
0.013648207
0.025557695
0.022292674
-0.075571496
0.0059781845
-0.076332168
0.025564958
-0.074556603
0.010534733
-0.076915103
0.023561319
0.01378976
0.013185808
0.020178373
0.032085871
-0.074887683
0.014320437
-0.072206509
0.030359136
-0.07642572
0.012408913
-0.074385848
0.042786283
0.033345063
0.028579053
0.037422665
0.053811757
-0.064175416
0.043059595
-0.063519704
0.05174114
-0.059270069
0.041105842
-0.05880089
0.046192382
0.036181373
0.035074767
0.044626508
0.053576969
-0.062527478
0.04256865
-0.064089144
0.054833381
-0.056020772
0.044593284
-0.058614804
0.025302808
0.013482585
0.014052367
0.024888534
0.028839558
-0.069955085
0.014753545
-0.073383219
0.031511233
-0.061817998
0.017776349
-0.065514007
0.024043411
0.014516431
0.014119964
0.02204878
0.028620096
-0.073582993
0.010711624
-0.072125759
0.026931956
-0.065980621
0.009320258
-0.064965425
0.042479475
0.033433397
0.030748553
0.039506991
0.056280203
-0.06238326
0.047361896
-0.062061854
0.052936279
-0.064042925
0.043482467
-0.063452264
0.066358424
0.058707839
0.055740468
0.063419919
0.034869743
-0.068972914
0.01817025
-0.065641112
0.030646927
-0.071696316
0.013698397
-0.068900844
0.059046593
0.051497115
0.045888554
0.05329416
0.033229697
-0.062497319
0.018633125
-0.059727501
0.028915832
-0.066264637
0.014467583
-0.063873986
0.068800426
0.064971804
0.059082581
0.062807534
0.044213224
-0.060836534
0.035333184
-0.06012082
0.039533848
-0.05523321
0.0306172
-0.053995683
0.072499711
0.068816204
0.066953464
0.070842396
0.04901053
-0.062596078
0.039199737
-0.061665697
0.044786265
-0.057767534
0.034876035
-0.056516315
0.06288264
0.05519693
0.05336637
0.06095808
0.026337832
-0.070093742
0.0096229423
-0.068096536
0.022386677
-0.063668992
0.0064976438
-0.062728185
0.058169627
0.050861241
0.047666282
0.054639892
0.024433247
-0.066354993
0.010662707
-0.064822997
0.02033561
-0.062290638
0.0078482559
-0.062145724
0.067669808
0.063936701
0.059921511
0.063088792
0.064285889
-0.050488034
0.06080933
-0.047002109
0.062733843
-0.043165059
0.058307466
-0.03867765
0.058629926
0.05226989
0.052065248
0.058659027
0.055531133
-0.050828574
0.04873589
-0.047625005
0.052205624
-0.042156414
0.044852395
-0.038182345
0.058659182
0.051903552
0.051767505
0.058578013
0.050796803
-0.043606076
0.043089624
-0.039295589
0.047066217
-0.03328441
0.038808858
-0.028095352
0.066473949
0.06364609
0.063719163
0.066793354
0.058319519
-0.022912048
0.051510797
-0.015943494
0.055207517
-0.01310884
0.0483238
-0.0064058093
0.064086407
0.060476942
0.060058209
0.063123129
0.060811851
-0.034423779
0.055691588
-0.029381315
0.058758313
-0.024465005
0.053235255
-0.019422916
0.055371686
0.049170425
0.049571837
0.055433216
0.048984859
-0.03165727
0.041242414
-0.027312372
0.046139521
-0.019813827
0.038122039
-0.015545258
0.055557152
0.050036342
0.050623284
0.055863406
0.043439874
-0.022098071
0.035002394
-0.016683775
0.040321775
-0.010650018
0.032067656
-0.0057438964
0.062097955
0.059659717
0.059503895
0.061368242
0.061226137
-0.045860475
0.06385161
-0.049974034
0.060816431
-0.038287092
0.063810888
-0.043198573
0.025590371
0.016206009
0.015437187
0.025215662
0.064339484
-0.046686696
0.061857508
-0.050996874
0.064500335
-0.038268868
0.062113485
-0.043043051
0.024893224
0.014721385
0.014295135
0.024754178
0.061811886
-0.052909138
0.05695838
-0.052732241
0.059856561
-0.0450536
0.054667921
-0.044618204
0.043779184
0.034665333
0.034580644
0.043662201
0.063024982
-0.037543653
0.061566261
-0.037302296
0.062979892
-0.027976922
0.060737179
-0.027491706
0.042292447
0.035181614
0.035594372
0.042828508
0.061744089
-0.02965848
0.064548679
-0.034966251
0.064454712
-0.020630214
0.06616145
-0.025670294
0.02831609
0.022217359
0.021416335
0.028300644
0.064816283
-0.028983887
0.061909791
-0.03353889
0.065103256
-0.019690156
0.060892832
-0.023155994
0.028018305
0.020076416
0.01856606
0.027653464
0.057985625
-0.03527485
0.052274756
-0.034498045
0.056246683
-0.024113513
0.049699578
-0.022852117
0.043381792
0.035920114
0.036242562
0.043997889
0.05577397
-0.047128909
0.045949635
-0.050241818
0.056079087
-0.036499229
0.046263644
-0.039466547
0.024887881
0.01430993
0.014735943
0.025260333
0.0330814
-0.050561521
0.019059278
-0.053606428
0.033235535
-0.036997085
0.01851762
-0.038577955
0.025613939
0.015261214
0.015202283
0.02535253
0.025299081
-0.053853325
0.0082825789
-0.053092054
0.023663634
-0.038184381
0.0076076397
-0.037490821
0.043901105
0.035188335
0.035013689
0.043876241
0.04439511
-0.027449876
0.034288551
-0.026633415
0.041309741
-0.013957963
0.03129733
-0.012679068
0.044709074
0.036627524
0.037055184
0.0454775
0.055398762
-0.02505673
0.045228778
-0.02716224
0.053356066
-0.013961228
0.042628716
-0.014576726
0.027372013
0.01722816
0.016272039
0.027239914
0.031896628
-0.022321359
0.016592868
-0.021996892
0.029243714
-0.0080644397
0.014229534
-0.0060468261
0.027124006
0.015661429
0.015005617
0.026557478
0.021909691
-0.02075914
0.0072750607
-0.020004674
0.019874804
-0.0041281057
0.0072455177
-0.0032925395
0.046126035
0.037335327
0.036967834
0.046211503
0.040538366
-0.049594742
0.030806073
-0.048128204
0.036506131
-0.038495984
0.027176113
-0.036974813
0.058394117
0.051657096
0.05158042
0.058124097
0.019093819
-0.052552827
0.0046344297
-0.052847942
0.016555512
-0.037648839
0.0040132509
-0.039186311
0.057832946
0.051545634
0.051556396
0.05764904
0.017008732
-0.054022757
0.0063599182
-0.055681923
0.014580905
-0.042025934
0.0061026593
-0.045594619
0.064980496
0.062427695
0.061774489
0.063615731
0.026902654
-0.022621473
0.019531472
-0.021672632
0.024256359
-0.0089777843
0.017323543
-0.008490759
0.061248074
0.059793897
0.060677185
0.061956337
0.032868095
-0.025297332
0.024035868
-0.023870013
0.029721288
-0.011214437
0.021286958
-0.0099108115
0.05646439
0.051384656
0.052319557
0.057428507
0.014629689
-0.020689308
0.0042361174
-0.023197063
0.012933537
-0.0041880256
0.0045362552
-0.0070090262
0.058751272
0.053324169
0.054095002
0.060298713
0.012872734
-0.027328761
0.0064597824
-0.032386674
0.011394146
-0.011472689
0.006267071
-0.016877209
0.063600362
0.062231483
0.064446038
0.066178764
0.058535962
-0.069979503
0.058984469
-0.071228137
0.059877835
-0.064129642
0.059350239
-0.064346491
0.05870724
0.065409375
0.069393889
0.063595614
0.056841668
-0.068242981
0.052540316
-0.069586349
0.05627109
-0.064099918
0.051156932
-0.064395084
0.068009079
0.072815873
0.075028959
0.071203581
0.05300005
-0.070499177
0.047505781
-0.070899118
0.053954109
-0.064666791
0.048361692
-0.064955128
0.049171328
0.060030543
0.063968795
0.053401933
0.059121808
-0.053854288
0.05818121
-0.054259493
0.060000991
-0.040914924
0.058604424
-0.041345369
0.040057408
0.050275367
0.055474158
0.045191854
0.060976081
-0.055324225
0.059230253
-0.054276165
0.061502447
-0.044442318
0.05842682
-0.042052482
0.058569786
0.064366139
0.067994846
0.063195873
0.055033929
-0.056658637
0.049018768
-0.055675275
0.053078098
-0.046709024
0.046219998
-0.044447595
0.067206178
0.071034775
0.072980837
0.070013555
0.054563731
-0.055123549
0.048802239
-0.055186637
0.054645339
-0.043060066
0.048691506
-0.04285947
0.049912571
0.060116108
0.06356518
0.053596383
0.046419209
-0.063678832
0.038586874
-0.064622635
0.044427723
-0.063222439
0.036268006
-0.063390751
0.072564815
0.075504139
0.07389732
0.071687253
0.028851281
-0.057480473
0.016724905
-0.055914741
0.026555058
-0.061738791
0.014863439
-0.059885111
0.06840022
0.070078461
0.064117988
0.062741797
0.022906309
-0.055222211
0.013345679
-0.055630797
0.024090485
-0.058430467
0.015041651
-0.057638763
0.054988779
0.063440322
0.058467757
0.051130716
0.041548877
-0.058353159
0.033442912
-0.057955492
0.041433389
-0.050650769
0.033545686
-0.04979417
0.055701014
0.065288839
0.064898494
0.055814871
0.041715942
-0.059484987
0.033405306
-0.058893818
0.038507712
-0.052818271
0.030320197
-0.051695699
0.071139878
0.073426936
0.072102788
0.070251297
0.024027224
-0.063323178
0.013170301
-0.061682892
0.021645872
-0.061884374
0.012038512
-0.061072711
0.067163996
0.068888502
0.063805697
0.061826748
0.025002662
-0.059865263
0.01656533
-0.058089678
0.025562015
-0.059436
0.017792664
-0.057050489
0.053688593
0.06216173
0.057000157
0.049262303
0.061204466
-0.032494244
0.056856832
-0.028871447
0.059952248
-0.020517285
0.054584535
-0.01596706
0.060339675
0.063844058
0.065568105
0.062658042
0.050489921
-0.03523118
0.042987599
-0.031935084
0.047503841
-0.023255788
0.039665238
-0.019374051
0.064330708
0.066794032
0.067414798
0.065245703
0.054141712
-0.029883204
0.048033525
-0.02947378
0.053139578
-0.016984528
0.046974508
-0.01650596
0.050489397
0.058910756
0.060034039
0.051654394
0.059257074
-0.0017938339
0.056523847
-0.0018651019
0.057910414
0.0071065159
0.055075068
0.007119614
0.056311762
0.062249485
0.060056071
0.054054947
0.057752469
-0.0094855932
0.051813565
-0.004504233
0.05473067
-0.00024436934
0.048843932
0.0044990013
0.06531798
0.065819533
0.064328774
0.063395076
0.044470279
-0.011730648
0.036663938
-0.0078472518
0.041793497
-0.0014120325
0.034395082
0.0018322536
0.061147653
0.062657519
0.061313001
0.059221555
0.051841018
-0.005544855
0.045757435
-0.0051921934
0.050506063
0.0035863973
0.044651823
0.0035981534
0.05120818
0.057390599
0.054993643
0.048530267
0.035113478
-0.043765311
0.027332135
-0.042484015
0.031891904
-0.032959602
0.024702312
-0.031922673
0.065331104
0.067369823
0.066625515
0.064513892
0.019671927
-0.057162158
0.011643929
-0.057734304
0.018170223
-0.048996804
0.011823094
-0.051232054
0.062681932
0.065159068
0.062946319
0.059654564
0.025723202
-0.056831403
0.018590934
-0.054305072
0.025458744
-0.051451739
0.018786705
-0.04925924
0.049143202
0.057359008
0.053769264
0.045479861
0.038869307
-0.020040302
0.031726558
-0.019412554
0.037962111
-0.0087434026
0.030832953
-0.0087302617
0.046648464
0.053476181
0.053143232
0.045858046
0.029197197
-0.021012167
0.022591699
-0.020524872
0.027325425
-0.0084013464
0.021034458
-0.0085581317
0.058155501
0.060727313
0.061172018
0.0582495
0.01697167
-0.037334918
0.011988068
-0.04101495
0.015682562
-0.022233575
0.011093022
-0.026452883
0.059477469
0.062715925
0.065225407
0.061459874
0.024747486
-0.042405111
0.018151546
-0.040922563
0.023572362
-0.028567296
0.016410924
-0.027969976
0.045947756
0.053857049
0.05495996
0.046068501
0.027066718
0.0022145183
0.018688572
0.0036264686
0.037733144
0.013370489
0.028460234
0.012880309
0.072973676
0.077097934
0.070526997
0.066965297
0.010881488
0.0088266124
0.0038498987
0.0068349483
0.018699918
0.008760158
0.008827785
0.0068621893
0.057437067
0.059446106
0.044803772
0.045044371
0.0093782151
0.0037190652
0.0039047584
-3.5005396e-05
0.018484083
0.0052342811
0.0091656237
0.0039484304
0.045350585
0.052352905
0.043462665
0.040658185
0.046006425
0.021581888
0.036163074
0.020045904
0.052658904
0.031421298
0.042068504
0.02960352
0.054898544
0.059396236
0.058131475
0.054630259
0.045090533
0.025172909
0.035074085
0.023358881
0.049985662
0.036079407
0.03938315
0.033672015
0.060830519
0.058651518
0.056144301
0.058795181
0.024087093
0.013663322
0.01270291
0.011271397
0.027672057
0.021171857
0.015627478
0.018367664
0.05564661
0.052315328
0.047740032
0.051779457
0.025221789
0.010114831
0.013639082
0.010051229
0.030073631
0.017310258
0.017303143
0.017769514
0.053940334
0.056075339
0.053471068
0.052962773
0.026475335
0.0046254516
0.019931944
0.0040167072
0.037210475
0.01068666
0.028867999
0.010061388
0.028454752
0.040186451
0.038828278
0.02898264
0.013693354
-0.0038024869
0.0077426461
-0.0069164907
0.020115536
0.0030558461
0.011186509
0.0025995486
0.030600007
0.037705357
0.037237856
0.033689846
0.0219223
-0.0087760453
0.013269715
-0.0089696054
0.022903899
0.0026179752
0.013879207
0.0031436891
0.021051611
0.024918791
0.030270452
0.026930115
0.042592797
0.018191983
0.033567164
0.018661854
0.044721125
0.02807914
0.035395342
0.028855658
0.025053461
0.032339663
0.035192233
0.02848106
0.045007501
0.018908994
0.035529054
0.018274751
0.050611894
0.028402861
0.040467162
0.027899811
0.040344948
0.048204783
0.049049849
0.042282402
0.025177669
0.010759467
0.014356699
0.011845905
0.029146338
0.01924454
0.017143793
0.021118065
0.044359078
0.049809449
0.050551304
0.046610489
0.024069445
0.012959265
0.014485917
0.013893748
0.025405456
0.022832579
0.015113685
0.024053247
0.031980569
0.038242596
0.041514254
0.035571896
-0.054107507
-0.050406196
-0.057766531
-0.056071357
0.0035935396
-0.046302859
0.0012662361
0.014610953
-0.053347945
0.013720659
-0.0015482899
0.012540092
-0.057901209
-0.058537723
-0.057353647
-0.054785604
-0.059761641
-0.059673879
-0.057791682
-0.058468409
0.025441809
-0.058172155
0.025935629
-0.058582604
-0.056086446
0.026279288
-0.052109876
-0.06316094
-0.064304514
-0.063899536
-0.063815032
0.06409419
-0.063280825
0.065946834
0.063253892
-0.061573868
0.063650042
0.067838538
0.063983009
-0.06844591
-0.068653167
-0.070360122
-0.071271828
-0.064312019
-0.062786231
-0.065571942
-0.066409178
0.060076428
-0.059182286
0.058760894
-0.06676051
-0.071544876
0.057254817
-0.073530408
-0.061036627
-0.063260145
-0.065373088
-0.066790224
0.00035778217
-0.063217355
0.0034108507
0.012456796
-0.065805408
0.014036608
0.004964277
0.014884164
-0.052165311
-0.046846323
-0.049745936
-0.05509769
-0.067585678
-0.068688128
-0.039151012
-0.041214304
0.0232957
-0.067291832
0.023906172
-0.041887271
-0.051296163
0.024392827
-0.05682452
-0.054243423
-0.044559417
-0.055112545
-0.045046904
-0.017043762
-0.031447149
-0.021087415
0.0035963197
-0.032122362
-0.00013544751
-0.022817147
-0.0026374828
-0.055900105
-0.049358069
-0.045729645
-0.05312152
-0.055572748
-0.045013137
-0.038357489
-0.034255207
0.019625571
-0.031722746
0.015834112
-0.029162347
-0.040633112
0.01282643
-0.048950963
-0.037622079
-0.032702724
-0.044792574
-0.038511586
-0.020193843
-0.026542107
-0.016643375
-0.0043937492
-0.030249691
-0.0039405276
-0.012248895
-0.0027927904
-0.049936654
-0.054599708
-0.054978981
-0.051192014
-0.050459189
-0.04372344
-0.057707547
-0.057068295
0.0088439572
-0.034495609
0.0078078301
-0.056477066
-0.056374082
0.0074327189
-0.054323082
-0.061036377
-0.063067387
-0.061292526
-0.06377969
0.04491323
-0.063291257
0.04763722
0.052706721
-0.064336405
0.056010387
0.05039212
0.059401113
-0.06646265
-0.066421625
-0.067954651
-0.067972861
-0.061706449
-0.06419639
-0.063414761
-0.065112727
0.058685163
-0.064649752
0.062057472
-0.066121562
-0.068939944
0.0655432
-0.06909795
-0.069060799
-0.070154568
-0.06924131
-0.070342225
0.041015282
-0.0686213
0.040796592
0.047927347
-0.068814743
0.047666623
0.041272192
0.048285043
-0.049118049
-0.038417631
-0.040473578
-0.051237122
-0.069248173
-0.070284495
-0.025836908
-0.027366667
0.053493754
-0.068751374
0.053355235
-0.02845588
-0.041827079
0.054099491
-0.05255253
-0.055842499
-0.044256132
-0.05580631
-0.043871872
0.043597792
-0.029643095
0.03956887
0.052991586
-0.028722272
0.049131229
0.036172099
0.045831349
-0.051961145
-0.041646801
-0.039842065
-0.049797904
-0.055707505
-0.043617611
-0.028722122
-0.027669404
0.060808402
-0.028171698
0.057399195
-0.025709905
-0.036764647
0.054372573
-0.046276753
-0.057441353
-0.050721733
-0.058747493
-0.051927355
0.031175682
-0.040865973
0.02965867
0.041079928
-0.041778822
0.039749745
0.028901893
0.039199596
-0.069021792
-0.068308049
-0.066406813
-0.067458633
-0.058614519
-0.051461474
-0.065231586
-0.063090079
0.050015376
-0.040878368
0.04885058
-0.059749034
-0.063389795
0.048414055
-0.064821576
-0.051362548
-0.047434522
-0.053753632
-0.050933924
-0.0065680571
-0.042888028
-0.0077939285
0.010067729
-0.046842282
0.0091622963
-0.0076485733
0.0087089292
-0.039530325
-0.046558324
-0.040260748
-0.033664695
-0.054837707
-0.053059176
-0.051999837
-0.046085883
0.02615434
-0.049474642
0.025600062
-0.04149174
-0.035502086
0.024755635
-0.029357783
-0.033163509
-0.028062045
-0.035969173
-0.029297123
-0.0028993551
-0.022425128
0.001150309
0.0010966649
-0.021468406
0.0036154875
0.0042492609
0.0063377463
-0.027500877
-0.032925911
-0.035648819
-0.030278659
-0.038124827
-0.030628308
-0.038635051
-0.041078696
0.0088795558
-0.021716427
0.010796062
-0.046254893
-0.040995075
0.013484186
-0.035250164
-0.054572911
-0.051669524
-0.052744572
-0.049824931
0.048611913
-0.045849852
0.045608859
0.059278013
-0.044074497
0.055883694
0.043284344
0.052940272
-0.0021329739
-0.010245452
-0.0099039888
-0.00026608985
-0.051234038
-0.048602329
-0.019945622
-0.020774768
0.067021855
-0.04328312
0.063892231
-0.021988148
-0.0098530226
0.061045821
0.0015313892
-0.055058329
-0.054871607
-0.055104149
-0.055371429
0.054148323
-0.052229323
0.054454685
0.064323447
-0.053033709
0.065035253
0.053517012
0.064326895
-0.04077102
-0.050224887
-0.052186122
-0.042696393
-0.055517386
-0.055974083
-0.058030314
-0.059845898
0.070808265
-0.053749801
0.071781415
-0.061618878
-0.054270391
0.071387173
-0.044889488
-0.041193268
-0.033369438
-0.04228889
-0.034524093
0.030006692
-0.024008369
0.031968174
0.040608844
-0.02519749
0.042573339
0.034808371
0.045268842
-0.048085093
-0.056840401
-0.056635054
-0.048345074
-0.043083304
-0.035321474
-0.063288173
-0.062597301
0.049733304
-0.025998632
0.051432398
-0.060823258
-0.05535772
0.053716235
-0.047611945
-0.04420815
-0.052693992
-0.047308726
-0.054988646
0.036478814
-0.058583848
0.036742583
0.025606197
-0.059829111
0.025405165
0.038080166
0.026600842
-0.040810168
-0.048457569
-0.051239027
-0.043660813
-0.049103584
-0.055980333
-0.054798917
-0.057097494
0.01452567
-0.05983051
0.013690459
-0.059423465
-0.054088513
0.014475099
-0.046644838
-0.068545867
-0.069349287
-0.067697957
-0.06844784
0.060080751
-0.067842162
0.060536334
0.060762526
-0.067029105
0.061635714
0.061302344
0.06227881
-0.050711801
-0.040007968
-0.039886798
-0.050740351
-0.066525906
-0.067320063
-0.028010828
-0.027602536
0.059494227
-0.066048284
0.060823435
-0.027131213
-0.039452383
0.06127621
-0.050343784
-0.055364769
-0.043563139
-0.055106823
-0.043670127
0.070143842
-0.028280702
0.068301987
0.070561183
-0.028732695
0.069609999
0.066198621
0.068035666
-0.047869255
-0.037455315
-0.035707004
-0.045586287
-0.054751745
-0.043730814
-0.025999529
-0.025127518
0.067524427
-0.029193786
0.067338154
-0.023615643
-0.033133086
0.066240301
-0.042390445
-0.054425229
-0.046093491
-0.050755759
-0.04183459
0.062725402
-0.03448185
0.061638367
0.065033997
-0.029924223
0.063964381
0.060984425
0.063164806
-0.074440817
-0.070871419
-0.068483811
-0.072416847
-0.046409207
-0.037095283
-0.064937745
-0.062369554
0.063767283
-0.02523823
0.062831315
-0.05858829
-0.06460524
0.062063172
-0.068565069
-0.063292423
-0.058878054
-0.061681156
-0.056141211
0.047480906
-0.052719258
0.042874949
0.03867076
-0.04905851
0.032949953
0.037859859
0.026790254
-0.064009689
-0.061283081
-0.061286946
-0.064120206
-0.05942366
-0.053157311
-0.056555499
-0.056522631
0.02868263
-0.045515315
0.02246494
-0.056535405
-0.061231344
0.015866664
-0.064022577
-0.063880792
-0.064940364
-0.06302537
-0.064083492
0.05088564
-0.063928229
0.053032638
0.043733522
-0.06295476
0.04608047
0.053008412
0.045798821
-0.042644248
-0.03441363
-0.03442663
-0.042674073
-0.063023469
-0.063734498
-0.026063591
-0.025897462
0.035063242
-0.062089723
0.037313715
-0.02567166
-0.034482731
0.036741449
-0.042800159
-0.053461427
-0.043085701
-0.052276302
-0.041997962
0.05083997
-0.029225489
0.05126844
0.038107413
-0.028395882
0.038243913
0.050711011
0.037680998
-0.043542098
-0.035065066
-0.035665726
-0.044213999
-0.050470712
-0.040115164
-0.025652952
-0.026019967
0.023860121
-0.026838336
0.023354349
-0.026462575
-0.036314705
0.022608461
-0.044994305
-0.0370394
-0.027872043
-0.032688185
-0.024022917
0.04957067
-0.01745141
0.049535695
0.037295341
-0.014846756
0.037988005
0.049763692
0.039111594
-0.063674834
-0.061233608
-0.061483977
-0.063672236
-0.028941864
-0.020876419
-0.056879544
-0.057344537
0.022850547
-0.012981543
0.024233109
-0.058094605
-0.062041794
0.026216367
-0.063919493
-0.057623901
-0.057630541
-0.058991945
-0.058378855
0.070810449
-0.054925826
0.07154066
0.06444731
-0.05508971
0.064630257
0.071684044
0.064875461
-0.038959976
-0.04963345
-0.055205729
-0.044425657
-0.060183063
-0.058742096
-0.058533153
-0.063547388
0.054675074
-0.054710115
0.054107686
-0.068008177
-0.060340617
0.054324996
-0.049637191
-0.043395451
-0.035368118
-0.042711379
-0.034545061
0.060769894
-0.026013566
0.061157616
0.062057085
-0.025331373
0.061687495
0.061915645
0.061551577
-0.056416981
-0.066371321
-0.066173823
-0.056862684
-0.041418393
-0.033242144
-0.07257027
-0.071693729
0.060526581
-0.024396145
0.059606864
-0.068388869
-0.063453334
0.05869461
-0.054944073
-0.06087833
-0.057543387
-0.06002332
-0.055903703
0.029414693
-0.051991466
0.027293903
0.016498565
-0.049846588
0.013892651
0.027239156
0.013728445
-0.050546509
-0.05779608
-0.058339373
-0.051088666
-0.058329077
-0.053749426
-0.062418993
-0.062850285
0.0050063347
-0.047527839
0.0022931363
-0.06273036
-0.058198206
0.0021232467
-0.050884587
-0.037458672
-0.029846804
-0.035264434
-0.028136744
0.04980442
-0.022437964
0.04897138
0.040995217
-0.021558422
0.040789603
0.047368968
0.039381657
-0.049374966
-0.05693739
-0.056139713
-0.048387123
-0.033323526
-0.026631892
-0.061749267
-0.061203229
0.029979576
-0.020632608
0.030565911
-0.060588962
-0.055093425
0.02966587
-0.04704131
-0.023947776
-0.016296049
-0.036786081
-0.027804946
-0.0060203928
-0.0093904847
-0.0049743606
-0.010690331
-0.018365441
-0.0094599848
-0.0032986184
-0.008311011
-0.053680441
-0.061222642
-0.058500787
-0.052201671
-0.045793112
-0.035832769
-0.06574147
-0.062092311
-0.018117863
-0.024798044
-0.016504001
-0.056201388
-0.054243362
-0.015504804
-0.049967566
-0.03119764
-0.024440327
-0.038506397
-0.030188972
0.00063115586
-0.017541277
0.0021017022
-0.0066440493
-0.021449927
-0.0063318146
0.0027296059
-0.0064936453
-0.020113365
-0.026596776
-0.029138127
-0.023444164
-0.043925249
-0.034667299
-0.035020975
-0.036359169
-0.015098498
-0.024738796
-0.015460249
-0.038140082
-0.032293336
-0.016070061
-0.027200395
-0.056481858
-0.055452486
-0.061097938
-0.060877541
-0.053319655
0.0049543404
-0.059172326
0.015044013
-0.055704225
-0.057843511
-0.063756213
-0.064258235
-0.063091974
0.024902688
-0.059038191
-0.049998388
-0.055794476
-0.010296008
-0.045249728
-0.0096313107
0.0052359373
-0.050496861
0.0048724537
-0.0088422338
0.0047199991
-0.059230621
-0.058270675
-0.059983308
-0.057133346
0.017934512
-0.054638862
0.017241742
-0.058429651
0.016944532
-0.042043201
-0.049630762
-0.0079517894
0.00476492
-0.0069280223
0.0050156874
-0.05506072
-0.050352319
-0.055166769
0.016962195
0.01721817
-0.060670325
-0.061829446
0.035684485
-0.061338861
0.037426152
0.039120303
-0.061814669
-0.061557295
-0.061936767
-0.061263479
-0.059021333
-0.060369732
-0.061192743
-0.062032915
-0.060715292
-0.065151375
-0.066287501
0.0332499
-0.065659904
0.034213889
-0.054263555
-0.056437145
-0.065855748
-0.067479081
-0.047335764
-0.050007574
-0.06726622
0.042679003
-0.051917791
-0.057919923
-0.062917546
0.028613322
-0.057703456
0.028008602
0.028025242
-0.058588364
-0.061445262
-0.064804969
-0.052871323
0.037849783
-0.059679454
0.037515211
-0.052724806
-0.058373337
0.038005531
-0.06113327
-0.05903609
-0.054675549
0.028497382
0.029246604
-0.061857925
-0.060204133
-0.061507655
0.039091263
-0.061463097
0.040510433
-0.059782325
-0.067200014
-0.068225034
-0.067228599
-0.067512225
-0.067183348
0.062497817
-0.065737967
0.062801154
-0.059438155
-0.059731599
-0.066903193
-0.066352828
-0.063784919
0.060977451
-0.059561559
-0.06369874
-0.061606042
0.062010842
-0.057331366
0.062031305
0.063508094
-0.054724186
0.063230588
0.062576648
0.063111645
-0.058745131
-0.066347733
-0.058994148
-0.049417088
0.062424351
-0.051656754
0.061734697
-0.057128962
0.0608041
-0.06004198
-0.057243244
0.063567956
0.063184174
0.064853303
0.063417453
-0.071822
-0.074723131
-0.053706412
0.059789439
0.058795512
-0.064160021
-0.061135875
0.054729743
-0.056177328
0.05166756
0.048289067
-0.065864169
-0.064920056
-0.065847608
-0.067719956
-0.061156796
-0.061376822
-0.06143928
-0.066502835
-0.0691569
-0.066149674
-0.064761845
0.058192805
-0.061415725
0.057026179
-0.054873789
-0.054671607
-0.064994875
-0.062830817
-0.04654346
-0.046171311
-0.058769059
0.051033732
-0.045746445
-0.054380491
-0.056014335
0.058520873
-0.048325139
0.057365916
0.055606272
-0.053922915
-0.061201448
-0.05283218
-0.045252091
0.051766557
-0.044903516
0.050162527
-0.0446727
-0.053238738
0.047693552
-0.060553673
-0.049644178
-0.041721543
0.053523272
0.051354913
-0.066676843
-0.06990122
-0.045330664
0.044749664
-0.0662105
0.041680198
-0.069745195
-0.071296856
0.0077678388
-0.075112378
-0.07140762
-0.0062405435
-0.074066463
0.030802925
0.029500951
-0.0078735427
-0.074816225
-0.0037300306
0.007206922
-0.072689768
0.010157719
0.026105577
-0.028209371
-0.02890264
-0.070162169
-0.01841126
-0.072428029
-0.012937561
-0.012338704
0.020061435
-0.070549445
0.022213372
-0.01063597
-0.028272816
0.0076142259
-0.069779492
-0.0086194088
-0.066736126
0.020779521
-0.0068308758
-0.059855438
-0.0095642179
0.010384747
-0.056117552
0.0082861612
0.014020123
-0.01062944
0.0068277542
-0.026274781
-0.040957674
-0.022329067
-0.063873371
-0.0079073476
0.024944865
-0.05223618
0.02271389
-0.0044558218
-0.023044477
0.020702654
-0.060371022
-0.062010344
-0.010717582
0.0058574324
-0.051221328
-0.063001903
0.01908442
-0.068613089
-0.069669012
0.032807767
-0.068147821
0.032852442
-0.038248383
-0.040934964
-0.026953489
-0.029069055
-0.030585231
-0.042889342
-0.068754583
-0.029028501
-0.07076968
0.0024500119
0.0019811397
0.031103252
-0.068514581
0.032545652
0.0011054596
-0.013358639
-0.014298727
-0.067617043
-0.038193994
-0.069274957
0.0026238566
0.0033589642
0.040500772
-0.066636879
0.041275812
0.0040020287
-0.014894604
-0.033978198
-0.061190019
-0.00010302398
0.03726634
-0.048537272
0.034541194
-0.0014290669
0.031982088
-0.015099448
-0.031325492
-0.043749971
-0.058795903
0.0044406264
0.047484678
-0.045427766
0.044289397
0.0044901028
-0.014925599
0.041370313
-0.031163019
-0.063609352
-0.055784127
0.029943444
-0.043887965
-0.06395797
0.039144175
-0.043755485
0.0053189097
-0.04560799
-0.012393915
-0.041396066
0.006732916
-0.0028303662
-0.02856904
-0.01079232
0.014522072
-0.024014764
0.0085538586
0.00029546293
-0.01897706
-0.02756801
-0.036194468
-0.00087819659
0.02978321
-0.017302801
0.024281583
0.0018679733
-0.014815633
-0.00091983436
-0.011489691
-0.016632783
-0.0065288854
-0.0034192025
0.0062407734
0.0014910367
0.0015911159
0.01859152
0.0073913957
0.014490781
-0.0021144505
0.0080853044
-0.0015562874
-0.0044157479
-0.0020753446
0.0096906143
0.016762238
-0.011741443
-0.024053636
-0.031111297
0.0016076455
0.0024277346
0.031048463
0.016198378
0.027984133
-0.00090280796
-0.011167204
-0.0058032279
0.023848729
-0.020340258
-0.015695084
-0.017188073
0.00096837229
-0.010407383
-0.0018162631
0.0052386797
0.025064851
0.0002057926
-0.015196082
0.004251345
0.0015862293
0.033801941
-0.034748077
-0.043755203
-0.016656499
-0.0014431952
0.019871743
-0.029256117
0.0057703241
0.016264257
-0.038239439
-0.044684792
0.032627824
-0.030750582
0.028666497
0.025365118
-0.042384927
-0.05138578
-0.030051031
-0.028056189
-0.039757183
-0.048804269
-0.040468897
-0.031113482
-0.002468073
0.042972205
-0.010623753
0.037366524
-0.0025801824
-0.014468882
-0.051113455
-0.027099136
0.0038690308
0.053912738
-0.0056327337
0.048345334
0.0021796831
-0.013934461
-0.044065318
0.0097244758
-0.00086796579
0.043000386
0.024955443
0.040899805
0.0037802946
0.013200931
-0.010729193
0.037249032
0.022296696
-0.013659682
-0.025390509
-0.055053649
0.015512005
-0.0010930702
0.053676745
0.030973542
0.052765647
-0.0065390887
-0.014109292
-0.014942278
0.049787702
-0.022444187
-0.015019495
0.00070052782
0.033390154
0.031344013
0.0055452759
0.029493636
0.040220453
-0.035958879
-0.044960054
-0.013106254
0.0033721557
0.046126034
-0.031205229
0.0041695866
0.041999986
-0.0398486
-0.038667631
-0.04300235
-0.029684961
-0.022402744
-0.033053512
-0.0040096888
-0.056699891
-0.046793838
-0.036277453
0.010513843
-0.054143143
-0.017621428
-0.020495419
-0.0018086437
-0.017930889
-0.0053630486
-0.0011567227
0.043259864
0.0036121631
-0.018209101
0.0053986811
-0.0030176697
0.053103582
-0.050892972
-0.055960516
-0.023106567
-0.0076229314
0.012873059
-0.047132044
0.0075681194
0.0095714331
-0.055358767
-0.017951924
-0.019258144
-0.0053486705
-0.016118367
-0.0046647539
-0.0040532976
0.062417493
0.0067487337
-0.012194615
0.0034735272
-0.0042903822
0.069905178
-0.058810294
-0.0593915
-0.022191117
-0.0062115638
0.0064471035
-0.062059079
0.0041209449
0.0038417038
-0.066287516
-0.047911353
0.02049669
-0.038285122
0.018965268
0.018136299
-0.060917327
-0.059520647
-0.060285135
-0.058907441
-0.060272368
-0.059500131
-0.049713029
-0.038768991
0.022645597
-0.057239729
-0.051535114
-0.04016052
0.033367885
-0.05515262
-0.024927439
-0.008633815
0.025373462
0.048494399
0.0092846609
0.02095519
0.055530539
-0.052035122
-0.056930147
-0.025600049
-0.0083224297
0.037307381
-0.047718634
0.0098119259
0.032087401
-0.05414399
-0.025242453
-0.0082219536
0.016480594
0.060618615
0.0060994674
0.012520194
0.063120735
-0.059518112
-0.059795687
-0.027286898
-0.0093609114
0.026710347
-0.05853132
0.0076176079
0.021871339
-0.060448331
-0.066271616
-0.068161454
-0.068141124
0.050006302
-0.05756281
-0.059500501
-0.066618895
-0.068499558
-0.068397321
0.055915401
-0.060652448
-0.065762022
0.045920845
-0.060567853
0.045868241
0.046762277
-0.060799582
-0.066212865
-0.065857554
-0.05284507
0.052817936
-0.060406973
0.05295022
-0.059794316
0.054026395
-0.062754189
0.048350919
0.050329158
-0.06911897
-0.069525805
-0.062879842
0.055816327
0.058021227
-0.062359249
-0.06438942
0.06254645
-0.064298522
0.065426358
0.068405675
-0.069063161
-0.069458673
-0.071444008
-0.071788214
-0.066521142
-0.067979951
-0.06872839
-0.072779124
-0.073930167
-0.066951735
-0.068533152
0.058509423
-0.068074826
0.060150622
-0.060430639
-0.061603004
-0.051579319
-0.052621582
-0.052927209
-0.06202305
-0.065147268
0.058306612
-0.059283302
0.058468911
0.05943065
-0.061453278
-0.068453291
-0.052315238
-0.05065058
-0.059713805
-0.066908826
-0.06195325
-0.057122063
0.061022317
0.062998843
-0.073058159
-0.074979241
-0.071955831
-0.074523655
-0.066735195
-0.045827923
-0.067916678
-0.0041057567
-0.0053203582
0.048199568
-0.064933182
0.048442354
-0.0060757313
-0.011750163
-0.012070315
-0.065887759
-0.051716214
-0.066596098
0.0035019916
0.0052527567
0.053990642
-0.063428539
0.053986889
0.0062688066
-0.012412689
-0.051591567
-0.056827897
-0.0062080565
0.055518251
-0.043252635
0.052190801
-0.0055425766
0.049232604
-0.012754345
-0.028950138
-0.057297202
-0.055423255
0.0063398468
0.061158341
-0.04224007
0.058239112
0.0053022544
-0.013065741
0.05563287
-0.064097437
0.047056651
-0.042270253
-0.064041555
0.053735771
-0.069044037
-0.069963
0.057599028
-0.068426237
0.057708581
-0.040505439
-0.041387618
-0.027812733
-0.028241847
-0.028381815
-0.041666486
-0.064826438
-0.055582402
-0.065237738
-0.0019397694
-0.0041633996
0.057601031
-0.062177159
0.057777288
-0.0054520986
-0.014089067
-0.013471544
-0.063395795
-0.057166928
-0.063840415
0.00016699205
0.002716972
0.058787986
-0.061260077
0.059650821
0.0042093647
-0.013108263
-0.060608427
-0.054696496
-0.0055612344
0.064168835
-0.042475456
0.062270542
-0.0043479945
0.060410753
-0.013032271
-0.028152174
-0.061314298
-0.054713665
0.0043764149
0.064381887
-0.043891669
0.064057387
0.0031032257
-0.01319783
0.063276748
-0.02745446
-0.063794832
-0.055560182
0.058992091
-0.04120547
-0.063368082
0.062484138
-0.039891261
-0.059350613
-0.024794854
-0.0038876657
0.062329554
-0.0033481962
0.057392402
-0.0010351225
-0.013311565
-0.064952111
-0.024498861
0.0030436189
0.067939241
-0.0041383109
0.06440076
-0.00048915804
-0.013454355
-0.063604123
0.017521173
0.0032268501
0.062314492
0.032340445
0.063197823
0.0090767208
0.014047934
-0.016982003
0.061396143
0.021080038
-0.013465628
-0.022778825
-0.069313691
0.015259873
-0.0052766588
0.068289582
0.028284614
0.071747017
-0.011206067
-0.013329744
-0.016109755
0.071726566
-0.018839533
-0.011512091
0.0056172697
0.058268433
0.029281415
0.0020823176
0.05414766
0.037715063
-0.032321829
-0.041304709
-0.010573479
0.0068743766
0.069536066
-0.026402633
-0.00038846601
0.065689702
-0.034728761
-0.043522299
0.06670469
-0.028044392
0.063998897
0.061388665
-0.037588256
-0.047810405
-0.026131566
-0.023918315
-0.034078817
-0.043639957
-0.067703108
-0.026172188
-0.001778954
0.070528955
-0.0077658204
0.069072176
0.002065923
-0.013457844
-0.067483677
-0.029483295
0.00043458327
0.070018347
-0.013507196
0.07103265
-0.0034326418
-0.013545572
-0.071922369
0.0091697417
0.0069939292
0.071205406
0.019318637
0.077865344
0.012705478
0.012341004
-0.012434146
0.080066177
0.016515678
-0.013066894
-0.020386703
-0.071358234
0.00045691078
-0.0081732454
0.070934692
0.007122057
0.08095148
-0.013373224
-0.011456958
-0.0068465953
0.085416092
-0.014867034
-0.010376953
0.0070152218
0.079099959
0.023566729
-0.0029890686
0.075741559
0.031909097
-0.028991462
-0.0378961
-0.010796227
0.0063000479
0.085709413
-0.021703648
-0.0055136306
0.08295064
-0.030169578
-0.05216196
-0.040292719
0.043128819
-0.057546843
-0.051618157
-0.039195017
0.051877108
-0.053999155
-0.024970233
-0.0066434814
0.049098547
0.045491409
0.0086869258
0.043315904
0.051852462
-0.04908585
-0.055186173
-0.023092082
-0.0036998683
0.060496275
-0.042678475
0.0058311619
0.054350989
-0.049350707
-0.027659309
-0.0088441757
0.037282528
0.056234411
0.0076880388
0.031754491
0.058298999
-0.059283172
-0.061188588
-0.026161164
-0.0064676841
0.047848107
-0.054131421
0.006034433
0.041764327
-0.056692725
-0.049429357
0.05746789
-0.038315441
0.056376443
0.055887783
-0.069264043
-0.072303787
-0.063931245
-0.059450052
-0.06491819
-0.068241797
-0.050034593
-0.037053388
0.059159373
-0.056671744
-0.047621768
-0.034164871
0.064267317
-0.052225804
-0.020213612
0.00019536749
0.070614427
0.040169241
0.0015775481
0.064351373
0.04728722
-0.046282897
-0.053492865
-0.016731915
0.0045277523
0.078125211
-0.038721718
-0.0033914472
0.072109803
-0.046183444
-0.023013459
-0.0025556839
0.057652274
0.052564385
0.0029457434
0.051270912
0.055645217
-0.059010336
-0.062442614
-0.018761766
0.0021607115
0.065675059
-0.051792241
-0.00089559542
0.059484639
-0.055171129
-0.052353153
-0.047631057
-0.055165796
-0.05254585
-0.042693743
-0.0043311495
-0.048965811
0.011257035
-0.055763
-0.050975619
-0.056535878
-0.055656079
-0.053266845
0.026374504
-0.047121234
-0.03791755
-0.044638333
-0.033412511
-0.0057139379
-0.039572696
0.0054927884
-0.0042523286
0.006218777
-0.044784159
-0.03885644
-0.049508715
-0.044379281
0.01765365
-0.044430845
0.018232055
-0.038077727
-0.04180001
-0.0025131439
0.0072059761
-0.0005310517
0.008438263
-0.032923848
-0.027198697
-0.044420446
0.018935336
0.019752518
-0.055108138
-0.054226496
0.041119598
-0.051146571
0.040978312
0.039977265
-0.041265318
-0.049227154
-0.04735955
-0.039545177
-0.055515753
-0.053776241
-0.05257751
-0.046206667
-0.038616779
-0.056995518
-0.057482557
-0.056081715
0.040442113
-0.059777317
-0.058486603
-0.057070284
-0.058522504
-0.057841662
0.052700064
-0.057487763
-0.052915241
-0.048002285
0.030115419
0.030984914
-0.056800825
-0.051900391
-0.055158324
-0.050516204
0.042014108
-0.056436327
0.043394303
-0.051684911
-0.046242901
-0.039822745
0.031779076
0.032458533
-0.045702579
-0.038380476
-0.047546204
0.044497134
-0.045710171
0.045224951
-0.038640979
-0.028947487
-0.033514785
-0.02389568
-0.0075098454
-0.025902368
-0.0010766561
-0.04638114
-0.037666694
-0.02889378
0.0077704068
-0.050808163
-0.017226105
-0.015838226
-0.0075799445
-0.00730009
-0.0020983149
-0.0037094101
0.07421438
0.0076794153
-0.0024444131
0.00074461599
-0.00227524
0.074305169
-0.057765452
-0.054102813
-0.017279733
-0.0017608533
0.0022768135
-0.067255564
-0.00055117649
0.0022965069
-0.064562863
-0.015655788
-0.011863253
-0.0069742892
0.0014158093
0.00045886777
-2.2441886e-06
0.069755858
0.0054879004
0.003560233
-0.0014502351
0.0029739443
0.060913996
-0.048675955
-0.041851453
-0.010873392
0.0026576304
0.0042713962
-0.058356817
-0.0045387017
0.0082182069
-0.049371211
-0.032020304
0.018995725
-0.022714545
0.020847427
0.023638332
-0.046110493
-0.03920589
-0.051894268
-0.052577676
-0.046891568
-0.039985771
-0.041175873
-0.0320109
0.018113107
-0.056426562
-0.043771435
-0.034507413
0.028993663
-0.056853203
-0.019777066
-0.0034372103
0.0098476707
0.06261796
0.00057700691
0.0092271583
0.05902753
-0.057866889
-0.053923528
-0.021978
-0.0050958347
0.018448881
-0.059684874
0.0021328129
0.017285723
-0.056281237
-0.011491035
0.0023310453
0.011170911
0.052662351
-0.005302993
0.015724361
0.044214185
-0.048226626
-0.041086092
-0.012734615
0.0011251717
0.018949164
-0.050517603
-0.004701618
0.023520116
-0.042866072
-0.054670884
-0.052581369
-0.054256477
-0.052443617
-0.047806201
0.051450392
-0.047852695
0.062292196
-0.030404395
-0.031982257
-0.054156327
-0.05266654
-0.048364495
0.069698294
-0.033926096
-0.040848085
-0.040981609
-0.032278524
0.045530145
0.056532105
-0.032437427
0.056705913
0.034114715
0.028930928
0.04540148
0.02830754
0.056196845
0.023296663
-0.03580396
-0.023325789
-0.041724291
-0.04683994
0.064936761
-0.033372132
0.065079626
-0.03719695
0.029004454
0.0644483
-0.024497993
-0.037399549
-0.035693838
-0.026833905
0.044840589
-0.025177294
0.05507477
0.011568335
0.026318123
0.043827048
0.023353442
0.05347505
-0.00046189851
-0.010082615
0.0030008637
-0.035377046
-0.025353884
0.063190222
-0.01051128
0.022682674
0.061595579
0.0039852349
-0.050184722
-0.048148012
0.07097491
-0.04361024
0.068774865
0.066814139
0.04500098
-0.069431636
0.04376279
-0.068598606
0.0027114078
-0.0061031095
-0.006293544
0.0050487203
-0.0496721
-0.070411426
-0.048512395
-0.016531124
-0.018814905
0.070650435
-0.04504589
0.069966417
-0.021368216
-0.0067210699
0.040779331
0.069633104
0.0073196754
-0.054489812
-0.053349136
0.073940426
-0.049404235
0.072839393
0.053014626
-0.071294633
0.051979873
-0.027854489
-0.031613869
-0.055235376
-0.054440433
-0.039250798
-0.043793266
-0.050876394
0.071321595
-0.048327638
-0.035543808
0.048315816
-0.043090398
0.069347803
-0.035037814
0.069538148
0.039705023
0.031028373
0.069096137
0.02533014
-0.070815811
0.042184647
-0.07041731
-0.039029568
-0.023824722
-0.04493058
-0.052112651
0.069238636
-0.037225557
0.069520952
-0.054503967
-0.04150785
0.034142595
0.069548475
-0.025812058
-0.036555922
-0.027411501
0.068248018
0.0093065694
0.024350855
0.067407127
-0.0074226425
-0.07002609
0.035540001
-0.07011311
-0.0073664357
0.0091816001
-0.039118655
-0.031082382
0.069621263
-0.0081494628
0.028034196
0.070232086
0.010391348
-0.057195856
-0.059177824
-0.058874077
0.062332424
-0.063586083
-0.06521286
-0.057649774
-0.059700079
-0.059371047
0.068616589
-0.06662518
-0.056435489
-0.05192437
0.052388042
0.054248631
-0.067439787
-0.062892293
-0.05684313
-0.052197448
0.060319887
-0.067353473
0.062404555
-0.048536123
0.055683832
-0.055968404
-0.049309194
0.06400959
-0.056387809
-0.056757472
0.073028322
-0.054415229
0.074025209
-0.049851614
-0.054521278
-0.058815449
-0.063089248
-0.066989244
-0.058986139
-0.058514801
-0.060166894
-0.059386597
0.071065259
-0.065405836
-0.068958317
-0.059682937
-0.060497796
-0.058866832
0.069530031
-0.072013462
-0.056399526
-0.051319621
0.065080235
0.066986494
-0.07395543
-0.069807147
-0.05508664
-0.049331412
0.066242552
-0.074284057
0.067539629
-0.070961081
-0.049842786
-0.043489518
0.068469861
-0.062484769
-0.050019868
0.068574668
-0.064377777
-0.045200643
-0.035830994
0.039477736
-0.066200988
-0.045295855
-0.035693433
0.048712952
-0.063977492
-0.023034009
-0.0056760308
0.027630404
0.057928932
0.0031119032
0.025758775
0.055189452
-0.060818906
-0.05816558
-0.022595897
-0.0048720989
0.036957884
-0.056942598
0.0032070044
0.034227227
-0.054937005
-0.013949986
-0.0001321201
0.026732332
0.050265385
-0.0032789802
0.030706157
0.04338792
-0.053265057
-0.046165314
-0.014793827
-0.0011415523
0.034164161
-0.050774868
-0.0013348329
0.037022995
-0.044499501
-0.035627712
0.056606374
-0.026271477
0.057746269
0.059357016
-0.06425493
-0.055074907
-0.070083672
-0.067052146
-0.061977778
-0.053679624
-0.044028463
-0.034095544
0.05597574
-0.072685133
-0.041531939
-0.031300856
0.060709678
-0.069058213
-0.020750072
-0.0029091835
0.045960123
0.056437182
0.0025472548
0.042402358
0.054987457
-0.063497112
-0.061957049
-0.017913151
-0.00034385719
0.054101825
-0.056230445
0.0015024878
0.050008547
-0.055023176
-0.015173845
-0.0018982546
0.041143208
0.051345273
0.00094566802
0.042532777
0.04544051
-0.057657121
-0.050458603
-0.015174234
-0.0025352172
0.047635981
-0.05158736
0.0034119886
0.047398164
-0.045810181
-0.049759675
-0.040621501
-0.057967924
-0.053297287
-0.031984937
-0.060499713
0.060713455
0.061215803
0.0391385
-0.062712939
0.03736439
0.029813612
-0.063962645
0.027200153
0.062210278
-0.0592913
-0.060843402
-0.054945251
-0.022619879
-0.061144315
-0.061451458
-0.062162971
0.020199186
-0.063497647
0.016855086
-0.062968225
-0.062429611
-0.038007887
-0.06383843
-0.028083723
-0.063698185
0.063439421
0.037339428
-0.061642771
0.033152102
0.026917916
-0.060158439
0.021549649
0.030139915
0.017585676
-0.063688745
-0.061275843
-0.018221645
-0.062170335
-0.063622537
0.016769437
-0.057730732
0.010726364
-0.064453133
0.0061574044
-0.061339169
-0.061482368
0.028881818
0.015731093
0.029658773
0.016350956
-0.056375438
-0.049056649
-0.060534147
0.0038302415
0.0041746825
-0.0490904
-0.055244592
0.0038034622
-0.0583229
0.0022292485
0.0023528061
0.044770942
0.0050470873
0.051441007
0.0059075652
-0.063942056
-0.068997446
-0.072625845
-0.067831487
-0.046759208
0.0030740619
-0.052397314
-0.070536721
-0.073587536
-0.0059807108
-0.055124548
-0.0082311301
-0.07430287
-0.073524546
0.055457269
-0.0088872716
-0.068904368
-0.054145396
-0.012813915
-0.059441383
0.062890673
0.063962881
0.010700937
-0.061032609
0.0068139608
0.064628186
0.048765723
0.00029161545
0.053686227
-0.069042998
-0.071364543
-0.050449139
-0.0027815274
-0.055049039
-0.065127724
-0.066720061
0.0016444328
-0.056400903
-0.0024924981
-0.06729654
-0.071960553
0.055494262
-0.0089383226
-0.059182083
0.064660265
0.0074960935
-0.054499144
0.0014757573
-0.003169925
0.0041927273
0.054460577
0.0081172655
-0.070683957
-0.072570946
-0.00066507748
-0.054764166
-0.066648712
-0.00040096322
-0.050675943
-0.0055252687
-0.064990375
-0.067904341
0.051089629
-0.0095281734
-0.068877921
-0.058423385
-0.055911139
-0.0057013916
-0.0056750922
0.010491617
0.056970313
0.010936565
-0.071587222
-0.067039073
-0.05517526
-0.052962019
-0.011817474
-0.067354916
0.056247006
-0.012030239
-0.062760007
-0.061600237
-0.05630153
-0.062492424
0.0014165758
-0.0012651347
0.057422921
-0.060766497
0.059465096
-0.002858576
-0.015387708
-0.014253615
-0.05962784
-0.052970865
-0.06136114
-0.0027171642
-0.00011003483
0.05355609
-0.060767869
0.057148607
0.0014885589
-0.013492272
-0.059337907
-0.05546751
-0.0030781274
0.061778235
-0.046273312
0.063400357
-0.0018336622
0.063910398
-0.013212508
-0.026611006
-0.054799868
-0.056859344
0.0017723129
0.056543814
-0.049274437
0.060210101
0.00065860232
-0.013395683
0.062052065
-0.062782637
0.063817481
-0.038660378
-0.062064982
0.062640589
-0.065167708
-0.066090828
0.05619373
-0.064984248
0.057970129
-0.036763208
-0.036347345
-0.026196765
-0.025663249
-0.025205752
-0.035919099
-0.057840427
-0.047356778
-0.060666667
0.0039039397
0.0015474985
0.047457094
-0.061292577
0.052745715
-4.0753514e-06
-0.015517903
-0.014544033
-0.056736906
-0.039862218
-0.060646722
-0.0053660848
-0.0033564551
0.039629024
-0.062306409
0.0464527
-0.0018242854
-0.013812253
-0.048053449
-0.058692119
-0.00041305001
0.049097647
-0.052448878
0.054571987
0.0004269891
0.057583025
-0.013513902
-0.02492197
-0.039689433
-0.060676766
-0.0011557733
0.040089347
-0.05529108
0.046790681
-0.0015225057
-0.013725531
0.050591159
-0.024854117
-0.06123433
-0.054236804
0.058731402
-0.035516994
-0.06028533
0.052070934
-0.035159191
-0.0643336
-0.033879867
0.0007616698
0.066501362
-0.020326175
0.069955948
0.0044109844
-0.013843
-0.058494767
-0.03867638
-0.0016953733
0.060266224
-0.027072628
0.065677958
-0.0049163713
-0.014127544
-0.067753691
-0.0091986441
0.0086818128
0.067615974
-0.0058283684
0.080450039
0.013079472
0.01096679
-0.0007660108
0.086696748
0.014442215
-0.013561369
-0.020774072
-0.061435719
-0.018003033
-0.008479902
0.061610246
-0.016820441
0.07598005
-0.011809538
-0.011018251
0.0042584916
0.083029552
-0.015451634
-0.011555795
0.0052456765
0.087975978
0.021461015
-0.0077858637
0.085816173
0.030124503
-0.02920882
-0.037996316
-0.012313878
0.0044288062
0.084749977
-0.023049632
-0.0096451708
0.08309236
-0.031951505
-0.04359587
0.060875002
-0.029432085
0.061183815
0.060441371
-0.034781864
-0.043962815
-0.024907515
-0.024753727
-0.034165519
-0.04301519
-0.05042782
-0.043146951
0.0023551892
0.051793586
-0.032677815
0.058287881
0.0049570144
-0.014325403
-0.040802319
-0.046614412
-0.0028139061
0.041734457
-0.036322199
0.048188005
-0.0046231847
-0.014909797
-0.052894804
-0.024414277
0.007629933
0.053427342
-0.023555674
0.067469011
0.0096932371
0.011589729
0.0069965307
0.074032077
0.017710354
-0.014725146
-0.0237134
-0.04273848
-0.027454675
-0.0062933531
0.043634178
-0.02475748
0.055269395
-0.0070168908
-0.012492506
0.0069283816
0.060059309
-0.020660938
-0.012755072
0.0042677686
0.075504553
0.026179353
-0.01093312
0.074191026
0.035335643
-0.032854549
-0.041632607
-0.012679079
0.0048355057
0.060638828
-0.030096954
-0.011477992
0.059499041
-0.039505404
-0.044635749
-0.030881839
0.066416271
-0.05458657
-0.041340778
-0.027552544
0.06493419
-0.051021158
-0.013121875
0.008655515
0.08156834
0.038828004
-0.0081832137
0.076310415
0.04636655
-0.046372837
-0.053683017
-0.00985141
0.011928282
0.079720286
-0.04061953
-0.011886769
0.07582185
-0.047921891
-0.014142232
0.0067194907
0.070807946
0.051974117
-0.0045989264
0.065538697
0.055286396
-0.059375646
-0.062996439
-0.0099228188
0.010140136
0.072049558
-0.053156751
-0.007260377
0.068584302
-0.056009922
-0.032315885
0.058586628
-0.020957425
0.057986104
0.057549448
-0.065022357
-0.068569717
-0.059440088
-0.057886755
-0.06313924
-0.066362347
-0.037972263
-0.024464463
0.059440939
-0.052284741
-0.034703122
-0.021796151
0.049999436
-0.051040847
-0.0072972938
0.013818704
0.071958722
0.043827044
-0.013781669
0.069986685
0.05067025
-0.049524883
-0.056036488
-0.0056740517
0.014032712
0.058558142
-0.047802224
-0.013525039
0.058869366
-0.054173233
-0.0067382632
0.01165126
0.068703302
0.055266159
-0.0081677546
0.067895948
0.057364726
-0.060726783
-0.063227969
-0.0049382813
0.010909388
0.060561156
-0.058104568
-0.007014073
0.062984165
-0.059378525
-0.06358047
-0.060728101
-0.056020304
0.043170872
-0.050194462
-0.050184352
-0.062146637
-0.058678481
-0.05335854
0.033682033
-0.050272231
-0.049609401
0.042390933
-0.041520787
0.040415374
0.037473037
-0.050492563
-0.056633633
-0.046479955
-0.043072838
0.030913264
-0.038237939
0.028674329
-0.050893005
0.025557796
-0.041086366
0.034026628
0.030494538
-0.061183421
-0.06383116
-0.037251738
0.022043183
0.01855918
-0.056713837
-0.050225627
0.017905005
-0.042441841
0.011943145
0.0057665693
0.051641111
-0.003791815
0.04543633
0.0016466084
-0.060658041
-0.059859556
-0.062831712
-0.053791524
-0.0090746792
-0.047660702
-0.055384693
-0.055711469
0.0066876892
-0.04017372
0.0018055367
-0.056077012
-0.059171755
0.038099648
-0.0030008021
-0.060824485
-0.060986702
-0.056921628
0.02610937
-0.050949857
0.022864153
0.056831538
-0.013493669
0.051205509
-0.049599255
-0.050646996
-0.060375957
-0.016407048
-0.055648303
-0.043687641
-0.044933968
0.014248475
-0.048887044
0.011032505
-0.046010754
-0.051640677
0.043909403
-0.043520083
0.01814328
-0.035027661
0.015722338
0.012707591
-0.0071828924
0.035648029
-0.0034001515
-0.05260824
-0.056651637
-0.01030375
-0.040716369
-0.046895702
0.0051535005
-0.031762778
0.0025217144
-0.047518772
-0.053519449
-0.00025741369
-0.057526613
-0.034152878
-0.025996933
0.009529179
0.0065622688
0.00056095842
0.030341611
0.004235916
-0.058976702
-0.059604887
-0.03206129
-0.0028538101
-0.059546381
-0.0049941769
-0.059661226
-0.056891805
-0.031111283
-0.061515957
0.0076637713
0.0059612153
0.030794911
-0.063701164
0.038642534
0.0043063343
-0.018198731
-0.017550312
-0.058861438
-0.021919536
-0.063418239
-0.011461412
-0.0098360511
0.021854042
-0.065292644
0.029877065
-0.0077735421
-0.016685707
-0.030510981
-0.062451951
0.0031545173
0.030367319
-0.057284744
0.037412438
0.0027866878
0.041420101
-0.015897392
-0.025545663
-0.021479286
-0.063618303
-0.0058191798
0.020920458
-0.057958701
0.027223049
-0.0044002544
-0.015427938
0.030698787
-0.059167118
0.042900974
-0.034670527
-0.057757427
0.031762314
-0.064286572
-0.064046353
0.025376534
-0.061258961
0.027070298
0.063964388
-0.017303601
0.060453335
-0.038009157
-0.0388773
-0.067077833
-0.015866077
-0.064984025
-0.032923614
-0.032856488
0.015351919
-0.060180971
0.015818104
-0.032248309
-0.039422079
0.054543668
-0.063043537
-0.013225456
-0.066373953
0.017428063
0.015422103
0.01380315
-0.066837223
0.020905368
0.012513047
0.069156079
-0.012030598
0.068521745
-0.028824904
-0.027365267
-0.069517864
-0.0059717266
-0.070258937
-0.026088292
-0.023017996
0.0076150162
-0.068106401
0.012642093
-0.018691996
-0.025055602
0.064983962
-0.01362976
-0.063797092
0.0093511385
0.012796464
-0.056957632
0.017217258
0.0065285802
0.019344583
-0.011399857
0.058564809
-0.012763675
-0.022360707
-0.031304201
-0.0079565768
-0.062754141
-0.013866078
0.0069989657
-0.054168075
0.0085359683
-0.0092865024
-0.019717491
0.049507937
0.0085153894
-0.03018821
-0.055824018
-0.047753361
0.01950707
-0.012298628
0.046718287
-0.03967934
-0.052949087
-0.043719588
0.0072744981
-0.039640652
0.037534998
-0.030462116
-0.048528594
0.0032033623
0.030870915
-0.037558911
0.036118654
0.0040685647
-0.015364569
-0.020369437
-0.04853089
-0.0036861211
0.020063489
-0.036383451
0.023146665
-0.0034863534
-0.015526886
-0.031635678
-0.026925864
0.0047160605
0.032757663
-0.020614748
0.04023018
0.0042167746
0.013399608
0.0044830018
0.042332948
0.023465672
-0.015359395
-0.026472854
-0.020257512
-0.023502434
-0.0032046019
0.021193476
-0.012970842
0.023701239
-0.0018552414
-0.013891596
0.0010641812
0.022932035
-0.025139583
-0.012069711
0.0057515484
0.041630105
0.033712754
-0.011079158
0.040543582
0.043350626
-0.036603262
-0.045622557
-0.011130671
0.0061837441
0.021005592
-0.035779533
-0.0094995717
0.019973086
-0.045592683
-0.037209287
0.0097590535
-0.024535609
0.0084389623
0.0073749148
-0.0015028372
0.027573801
0.0004267546
-0.039192435
-0.047706437
-0.0032688345
-0.033048523
-0.028948033
-0.0021194649
-0.021581977
-0.0041142645
-0.027426533
-0.038032691
0.01738523
-0.005569639
-0.047105884
-0.011532069
-0.046509904
0.0044267164
0.010189358
-0.033253564
0.010616663
0.00308318
-0.0045248827
0.038296448
-0.017431724
-0.0049178055
-0.04268456
-0.0055649636
0.0020750331
-0.029102268
5.9521943e-05
-0.0030538477
-0.0155777
0.02566544
-0.0092186843
-0.018696007
0.002096516
0.0091283166
-0.0052234965
0.0074733009
0.00058301759
0.013505747
-0.0011394394
0.0046665516
0.024685392
0.0039659139
0.01260183
0.006647526
-0.013898178
-0.025192638
0.00097835783
-0.014781727
-0.0017288314
-0.0035218302
-0.0019649308
-0.0063470271
-0.0010927659
-0.011774553
0.00048714149
-0.0090376211
-0.021193136
-0.010272284
0.0049684064
0.0021626019
0.035073662
-0.0064834294
0.001371267
0.044964242
0.0086172897
0.0074323303
0.0094244772
-0.03558854
-0.045113507
-0.009997701
0.0008384584
-0.010790113
-0.030530119
-0.0018259967
-0.010936996
-0.040354679
-0.031615927
-0.019582466
0.037222319
-0.051508605
-0.028683207
-0.017697272
0.022320151
-0.052328997
-0.0049859786
0.012571384
0.040863567
0.051597
-0.011281581
0.043428184
0.057767645
-0.053262377
-0.059181556
-0.0050096393
0.0097339946
0.021308857
-0.05408539
-0.0077731268
0.025580832
-0.06062643
-0.0044673681
0.0081824628
0.048056751
0.061354542
-0.0041114051
0.053710585
0.062083546
-0.063029329
-0.064503366
-0.0047926814
0.0044704902
0.032365887
-0.064593037
-0.00058350475
0.040394997
-0.065515177
-0.018374737
0.0077809984
-0.011400293
0.0094565926
0.011823608
-0.060982702
-0.061254767
-0.058659601
-0.059846328
-0.063211777
-0.064414443
-0.025759489
-0.015857184
0.0070758076
-0.054231384
-0.02259173
-0.013660817
-0.0062378658
-0.05443224
-0.0053106889
0.0060746565
0.0032755572
0.054103722
-0.0042423456
0.0081408359
0.061840442
-0.053612504
-0.060751862
-0.0052801476
0.0023492503
-0.0090913959
-0.050581372
-0.0023467665
-0.0053027335
-0.060512393
-0.0048961676
0.0015365889
0.015425695
0.067318656
0.0015039403
0.023895157
0.069708886
-0.066063905
-0.069024933
-0.0033595675
0.0018253597
-8.0876464e-05
-0.068995491
-0.00085879138
0.0057038156
-0.07469465
-0.060899059
-0.060506878
-0.057707668
0.064245448
-0.064976281
-0.068987667
-0.06183303
-0.059978996
-0.055825908
0.055806975
-0.072408951
-0.052902318
-0.046359337
0.06374633
0.064099435
-0.074630181
-0.071209758
-0.049910835
-0.042626895
0.057897657
-0.07515295
0.057164022
-0.049686539
0.064427993
0.064736878
-0.064276674
-0.053851096
-0.048727178
0.056678819
0.056567655
-0.060890638
-0.058500376
0.042573404
-0.053670245
0.041184702
0.041280916
-0.042304719
-0.051764043
-0.056004352
-0.046525462
-0.059096743
-0.062819608
-0.065887995
-0.059578628
-0.050163233
-0.062161988
-0.058749378
-0.053224626
0.04509157
-0.063889447
-0.066744974
-0.056765842
-0.050034915
0.033141036
-0.06903972
-0.046278882
-0.038445423
0.049309721
0.047580926
-0.070438386
-0.067914196
-0.04228688
-0.034186894
0.038796955
-0.07068408
0.036379034
-0.068592994
-0.047132404
-0.039602297
0.046363066
0.045872497
-0.062068584
-0.05281004
-0.045034818
0.034682665
-0.063131281
0.033958617
-0.05411565
-0.038088672
-0.027763401
0.062550679
-0.073646819
-0.034085061
-0.024022169
0.061333993
-0.06997425
-0.014698936
0.0021067968
0.060774007
0.056234882
0.00054514632
0.056697893
0.054896256
-0.064180991
-0.062648483
-0.011767888
0.0037200368
0.06529945
-0.056453144
0.00014541619
0.061985834
-0.054603861
-0.014978921
-0.0032308394
0.053543584
0.051330873
0.0059098009
0.051732279
0.045444909
-0.05819261
-0.050671433
-0.014799072
-0.0041538974
0.05859677
-0.050576095
0.0082690617
0.055488225
-0.044353021
-0.031612097
0.056368767
-0.023389363
0.055273484
0.053842476
-0.062494589
-0.053785504
-0.067701465
-0.065085152
-0.059941875
-0.051576208
-0.029946087
-0.020579477
0.057081381
-0.069608979
-0.026064265
-0.017784261
0.049969109
-0.067134107
-0.0096671373
0.0039257237
0.066956382
0.056983258
0.00066891043
0.065209111
0.05429275
-0.063258773
-0.060638659
-0.0086726716
0.0024872425
0.065022991
-0.058033341
0.002245993
0.065512689
-0.054292647
-0.014803561
-0.005415581
0.062263022
0.049494369
0.01030169
0.05834043
0.042710128
-0.055302976
-0.047308717
-0.015032181
-0.0069980305
0.06368454
-0.048477082
0.011791724
0.05957004
-0.040914237
-0.054118513
-0.046522904
0.021033607
-0.064720702
-0.051031386
-0.043060897
0.0097675933
-0.064606913
-0.038311557
-0.03024376
0.027243498
0.024584764
-0.064285769
-0.06229289
-0.034783328
-0.026982812
0.015468797
-0.063929198
0.013059404
-0.042699088
0.022777661
0.022044022
-0.057651297
-0.05023042
-0.040471254
0.011541005
0.011055607
-0.051343763
-0.0041004474
-0.04538449
-0.0064487873
-0.0064753061
0.012188467
0.053609549
0.012148005
-0.061835413
-0.057057068
0.010214862
-0.048985588
-0.064137486
-0.010131414
-0.04375289
-0.011573718
-0.059482243
-0.056287762
0.049388102
-0.011272311
-0.051180015
-0.047820301
-0.040071105
0.00017292042
0.0065305603
0.046008968
-0.064356865
-0.044831084
-0.037957388
-0.0071478493
-0.060955554
0.039860293
-0.032128282
-0.024700651
0.0041085524
0.0023827875
0.0072160211
0.033207284
0.009181771
-0.058599561
-0.056040328
-0.030707766
-0.023587093
-0.0064821438
-0.058001624
-0.0072130063
-0.054721776
-0.038707561
-0.031905149
0.0015081403
0.0015195301
0.0099280834
0.043885982
0.0093850587
-0.051984047
-0.046407746
-0.03770977
-0.0071766487
-0.049961358
-0.0064529708
-0.043791093
-0.022737781
-0.015742067
0.040278211
-0.063655458
-0.020128297
-0.014267455
0.028330648
-0.063496817
-0.0086516084
-0.00028377528
0.058840406
0.059942379
0.0045879485
0.061857875
0.055172891
-0.063395557
-0.059629012
-0.0089651822
-0.0032869404
0.047892247
-0.06319906
0.0067432724
0.053046147
-0.05780731
-0.015305641
-0.0086320623
0.061643506
0.04822752
0.012462249
0.057997118
0.039696442
-0.053296086
-0.044695938
-0.015171031
-0.0096092943
0.054519713
-0.049877417
0.011909036
0.051893626
-0.040270164
-0.025406741
0.016634182
-0.019417304
0.017893356
0.01771493
-0.050785053
-0.043887781
-0.056042051
-0.060018529
-0.054377886
-0.046555163
-0.018240456
-0.0128871
0.014411421
-0.059569424
-0.016921676
-0.010864498
-0.0013034572
-0.063366607
-0.0084324956
-0.0044098984
0.031903112
0.068443827
0.0068278877
0.037786275
0.063414569
-0.069156845
-0.066139698
-0.0054341968
-0.00042077025
0.011013062
-0.076429973
0.001839116
0.014881742
-0.07351229
-0.01388454
-0.0085477466
0.040285347
0.055081408
0.0095062407
0.038900235
0.044467669
-0.059915663
-0.050774637
-0.010494026
-0.0032025966
0.016644686
-0.065989946
0.0043235452
0.016089731
-0.054744224
-0.039023894
0.013624326
-0.029475042
0.075397046
0.069009547
-0.01302502
-0.019391498
-0.01190998
0.057530771
-0.066171085
-0.062026138
-0.043946016
0.026789103
-0.0339445
-0.061914904
-0.057781905
-0.022818835
-0.023118607
-0.020287169
-0.050673442
-0.055132786
0.010819635
-0.0092294224
0.042263958
-0.0067180805
0.00065487133
-0.0037326744
0.025785322
0.02851344
-0.00088507943
-0.0012885265
0.031198249
-0.046253314
-0.048613725
0.017179375
-0.012102522
-0.041592535
-0.0097259699
-0.0013641066
-0.0052669599
-0.031991355
-0.036467125
0.0013049828
-0.0028798235
-0.040113884
-0.0087767496
0.00076141189
0.00051879413
0.033939608
-0.000184009
0.0016539739
0.036511138
-0.048838523
-0.047273682
-0.013199159
-0.0013523409
-0.0025402287
-0.042900796
0.0016839355
-0.0038492998
-0.04467785
-0.051889534
-0.041237209
-0.026795574
-0.029270456
-0.024995121
-0.024108636
0.05701654
0.040709706
0.045992257
0.039090568
-0.056359574
-0.05859022
-0.058320161
-0.056881034
-0.055760305
0.042831311
-0.044667904
-0.057760818
-0.056853618
-0.035498715
-0.032223325
-0.033881881
-0.055774504
-0.057957027
0.033453229
-0.033262207
-0.057402751
-0.047147294
0.038304006
-0.036703903
0.052727928
0.050082061
-0.032716689
-0.025414743
-0.02945693
0.046053299
0.053002524
0.04516114
0.041979399
-0.053743004
-0.052383887
-0.049025906
0.047339186
-0.038207582
-0.046723434
-0.045102855
-0.041310128
-0.02663736
-0.038063203
-0.043244962
-0.050802996
0.029880867
0.025581993
-0.014112035
0.041403225
-0.01680615
-0.0034257235
-0.011262681
0.037148263
0.043182011
0.0037955895
-0.0085356595
0.047733559
0.029512585
0.017659695
0.026729721
-0.049451579
-0.054816011
0.034031579
-0.015333424
-0.041759719
-0.025444175
-0.0051243954
-0.019571633
-0.041412319
-0.048878305
0.0060506781
-0.016687918
-0.054329849
-0.016693183
-0.0039839431
-0.0085776339
0.050690416
0.0041754024
-0.010821533
0.051970036
0.02581282
0.020157228
0.026516965
-0.057650553
-0.057959721
-0.019289935
-0.0065176782
-0.016724177
-0.057596772
0.0066635203
-0.019099989
-0.058647162
-0.036467752
-0.027984919
-0.019084286
-0.0073384886
-0.044471378
-0.044403946
-0.045729213
-0.036051175
-0.025346279
-0.015072818
-0.044287893
-0.0099988372
-0.00084196617
0.0021310944
0.038427838
0.0021985259
0.0020042662
0.039083029
-0.044367002
-0.040564814
-0.014034588
-0.0023596873
-0.006153214
-0.045201577
0.0033056391
-0.0087109497
-0.044189802
-0.012555805
-0.0036650526
0.0013480839
0.0379173
0.0049477956
0.00022994046
0.034573183
-0.036212237
-0.031481756
-0.014538647
-0.0043137183
-0.010887267
-0.041395624
0.0050606294
-0.012335838
-0.036686177
-0.048026932
-0.038249454
-0.0244801
-0.027550875
-0.025256524
-0.026152378
0.04683638
0.0384594
0.037391998
0.039474235
-0.028558512
-0.036753079
-0.039743611
-0.031987751
-0.051302697
0.037970096
-0.041281237
-0.044691458
-0.046958595
-0.034324991
-0.030049354
-0.035438889
-0.049372248
-0.042891531
0.026953113
-0.036592103
-0.035521129
-0.05221457
-0.041795688
-0.030023075
-0.024013559
0.054669999
0.038158781
0.044187877
-0.051501528
-0.052902673
-0.056639581
-0.045820412
-0.033469342
-0.033498611
-0.054391348
0.032291476
-0.017454332
-0.004450089
-0.014337285
0.051512537
0.0047671957
-0.018060623
0.049279284
0.028317191
0.019505471
0.030559775
-0.055924031
-0.051849508
-0.020229019
-0.0065553731
-0.022872241
-0.057552292
0.0061752554
-0.026953178
-0.054446385
-0.016366409
-0.0049581848
-0.021062553
0.045259348
0.0047322838
-0.022817264
0.039485512
0.032639587
0.015794123
0.034169533
-0.046109601
-0.039091577
-0.018012879
-0.005409959
-0.030371191
-0.04948688
0.0040460673
-0.032541845
-0.04282283
