FiniteElementSpace
FiniteElementCollection: ND_3D_P1
VDim: 1
Ordering: 0

0.0062942513
-0.0011873824
0.012638429
-0.0030792195
0.013050573
-0.016475607
0.015711934
-0.01364206
0.0050918512
-0.0051815902
-0.0064061918
0.0067914092
0.066468287
0.00049711678
0.067955846
-0.0059637184
0.063784127
-0.010440852
0.063898011
-0.013639937
0.0060824388
0.012273612
0.010796526
0.006187872
0.010070674
-0.020860413
0.018458556
-0.016465199
0.0045073125
-0.022992929
0.017233181
-0.02347568
-0.081388788
-0.080068144
-0.065884449
-0.072586264
0.070076655
-0.00042597923
0.070257803
-0.0020433127
0.071511979
-0.018422911
0.067483707
-0.01599579
-0.072154747
-0.068771337
-0.074308406
-0.073403197
0.062050051
0.0014726683
0.063640526
0.0038070899
0.051632939
-0.0054018589
0.05571862
-0.0072125391
0.029513965
0.005153624
0.010533912
0.031971112
-0.0038034337
0.00081976097
0.0084891966
0.0033117244
-0.0071620861
-0.019572277
0.0071490884
-0.01849936
-0.042082312
-0.055874796
-0.061477143
-0.049028903
0.043937947
-0.0010149646
0.05240539
0.001162822
0.04549764
-0.013254272
0.053598541
-0.011554087
-0.068427279
-0.077806993
-0.077596185
-0.06831746
0.038083952
0.0055313939
0.046072483
0.0047614763
0.028204208
-0.007171339
0.03389752
-0.0065240605
0.014108809
-0.010445262
-0.0088402629
0.017803689
0.022532785
-0.053545283
0.025603988
-0.050813063
0.019381273
-0.061797571
0.026157332
-0.06236961
0.0037537051
-0.0088403183
-0.0060369556
0.0018933044
0.046794568
-0.043807781
0.054262011
-0.042549853
0.045680715
-0.051667231
0.053111656
-0.050449285
-0.025871524
-0.036496477
-0.037404935
-0.026830787
0.034687309
-0.041417225
0.040106581
-0.042185223
0.0425528
-0.05030985
0.048596141
-0.051816356
-0.0021037938
-0.0027415468
-0.0041367422
-0.0034439706
0.048738951
-0.004857974
0.035681867
-0.0019322991
0.043516521
-0.012754398
0.031489987
-0.012578425
0.0069890096
0.011575865
0.013891392
0.0074182649
0.026318123
-0.044627169
0.01309701
-0.044348825
0.023353442
-0.054569305
0.010397133
-0.053864867
-0.00046189851
0.011568335
0.012059849
-0.00062874878
0.028034196
-0.068780712
0.019013808
-0.070347175
0.033109707
-0.066561381
0.025467692
-0.069707891
-0.012529845
0.0072579144
0.0081917059
-0.012722647
0.048808915
-0.041790395
0.041345948
-0.047137376
0.052233512
-0.030106547
0.043293892
-0.034402539
-0.0087796378
0.0092671858
0.0096051125
-0.0074973292
0.048816081
-0.0082140297
0.057040219
-0.0066274478
0.05648001
-0.019846239
0.065290867
-0.018279413
-0.064920663
-0.050328066
-0.052590549
-0.066258638
0.058841506
-0.050841182
0.067657887
-0.049220411
0.05507275
-0.058163267
0.063606364
-0.056770104
-0.061135512
-0.06348212
-0.064672326
-0.062177454
0.067759666
-0.0036369729
0.067064089
-0.0013383236
0.070558335
-0.024529607
0.069033463
-0.024109761
-0.0390539
-0.025752324
-0.036986018
-0.051412215
0.050301941
0.0069606831
0.040344693
0.0060875208
0.046913128
-0.012717133
0.035724953
-0.013483256
-0.076657691
-0.060978031
-0.062471697
-0.077771966
0.057843534
0.0014339292
0.048982149
7.6335173e-05
0.044399934
-0.01344961
0.034553222
-0.012744991
-0.073923779
-0.083268478
-0.082742194
-0.073199719
0.065720023
-0.061968569
0.057115966
-0.055275464
0.063338519
-0.069018707
0.0558764
-0.06344327
-0.063268909
-0.063567594
-0.062496734
-0.063339844
0.047501535
-0.049777757
0.036280623
-0.05029059
0.048883982
-0.055525646
0.038003245
-0.055688939
-0.040932089
-0.030633972
-0.03144471
-0.041583792
0.064120708
-0.0060748498
0.063732576
-0.005592736
0.061547105
-0.0089372257
0.059626609
-0.0070245426
-0.047389191
-0.058871258
-0.049800881
-0.03726058
0.051473193
-0.0028749321
0.043629122
-0.0034944688
0.044434816
-0.010896465
0.036549355
-0.010874506
-0.017830371
-0.031675033
-0.031968107
-0.018888163
0.053262867
-0.00188251
0.044035765
0.0015264787
0.05204439
-0.012321911
0.043610212
-0.012210276
0.028275334
0.015608348
0.011462953
0.02288655
0.060535497
-0.034698502
0.065873868
-0.040451834
0.066089346
-0.044680683
0.069494914
-0.048832535
-0.0073431046
-0.013939828
-0.01782356
-0.0082404828
0.058078883
-0.035885145
0.054249761
-0.032162315
0.057963859
-0.046795187
0.054521813
-0.043479263
-0.038798973
-0.047148911
-0.051598233
-0.044303183
0.062370464
-0.044883308
0.051813639
-0.045412648
0.060797784
-0.053492015
0.049342636
-0.052867026
-0.008243564
-0.025145723
-0.025031239
-0.0072456412
-0.0035495811
0.0032846165
0.0082679241
0.0013860901
-0.0017892307
-0.017953569
0.0092237322
-0.0175404
-0.016041453
-0.028425932
-0.034708675
-0.020172821
0.020464078
0.0059637013
0.03192401
0.005888604
0.019891494
-0.014371437
0.029599431
-0.013118707
-0.025775588
-0.042577404
-0.049287698
-0.030618561
0.020696476
0.004692194
0.029434546
0.0026755566
0.019081135
-0.011390405
0.02323304
-0.0090219492
0.0086574838
-0.0085269763
-0.010186127
0.011044468
0.018870348
-0.030565562
0.019723281
-0.025603426
0.022311057
-0.043042018
0.023319248
-0.038263355
0.0029094175
-0.0065514716
-0.0048075891
0.0026464973
9.005305e-05
-0.034229209
0.010965488
-0.033054644
0.0014206638
-0.046243194
0.01256198
-0.045362423
-0.016616048
-0.027213616
-0.02487025
-0.014176219
0.021111389
-0.030109557
0.030104139
-0.028622429
0.02278145
-0.041883536
0.031727838
-0.040830182
-0.013266613
-0.024088384
-0.024336406
-0.013379249
0.02068292
-0.025901343
0.022519843
-0.021634583
0.02398019
-0.038452147
0.025464525
-0.034295545
0.0024660432
-0.004226091
-0.0042921834
0.0023919407
0.055257777
0.0096352013
0.054647615
0.0059823682
0.056411818
-0.0078964392
0.054685064
-0.008600734
0.020688053
0.029556254
0.023143804
0.016693562
0.051779102
0.0020766497
0.046775107
-0.00045717432
0.050517518
-0.0095344346
0.044238659
-0.010573305
0.013952752
0.018410508
0.016293094
0.013105268
0.065484972
-0.00302429
0.058959617
-0.0046273454
0.060421941
-0.011809995
0.053463178
-0.013175406
0.0063633525
0.010034899
0.010256163
0.0066285006
0.060672947
-0.022328237
0.059649946
-0.022815573
0.05736876
-0.034452586
0.055492192
-0.032904168
0.0066409661
0.014041214
0.012802616
0.0058546047
0.056421772
-0.024622769
0.054055569
-0.023167797
0.055708562
-0.040031596
0.053039437
-0.037152223
0.022904415
0.032092904
0.029056355
0.020801189
0.049092531
-0.022393236
0.041962751
-0.022263076
0.047653893
-0.035828022
0.0400071
-0.034801104
0.019537123
0.027080895
0.026311961
0.019216011
0.055230081
-0.022324358
0.047587855
-0.022787577
0.050360556
-0.03376885
0.042110231
-0.033104083
0.0053088399
0.012107108
0.012042084
0.0051121082
0.012400593
-0.020236692
0.021761635
-0.022257491
0.0088333355
-0.017602494
0.020237936
-0.020936647
-0.073214279
-0.061716689
-0.042253953
-0.055231026
0.031974216
-0.01403544
0.041933444
-0.013880251
0.032710437
-0.017265565
0.044915226
-0.018336555
-0.042615301
-0.028428671
-0.020725945
-0.035731907
0.028656034
-0.012227321
0.039130697
-0.0092458587
0.031288115
-0.018898079
0.044832643
-0.018844656
-0.067295636
-0.056274536
-0.051270342
-0.064995164
-0.00055607352
-0.023301645
0.015487773
-0.02729976
-0.0044955668
-0.024200302
0.013598476
-0.030194793
-0.067661319
-0.066451148
-0.058860093
-0.061954792
0.0055955592
-0.015447845
0.018511317
-0.019091691
0.0028659072
-0.015719604
0.016811823
-0.01903324
-0.060675924
-0.050857626
-0.041489121
-0.051713153
0.032291582
-0.022179445
0.045824377
-0.023679074
0.031360907
-0.028336705
0.04555296
-0.029836567
-0.04714552
-0.036882664
-0.035647106
-0.045818131
0.031988842
-0.02541878
0.047338761
-0.027135786
0.03138516
-0.032047474
0.047524345
-0.034622377
-0.059161424
-0.054973727
-0.053857933
-0.058484279
0.069583172
0.00012724218
0.069226853
0.00041535959
0.072329639
-0.02270304
0.068781028
-0.020716177
-0.06166253
-0.051437071
-0.063058993
-0.070861875
0.066717937
0.0060083424
0.062007198
0.0050502616
0.06266092
-0.016686865
0.054509036
-0.01568527
-0.078739978
-0.073318857
-0.081110237
-0.08450219
0.068322652
0.0031929185
0.06422239
0.00082514348
0.061251391
-0.014430298
0.053397968
-0.012995479
-0.074068692
-0.078806009
-0.081877479
-0.074213123
0.07053987
-0.035723597
0.063580334
-0.030526017
0.068312033
-0.050645631
0.059827591
-0.044033349
-0.065631372
-0.065309774
-0.068157319
-0.067069707
0.072754955
-0.04310416
0.066970189
-0.040101525
0.071782932
-0.059396941
0.064857602
-0.056021347
-0.061352333
-0.053936916
-0.059422468
-0.065668939
0.058421122
-0.036930179
0.048116732
-0.03473943
0.055151341
-0.053038032
0.043926349
-0.0503766
-0.069648726
-0.064590237
-0.068907725
-0.072934898
0.054410834
-0.031469933
0.044106507
-0.027514132
0.049168324
-0.046187437
0.037682088
-0.041027471
-0.068395942
-0.070749205
-0.072916683
-0.06960359
0.061172838
-0.0039355163
0.060783296
-0.0013858128
0.055873526
-0.0056195032
0.056338212
-0.0049790295
-0.015448937
-0.032886615
-0.023173207
-0.0074518
0.058501703
-0.0049855165
0.054397697
-0.0033077377
0.055106483
-0.0073694229
0.052032732
-0.0074936886
-0.00051541692
-0.014431695
-0.0081661384
0.0040315032
0.062878081
-0.00069306836
0.059494699
0.0026266113
0.057625169
-0.0082344507
0.056602737
-0.0095493361
0.032809617
0.014658033
0.016583
0.031633335
0.05052372
-0.014245767
0.056201197
-0.018892662
0.054603245
-0.024284061
0.060727363
-0.030256271
0.0025951912
-0.0071816693
-0.0080194048
0.0021855649
0.054719204
-0.011351834
0.055479852
-0.01177587
0.055918799
-0.020038991
0.056631318
-0.020894336
-0.017467272
-0.028032471
-0.028452134
-0.018248156
0.054614463
-0.013652182
0.051864869
-0.014751471
0.055666746
-0.022895232
0.052725298
-0.024294385
-0.019182437
-0.028995816
-0.029894407
-0.020449012
0.059642302
-0.017513666
0.059785575
-0.021644626
0.064450828
-0.02777996
0.064598191
-0.032901984
0.0014208403
-0.0091016942
-0.010531994
0.00027806035
0.0029971623
-0.010312046
0.012952951
-0.0040418654
-0.0028701019
-0.022641696
0.011288297
-0.021110353
-0.068149978
-0.077143129
-0.074183448
-0.070302561
0.024340368
-0.0054093007
0.035718006
-0.001375546
0.026326109
-0.018263949
0.040396146
-0.017367012
-0.074231272
-0.07371737
-0.074515291
-0.077977088
0.02130419
0.0021794096
0.033404117
0.004721531
0.021577376
-0.016371487
0.034667423
-0.015389984
-0.057458214
-0.068545992
-0.074535648
-0.064530219
-0.0092599248
-0.034119816
0.0066167423
-0.034553365
-0.010151616
-0.044107887
0.0066244115
-0.045875018
-0.038065756
-0.048563627
-0.046612907
-0.036059407
-0.0075752561
-0.030556673
0.0097459418
-0.032829939
-0.010647118
-0.035994362
0.0085057088
-0.04078534
-0.05776123
-0.064501612
-0.060634861
-0.055220609
0.027063515
-0.02863259
0.042631297
-0.029780495
0.026872001
-0.03718509
0.042962247
-0.039401263
-0.05441918
-0.058984504
-0.058814054
-0.054651977
0.022067964
-0.030488167
0.035695129
-0.030651612
0.022489098
-0.041024106
0.036239521
-0.041892682
-0.035552143
-0.046179484
-0.046602737
-0.035948916
0.046055045
-0.0049377714
0.054698399
-0.0030754048
0.052198801
-0.016633607
0.060950621
-0.014953057
-0.080186736
-0.075534356
-0.07602176
-0.080131765
0.061296848
-0.0051119549
0.065714274
-0.0051593427
0.066329282
-0.015472173
0.06839061
-0.013003618
-0.077655971
-0.075551597
-0.074012089
-0.073073571
0.058585728
-0.0045501828
0.062457211
-0.0030805748
0.058856225
-0.010634466
0.061408694
-0.0084363332
-0.064228514
-0.073902565
-0.067323126
-0.056861577
0.046615811
-0.024636003
0.054408018
-0.023226615
0.047095402
-0.034826612
0.054677596
-0.033536824
-0.036734263
-0.04733889
-0.048002356
-0.03752981
0.055143025
-0.02787186
0.06378959
-0.026190003
0.055600128
-0.038202022
0.064022538
-0.0364045
-0.055328333
-0.059465182
-0.060419071
-0.056016967
0.068260593
-0.026887947
0.068700957
-0.02265095
0.06793297
-0.038210605
0.067500401
-0.03296876
-0.056465366
-0.061329955
-0.062031451
-0.056593622
0.059019008
-0.019036597
0.060663859
-0.016289837
0.05894739
-0.028624411
0.060126545
-0.025531978
-0.038113686
-0.048379294
-0.048416161
-0.038410614
0.041895848
0.0032372812
0.049935367
0.0048489317
0.037979178
-0.0098972669
0.04483976
-0.0083805415
-0.033196114
-0.053042739
-0.052982462
-0.032747902
0.055836488
-0.00084831024
0.059560824
0.0017186316
0.050112819
-0.0065693241
0.053790094
-0.0052971255
-0.029214161
-0.049085539
-0.042005909
-0.023123427
0.052961019
0.0038976109
0.058391757
0.0047559487
0.040036711
-0.0049737899
0.046157842
-0.0060224732
0.021890008
-0.0053746467
-0.00046415963
0.025965644
0.025785177
-0.019572567
0.030631971
-0.018767614
0.028553799
-0.031085573
0.033478061
-0.03094402
0.0024266136
-0.0046984999
-0.0052467607
0.0025403987
0.037759538
-0.021925942
0.044027818
-0.020695844
0.039270986
-0.032511403
0.045417625
-0.031691877
-0.014044226
-0.025113546
-0.026042809
-0.014935822
0.048935147
-0.014587481
0.052506602
-0.014098133
0.050230165
-0.023889248
0.053743415
-0.023834958
-0.015850758
-0.026889317
-0.027548603
-0.016694941
0.036804935
-0.01504975
0.043716761
-0.017775864
0.039946637
-0.025571103
0.047299686
-0.029442412
0.0026696368
-0.0058491723
-0.006483797
0.0027230373
0.0019628424
-0.054580736
0.013611624
-0.054610845
0.001774136
-0.05969747
0.014103835
-0.060933313
-0.020347453
-0.030545691
-0.024688415
-0.015230323
0.024239747
-0.050412446
0.033516489
-0.050080199
0.025333064
-0.056351876
0.035149052
-0.056775324
-0.011120308
-0.019984661
-0.016965353
-0.0085515234
0.027898735
-0.048797377
0.030688075
-0.046193238
0.031663386
-0.056908517
0.036958082
-0.056612045
0.00045547514
-0.003860291
-0.002663117
-0.00082404318
0.013352207
-0.067601527
0.025011349
-0.072043928
0.0054574056
-0.070856355
0.022548543
-0.079028482
0.003874027
-0.012198143
-0.009605149
0.0012120833
0.0010890808
-0.061972379
0.014229895
-0.064482168
0.00022125149
-0.061770838
0.014246406
-0.065465263
-0.024943086
-0.034807999
-0.028220411
-0.019453399
0.02616716
-0.060218692
0.036614353
-0.061267691
0.026934338
-0.062368937
0.038017663
-0.063823409
-0.01420213
-0.022193904
-0.017852409
-0.010417745
0.034854683
-0.062791001
0.043426957
-0.064961626
0.03732959
-0.066449972
0.049580882
-0.070795872
-0.00059383575
-0.0067519822
-0.0047858299
-0.0020307709
0.054043765
-0.047329828
0.062215565
-0.045448346
0.050819225
-0.05505269
0.058786548
-0.053268697
-0.046680865
-0.055255677
-0.056202533
-0.0475854
0.065952728
-0.048560392
0.065402968
-0.043119855
0.062754816
-0.057312405
0.062810905
-0.052491788
-0.049292515
-0.057356569
-0.058653634
-0.051653224
0.058486795
-0.038610081
0.059643393
-0.035442673
0.057551287
-0.048416923
0.059088979
-0.045495866
-0.029539933
-0.039659174
-0.04302311
-0.033684652
0.043828871
-0.058457835
0.051285045
-0.05736702
0.041413353
-0.064111847
0.048942147
-0.063282524
-0.024811483
-0.034835307
-0.035748869
-0.025706933
0.04624784
-0.061209869
0.054103476
-0.059811122
0.040709577
-0.065647669
0.048562067
-0.064958422
-0.045398108
-0.055684791
-0.056398525
-0.046266034
0.058683132
-0.06405532
0.059971234
-0.060614184
0.054057361
-0.06854272
0.05703383
-0.067090013
-0.048307563
-0.057293932
-0.058394579
-0.051363313
0.056148329
-0.057556326
0.058396533
-0.055213007
0.054376765
-0.065539176
0.057563552
-0.064067397
-0.02912133
-0.038646654
-0.043221992
-0.034638582
0.041321287
-0.041724281
0.04766248
-0.041333598
0.04341107
-0.049753728
0.050086792
-0.049675188
-0.007847732
-0.015950959
-0.017017417
-0.0090778473
0.052577468
-0.033843776
0.056076072
-0.03395215
0.05516226
-0.043967908
0.058608949
-0.043969388
-0.012060102
-0.020002723
-0.024539103
-0.016420181
0.04667926
-0.035945799
0.053783436
-0.040118357
0.054887331
-0.045627438
0.060946934
-0.049118738
-0.0048234183
-0.0066812988
-0.010077565
-0.0061617035
0.050984584
-0.057580865
0.057605585
-0.059359096
0.059234466
-0.063089662
0.06630176
-0.0645157
-0.003376364
-0.0043016321
-0.0054904038
-0.0047216873
0.045393674
-0.056740836
0.052408908
-0.056758731
0.047279327
-0.062682032
0.05456044
-0.062541849
-0.0088738785
-0.015961428
-0.016855051
-0.0098608703
0.057591564
-0.053795894
0.060879061
-0.053418198
0.059744825
-0.062800599
0.062747195
-0.061799965
-0.013239352
-0.020435887
-0.026218287
-0.018508852
0.063189654
-0.054137603
0.067489818
-0.05598888
0.070832546
-0.061056019
0.07289075
-0.060485229
-0.0060178081
-0.0081977119
-0.012008767
-0.0071279966
0.03987464
-0.0044131175
0.031410475
-0.0054318626
0.036285434
-0.0096937754
0.027139071
-0.01156281
0.014533328
0.017422779
0.021963673
0.018230904
0.021778821
-0.0059321666
0.01140363
-0.0050958223
0.017277093
-0.0078847447
0.0071657618
-0.010682264
0.023715334
0.029519814
0.039083503
0.029938123
0.021142797
-0.0022458584
0.0069044043
0.0024813503
0.01867775
-0.012412317
0.006738771
-0.012020552
0.0078449759
0.016818244
0.019687905
0.0081395272
0.037217927
-0.022652505
0.024944122
-0.023269862
0.031172441
-0.033623427
0.018292535
-0.033972183
0.0053326683
0.01258578
0.013596624
0.0059876866
0.033192593
-0.018715847
0.023332329
-0.020875263
0.030662626
-0.030032069
0.020227269
-0.032050545
0.019776984
0.026701892
0.028046648
0.021006829
0.012900962
-0.015011103
0.0023690519
-0.019732224
0.0093012707
-0.024573342
-0.0015655267
-0.030112957
0.022559902
0.030032119
0.032313983
0.024032761
0.011894892
-0.023551475
-0.00056160164
-0.024646762
0.0045243814
-0.034698619
-0.0088064009
-0.036068088
0.0070363487
0.014819328
0.015869374
0.008354809
0.028930928
-0.04198189
0.01819733
-0.043617413
0.02830754
-0.052890638
0.017616735
-0.054096669
0.023296663
0.034114715
0.034624465
0.023936565
0.0071037115
-0.034481366
-0.0036395357
-0.04018003
0.0067535751
-0.043307217
-0.0033823555
-0.048781157
0.02430325
0.034739465
0.034644328
0.024429896
-0.0009828513
-0.044957849
-0.014419961
-0.046450994
-0.0032004195
-0.053638686
-0.015659775
-0.055713599
-0.00046559527
0.012532615
0.012785535
-0.00025810347
0.022682674
-0.062421766
0.010655584
-0.061846184
0.024350855
-0.067341997
0.013743681
-0.067564325
-0.0074226425
0.0093065694
0.0099248682
-0.0080240308
0.029004454
-0.061301149
0.018680428
-0.062182266
0.031028373
-0.066186041
0.021307692
-0.066917135
0.02533014
0.039705023
0.040576391
0.026341582
0.0083807601
-0.05022413
-0.00082633016
-0.055228436
0.011761567
-0.054904555
0.0035895334
-0.059221184
0.026632137
0.040243111
0.03890086
0.026270902
-0.0016922649
-0.06023726
-0.012289328
-0.0635297
0.003122239
-0.064403649
-0.0051393069
-0.069409971
-0.0082146157
0.010409779
0.010602185
-0.0084151484
0.034142595
-0.067085329
0.02512635
-0.067816897
0.037903077
-0.064128345
0.029540333
-0.06491295
0.026008986
0.04253905
0.043660171
0.027305354
0.016354518
-0.057392904
0.0091368027
-0.060762172
0.021404575
-0.057960493
0.014922966
-0.060067584
0.027542538
0.042985298
0.040596393
0.026728895
0.010183036
-0.065946808
0.0042709631
-0.072798374
0.018070217
-0.064842054
0.014079839
-0.073176771
-0.012238643
0.0089584545
0.0093823053
-0.011654672
0.038784144
-0.060903368
0.031984172
-0.065461621
0.044238896
-0.052373196
0.037528919
-0.057774311
-0.013186359
0.0070499687
0.0079690615
-0.012545039
0.041761124
-0.057930615
0.033864581
-0.058697386
0.045205044
-0.049399169
0.037490596
-0.049983375
0.025978091
0.042459025
0.043012136
0.026827177
0.026097812
-0.05693656
0.0200276
-0.057456987
0.029731719
-0.054532567
0.023646441
-0.053226274
0.026603811
0.041749191
0.038637027
0.025248404
0.02531612
-0.061216033
0.022428387
-0.07017836
0.030682299
-0.055305915
0.02779073
-0.063708044
-0.010968028
0.0087815546
0.0092933632
-0.0089836938
0.047889052
-0.039504493
0.040030146
-0.039722558
0.049690659
-0.029073061
0.041388135
-0.028825503
0.025985258
0.040409885
0.039829548
0.025743527
0.03186318
-0.050702315
0.025224921
-0.04752722
0.032415186
-0.045041175
0.024612173
-0.040275744
0.024926783
0.038191514
0.035140531
0.023267391
0.033384732
-0.047387382
0.02926815
-0.054004957
0.033414899
-0.037720901
0.026863324
-0.041531005
-0.0053266987
0.010075071
0.010515681
-0.0023758073
0.054724871
-0.018267649
0.043954796
-0.02073446
0.056733755
-0.0070976544
0.044290221
-0.007393738
-0.0014610148
0.013376513
0.01264226
-0.00061066957
0.050686177
-0.018639237
0.041751596
-0.018012626
0.051065286
-0.0083678633
0.04151563
-0.0076999985
0.026526159
0.037655399
0.036489458
0.025274307
0.031717516
-0.036748176
0.022235155
-0.031121242
0.030437678
-0.024659599
0.01918676
-0.019457765
0.024619426
0.036027667
0.035438156
0.024025738
0.03170836
-0.026550483
0.021762329
-0.026971628
0.029925494
-0.014169405
0.016516487
-0.011479795
0.0011088335
0.012542977
0.013003678
0.0042308245
0.050888369
-0.011145535
0.058361959
-0.0097378464
0.055771742
-0.022303978
0.064419105
-0.021239444
-0.034196678
-0.018874796
-0.02215653
-0.037176855
0.064068164
-0.0066666436
0.067841376
-0.0053327999
0.070235894
-0.025228791
0.072887203
-0.023073156
-0.04358073
-0.029550245
-0.039785156
-0.052168443
0.063426192
-0.0047657819
0.067793836
-0.0048207576
0.070754034
-0.02058708
0.072754782
-0.018013837
-0.06827223
-0.057070606
-0.062770001
-0.070372645
0.060100184
-0.031187015
0.069175927
-0.029590385
0.06067077
-0.041696117
0.069711721
-0.040047056
-0.059176285
-0.054662945
-0.05668299
-0.06061349
0.057871498
-0.033223849
0.067272907
-0.032464526
0.058128779
-0.043437627
0.067809773
-0.042894577
-0.046786012
-0.036784567
-0.039622037
-0.049322155
0.07313216
-0.041946166
0.074961344
-0.039435259
0.073578754
-0.055814446
0.074890925
-0.053288758
-0.05286731
-0.043677521
-0.048565863
-0.056989766
0.073931728
-0.035751634
0.074255652
-0.031402126
0.073974124
-0.04907393
0.073349361
-0.04380727
-0.062333379
-0.059369075
-0.062328831
-0.064048463
0.057049565
-0.052310973
0.066626621
-0.051931996
0.054874821
-0.059196078
0.064124107
-0.059016506
-0.061855652
-0.056290533
-0.057831423
-0.063227586
0.072240003
-0.065925304
0.073391607
-0.063699349
0.069636485
-0.071656061
0.071026009
-0.070064696
-0.063347792
-0.057878533
-0.056620174
-0.062355463
0.071708525
-0.059615801
0.070904395
-0.054312513
0.067798796
-0.066771887
0.067578684
-0.062299579
-0.062851618
-0.064995513
-0.064531824
-0.063170612
0.049774185
-0.06332029
0.058074444
-0.062440865
0.04340172
-0.066108578
0.051575946
-0.066054206
-0.064671281
-0.071203397
-0.071347341
-0.06512703
0.051747685
-0.06357418
0.060600516
-0.063718546
0.047835289
-0.065152894
0.056327705
-0.065796976
-0.074156786
-0.072627875
-0.072286904
-0.074010714
0.066167574
-0.072815324
0.068184631
-0.072202253
0.062140358
-0.069709207
0.065094181
-0.070370414
-0.071081236
-0.06857271
-0.062239737
-0.065997084
0.062787448
-0.070307957
0.063827209
-0.067446061
0.057138135
-0.070349781
0.05993292
-0.069693784
-0.064696374
-0.069576252
-0.066333442
-0.063610908
0.067591559
-0.0072571301
0.068611881
-0.0059979799
0.068593307
-0.020029236
0.071581076
-0.023404757
-0.012922199
-0.0019243953
-0.0063117319
-0.021333211
0.066307568
-0.0015004333
0.060447511
0.0017299349
0.070516469
-0.015943436
0.065079515
-0.017265347
-0.02921245
-0.010410264
-0.013752019
-0.035650285
0.06390131
0.0043123756
0.058263519
0.0057921756
0.064316793
-0.017624185
0.056732345
-0.017367213
-0.062594343
-0.047363024
-0.055689463
-0.071343279
0.072335989
-0.043117412
0.070368495
-0.04424522
0.073384448
-0.058038918
0.071254619
-0.060190784
-0.04362658
-0.031311532
-0.036953537
-0.049630578
0.0709674
-0.032700738
0.075540929
-0.039373477
0.074131181
-0.044365049
0.079484528
-0.052772696
-0.018090407
-0.0051053333
-0.0076773983
-0.022488237
0.07579001
-0.029700444
0.071256556
-0.034323778
0.080535859
-0.041987507
0.076721557
-0.048345486
-0.026861987
-0.010157996
-0.012278066
-0.030725354
0.064865835
-0.036931416
0.056377282
-0.037736694
0.065538913
-0.052235907
0.056883396
-0.053749232
-0.05542386
-0.042513201
-0.047361762
-0.060366263
0.051204698
0.0039545998
0.039207249
0.0065558426
0.055577041
-0.011637651
0.042935553
-0.011923698
-0.039878085
-0.015949799
-0.016725432
-0.041310166
0.025525347
0.00511649
0.011570583
0.0020374111
0.02856116
-0.010911354
0.014095851
-0.013291502
-0.039525501
-0.015912315
-0.013409512
-0.034195955
0.028891912
-0.0034023946
0.016576828
-0.0087308524
0.024144519
-0.016760545
0.013103256
-0.019883623
-0.07401858
-0.059571267
-0.051665845
-0.064582468
0.045800826
-0.028662127
0.03423749
-0.029418314
0.046253627
-0.040927978
0.034763766
-0.041627518
-0.063689895
-0.050744451
-0.05183166
-0.064531494
0.062170634
-0.025343397
0.049417143
-0.027227994
0.068113528
-0.037103158
0.055391061
-0.039407897
-0.033495347
-0.013736133
-0.014220471
-0.034536948
0.034359659
-0.022937606
0.018541904
-0.02325389
0.039688567
-0.032604937
0.022355462
-0.030542326
-0.033221707
-0.013433089
-0.01110747
-0.029001643
0.022811224
-0.02446173
0.012487915
-0.025901952
0.023493307
-0.0296834
0.013336711
-0.029845987
-0.061997972
-0.049798117
-0.043944726
-0.055288506
0.055052153
0.0046137933
0.045824126
0.0029807147
0.044901013
-0.013909676
0.034382058
-0.013884702
-0.087572476
-0.085589645
-0.086108528
-0.08749168
0.034322022
-0.012447859
0.020601171
-0.013924578
0.023438448
-0.021903489
0.012526072
-0.022609623
-0.083728993
-0.082032229
-0.072458133
-0.075419674
0.037329109
-0.01321444
0.022483768
-0.010839214
0.023950421
-0.022156066
0.012533776
-0.020902022
-0.071819171
-0.079913316
-0.074046014
-0.069205505
0.033601712
-0.027343771
0.023564317
-0.025667755
0.026571065
-0.039231292
0.01673331
-0.037421274
-0.070564812
-0.074368147
-0.074631298
-0.070965347
0.037088954
-0.029405095
0.026257558
-0.02866401
0.032449508
-0.041513624
0.021816831
-0.040665342
-0.075050005
-0.071720401
-0.072249057
-0.075359393
0.016364371
-0.027220124
0.0079750122
-0.028275778
0.01285795
-0.030848847
0.0061207223
-0.032488587
-0.073068762
-0.069621573
-0.062973909
-0.067293567
0.014356536
-0.029052564
0.0061013112
-0.029598808
0.0087001097
-0.034543333
0.0026684865
-0.036790582
-0.070267939
-0.073027415
-0.068706034
-0.067714927
0.070158458
-0.070418946
0.063175057
-0.067279897
0.068389524
-0.075654415
0.062284351
-0.073307971
-0.060664241
-0.054559923
-0.052356133
-0.058828903
0.053500857
-0.063998873
0.042414702
-0.061485241
0.053619378
-0.069495467
0.043491653
-0.06761747
-0.057372384
-0.050619089
-0.049722923
-0.056618841
0.046369975
-0.057362985
0.0348588
-0.052209457
0.046268363
-0.064361809
0.035701742
-0.060206123
-0.063555468
-0.061691798
-0.061375093
-0.063985136
0.061424543
-0.071673618
0.05609318
-0.068171461
0.059962562
-0.070296382
0.057383244
-0.069493668
-0.062180461
-0.06225368
-0.058055517
-0.060734416
0.066729433
-0.075266118
0.062197722
-0.074172312
0.065201402
-0.070028976
0.062647204
-0.070499793
-0.059673053
-0.054392574
-0.046304838
-0.053158407
0.055231455
-0.069830499
0.04661727
-0.068928667
0.057756906
-0.065791082
0.050954329
-0.066053622
-0.047456772
-0.039204638
-0.034074673
-0.043356649
0.048557448
-0.067105443
0.039657063
-0.06464951
0.052490065
-0.065977813
0.045693423
-0.065607838
-0.059554634
-0.054413806
-0.051838102
-0.058811992
0.071271945
-0.04689169
0.058566017
-0.048649819
0.070535641
-0.054634562
0.057849316
-0.055158318
-0.019505338
-0.0088175515
-0.0094318892
-0.020337849
0.042440288
-0.04108304
0.024008725
-0.036987094
0.041720525
-0.048906192
0.022979449
-0.04345319
-0.021331925
-0.010179138
-0.010945955
-0.02205437
0.025072315
-0.034471201
0.014659654
-0.033593694
0.02677344
-0.039785724
0.015836126
-0.038029923
-0.042177185
-0.032305989
-0.032598954
-0.041977417
0.04992384
-0.058477633
0.039412555
-0.058149471
0.050350417
-0.058907948
0.040240142
-0.058009202
-0.022051483
-0.013861966
-0.014297299
-0.022329886
0.065808158
-0.060195598
0.053227892
-0.059102105
0.057858454
-0.063392981
0.045540825
-0.060602456
-0.0079501564
-0.0054187002
-0.0060581318
-0.0085247112
0.037627964
-0.056054917
0.019502441
-0.050010118
0.030987471
-0.062096081
0.014315218
-0.056151026
-0.011464567
-0.0080596281
-0.011389807
-0.016455309
0.028136651
-0.045697511
0.016562731
-0.043201365
0.0289668
-0.051634517
0.016785826
-0.048542581
-0.025405125
-0.017533313
-0.023096067
-0.030715975
0.067948884
-0.0038993491
0.068064141
-0.0054096
0.067466692
-0.013544947
0.064054617
-0.011158235
-0.067044719
-0.071560974
-0.068559673
-0.060444913
0.066130184
-0.0016194119
0.062171326
-0.0037228292
0.05870413
-0.01148059
0.051910137
-0.010014396
-0.054235775
-0.065491366
-0.062865655
-0.049338618
0.061446452
-0.0051320759
0.05736133
-0.0055954424
0.055987524
-0.0087442578
0.050886213
-0.0078187937
-0.028020503
-0.041443495
-0.035056274
-0.021137315
0.059727081
-0.015757033
0.056673026
-0.012764526
0.058614464
-0.025162618
0.054908686
-0.021546
-0.038472118
-0.048194274
-0.047894485
-0.038451498
0.065626146
-0.025096808
0.059803933
-0.020005591
0.063303077
-0.03704197
0.056222632
-0.030510996
-0.056467963
-0.062515373
-0.062884852
-0.056257188
0.052114599
-0.023332519
0.043404047
-0.019415419
0.047301021
-0.035543282
0.03757872
-0.030408121
-0.056175795
-0.063287536
-0.063838133
-0.056418929
0.051964996
-0.016236661
0.045990524
-0.014209805
0.049528616
-0.026255137
0.042940277
-0.023619613
-0.038572097
-0.047753208
-0.048010337
-0.039085678
0.056115428
-0.0010785913
0.047743955
-0.0020566118
0.044015257
-0.011960319
0.035130134
-0.0112902
-0.046510089
-0.061112764
-0.060472
-0.046221402
0.03664712
-0.0075819784
0.022196739
-0.0042974519
0.025083127
-0.019279234
0.013411632
-0.017690755
-0.048547818
-0.060882602
-0.061894053
-0.053083809
0.033486096
-0.0017382754
0.020481394
-0.00039169965
0.02691045
-0.016443994
0.014953863
-0.015709263
-0.024479314
-0.036095865
-0.043593278
-0.033980228
0.03899112
-0.021192307
0.03099805
-0.020716636
0.035481559
-0.032421467
0.027292379
-0.031804882
-0.040218681
-0.048850765
-0.050342805
-0.042107031
0.034346196
-0.023901586
0.025332614
-0.022323126
0.027936821
-0.035492988
0.018967332
-0.033731763
-0.05709567
-0.064541743
-0.065230069
-0.058167899
0.016407223
-0.029986373
0.0072692172
-0.030278244
0.010895057
-0.039020596
0.0035709676
-0.041038825
-0.059403365
-0.065520363
-0.064793512
-0.060336328
0.021784053
-0.030501758
0.01084972
-0.030629026
0.018262609
-0.042661588
0.0080224804
-0.043707658
-0.044723973
-0.052380171
-0.054626504
-0.047807339
0.048471627
-0.0037703798
0.040635406
-0.0034013618
0.046901242
-0.011222289
0.0394392
-0.011807315
0.0051096385
-0.0056260362
-0.0075932922
0.0021097834
0.030706275
-0.00032376239
0.018418295
-0.0010369405
0.029347846
-0.015482284
0.016362547
-0.01553486
-0.0048624243
-0.014148526
-0.024447762
-0.014757361
0.031802908
-0.001362618
0.01675789
0.00056868665
0.031367012
-0.015360776
0.015919295
-0.014128329
0.015998859
0.0044969173
-0.0041668366
0.0085425192
0.055767193
-0.023513705
0.047088863
-0.024842224
0.060201866
-0.034641531
0.050677283
-0.036001953
-0.0011943202
-0.012372454
-0.014597532
-0.002860647
0.046897519
-0.021008742
0.039331812
-0.022030692
0.047437404
-0.032030021
0.039400875
-0.03307521
-0.022213188
-0.031370492
-0.03357023
-0.02456259
0.028797962
-0.030562827
0.015040319
-0.030119879
0.028251114
-0.043984909
0.013773285
-0.043269408
-0.027431242
-0.03648147
-0.039850836
-0.030526559
0.033786202
-0.0290051
0.016576268
-0.026795152
0.035994433
-0.041273827
0.016818947
-0.037604009
-0.0044908454
-0.017046709
-0.019384337
-0.005764979
0.058103113
-0.030596862
0.058525781
-0.031404959
0.060357356
-0.041949778
0.060285245
-0.042345546
-0.02164428
-0.030096688
-0.036030199
-0.027123203
0.057131923
-0.033822409
0.053637043
-0.035028893
0.05821594
-0.045037892
0.053926707
-0.045738081
-0.032201107
-0.04163219
-0.046198061
-0.03623702
0.068658888
-0.038153315
0.067794712
-0.042672666
0.070287959
-0.047726961
0.067625378
-0.0504676
-0.0087378001
-0.021263233
-0.023821315
-0.0087505485
0.0701483
-0.053486247
0.070733035
-0.054981934
0.07253753
-0.060480557
0.06981768
-0.058702777
-0.0078762709
-0.016335043
-0.020499592
-0.0080891241
0.062197661
-0.053050678
0.06145415
-0.052766411
0.063504437
-0.062913685
0.061970706
-0.061780674
-0.024896375
-0.033400438
-0.040961466
-0.031456897
0.0585353
-0.055214591
0.05331597
-0.055258236
0.058117011
-0.063248414
0.051936523
-0.062621621
-0.037185046
-0.047779992
-0.052770853
-0.04113815
0.068776013
-0.055683197
0.063816634
-0.055975594
0.064749363
-0.061385089
0.057318893
-0.059056966
-0.0076309932
-0.023821786
-0.025703888
-0.0064357583
0.061106137
-0.048115827
0.05390994
-0.041394363
0.059367747
-0.057370105
0.053106369
-0.051592798
-0.054470861
-0.060062985
-0.061557206
-0.057499401
0.04484379
-0.046698311
0.034968729
-0.041524966
0.044882605
-0.055721567
0.035612403
-0.051496603
-0.060447632
-0.063078162
-0.064504141
-0.062988562
0.048655925
-0.037331384
0.041771781
-0.034643025
0.049166516
-0.048061788
0.042306591
-0.045827314
-0.049551788
-0.055873968
-0.059460768
-0.053892281
0.058117
-0.056912102
0.0554868
-0.054442179
0.058406203
-0.065405719
0.056872658
-0.064089843
-0.041538326
-0.048922205
-0.055007743
-0.048878166
0.058177035
-0.064189684
0.05370705
-0.060276563
0.05743678
-0.068268978
0.055326135
-0.06684056
-0.055120141
-0.059682862
-0.061087965
-0.059138897
0.047115968
-0.061936368
0.039043806
-0.059357752
0.050877829
-0.065067467
0.044379686
-0.064501802
-0.06289787
-0.062477956
-0.06365716
-0.065846398
0.050748211
-0.057251917
0.044182137
-0.055845745
0.053001748
-0.064017872
0.046910219
-0.063634408
-0.055602024
-0.060635067
-0.064955487
-0.060667975
0.047704557
-0.04298572
0.038986933
-0.043814318
0.047170161
-0.052596752
0.037713487
-0.05315316
-0.038680926
-0.049105384
-0.049906014
-0.039161941
0.027196492
-0.054596383
0.01221144
-0.053915009
0.025400823
-0.061700822
0.010240738
-0.061442883
-0.037580222
-0.048422903
-0.044834621
-0.034184711
0.036043945
-0.051463142
0.015610862
-0.046764769
0.033165638
-0.059195492
0.012663022
-0.054422733
-0.0058600802
-0.023477899
-0.02073561
-0.0042698074
0.055453762
-0.059878847
0.043409935
-0.05821345
0.047483781
-0.063664339
0.03518879
-0.061347692
-0.0045366377
-0.025720957
-0.023712423
-0.0020954951
0.045677754
-0.059811277
0.035540771
-0.060192004
0.043457357
-0.06395411
0.032764394
-0.064343167
-0.042569072
-0.055034236
-0.054006901
-0.041062715
0.022911239
-0.065061148
0.0079435776
-0.065647669
0.020030916
-0.064875541
0.0055563786
-0.066672247
-0.036662979
-0.049598574
-0.04228904
-0.029967268
0.027610286
-0.064344871
0.008277091
-0.060601882
0.020401127
-0.06695634
0.003172054
-0.06518609
0.00057019088
-0.019868267
-0.014795521
0.0029686493
-0.00035985015
-0.010047015
-0.0049255501
-0.012430765
-0.0046024736
-0.020605909
-0.0025806921
0.015527947
-0.01978142
0.013897666
-0.00037041772
0.011064743
-0.003376644
0.0057808655
0.0052212786
-0.0040626571
-0.0088714729
-0.01551162
0.015745335
0.015934158
0.031620764
-0.021518563
0.028668152
0.017705855
0.005795871
0.023544351
-0.0048145306
-0.059639364
-0.060186702
-0.059419819
-0.058447997
-0.0028013094
-0.057687544
0.0013176266
0.0096333175
-0.054478476
0.011117603
0.0054414311
0.013423322
-0.006722296
-0.013657952
-0.012229286
-0.0063899439
-0.058230837
-0.056268762
-0.022273788
-0.019204335
0.022795955
-0.051337464
0.022285608
-0.017194287
-0.01143904
0.022749189
-0.006266278
-0.011958735
-0.020530595
-0.0072657146
-0.019282712
0.01715619
-0.030605675
0.015654096
0.01843965
-0.032604842
0.019935814
0.012012138
0.020396648
0.07399201
0.072833977
0.061384791
0.066164498
-0.0028819687
-0.017529524
0.066536485
0.052494694
0.020542416
-0.032859655
0.02362677
0.04402745
0.054575398
0.026690716
0.061875151
-0.070128059
-0.070090771
-0.072336284
-0.068390174
-0.0031527388
-0.067930848
-0.001693592
0.018247535
-0.062078686
0.016428166
0.00045663066
0.014448394
0.068187505
0.066739343
0.071215429
0.069815238
-0.072030395
-0.065338891
0.061550069
0.068645923
0.037932132
-0.056190496
0.033928612
0.074951143
0.075076527
0.029135695
0.071120162
-0.060976126
-0.061226153
-0.05356268
-0.055648599
0.0025415675
-0.059429293
-0.00030836687
0.0059197593
-0.055881612
0.0065659901
-0.0032178032
0.008282463
-0.013478151
0.0018052035
-4.9479195e-05
-0.01412795
-0.05263906
-0.055688019
0.01596715
0.012920892
0.012611081
-0.056936187
0.015410667
0.010389601
-0.0012068204
0.020123114
-0.013845063
0.00088271289
-0.010359096
0.0058821818
-0.0086419115
0.0018770024
-0.022562632
-0.002386374
0.019023114
-0.023673148
0.018000005
-0.0049717984
0.01714892
0.03903626
0.051197022
0.052171332
0.040585285
0.0095295037
-0.0074550945
0.062064437
0.061136663
0.031402712
-0.024223034
0.03273837
0.062064866
0.054684451
0.033311348
0.043657708
-0.044909011
-0.053529418
-0.048994752
-0.057508425
0.0042570877
-0.059967025
0.0029338409
0.013961445
-0.062834597
0.011857802
0.0010674354
0.0098320333
0.048953713
0.059197495
0.059574519
0.049470822
-0.051043316
-0.059343247
0.064985568
0.065427477
0.024368391
-0.063862474
0.021662196
0.06472001
0.058316906
0.019483283
0.048184972
-0.040344027
-0.048272426
-0.033592875
-0.039792502
-0.0033851787
-0.054445753
-0.0049002731
0.0065387257
-0.045333123
0.0057641693
-0.0049380223
0.0060378877
-0.0071192825
0.0070141883
0.0066880665
-0.0087227171
-0.032689801
-0.038116637
0.021396464
0.021804932
0.016997759
-0.043419054
0.016925691
0.020898584
0.0055717333
0.018007579
-0.010479529
-0.011494088
-0.019419783
-0.0098794816
-0.019679895
0.053260968
-0.026452044
0.051879327
0.059530538
-0.028453772
0.059913739
0.048535723
0.059470094
-0.0040894325
0.010399029
0.0075679358
-0.0017018695
-0.00680694
-0.019095418
0.022637541
0.017086038
0.063213457
-0.030097646
0.065463685
0.012181151
0.0049414646
0.068392035
3.1789999e-05
-0.050373866
-0.058230086
-0.048062804
-0.055777258
0.044300986
-0.062161838
0.04105139
0.0529677
-0.059936833
0.049956306
0.038706005
0.047751104
0.024494173
0.034898012
0.035850267
0.025457797
-0.044686934
-0.052343803
0.045466028
0.04639502
0.060395809
-0.057041247
0.058041853
0.048379215
0.038574371
0.05619973
0.028688257
-0.038759104
-0.044488289
-0.043199552
-0.049472307
0.037202709
-0.049970702
0.038250444
0.046439285
-0.05499529
0.047576752
0.040857685
0.050165851
0.0029398749
0.0031337604
0.0045268162
0.0044198592
-0.047855016
-0.054645053
0.0076676008
0.0088407251
0.054823484
-0.059986426
0.055550409
0.012211724
0.0073390982
0.057373701
0.0059023394
-0.04387282
-0.033406467
-0.038867775
-0.02843003
0.0061733447
-0.021562881
0.0042857256
0.011387509
-0.017326567
0.01279596
-3.9517375e-05
0.012273653
-0.0068803795
-0.012310746
-0.013878473
-0.0076861666
-0.03418365
-0.02322016
-0.017423203
-0.019607209
0.020203981
-0.01171538
0.023005693
-0.022669899
-0.015847178
0.023820884
-0.0088243352
-0.026833905
-0.014897525
-0.025177294
-0.013342249
0.041872251
-0.0025443667
0.044643986
0.051655423
-0.0013189294
0.054076278
0.045182614
0.054548359
0.0039852349
-0.01051128
-0.011009252
0.0044692381
-0.025353884
-0.014107963
-0.024497993
-0.025272179
0.059159855
-0.0029452159
0.061422275
-0.025545819
-0.011422867
0.062393881
0.0046108391
-0.031082382
-0.02190183
-0.035824122
-0.027636126
0.064971068
-0.013140105
0.067541901
0.063128017
-0.019841744
0.065800863
0.070980656
0.070577769
0.013530294
-0.0068437371
-0.0078350125
0.013315812
-0.04093367
-0.033387523
-0.026027831
-0.027204259
0.058576214
-0.026077205
0.060991921
-0.027260998
-0.0086786416
0.066623085
0.012270757
-0.049637467
-0.041782388
-0.052510678
-0.04373125
0.04361938
-0.033511236
0.044006525
0.034235951
-0.034040012
0.033062081
0.048764549
0.036000472
0.0053804912
-0.011113558
-0.010965463
0.0041448567
-0.054410063
-0.044433132
-0.026169707
-0.02534544
0.023989369
-0.032998177
0.021381224
-0.024432512
-0.011164592
0.021904389
0.0020107667
-0.050086563
-0.057937061
-0.056873282
-0.065604316
0.0077221847
-0.063992045
0.0065816816
0.022581304
-0.07118209
0.020488718
0.0057934779
0.018294469
0.060642234
0.051600288
0.053829336
0.062126621
-0.059985343
-0.069232207
0.039960617
0.042791008
0.036538997
-0.074429943
0.033898945
0.04785328
0.05752685
0.030753217
0.064147248
-0.05885583
-0.068050768
-0.055616512
-0.064496906
0.058587758
-0.072733711
0.0558687
0.065312934
-0.069214517
0.063132663
0.052212378
0.060027472
0.063005243
0.067803974
0.068470809
0.063770304
-0.051036982
-0.059600183
0.068729366
0.06933668
0.068647847
-0.06464603
0.06743578
0.067797867
0.067657498
0.065442863
0.063870536
-0.067251112
-0.067005652
-0.069417951
-0.069751849
0.0021404053
-0.063935534
-0.00054702672
0.020617829
-0.066477538
0.02131036
-0.0026035814
0.020900102
0.041753753
0.028942639
0.037831161
0.051400408
-0.071643059
-0.07260209
0.015787407
0.022537402
0.037443006
-0.06960991
0.040723574
0.029061994
0.046315297
0.041698145
0.060412949
-0.04938165
-0.038635116
-0.049912665
-0.038154349
-0.005868383
-0.026539012
-0.0038744515
0.011480499
-0.025623087
0.013336794
-0.001082066
0.015104193
0.072347719
0.058011186
0.059309226
0.073328497
-0.052804477
-0.040736652
0.03832036
0.039559769
0.024619826
-0.0278685
0.025831361
0.037668039
0.056438834
0.026835046
0.069780562
-0.056965013
-0.047921673
-0.044617857
-0.034402952
0.0030475511
-0.036275939
0.0037212356
0.016559117
-0.023607293
0.016196406
0.0036029742
0.015396215
0.072722595
0.079673608
0.079667169
0.072760406
-0.03477944
-0.024316387
0.082660405
0.082833707
0.027482184
-0.014826391
0.027175982
0.079600059
0.077388253
0.026637218
0.07178845
-0.068030291
-0.059819602
-0.065791401
-0.058658053
0.065435686
-0.049227658
0.060431162
0.071504907
-0.049202541
0.067484421
0.054160729
0.06231466
0.062716632
0.062920678
0.060078012
0.061970947
-0.063871004
-0.058714554
0.060192075
0.055686889
0.072406776
-0.051260985
0.070086434
0.051819646
0.057674124
0.066901725
0.061439855
-0.058629405
-0.046734507
-0.059221119
-0.047544488
0.04279349
-0.033357067
0.042158483
0.049345803
-0.034140639
0.047799826
0.04198831
0.047061769
0.030322717
0.021168985
0.021839851
0.030837985
-0.057692864
-0.046299562
0.012911799
0.013660754
0.054561103
-0.03312127
0.052223964
0.015803943
0.024094262
0.05090539
0.03288368
-0.066112064
-0.065987581
-0.064605164
-0.061835571
0.0047331961
-0.063888252
0.0058738958
0.010417279
-0.057247696
0.0086065755
0.0059046277
0.0071320926
0.041298709
0.051868666
0.047774058
0.036896556
-0.062659299
-0.058064015
0.060293938
0.057354287
0.019368448
-0.051721468
0.01546391
0.054651581
0.044052768
0.012823273
0.032911766
-0.05392939
-0.045842566
-0.044044479
-0.035687031
0.0023782283
-0.0352271
0.0019755549
0.01365082
-0.025903293
0.013176117
0.0019875886
0.013126326
0.029448536
0.04053445
0.04173013
0.031207089
-0.036200395
-0.027725921
0.05201243
0.052702463
0.025571725
-0.018753206
0.025342283
0.054700986
0.045059026
0.025424681
0.03557013
-0.04950095
-0.041209097
-0.049137823
-0.041426495
0.0025815518
-0.03057308
0.0018952894
0.013956278
-0.030529632
0.014164455
-0.0010266887
0.013335599
-0.0099559032
0.00045024704
0.0037544262
-0.0065106484
-0.051472196
-0.04361489
0.0097198369
0.012605666
0.026298966
-0.031887772
0.026593367
0.017725205
0.0085040901
0.026088361
-0.0025271504
-0.059159713
-0.061934549
-0.06291671
-0.064567818
0.032446948
-0.06267293
0.035879525
0.043428082
-0.064026131
0.045747792
0.041394523
0.049468695
0.0083496648
0.015602292
0.019936907
0.0089849608
-0.065771541
-0.065778675
0.023528968
0.029978028
0.053634951
-0.063487633
0.054260822
0.035788049
0.023587675
0.055267558
0.0090326671
-0.059270124
-0.053592643
-0.058242054
-0.053262769
0.041169075
-0.046110367
0.036033648
0.051406121
-0.046356265
0.047034598
0.032636252
0.044081846
0.040205571
0.048027753
0.053654957
0.0470649
-0.057671377
-0.054059
0.054770707
0.058537365
0.059863935
-0.048337418
0.056939594
0.062119595
0.058951832
0.054860505
0.053477212
-0.055274538
-0.045913252
-0.054201352
-0.043982161
0.049053102
-0.032302837
0.048474348
0.057466753
-0.02988702
0.056576668
0.04638946
0.053860404
0.007117367
0.026717147
0.025559233
0.0052602246
-0.050791502
-0.039879789
0.042191802
0.041623203
0.063020422
-0.025779612
0.062218408
0.038343806
0.022610415
0.059469168
0.0030675552
0.0048941338
-0.0077249661
0.0059185252
-0.0073089104
-0.020627376
-0.0056200514
-0.020331133
0.016435035
0.026922251
0.028020001
0.006115992
-0.0077732496
-0.021045836
0.033018634
0.030740589
-0.032648738
-0.03206336
-0.0032525599
-0.043006551
-0.0049816788
0.013462592
-0.041849739
0.012101667
-0.0058115519
0.010650234
0.033691134
0.019845711
-0.032711132
0.046809753
0.027110814
-0.042206217
0.026188679
0.035790927
0.024761519
-0.030957094
-0.026882393
-0.0055585418
0.0090937426
-0.004068944
0.0075120162
0.006603514
-0.0058067763
-0.027186739
0.022703856
0.020005022
-0.011192144
-0.018024543
0.044077812
-0.024046086
0.041418936
0.03630042
-0.0032064582
0.0075586557
0.0050938603
-0.0020764374
0.018257269
0.014129875
0.011314895
0.003590167
-0.0011603727
0.0058458501
-0.008541477
0.044730734
-0.021996335
0.045070658
0.028597539
0.024058759
0.0052970157
-0.053360258
-0.0093035783
0.038389049
0.03415849
0.052439598
-0.022765578
0.053403881
0.031302034
0.020904799
-0.033667079
0.037953931
-0.043062009
0.037436695
0.036429253
0.019220938
0.0098735145
-0.049974362
-0.034398471
0.029806618
0.046488564
-0.04378013
0.046279161
0.029586173
0.018967516
0.045842296
0.0097794496
-0.029601631
-0.03497197
0.034785481
0.032451204
0.002947231
-0.00033653717
-0.032796996
0.045103159
0.0032273424
0.044012166
0.00047384945
-0.052753458
0.011097291
-0.050913773
-0.054623792
-0.0081798915
-0.052346466
0.037787747
0.029685418
-0.0076485733
-0.047486535
-0.0059518746
0.0087089292
-0.048107358
0.0088386137
0.02351105
-0.031230521
-0.02652853
-0.05526874
-0.026182639
-0.052882269
-0.039530325
-0.033664695
0.024755635
-0.048216564
0.023745107
-0.029357783
-0.023211725
0.0039993778
-0.042693724
-0.0088177047
-0.042257959
0.020372089
-0.0005310517
-0.03674103
0.0015409555
0.008438263
-0.035143802
0.0098436573
0.021071044
0.0033607652
0.011258277
-0.021759839
-0.016566275
-0.022552929
-0.041708322
-0.027198697
0.019752518
-0.033803563
0.020660372
-0.027500877
-0.022381766
0.021597299
-0.052153857
-0.047782941
0.0043179471
0.012394506
0.0034732679
0.012888941
-0.011454101
-0.0064142814
-0.043791453
0.022439982
0.022946222
-0.056498628
-0.053909643
0.036093192
-0.048368068
0.034075686
0.032941358
0.054104814
-0.04599751
0.051654326
-0.043115478
-0.005796639
-0.013488284
-0.012514081
-0.0045978757
-0.054572911
-0.049767004
-0.051669524
-0.022610261
-0.021508965
0.048611913
-0.045849852
0.045608859
-0.021049802
-0.011985132
0.046130154
0.043284344
-0.0035989506
-0.055135674
-0.042395803
-0.052839612
0.040701434
0.036956347
0.039977265
-0.048021706
0.038241248
0.034371548
0.054691098
-0.053384873
0.051965784
-0.032158227
-0.030747547
-0.054670884
-0.056093237
-0.052581369
-0.041265318
-0.039545177
0.053517012
-0.047806201
0.051450392
-0.038616779
-0.030101747
0.046447388
-0.036562389
-0.041166522
0.033144184
0.032458533
-0.032793125
0.033005582
0.03328052
0.033401533
-0.048759772
0.038574171
-0.047112109
-0.030120144
-0.021176849
-0.049790726
-0.040848085
-0.038380476
0.045224951
-0.032278524
0.045530145
-0.038640979
-0.030592939
0.04540148
-0.021725953
-0.040218824
-0.030000888
0.03359051
0.033425919
-0.04519788
0.037568407
-0.043503008
-0.011936004
-0.0029583357
-0.037399549
0.044840589
-0.01230804
0.043827048
-0.0027666346
-0.011557666
-0.015391877
-0.022027662
-0.0092314587
-0.013860302
-0.020052377
-0.047112069
-0.028682267
0.013409056
-0.032455712
0.016270509
0.013660951
-0.031509948
0.01614468
-0.015514741
0.055809018
0.040837341
-0.007485069
-0.013287103
-0.01843386
0.042027286
0.028009885
0.016434637
-0.030365093
0.017952491
0.019869448
0.031922285
-0.012864028
-0.042221495
-0.015978633
-0.042780623
-0.0080686259
0.012733629
-0.050869553
0.012575755
0.019399748
-0.053086433
0.019671995
-0.0061656245
0.011631247
0.019578665
0.027757285
0.040123168
-0.021213546
-0.042515681
0.016073935
0.027115215
-0.05388095
0.02754989
0.0159015
0.027540772
0.027910414
-0.040777184
-0.045564028
0.0099435977
0.019111784
0.0076296487
0.018311343
0.051585933
0.060308979
-0.047472511
0.028149822
0.028246926
0.00071055583
-0.015623172
0.023986271
-0.032062673
0.027711339
0.0321324
-0.0070689696
-0.027004306
0.011754785
-0.03351648
0.062440481
0.061044778
0.057743315
0.059384196
0.0033161318
-0.021938308
-0.013738135
0.055727736
0.052267834
0.02914084
-0.030509619
0.032787048
0.051504519
0.056816576
0.029784821
0.037495327
0.058333398
-0.006030971
-0.015094963
-0.017166967
-0.038171133
-0.029550463
0.021070639
-0.029440429
0.021610639
-0.025561941
0.00068346177
-0.019374606
0.015221104
0.046849603
0.04353534
-0.0046457819
-0.019989747
-0.016166547
0.035383183
0.032605157
0.027462066
-0.028788532
0.027235521
0.032583539
0.043075353
0.030129449
-0.027806681
-0.042076264
-0.024685019
0.03535853
-0.05396465
0.035798036
-0.025946535
0.036326759
-0.035390455
0.04447563
-0.036673135
0.044382766
0.052464756
-0.035236273
-0.04166172
0.034193595
0.043505718
-0.053653712
0.043885937
0.036509909
0.046529926
0.044414571
0.054290711
-0.047447445
-0.060440625
0.036873878
0.037374659
-0.03886353
0.045879202
-0.041588499
0.057436984
0.058611666
-0.045958756
0.045011434
0.058864522
0.045585319
0.059620891
-0.068677361
-0.068034028
-0.071645527
-0.06887256
-0.065138097
-0.0035166606
-0.063256371
0.019792665
0.05297511
0.061942383
-0.072792306
-0.068579099
-0.061237036
0.040657617
0.070117372
-0.059966651
-0.055259626
-0.00729853
-0.052566848
-0.0067154277
0.014537879
-0.045501798
0.014372898
-0.0053139178
0.013904042
0.076587069
0.079823797
-0.051602829
0.067730869
0.033311811
-0.040681827
0.032849962
0.080500128
0.031347333
-0.063587797
-0.053979048
-0.003394539
0.013153087
-0.0012485603
0.01219763
0.078004608
0.072107627
-0.045669249
0.029018512
0.026161333
-0.070304689
-0.06219087
0.054068186
-0.051633981
0.049020356
0.042815063
0.064121225
0.064311381
0.06522064
0.064978456
0.061056613
0.062274307
0.063543469
0.066166104
0.065876715
-0.072769245
-0.067854812
0.058087154
-0.059768763
0.057266509
0.054421365
0.056033935
-0.072090974
-0.070828001
-0.067158099
0.044832573
0.046723681
0.068957262
-0.059172574
0.068451812
0.04877516
0.057744301
-0.04953854
0.047970598
-0.038336996
0.04749721
0.045646109
0.059479828
0.06485133
-0.064481413
-0.049163911
0.050862804
0.058014059
-0.038275491
0.057672883
0.052595907
0.060904977
0.031195819
0.055974265
0.065945925
-0.039997428
-0.028552321
0.042708454
0.039073364
0.067171638
0.066835349
-0.037643849
-0.026381775
0.05319611
0.068059145
0.023843909
0.049719865
0.06771839
-0.062343483
-0.061808209
-0.058567994
-0.057714408
-0.059416944
0.0047423117
-0.055195073
0.0061721509
0.02918705
0.025206652
-0.057051082
-0.055788432
-0.052925153
0.011790995
0.021663267
-0.055276347
-0.051086866
0.0047492162
-0.049400029
0.0046580532
0.0090789675
-0.045347461
0.0091090064
0.0036162435
0.0095379
0.019403622
0.0091094824
-0.048547731
0.030183261
0.016889307
-0.042621783
0.016814894
0.019186531
0.018007552
-0.055543744
-0.053845474
0.0014503216
0.010235088
-0.0020599553
0.010901255
-0.0011638221
-0.012460331
-0.055740085
0.020330835
0.023285884
-0.055244488
-0.058505132
0.021798054
-0.059883105
0.025471326
0.031417699
0.0040150581
0.011181291
0.013917856
0.004887068
0.019502361
0.023105572
0.02657057
0.016520945
0.005669299
-0.05698541
-0.055386298
0.021769931
-0.052149623
0.020592811
0.02859481
0.032282629
-0.057687628
-0.055912154
0.037950256
0.041185357
-0.052381679
0.031370983
0.044357189
0.035859163
-0.047378938
0.027036401
-0.041069933
0.026815694
0.028184349
0.03902804
0.029608678
-0.047207337
0.047210545
0.038096833
-0.040418674
0.03780591
0.049511562
0.041531614
0.038947116
0.031971771
-0.058644285
-0.054072262
0.030965766
0.034509352
0.018776951
0.0063062524
-0.060677921
0.041278548
0.020499285
0.044089437
0.0067398772
-0.0069114629
-0.015805637
-0.00090037853
-0.014386844
-0.026460394
0.007044387
-0.029044264
0.01996318
0.070116544
0.066073451
0.0042840789
-0.012691133
-0.029887551
0.029355481
0.064575651
-0.037351018
-0.042981869
-0.047394778
0.0048830017
-0.054813428
0.017258395
0.0019596388
0.016051837
0.064653755
0.063661657
-0.045577725
-0.058352324
0.02820242
0.065441667
0.028020442
-0.034393494
-0.037504354
-0.00084979263
0.014774222
0.057368932
-0.039129383
0.02767999
0.011590446
-0.0067830697
0.040350282
-0.024283502
0.043139804
-0.0099719578
-0.050630617
0.0069573422
0.047316976
0.043660479
0.012104779
-0.046201598
-0.0065261988
0.054827431
0.051659775
0.04687556
-0.023849033
0.050275485
0.049969329
0.041387087
0.02264615
0.0080288511
-0.011032668
-0.029487556
0.036547072
-0.012002355
-0.040270319
0.007592623
0.06014787
0.057185522
0.010140876
-0.0095434996
-0.02809813
0.042443959
0.055910862
0.025897452
-0.045876719
-0.058910325
0.037777145
0.03804037
-0.044402201
0.04171303
-0.046897593
0.055802688
0.04940307
-0.044319984
-0.057093074
0.046055991
0.056411741
0.046372556
0.049655362
-0.03950016
-0.051425962
0.038120957
-0.048796318
0.036142306
0.040322097
-0.038745099
0.046516717
0.04028595
-0.055901683
-0.063649353
-0.062487231
0.005123572
-0.06906323
0.016108475
0.066269101
-0.067238922
-0.071766615
0.027472407
0.066707145
-0.066978958
-0.071031574
0.0035631106
-0.069333123
0.0047162566
0.017248987
-0.069846405
0.014614058
0.0055695662
0.012056398
0.066576684
0.062908535
-0.071972183
0.066257988
0.03133597
-0.068342908
0.026078362
0.065922366
0.021151761
-0.064143625
-0.065088437
0.0056338302
0.009639446
0.0046350083
0.0074750635
0.055597535
0.045296078
-0.064807572
0.017001032
0.013970777
-0.059488702
0.034655195
-0.063537896
0.031537752
0.029226648
0.041101206
0.030496962
0.050479786
0.051691154
0.042594105
0.03234912
-0.067640665
0.042290639
-0.071593169
0.038364166
0.057389992
-0.065570049
0.060894878
-0.06931702
0.04817112
0.062133007
0.058505511
-0.07082609
0.044403824
-0.06590666
0.03774592
0.031527461
0.059639653
0.053159258
-0.06839223
0.063204624
0.055351677
-0.063342594
0.048519561
0.06076529
0.042093212
0.054794955
-0.063795849
-0.060781446
0.026411055
0.022867541
0.044593865
0.034917008
-0.062352367
0.036802742
0.046930504
0.033160816
-0.051253506
-0.049379432
-0.057205455
-0.0011804785
-0.054593359
0.0079919083
0.036411441
-0.049307623
-0.054031996
0.017903225
0.035356357
-0.06086391
-0.057594524
0.0026067351
0.0057557666
-7.3596561e-05
0.004763332
0.032795104
0.018821331
-0.056539366
0.012325567
0.01229582
-0.058705013
-0.050012625
-0.0027070392
0.0048529626
-0.0043449049
0.0064337812
0.0038323171
-0.012160823
-0.04838315
0.014125386
0.018082642
-0.040326245
0.027318459
-0.045666976
0.027898845
0.029911693
0.004361973
0.001312941
0.010928559
0.013113088
0.0061934225
0.002193083
-0.04999796
-0.05451127
0.027805717
0.020013721
-0.050738849
-0.055285216
0.037399313
0.022150802
-0.056767177
0.021197595
0.021612189
0.025111702
0.016068811
-0.057541983
0.031477203
0.031941736
-0.050776935
0.024323872
0.029567296
0.0085341329
0.0031033039
-0.054992326
0.034723023
0.039994723
0.0045494099
-0.057696825
-0.0099533771
-0.039430736
-0.033893571
0.057248431
-0.023220965
0.058691078
-0.029552023
0.032692112
0.026181214
0.0036251688
-0.059409797
-0.010502416
0.040806903
0.034628576
0.059749485
-0.023394661
0.061456567
0.029425738
0.020553784
-0.055622896
-0.034722731
-0.026797527
0.053213333
-0.044104377
0.053190589
0.053285293
0.016675405
0.0088465493
-0.059374972
-0.034662963
0.025886462
0.058502807
-0.044014128
0.058546988
0.015131236
0.059000392
-0.03622037
0.053550309
0.05400469
0.0033143418
0.0015031211
-0.039670896
0.060069892
0.061912374
-0.0029500805
-0.018089294
0.064607588
-0.031566841
0.06854983
0.074709003
-0.0029776226
-0.071551628
0.019384268
-0.082688483
-0.0029367112
0.014161312
0.012046164
-0.00026316726
0.00093451423
-0.0641617
-0.017085589
0.027133302
0.02219478
0.063990601
-0.033054433
0.069270321
0.017044068
0.0092300798
0.039116709
0.077990869
0.0014156949
0.002525964
-0.058931213
-0.011017423
-0.042292148
-0.036019051
0.060366194
-0.023396674
0.062108587
-0.030448904
-0.00051006033
-0.059490872
0.014387598
0.03677185
0.030676673
0.0012573158
-0.056660366
-0.011581451
0.043781785
0.037932265
0.059405581
-0.023367078
0.060979178
0.032440103
0.024746693
0.027809129
-0.061573172
-0.03434316
-0.026495523
0.062546935
-0.043615185
0.062558055
0.063126976
-0.06300604
0.039477412
-0.064622745
0.020294389
0.013118775
-0.062385345
-0.03393298
0.028384388
0.065332356
-0.043080612
0.065243833
0.026522473
0.018192846
0.04913728
0.065683271
0.011308625
-0.043089097
-0.052489152
0.06461709
0.067382284
-0.067927006
0.055071782
-0.073823087
0.0070613253
0.0026378457
-0.046472019
-0.056980103
0.067144686
0.0062592962
0.066773149
0.070213089
0.0037064816
-0.053347222
-0.061577842
-0.065531849
0.056471046
0.055201218
0.05606519
-0.048080429
-0.05614659
-0.060714193
0.062977256
0.057140572
-0.065240532
0.063454148
-0.061138362
0.05759566
0.051989455
0.058411431
0.051261361
-0.06174626
0.063440894
0.068364859
-0.059481539
0.064449476
0.05985055
0.06054859
-0.060644089
0.0472981
0.043995246
0.042791557
0.033811137
-0.058765496
0.057142286
0.054583864
-0.04051617
-0.048202504
0.066328485
-0.053679309
0.065032269
0.06378419
0.038704414
-0.06840091
0.046335717
-0.067975611
0.035976258
0.036717023
0.027222068
-0.035932125
-0.06850038
-0.043715749
0.046131497
0.046814297
0.070467862
-0.050107414
0.070534012
0.048670433
0.039453907
0.052415729
0.070073116
0.03043965
-0.041750185
-0.04976677
0.068341591
-0.055282107
0.06748995
0.034694269
-0.068198737
0.042631995
0.056351211
0.05682922
-0.034915659
-0.067498196
-0.042982085
0.065743004
0.065869351
0.068750936
-0.049637206
0.069859305
0.064992671
0.057445667
0.04921576
-0.058139388
0.070077345
-0.058315002
0.068796553
0.067251271
-0.070646807
0.054100348
-0.07155042
0.058257785
0.051550354
-0.069196936
-0.054556428
0.06341135
0.0688546
-0.057415612
0.07054189
0.061480179
0.059265586
0.056932318
0.071689499
0.055135356
-0.056783761
-0.057434022
0.06565239
0.06415792
-0.071827936
0.056645675
-0.071436246
0.043874064
0.03574344
-0.054768882
-0.057353428
0.072189509
0.049401193
0.058728424
0.071948474
0.042378171
-0.051188478
-0.055933754
0.04654027
0.016152212
-0.051257057
-0.056288273
0.055078321
0.019616524
-0.058390535
-0.058664618
0.042362697
0.042546939
0.02508726
0.01733221
-0.05907122
-0.059618581
0.053078549
0.031869299
0.052701812
-0.059582775
0.044635738
0.048687236
0.011202822
0.0072663649
-0.06375808
0.053437791
0.055202511
-0.059674373
0.062091562
-0.064598783
0.061896008
0.062215636
-0.066675573
0.074168221
-0.067143774
0.0070620088
0.0047205606
-0.066850891
-0.064410649
0.011964922
0.067869809
-0.068750852
0.066331992
0.014960378
0.0093206143
0.077496997
0.06459059
0.0056332841
-0.051007114
-0.056352234
0.062755676
-0.067381104
0.056582492
0.018833867
-0.050591554
-0.056239352
0.06915146
0.022134722
0.061664281
-0.059521557
-0.060423724
0.062843493
0.061689712
-0.070353627
0.064290665
-0.068557467
0.027590173
0.01977584
-0.059803461
-0.061086544
0.070865948
0.03436098
0.064424333
0.068811814
0.025608375
-0.067241761
-0.067592292
0.060582202
0.05931824
-0.065993331
0.077183538
-0.062540041
0.012607437
0.0063129722
-0.070110879
-0.068688122
0.065604099
0.016321746
0.073747237
0.060996597
0.0065949646
-0.0023534863
-0.029785453
-0.0075906793
-0.027043453
0.02594906
0.0042492609
-0.021911884
0.0060393957
0.0063377463
-0.018119181
0.0090465251
0.034809166
-0.024980783
-0.016628102
-0.024878765
-0.030278659
0.013484186
-0.015183924
0.016762626
-0.035250164
-0.029133418
-0.0047687998
-0.013121452
-0.0047419274
-0.0083993243
0.046920306
0.003560233
-0.0033332693
0.0036394451
0.0029739443
0.0022114529
0.0063392384
0.060913996
0.048844418
0.00069891505
0.0017442935
-0.0027419554
0.0095496712
0.035085405
-0.03407579
-0.025849783
-0.010599663
-0.0048205091
-0.041851453
0.0082182069
0.0062598716
0.013674276
-0.049371211
-0.038822051
-0.0079043122
0.01962768
-0.028171851
-0.0093384357
-0.0064786559
0.0021666207
-0.0015894604
0.0030388244
0.01174296
0.0212746
-0.0049659955
-0.0054256242
-0.0030912399
0.011377775
0.0087302885
-0.017698762
-0.010285082
-0.00051167122
0.0095113819
0.02445066
-0.018799565
-0.011042329
0.025722779
-0.011623944
-0.018420203
0.030911439
-0.0063108003
0.033960694
0.034825209
-0.012959827
-0.0030291336
-0.022475149
-0.023202495
-0.013683635
-0.0036528115
-0.028033288
-0.023367318
0.034646705
0.023638332
-0.013239171
0.027159961
0.037030852
-0.031285724
-0.040144354
-0.022646632
-0.03920589
0.034808371
-0.012408772
0.038283119
-0.039985771
-0.032032968
-0.019519691
-0.0026125566
0.040232008
0.015724361
0.0084584166
0.022317104
0.044214185
0.034657434
-0.01193585
0.029682234
0.025085346
-0.032833196
-0.023785485
-0.029317531
-0.0018867862
-0.041086092
0.023520116
0.0087345004
0.030440212
-0.042866072
-0.033913711
-0.013399763
0.038417493
-0.024269303
0.0053960618
0.015811455
0.035801923
0.01649942
-0.020048091
0.037788549
0.0095741743
-0.014215051
-0.0044293673
0.009065702
0.018835947
0.045358796
-0.01446705
-0.025094213
0.048340615
-0.0048795664
-0.032437427
-0.051272124
-0.022843455
0.043620968
0.043871485
0.045268842
-0.012759074
0.048451151
0.043702883
-0.03719695
-0.037825609
-0.033372132
-0.059945218
-0.023992817
-0.048085093
-0.048345074
0.053716235
-0.014239201
0.05640119
-0.047611945
-0.037646043
-0.038486301
-0.0026255468
0.043375427
0.030706157
0.0072482917
0.037258306
0.04338792
0.034766636
-0.011957984
0.045291131
0.024540037
-0.03688932
-0.025400264
-0.04613015
-0.0046629105
-0.046165314
0.037022995
0.0043187244
0.042614659
-0.044499501
-0.036027121
-0.00795797
0.05022435
-0.025115775
0.0094477598
0.017590771
0.052958428
0.012754181
-0.024293182
0.05771355
-0.00062225242
-0.01157843
0.0047611367
0.0064323972
0.012419438
0.058553863
-0.011380262
-0.017868521
0.065849483
0.0056452881
-0.027411501
-0.017124341
0.063688778
-0.0071439781
0.066043243
0.068083449
0.010391348
-0.0081494628
-0.0089369744
0.010884024
-0.025812058
-0.027032507
-0.02733625
-0.009561964
0.010848511
-0.035037814
-0.065128831
-0.025979103
0.051794194
0.052213373
0.059357016
-0.016648431
0.061376891
0.051109784
-0.04150785
-0.042583663
-0.037225557
-0.066361504
-0.028529537
-0.054503967
-0.055074907
0.061915645
-0.019646183
0.063140045
-0.053679624
-0.04210885
-0.051854626
-0.0076955158
0.048704316
0.042532777
0.00036642186
0.046674079
0.04544051
0.037003013
-0.0021156556
0.053380232
0.025535633
-0.040218748
-0.026760464
-0.055630797
-0.011311343
-0.050458603
0.047398164
-0.0041219595
0.049714125
-0.045810181
-0.037340333
0.0046766167
0.055019761
-0.025561193
0.00063485605
0.0043865564
0.062159004
0.010341755
-0.0072624697
0.072397538
-0.009400418
-0.009865543
0.010787433
-0.0068484434
-0.0051117192
0.06381212
-0.0096219766
0.0054881974
0.076857565
0.011487935
-0.03960302
-0.063769739
-0.031259679
0.05605387
0.056653155
0.061551577
-0.022798211
0.061895906
0.054988779
-0.04282269
-0.043768578
-0.041801503
-0.057955492
-0.03375954
-0.056416981
-0.056862684
0.05869461
-0.025650735
0.058135942
-0.054944073
-0.042819695
-0.057638763
-0.015029071
0.051130716
0.051732279
-0.008617547
0.051989178
0.045444909
0.036902549
0.011451775
0.055411858
0.025100477
-0.040009571
-0.026180611
-0.058089678
-0.018347594
-0.050671433
0.055488225
-0.012572689
0.053636871
-0.044353021
-0.035705188
0.017227846
0.05477248
-0.024166594
-0.014672759
-0.014560773
0.063568393
0.0092013579
0.018139981
0.078713921
-0.011789404
-0.0091802903
0.010996241
-0.021471771
-0.022448326
0.061500197
-0.0090679009
0.028490441
0.077519954
0.010383922
-0.045709679
-0.038291974
0.051883505
-0.030839127
0.053534438
0.059207977
0.011502729
-0.0078868153
-0.0085875731
0.010467686
-0.025941801
-0.026293196
-0.025748051
-0.0092655149
0.0085026274
-0.04351997
-0.04979417
-0.03569338
0.055701014
0.055814871
0.053842476
-0.027817649
0.052439616
0.053688593
-0.041597008
-0.041602341
-0.044602988
-0.040201649
-0.036875867
-0.05411565
-0.053785504
0.047368968
-0.029055001
0.045287733
-0.051576208
-0.040064023
-0.057050489
-0.020809374
0.049262303
0.05834043
-0.015453767
0.054569191
0.042710128
0.03390787
0.021072599
0.053184344
0.022872634
-0.036828571
-0.024164461
-0.054305072
-0.022073496
-0.047308717
0.05957004
-0.01679239
0.054326857
-0.040914237
-0.0318627
0.022217695
0.050470693
-0.021461956
-0.02607895
-0.027378419
0.057666211
0.0092276109
0.034596058
0.072931193
-0.0074983997
-0.0097406626
0.0059547586
-0.027739714
-0.028260472
0.052041421
-0.0097148772
0.035066502
0.064737087
0.0034926546
-0.045061062
-0.029926732
-0.03729885
0.051922738
0.051164807
0.039381657
-0.029302338
0.036918869
0.049143202
-0.039061962
-0.038022636
-0.045033607
-0.019412554
-0.037105745
-0.049374966
-0.048387123
0.02966587
-0.028686328
0.027258878
-0.04704131
-0.036660914
-0.04925924
-0.021979725
0.045479861
0.057997118
-0.016264793
0.051967656
0.039696442
0.030216233
0.02026698
0.046067537
0.020371918
-0.034356294
-0.023017588
-0.040922563
-0.020601708
-0.044695938
0.051893626
-0.013808071
0.04596725
-0.040270164
-0.030051826
0.01553439
0.03891912
-0.020323509
-0.026352351
-0.024651413
0.044437033
0.010603116
0.029528782
0.052942609
0.0011267607
-0.011609237
-0.0012051383
-0.022720219
-0.017308838
0.034464173
-0.012016601
0.019319403
0.03791804
-0.0056785816
-0.055594715
-0.044534379
0.012875449
-0.031556245
0.0095661274
0.007747378
0.058777612
0.0028672098
0.045561174
0.0043526943
-0.0029057498
-0.01601239
-0.014682125
-0.0029470602
-0.056328991
0.0020483128
-0.044800332
-0.027004629
-0.025640478
0.00058745974
-0.031334821
-0.0020040065
-0.025826602
-0.014355165
0.030655522
-0.0049319854
-0.0035985154
-0.044718282
-0.0087302617
-0.036541713
0.046648464
0.045858046
0.01771493
-0.027495718
0.015928655
0.045947756
0.051027395
0.0019473913
0.041186727
-0.036180408
-0.035450058
-0.044295272
0.0024216843
-0.035893047
-0.043791093
-0.043887781
0.0027296059
-0.026191171
0.002241562
-0.046555163
-0.036849344
0.029595571
-0.027969976
-0.018289184
0.046068501
0.038900235
-0.0097692561
0.034111409
0.044467669
0.033028601
0.0095014538
0.02745746
0.022412019
-0.0074040192
0.017118079
-0.0043764682
-0.039420967
-0.027016644
-0.0089696054
-0.015623308
-0.050774637
0.016089731
-0.005044337
0.013506743
-0.054744224
-0.041409227
0.0052564386
0.0096433589
-0.028137274
-0.018804235
-0.0089373334
0.021535924
0.014145309
0.0083686486
0.02062446
0.0092924113
-0.00057953417
0.015691211
0.0032956248
-0.015159754
-0.0059009198
-0.017344079
-0.0049124603
0.0055926243
-0.017265744
0.0040313866
0.0026344554
-0.010954719
-0.0122523
-0.058065097
-0.022832776
-0.061684884
-0.0092720201
0.010931609
-0.063555764
0.0092502218
0.025453795
-0.067924339
0.024349566
-0.016573183
0.030651533
-0.033296265
-0.063397749
0.018912566
0.03881647
-0.070114477
0.038292928
0.024648317
0.036440111
-0.0085717044
-0.067145027
-0.026666261
-0.071328567
-0.026951802
0.0052574353
0.0034414236
0.026188669
0.024658407
0.0025515718
0.022441656
0.044164728
0.054367098
-0.042821221
-0.073346659
0.032520608
0.044702531
0.04361522
0.040675182
-0.068081691
-0.073389449
0.0026783791
0.019897654
0.062021131
-0.075286828
0.036393398
-0.069808589
0.048796772
-0.074685053
0.045941816
0.060523445
0.056332259
0.058198575
0.062050612
-0.04320783
-0.063887586
-0.028790639
0.050470734
-0.070756856
0.050407794
-0.032871295
0.048847439
-0.051903758
-0.0635573
0.038907918
0.059666495
-0.070320429
0.059935286
0.041086941
0.050966645
-0.056188714
-0.073813651
-0.037914188
0.059571429
0.058935764
0.055790964
0.052791394
0.059752558
-0.065889861
-0.073240296
0.043014937
0.069776144
0.069562706
0.066702162
-0.074751801
0.050697891
0.063301205
-0.07262156
0.061710931
-0.053004677
-0.058664022
-0.062607262
-0.047262651
-0.048891336
0.065685379
-0.069125393
0.066219662
-0.048953639
0.065287552
0.065891125
-0.051954679
-0.062891513
-0.061116302
0.05745169
0.058087147
0.068059963
-0.067366945
0.068876987
0.056004496
0.063912174
-0.071253767
-0.07200268
-0.047669985
0.074714134
-0.071098377
0.074923006
-0.045579051
0.072818683
0.059832895
0.064514832
-0.072017837
-0.070332497
0.051709516
0.074342771
-0.069951738
0.075021889
0.046091976
0.054501199
0.074098493
-0.069553033
0.068785841
0.065644271
-0.066010513
0.071751861
-0.045471977
-0.05380096
0.068596925
-0.059457807
0.068739759
0.036508971
-0.066467418
0.0446616
0.073197448
0.072875607
-0.039373839
-0.065224467
-0.04756758
0.077498789
0.076723626
0.065489383
-0.054019752
0.067243151
0.072845467
0.070425351
0.051269918
-0.050433318
-0.064241479
-0.059116275
-0.066102265
-0.06570351
0.066726212
-0.06515061
0.067901384
-0.061728763
0.043394913
-0.063915375
0.051599148
0.077486831
0.076364412
-0.048432632
-0.062689154
-0.056649815
0.07224424
0.070979626
0.062074963
-0.062535568
0.063688566
0.065664173
0.071453794
0.057802043
-0.068441781
-0.068332698
-0.054967903
0.069221655
-0.068655337
0.07044376
-0.046583355
0.071020216
-0.063111528
0.061852771
-0.065219139
0.06370629
0.066648671
-0.061306098
-0.06601704
0.057305671
0.060440747
-0.067108934
0.062257656
0.047220466
0.05436266
0.063660042
0.064482832
0.059155623
-0.062280229
-0.062283728
0.07087537
-0.067327509
0.056052252
0.066398912
-0.058508345
-0.060846986
0.066769905
0.061506704
0.058742546
-0.069181
-0.072603742
-0.068379379
-0.075026973
-0.072091628
0.0045520495
-0.07719943
0.018228702
0.0035535516
0.0072009528
-0.070509988
-0.079378322
-0.083654421
0.031558466
0.010674536
-0.067020251
-0.073965103
-0.057293867
-0.0014954518
-0.065098311
0.013585033
-0.0048969774
0.014097024
0.013566588
0.034581438
-0.08214911
-0.074418691
0.027485252
0.015479299
0.030675668
-0.057987425
-0.059677823
-0.0067748713
0.014427329
0.05337367
-0.062790026
0.032606045
-0.073792013
-0.075129461
0.051399498
-0.072485183
0.056190596
0.073889329
-0.068229231
0.071751098
0.033035534
0.034935498
-0.075635858
-0.06260204
-0.076897402
0.019990424
0.021614177
0.061532939
-0.074355346
0.066670541
0.023387853
0.037031038
0.066175698
-0.074466644
-0.084182617
-0.089416068
0.043643559
0.077368319
-0.054120288
0.082432708
0.0067292385
0.0079814908
-0.079031594
-0.088011032
-0.092733238
0.053652969
0.0092339939
0.083400001
-0.088840119
-0.081802399
0.039684008
0.044138604
-0.052126079
0.079699233
-0.058561879
0.010397819
0.025198598
-0.091914042
-0.084803015
0.049764305
0.01133098
0.054089609
0.026768705
-0.065970526
-0.056196805
0.04688195
-0.062693224
0.057796213
0.039183681
-0.068101089
0.056837689
0.04101713
-0.043475965
-0.051189434
-0.02685502
-0.0053441324
-0.03365093
0.010600386
0.016050587
-0.060860343
-0.042684047
0.023704104
0.014963227
-0.0094138813
-0.014591866
0.0063330978
-0.0027586382
0.0027355354
0.013080919
-0.0093340916
-0.0011173832
0.0055906238
0.000869322
0.017516853
-0.024956694
0.011962136
0.032112846
-0.021799821
-0.00067550358
0.023335311
0.0066932032
0.0032729641
0.023175446
0.022485659
-0.014072844
-0.013523443
-0.0022355823
0.015558737
-0.0027436438
0.022880871
-0.037925582
0.004082944
0.024114826
0.0033029178
0.027595741
-0.048204524
0.048681954
0.060849313
-0.015400338
-0.0042006689
0.024419787
0.035555892
0.0039205464
0.026436708
0.045925327
-0.044149096
0.034737715
-0.030980033
0.035058034
0.035448248
0.041946681
0.053338733
0.027677288
0.027420442
0.04127303
0.052306363
-0.068423892
-0.049587064
0.034629507
0.011850182
-0.071295411
-0.051964361
0.043876311
0.011753707
-0.026829457
-0.0021700957
0.031290555
-0.0069676586
0.0046950652
0.02698554
-0.021534056
0.01085179
0.02550401
-0.028021355
-0.0011602206
0.03882085
0.0089507262
0.0044946264
0.03154974
0.021582347
-0.017787097
-0.0054443067
0.024857677
-0.033846845
0.0049252395
0.024831371
-0.04384045
0.038327323
0.048713498
-0.019435499
-0.0058072123
0.026990157
0.032660757
0.0056382965
0.025350561
0.041989721
-0.043071515
-0.034688387
-0.031710211
0.0014075
-0.023544968
0.016231149
0.081040535
-0.029504456
-0.019009244
0.027398122
0.077356054
-0.018814306
-0.01276601
-0.0048200963
0.029405813
-0.0029774825
0.030785514
-0.055858752
0.0048354567
0.030694078
0.0021631287
0.032132134
-0.061003232
0.068513553
0.072023462
-0.0099601122
-0.0028834218
0.028771649
0.053733272
0.0014844262
0.031104195
0.059165723
-0.021834562
-0.012431247
-0.0044769506
0.028175558
-0.0011923489
0.031717721
-0.063769412
0.0040275404
0.022738452
0.00031943223
0.029881141
-0.064285593
0.071978611
0.069085333
-0.0066613323
-4.1611727e-05
0.03320448
0.062409225
-0.0012111599
0.034902051
0.0636234
-0.018309943
0.036128661
-0.0099522006
0.036360885
0.036533096
-0.048441496
0.014309494
-0.047039081
0.068404308
0.068187749
-0.049545784
-0.016507396
0.066308477
0.042797567
-0.0087532072
0.043588274
0.065195398
0.067548532
0.0068816999
0.044506245
0.067693842
-0.027302412
-0.017400947
0.035820184
-0.050196464
0.020946608
0.061419503
-0.027589911
-0.018002637
0.04223034
0.060231966
0.012491036
-0.0093498858
-0.0036154928
0.026640327
-0.051573264
0.0019245141
0.029862455
-0.057161179
-0.034244032
0.0063557705
-0.036168147
0.056489193
0.06173734
-0.01016432
-0.0044939024
0.026469223
0.049480194
0.0028113204
0.029886331
0.055106893
-0.0038543499
-0.00017718852
0.03398035
-0.060731908
-0.0013894772
0.03843502
-0.062395908
-0.039016794
0.0018336622
-0.042399388
0.064664206
0.065508457
-0.0035211502
-0.0009434704
0.034948034
0.058875328
-0.00084537823
0.040898636
0.060798741
-0.075634611
-0.066698525
-0.043367594
0.073891457
-0.059450008
0.073774114
-0.041662335
0.048950771
-0.074754127
-0.066465236
0.040238047
0.07316097
-0.060360662
0.073494491
0.035196272
0.044174334
-0.069674369
-0.050236009
-0.04084328
0.063418233
-0.040026348
0.063253316
-0.049686461
0.033012085
0.062033323
-0.056578604
0.040911055
0.049192455
-0.069667503
-0.052287051
0.03176001
0.064540118
-0.042957342
0.064539367
0.039503618
0.037177927
0.063977085
0.048061803
-0.038619867
-0.028071521
0.059956233
-0.061521874
0.025307032
0.057323649
-0.064529958
0.056101504
0.061248791
-0.042359289
-0.032879053
0.062923592
0.055489173
0.030247052
0.061550212
0.061355657
-0.059650354
0.068821717
-0.054704061
0.068640471
0.067980838
-0.065616576
0.059121106
-0.067756318
0.056516525
0.05955667
-0.063334577
-0.060899624
0.05148555
0.061814793
-0.058598556
0.06391122
0.044702698
0.052143633
0.057048954
0.065948955
0.057943279
-0.068959862
-0.066283316
-0.037922968
0.06762705
-0.061515452
0.068457933
-0.030299112
-0.061180456
0.063187609
0.044785653
-0.059520294
-0.065887911
0.036860661
0.058571983
-0.062471885
0.059915645
0.027633116
0.036282788
0.060453467
-0.06527198
-0.054738621
-0.024782179
0.062010964
-0.046380396
0.062143268
-0.031509727
0.042717317
0.062304519
-0.041308332
-0.058479634
0.05553149
-0.059947771
0.029945371
0.039677345
-0.057608168
-0.057003992
0.020734067
0.056623506
-0.04964063
0.056865968
0.017019666
0.026525849
0.048553742
0.057737081
0.036980211
-0.047877059
-0.039671489
0.06240772
-0.050581449
0.037489308
0.062461914
-0.058518464
-0.061691395
0.052501373
-0.063488941
0.048948991
0.056834749
-0.053962929
-0.047114192
0.058981952
0.047261661
0.045595367
0.06043276
0.056279571
-0.08212443
-0.068319104
-0.048999506
0.051673164
0.0067082275
0.0073916174
-0.073728659
-0.059698125
-0.041156162
0.05797019
0.0089028379
-0.025082325
0.0021267143
0.046710294
-0.011592295
0.0026314527
0.037900819
-0.022108061
0.011179543
0.018967268
-0.018687058
0.0069860841
0.054874268
0.014092723
-0.00053127815
0.045863053
0.022669873
-0.019741071
-0.0050641885
0.031892162
-0.031794048
0.0057140273
0.028970146
-0.04034253
0.02737691
0.035798833
-0.018634389
-0.0033266207
0.039287297
0.031045289
0.0050881083
0.035383146
0.038846349
-0.054287043
-0.043258552
0.058296075
-0.030574087
0.055336661
0.053457139
0.050087955
-0.057051547
0.040429147
-0.055590809
0.0095770358
0.0096243489
0.016925671
-0.049633727
-0.059740768
-0.039058402
0.0052908722
0.0055313067
0.060202617
-0.027093882
0.056821565
0.0087373201
0.013244317
0.029269055
0.054454349
0.020440679
-0.060768149
-0.046784439
-0.029844874
0.062492627
0.048083173
-0.064037944
0.036201942
0.0052248246
0.0056446962
-0.0453496
-0.031765951
-0.017078157
0.064825511
0.0077276217
0.023078286
-0.010098799
0.012514697
0.062645272
-0.015908913
-0.0044085827
0.054460953
-0.022940158
-0.066347499
0.0084307459
-0.061021552
0.01147034
0.014662323
-0.00088126108
0.017809075
0.069028269
0.016723106
-0.0083367573
0.062278847
0.022711988
-0.016415229
-0.00092799754
0.048013004
-0.030253093
0.0039061978
0.043416519
-0.037457973
-0.056641157
0.016622463
-0.053115856
0.020064716
0.027126521
-0.01360851
0.0016780294
0.056416581
0.029316818
0.0024512184
0.051400971
0.036163776
-0.069566687
-0.066007153
-0.067702593
0.00277676
-0.060101517
0.012408248
0.06495676
-0.06170026
-0.053040237
0.024097556
0.063981661
-0.06372319
-0.052686029
-0.057526981
0.00085684423
-0.044179152
0.011162604
0.0026869544
0.010200604
0.063295027
0.05273
-0.043355619
-0.033471214
0.023136389
0.063093229
0.020335332
-0.059880966
-0.051236869
0.0040413547
0.0094648061
0.041435458
-0.044273781
0.018141913
-0.055213727
0.030088089
-0.047901517
0.025073103
0.049432291
0.05653008
0.058293172
0.051923013
-0.057805378
-0.047725893
0.036239897
0.06190789
-0.055117719
-0.044917265
0.047459897
0.063094535
-0.0369025
-0.026405704
0.035202698
0.031593236
0.064298699
0.0599836
-0.034001941
-0.023506419
0.046000318
0.065389887
0.025226104
0.042523624
0.061447007
-0.03962568
-0.031022164
0.028730264
0.054219069
-0.037617868
-0.028802381
0.039757438
0.05612644
0.033976404
-0.048887691
-0.034781678
-0.037421518
0.0030283013
-0.024439192
0.014457025
0.063379494
-0.023923149
-0.014906736
0.026046416
0.063891246
-0.022578523
-0.012863116
-0.0036873544
0.015698252
0.00028625508
0.027106711
-0.06266652
0.0035604914
0.0085268243
-0.00054298514
0.02393951
-0.059008858
0.064060253
0.057562124
-0.0063182797
0.0021239991
0.036072111
0.062925997
-0.0026282437
0.036634835
0.06038561
-0.021452194
-0.014134505
-0.0036453017
0.0025827636
0.00045805278
0.020910773
-0.053390679
0.0038278424
-0.0011526411
-0.0001290646
0.018456943
-0.045874609
0.050130141
0.04211746
-0.0088412786
0.0027340688
0.036558417
0.056018997
-0.0025296592
0.035854823
0.049791895
-0.02247724
0.036875232
-0.014051459
0.037152605
0.03754197
-0.043180701
0.02548953
-0.042750434
0.057437836
0.051059027
-0.044175814
-0.020142966
0.062454968
0.046439885
-0.011837888
0.047361594
0.062690275
0.057929554
0.016327327
0.048189846
0.051694699
-0.016995442
-0.0090518411
0.036686153
-0.04553999
0.016309387
0.066096661
-0.014291433
-0.0068614948
0.045474738
0.06598847
0.008581531
-0.0025933245
0.002623406
0.042676254
-0.062229078
-0.0034528481
0.046209298
-0.060262931
-0.045924933
0.0020542053
-0.049225602
0.064483322
0.0617421
-0.001358085
0.002378271
0.046961227
0.060882778
-0.0035625376
0.052407341
0.059115307
-0.005457636
0.0038827789
0.048630717
-0.056479188
-0.0039932603
0.049648924
-0.050807413
-0.051967629
0.0062995675
-0.053851081
0.057357782
0.051309125
-0.0037814509
0.0043872641
0.056609809
0.055459196
-0.0049218734
0.059075689
0.049846878
-0.041673652
-0.037792172
-0.031828255
0.0023312026
-0.028084569
0.013459603
0.021526014
-0.034967485
-0.025254287
0.025795092
0.026511784
-0.019427527
-0.015753944
-0.0038792572
-0.0023247623
-0.00025504885
0.016825745
-0.036515743
0.0034590498
-0.0014189359
0.00041495469
0.015974145
-0.025376559
0.033623484
0.024435918
-0.013032911
0.002181628
0.034558403
0.041624368
-0.001934826
0.032681954
0.031403809
-0.017533504
-0.016527788
-0.0021275576
0.00010304921
1.2977098e-05
0.015472448
-0.012551613
-0.00062773897
-0.00019144608
-0.0014604799
0.014437689
0.0017957532
0.013993333
0.0013685302
-0.016414492
0.0021079962
0.030153136
0.019010588
-0.0030798849
0.026749953
0.0043625163
-0.045576312
0.038367409
-0.032835006
0.038285921
0.037120313
0.021545637
0.0069125141
0.033474666
0.034016809
0.021832468
0.0067703575
-0.033087533
-0.023164276
0.038000953
0.043170994
-0.031947211
-0.021631866
0.04882404
0.043825867
-0.010939356
0.0039391732
0.049086316
-0.043126257
-0.0039491448
0.046858343
-0.033270987
0.043469166
0.03359714
-0.0092629275
0.0053148736
0.059457774
0.042176958
-0.0057902706
0.057540959
0.032314837
-0.015965666
0.0043197506
0.042924748
-0.021052187
-0.0053991574
0.0372162
-0.0062923835
0.021342038
0.0062679552
-0.014563897
0.0066374802
0.053196743
0.020101229
-0.0081889028
0.04630351
0.0053742165
-0.056885777
-0.05318107
0.042844104
0.039081537
-0.0579762
-0.054209913
0.053768745
0.045744762
-0.047652147
0.048618303
-0.040358401
0.048386442
-0.056734407
0.049088546
0.050887711
0.040098137
-0.048396372
0.058524029
0.057332782
-0.040620063
0.057289628
0.061393506
0.053671397
0.057511488
-0.060744696
0.050410174
0.051664872
0.02599058
0.008410076
-0.058588532
0.057619161
0.056999933
-0.06563811
0.062088339
-0.061359744
0.060750698
0.058622655
-0.065168325
0.067730116
-0.05998342
0.019788201
0.0063224066
-0.068612622
-0.064730608
0.031492724
0.068017754
-0.058502698
0.06474234
0.036431038
0.022348606
0.059637505
0.059540339
0.0053789067
-0.059006754
0.063902285
-0.055262361
0.063040286
-0.070655016
0.062079362
0.041392427
-0.071577269
-0.059935514
0.049365614
0.07037728
-0.056265299
0.069776633
0.055632073
0.047554755
0.057318334
-0.049233758
0.063318072
-0.041027999
0.063553679
-0.063186405
0.063379178
-0.068367872
0.05025248
-0.067154438
0.051795541
0.039526727
-0.06848297
-0.050084365
0.060150743
0.066089602
-0.041521005
0.066629178
0.062084244
0.053291987
0.041047712
0.066204626
0.040117311
-0.054730963
-0.045728137
0.062366723
0.059978055
-0.064427093
0.049890304
-0.059720821
0.023450239
0.0037181285
-0.050257366
-0.040219347
0.064358829
0.022733409
0.038789115
0.060588151
0.0013951694
-0.054001728
-0.044835226
0.056712783
0.061398858
-0.054402725
-0.047174627
0.063328789
0.062946514
-0.0347277
-0.024705627
0.054504175
-0.065623374
0.026153274
0.051887402
-0.064772567
0.064318176
0.065040415
-0.038563681
-0.029352406
0.060088148
0.065264638
0.030148687
0.058778971
0.066828593
-0.038206992
-0.029446975
0.049832947
-0.061871622
0.034302746
0.063179033
-0.040980098
-0.032478183
0.05782325
0.06566296
0.036083007
-0.055638294
0.065904445
-0.051500516
0.064844089
-0.071597629
0.058405707
0.055268255
-0.070881141
-0.057551879
0.058974286
0.069177972
-0.055144071
0.070106326
0.062534787
0.060613588
0.055500166
-0.055921615
-0.051202362
0.067004265
-0.069559418
0.057397569
0.060405563
-0.057933238
-0.055916835
0.067749444
0.061548734
0.055273913
-0.04451754
-0.036325057
0.062532774
-0.06436964
0.036222381
0.062693399
-0.067461919
-0.065191124
0.050482861
-0.066682342
0.062504004
0.065263105
-0.051308182
-0.044220821
0.061979799
0.063027691
0.04313372
0.063530261
0.066645508
-0.045223268
-0.03710833
0.062973893
-0.067220006
0.038800774
-0.067837583
0.049958444
0.064589814
-0.050050433
-0.042377397
0.064963066
0.06647291
0.041890941
-0.052227857
-0.031311139
-0.057626988
0.056300688
-0.020487134
0.057226038
-0.056334965
0.053526339
-0.059180866
-0.030979749
0.061500627
0.061174692
-0.019607968
0.062514177
0.058601309
0.050288941
-0.060371917
-0.0078720575
-0.052903694
0.063915856
0.0064514723
0.065375542
-0.047691594
-0.039722897
-0.007486441
0.064423075
-0.029614235
0.044312822
0.032805982
-0.063034055
-0.0067073581
0.052880217
0.064437834
0.0073884611
0.067074633
0.044983053
0.03651853
-0.0089837639
0.067679969
0.026013975
-0.012053277
0.0089434376
0.060816724
-0.017306839
-0.011145369
0.054338147
-0.0027351033
0.018330274
0.00090084528
-0.0086474467
0.011063128
0.065901353
0.013561608
-0.013938521
0.061430963
-0.00075075763
-0.034351524
0.065469492
-0.020661463
0.065224092
0.063110845
-0.064695204
0.026493684
-0.062209604
0.020117571
-0.0013976131
-0.065382246
-0.02858301
0.037898159
0.064899408
-0.015528059
0.065592809
0.033024253
0.015879577
0.0130246
0.06464587
-0.0042919622
-0.062967678
-0.030833436
-0.062555941
0.062567356
-0.018941456
0.064418927
-0.058580533
-0.064795465
0.029938368
0.051588531
-0.063422264
-0.030848659
0.060910806
0.060693643
-0.018506405
0.063095157
0.056516906
0.046702564
0.017248299
-0.062056978
-0.0057706482
-0.051546693
0.061319323
0.0081054732
0.065199401
-0.042235554
-0.033152415
-0.01018766
0.0678121
-0.022160227
-0.061698441
0.0034132284
-0.064917284
0.03917918
0.026171661
-0.058053246
-0.0051091274
0.049240226
0.055533171
0.008557332
0.060658613
0.039851196
0.03007486
-0.010995654
0.065489221
0.018537753
-0.0048331231
0.012802925
0.068692533
-0.0095381913
-0.016245635
0.067451394
0.0044349926
-0.067171312
-0.0017023187
-0.067931439
0.010710484
-0.0067107168
-0.001256249
0.013979503
0.069438908
0.0057299383
-0.017777376
0.072039994
-0.0078586053
