FiniteElementSpace
FiniteElementCollection: ND_3D_P1
VDim: 1
Ordering: 0

-0.072384593
0.013065324
-0.068726096
0.011857934
-0.062866439
0.023476725
-0.057908422
0.019882956
0.069071931
0.074380778
0.072384497
0.065676547
0.0033198314
0.049714841
-0.0037595271
0.045829453
-0.0017220824
0.042596616
-0.0063812871
0.037858878
0.073798691
0.068320241
0.064268514
0.068362313
-0.046249578
0.065852754
-0.047631036
0.068998612
-0.049698594
0.065866451
-0.05209158
0.070473549
0.065374324
0.061408619
0.062849163
0.068067034
0.019350312
0.051849337
0.001737802
0.05377079
0.01882382
0.056306799
0.0014482187
0.058814078
0.056955426
0.064805604
0.058445423
0.05080243
-0.042332687
-0.0088890945
-0.048504833
-0.0083073004
-0.043851238
0.0075556009
-0.049833192
0.0083459309
0.051486865
0.041847099
0.045597672
0.05531344
0.016337099
0.043218223
-0.0012206221
0.044097412
0.015519452
0.051930033
0.00045569363
0.05123022
0.071155318
0.067227448
0.067094415
0.068816649
-0.0043286561
0.053652061
-0.017377482
0.049749038
-0.0057854775
0.064545927
-0.017720425
0.060955232
0.040993057
0.029298981
0.034047532
0.045481151
-0.044790862
0.049628342
-0.050448806
0.049781499
-0.044468436
0.058924791
-0.050373112
0.058827989
0.05661328
0.04566906
0.047193681
0.057954344
-0.036605809
0.046983
-0.042189442
0.045404668
-0.031462326
0.055511979
-0.037220558
0.053879667
0.066633897
0.068903999
0.069299842
0.066826742
-0.055872656
0.0057851333
-0.054296102
0.0089676665
-0.05711221
0.019802721
-0.055732881
0.023589081
0.065744872
0.055279838
0.055131166
0.065575904
-0.043428474
0.047138454
-0.039782769
0.043825643
-0.041360126
0.053576605
-0.038982722
0.051695065
0.067991811
0.068338202
0.067313477
0.068200957
-0.057435462
0.045855069
-0.056195795
0.048721876
-0.058197697
0.050907065
-0.057114001
0.05322388
0.054521457
0.044579898
0.042058745
0.051658443
0.011800735
0.048244043
-0.0049531424
0.054458163
0.0084739064
0.039372279
-0.0078516988
0.046633853
0.063970958
0.07150744
0.066220456
0.06020753
-0.042346256
0.066984005
-0.049805367
0.06714775
-0.043710928
0.068283074
-0.05091891
0.068655917
0.048387943
0.053828695
0.053674266
0.048172909
-0.00044326995
0.009288631
-0.013967808
0.016057912
-0.0018175134
0.0026641928
-0.014309536
0.0081670029
0.040877958
0.04775212
0.052940308
0.047192919
-0.045023271
0.05642619
-0.051961509
0.057952334
-0.044212695
0.047334778
-0.051314233
0.049188147
0.054493947
0.05894095
0.058796639
0.054220959
-0.011349426
0.067575542
-0.017504915
0.063998398
-0.012639628
0.061491057
-0.016719041
0.05795235
0.040310863
0.02941362
0.029860166
0.040430116
-0.041694762
0.066654731
-0.049654341
0.066479131
-0.040151833
0.06239229
-0.048979928
0.062311358
0.043158544
0.032753981
0.032491596
0.043029327
-0.024817705
0.066607266
-0.031557029
0.066727957
-0.024507365
0.064588687
-0.031630505
0.065721899
0.060124931
0.058963994
0.05880371
0.059965011
-0.0092963793
0.020356454
-0.0089504759
0.013812271
-0.0074255399
0.014847627
-0.0069049596
0.0085324698
0.059883753
0.059812797
0.059575373
0.06038158
-0.011131795
0.037504828
-0.011796071
0.03552594
-0.0085011696
0.029437653
-0.0096452587
0.028343481
0.044508425
0.035158065
0.036851964
0.045726551
-0.03486393
0.034228046
-0.045415916
0.034061963
-0.033510881
0.021809795
-0.044151887
0.021465525
0.043158587
0.035126677
0.032727522
0.040686757
-0.022879522
0.041936275
-0.031537904
0.04606808
-0.022070746
0.030278349
-0.031494104
0.035071175
0.059531583
0.057097377
0.055778087
0.058707019
-0.063844944
0.056452646
-0.063723682
0.05753583
-0.065831813
0.054361475
-0.066085859
0.05516396
0.039464762
0.028654542
0.027490714
0.03826465
-0.058270033
0.048593523
-0.062735856
0.055785756
-0.060189786
0.03762281
-0.064869292
0.044830631
0.05655567
0.05294175
0.052961635
0.056345453
-0.06707827
0.034204471
-0.067759187
0.034377433
-0.0655599
0.02368482
-0.065951566
0.023803062
0.034132201
0.025729476
0.024798768
0.033544574
-0.056469868
0.073024049
-0.053899973
0.071545899
-0.057586391
0.077878134
-0.055045598
0.076523577
0.058847462
0.064503903
0.069375163
0.063510088
-0.060856693
0.069915963
-0.059385991
0.069262426
-0.061945817
0.059643416
-0.061255565
0.059401597
0.048710779
0.054671964
0.052619473
0.046057309
-0.066108832
0.011637559
-0.062878531
0.013081249
-0.060562599
0.025635568
-0.056642145
0.025569304
0.075728397
0.072780605
0.072336006
0.074703938
-0.05647632
0.018575406
-0.047235692
0.017906505
-0.050330061
0.029795279
-0.041878575
0.028407808
0.071841654
0.069606201
0.065237172
0.067815571
-0.061492677
0.015384769
-0.051017441
0.011592535
-0.050395861
0.024830207
-0.04067955
0.019732701
0.061760649
0.069174316
0.065482396
0.058189304
-0.05445478
0.032280357
-0.049257411
0.027794278
-0.047835054
0.040057175
-0.0431686
0.035779803
0.067713745
0.071136231
0.068734626
0.065689052
-0.055085899
0.036050003
-0.051116388
0.035230322
-0.050570872
0.043878393
-0.047060298
0.042932541
0.071604595
0.068752519
0.065863288
0.0688745
-0.045228762
0.038308522
-0.037617873
0.036796539
-0.04187019
0.044776025
-0.035133381
0.043592494
0.065396468
0.062034501
0.057704775
0.061590627
-0.042119323
0.033137038
-0.033386294
0.02795483
-0.036877509
0.040549226
-0.029263244
0.036146347
0.063449835
0.065837546
0.062838177
0.061373893
-0.004542722
0.059601038
-0.0099029585
0.054614092
-0.0080898181
0.053508596
-0.011061979
0.048171207
0.060468206
0.050895894
0.04999429
0.058060133
-0.015921074
0.066056959
-0.022560153
0.063390096
-0.015555651
0.061373645
-0.021488395
0.058903143
0.056798831
0.050100679
0.050523375
0.056210869
-0.010794442
0.060784413
-0.017831535
0.058593665
-0.011733508
0.056475641
-0.017794613
0.054419419
0.064287682
0.061521619
0.059820644
0.06154881
-0.0059579761
0.034609698
-0.0084638318
0.029071938
-0.0086749803
0.026958582
-0.00943936
0.020761023
0.068062192
0.064599953
0.061901992
0.064854672
-0.010752831
0.046254391
-0.011645239
0.040731787
-0.011996114
0.038937125
-0.011284853
0.033433618
0.058717808
0.050844132
0.05042606
0.057063836
-0.014876235
0.054340536
-0.02026787
0.052148937
-0.013621413
0.045712566
-0.018702278
0.043849226
0.056043845
0.050443746
0.05030056
0.055216016
-0.012411927
0.049994498
-0.017708528
0.048170414
-0.012342463
0.042022545
-0.017152521
0.040488036
0.062297993
0.059954418
0.058491605
0.060364925
-0.052031674
0.059661779
-0.053275722
0.062575
-0.05512241
0.057585291
-0.057187457
0.06133869
0.055728316
0.048427366
0.047731153
0.055970619
-0.051830212
0.057585076
-0.047564461
0.059747127
-0.056108675
0.056251699
-0.051768502
0.05868749
0.056327851
0.04734198
0.047194043
0.056604328
-0.046557293
0.062301683
-0.042880477
0.064832505
-0.051615585
0.061816549
-0.048086317
0.065090955
0.070454374
0.06419518
0.065096438
0.072035375
-0.053060859
0.06305284
-0.056318351
0.06886553
-0.055955471
0.057242423
-0.05991797
0.063939866
0.061068838
0.056988754
0.058027877
0.062808432
-0.057886334
0.053104409
-0.060628082
0.057513552
-0.059948202
0.046171932
-0.063171679
0.050998014
0.051344165
0.044315215
0.043781758
0.051569434
-0.059755384
0.053219152
-0.055197913
0.055703273
-0.062334294
0.048343938
-0.057447355
0.050690243
0.052305132
0.044003616
0.044809507
0.053303464
-0.05627151
0.059093401
-0.052733135
0.062762648
-0.06015144
0.054065607
-0.056494068
0.057826406
0.064501617
0.059297263
0.060479459
0.065783268
0.02145194
0.046251283
0.0029544833
0.049085092
0.020881624
0.051936078
0.0040681617
0.053792616
0.069937493
0.072087168
0.067772778
0.064208696
-0.013188949
0.045981777
-0.026417488
0.047149833
-0.010768032
0.0531777
-0.023130704
0.05362194
0.060005099
0.064748702
0.062906651
0.057304748
-0.014350928
0.048718458
-0.028314783
0.050420728
-0.014445474
0.054815549
-0.028218023
0.056564654
0.046170382
0.053690393
0.050556836
0.04306019
0.017221641
0.057239182
4.9980309e-05
0.060787733
0.01479985
0.054455541
-0.0021952442
0.059330714
0.064610851
0.07225563
0.065036942
0.058305987
0.018370168
0.053257579
0.0033466479
0.054542234
0.014381634
0.050329802
0.001151213
0.051304513
0.07648836
0.07723448
0.070795691
0.069212638
-0.009989373
0.057469767
-0.021316989
0.057433884
-0.01062941
0.058754193
-0.020857429
0.058477924
0.063178453
0.065757143
0.062323983
0.058878454
-0.015557675
0.058426531
-0.02901328
0.060341123
-0.017437479
0.059423884
-0.030473071
0.061584031
0.0522815
0.058660893
0.053914445
0.047567174
-0.03637028
-0.0039696194
-0.040621753
-0.0076681246
-0.037548867
0.0093680784
-0.043005243
0.0077045898
0.031884106
0.022738775
0.025615647
0.035300628
-0.04293803
-0.0016826149
-0.043735626
-0.003546735
-0.047294012
0.0089157423
-0.050414379
0.010667498
0.038588141
0.027491655
0.028228116
0.041113961
-0.052899834
-0.002857227
-0.055388742
-0.00064563284
-0.054081085
0.013414745
-0.056533985
0.016204941
0.059724149
0.049738855
0.053277696
0.063561213
-0.044579575
0.023302176
-0.050355817
0.024013103
-0.044841973
0.037556923
-0.050480289
0.038014271
0.060732341
0.050293331
0.052751815
0.062997815
-0.041361166
0.023094246
-0.047458354
0.022843796
-0.046414587
0.036342656
-0.052810599
0.036884312
0.037604214
0.023822526
0.025845203
0.040000907
-0.052668797
0.019837346
-0.056757904
0.023427922
-0.058232582
0.030660783
-0.062367813
0.034704872
0.041284812
0.026757534
0.026659868
0.041419432
-0.054434522
0.027023743
-0.056789686
0.02981897
-0.054447956
0.038274257
-0.05673317
0.040723933
0.064138723
0.054075228
0.054134213
0.063982115
0.0064139462
0.046252693
-0.0088346189
0.043942236
0.005281698
0.057204651
-0.0077627412
0.054018266
0.060575158
0.051638771
0.055181974
0.062510382
-0.021691591
0.047848488
-0.031936433
0.046389467
-0.019046062
0.058599631
-0.028388102
0.056455124
0.064769372
0.058876898
0.062031065
0.066804391
-0.016128887
0.04554623
-0.027958652
0.045411948
-0.012583674
0.054696022
-0.023261896
0.053552492
0.067434942
0.067569294
0.068266213
0.066776555
0.01268276
0.055587263
0.00030986333
0.053629898
0.0083822398
0.05451118
-0.0012932335
0.051528707
0.074637888
0.069050322
0.066144105
0.069762766
0.0027455969
0.062694779
-0.0077884479
0.058786641
-0.00072230951
0.063132589
-0.0086450303
0.058627518
0.060996352
0.051120525
0.051798252
0.060067162
-0.017302609
0.065208499
-0.025690291
0.062645573
-0.016365255
0.067568002
-0.023834554
0.064847696
0.060119016
0.053346648
0.054979125
0.060597337
-0.0106708
0.060297963
-0.020087817
0.058483559
-0.010229768
0.062238806
-0.018404542
0.060096848
0.066229825
0.064401503
0.063516227
0.06398169
-0.011095846
0.0580017
-0.024053059
0.056852359
-0.013084061
0.067857028
-0.025711215
0.067135405
0.017244964
0.0054812819
0.0097363574
0.02176996
-0.034590564
0.055429646
-0.043524718
0.053831866
-0.036729627
0.065441583
-0.046421826
0.064532602
0.026043973
0.013054506
0.015434662
0.029561415
-0.028375549
0.051835079
-0.037465198
0.049745013
-0.028136396
0.062923211
-0.037048967
0.060852919
0.050046333
0.038799679
0.042813936
0.053910781
-0.0076178854
0.070163077
-0.017918397
0.066689034
-0.009572472
0.070866577
-0.01787857
0.067357747
0.04012449
0.028701583
0.030629902
0.04177559
-0.01442399
0.073804256
-0.025806057
0.072627541
-0.015039155
0.075879399
-0.024422893
0.073581452
0.01747432
0.0069372036
0.0084815382
0.019191496
-0.036905603
0.071701691
-0.047310427
0.071094524
-0.035192444
0.074037515
-0.04620257
0.073398132
0.021146461
0.009125767
0.0091026945
0.022778929
-0.02749376
0.06969895
-0.036201574
0.067659015
-0.026428239
0.072062479
-0.034915976
0.070063653
0.044245078
0.033250159
0.035653195
0.046592585
-0.051263786
0.048158777
-0.057890089
0.049008835
-0.054832849
0.057666303
-0.061839508
0.05849319
0.032065275
0.016970333
0.01778877
0.033477348
-0.063244872
0.040748073
-0.067024211
0.044342731
-0.067208457
0.04940482
-0.070658652
0.052076854
0.033845487
0.018016224
0.017765327
0.033302335
-0.054470436
0.047365746
-0.056825328
0.049334685
-0.054700199
0.054332289
-0.057349815
0.055848797
0.057937607
0.047405482
0.046455578
0.056712315
-0.043861047
0.064996723
-0.050262387
0.064764352
-0.042940468
0.067585639
-0.050054311
0.067339236
0.048244014
0.037307286
0.037993851
0.048935719
-0.056559714
0.064189659
-0.064215454
0.064793363
-0.056414594
0.067332092
-0.06499381
0.067606534
0.023799346
0.0086720962
0.0080718608
0.024134031
-0.069897703
0.055982327
-0.073311341
0.05758198
-0.071339441
0.059961887
-0.075086875
0.060531928
0.023860653
0.0074859484
0.0070323449
0.023148276
-0.055178199
0.059047548
-0.058378782
0.06022966
-0.055807199
0.061279582
-0.05978485
0.062262091
0.048651747
0.037734995
0.036718539
0.047554661
-0.039584812
0.049358425
-0.044779716
0.048379054
-0.035754313
0.058169334
-0.041184281
0.057013751
0.068256471
0.064216923
0.065236815
0.068937021
-0.047718628
0.049981641
-0.048605725
0.0492638
-0.044745143
0.056442065
-0.046502391
0.056070382
0.068795768
0.065075164
0.06384851
0.067884647
-0.044966717
0.047348716
-0.045264768
0.044580241
-0.04066731
0.054823609
-0.041982527
0.052904283
0.067201314
0.069354049
0.069030676
0.06762688
-0.02784354
0.061852235
-0.033884265
0.060517372
-0.025747344
0.065644964
-0.032124658
0.064915395
0.062944157
0.063250062
0.06342283
0.06300266
-0.032860562
0.064110098
-0.038714331
0.06310103
-0.030898044
0.06690872
-0.037304932
0.066329528
0.06111912
0.056191114
0.056725369
0.061457781
-0.043135246
0.061003041
-0.045990493
0.061285761
-0.042730273
0.063405602
-0.046806856
0.064563209
0.061516125
0.056527601
0.055693099
0.061290738
-0.038179364
0.061048495
-0.040708561
0.060319162
-0.03733942
0.065562542
-0.04114713
0.066241918
0.063985314
0.063894944
0.064547325
0.065655657
-0.043452689
0.0022174805
-0.04244451
0.0031439274
-0.052307121
0.010340659
-0.052860947
0.01504117
0.042308667
0.027790308
0.026268638
0.041826359
-0.04089928
0.0071022247
-0.038761618
0.010782016
-0.05191845
0.013839407
-0.049276313
0.020126843
0.039648253
0.023889368
0.020981867
0.036113145
-0.050660043
0.01445863
-0.045040778
0.017297418
-0.052335156
0.025331142
-0.046913292
0.028720113
0.062955236
0.052722125
0.048528649
0.058473763
-0.057350504
0.030721005
-0.056023502
0.034495775
-0.057270254
0.039229473
-0.05596284
0.042628754
0.062462276
0.052887136
0.050412008
0.059658543
-0.059401086
0.018995711
-0.06025283
0.025264299
-0.064817455
0.027801677
-0.065188221
0.03405722
0.040430501
0.025695795
0.024036941
0.038419774
-0.059004196
0.021223056
-0.055428576
0.028328514
-0.063169576
0.028735609
-0.058598125
0.035446034
0.03557787
0.021875318
0.019422729
0.032199825
-0.052720643
0.033905332
-0.047390995
0.037342846
-0.052710921
0.040624333
-0.047441607
0.043804187
0.05581835
0.046929106
0.04281828
0.051370857
-0.047622238
0.049871515
-0.044910696
0.049278908
-0.046503581
0.054461088
-0.044772261
0.054557061
0.066323262
0.061759179
0.059056557
0.064270005
-0.040570672
0.049700443
-0.034665053
0.04914043
-0.041310721
0.053393338
-0.036111115
0.05360132
0.061900535
0.056007385
0.052873904
0.0593929
-0.034607826
0.047150916
-0.02812527
0.044063355
-0.035005572
0.05287204
-0.02954897
0.051346575
0.068175183
0.066010445
0.064493423
0.067853083
-0.041455969
0.059152676
-0.040409833
0.058936934
-0.043285549
0.063430396
-0.043513272
0.064935384
0.06771531
0.065261344
0.065901017
0.069815686
-0.047138753
0.057756167
-0.046443611
0.058743221
-0.049165228
0.059598062
-0.049478414
0.061559261
0.060831035
0.054407229
0.052883216
0.06019645
-0.043791379
0.055979499
-0.039112569
0.05696588
-0.04750671
0.057425634
-0.043137244
0.059090146
0.059415126
0.051300806
0.049749619
0.05844718
-0.037567199
0.057508723
-0.032942712
0.057551922
-0.041651198
0.060763475
-0.037620294
0.062198782
0.071576824
0.06629911
0.066248007
0.072610269
-0.068872442
0.036297142
-0.068465951
0.041541326
-0.071922138
0.043971614
-0.070799675
0.047710684
0.032031768
0.017132866
0.016201558
0.030241718
-0.065585707
0.036025007
-0.060179324
0.041572371
-0.067209991
0.042741049
-0.061232411
0.046745152
0.028142657
0.01504332
0.01372359
0.025931238
-0.052999675
0.045877448
-0.047769805
0.048628908
-0.053987483
0.049935286
-0.048755349
0.052173298
0.048433078
0.039184501
0.036236298
0.045145433
-0.059650821
0.054461404
-0.058818849
0.056286426
-0.061644205
0.056393568
-0.061144215
0.057810083
0.045912789
0.035223871
0.033550942
0.044026838
-0.07426716
0.050293363
-0.072698463
0.052421531
-0.076092142
0.054752723
-0.074405154
0.05541769
0.022203712
0.0067642925
0.006679134
0.021224641
-0.068673689
0.048507126
-0.062404963
0.050905483
-0.070236096
0.052919565
-0.063917799
0.053890995
0.020359744
0.0067308756
0.0068439885
0.019676309
-0.055768972
0.05292098
-0.050474179
0.054614667
-0.058170618
0.054812445
-0.052752467
0.055968104
0.042158895
0.03195448
0.030585776
0.040467286
0.0095038996
0.043895235
-0.0019594112
0.044614488
0.0044068451
0.035155895
-0.0053201558
0.035488436
0.075656886
0.076366612
0.070152887
0.069486758
-0.012222886
0.05717279
-0.021374495
0.056842943
-0.014168941
0.053083292
-0.02234086
0.052814173
0.063957765
0.065109822
0.061526246
0.059798004
-0.019741583
0.057845725
-0.032278531
0.060274728
-0.02208298
0.053917141
-0.034070659
0.056577708
0.055276654
0.060737667
0.056318653
0.050942401
0.0050989949
0.028993965
-0.01052389
0.036758162
0.0020014754
0.018491416
-0.01264694
0.026081089
0.054696695
0.062026412
0.061414168
0.055707
-0.00021656379
0.025531642
-0.0082668392
0.025251498
-0.0037112088
0.016397349
-0.010237499
0.015319812
0.066801724
0.068831583
0.065835418
0.064734746
-0.015858151
0.047004461
-0.023211577
0.046848759
-0.016799222
0.039544713
-0.02356133
0.039531769
0.062188947
0.063081685
0.060889992
0.059945804
-0.024087302
0.04804629
-0.035505413
0.050849419
-0.025449023
0.040798584
-0.036311036
0.043623836
0.054366128
0.059391266
0.05726257
0.052450452
-0.029435733
0.066822438
-0.036331717
0.066895103
-0.029943096
0.066777631
-0.036913501
0.06765046
0.057529984
0.059620806
0.059473436
0.05739155
-0.04188743
0.07174032
-0.045853404
0.072695659
-0.042994466
0.074286089
-0.047767259
0.076533083
0.059287576
0.060971662
0.063790945
0.062797375
-0.054603258
0.072688045
-0.05677987
0.071636968
-0.055632785
0.077384349
-0.057835797
0.076583096
0.050256699
0.055783994
0.059660963
0.054102391
-0.044748586
0.067021358
-0.051765723
0.067725815
-0.045222852
0.063060802
-0.05214049
0.064173889
0.051076247
0.055869245
0.055629615
0.05077182
-0.030472299
0.063933479
-0.037579015
0.065719687
-0.030654815
0.058313371
-0.037998255
0.061036609
0.058542547
0.059518551
0.059132462
0.058270043
-0.04419857
0.073574866
-0.049755595
0.077103821
-0.045188677
0.069305939
-0.051517125
0.074011806
0.059153372
0.059756044
0.061243341
0.060962516
-0.056475924
0.078859889
-0.058801476
0.078427337
-0.056959057
0.076653936
-0.059546016
0.076689584
0.051571951
0.05657194
0.058403438
0.053150295
-0.005508127
0.0088462182
-0.010849658
0.0069825372
-0.0051505764
0.0035137523
-0.0099421407
0.001218997
0.053467728
0.057647727
0.059515152
0.057033138
-0.016724616
0.031327027
-0.023206637
0.031519751
-0.015658822
0.022923383
-0.022294352
0.023479112
0.059258732
0.060563955
0.060972428
0.060453724
-0.025978678
0.032852964
-0.036342448
0.035577375
-0.025631239
0.024943064
-0.035623676
0.027472763
0.051307529
0.05629276
0.058185858
0.053618331
-0.001676109
-0.00042226128
-0.013559812
0.003702771
0.00043628847
0.00050643471
-0.011652259
0.0035467401
0.027818771
0.034157542
0.04468914
0.038795757
-0.0022962488
0.00048041758
-0.0075754081
-0.0014333167
0.0032970601
-0.00074657611
-0.0039898695
-0.00096529079
0.040971894
0.047703714
0.053642869
0.049690406
-0.013938373
0.014806329
-0.021341418
0.016022747
-0.012179073
0.0073184209
-0.021215297
0.0096439663
0.057318876
0.058600644
0.06222145
0.063018911
-0.024506718
0.017781498
-0.034366171
0.020075699
-0.022818354
0.011959243
-0.032947276
0.014029521
0.049327929
0.054326151
0.061571707
0.057264826
-0.030372193
0.050143179
-0.03809473
0.053721299
-0.029850786
0.039854547
-0.038133261
0.04409722
0.060861452
0.060891078
0.060460479
0.060666679
-0.04590464
0.061478082
-0.052990108
0.067127728
-0.04660808
0.05041197
-0.054398171
0.056612857
0.060012179
0.059811217
0.05905834
0.059015259
-0.05702804
0.070540353
-0.060046608
0.071091628
-0.056778693
0.060549984
-0.060396668
0.061576893
0.053026695
0.057933369
0.05650542
0.051117263
-0.043053413
0.03621225
-0.050471241
0.038214316
-0.041991515
0.023691411
-0.049869065
0.025589519
0.06158828
0.065650273
0.066339945
0.062081559
-0.029707427
0.028065887
-0.038756734
0.032689675
-0.030931953
0.015541259
-0.040957518
0.020203387
0.066274181
0.064216637
0.064433614
0.06687894
-0.047899552
0.036731365
-0.05624181
0.042912428
-0.05067113
0.021306899
-0.05923137
0.026725553
0.064965181
0.06293171
0.060019979
0.060999301
-0.056458493
0.046973454
-0.060782794
0.048320347
-0.056426443
0.03035902
-0.061427763
0.031751265
0.059129592
0.063896056
0.058969488
0.053544906
-0.014895583
0.074400563
-0.021886126
0.0706934
-0.014007936
0.069878944
-0.018681777
0.064908959
0.018844324
0.0091407644
0.0085592874
0.018944019
-0.032058219
0.072634657
-0.043574205
0.071763824
-0.028225074
0.067957379
-0.040193962
0.066817557
0.019423388
0.0073853357
0.0058104809
0.019725607
-0.024953099
0.070402357
-0.033225828
0.068470297
-0.023123949
0.065428193
-0.03121596
0.063608317
0.041466099
0.03108493
0.032221986
0.042556801
-0.013160994
0.053839517
-0.015479557
0.050559639
-0.01269603
0.045641219
-0.013804339
0.042891427
0.041536144
0.031442067
0.032377208
0.042119987
-0.012447168
0.06293117
-0.015369048
0.057237321
-0.010349425
0.05418985
-0.012489211
0.04857477
0.021257571
0.011682073
0.010354511
0.021582833
-0.024501923
0.060644478
-0.036913148
0.059332192
-0.021613319
0.05139612
-0.0344532
0.050070656
0.021933827
0.008835085
0.0070795914
0.021808253
-0.021042144
0.057978501
-0.029023584
0.056329094
-0.018857367
0.04883599
-0.026833572
0.047409405
0.042965649
0.033454498
0.033956362
0.043358334
-0.054807811
0.067003918
-0.064489049
0.066895419
-0.052419468
0.063402262
-0.063211927
0.062874081
0.019559587
0.0040849479
0.0024658707
0.018882392
-0.071748346
0.061015466
-0.076108975
0.060669157
-0.071430934
0.059037116
-0.076478754
0.057872033
0.017836875
0.001175369
0.00037116746
0.016674794
-0.056399512
0.060780907
-0.061296665
0.061659547
-0.056743174
0.057392882
-0.062582781
0.05819594
0.042195541
0.031519461
0.030116235
0.040891102
-0.038394754
0.055187436
-0.048001041
0.055162842
-0.036566878
0.045584583
-0.046767534
0.045534917
0.042940346
0.033536133
0.032186424
0.041673101
-0.049989559
0.056951416
-0.061697479
0.055961876
-0.04810845
0.048218983
-0.060336674
0.046717911
0.020984713
0.0051903283
0.0033439965
0.019512214
-0.07067714
0.054143166
-0.076240802
0.052207198
-0.069658635
0.046644212
-0.075359234
0.043957232
0.017644715
0.001744951
0.00058512387
0.015753085
-0.05667038
0.051141063
-0.063343082
0.051831754
-0.056111448
0.042301445
-0.063386577
0.042807362
0.039787779
0.030174763
0.027949922
0.037707612
-0.029594695
0.066430272
-0.036627946
0.066490422
-0.028560412
0.062716562
-0.036247447
0.063528546
0.055950924
0.050796766
0.050677829
0.055808079
-0.043124993
0.063289067
-0.048467747
0.065447614
-0.043820415
0.060336199
-0.050410128
0.063519793
0.055701749
0.05013452
0.049305867
0.055652792
-0.03770029
0.067809189
-0.042774453
0.070018303
-0.038684841
0.067268409
-0.0449764
0.071036531
0.060949397
0.059229361
0.060139973
0.062861037
-0.024268952
0.059616485
-0.031815948
0.061825675
-0.023738356
0.051920892
-0.031783375
0.055163397
0.059090567
0.057388284
0.056628577
0.058533473
-0.027446774
0.056005577
-0.035785092
0.057577784
-0.026085416
0.046726018
-0.035061131
0.04897296
0.054346079
0.049686336
0.048544364
0.053381079
-0.04438486
0.05441601
-0.05213935
0.058541827
-0.044590107
0.045693653
-0.053354462
0.050573087
0.052422274
0.04704063
0.045502989
0.051671353
-0.039760174
0.063592714
-0.047201166
0.068846498
-0.040598897
0.056719817
-0.049097859
0.063262131
0.058725085
0.056267635
0.056378312
0.059620888
-0.011415745
0.032122193
-0.0097923514
0.026880937
-0.0087900528
0.025640033
-0.0072086177
0.020955355
0.057201793
0.052023641
0.052417769
0.05697876
-0.01174359
0.036021827
-0.016841686
0.034542402
-0.0094586819
0.025499702
-0.015028368
0.024507103
0.056367162
0.05210124
0.050979017
0.055252524
-0.011304183
0.033118348
-0.016010692
0.031960438
-0.0094193165
0.023643343
-0.014560449
0.023052452
0.060465528
0.059081934
0.058244764
0.060158363
-0.0028678022
0.0097031382
-0.0035050648
0.0045638173
0.0043667537
0.0034562669
0.00078415498
0.00090775768
0.053522709
0.057475119
0.057443799
0.056319575
-0.0041198409
0.018399065
-0.0038175518
0.014668423
0.0023482055
0.0083802384
-0.00010702432
0.0061869572
0.058663934
0.056433936
0.053780311
0.0567061
-0.007251562
0.014086185
-0.013894254
0.013764231
-0.0058510843
0.0015126334
-0.014310038
0.0021293995
0.054241438
0.050231846
0.046487458
0.051636315
-0.0071821918
0.01374803
-0.013500659
0.014073868
-0.0054277398
0.0033983823
-0.013918963
0.0051797436
0.058422071
0.056949919
0.056119295
0.059761086
-0.0079247487
0.044211634
-0.010479201
0.039538167
-0.005462635
0.033386318
-0.0095948761
0.030312046
0.024720392
0.014127371
0.013329025
0.025930535
-0.020044408
0.04086718
-0.0332209
0.039653451
-0.019915875
0.029581025
-0.033171577
0.028467788
0.026327329
0.012531701
0.011549413
0.025786681
-0.01676797
0.03857868
-0.0248665
0.037394324
-0.014998877
0.027491982
-0.023352547
0.026515357
0.045924475
0.037436008
0.036807711
0.045014778
-0.0050200556
0.020675938
-0.0075766707
0.020331756
-0.0011088513
0.0096026453
-0.0058141727
0.0095336874
0.050530906
0.041206572
0.040192389
0.048350302
-0.0033294417
0.021858267
-0.0098462714
0.020521633
-0.0019502412
0.0094820061
-0.010951358
0.0091613364
0.029248934
0.015929891
0.016008606
0.029312221
-0.020898969
0.017874485
-0.033730352
0.016630486
-0.022173071
0.0058834807
-0.03377069
0.0040345788
0.027966798
0.016059359
0.016001009
0.025907762
-0.013752647
0.015553391
-0.022495172
0.014693377
-0.013185256
0.0025300712
-0.022438699
0.0016453428
0.044727822
0.037421875
0.033943459
0.040662239
-0.047040673
0.037825309
-0.059238519
0.035770687
-0.046602445
0.026361978
-0.05813782
0.023756549
0.024392326
0.010325155
0.0089008789
0.022378631
-0.068348061
0.03699596
-0.073702772
0.033618765
-0.066465852
0.025738114
-0.071035511
0.021871945
0.020077929
0.0073983435
0.0059933372
0.017867083
-0.055121272
0.031424968
-0.062678794
0.031685519
-0.053871826
0.019317046
-0.061349854
0.019336892
0.038044113
0.030050684
0.027575491
0.03571794
-0.032725517
0.0090279352
-0.043209657
0.008510251
-0.032669696
-0.003447704
-0.042790361
-0.0040415484
0.036823691
0.03047969
0.027575273
0.03375931
-0.046099929
0.014330178
-0.056352007
0.011275946
-0.044326648
0.0021029147
-0.052786059
-0.0011314377
0.023635286
0.01566693
0.014927548
0.021494113
-0.063454997
0.013430995
-0.067010735
0.0095276087
-0.058485666
0.00060066621
-0.061171994
-0.0025366837
0.019708895
0.013741941
0.012177274
0.018397837
-0.052611979
0.0069778261
-0.059663674
0.006874195
-0.051600929
-0.0044842524
-0.05795621
-0.0044494502
0.031871588
0.025603171
0.02471743
0.031327122
-0.024581898
0.035470336
-0.034185686
0.038237341
-0.023353696
0.022954753
-0.033587311
0.02604998
0.053684943
0.049159281
0.046907209
0.05185461
-0.044497447
0.034686006
-0.054028781
0.040034124
-0.044480545
0.022254432
-0.054433815
0.027708021
0.050055315
0.044605091
0.042679904
0.048618356
-0.04119852
0.046939841
-0.050615731
0.054427222
-0.041940205
0.03490543
-0.052047804
0.042833036
0.057837669
0.054497476
0.053487608
0.0570783
-0.022124407
0.017700113
-0.032481413
0.022868652
-0.02424365
0.0050310941
-0.035685308
0.010266426
0.060240515
0.055035613
0.053792842
0.059808236
-0.023110271
0.0099719198
-0.0339782
0.013197439
-0.024780397
-0.0026635807
-0.036266761
0.00051379355
0.049166046
0.043031163
0.040297461
0.047098306
-0.045185503
0.0095394175
-0.055106594
0.014681922
-0.047440811
-0.0021473287
-0.056771547
0.0022423753
0.045669049
0.038629889
0.038189425
0.045028847
-0.043580487
0.021584805
-0.054013721
0.029285363
-0.04718128
0.0081676192
-0.057387454
0.014826665
0.058523158
0.052517778
0.051367794
0.056590414
-0.077441964
0.056912614
-0.075895026
0.056386719
-0.078232413
0.056458107
-0.076929252
0.055035947
0.015677135
0.00013158551
0.00045313235
0.015079717
-0.07180586
0.055567682
-0.065609197
0.055452857
-0.073023303
0.056070524
-0.067031711
0.055292135
0.015011553
0.0012579001
0.0024080526
0.015452526
-0.060820607
0.055465833
-0.055236102
0.056120956
-0.063237781
0.054654752
-0.057467719
0.054878755
0.037520288
0.02685994
0.026794545
0.037247013
-0.06719983
0.049924724
-0.067760581
0.050479439
-0.067654447
0.043126785
-0.068379742
0.043463759
0.035927367
0.026019394
0.024811764
0.034863804
-0.078287469
0.053236422
-0.077148705
0.051174317
-0.077390687
0.0472795
-0.076187034
0.044785043
0.014227906
1.2058778e-05
0.00010524865
0.013384571
-0.073388953
0.054123646
-0.067591602
0.053111443
-0.072416789
0.049546165
-0.066716855
0.048676974
0.013385946
0.00086163087
0.00219362
0.014199248
-0.064929075
0.052122144
-0.058968246
0.052019592
-0.065487068
0.047643419
-0.059323045
0.047356683
0.034716657
0.02455405
0.025198062
0.035385322
-0.061184655
0.037044119
-0.064624035
0.042011382
-0.061754773
0.026323873
-0.065061192
0.031133349
0.047824867
0.041498485
0.041267829
0.047824937
-0.063627493
0.041612343
-0.058318424
0.043706018
-0.063679036
0.033211249
-0.057864757
0.035021827
0.048595096
0.041980978
0.043432447
0.049952869
-0.063096617
0.04685648
-0.059234796
0.050466436
-0.06515795
0.037803315
-0.060991726
0.041059622
0.056462269
0.053531138
0.054527608
0.056867224
-0.062174472
0.025183965
-0.066635618
0.031802964
-0.064888293
0.012399461
-0.068500641
0.017651795
0.054353769
0.050517126
0.050140093
0.052245059
-0.062083601
0.014957162
-0.064830516
0.019293605
-0.062805403
0.0041863583
-0.06451528
0.0077155785
0.045212753
0.03891317
0.040557413
0.046155933
-0.06280882
0.023601619
-0.05641378
0.025165404
-0.061591189
0.013587708
-0.054552502
0.014947611
0.047750611
0.042814884
0.045455595
0.049916673
-0.066550251
0.027460218
-0.061911506
0.030134284
-0.067571143
0.016575275
-0.062156662
0.018304858
0.050705719
0.050396141
0.051418932
0.050106809
-0.075336062
0.038803819
-0.073779742
0.036076139
-0.071965467
0.028186731
-0.069848798
0.0255008
0.0161027
0.0048830511
0.0042491839
0.015056092
-0.06978752
0.042317717
-0.064035405
0.041884978
-0.065477296
0.032598969
-0.059539056
0.032826202
0.014865275
0.0042218711
0.0048557282
0.01552138
-0.064680663
0.041099925
-0.058273663
0.040810183
-0.062531963
0.032560654
-0.055814243
0.032488718
0.033988108
0.024872562
0.025844306
0.035282742
-0.0633826
0.012384785
-0.063264107
0.012645567
-0.060977959
0.0013756329
-0.060239388
0.0020925162
0.032021863
0.024843636
0.025736389
0.033640615
-0.06718557
0.015924951
-0.064549157
0.013746423
-0.060967112
0.0025890311
-0.058272256
0.0016983299
0.017586708
0.010400275
0.0086488659
0.017237556
-0.05983963
0.020736383
-0.0537012
0.021841572
-0.053620917
0.0072549869
-0.047511543
0.009560107
0.017297241
0.0071959571
0.0063141962
0.017755111
-0.05937091
0.022366874
-0.052286153
0.022778556
-0.055856634
0.01120976
-0.048454368
0.012433055
0.035800117
0.027098641
0.028723601
0.038220334
-0.047957439
0.071515447
-0.047971481
0.072965025
-0.050743022
0.074434197
-0.051487988
0.077079423
0.067242759
0.067417301
0.071210474
0.071805281
-0.045778196
0.066890876
-0.041421693
0.068068731
-0.049748484
0.067894769
-0.045541124
0.069653375
0.075666493
0.074493761
0.076646314
0.078136416
-0.049380569
0.068068944
-0.043292289
0.066774953
-0.050492536
0.069937949
-0.044324211
0.068561956
0.067191521
0.073380192
0.075819057
0.069236524
-0.058722225
0.079120472
-0.056329341
0.077911737
-0.059807732
0.076470755
-0.057759093
0.075486584
0.054983834
0.060625625
0.062681509
0.056526649
-0.053556241
0.07403116
-0.054971357
0.077683762
-0.056113605
0.070024537
-0.058177407
0.074478819
0.063272442
0.063287423
0.065474636
0.065568685
-0.053622068
0.065973703
-0.049509542
0.06802612
-0.057215346
0.061170266
-0.053206759
0.063316981
0.067370742
0.067368281
0.068592033
0.068334996
-0.051861175
0.068397898
-0.045713757
0.066868554
-0.053574074
0.063685755
-0.04760719
0.062042958
0.057362618
0.064102032
0.064614658
0.057308748
-0.058349554
0.062443459
-0.061048638
0.06745687
-0.060430421
0.051618758
-0.06369218
0.056863794
0.05778715
0.058299534
0.057616666
0.056450078
-0.06049254
0.053732637
-0.056616709
0.055848834
-0.063509065
0.044057744
-0.059745609
0.046033816
0.055145845
0.057078277
0.056743101
0.054034677
-0.055710344
0.056210542
-0.050088873
0.054582066
-0.058271532
0.046407865
-0.053106
0.044957224
0.043442967
0.050569901
0.048774516
0.041180642
-0.063168184
0.045947987
-0.063345779
0.046112955
-0.064567213
0.029149175
-0.06550248
0.029580122
0.046392846
0.052489464
0.045514549
0.038818959
-0.062717505
0.038126229
-0.066314287
0.043122409
-0.065683269
0.022697694
-0.069123044
0.026742577
0.055720486
0.056234409
0.052253453
0.050022758
-0.066321155
0.032607219
-0.062516314
0.034252526
-0.068879097
0.019813957
-0.064659878
0.020746764
0.044806317
0.048774748
0.046390841
0.040834954
-0.061116252
0.034592392
-0.056412313
0.033453088
-0.063906056
0.020845972
-0.059529457
0.020055028
0.031893543
0.039074292
0.034029475
0.02648954
0.069855208
0.066171144
0.061856775
0.057144671
-0.016208394
0.059016486
-0.014939007
-0.027541846
0.049931641
-0.024639269
-0.012392315
-0.020169479
-0.068058314
-0.072668879
-0.070155327
-0.06516994
0.054488867
0.049654764
-0.073888899
-0.071618445
-0.036353548
0.042903323
-0.032959121
-0.068155875
-0.066866448
-0.027977152
-0.061969748
0.00057207581
0.0064164071
0.0050097971
0.0083766971
-0.059749986
0.012629548
-0.05589883
-0.054320829
0.012938644
-0.050223058
-0.052754378
-0.046732572
-0.071451018
-0.066763169
-0.063113703
-0.06681644
0.0085711311
0.0097642447
-0.059691862
-0.05742702
-0.047210216
0.012958208
-0.042975556
-0.056135997
-0.060575981
-0.03921772
-0.063272743
0.048240026
0.049738955
0.051627832
0.054095474
-0.06108527
0.048658804
-0.064196494
-0.060036272
0.053533364
-0.064106555
-0.06722324
-0.068291712
-0.063389404
-0.059224781
-0.06059843
-0.065781012
0.054822214
0.058101777
-0.053434102
-0.053758832
-0.056727771
0.057876557
-0.061461366
-0.054391783
-0.062024824
-0.066481304
-0.06797109
-0.021379977
-0.003113466
-0.020863633
-0.0035856346
-0.04853173
0.013167052
-0.0508429
-0.054062895
0.011909967
-0.056004749
-0.052811247
-0.058259507
-0.061615748
-0.06933834
-0.062263528
-0.055078814
-0.01874243
-0.0024974605
-0.07392461
-0.067184074
-0.056255533
0.012050314
-0.058092638
-0.061814747
-0.056412728
-0.060876234
-0.049461392
0.038456633
0.043866424
0.040197544
0.046018632
0.0059335076
0.047485071
0.006226604
-0.0090060209
0.05044998
-0.010373663
0.0047775694
-0.012260763
-0.058229818
-0.048182284
-0.051241501
-0.061199253
0.042684424
0.048663291
-0.03662267
-0.039514023
-0.022998986
0.053403976
-0.025137657
-0.041613023
-0.053717614
-0.027003911
-0.063671699
-0.011756456
0.0047453791
-0.010782333
0.0032318613
-0.045128103
0.018676043
-0.044437705
-0.055454869
0.015332792
-0.053549273
-0.044918519
-0.052653968
-0.07327671
-0.06833326
-0.066755605
-0.06955674
-0.0080237641
0.0032589544
-0.060815372
-0.061297228
-0.061177644
0.013343204
-0.058355562
-0.062464877
-0.066075782
-0.056418803
-0.066981117
0.0085177556
0.021133055
0.010188299
0.02221616
-0.055666379
0.031651441
-0.052760741
-0.06645043
0.032730985
-0.064112929
-0.049647087
-0.061163925
-0.040395404
-0.028821046
-0.032126802
-0.0434496
0.011691721
0.02244096
-0.017204613
-0.020290085
-0.072708432
0.032634889
-0.070633705
-0.023403714
-0.035844713
-0.067767716
-0.047018268
0.047955661
0.054067836
0.04968492
0.056084035
-0.046533609
0.058781223
-0.048455448
-0.055156463
0.060932696
-0.056583553
-0.04961027
-0.057376073
-0.052382057
-0.041374595
-0.04248578
-0.053396929
0.050373436
0.057326545
-0.027758898
-0.028638002
-0.061086625
0.062605364
-0.061996653
-0.028688172
-0.042451976
-0.0625537
-0.053224285
0.037775439
0.043049884
0.032947309
0.038440802
-0.048959238
0.045768482
-0.047278822
-0.056678732
0.041851371
-0.055303122
-0.045042567
-0.053491553
-0.064780753
-0.066098936
-0.066369302
-0.064895146
0.029442763
0.035305021
-0.064716095
-0.065211898
-0.062383756
0.039616548
-0.061671774
-0.065153815
-0.06663768
-0.060638564
-0.065609429
0.049850587
0.048890746
0.054915219
0.054750719
-0.0070387637
0.046611231
-0.010405465
-0.017586007
0.052814702
-0.022807624
-0.01362305
-0.026584563
-0.064940166
-0.055103117
-0.053439845
-0.063059661
0.058554796
0.058529723
-0.042433798
-0.040898953
-0.026672376
0.056476038
-0.032417325
-0.038164289
-0.050240515
-0.036188917
-0.059552049
0.044671196
0.041380934
0.042946976
0.040864856
-0.049171469
0.036542313
-0.047060589
-0.053935948
0.037142512
-0.053086727
-0.043765992
-0.051349354
-0.0680472
-0.066878475
-0.066736758
-0.069317048
0.043274208
0.042455702
-0.063558818
-0.062219348
-0.057675878
0.039776396
-0.058220401
-0.060654243
-0.066336243
-0.058173713
-0.070294739
0.06329725
0.062656288
0.065207631
0.064249444
-0.04117185
0.059822116
-0.045630774
-0.046759892
0.061043334
-0.050054706
-0.048558567
-0.052432187
-0.050081209
-0.039743166
-0.037627694
-0.047678177
0.067123637
0.066002432
-0.026954833
-0.02557269
-0.051163123
0.062528667
-0.053246509
-0.024095817
-0.0353806
-0.055090106
-0.045111288
-0.011232497
0.0029249139
-0.006781795
0.0062412332
-0.05088028
0.015368494
-0.05292239
-0.044267499
0.017615483
-0.046351351
-0.057014124
-0.050918522
-0.060237495
-0.067695362
-0.064479687
-0.058673772
-0.0025598116
0.0092283359
-0.072090929
-0.06765595
-0.036115521
0.019570918
-0.038067093
-0.063335089
-0.060432632
-0.042819925
-0.055252627
0.035048146
0.04217208
0.035982226
0.043017133
-0.070440228
0.047356746
-0.070427382
-0.073036757
0.048449633
-0.073770853
-0.069872231
-0.073462093
-0.04978458
-0.054853517
-0.054657501
-0.049532284
0.036798371
0.043809827
-0.057972395
-0.05776527
-0.072625704
0.049533061
-0.074210404
-0.059260418
-0.056304537
-0.074288773
-0.051107135
0.0031317608
0.012459376
0.0036606417
0.012189554
-0.019135267
0.021112857
-0.020379784
-0.012137318
0.020444112
-0.013096809
-0.024505464
-0.016564371
-0.033993021
-0.040576364
-0.048538888
-0.042717644
0.0020984738
0.010583136
-0.046803401
-0.053105834
-0.007026416
0.019036718
-0.0080645831
-0.058030674
-0.054984871
-0.010871867
-0.049977343
0.03702229
0.044319376
0.036449709
0.044122369
-0.061889695
0.050841571
-0.065136782
-0.051726451
0.051181041
-0.055538233
-0.066213401
-0.057050175
-0.05739741
-0.061683298
-0.061822024
-0.057365043
0.035919124
0.044154606
-0.063079492
-0.063160765
-0.038914313
0.051813627
-0.042926333
-0.061786583
-0.060077844
-0.044682731
-0.055191534
0.013620007
0.020440176
0.013756741
0.018518718
-0.072288089
0.029234158
-0.070089725
-0.066933703
0.026533138
-0.06465329
-0.067240179
-0.06187908
-0.040765373
-0.030247873
-0.030747727
-0.040927039
0.013194542
0.016287899
-0.019921563
-0.01993663
-0.059332578
0.023717705
-0.057152963
-0.020224618
-0.031802213
-0.054592261
-0.041774097
0.04872391
0.057443634
0.046895924
0.056588862
-0.063706858
0.064377279
-0.063721855
-0.060257006
0.064477725
-0.05984883
-0.064183144
-0.060333762
-0.042605814
-0.032648555
-0.03185491
-0.041941534
0.044882988
0.055399794
-0.019691911
-0.018586796
-0.053879708
0.064085228
-0.053005645
-0.01711507
-0.030374265
-0.053465423
-0.040613993
0.02608005
0.032901109
0.025386157
0.032732551
-0.066346706
0.03924698
-0.06770653
-0.063953266
0.040100639
-0.066537667
-0.068963695
-0.069144798
-0.059375983
-0.05786863
-0.05743277
-0.059029101
0.02470208
0.032596465
-0.054783114
-0.054264345
-0.058461173
0.040953515
-0.062252828
-0.053794245
-0.057537537
-0.066215953
-0.059698315
0.010607956
0.0090524612
0.0082506576
0.006629124
-0.031311079
0.010778059
-0.027223733
-0.023109776
0.0086045426
-0.019528276
-0.023305185
-0.016025734
-0.056187477
-0.058087391
-0.058501355
-0.058223048
0.0034334096
0.0030745395
-0.057358579
-0.05697722
-0.014275843
0.0062861759
-0.01174453
-0.055873813
-0.05832537
-0.0093332662
-0.059510111
0.0099012983
0.011952621
0.007385495
0.010347496
-0.040515112
0.019299519
-0.03922734
-0.030171515
0.018198662
-0.029457963
-0.037540872
-0.02828801
-0.047041108
-0.037844494
-0.038917242
-0.047406103
0.0046533896
0.0093406904
-0.026853223
-0.027955608
-0.019142564
0.017862211
-0.018753892
-0.027826513
-0.038334208
-0.017972027
-0.046256064
0.0415145
0.052703577
0.040404863
0.051305217
-0.034213348
0.061928665
-0.032282577
-0.022202109
0.060163302
-0.019827968
-0.032413891
-0.019710877
-0.041217932
-0.033989645
-0.031225546
-0.038318584
0.039507502
0.049715404
-0.024905723
-0.022755402
-0.009716218
0.057850779
-0.0071531996
-0.020561976
-0.028674728
-0.0068490066
-0.035794635
0.022535179
0.031671789
0.021506076
0.031390124
-0.039215912
0.041823566
-0.044885764
-0.026722533
0.042272744
-0.032829008
-0.051071893
-0.03960249
-0.059943255
-0.056491103
-0.055091299
-0.05920035
0.021459135
0.032191772
-0.05221034
-0.050134416
-0.013572048
0.043600804
-0.019651846
-0.048295774
-0.053632451
-0.026488167
-0.057985257
0.070814601
0.069867222
0.072156233
0.071427681
-0.055494966
0.066207005
-0.055522643
-0.0548177
0.067796594
-0.054135084
-0.056452714
-0.054703477
-0.03736958
-0.026891634
-0.025739981
-0.036272713
0.072775427
0.072224158
-0.014354847
-0.013685712
-0.051875043
0.06863129
-0.05072746
-0.013727927
-0.025352194
-0.051007471
-0.035878123
0.05933969
0.063608044
0.060716907
0.065010207
-0.043064784
0.063506473
-0.04818858
-0.033248388
0.064642237
-0.038106617
-0.053872024
-0.043596019
-0.055014607
-0.051453284
-0.051106717
-0.053776114
0.062020965
0.065880898
-0.046405461
-0.046633755
-0.0223221
0.064951774
-0.026585989
-0.047622162
-0.05138978
-0.031448725
-0.053019649
0.07097099
0.07029685
0.068415516
0.067388176
-0.038806676
0.066537762
-0.037474384
-0.028996818
0.06335059
-0.027969127
-0.037473565
-0.028047992
-0.033244612
-0.025546425
-0.025270236
-0.033461807
0.064901831
0.06343663
-0.017135476
-0.016286639
-0.017621504
0.059057497
-0.017234597
-0.016130572
-0.02580402
-0.017619179
-0.034537355
0.051484822
0.050319665
0.053549618
0.05280463
-0.071074283
0.047071981
-0.071123074
-0.074224677
0.049795809
-0.074809394
-0.069670595
-0.073376303
-0.057560649
-0.063141171
-0.066828214
-0.060866482
0.055650019
0.055342719
-0.065716727
-0.069371193
-0.073932978
0.05259278
-0.074893016
-0.072377536
-0.06969992
-0.073451466
-0.063251746
0.059355993
0.060189729
0.061064194
0.062586608
-0.062843965
0.058273511
-0.064325464
-0.052535293
0.061226832
-0.054195897
-0.063120554
-0.05330773
-0.04666346
-0.052749663
-0.048346983
-0.041671833
0.062968657
0.065104185
-0.056024991
-0.052580185
-0.039574485
0.064233342
-0.041254784
-0.049441728
-0.044277288
-0.040756584
-0.037100041
0.061365617
0.058921323
0.05898318
0.05625181
0.053786059
-0.015748169
0.051292359
-0.028253203
-0.071318628
-0.069237748
0.056106833
0.05337513
0.048704726
-0.037529201
-0.065660325
0.046183945
0.044238293
-0.01919162
0.036619814
-0.019426475
-0.029628103
0.035354323
-0.029949037
0.0533668
0.060454984
-0.035894519
-0.017682823
-0.031702893
-0.027946496
0.063727721
-0.061117543
-0.064043535
0.042171908
-0.054914471
-0.037855824
0.033905073
-0.038316476
-0.050018207
-0.056485481
-0.028517174
-0.036522942
-0.060094162
0.048764339
0.040546381
0.036262604
-0.014160156
0.029497625
-0.023942384
0.062270054
-0.038119066
-0.009469565
-0.029291224
-0.018584303
0.055848711
-0.063362602
-0.059070941
0.034522343
0.024828073
-0.03281571
-0.060371194
-0.023426351
-0.027769682
-0.05713818
0.048583427
0.044304237
-0.04339263
0.038401624
-0.04035356
-0.0358787
-0.067786732
-0.069724091
-0.0678828
-0.066845601
-0.069040032
-0.066452539
-0.063393178
-0.065698848
-0.065705875
0.05357842
0.051114477
-0.043288458
0.046862048
-0.044466933
-0.065449777
-0.062422515
0.052017411
0.050030447
-0.058813991
-0.05574626
0.046277135
-0.049737399
-0.052045463
-0.058821041
0.040849261
-0.044222673
0.033122595
-0.044872256
0.046933876
0.053491438
-0.026968274
-0.043606874
0.058025556
-0.054995637
-0.060160266
0.040741782
-0.048077483
-0.049045945
0.033426099
-0.049891708
-0.044267983
-0.051358025
-0.027236753
-0.04931636
-0.057109861
0.031102183
0.02259584
-0.040719497
0.060233323
-0.020578609
-0.036656762
0.059887677
-0.06339845
-0.064518389
0.03029998
0.022752275
-0.047526505
-0.061256846
-0.020494055
-0.044814461
-0.063468516
0.0082406903
0.013781817
0.010704034
0.014021725
0.020238902
-0.063698729
0.019166398
-0.058370715
-0.050808042
-0.049944617
0.012326324
0.013722429
0.017783477
-0.051240955
-0.049891803
0.027439225
0.025891475
-0.068068754
0.035005894
-0.066870123
-0.063585105
0.033694338
-0.062719191
-0.065585143
-0.06192756
-0.049992653
-0.055356683
0.02415342
-0.042494316
-0.056323791
0.032217008
-0.055811196
-0.04983497
-0.055559599
0.019226706
0.018664388
-0.064338763
-0.061263964
-0.06326848
-0.060787731
-0.058885162
-0.060790713
0.018010346
-0.055550846
-0.055762913
0.010607264
0.010086376
-0.039356777
0.012287286
-0.035101126
-0.031165412
-0.064033809
-0.062144306
-0.060705895
-0.062648127
-0.057781508
-0.056943034
-0.05625491
-0.059528774
-0.061372418
0.012720578
0.012688467
-0.046304914
0.016015105
-0.043243315
-0.051172727
-0.051319729
0.011619222
0.010866428
-0.042733909
-0.043818975
0.013933075
-0.034894493
-0.044567259
-0.051366373
0.022205282
-0.046919928
0.03055259
-0.046729797
-0.046997121
-0.05087909
-0.055371726
0.02018795
-0.044483492
-0.03597019
0.028864247
-0.036044524
-0.043426209
-0.049724506
-0.036776746
-0.054180968
0.016930581
0.023740534
-0.047638337
-0.048555047
-0.058396571
-0.060198625
0.015384773
-0.038024714
-0.057256145
-0.039619771
-0.059188939
0.0573748
0.058043368
0.059976224
0.061248676
0.055946162
-0.05837417
0.059342798
-0.056737949
-0.046154107
-0.045594708
0.062102117
0.063866923
0.062044342
-0.053061865
-0.045572962
0.051044875
0.054269554
-0.056425269
0.043545674
-0.057239112
-0.055390269
0.046383973
-0.055910593
0.037194641
0.046989826
-0.040617868
-0.058578709
-0.044456783
-0.057201284
0.056443156
-0.045961542
-0.055095889
0.056716398
-0.036138013
-0.052982656
0.048414134
-0.053155996
-0.036705305
-0.046372569
-0.047442304
-0.054209235
-0.055454492
0.044831852
0.04975579
0.038362996
-0.060261946
0.043003825
-0.059047636
0.065132403
-0.036710016
-0.061989611
-0.041730303
-0.061064318
0.072337144
-0.063147206
-0.069497403
0.05398048
0.046842041
-0.055943328
-0.063532001
-0.046090247
-0.057932928
-0.069928583
0.057433544
0.061333705
-0.051030921
0.061266934
-0.056114552
-0.061634416
-0.058683613
-0.054840733
-0.055380164
-0.059513924
-0.049471978
-0.04953445
-0.050275301
-0.056326825
-0.060483752
0.063411067
0.065494886
-0.0452399
0.063625649
-0.047226861
-0.042807968
-0.042325194
0.063784074
0.065941927
-0.034934937
-0.033981273
0.063862344
-0.039335096
-0.034070086
-0.042749319
0.057977261
-0.049025562
0.049271424
-0.048880005
0.036469801
0.04576827
-0.049223174
-0.049592435
0.054137891
-0.043884537
-0.051467088
0.057829811
-0.035058392
-0.043372084
0.048755235
-0.043036718
-0.036555044
-0.045320134
-0.049635586
-0.043416982
-0.052732143
0.057123566
0.049549019
-0.051024649
0.06117916
-0.049510477
-0.052761476
0.066312475
-0.057444527
-0.061373316
0.059012263
0.05098272
-0.044463936
-0.058425077
-0.051873919
-0.045819602
-0.061967391
-0.019689782
-0.0014354302
-0.019013019
-0.002971524
0.014237532
-0.046399579
0.011015178
-0.052856053
-0.075222174
-0.069668634
-0.016258877
-0.0025845094
0.0095196676
-0.055672953
-0.06544623
0.026825005
0.022531563
-0.045557424
0.036143645
-0.045106637
-0.053936883
0.031394608
-0.052973405
0.062103836
-0.036454264
-0.045173321
-0.032750773
-0.052616536
0.056020202
-0.062652563
-0.058111152
0.019820526
-0.06542983
-0.05983098
0.028184481
-0.058654939
-0.061306437
-0.0304376
-0.058102338
-0.05623755
0.026866446
0.025048975
0.037606239
-0.045809877
0.035459151
-0.052966498
0.049001653
-0.039676302
-0.046987736
-0.039384111
-0.054031516
0.041456342
-0.052240802
-0.045312992
0.024460881
0.03443504
-0.058308457
-0.050051391
-0.039879007
-0.059320168
-0.043046897
-0.015385162
-0.0001710727
-0.055087499
0.013342606
-0.057002485
-0.06044853
-0.065467218
-0.073057771
-0.066414733
-0.060086673
-0.077144522
-0.070021094
-0.063917683
-0.06015032
-0.054282128
-0.011956872
-0.00065057673
-0.056272701
0.0095577801
-0.054880854
-0.077687551
-0.070978013
-0.0067830875
0.0022287983
-0.074871519
-0.069365853
0.010646902
-0.050917957
-0.065298485
-0.065641543
0.018624161
-0.062974067
0.026486257
-0.061885352
0.060612207
-0.029441968
-0.061374435
0.056646551
-0.061935838
-0.05946066
0.018552825
-0.062638411
0.025950209
-0.062525969
-0.061340608
-0.060037236
-0.062273173
-0.057098125
0.024925142
0.034399514
-0.061595607
0.051359899
-0.040961537
-0.062631267
0.044922372
-0.055317344
-0.049499834
0.026088912
-0.062664248
-0.052664013
-0.063806131
-0.046760122
0.037183991
0.0027853438
0.039764078
0.036609841
0.013057446
0.041410255
0.015454929
0.017746283
-0.0033023665
0.040039793
0.0030161592
-0.011000516
0.045079148
-0.008960407
0.017732691
-0.024698701
-0.027168454
0.041106563
0.024569163
0.04711564
-0.013430231
-0.015364917
-0.020685688
0.052412684
-0.021256616
-0.015496125
-0.028460457
0.0036409766
0.038767255
0.0091169402
0.047697385
0.015750563
-0.0038767136
0.036665722
-7.5696989e-05
-0.0076906088
0.049247651
-0.0093569233
0.012368686
0.00047858059
-0.012695949
-0.02860041
-0.042651699
0.017205465
0.056692929
-0.014135063
-0.014564735
0.059528847
-0.019042652
-0.01175007
-0.027694954
-0.024176459
0.049427771
0.053443375
-0.0012192141
-0.016602969
-0.0040348423
-0.020044988
-0.055134103
-0.065072651
0.056769147
-0.02890247
-0.032346111
0.045459908
0.051480125
-0.035655673
0.056230972
-0.03789278
-0.039454343
-0.05981162
-0.049061681
-0.051020868
-0.061547504
-0.035719374
-0.037634925
-0.038382325
-0.051634354
-0.061907217
0.047835519
0.036381778
0.054489886
0.010304239
0.011641545
-0.031428147
0.060299382
-0.03327369
0.011766827
-0.020973655
-0.022448078
0.054453322
0.047423355
0.061568054
-0.0063926332
-0.0069099398
-0.042083084
0.067382993
-0.044232305
-0.0068209945
-0.0230309
0.02697478
0.064814235
0.010928521
-0.023535916
0.067479046
-0.028780335
0.0094335865
-0.034144729
-0.022838505
-0.038043877
0.037235254
0.071453727
-0.0063041067
-0.033394863
0.07329427
-0.038034533
-0.0054957117
-0.021999492
-0.042630399
-0.036757835
0.059548868
0.06119975
-0.038711549
-0.041782625
-0.050967952
-0.060945469
0.061930555
-0.046464999
-0.04917185
-0.049012254
-0.00085415749
0.013159768
0.00043463057
0.012741197
0.024988294
-0.046950231
0.023433545
-0.058120443
-0.051286018
-0.053388896
0.0026412971
0.01284531
0.022182674
-0.064468875
-0.056056592
0.034562936
0.03242041
-0.049820588
0.041956119
-0.048695032
-0.060037772
0.03969217
-0.058599769
-0.047509926
-0.056965537
-0.058492897
-0.063732111
0.030546308
-0.050177524
-0.066566257
0.037816173
-0.065025876
-0.060208851
-0.063244834
0.029699272
0.025260784
-0.046409788
-0.055337646
-0.065942435
0.022099269
-0.061436143
-0.0040165394
0.0044991062
-0.062381178
0.012579073
-0.058931391
-0.069091183
-0.065298364
-0.060911238
-0.058956358
-0.05814733
-0.062822193
0.0053935619
0.013285616
-0.069555569
0.021174783
-0.066088787
-0.051008327
-0.05062399
-0.040104735
-0.040720566
-0.042294217
-0.0512651
0.028931381
-0.069198087
0.036309203
-0.067753013
-0.066109285
-0.052194935
-0.057978399
-0.043920736
-0.0450294
-0.052919625
-0.058080482
0.020201362
0.027264877
-0.064449795
-0.061391027
-0.060783509
0.011461175
0.055645441
0.025727096
0.013952822
0.065938162
0.027641667
-0.0054488434
-0.000836841
-0.057764386
0.036924234
-0.05761315
-0.067252264
0.039570493
-0.067658208
0.0014303501
-0.0060883585
-0.0089985926
0.015445178
0.073727612
0.027362059
0.0041478517
0.00055921074
-0.07372881
0.039513691
-0.073764212
-0.00012734222
-0.010954352
0.056322767
0.046281512
0.06546426
0.050095498
0.002159227
-0.052496788
-0.052075935
-0.061603955
0.059285136
-0.061894533
0.0020441244
-0.051529735
-0.061747667
-0.012097996
-0.025987878
0.071474083
0.051119607
0.00081819892
-0.0677358
0.061466038
-0.068300954
0.0023715084
-0.012624294
-0.068287955
0.040509541
0.041878074
-0.050782121
-0.061119864
-0.039094229
0.042041755
-0.067692524
0.012885839
0.02181158
-0.074482574
0.031391714
-0.072408839
-0.028902769
-0.029825813
-0.018026262
-0.018700942
-0.019736555
-0.031568128
0.015831755
0.078671574
0.025005725
-0.0025959925
-0.00032303996
-0.07694933
0.036848585
-0.07587432
-0.0011960932
-0.0079717609
-0.0083097692
0.015124174
0.080503025
0.021067686
0.00093220895
0.00016245181
-0.076837992
0.032254428
-0.074271053
0.0024501545
-0.0078729505
0.074076125
0.049356507
-0.0036552133
-0.070496822
0.060947027
-0.071003578
-0.0064784204
-0.070916817
-0.0069105364
-0.020577723
0.073239047
0.045501604
0.0061274362
-0.069795633
0.058367383
-0.070055463
0.0099129692
-0.0057006603
-0.069764469
-0.020933295
0.041002804
0.049991657
-0.070290698
-0.03323648
0.039004997
-0.069067724
-0.034295417
0.056660876
0.066950689
0.0015878534
-0.051487064
0.072753574
-0.053343128
0.0010882059
-0.012724572
0.06324661
0.069926781
0.0038424307
-0.058633558
0.076013516
-0.059929305
0.0048728778
-0.012554263
0.046742451
0.07631683
0.00066609788
-0.04287552
0.077325616
-0.046205284
0.00031463186
-0.04952753
-0.012223732
-0.02806148
0.054382374
0.079410129
0.0053789249
-0.050826187
0.079990027
-0.052694765
0.0054662492
-0.011800878
-0.05461242
0.064041544
-0.052380959
-0.054412027
-0.041449698
-0.052030881
0.065943168
-0.056454472
-0.058062733
0.057749729
-0.063993002
0.063757218
-0.064433194
-0.064894225
-0.0345269
-0.045349855
-0.020740789
-0.020103243
-0.033968512
-0.044867198
0.066624022
0.070481538
-0.0088672304
-0.062807546
0.077262737
-0.063516273
-0.010428986
-0.0045043681
0.06658255
0.069180232
0.012984494
-0.063662099
0.076992048
-0.063882395
0.01494734
-0.0035298348
0.0593193
0.080989077
-0.011099038
-0.056349931
0.081683443
-0.056973896
-0.011036624
-0.057587219
-0.0029124526
-0.019221482
0.061085604
0.081461451
0.015747156
-0.058894591
0.082702342
-0.058642007
0.015561635
-0.0027094117
-0.05814821
-0.018328618
0.067611884
0.069047248
-0.058503242
-0.059802566
-0.03283775
-0.043759799
0.06894834
-0.058257026
-0.031446834
-0.05933487
-0.042319419
0.047290267
0.045263527
0.050687586
-0.049786598
0.049142363
-0.057407939
-0.060976614
0.043847598
0.048471794
-0.062689044
-0.060771069
0.052243761
0.051315021
-0.049985564
0.05174306
-0.055411288
-0.049343735
-0.055316868
-0.059709221
-0.06457335
0.051504147
0.052758192
-0.059286623
-0.057992922
-0.0600071
0.046215748
0.04331108
-0.047270185
-0.054202339
-0.044135173
-0.052258473
-0.066826852
-0.06673242
0.042300564
-0.060151201
-0.059701796
0.033583987
-0.065729577
0.038897429
-0.065958191
-0.065973678
-0.060824518
-0.061316218
-0.05822023
-0.058288332
-0.061371033
-0.062405066
0.042974359
0.048539761
-0.065349191
-0.053172022
0.04240935
0.049027403
-0.06510346
-0.052887644
0.052603466
0.054789643
-0.061395916
-0.063091554
-0.052161617
-0.058270909
0.054213974
-0.061369782
-0.051185093
-0.064098653
-0.058204989
0.042891871
0.045237601
-0.064653372
-0.065846276
-0.062290936
-0.064359053
0.044559989
-0.067120774
-0.063438274
-0.069984846
-0.066840185
0.0040615263
0.034317795
0.0069031237
0.04964635
0.0082695457
-0.0042124609
0.032116252
-0.0046203976
-0.006842895
0.048775427
-0.011861081
0.0041678335
-0.025919926
0.013019019
0.060489758
-0.0088683067
-0.012664985
0.059233739
-0.019737165
-0.0059976551
-0.023507154
0.0042977486
0.030231368
0.0075104507
0.04648494
0.00074950876
-0.0042194796
0.028531803
-0.009373035
-0.0088183036
0.042550331
-0.016080976
-0.0013875649
0.017944486
-0.035671632
-0.013766527
-0.044691308
-0.022345262
0.031938858
-0.020733838
-0.034554559
0.013465022
0.055562023
-0.003565639
-0.015270926
0.049442067
-0.023316
-0.001870738
-0.017931668
-0.04942084
-0.030095054
-0.030633588
0.042960781
0.048972721
0.037799686
-0.017165821
0.043125466
-0.027000229
0.043611159
-0.037629616
-0.039550251
-0.045928145
0.052230305
0.045722609
-0.035060693
-0.04126927
-0.040053287
0.060930355
-0.034488744
0.058516898
-0.039858245
-0.046466396
-0.034706586
-0.032109301
-0.043131633
0.021396513
0.067786837
0.0075960662
-0.020640572
0.065400714
-0.02779413
0.0056948509
-0.020648088
0.030840839
0.072515868
-0.0044948894
-0.029645082
0.068937108
-0.035628972
-0.0033693834
-0.018921682
0.021188845
0.06023846
0.0039412722
-0.022840062
0.0525226
-0.030520182
0.0024565829
0.016919184
-0.05151052
-0.036891501
0.028701541
-0.016962057
-0.029219212
0.02971362
0.062661449
-0.00216164
-0.030833056
0.054121395
-0.037396762
-0.00089482952
-0.014920436
-0.052413027
-0.042748744
-0.026324425
0.053811904
0.04678992
-0.041540396
0.038630976
-0.040144857
-0.039501379
0.05469477
0.04730763
-0.046667381
-0.03596085
-0.040496494
0.050368677
0.047127661
-0.053739219
-0.055857698
0.052063951
0.0492899
-0.056601456
-0.053528202
0.041969876
-0.052570308
0.034887712
-0.053568272
0.042064807
0.049896852
-0.029174908
-0.053700346
0.056916935
-0.051179363
-0.058927231
0.044367888
-0.042611118
-0.054949746
0.037319946
-0.056009689
-0.040308797
-0.048901854
-0.032405936
-0.056747106
-0.057044563
0.031831613
0.024967731
-0.053067015
0.062833558
-0.022698484
-0.051797999
0.067194249
-0.065593384
-0.070734219
0.035196783
0.028725289
-0.057152192
-0.064401099
-0.026580416
-0.057194998
-0.070403347
0.045631922
-0.060173905
0.043844687
-0.062080594
-0.063667776
-0.064629935
-0.069434394
-0.058124238
-0.058004223
-0.065628699
-0.07167907
0.054789922
-0.056494302
0.052401886
-0.058228236
-0.050167094
-0.040859266
-0.039620192
-0.049252589
0.047560727
-0.056244115
0.040359954
-0.057245085
0.038951463
0.048181379
-0.03641267
-0.058400096
0.05715536
-0.048449798
-0.05771686
-0.038687642
-0.037932002
-0.047579214
-0.057001982
0.039759621
0.03340501
-0.059599972
0.065495385
-0.031469223
-0.060667992
0.072542174
-0.066135629
-0.07309822
-0.065792138
-0.073236707
0.040130476
0.075610425
-4.6196915e-05
-0.038572348
0.071209809
-0.042814059
-0.00051885764
-0.011318532
0.048151997
0.077820158
0.0053401444
-0.046418668
0.073155151
-0.048892542
0.0052235615
-0.010783338
0.038122541
0.064410976
-0.0011867146
-0.038598866
0.055767539
-0.043675787
-0.0020830649
0.01230693
-0.053142215
-0.047678005
0.023778448
-0.010184898
-0.022655559
0.0455812
0.066423658
0.0052902189
-0.045517261
0.058207536
-0.049067753
0.0056152398
-0.0095049148
-0.054251861
-0.051638133
-0.021313518
0.055561572
0.047912041
-0.050627694
0.033459791
-0.041439289
-0.033218684
0.056765613
0.048909444
-0.053529879
-0.031261576
-0.043020067
0.067942004
-0.05417202
0.064321331
-0.05513725
-0.030113826
-0.01763077
-0.017257151
-0.029077794
0.054013475
0.079611874
-0.010517672
-0.052356658
0.075202923
-0.053398305
-0.0098382397
-0.0029051175
0.057121699
0.081124434
0.014692845
-0.055791237
0.077282303
-0.055892316
0.013471452
-0.003423604
0.051370234
0.068973423
-0.009235216
-0.05100044
0.061462806
-0.0532471
-0.0088262892
0.0069270424
-0.055865974
-0.054515862
0.019136048
-0.0041446609
-0.017222263
0.054919248
0.071741597
0.012177013
-0.054512823
0.064965976
-0.055857051
0.010974699
-0.0049211774
-0.057745992
-0.056123179
-0.017402326
0.058350187
0.05031864
-0.055390923
0.029444954
-0.045068271
-0.028426865
0.060101221
0.051926422
-0.056135213
-0.028047634
-0.047261666
-0.0015016172
0.0053354926
0.012143324
-0.044540775
-0.073316514
-0.068380714
0.0031098054
0.0079578912
0.013393449
-0.036690597
-0.064222475
0.019031545
0.026043428
-0.060581151
-0.060757734
-0.061153905
-0.059921584
0.01946505
0.026218865
-0.056201867
-0.059423297
-0.056919616
0.027502326
-0.061450542
-0.062771592
-0.056922798
-0.051881344
0.028711419
-0.058007315
-0.059556391
0.00090929931
0.01141366
-0.02741125
0.020817233
-0.029050856
-0.033645642
-0.047999821
-0.055134272
-0.057405903
-0.051707863
-0.060364218
-0.061056216
-0.060739907
-0.057891411
-0.052917368
0.0063339949
0.0095036907
0.013880377
-0.028339433
-0.063404315
-0.062777257
0.0075739008
0.0095843304
0.013342571
-0.02034239
-0.06181637
0.019403247
0.026085962
-0.049677444
-0.050987513
-0.060807708
-0.060050318
0.018680895
0.025555296
-0.041417736
-0.05998407
-0.043323536
-0.05942828
0.02935654
0.037186016
-0.052515385
-0.054304289
-0.057578819
-0.052911459
0.029264125
-0.045289034
-0.057122012
-0.047284199
-0.052524056
0.032717906
0.033043851
0.038597522
-0.069923844
0.039668971
-0.071414346
-0.059158593
0.033504841
0.040868268
-0.069829609
-0.060311202
0.043219383
0.045350564
0.04616354
-0.072251501
-0.071442805
0.049413983
-0.07528599
-0.073540306
-0.077898163
-0.062628297
-0.06210824
0.047557236
-0.061238637
-0.069705276
0.052651973
-0.074979277
-0.065668909
-0.078813694
0.050489871
0.052042263
-0.073572648
-0.078786039
-0.072221389
-0.077641317
-0.05936591
-0.054033731
0.05361173
-0.080528695
-0.079664903
0.044273249
-0.068926517
0.05035241
-0.071386106
-0.071951059
-0.056878256
-0.052190563
-0.059139095
-0.059273552
-0.056949865
-0.052030863
0.033750676
-0.060116324
0.041859526
-0.064992059
-0.059521525
0.03373732
-0.058450126
0.042605848
-0.056985677
-0.058090578
-0.059510729
0.049498646
-0.064527216
0.055531178
-0.07099535
-0.075885535
-0.05993433
-0.059762298
0.051114075
-0.058173741
-0.056004945
0.057958067
-0.063315094
-0.060670573
-0.069001878
-0.060420573
0.054967596
0.057595158
-0.078369937
-0.077877748
-0.057243893
-0.051952716
0.056060452
-0.072140365
-0.057555851
-0.072095959
-0.051765843
0.0063883596
0.0080658801
0.011850556
-0.013320039
-0.052210503
-0.056369506
0.0025023071
0.0050827841
0.0098331366
-0.0075849543
-0.059454362
0.01751203
-0.029471736
0.024935642
-0.031928317
-0.03440982
-0.061433862
-0.061380021
0.016527153
-0.0600723
-0.018652304
0.02497051
-0.021779894
-0.062293624
-0.024823195
0.028517216
-0.036772732
-0.038894211
-0.059420453
-0.054958854
0.02748921
-0.027523111
-0.029651394
-0.0019103156
0.0077385038
-0.0040829929
0.01732191
-0.0058072607
-0.0081422179
0.0049670534
0.0052822315
-0.0085768339
0.0079315925
-0.022573555
-0.028839443
-0.041770638
-0.035829013
-0.0086868068
0.0020366821
0.0038326404
-0.03642967
-0.047114203
-0.0032103706
0.015859316
-0.0063498966
-0.05732671
-0.054574692
-0.020831246
-0.0084810446
-0.049624827
-0.0042019998
0.0010007205
-0.002874017
0.0080458522
-0.0031161076
0.011787182
-0.0012006758
0.00047401138
-0.044653274
-0.051581825
-0.013698909
-0.0039630161
-0.0036803181
-0.052426463
-0.054796675
0.0039858636
0.0074898436
0.00040811297
-0.057127602
-0.058094948
-0.011192501
0.016749118
-0.0076993895
0.026810264
-0.01157151
-0.01519392
0.00066307591
-0.023050021
0.0046509473
-0.063348579
-0.065486148
-0.0036043589
0.01951933
-0.059072809
0.0028817899
0.031927795
-0.0018862865
-0.060260309
-0.066648791
-0.034794164
-0.0061424875
-0.070532555
0.026824877
0.036176584
-0.01816663
-0.020153431
0.0078046118
-0.031820198
0.0096525558
-0.064786686
-0.060669164
0.027345366
0.038158781
-0.0093163628
-0.070963453
-0.041558859
-0.010988848
-0.067185679
0.033814069
0.043439231
-0.046175061
-0.06207051
0.034748459
0.045068377
-0.033191318
-0.060889268
0.052671425
-0.044596286
0.060115801
-0.052248654
-0.058340164
-0.058980788
-0.059263538
0.054756796
-0.056505411
-0.031086478
0.06243476
-0.038400977
-0.056672303
-0.044330018
0.057054747
-0.061916398
-0.062337108
-0.056868676
-0.051405137
0.058315935
-0.047980096
-0.048778713
0.045164092
-0.024180059
0.053401921
-0.027910023
-0.029619151
0.010590685
-0.050009343
0.012108881
-0.072545718
-0.06860203
0.0074750505
0.048062353
-0.07195067
-0.0084639578
0.056711898
-0.011387547
-0.069779131
-0.069721677
-0.057057459
-0.012721683
-0.065250333
0.037685033
-0.0126997
0.048521938
-0.018886161
0.003127034
-0.045969782
-0.067568551
-0.0018890348
0.044042733
-0.060406376
0.00069763237
0.055032881
-0.0042576154
-0.059410372
-0.066040079
-0.055987288
0.058205484
-0.016506825
0.065514025
-0.022599536
-0.027595107
0.0051725795
-0.064164788
0.0089674689
-0.062392908
-0.064573648
0.00062542192
0.063983358
-0.057412032
-0.0020209603
0.070005952
-0.0058026995
-0.054790975
-0.057314805
-0.069793101
-0.0089021762
-0.057306328
0.060346296
0.065354564
-0.030779639
-0.03173756
0.0115334
-0.062503394
0.012627453
-0.063275951
-0.058095241
0.063670624
0.068437834
-0.010930375
-0.054414099
-0.066063472
-0.011716102
-0.048488365
0.013446768
0.079059242
0.016309486
0.00070665406
-9.4381502e-05
-0.073492513
0.026805738
-0.069482231
-0.0035329523
-0.010394599
-0.0092528092
0.011025676
0.074311463
0.011626835
-0.0021869725
0.00011369865
-0.067179229
0.021736774
-0.062173999
0.0043272932
-0.0077269865
0.069168937
0.040710588
-0.008017243
-0.06583684
0.054812304
-0.065802489
-0.012343482
-0.065250725
-0.005898544
-0.020235011
0.06227983
0.036299409
0.0091176689
-0.059075616
0.051493281
-0.05879694
0.013488373
-0.0039536359
-0.057978641
0.036452523
-0.064460114
-0.032590354
0.03380816
-0.057077528
0.011893127
0.014010895
-0.050323178
0.021198073
-0.048490138
-0.0330536
-0.03452337
-0.02285575
-0.023680074
-0.024150593
-0.035552683
0.0081715486
0.066394152
0.0078982753
0.0033793562
-0.00018924786
-0.058319133
0.018178894
-0.053040452
-0.0046984331
-0.012947372
-0.011766474
0.0052541588
0.055631845
0.0058213805
-0.0041595985
0.00026096225
-0.047465285
0.01689509
-0.04269997
0.0044926654
-0.010529192
0.053145451
0.033413893
-0.0092355969
-0.05014196
0.049400941
-0.049694014
-0.013128911
-0.048618702
-0.0090915555
-0.023896443
0.042436776
0.032710497
0.00819298
-0.039745067
0.048983071
-0.03914952
0.011113418
-0.007470127
-0.037805345
-0.022813586
0.031492824
0.043018284
-0.047584869
-0.035647121
0.029799743
-0.036600295
-0.034667347
0.063256451
0.066943107
-0.015749941
-0.061227312
0.075897023
-0.061067902
-0.017876969
-0.0021194393
0.057070522
0.064750086
0.016817817
-0.055853171
0.074645793
-0.055345797
0.018819585
-0.00061731784
0.05959976
0.081257772
-0.018681578
-0.058276303
0.083184386
-0.057471872
-0.018338414
-0.056065995
0.00037415742
-0.015590882
0.055111807
0.080691923
0.019470339
-0.054632881
0.083079153
-0.053433774
0.018930814
0.00074391835
-0.051261983
0.069807273
-0.055471401
-0.056366394
-0.028570533
-0.038947526
0.070037304
-0.050042278
-0.050747383
0.054066697
-0.045003472
0.063229801
-0.043607894
-0.043949319
-0.032765334
-0.041531981
-0.021035088
-0.018866972
-0.030311234
-0.039155359
0.048643431
0.063327938
-0.015967915
-0.048099831
0.073645438
-0.04716452
-0.017574679
-0.0057780524
0.038665644
0.062873822
0.013112687
-0.038598097
0.07285051
-0.0370757
0.014148776
-0.0041866613
0.048090468
0.079839562
-0.01795548
-0.048319366
0.082154525
-0.046695298
-0.017249565
-0.043866158
-0.0028885957
-0.016708637
0.039078023
0.078457423
0.014262363
-0.039771284
0.080035445
-0.037597221
0.013558076
-0.0020629004
-0.034245068
-0.014964212
0.069517963
0.072425766
-0.042098564
-0.042586178
-0.027803764
-0.03678732
0.068182548
-0.032056054
-0.025755356
-0.032317909
0.041864772
0.049553713
-0.061771444
-0.049244475
0.041114901
0.049800393
-0.05537529
-0.048270139
0.055866196
-0.058834971
-0.062556593
-0.047136787
-0.053472641
0.057146679
-0.053567335
-0.058146814
0.046693368
-0.066977752
-0.058156059
0.048750118
-0.063804792
0.032222519
-0.050053246
0.041516567
-0.054914099
-0.056177565
-0.052752601
-0.051299835
-0.055310132
0.040089331
0.049613923
-0.046205247
-0.048001906
0.038926086
0.049064604
-0.034840262
-0.046001087
0.057804031
-0.045618379
-0.050833083
-0.044131028
-0.050114139
0.057814527
-0.035392889
-0.040942907
0.050394372
-0.057461501
-0.054823521
0.051588633
-0.048166099
0.0089221034
0.0083777636
0.011773485
-0.026161219
-0.053675252
-0.053370959
0.0047385732
0.0054921672
0.009913648
-0.016458038
-0.051963809
0.018414944
-0.023974706
0.0275072
-0.024256962
-0.025405749
-0.049773248
-0.054213513
0.017351295
-0.044025414
-0.011329201
0.026995276
-0.011787632
-0.047168404
-0.01333965
0.013698126
-0.027223313
-0.057621686
0.012575823
-0.015732961
-0.003710336
-0.0010977543
-0.003873324
0.0046569135
-0.0031989384
0.014071583
-0.0059589835
0.0053110985
-0.058468328
-0.056348823
-0.01281524
-0.0070850876
-0.0051256209
-0.061525341
-0.05586626
0.0092768527
0.0047923275
0.0070615628
-0.051003959
-0.054682872
-0.0052554124
-0.00058637791
0.0025952024
-0.0054756282
0.0088548382
-0.0046855282
0.010124027
-0.0074081421
0.0031515232
-0.060601811
-0.05306823
-0.0064782926
-0.0071151278
0.00029764689
-0.055169316
-0.04777057
0.010401353
0.0091925637
0.010411226
-0.040619145
-0.046284419
-0.0061678668
0.017567344
0.0016519903
0.027931863
0.001015288
-0.00097504034
-0.0125897
-0.017288011
-0.01070705
-0.04053321
-0.04702561
-0.012983532
0.019662286
-0.034300947
0.014727413
0.030917914
0.013873217
-0.029450297
-0.036235147
-0.029402283
0.011353552
-0.04410254
0.013059495
0.023525406
-0.0040173559
-0.0075724946
-0.017215529
-0.053398353
0.016436954
0.02905595
0.0075098603
-0.052405583
-0.029932091
0.0026668498
0.042560148
0.0057491149
0.0044094505
-0.00023837206
-0.035271879
0.018040838
-0.031608815
-0.0035366917
-0.015149458
-0.014827788
0.00077905729
0.027935878
0.0075471447
-0.0040169283
1.0021553e-06
-0.022455283
0.020982903
-0.02000283
0.0016379441
-0.014498988
0.030850923
0.034089139
-0.0058251909
-0.028570141
0.049893817
-0.027734646
-0.0073510941
-0.026063241
-0.014003195
-0.026702454
0.019037432
0.036512345
0.0019764376
-0.017179928
0.050842948
-0.015879073
0.001796062
-0.01322722
-0.013776576
0.028825874
-0.02463021
-0.036520458
0.028425185
-0.01205564
0.0021615636
0.0089410653
-0.0068569987
0.018013914
-0.0061711628
0.0026216502
-0.0064286325
-0.0046249486
-0.045327276
-0.039871018
0.00048954662
-0.0054848067
0.0089756221
-0.031889016
-0.02939681
0.0074381379
0.018142695
0.0093386465
-0.026124879
-0.03396074
-0.013416205
-0.00012370287
0.012729534
0.010499427
0.0028756975
0.00059869835
-0.0097475586
0.024211107
-0.0078756784
0.001413568
-0.0017653756
-0.0041691057
-0.012287534
-0.016372607
-0.016594282
8.9382554e-05
-0.001908231
0.013367395
-0.00088296942
-0.0017291668
0.002156683
0.025312946
0.0049712388
-0.0058406984
-0.016838775
-0.022464141
0.0075279524
0.037924681
0.0035064389
-0.0059310868
0.049543724
-0.0038448055
0.0055748503
-0.0012019898
-0.0064544657
-0.031759133
-0.0095402913
-0.017073817
-0.022846521
-0.0033248401
0.035182229
-0.010778514
0.005087576
0.04263642
0.0082774632
-0.014783656
-0.017117909
-0.039752506
0.011501047
-0.02009538
0.028201185
0.038420345
0.00084041004
-0.011883226
-0.023240415
-0.028454614
0.027503251
0.036493588
0.013850246
-0.024079432
-0.033396465
0.027771804
0.062857743
-0.0082822147
-0.027906576
0.07164427
-0.025660415
-0.0087267633
-0.012133051
0.016425889
0.061924124
0.0015898316
-0.016388946
0.068801712
-0.013464538
0.0016123804
-0.01077339
0.028543589
0.07595494
-0.0087527522
-0.029366705
0.076263078
-0.026609557
-0.0084037071
-0.022995404
-0.0092843341
-0.018611388
0.016761405
0.07141451
0.0019348354
-0.017314303
0.070357369
-0.014275583
0.0024946478
-0.0078607576
-0.010906064
0.066019575
-0.020624405
-0.02071718
-0.026704384
-0.03402974
0.063052393
-0.0087687146
-0.0088559124
0.047611919
0.0024956273
0.054817168
0.0047935197
0.0050925048
-0.015000445
-0.042992186
-0.015472922
-0.021353885
-0.026589114
-0.013003885
0.044467763
-0.018163895
0.013735418
0.050754968
0.015091046
-0.017118435
-0.020479408
-0.051028876
0.015052514
-0.025942211
0.0048320813
0.057879616
0.0068135932
-0.0041258552
0.062515958
-0.00095066492
0.0068469778
-0.010078481
-0.046109744
-0.01674238
-0.0071231058
0.047645591
-0.016784258
0.0091354104
0.050396354
0.011507417
-0.016330819
-0.015773953
-0.050580967
0.0037295728
0.063641867
0.0056451503
-0.0035836299
0.061867482
-0.0011569247
0.0034425696
0.0011008935
-0.012271309
-0.053009657
-0.013449408
-0.01416214
-0.016838459
-0.010868894
0.051201163
-0.013499582
0.012118873
0.050410849
0.012182621
-0.0087847571
-0.012004133
-0.053336544
0.012042674
-0.017077878
0.059305167
0.060679035
0.0023647419
0.0019823503
-0.01394583
-0.056555755
-0.013355812
-0.021296456
-0.027343326
0.054756315
0.056049613
0.011543391
-0.023336577
-0.058854768
0.010413411
-0.030267266
0.037975865
0.048452636
-0.022121677
-0.044541994
0.037757877
0.048262637
-0.0090864728
-0.042302567
0.057397028
0.063353989
-0.023666094
-0.029188542
-0.040800336
-0.046984897
0.056977982
0.062490784
-0.011540883
-0.04024402
-0.016626925
0.052628079
-0.036518052
-0.052348079
0.054114854
-0.023461723
0.035182549
-0.00089538495
0.046799706
-0.0064236351
-0.0068903863
-0.042539342
-0.051619272
-0.011181695
0.041641239
-0.042383781
0.0101526
0.052996347
0.0057307811
-0.041915346
-0.050984246
-0.05399348
0.038877219
0.049078649
0.0031268797
-0.01417018
-0.041438133
-0.03376422
0.041922133
0.051478908
0.013381417
-0.033278107
-0.052138888
0.057117189
0.06174896
-0.00035668859
-0.0045688898
-0.011450607
-0.060235843
-0.0082544438
-0.034632451
-0.042605533
0.058411319
0.061789234
0.008430212
-0.037401618
-0.064679728
0.0055435114
-0.04424335
0.056881723
0.063924893
-0.010199241
-0.0040591497
-0.063184334
-0.050500448
0.061883112
0.067226195
0.0019311045
-0.050238518
-0.069095238
0.057207382
0.082188185
-0.017144736
-0.056384635
0.07892137
-0.05600875
-0.015436776
0.00046131353
0.054291875
0.082408375
0.017472208
-0.054042015
0.079430372
-0.053502295
0.015411551
-0.00042172795
0.055833475
0.073988088
-0.013518608
-0.055605769
0.067783277
-0.056533867
-0.011601743
0.0037248128
-0.059390393
-0.056209892
0.016214498
-0.0017789203
-0.014446755
0.053904041
0.074807034
0.013054731
-0.053958345
0.068902478
-0.054947131
0.010643805
-0.0034274294
-0.060164205
-0.054491663
-0.015617695
0.061623866
0.053352421
-0.055604425
0.027080088
-0.049188653
-0.025715205
0.0624371
0.054124857
-0.053579305
-0.02653846
-0.050410954
0.07191299
-0.046523888
0.068297255
-0.045158982
-0.02456616
-0.013954388
-0.013845675
-0.024420865
0.048603269
0.081295979
-0.015681949
-0.04885937
0.078134106
-0.048286542
-0.013521174
-0.0018427696
0.040462588
0.078415902
0.012186015
-0.041045732
0.074602014
-0.040454389
0.010323531
-0.0022886795
0.049096659
0.073421594
-0.011039787
-0.049412353
0.067540245
-0.050849316
-0.0084740502
0.0039427602
-0.059456766
-0.050694327
0.015596892
-0.0033745643
-0.014616698
0.041519462
0.069455238
0.0081560236
-0.041990384
0.063407976
-0.044125462
0.0058550895
-0.0049948598
-0.0568617
-0.044614363
-0.01607254
0.062082996
0.05377298
-0.049816833
0.026416812
-0.050533713
-0.025242534
0.060247932
0.051943967
-0.044107602
-0.026719089
-0.049291
0.065276105
0.062791904
-0.029774046
-0.04066042
0.063834847
0.06075046
-0.019257326
-0.041917964
0.056308847
-0.035978271
0.046904255
-0.035685357
0.037113611
0.04529915
-0.048746576
-0.035857178
0.051624932
-0.043804826
-0.049243956
0.053767327
-0.036249424
-0.027001482
0.044076316
-0.027064147
-0.038410397
-0.046131917
-0.046882973
-0.027234452
-0.051363018
0.059697164
0.05119634
-0.036533889
0.055768524
-0.053196478
-0.037451534
0.057492133
-0.052310285
-0.052908691
0.059431891
0.050417003
-0.027607865
-0.053830373
-0.05356066
-0.028038056
-0.053531549
0.066764321
-0.01133493
0.064891203
-0.014593563
-0.018237513
0.00055750456
-0.070977739
0.0034392774
-0.05034098
-0.05210383
-0.0021747644
0.068325202
-0.046569617
-0.001597331
0.065009467
-0.0032692233
-0.049376734
-0.051007131
-0.068495166
-0.0048408204
-0.049974468
0.062199884
-0.0071847858
0.058377177
-0.008837445
-0.0045295444
-0.064868531
-0.041011618
-0.0064576295
0.06114118
-0.033996028
0.0019209974
0.056579333
0.00011360985
-0.037869158
-0.044942083
-0.060796226
0.050912489
-0.016927398
0.041020355
-0.017690158
0.040852259
0.048428083
-0.044627215
-0.018066797
0.052651202
0.0043620621
-0.053064488
0.0054577305
-0.04891393
-0.052592836
0.0026453002
0.04879036
-0.041521705
-0.0067209968
0.038890061
-0.0084718863
-0.045008243
-0.052972269
-0.042742146
-0.0091058648
-0.05630138
0.05861265
0.048979447
-0.018154231
0.053309065
-0.053014027
-0.017948669
0.050693491
0.0060399319
-0.061790519
0.0061969322
-0.052461266
-0.048967199
0.057679248
0.047208191
-0.0087101429
-0.054903365
-0.051450771
-0.0074916932
-0.04947544
0.030167059
0.073517414
-0.0077098934
-0.030838091
0.068822996
-0.030276239
-0.0066957684
-0.006720084
0.017895377
0.066617509
0.0031374683
-0.018428756
0.061286491
-0.018179537
0.0036535282
-0.0060630073
0.031376481
0.063118291
-0.0053852409
-0.031890153
0.056877686
-0.034834955
-0.0038067083
0.0061280246
-0.05235921
-0.036192408
0.016896559
-0.0060436735
-0.016664522
0.018918528
0.055266907
0.003814021
-0.01945682
0.049005449
-0.023240313
0.003414282
-0.0067539084
-0.046461636
-0.025591958
-0.017855484
0.056889559
0.048547611
-0.036356797
0.027470743
-0.046652857
-0.027001541
0.052354887
0.043917906
-0.026687159
-0.028730532
-0.042952995
0.058916462
-0.0054613029
0.054330753
-0.0061787139
-0.0080818211
-0.057601565
-0.025974565
-0.0096126576
0.054471626
-0.017552438
0.0064694736
0.050157734
0.0039816516
-0.018047013
-0.028644879
-0.052952298
0.0036520278
0.058025127
0.00066328095
-0.003922707
0.052958617
-0.004721345
-0.0021510327
-0.011198257
-0.051593558
-0.0095365637
-0.012740654
0.048335551
-0.0029859211
0.012658958
0.04518199
0.0094386147
0.0029129857
-0.0071057109
-0.047892851
0.0044081568
0.047318175
-0.0044193062
-0.005146371
0.041384677
-0.00981405
-0.0056167119
0.0062356281
-0.040273888
-0.013267397
0.018686239
-0.00717984
-0.042423821
-0.0030884037
-0.0051134204
-0.018509657
-0.011878407
0.041016953
0.0078823171
0.010494412
0.035767591
0.0048179261
0.011013397
-0.0039389693
-0.035474692
7.2469675e-06
-0.019095368
0.047465013
0.038964446
-0.015555261
0.030604053
-0.039026763
0.00019077075
-0.045529737
-0.031047441
0.04353619
0.03529261
-0.0038689117
-0.033264375
-0.036318016
0.04704339
0.051226434
0.045593004
-0.069664937
0.050354374
-0.071883221
-0.06886703
0.055281823
0.054860375
-0.070913833
-0.071626295
0.041737513
0.046683854
0.035629729
-0.06341469
0.04046847
-0.062790644
0.077172088
-0.035130857
-0.064211288
-0.039184102
-0.063791783
0.078737947
-0.073415944
-0.074188096
0.051258862
0.044859057
-0.059644385
-0.073836986
-0.043049649
-0.060570616
-0.07447371
0.041941374
0.04471597
0.035254956
-0.064141985
0.03797181
-0.063756602
0.076277092
-0.036070204
-0.063122941
-0.037041529
-0.06258482
0.069323517
-0.071244627
-0.064279962
0.047584304
0.040793492
-0.06036093
-0.07123611
-0.038427492
-0.058928732
-0.063841491
0.057804789
-0.070088791
0.055409143
-0.071332113
-0.069945346
-0.057666703
-0.051291496
-0.061019572
-0.061363885
-0.057431148
-0.05044986
0.058876551
0.058818288
-0.066608167
-0.061527409
0.061899755
0.062126085
-0.059093442
-0.062295219
0.055225286
0.048604432
-0.054243673
0.068884552
-0.046640785
-0.054931289
0.068305797
-0.06279905
-0.061350897
0.05850317
0.05162661
-0.046952694
-0.062933327
-0.049930305
-0.047336317
-0.060995349
0.050558789
0.043757504
-0.054461
0.064186691
-0.040385698
-0.052770998
0.056450415
-0.056835582
-0.04931133
0.053683317
0.046886011
-0.046620816
-0.056013096
-0.042969913
-0.044769757
-0.048105398
0.064458515
0.064839305
-0.048737269
-0.054346705
0.066826961
0.067097461
-0.036071005
-0.052382307
0.061113426
0.053900639
-0.038165622
0.056665823
-0.052859758
-0.038221398
0.053287583
-0.051094826
-0.047053811
0.063086152
0.055357143
-0.02823443
-0.050702896
-0.055234418
-0.027898026
-0.045743712
0.056943547
0.050094177
-0.037322537
0.047498167
-0.046064804
-0.035463717
0.03959333
-0.041072237
-0.033512361
0.060171738
0.053105177
-0.026854501
-0.039126697
-0.04934917
-0.025153921
-0.031323085
0.067780745
-0.02433742
0.067089047
-0.025689247
-0.025527326
0.0095653646
-0.067383456
0.0099697271
-0.04456743
-0.037949113
0.0082553224
0.070491191
-0.049205753
-0.0070930859
0.069342275
-0.0075204263
-0.041560352
-0.035192277
-0.066066615
-0.0074726811
-0.027973892
0.069357192
0.069022375
-0.021691224
0.0061251434
-0.072217013
-0.051735568
0.072366751
0.070605259
-0.0061679841
-0.046657403
-0.070922909
0.064349424
0.055773947
-0.017401605
0.045501437
-0.056628108
-0.016484702
0.038634763
0.0060080337
-0.065620725
0.0055637182
-0.042971511
-0.035518014
0.064617029
0.054676919
-0.0057620832
-0.041304004
-0.056307419
-0.0038942812
-0.03191669
0.062962057
0.055381442
-0.015244237
0.030975221
-0.052272814
-0.013833818
0.023203875
0.0049844853
-0.061721623
0.0044305163
-0.027581944
-0.019875521
0.064604864
0.056073977
-0.00226453
-0.022708441
-0.054035975
-0.0011963217
-0.014651694
